0.000000000000000000e+00 -5.841903269187055932e-19
1.000000000000000021e-02 6.096961255193032692e-05
2.000000000000000042e-02 1.216605201719412032e-04
2.999999999999999889e-02 1.817964165824015690e-04
4.000000000000000083e-02 2.411057560337631579e-04
5.000000000000000278e-02 2.993240459604432514e-04
5.999999999999999778e-02 3.561960368682440562e-04
7.000000000000000666e-02 4.114777790331215312e-04
8.000000000000000167e-02 4.649385186998260646e-04
8.999999999999999667e-02 5.163624101420754946e-04
1.000000000000000056e-01 5.655500240565962920e-04
1.100000000000000006e-01 6.123196371761518509e-04
1.199999999999999956e-01 6.565082925587023988e-04
1.300000000000000044e-01 6.979726246040217612e-04
1.400000000000000133e-01 7.365894473314478757e-04
1.499999999999999944e-01 7.722561087054658803e-04
1.600000000000000033e-01 8.048906177151886245e-04
1.700000000000000122e-01 8.344315544175049141e-04
1.799999999999999933e-01 8.608377761766817767e-04
1.900000000000000022e-01 8.840879358369757102e-04
2.000000000000000111e-01 9.041798295264133435e-04
2.099999999999999922e-01 9.211295932108586049e-04
2.200000000000000011e-01 9.349707680120338807e-04
2.300000000000000100e-01 9.457532547054505476e-04
2.399999999999999911e-01 9.535421777638997771e-04
2.500000000000000000e-01 9.584166788638407049e-04
2.600000000000000089e-01 9.604686589836558585e-04
2.700000000000000178e-01 9.598014871497532975e-04
2.800000000000000266e-01 9.565286925964116465e-04
2.899999999999999800e-01 9.507726556540075508e-04
2.999999999999999889e-01 9.426633111175889909e-04
3.099999999999999978e-01 9.323368762390773622e-04
3.200000000000000067e-01 9.199346138571598379e-04
3.300000000000000155e-01 9.056016395830451815e-04
3.400000000000000244e-01 8.894857804247691601e-04
3.500000000000000333e-01 8.717364907762201361e-04
3.599999999999999867e-01 8.525038303544482925e-04
3.699999999999999956e-01 8.319375074335042192e-04
3.800000000000000044e-01 8.101859896240381489e-04
3.900000000000000133e-01 7.873956834730684844e-04
4.000000000000000222e-01 7.637101833195007652e-04
4.100000000000000311e-01 7.392695891141727810e-04
4.199999999999999845e-01 7.142098923395591697e-04
4.299999999999999933e-01 6.886624286691684542e-04
4.400000000000000022e-01 6.627533956331539255e-04
4.500000000000000111e-01 6.366034332877650590e-04
4.600000000000000200e-01 6.103272656500345486e-04
4.700000000000000289e-01 5.840334006232648922e-04
4.799999999999999822e-01 5.578238859410063633e-04
4.899999999999999911e-01 5.317941186909401442e-04
5.000000000000000000e-01 5.060327061432111882e-04
5.100000000000000089e-01 4.806213753030379740e-04
5.200000000000000178e-01 4.556349291099904501e-04
5.300000000000000266e-01 4.311412468396141353e-04
5.400000000000000355e-01 4.072013264878905354e-04
5.500000000000000444e-01 3.838693670771730813e-04
5.600000000000000533e-01 3.611928893528339245e-04
5.700000000000000622e-01 3.392128907379768983e-04
5.799999999999999600e-01 3.179640342678857366e-04
5.899999999999999689e-01 2.974748700692826176e-04
5.999999999999999778e-01 2.777680835465004073e-04
6.099999999999999867e-01 2.588607706010173756e-04
6.199999999999999956e-01 2.407647255112010845e-04
6.300000000000000044e-01 2.234867912040522885e-04
6.400000000000000133e-01 2.070291444812255805e-04
6.500000000000000222e-01 1.913896712530783291e-04
6.600000000000000311e-01 1.765624299065471370e-04
6.700000000000000400e-01 1.625375756792952282e-04
6.800000000000000488e-01 1.493032962551539436e-04
6.900000000000000577e-01 1.368334894381224322e-04
7.000000000000000666e-01 1.251926564020990876e-04
7.099999999999999645e-01 1.145373182078153674e-04
7.199999999999999734e-01 1.042653982172617291e-04
7.299999999999999822e-01 9.464910836573265512e-05
7.399999999999999911e-01 8.570378659013523301e-05
7.500000000000000000e-01 7.740188552140250193e-05
7.600000000000000089e-01 6.973285197828890550e-05
7.700000000000000178e-01 6.255863185922105256e-05
7.800000000000000266e-01 5.910883389636198030e-05
7.900000000000000355e-01 5.526467719630392083e-05
8.000000000000000444e-01 6.696290847870472649e-05
8.100000000000000533e-01 5.942619689111455376e-05
8.200000000000000622e-01 5.256532743847509940e-05
8.300000000000000711e-01 4.633918772680093302e-05
8.399999999999999689e-01 4.069905855956178594e-05
8.499999999999999778e-01 3.787404788548732028e-05
8.599999999999999867e-01 6.225069217823163761e-05
8.699999999999999956e-01 5.405657978513319164e-05
