20000	0	6267
20000	0.05	5327
20000	0.1	4598
20000	0.15	3966
20000	0.2	3486
20000	0.25	3075
20000	0.3	2604
20000	0.35	2449
20000	0.4	2261
20000	0.45	2020
20000	0.5	1864
20000	0.55	1675
20000	0.6	1609
20000	0.65	1460
20000	0.7	1346
20000	0.75	1294
20000	0.8	1192
20000	0.85	1155
20000	0.9	1123
20000	0.95	1088
20000	1	986
20000	1.05	1063
20000	1.1	1049
20000	1.15	1041
20000	1.2	990
20000	1.25	1012
20000	1.3	1015
20000	1.35	898
20000	1.4	995
20000	1.45	944
20000	1.5	1022
20000	1.55	1007
20000	1.6	1024
20000	1.65	1062
20000	1.7	1107
20000	1.75	1060
20000	1.8	1147
20000	1.85	1181
20000	1.9	1237
20000	1.95	1270
20000	2	1292
20000	2.05	1323
20000	2.1	1399
20000	2.15	1480
20000	2.2	1525
20000	2.25	1647
20000	2.3	1753
20000	2.35	1763
20000	2.4	1945
20000	2.45	2010
20000	2.5	2109
20000	2.55	2114
20000	2.6	2387
20000	2.65	2440
20000	2.7	2560
20000	2.75	2650
20000	2.8	2781
20000	2.85	2929
20000	2.9	3133
20000	2.95	3021
20000	3	3287
20000	3.05	3320
20000	3.1	3415
20000	3.15	3533
20000	3.2	3641
20000	3.25	3702
20000	3.3	3756
20000	3.35	3809
20000	3.4	3979
20000	3.45	4057
20000	3.5	4009
20000	3.55	3978
20000	3.6	4200
20000	3.65	4182
20000	3.7	4161
20000	3.75	4236
20000	3.8	4295
20000	3.85	4230
20000	3.9	4359
20000	3.95	4325
20000	4	4342
20000	4.05	4351
20000	4.1	4268
20000	4.15	4155
20000	4.2	4177
20000	4.25	4327
20000	4.3	4108
20000	4.35	4010
20000	4.4	4024
20000	4.45	3765
20000	4.5	3757
20000	4.55	3601
20000	4.6	3442
20000	4.65	3164
20000	4.7	3101
20000	4.75	2828
20000	4.8	2624
20000	4.85	2362
20000	4.9	2087
20000	4.95	1959
20000	5	1707
20000	5.05	1565
20000	5.1	1347
20000	5.15	1216
20000	5.2	1043
20000	5.25	926
20000	5.3	847
20000	5.35	778
20000	5.4	650
20000	5.45	578
20000	5.5	535
20000	5.55	488
20000	5.6	419
20000	5.65	379
20000	5.7	354
20000	5.75	314
20000	5.8	268
20000	5.85	243
20000	5.9	263
20000	5.95	195
20000	6	188
20000	6.05	182
20000	6.1	147
20000	6.15	177
20000	6.2	155
20000	6.25	149
20000	6.3	144
20000	6.35	131
20000	6.4	119
20000	6.45	129
20000	6.5	103
20000	6.55	92
20000	6.6	110
20000	6.65	84
20000	6.7	96
20000	6.75	89
20000	6.8	79
20000	6.85	102
20000	6.9	101
20000	6.95	70
20000	7	71
20000	7.05	82
20000	7.1	84
20000	7.15	73
20000	7.2	94
20000	7.25	105
20000	7.3	82
20000	7.35	105
20000	7.4	96
20000	7.45	74
20000	7.5	106
20000	7.55	79
20000	7.6	88
20000	7.65	98
20000	7.7	89
20000	7.75	102
20000	7.8	95
20000	7.85	104
20000	7.9	138
20000	7.95	158
20000	8	2218
20000	8.05	20208
20000	8.1	45154
20000	8.15	69157
20000	8.2	87901
20000	8.25	102734
20000	8.3	113277
20000	8.35	120851
20000	8.4	126273
20000	8.45	129911
20000	8.5	131559
20000	8.55	132146
20000	8.6	132043
20000	8.65	130999
20000	8.7	129536
20000	8.75	127115
20000	8.8	125292
20000	8.85	121373
20000	8.9	117371
20000	8.95	112718
20000	9	107396
20000	9.05	101625
20000	9.1	94608
20000	9.15	88018
20000	9.2	80654
20000	9.25	73020
20000	9.3	64828
20000	9.35	57485
20000	9.4	49975
20000	9.45	43196
20000	9.5	36537
20000	9.55	30352
20000	9.6	25686
20000	9.65	21400
20000	9.7	17876
20000	9.75	14729
20000	9.8	12173
20000	9.85	10102
20000	9.9	8426
20000	9.95	7249
20000	10	6129
20000	10.05	5405
20000	10.1	4523
20000	10.15	3883
20000	10.2	3515
20000	10.25	3032
20000	10.3	2612
20000	10.35	2374
20000	10.4	2171
20000	10.45	1994
20000	10.5	1815
20000	10.55	1674
20000	10.6	1510
20000	10.65	1461
20000	10.7	1383
20000	10.75	1284
20000	10.8	1227
20000	10.85	1141
20000	10.9	1151
20000	10.95	1131
20000	11	1112
20000	11.05	1040
20000	11.1	1017
20000	11.15	1007
20000	11.2	935
20000	11.25	912
20000	11.3	935
20000	11.35	915
20000	11.4	971
20000	11.45	933
20000	11.5	954
20000	11.55	972
20000	11.6	977
20000	11.65	1018
20000	11.7	1066
20000	11.75	1035
20000	11.8	1120
20000	11.85	1101
20000	11.9	1177
20000	11.95	1221
20000	12	1309
20000	12.05	1256
20000	12.1	1392
20000	12.15	1507
20000	12.2	1503
20000	12.25	1558
20000	12.3	1635
20000	12.35	1768
20000	12.4	1864
20000	12.45	2008
20000	12.5	2067
20000	12.55	2020
20000	12.6	2237
20000	12.65	2439
20000	12.7	2464
20000	12.75	2651
20000	12.8	2782
20000	12.85	2810
20000	12.9	2887
20000	12.95	3062
20000	13	3167
20000	13.05	3193
20000	13.1	3300
20000	13.15	3414
20000	13.2	3638
20000	13.25	3587
20000	13.3	3646
20000	13.35	3806
20000	13.4	3870
20000	13.45	3889
20000	13.5	3886
20000	13.55	4036
20000	13.6	4138
20000	13.65	4065
20000	13.7	4100
20000	13.75	4110
20000	13.8	4088
20000	13.85	4342
20000	13.9	4113
20000	13.95	4303
20000	14	4307
20000	14.05	4229
20000	14.1	4132
20000	14.15	4117
20000	14.2	4184
20000	14.25	4167
20000	14.3	4038
20000	14.35	4054
20000	14.4	3950
20000	14.45	3797
20000	14.5	3679
20000	14.55	3428
20000	14.6	3382
20000	14.65	3174
20000	14.7	2984
20000	14.75	2723
20000	14.8	2532
20000	14.85	2260
20000	14.9	2165
20000	14.95	1857
20000	15	1700
20000	15.05	1567
20000	15.1	1365
20000	15.15	1205
20000	15.2	1110
20000	15.25	977
20000	15.3	825
20000	15.35	720
20000	15.4	654
20000	15.45	578
20000	15.5	529
20000	15.55	448
20000	15.6	387
20000	15.65	343
20000	15.7	319
20000	15.75	330
20000	15.8	281
20000	15.85	264
20000	15.9	217
20000	15.95	229
20000	16	200
20000	16.05	201
20000	16.1	171
20000	16.15	176
20000	16.2	150
20000	16.25	128
20000	16.3	129
20000	16.35	128
20000	16.4	128
20000	16.45	121
20000	16.5	98
20000	16.55	104
20000	16.6	105
20000	16.65	115
20000	16.7	91
20000	16.75	110
20000	16.8	84
20000	16.85	103
20000	16.9	92
20000	16.95	97
20000	17	83
20000	17.05	76
20000	17.1	76
20000	17.15	68
20000	17.2	78
20000	17.25	98
20000	17.3	90
20000	17.35	73
20000	17.4	82
20000	17.45	67
20000	17.5	72
20000	17.55	83
20000	17.6	101
20000	17.65	88
20000	17.7	94
20000	17.75	85
20000	17.8	103
20000	17.85	141
20000	17.9	129
20000	17.95	119
20000	18	2107
20000	18.05	20382
20000	18.1	45957
20000	18.15	69438
20000	18.2	89001
20000	18.25	103319
20000	18.3	113814
20000	18.35	122100
20000	18.4	126677
20000	18.45	130518
20000	18.5	133017
20000	18.55	133503
20000	18.6	133219
20000	18.65	132202
20000	18.7	130111
20000	18.75	128320
20000	18.8	125047
20000	18.85	121254
20000	18.9	118229
20000	18.95	113063
20000	19	108345
20000	19.05	102406
20000	19.1	96087
20000	19.15	88060
20000	19.2	80968
20000	19.25	73438
20000	19.3	65734
20000	19.35	57780
20000	19.4	49915
20000	19.45	43264
20000	19.5	36632
20000	19.55	30828
20000	19.6	26076
20000	19.65	21292
20000	19.7	18004
20000	19.75	14607
20000	19.8	12220
20000	19.85	10192
20000	19.9	8556
20000	19.95	7255
20000	20	5997
20000	20.05	5290
20000	20.1	4629
20000	20.15	4010
20000	20.2	3478
20000	20.25	3064
20000	20.3	2764
20000	20.35	2367
20000	20.4	2242
20000	20.45	2040
20000	20.5	1857
20000	20.55	1732
20000	20.6	1520
20000	20.65	1565
20000	20.7	1378
20000	20.75	1314
20000	20.8	1284
20000	20.85	1212
20000	20.9	1198
20000	20.95	1070
20000	21	1056
20000	21.05	1033
20000	21.1	1056
20000	21.15	978
20000	21.2	967
20000	21.25	995
20000	21.3	998
20000	21.35	954
20000	21.4	911
20000	21.45	913
20000	21.5	1076
20000	21.55	1001
20000	21.6	1025
20000	21.65	1013
20000	21.7	1069
20000	21.75	1135
20000	21.8	1089
20000	21.85	1110
20000	21.9	1219
20000	21.95	1319
20000	22	1263
20000	22.05	1287
20000	22.1	1422
20000	22.15	1455
20000	22.2	1471
20000	22.25	1670
20000	22.3	1691
20000	22.35	1805
20000	22.4	1832
20000	22.45	2032
20000	22.5	2121
20000	22.55	2296
20000	22.6	2374
20000	22.65	2455
20000	22.7	2473
20000	22.75	2765
20000	22.8	2786
20000	22.85	2923
20000	22.9	3133
20000	22.95	3110
20000	23	3351
20000	23.05	3444
20000	23.1	3507
20000	23.15	3601
20000	23.2	3653
20000	23.25	3822
20000	23.3	3934
20000	23.35	3923
20000	23.4	3968
20000	23.45	4186
20000	23.5	3991
20000	23.55	4174
20000	23.6	4353
20000	23.65	4300
20000	23.7	4391
20000	23.75	4318
20000	23.8	4360
20000	23.85	4395
20000	23.9	4195
20000	23.95	4329
20000	24	4440
20000	24.05	4413
20000	24.1	4452
20000	24.15	4325
20000	24.2	4387
20000	24.25	4302
20000	24.3	4242
20000	24.35	4270
20000	24.4	4010
20000	24.45	3974
20000	24.5	3816
20000	24.55	3561
20000	24.6	3396
20000	24.65	3314
20000	24.7	3124
20000	24.75	2869
20000	24.8	2680
20000	24.85	2444
20000	24.9	2283
20000	24.95	1927
20000	25	1778
20000	25.05	1571
20000	25.1	1393
20000	25.15	1223
20000	25.2	1080
20000	25.25	989
20000	25.3	899
20000	25.35	701
20000	25.4	655
20000	25.45	618
20000	25.5	511
20000	25.55	476
20000	25.6	435
20000	25.65	370
20000	25.7	320
20000	25.75	306
20000	25.8	314
20000	25.85	282
20000	25.9	222
20000	25.95	210
20000	26	190
20000	26.05	202
20000	26.1	160
20000	26.15	170
20000	26.2	163
20000	26.25	122
20000	26.3	153
20000	26.35	140
20000	26.4	125
20000	26.45	132
20000	26.5	119
20000	26.55	102
20000	26.6	102
20000	26.65	96
20000	26.7	115
20000	26.75	92
20000	26.8	106
20000	26.85	99
20000	26.9	90
20000	26.95	75
20000	27	93
20000	27.05	84
20000	27.1	92
20000	27.15	86
20000	27.2	71
20000	27.25	73
20000	27.3	74
20000	27.35	88
20000	27.4	90
20000	27.45	85
20000	27.5	110
20000	27.55	88
20000	27.6	96
20000	27.65	103
20000	27.7	96
20000	27.75	105
20000	27.8	103
20000	27.85	94
20000	27.9	137
20000	27.95	156
20000	28	2213
20000	28.05	20229
20000	28.1	46046
20000	28.15	69699
20000	28.2	89374
20000	28.25	105075
20000	28.3	115451
20000	28.35	123555
20000	28.4	129605
20000	28.45	132797
20000	28.5	134676
20000	28.55	135014
20000	28.6	135445
20000	28.65	134291
20000	28.7	132287
20000	28.75	130490
20000	28.8	127252
20000	28.85	123684
20000	28.9	120072
20000	28.95	115168
20000	29	110038
20000	29.05	104265
20000	29.1	97238
20000	29.15	89914
20000	29.2	82906
20000	29.25	74836
20000	29.3	66707
20000	29.35	59017
20000	29.4	51234
20000	29.45	44144
20000	29.5	37582
20000	29.55	31721
20000	29.6	26321
20000	29.65	21953
20000	29.7	18125
20000	29.75	15082
20000	29.8	12467
20000	29.85	10339
20000	29.9	8690
20000	29.95	7416
40000	0	6542
40000	0.05	5454
40000	0.1	4858
40000	0.15	4098
40000	0.2	3578
40000	0.25	3145
40000	0.3	2872
40000	0.35	2499
40000	0.4	2302
40000	0.45	2170
40000	0.5	1990
40000	0.55	1856
40000	0.6	1721
40000	0.65	1535
40000	0.7	1441
40000	0.75	1421
40000	0.8	1270
40000	0.85	1229
40000	0.9	1203
40000	0.95	1229
40000	1	1130
40000	1.05	1097
40000	1.1	1018
40000	1.15	1054
40000	1.2	1042
40000	1.25	1053
40000	1.3	1026
40000	1.35	1014
40000	1.4	1042
40000	1.45	987
40000	1.5	997
40000	1.55	1048
40000	1.6	1092
40000	1.65	1127
40000	1.7	1126
40000	1.75	1114
40000	1.8	1174
40000	1.85	1174
40000	1.9	1297
40000	1.95	1303
40000	2	1376
40000	2.05	1367
40000	2.1	1419
40000	2.15	1539
40000	2.2	1584
40000	2.25	1680
40000	2.3	1823
40000	2.35	1891
40000	2.4	1993
40000	2.45	2034
40000	2.5	2160
40000	2.55	2394
40000	2.6	2354
40000	2.65	2498
40000	2.7	2698
40000	2.75	2830
40000	2.8	2830
40000	2.85	2996
40000	2.9	3146
40000	2.95	3357
40000	3	3445
40000	3.05	3481
40000	3.1	3600
40000	3.15	3735
40000	3.2	3855
40000	3.25	3908
40000	3.3	4035
40000	3.35	4186
40000	3.4	4135
40000	3.45	4239
40000	3.5	4287
40000	3.55	4398
40000	3.6	4461
40000	3.65	4480
40000	3.7	4345
40000	3.75	4530
40000	3.8	4545
40000	3.85	4507
40000	3.9	4568
40000	3.95	4626
40000	4	4659
40000	4.05	4597
40000	4.1	4510
40000	4.15	4614
40000	4.2	4560
40000	4.25	4498
40000	4.3	4451
40000	4.35	4339
40000	4.4	4211
40000	4.45	4049
40000	4.5	3910
40000	4.55	3738
40000	4.6	3546
40000	4.65	3379
40000	4.7	3296
40000	4.75	3002
40000	4.8	2828
40000	4.85	2576
40000	4.9	2286
40000	4.95	1981
40000	5	1889
40000	5.05	1623
40000	5.1	1490
40000	5.15	1339
40000	5.2	1183
40000	5.25	1029
40000	5.3	891
40000	5.35	773
40000	5.4	720
40000	5.45	610
40000	5.5	556
40000	5.55	522
40000	5.6	458
40000	5.65	421
40000	5.7	361
40000	5.75	304
40000	5.8	268
40000	5.85	270
40000	5.9	238
40000	5.95	221
40000	6	200
40000	6.05	192
40000	6.1	173
40000	6.15	175
40000	6.2	158
40000	6.25	144
40000	6.3	116
40000	6.35	157
40000	6.4	130
40000	6.45	135
40000	6.5	112
40000	6.55	124
40000	6.6	102
40000	6.65	90
40000	6.7	97
40000	6.75	94
40000	6.8	97
40000	6.85	95
40000	6.9	93
40000	6.95	73
40000	7	101
40000	7.05	86
40000	7.1	91
40000	7.15	69
40000	7.2	80
40000	7.25	94
40000	7.3	79
40000	7.35	77
40000	7.4	77
40000	7.45	61
40000	7.5	81
40000	7.55	96
40000	7.6	106
40000	7.65	103
40000	7.7	110
40000	7.75	108
40000	7.8	105
40000	7.85	88
40000	7.9	142
40000	7.95	126
40000	8	2125
40000	8.05	20005
40000	8.1	45352
40000	8.15	68584
40000	8.2	88464
40000	8.25	102638
40000	8.3	113792
40000	8.35	120978
40000	8.4	126922
40000	8.45	129706
40000	8.5	131584
40000	8.55	132170
40000	8.6	132108
40000	8.65	131487
40000	8.7	129100
40000	8.75	127565
40000	8.8	124529
40000	8.85	121870
40000	8.9	116857
40000	8.95	112567
40000	9	107042
40000	9.05	101629
40000	9.1	94831
40000	9.15	87547
40000	9.2	80956
40000	9.25	73183
40000	9.3	65173
40000	9.35	57466
40000	9.4	49952
40000	9.45	43054
40000	9.5	36556
40000	9.55	30642
40000	9.6	25597
40000	9.65	21156
40000	9.7	17809
40000	9.75	14909
40000	9.8	12150
40000	9.85	10228
40000	9.9	8473
40000	9.95	6934
40000	10	5976
40000	10.05	5243
40000	10.1	4617
40000	10.15	3925
40000	10.2	3367
40000	10.25	3145
40000	10.3	2626
40000	10.35	2354
40000	10.4	2097
40000	10.45	2005
40000	10.5	1762
40000	10.55	1633
40000	10.6	1596
40000	10.65	1526
40000	10.7	1392
40000	10.75	1318
40000	10.8	1221
40000	10.85	1194
40000	10.9	1130
40000	10.95	1091
40000	11	1003
40000	11.05	1083
40000	11.1	1009
40000	11.15	974
40000	11.2	963
40000	11.25	958
40000	11.3	913
40000	11.35	951
40000	11.4	960
40000	11.45	931
40000	11.5	932
40000	11.55	1005
40000	11.6	1017
40000	11.65	1017
40000	11.7	1027
40000	11.75	1048
40000	11.8	1102
40000	11.85	1149
40000	11.9	1187
40000	11.95	1173
40000	12	1273
40000	12.05	1278
40000	12.1	1394
40000	12.15	1377
40000	12.2	1550
40000	12.25	1579
40000	12.3	1620
40000	12.35	1745
40000	12.4	1805
40000	12.45	1861
40000	12.5	2102
40000	12.55	2084
40000	12.6	2262
40000	12.65	2456
40000	12.7	2516
40000	12.75	2599
40000	12.8	2638
40000	12.85	2845
40000	12.9	2946
40000	12.95	3039
40000	13	3104
40000	13.05	3178
40000	13.1	3358
40000	13.15	3353
40000	13.2	3496
40000	13.25	3575
40000	13.3	3640
40000	13.35	3717
40000	13.4	3833
40000	13.45	3949
40000	13.5	4037
40000	13.55	4005
40000	13.6	4003
40000	13.65	4013
40000	13.7	4119
40000	13.75	4245
40000	13.8	4035
40000	13.85	4195
40000	13.9	4141
40000	13.95	4204
40000	14	4225
40000	14.05	4143
40000	14.1	4197
40000	14.15	4114
40000	14.2	4177
40000	14.25	4162
40000	14.3	4041
40000	14.35	4042
40000	14.4	3814
40000	14.45	3843
40000	14.5	3699
40000	14.55	3449
40000	14.6	3310
40000	14.65	3171
40000	14.7	3011
40000	14.75	2683
40000	14.8	2575
40000	14.85	2288
40000	14.9	2186
40000	14.95	1911
40000	15	1717
40000	15.05	1475
40000	15.1	1394
40000	15.15	1196
40000	15.2	1015
40000	15.25	976
40000	15.3	799
40000	15.35	757
40000	15.4	655
40000	15.45	601
40000	15.5	498
40000	15.55	487
40000	15.6	404
40000	15.65	336
40000	15.7	327
40000	15.75	307
40000	15.8	255
40000	15.85	268
40000	15.9	218
40000	15.95	208
40000	16	200
40000	16.05	196
40000	16.1	172
40000	16.15	150
40000	16.2	155
40000	16.25	116
40000	16.3	132
40000	16.35	135
40000	16.4	112
40000	16.45	104
40000	16.5	110
40000	16.55	108
40000	16.6	96
40000	16.65	103
40000	16.7	81
40000	16.75	92
40000	16.8	97
40000	16.85	107
40000	16.9	74
40000	16.95	77
40000	17	81
40000	17.05	69
40000	17.1	88
40000	17.15	82
40000	17.2	75
40000	17.25	86
40000	17.3	81
40000	17.35	100
40000	17.4	101
40000	17.45	80
40000	17.5	83
40000	17.55	78
40000	17.6	86
40000	17.65	99
40000	17.7	101
40000	17.75	104
40000	17.8	96
40000	17.85	106
40000	17.9	113
40000	17.95	121
40000	18	2082
40000	18.05	19605
40000	18.1	44551
40000	18.15	67232
40000	18.2	85691
40000	18.25	100890
40000	18.3	111041
40000	18.35	118598
40000	18.4	123970
40000	18.45	127057
40000	18.5	129120
40000	18.55	129695
40000	18.6	129209
40000	18.65	128515
40000	18.7	126825
40000	18.75	124732
40000	18.8	122523
40000	18.85	118641
40000	18.9	114726
40000	18.95	109981
40000	19	104850
40000	19.05	98784
40000	19.1	93395
40000	19.15	86565
40000	19.2	79228
40000	19.25	71245
40000	19.3	63700
40000	19.35	56264
40000	19.4	49079
40000	19.45	41859
40000	19.5	35504
40000	19.55	30321
40000	19.6	25226
40000	19.65	20996
40000	19.7	17465
40000	19.75	14397
40000	19.8	12034
40000	19.85	9945
40000	19.9	8266
40000	19.95	6927
40000	20	5983
40000	20.05	5164
40000	20.1	4383
40000	20.15	3775
40000	20.2	3415
40000	20.25	2993
40000	20.3	2659
40000	20.35	2346
40000	20.4	2132
40000	20.45	1939
40000	20.5	1751
40000	20.55	1693
40000	20.6	1522
40000	20.65	1469
40000	20.7	1332
40000	20.75	1295
40000	20.8	1254
40000	20.85	1188
40000	20.9	1065
40000	20.95	1080
40000	21	1052
40000	21.05	964
40000	21.1	1031
40000	21.15	983
40000	21.2	1010
40000	21.25	950
40000	21.3	955
40000	21.35	995
40000	21.4	975
40000	21.45	977
40000	21.5	1043
40000	21.55	1003
40000	21.6	978
40000	21.65	999
40000	21.7	1120
40000	21.75	1104
40000	21.8	1109
40000	21.85	1099
40000	21.9	1175
40000	21.95	1211
40000	22	1282
40000	22.05	1347
40000	22.1	1412
40000	22.15	1406
40000	22.2	1524
40000	22.25	1607
40000	22.3	1645
40000	22.35	1759
40000	22.4	1898
40000	22.45	1978
40000	22.5	2146
40000	22.55	2130
40000	22.6	2312
40000	22.65	2322
40000	22.7	2545
40000	22.75	2609
40000	22.8	2638
40000	22.85	2840
40000	22.9	2988
40000	22.95	3110
40000	23	3149
40000	23.05	3259
40000	23.1	3464
40000	23.15	3427
40000	23.2	3705
40000	23.25	3720
40000	23.3	3842
40000	23.35	3901
40000	23.4	3903
40000	23.45	3916
40000	23.5	4053
40000	23.55	4032
40000	23.6	3963
40000	23.65	4189
40000	23.7	4121
40000	23.75	4240
40000	23.8	4163
40000	23.85	4309
40000	23.9	4269
40000	23.95	4302
40000	24	4235
40000	24.05	4286
40000	24.1	4177
40000	24.15	4256
40000	24.2	4251
40000	24.25	4276
40000	24.3	4091
40000	24.35	4035
40000	24.4	3920
40000	24.45	3841
40000	24.5	3728
40000	24.55	3519
40000	24.6	3393
40000	24.65	3193
40000	24.7	3003
40000	24.75	2843
40000	24.8	2676
40000	24.85	2334
40000	24.9	2204
40000	24.95	1892
40000	25	1760
40000	25.05	1536
40000	25.1	1405
40000	25.15	1238
40000	25.2	1154
40000	25.25	991
40000	25.3	876
40000	25.35	734
40000	25.4	665
40000	25.45	568
40000	25.5	535
40000	25.55	455
40000	25.6	428
40000	25.65	421
40000	25.7	345
40000	25.75	287
40000	25.8	296
40000	25.85	245
40000	25.9	240
40000	25.95	226
40000	26	211
40000	26.05	183
40000	26.1	160
40000	26.15	158
40000	26.2	157
40000	26.25	147
40000	26.3	125
40000	26.35	120
40000	26.4	124
40000	26.45	103
40000	26.5	115
40000	26.55	105
40000	26.6	90
40000	26.65	104
40000	26.7	126
40000	26.75	75
40000	26.8	100
40000	26.85	97
40000	26.9	98
40000	26.95	83
40000	27	103
40000	27.05	94
40000	27.1	89
40000	27.15	87
40000	27.2	82
40000	27.25	99
40000	27.3	86
40000	27.35	84
40000	27.4	86
40000	27.45	59
40000	27.5	62
40000	27.55	90
40000	27.6	75
40000	27.65	97
40000	27.7	107
40000	27.75	118
40000	27.8	114
40000	27.85	117
40000	27.9	143
40000	27.95	138
40000	28	2179
40000	28.05	21498
40000	28.1	47797
40000	28.15	72134
40000	28.2	92160
40000	28.25	107687
40000	28.3	118296
40000	28.35	126926
40000	28.4	131795
40000	28.45	135490
40000	28.5	137392
40000	28.55	138530
40000	28.6	138706
40000	28.65	136750
40000	28.7	135452
40000	28.75	133521
40000	28.8	130216
40000	28.85	127086
40000	28.9	122197
40000	28.95	118035
40000	29	112697
40000	29.05	106286
40000	29.1	100125
40000	29.15	92663
40000	29.2	84654
40000	29.25	76169
40000	29.3	68702
40000	29.35	60202
40000	29.4	52441
40000	29.45	45129
40000	29.5	38339
40000	29.55	32241
40000	29.6	26929
40000	29.65	22528
40000	29.7	18742
40000	29.75	15402
40000	29.8	12669
40000	29.85	10676
40000	29.9	8724
40000	29.95	7580
60000	0	6377
60000	0.05	5340
60000	0.1	4723
60000	0.15	4150
60000	0.2	3531
60000	0.25	3243
60000	0.3	2709
60000	0.35	2480
60000	0.4	2325
60000	0.45	2146
60000	0.5	1950
60000	0.55	1803
60000	0.6	1682
60000	0.65	1464
60000	0.7	1441
60000	0.75	1443
60000	0.8	1341
60000	0.85	1287
60000	0.9	1160
60000	0.95	1200
60000	1	1098
60000	1.05	1066
60000	1.1	1024
60000	1.15	1102
60000	1.2	1013
60000	1.25	1024
60000	1.3	981
60000	1.35	972
60000	1.4	1013
60000	1.45	962
60000	1.5	983
60000	1.55	1053
60000	1.6	1020
60000	1.65	1080
60000	1.7	1094
60000	1.75	1131
60000	1.8	1163
60000	1.85	1188
60000	1.9	1267
60000	1.95	1294
60000	2	1331
60000	2.05	1436
60000	2.1	1443
60000	2.15	1534
60000	2.2	1595
60000	2.25	1661
60000	2.3	1708
60000	2.35	1899
60000	2.4	2007
60000	2.45	2049
60000	2.5	2196
60000	2.55	2279
60000	2.6	2275
60000	2.65	2498
60000	2.7	2630
60000	2.75	2793
60000	2.8	2849
60000	2.85	2999
60000	2.9	3197
60000	2.95	3276
60000	3	3381
60000	3.05	3444
60000	3.1	3507
60000	3.15	3685
60000	3.2	3732
60000	3.25	3857
60000	3.3	3866
60000	3.35	4012
60000	3.4	3989
60000	3.45	4204
60000	3.5	4287
60000	3.55	4323
60000	3.6	4206
60000	3.65	4322
60000	3.7	4486
60000	3.75	4417
60000	3.8	4594
60000	3.85	4509
60000	3.9	4468
60000	3.95	4464
60000	4	4382
60000	4.05	4577
60000	4.1	4480
60000	4.15	4507
60000	4.2	4409
60000	4.25	4413
60000	4.3	4223
60000	4.35	4168
60000	4.4	4114
60000	4.45	4004
60000	4.5	3952
60000	4.55	3638
60000	4.6	3475
60000	4.65	3385
60000	4.7	3129
60000	4.75	2917
60000	4.8	2652
60000	4.85	2426
60000	4.9	2301
60000	4.95	1980
60000	5	1829
60000	5.05	1613
60000	5.1	1384
60000	5.15	1246
60000	5.2	1081
60000	5.25	928
60000	5.3	861
60000	5.35	777
60000	5.4	682
60000	5.45	570
60000	5.5	518
60000	5.55	480
60000	5.6	404
60000	5.65	372
60000	5.7	353
60000	5.75	295
60000	5.8	254
60000	5.85	257
60000	5.9	224
60000	5.95	212
60000	6	199
60000	6.05	194
60000	6.1	158
60000	6.15	147
60000	6.2	144
60000	6.25	139
60000	6.3	150
60000	6.35	116
60000	6.4	123
60000	6.45	106
60000	6.5	120
60000	6.55	109
60000	6.6	103
60000	6.65	78
60000	6.7	103
60000	6.75	89
60000	6.8	78
60000	6.85	79
60000	6.9	88
60000	6.95	99
60000	7	84
60000	7.05	75
60000	7.1	87
60000	7.15	93
60000	7.2	75
60000	7.25	81
60000	7.3	74
60000	7.35	112
60000	7.4	88
60000	7.45	92
60000	7.5	88
60000	7.55	78
60000	7.6	87
60000	7.65	92
60000	7.7	111
60000	7.75	120
60000	7.8	108
60000	7.85	89
60000	7.9	126
60000	7.95	145
60000	8	1902
60000	8.05	18675
60000	8.1	42372
60000	8.15	64760
60000	8.2	82988
60000	8.25	96670
60000	8.3	107026
60000	8.35	113875
60000	8.4	119038
60000	8.45	121876
60000	8.5	123959
60000	8.55	124326
60000	8.6	124293
60000	8.65	123286
60000	8.7	121026
60000	8.75	119834
60000	8.8	117097
60000	8.85	114326
60000	8.9	109773
60000	8.95	105731
60000	9	100974
60000	9.05	94923
60000	9.1	89360
60000	9.15	82797
60000	9.2	76368
60000	9.25	68590
60000	9.3	61535
60000	9.35	53404
60000	9.4	47190
60000	9.45	40548
60000	9.5	34605
60000	9.55	28736
60000	9.6	24096
60000	9.65	20319
60000	9.7	16764
60000	9.75	13765
60000	9.8	11354
60000	9.85	9527
60000	9.9	7993
60000	9.95	6937
60000	10	5799
60000	10.05	4983
60000	10.1	4240
60000	10.15	3725
60000	10.2	3176
60000	10.25	2806
60000	10.3	2636
60000	10.35	2280
60000	10.4	2193
60000	10.45	1915
60000	10.5	1682
60000	10.55	1676
60000	10.6	1526
60000	10.65	1438
60000	10.7	1288
60000	10.75	1188
60000	10.8	1135
60000	10.85	1072
60000	10.9	1096
60000	10.95	998
60000	11	988
60000	11.05	982
60000	11.1	938
60000	11.15	932
60000	11.2	909
60000	11.25	913
60000	11.3	899
60000	11.35	880
60000	11.4	892
60000	11.45	943
60000	11.5	943
60000	11.55	967
60000	11.6	920
60000	11.65	980
60000	11.7	1026
60000	11.75	1098
60000	11.8	1073
60000	11.85	1101
60000	11.9	1110
60000	11.95	1152
60000	12	1241
60000	12.05	1288
60000	12.1	1279
60000	12.15	1369
60000	12.2	1446
60000	12.25	1521
60000	12.3	1616
60000	12.35	1632
60000	12.4	1789
60000	12.45	1847
60000	12.5	1935
60000	12.55	2055
60000	12.6	2267
60000	12.65	2292
60000	12.7	2365
60000	12.75	2482
60000	12.8	2714
60000	12.85	2720
60000	12.9	2778
60000	12.95	2915
60000	13	2961
60000	13.05	3150
60000	13.1	3203
60000	13.15	3247
60000	13.2	3432
60000	13.25	3541
60000	13.3	3591
60000	13.35	3640
60000	13.4	3746
60000	13.45	3881
60000	13.5	3837
60000	13.55	3857
60000	13.6	3907
60000	13.65	4022
60000	13.7	3937
60000	13.75	3931
60000	13.8	3996
60000	13.85	4095
60000	13.9	4100
60000	13.95	4124
60000	14	4218
60000	14.05	4007
60000	14.1	4042
60000	14.15	4094
60000	14.2	3911
60000	14.25	3949
60000	14.3	3975
60000	14.35	3889
60000	14.4	3800
60000	14.45	3631
60000	14.5	3541
60000	14.55	3383
60000	14.6	3266
60000	14.65	3024
60000	14.7	2949
60000	14.75	2686
60000	14.8	2488
60000	14.85	2272
60000	14.9	2068
60000	14.95	1825
60000	15	1704
60000	15.05	1477
60000	15.1	1341
60000	15.15	1179
60000	15.2	1058
60000	15.25	929
60000	15.3	784
60000	15.35	681
60000	15.4	636
60000	15.45	555
60000	15.5	548
60000	15.55	454
60000	15.6	406
60000	15.65	368
60000	15.7	337
60000	15.75	311
60000	15.8	275
60000	15.85	257
60000	15.9	235
60000	15.95	222
60000	16	179
60000	16.05	188
60000	16.1	142
60000	16.15	174
60000	16.2	145
60000	16.25	155
60000	16.3	128
60000	16.35	115
60000	16.4	120
60000	16.45	120
60000	16.5	131
60000	16.55	121
60000	16.6	114
60000	16.65	99
60000	16.7	96
60000	16.75	90
60000	16.8	77
60000	16.85	88
60000	16.9	107
60000	16.95	82
60000	17	85
60000	17.05	82
60000	17.1	85
60000	17.15	86
60000	17.2	84
60000	17.25	102
60000	17.3	96
60000	17.35	90
60000	17.4	85
60000	17.45	93
60000	17.5	97
60000	17.55	91
60000	17.6	96
60000	17.65	97
60000	17.7	105
60000	17.75	100
60000	17.8	119
60000	17.85	120
60000	17.9	126
60000	17.95	141
60000	18	2225
60000	18.05	20877
60000	18.1	47162
60000	18.15	71361
60000	18.2	91057
60000	18.25	106290
60000	18.3	117327
60000	18.35	125918
60000	18.4	130384
60000	18.45	134557
60000	18.5	136440
60000	18.55	136866
60000	18.6	136619
60000	18.65	136214
60000	18.7	134631
60000	18.75	131741
60000	18.8	128637
60000	18.85	125700
60000	18.9	120633
60000	18.95	116939
60000	19	110908
60000	19.05	105575
60000	19.1	98806
60000	19.15	91795
60000	19.2	83518
60000	19.25	75419
60000	19.3	67298
60000	19.35	59359
60000	19.4	51759
60000	19.45	44577
60000	19.5	37882
60000	19.55	31824
60000	19.6	26669
60000	19.65	22297
60000	19.7	18479
60000	19.75	15081
60000	19.8	12572
60000	19.85	10549
60000	19.9	8766
60000	19.95	7486
60000	20	6339
60000	20.05	5387
60000	20.1	4736
60000	20.15	3907
60000	20.2	3592
60000	20.25	3125
60000	20.3	2771
60000	20.35	2491
60000	20.4	2246
60000	20.45	2137
60000	20.5	1952
60000	20.55	1770
60000	20.6	1695
60000	20.65	1568
60000	20.7	1385
60000	20.75	1406
60000	20.8	1289
60000	20.85	1191
60000	20.9	1153
60000	20.95	1160
60000	21	1057
60000	21.05	1044
60000	21.1	1081
60000	21.15	1009
60000	21.2	1002
60000	21.25	960
60000	21.3	969
60000	21.35	990
60000	21.4	1038
60000	21.45	996
60000	21.5	984
60000	21.55	983
60000	21.6	1057
60000	21.65	1109
60000	21.7	1106
60000	21.75	1152
60000	21.8	1196
60000	21.85	1117
60000	21.9	1254
60000	21.95	1316
60000	22	1328
60000	22.05	1379
60000	22.1	1487
60000	22.15	1553
60000	22.2	1556
60000	22.25	1626
60000	22.3	1776
60000	22.35	1836
60000	22.4	1941
60000	22.45	2023
60000	22.5	2099
60000	22.55	2281
60000	22.6	2365
60000	22.65	2553
60000	22.7	2554
60000	22.75	2830
60000	22.8	2886
60000	22.85	2985
60000	22.9	3149
60000	22.95	3324
60000	23	3313
60000	23.05	3437
60000	23.1	3524
60000	23.15	3585
60000	23.2	3786
60000	23.25	3862
60000	23.3	3918
60000	23.35	4095
60000	23.4	4090
60000	23.45	4317
60000	23.5	4133
60000	23.55	4307
60000	23.6	4194
60000	23.65	4364
60000	23.7	4321
60000	23.75	4348
60000	23.8	4520
60000	23.85	4450
60000	23.9	4525
60000	23.95	4433
60000	24	4438
60000	24.05	4386
60000	24.1	4425
60000	24.15	4395
60000	24.2	4525
60000	24.25	4364
60000	24.3	4306
60000	24.35	4243
60000	24.4	4225
60000	24.45	3917
60000	24.5	3933
60000	24.55	3790
60000	24.6	3550
60000	24.65	3344
60000	24.7	3075
60000	24.75	2930
60000	24.8	2659
60000	24.85	2445
60000	24.9	2220
60000	24.95	2013
60000	25	1789
60000	25.05	1600
60000	25.1	1435
60000	25.15	1251
60000	25.2	1130
60000	25.25	984
60000	25.3	854
60000	25.35	765
60000	25.4	662
60000	25.45	606
60000	25.5	528
60000	25.55	490
60000	25.6	419
60000	25.65	409
60000	25.7	321
60000	25.75	315
60000	25.8	315
60000	25.85	244
60000	25.9	260
60000	25.95	210
60000	26	178
60000	26.05	190
60000	26.1	179
60000	26.15	167
60000	26.2	128
60000	26.25	127
60000	26.3	132
60000	26.35	109
60000	26.4	131
60000	26.45	121
60000	26.5	110
60000	26.55	97
60000	26.6	112
60000	26.65	97
60000	26.7	107
60000	26.75	84
60000	26.8	107
60000	26.85	94
60000	26.9	111
60000	26.95	68
60000	27	107
60000	27.05	60
60000	27.1	77
60000	27.15	103
60000	27.2	84
60000	27.25	95
60000	27.3	97
60000	27.35	65
60000	27.4	69
60000	27.45	77
60000	27.5	86
60000	27.55	86
60000	27.6	86
60000	27.65	115
60000	27.7	104
60000	27.75	117
60000	27.8	122
60000	27.85	118
60000	27.9	137
60000	27.95	142
60000	28	2244
60000	28.05	21065
60000	28.1	47892
60000	28.15	73045
60000	28.2	92473
60000	28.25	108112
60000	28.3	118737
60000	28.35	127136
60000	28.4	132930
60000	28.45	136253
60000	28.5	138015
60000	28.55	139606
60000	28.6	138987
60000	28.65	137787
60000	28.7	135825
60000	28.75	133847
60000	28.8	130567
60000	28.85	127366
60000	28.9	123344
60000	28.95	118218
60000	29	112765
60000	29.05	107073
60000	29.1	99795
60000	29.15	92608
60000	29.2	85015
60000	29.25	76391
60000	29.3	68637
60000	29.35	60427
60000	29.4	52415
60000	29.45	45170
60000	29.5	38577
60000	29.55	32050
60000	29.6	27229
60000	29.65	22485
60000	29.7	18673
60000	29.75	15531
60000	29.8	12643
60000	29.85	10805
60000	29.9	8915
60000	29.95	7590
80000	0	6287
80000	0.05	5280
80000	0.1	4510
80000	0.15	3910
80000	0.2	3442
80000	0.25	3108
80000	0.3	2737
80000	0.35	2491
80000	0.4	2194
80000	0.45	2107
80000	0.5	1892
80000	0.55	1711
80000	0.6	1694
80000	0.65	1603
80000	0.7	1415
80000	0.75	1302
80000	0.8	1225
80000	0.85	1259
80000	0.9	1211
80000	0.95	1122
80000	1	1110
80000	1.05	1070
80000	1.1	1063
80000	1.15	1047
80000	1.2	1068
80000	1.25	993
80000	1.3	1022
80000	1.35	1042
80000	1.4	992
80000	1.45	1014
80000	1.5	1034
80000	1.55	1034
80000	1.6	1050
80000	1.65	1044
80000	1.7	1083
80000	1.75	1124
80000	1.8	1187
80000	1.85	1193
80000	1.9	1232
80000	1.95	1277
80000	2	1330
80000	2.05	1401
80000	2.1	1477
80000	2.15	1564
80000	2.2	1630
80000	2.25	1634
80000	2.3	1725
80000	2.35	1864
80000	2.4	2048
80000	2.45	2136
80000	2.5	2147
80000	2.55	2210
80000	2.6	2367
80000	2.65	2469
80000	2.7	2551
80000	2.75	2836
80000	2.8	2934
80000	2.85	2992
80000	2.9	3184
80000	2.95	3257
80000	3	3384
80000	3.05	3501
80000	3.1	3679
80000	3.15	3751
80000	3.2	3934
80000	3.25	3844
80000	3.3	3877
80000	3.35	4102
80000	3.4	4147
80000	3.45	4145
80000	3.5	4204
80000	3.55	4240
80000	3.6	4232
80000	3.65	4354
80000	3.7	4476
80000	3.75	4515
80000	3.8	4480
80000	3.85	4563
80000	3.9	4487
80000	3.95	4487
80000	4	4505
80000	4.05	4550
80000	4.1	4543
80000	4.15	4644
80000	4.2	4535
80000	4.25	4463
80000	4.3	4421
80000	4.35	4258
80000	4.4	4175
80000	4.45	4049
80000	4.5	3777
80000	4.55	3758
80000	4.6	3572
80000	4.65	3336
80000	4.7	3192
80000	4.75	2982
80000	4.8	2606
80000	4.85	2510
80000	4.9	2116
80000	4.95	1988
80000	5	1822
80000	5.05	1698
80000	5.1	1455
80000	5.15	1259
80000	5.2	1044
80000	5.25	1004
80000	5.3	809
80000	5.35	798
80000	5.4	668
80000	5.45	593
80000	5.5	516
80000	5.55	416
80000	5.6	415
80000	5.65	354
80000	5.7	349
80000	5.75	310
80000	5.8	258
80000	5.85	223
80000	5.9	245
80000	5.95	222
80000	6	185
80000	6.05	190
80000	6.1	181
80000	6.15	156
80000	6.2	138
80000	6.25	137
80000	6.3	145
80000	6.35	110
80000	6.4	118
80000	6.45	130
80000	6.5	108
80000	6.55	116
80000	6.6	98
80000	6.65	102
80000	6.7	109
80000	6.75	87
80000	6.8	103
80000	6.85	90
80000	6.9	113
80000	6.95	88
80000	7	91
80000	7.05	75
80000	7.1	93
80000	7.15	81
80000	7.2	81
80000	7.25	99
80000	7.3	88
80000	7.35	63
80000	7.4	85
80000	7.45	80
80000	7.5	77
80000	7.55	103
80000	7.6	95
80000	7.65	107
80000	7.7	114
80000	7.75	123
80000	7.8	118
80000	7.85	113
80000	7.9	146
80000	7.95	136
80000	8	2228
80000	8.05	20333
80000	8.1	45920
80000	8.15	69491
80000	8.2	88656
80000	8.25	103682
80000	8.3	114980
80000	8.35	122429
80000	8.4	127974
80000	8.45	131716
80000	8.5	132742
80000	8.55	134419
80000	8.6	134052
80000	8.65	132837
80000	8.7	130977
80000	8.75	128956
80000	8.8	126588
80000	8.85	122570
80000	8.9	118972
80000	8.95	114081
80000	9	108620
80000	9.05	102569
80000	9.1	96255
80000	9.15	89333
80000	9.2	81976
80000	9.25	74144
80000	9.3	66033
80000	9.35	58019
80000	9.4	50387
80000	9.45	43324
80000	9.5	36955
80000	9.55	31334
80000	9.6	25728
80000	9.65	21473
80000	9.7	17679
80000	9.75	14865
80000	9.8	12161
80000	9.85	10220
80000	9.9	8557
80000	9.95	7255
80000	10	6047
80000	10.05	5206
80000	10.1	4517
80000	10.15	3938
80000	10.2	3462
80000	10.25	3002
80000	10.3	2642
80000	10.35	2472
80000	10.4	2231
80000	10.45	2035
80000	10.5	1911
80000	10.55	1620
80000	10.6	1576
80000	10.65	1488
80000	10.7	1351
80000	10.75	1290
80000	10.8	1209
80000	10.85	1197
80000	10.9	1183
80000	10.95	1119
80000	11	1047
80000	11.05	1091
80000	11.1	973
80000	11.15	1005
80000	11.2	993
80000	11.25	968
80000	11.3	958
80000	11.35	982
80000	11.4	967
80000	11.45	978
80000	11.5	969
80000	11.55	974
80000	11.6	1059
80000	11.65	1057
80000	11.7	1046
80000	11.75	1091
80000	11.8	1129
80000	11.85	1105
80000	11.9	1196
80000	11.95	1168
80000	12	1287
80000	12.05	1271
80000	12.1	1420
80000	12.15	1502
80000	12.2	1545
80000	12.25	1597
80000	12.3	1641
80000	12.35	1814
80000	12.4	1820
80000	12.45	1928
80000	12.5	2067
80000	12.55	2167
80000	12.6	2299
80000	12.65	2512
80000	12.7	2605
80000	12.75	2666
80000	12.8	2729
80000	12.85	2878
80000	12.9	3037
80000	12.95	3132
80000	13	3230
80000	13.05	3331
80000	13.1	3334
80000	13.15	3523
80000	13.2	3622
80000	13.25	3743
80000	13.3	3875
80000	13.35	3752
80000	13.4	4010
80000	13.45	3995
80000	13.5	3965
80000	13.55	4096
80000	13.6	4059
80000	13.65	4132
80000	13.7	4184
80000	13.75	4347
80000	13.8	4211
80000	13.85	4369
80000	13.9	4245
80000	13.95	4213
80000	14	4376
80000	14.05	4293
80000	14.1	4343
80000	14.15	4193
80000	14.2	4121
80000	14.25	4150
80000	14.3	4127
80000	14.35	4033
80000	14.4	4010
80000	14.45	3865
80000	14.5	3670
80000	14.55	3615
80000	14.6	3446
80000	14.65	3116
80000	14.7	2952
80000	14.75	2883
80000	14.8	2639
80000	14.85	2382
80000	14.9	2147
80000	14.95	1924
80000	15	1762
80000	15.05	1551
80000	15.1	1358
80000	15.15	1230
80000	15.2	1060
80000	15.25	947
80000	15.3	853
80000	15.35	737
80000	15.4	635
80000	15.45	600
80000	15.5	540
80000	15.55	503
80000	15.6	431
80000	15.65	392
80000	15.7	325
80000	15.75	302
80000	15.8	275
80000	15.85	280
80000	15.9	239
80000	15.95	216
80000	16	198
80000	16.05	192
80000	16.1	180
80000	16.15	173
80000	16.2	134
80000	16.25	147
80000	16.3	136
80000	16.35	143
80000	16.4	97
80000	16.45	108
80000	16.5	111
80000	16.55	126
80000	16.6	112
80000	16.65	96
80000	16.7	102
80000	16.75	100
80000	16.8	101
80000	16.85	90
80000	16.9	95
80000	16.95	106
80000	17	105
80000	17.05	90
80000	17.1	97
80000	17.15	90
80000	17.2	90
80000	17.25	82
80000	17.3	86
80000	17.35	78
80000	17.4	84
80000	17.45	72
80000	17.5	94
80000	17.55	105
80000	17.6	76
80000	17.65	103
80000	17.7	94
80000	17.75	113
80000	17.8	111
80000	17.85	104
80000	17.9	130
80000	17.95	142
80000	18	2140
80000	18.05	19846
80000	18.1	45009
80000	18.15	68028
80000	18.2	86798
80000	18.25	102078
80000	18.3	112207
80000	18.35	119516
80000	18.4	125638
80000	18.45	128209
80000	18.5	130562
80000	18.55	130789
80000	18.6	130812
80000	18.65	129896
80000	18.7	127483
80000	18.75	125733
80000	18.8	123009
80000	18.85	119522
80000	18.9	115585
80000	18.95	111105
80000	19	105450
80000	19.05	99874
80000	19.1	93948
80000	19.15	86546
80000	19.2	78932
80000	19.25	71768
80000	19.3	64219
80000	19.35	56791
80000	19.4	49450
80000	19.45	42338
80000	19.5	36072
80000	19.55	30381
80000	19.6	25365
80000	19.65	20915
80000	19.7	17397
80000	19.75	14580
80000	19.8	12071
80000	19.85	10164
80000	19.9	8354
80000	19.95	6987
80000	20	5954
80000	20.05	5123
80000	20.1	4388
80000	20.15	3810
80000	20.2	3348
80000	20.25	2981
80000	20.3	2687
80000	20.35	2397
80000	20.4	2162
80000	20.45	1959
80000	20.5	1767
80000	20.55	1633
80000	20.6	1534
80000	20.65	1484
80000	20.7	1387
80000	20.75	1322
80000	20.8	1206
80000	20.85	1151
80000	20.9	1084
80000	20.95	1082
80000	21	1083
80000	21.05	1010
80000	21.1	1012
80000	21.15	1019
80000	21.2	947
80000	21.25	961
80000	21.3	886
80000	21.35	982
80000	21.4	905
80000	21.45	955
80000	21.5	950
80000	21.55	988
80000	21.6	1030
80000	21.65	1000
80000	21.7	1061
80000	21.75	1081
80000	21.8	1090
80000	21.85	1163
80000	21.9	1155
80000	21.95	1147
80000	22	1255
80000	22.05	1326
80000	22.1	1338
80000	22.15	1444
80000	22.2	1474
80000	22.25	1569
80000	22.3	1688
80000	22.35	1701
80000	22.4	1883
80000	22.45	1944
80000	22.5	2093
80000	22.55	2197
80000	22.6	2339
80000	22.65	2410
80000	22.7	2549
80000	22.75	2621
80000	22.8	2672
80000	22.85	2879
80000	22.9	2999
80000	22.95	3168
80000	23	3217
80000	23.05	3332
80000	23.1	3379
80000	23.15	3506
80000	23.2	3633
80000	23.25	3691
80000	23.3	3853
80000	23.35	3769
80000	23.4	3888
80000	23.45	3990
80000	23.5	4064
80000	23.55	4104
80000	23.6	4121
80000	23.65	4285
80000	23.7	4251
80000	23.75	4290
80000	23.8	4182
80000	23.85	4376
80000	23.9	4332
80000	23.95	4313
80000	24	4316
80000	24.05	4262
80000	24.1	4367
80000	24.15	4295
80000	24.2	4251
80000	24.25	4161
80000	24.3	4117
80000	24.35	4138
80000	24.4	4064
80000	24.45	3901
80000	24.5	3734
80000	24.55	3565
80000	24.6	3360
80000	24.65	3206
80000	24.7	3048
80000	24.75	2821
80000	24.8	2589
80000	24.85	2469
80000	24.9	2231
80000	24.95	1893
80000	25	1800
80000	25.05	1535
80000	25.1	1433
80000	25.15	1281
80000	25.2	1092
80000	25.25	939
80000	25.3	875
80000	25.35	751
80000	25.4	669
80000	25.45	569
80000	25.5	523
80000	25.55	480
80000	25.6	437
80000	25.65	360
80000	25.7	307
80000	25.75	310
80000	25.8	273
80000	25.85	254
80000	25.9	230
80000	25.95	201
80000	26	207
80000	26.05	181
80000	26.1	177
80000	26.15	163
80000	26.2	153
80000	26.25	137
80000	26.3	148
80000	26.35	121
80000	26.4	129
80000	26.45	120
80000	26.5	95
80000	26.55	108
80000	26.6	102
80000	26.65	82
80000	26.7	89
80000	26.75	99
80000	26.8	91
80000	26.85	84
80000	26.9	96
80000	26.95	89
80000	27	87
80000	27.05	94
80000	27.1	83
80000	27.15	92
80000	27.2	75
80000	27.25	98
80000	27.3	76
80000	27.35	94
80000	27.4	79
80000	27.45	82
80000	27.5	78
80000	27.55	90
80000	27.6	83
80000	27.65	83
80000	27.7	86
80000	27.75	101
80000	27.8	103
80000	27.85	115
80000	27.9	127
80000	27.95	143
80000	28	2165
80000	28.05	20526
80000	28.1	46728
80000	28.15	70724
80000	28.2	90612
80000	28.25	104777
80000	28.3	116394
80000	28.35	124575
80000	28.4	130175
80000	28.45	132887
80000	28.5	135196
80000	28.55	135937
80000	28.6	135502
80000	28.65	134858
80000	28.7	133783
80000	28.75	131036
80000	28.8	127692
80000	28.85	124076
80000	28.9	120371
80000	28.95	115393
80000	29	109822
80000	29.05	103967
80000	29.1	97896
80000	29.15	90559
80000	29.2	82861
80000	29.25	75105
80000	29.3	66863
80000	29.35	58880
80000	29.4	51298
80000	29.45	44074
80000	29.5	37568
80000	29.55	31516
80000	29.6	26245
80000	29.65	21786
80000	29.7	18222
80000	29.75	15041
80000	29.8	12348
80000	29.85	10274
80000	29.9	8763
80000	29.95	7326
100000	0	6258
100000	0.05	5420
100000	0.1	4679
100000	0.15	4108
100000	0.2	3527
100000	0.25	3078
100000	0.3	2794
100000	0.35	2514
100000	0.4	2251
100000	0.45	2061
100000	0.5	1913
100000	0.55	1744
100000	0.6	1602
100000	0.65	1481
100000	0.7	1494
100000	0.75	1401
100000	0.8	1236
100000	0.85	1234
100000	0.9	1185
100000	0.95	1140
100000	1	1129
100000	1.05	1101
100000	1.1	1027
100000	1.15	1060
100000	1.2	978
100000	1.25	974
100000	1.3	1002
100000	1.35	937
100000	1.4	1037
100000	1.45	971
100000	1.5	989
100000	1.55	1011
100000	1.6	1034
100000	1.65	1116
100000	1.7	1079
100000	1.75	1131
100000	1.8	1215
100000	1.85	1163
100000	1.9	1226
100000	1.95	1253
100000	2	1339
100000	2.05	1414
100000	2.1	1504
100000	2.15	1504
100000	2.2	1689
100000	2.25	1649
100000	2.3	1720
100000	2.35	1846
100000	2.4	1883
100000	2.45	2013
100000	2.5	2108
100000	2.55	2299
100000	2.6	2366
100000	2.65	2630
100000	2.7	2584
100000	2.75	2668
100000	2.8	2843
100000	2.85	3044
100000	2.9	3116
100000	2.95	3236
100000	3	3478
100000	3.05	3440
100000	3.1	3500
100000	3.15	3601
100000	3.2	3733
100000	3.25	3908
100000	3.3	3806
100000	3.35	3981
100000	3.4	3948
100000	3.45	4120
100000	3.5	4129
100000	3.55	4231
100000	3.6	4267
100000	3.65	4256
100000	3.7	4449
100000	3.75	4408
100000	3.8	4388
100000	3.85	4430
100000	3.9	4438
100000	3.95	4522
100000	4	4390
100000	4.05	4345
100000	4.1	4470
100000	4.15	4391
100000	4.2	4392
100000	4.25	4439
100000	4.3	4321
100000	4.35	4157
100000	4.4	4116
100000	4.45	3891
100000	4.5	3901
100000	4.55	3673
100000	4.6	3553
100000	4.65	3392
100000	4.7	3140
100000	4.75	3002
100000	4.8	2645
100000	4.85	2532
100000	4.9	2189
100000	4.95	2018
100000	5	1813
100000	5.05	1584
100000	5.1	1488
100000	5.15	1256
100000	5.2	1133
100000	5.25	1000
100000	5.3	840
100000	5.35	765
100000	5.4	697
100000	5.45	609
100000	5.5	526
100000	5.55	505
100000	5.6	396
100000	5.65	370
100000	5.7	330
100000	5.75	312
100000	5.8	247
100000	5.85	263
100000	5.9	220
100000	5.95	226
100000	6	237
100000	6.05	180
100000	6.1	164
100000	6.15	154
100000	6.2	152
100000	6.25	152
100000	6.3	126
100000	6.35	126
100000	6.4	126
100000	6.45	137
100000	6.5	118
100000	6.55	88
100000	6.6	92
100000	6.65	92
100000	6.7	97
100000	6.75	84
100000	6.8	102
100000	6.85	99
100000	6.9	96
100000	6.95	80
100000	7	87
100000	7.05	98
100000	7.1	88
100000	7.15	71
100000	7.2	84
100000	7.25	85
100000	7.3	86
100000	7.35	88
100000	7.4	98
100000	7.45	86
100000	7.5	68
100000	7.55	92
100000	7.6	87
100000	7.65	76
100000	7.7	108
100000	7.75	93
100000	7.8	99
100000	7.85	115
100000	7.9	120
100000	7.95	133
100000	8	2147
100000	8.05	20014
100000	8.1	45383
100000	8.15	68742
100000	8.2	86936
100000	8.25	101884
100000	8.3	112618
100000	8.35	119806
100000	8.4	125129
100000	8.45	129002
100000	8.5	131406
100000	8.55	130805
100000	8.6	130929
100000	8.65	129971
100000	8.7	128306
100000	8.75	126579
100000	8.8	123687
100000	8.85	120253
100000	8.9	116580
100000	8.95	111676
100000	9	106760
100000	9.05	100823
100000	9.1	94961
100000	9.15	87797
100000	9.2	80471
100000	9.25	72649
100000	9.3	65244
100000	9.35	57477
100000	9.4	50016
100000	9.45	42756
100000	9.5	36446
100000	9.55	30890
100000	9.6	25697
100000	9.65	21210
100000	9.7	17586
100000	9.75	14643
100000	9.8	12158
100000	9.85	10213
100000	9.9	8479
100000	9.95	7175
100000	10	6168
100000	10.05	5371
100000	10.1	4454
100000	10.15	3932
100000	10.2	3364
100000	10.25	3011
100000	10.3	2664
100000	10.35	2463
100000	10.4	2158
100000	10.45	1966
100000	10.5	1812
100000	10.55	1682
100000	10.6	1724
100000	10.65	1506
100000	10.7	1416
100000	10.75	1247
100000	10.8	1273
100000	10.85	1186
100000	10.9	1102
100000	10.95	1122
100000	11	1097
100000	11.05	993
100000	11.1	1008
100000	11.15	965
100000	11.2	963
100000	11.25	1002
100000	11.3	990
100000	11.35	1010
100000	11.4	916
100000	11.45	998
100000	11.5	956
100000	11.55	1015
100000	11.6	1009
100000	11.65	991
100000	11.7	995
100000	11.75	1097
100000	11.8	1095
100000	11.85	1194
100000	11.9	1171
100000	11.95	1251
100000	12	1248
100000	12.05	1405
100000	12.1	1370
100000	12.15	1458
100000	12.2	1493
100000	12.25	1569
100000	12.3	1688
100000	12.35	1751
100000	12.4	1802
100000	12.45	2004
100000	12.5	2036
100000	12.55	2204
100000	12.6	2195
100000	12.65	2403
100000	12.7	2578
100000	12.75	2647
100000	12.8	2753
100000	12.85	2927
100000	12.9	2879
100000	12.95	3056
100000	13	3061
100000	13.05	3226
100000	13.1	3472
100000	13.15	3404
100000	13.2	3577
100000	13.25	3630
100000	13.3	3801
100000	13.35	3688
100000	13.4	3780
100000	13.45	3900
100000	13.5	4011
100000	13.55	4048
100000	13.6	3982
100000	13.65	4037
100000	13.7	4133
100000	13.75	4089
100000	13.8	4198
100000	13.85	4077
100000	13.9	4155
100000	13.95	4123
100000	14	4138
100000	14.05	4250
100000	14.1	4158
100000	14.15	4199
100000	14.2	4099
100000	14.25	4202
100000	14.3	4105
100000	14.35	3998
100000	14.4	3797
100000	14.45	3755
100000	14.5	3648
100000	14.55	3424
100000	14.6	3262
100000	14.65	3117
100000	14.7	2968
100000	14.75	2733
100000	14.8	2517
100000	14.85	2271
100000	14.9	2109
100000	14.95	1849
100000	15	1667
100000	15.05	1506
100000	15.1	1339
100000	15.15	1147
100000	15.2	1039
100000	15.25	909
100000	15.3	823
100000	15.35	758
100000	15.4	634
100000	15.45	609
100000	15.5	512
100000	15.55	458
100000	15.6	381
100000	15.65	346
100000	15.7	312
100000	15.75	299
100000	15.8	279
100000	15.85	254
100000	15.9	225
100000	15.95	232
100000	16	184
100000	16.05	180
100000	16.1	178
100000	16.15	186
100000	16.2	156
100000	16.25	139
100000	16.3	124
100000	16.35	136
100000	16.4	107
100000	16.45	111
100000	16.5	113
100000	16.55	85
100000	16.6	108
100000	16.65	98
100000	16.7	95
100000	16.75	78
100000	16.8	86
100000	16.85	83
100000	16.9	79
100000	16.95	85
100000	17	82
100000	17.05	95
100000	17.1	79
100000	17.15	86
100000	17.2	77
100000	17.25	89
100000	17.3	90
100000	17.35	97
100000	17.4	71
100000	17.45	84
100000	17.5	87
100000	17.55	91
100000	17.6	107
100000	17.65	93
100000	17.7	104
100000	17.75	103
100000	17.8	95
100000	17.85	107
100000	17.9	121
100000	17.95	154
100000	18	2112
100000	18.05	20104
100000	18.1	45293
100000	18.15	68674
100000	18.2	87824
100000	18.25	102502
100000	18.3	113372
100000	18.35	120425
100000	18.4	126276
100000	18.45	129385
100000	18.5	131662
100000	18.55	132696
100000	18.6	132075
100000	18.65	130735
100000	18.7	128862
100000	18.75	127268
100000	18.8	124167
100000	18.85	121086
100000	18.9	116871
100000	18.95	112716
100000	19	107565
100000	19.05	101244
100000	19.1	94718
100000	19.15	88194
100000	19.2	80674
100000	19.25	73381
100000	19.3	65240
100000	19.35	57406
100000	19.4	50208
100000	19.45	42976
100000	19.5	36503
100000	19.55	31051
100000	19.6	25722
100000	19.65	21486
100000	19.7	17826
100000	19.75	14740
100000	19.8	12194
100000	19.85	10051
100000	19.9	8536
100000	19.95	7243
100000	20	6106
100000	20.05	5185
100000	20.1	4438
100000	20.15	3942
100000	20.2	3377
100000	20.25	3045
100000	20.3	2608
100000	20.35	2445
100000	20.4	2233
100000	20.45	1980
100000	20.5	1831
100000	20.55	1657
100000	20.6	1581
100000	20.65	1484
100000	20.7	1381
100000	20.75	1271
100000	20.8	1207
100000	20.85	1166
100000	20.9	1139
100000	20.95	1092
100000	21	1068
100000	21.05	1061
100000	21.1	979
100000	21.15	971
100000	21.2	1010
100000	21.25	900
100000	21.3	943
100000	21.35	940
100000	21.4	923
100000	21.45	966
100000	21.5	984
100000	21.55	967
100000	21.6	959
100000	21.65	1039
100000	21.7	1069
100000	21.75	1073
100000	21.8	1096
100000	21.85	1111
100000	21.9	1144
100000	21.95	1160
100000	22	1220
100000	22.05	1357
100000	22.1	1306
100000	22.15	1417
100000	22.2	1554
100000	22.25	1531
100000	22.3	1628
100000	22.35	1776
100000	22.4	1875
100000	22.45	1953
100000	22.5	1994
100000	22.55	2154
100000	22.6	2301
100000	22.65	2384
100000	22.7	2440
100000	22.75	2476
100000	22.8	2679
100000	22.85	2956
100000	22.9	2816
100000	22.95	3034
100000	23	3191
100000	23.05	3291
100000	23.1	3416
100000	23.15	3453
100000	23.2	3548
100000	23.25	3588
100000	23.3	3802
100000	23.35	3849
100000	23.4	3766
100000	23.45	3951
100000	23.5	4034
100000	23.55	3997
100000	23.6	4003
100000	23.65	4142
100000	23.7	4034
100000	23.75	4047
100000	23.8	4319
100000	23.85	4240
100000	23.9	4173
100000	23.95	4150
100000	24	4361
100000	24.05	4179
100000	24.1	4295
100000	24.15	4231
100000	24.2	4067
100000	24.25	4062
100000	24.3	4081
100000	24.35	4115
100000	24.4	3844
100000	24.45	3681
100000	24.5	3572
100000	24.55	3403
100000	24.6	3370
100000	24.65	3196
100000	24.7	2930
100000	24.75	2762
100000	24.8	2549
100000	24.85	2304
100000	24.9	2163
100000	24.95	1878
100000	25	1710
100000	25.05	1562
100000	25.1	1328
100000	25.15	1160
100000	25.2	1070
100000	25.25	911
100000	25.3	846
100000	25.35	723
100000	25.4	636
100000	25.45	562
100000	25.5	492
100000	25.55	443
100000	25.6	394
100000	25.65	378
100000	25.7	321
100000	25.75	315
100000	25.8	261
100000	25.85	262
100000	25.9	224
100000	25.95	186
100000	26	201
100000	26.05	183
100000	26.1	206
100000	26.15	158
100000	26.2	159
100000	26.25	146
100000	26.3	142
100000	26.35	127
100000	26.4	120
100000	26.45	138
100000	26.5	111
100000	26.55	128
100000	26.6	108
100000	26.65	90
100000	26.7	92
100000	26.75	93
100000	26.8	89
100000	26.85	91
100000	26.9	86
100000	26.95	78
100000	27	75
100000	27.05	73
100000	27.1	94
100000	27.15	77
100000	27.2	80
100000	27.25	76
100000	27.3	89
100000	27.35	97
100000	27.4	92
100000	27.45	76
100000	27.5	82
100000	27.55	88
100000	27.6	102
100000	27.65	96
100000	27.7	110
100000	27.75	111
100000	27.8	99
100000	27.85	117
100000	27.9	111
100000	27.95	139
100000	28	2199
100000	28.05	21010
100000	28.1	47337
100000	28.15	71533
100000	28.2	91218
100000	28.25	106328
100000	28.3	118051
100000	28.35	125610
100000	28.4	130578
100000	28.45	134767
100000	28.5	136169
100000	28.55	137421
100000	28.6	136769
100000	28.65	135805
100000	28.7	133999
100000	28.75	131982
100000	28.8	129013
100000	28.85	125618
100000	28.9	121504
100000	28.95	116427
100000	29	111627
100000	29.05	105112
100000	29.1	98441
100000	29.15	91287
100000	29.2	83605
100000	29.25	75909
100000	29.3	67267
100000	29.35	59778
100000	29.4	51571
100000	29.45	44615
100000	29.5	38088
100000	29.55	31931
100000	29.6	26557
100000	29.65	21998
100000	29.7	18393
100000	29.75	15112
100000	29.8	12606
100000	29.85	10541
100000	29.9	8931
100000	29.95	7505
