20000	0	9254
20000	0.05	8463
20000	0.1	7716
20000	0.15	7170
20000	0.2	6421
20000	0.25	6149
20000	0.3	5510
20000	0.35	5157
20000	0.4	4772
20000	0.45	4333
20000	0.5	4097
20000	0.55	3962
20000	0.6	3710
20000	0.65	3645
20000	0.7	3397
20000	0.75	3201
20000	0.8	3221
20000	0.85	3140
20000	0.9	2909
20000	0.95	2862
20000	1	2832
20000	1.05	2759
20000	1.1	2641
20000	1.15	2591
20000	1.2	2589
20000	1.25	2592
20000	1.3	2649
20000	1.35	2628
20000	1.4	2557
20000	1.45	2527
20000	1.5	2576
20000	1.55	2611
20000	1.6	2723
20000	1.65	2606
20000	1.7	2678
20000	1.75	2580
20000	1.8	2773
20000	1.85	2780
20000	1.9	2879
20000	1.95	2923
20000	2	2905
20000	2.05	3127
20000	2.1	3266
20000	2.15	3384
20000	2.2	3387
20000	2.25	3479
20000	2.3	3788
20000	2.35	3713
20000	2.4	3919
20000	2.45	4220
20000	2.5	4342
20000	2.55	4530
20000	2.6	4604
20000	2.65	4746
20000	2.7	5084
20000	2.75	5269
20000	2.8	5347
20000	2.85	5728
20000	2.9	5918
20000	2.95	6297
20000	3	6412
20000	3.05	6734
20000	3.1	6993
20000	3.15	7065
20000	3.2	7518
20000	3.25	7889
20000	3.3	7923
20000	3.35	8262
20000	3.4	8357
20000	3.45	8563
20000	3.5	8783
20000	3.55	8748
20000	3.6	9052
20000	3.65	9142
20000	3.7	9198
20000	3.75	9308
20000	3.8	9175
20000	3.85	9554
20000	3.9	9347
20000	3.95	9206
20000	4	9023
20000	4.05	8946
20000	4.1	8689
20000	4.15	8553
20000	4.2	8384
20000	4.25	8183
20000	4.3	8193
20000	4.35	7697
20000	4.4	7440
20000	4.45	7057
20000	4.5	6684
20000	4.55	6473
20000	4.6	5997
20000	4.65	5927
20000	4.7	5447
20000	4.75	5094
20000	4.8	4593
20000	4.85	4344
20000	4.9	4063
20000	4.95	3670
20000	5	3511
20000	5.05	3292
20000	5.1	3014
20000	5.15	2740
20000	5.2	2435
20000	5.25	2185
20000	5.3	2089
20000	5.35	2010
20000	5.4	1866
20000	5.45	1718
20000	5.5	1583
20000	5.55	1498
20000	5.6	1340
20000	5.65	1225
20000	5.7	1220
20000	5.75	1127
20000	5.8	1036
20000	5.85	971
20000	5.9	917
20000	5.95	872
20000	6	858
20000	6.05	726
20000	6.1	770
20000	6.15	675
20000	6.2	681
20000	6.25	640
20000	6.3	603
20000	6.35	627
20000	6.4	575
20000	6.45	573
20000	6.5	548
20000	6.55	566
20000	6.6	548
20000	6.65	526
20000	6.7	504
20000	6.75	503
20000	6.8	471
20000	6.85	511
20000	6.9	508
20000	6.95	541
20000	7	544
20000	7.05	569
20000	7.1	576
20000	7.15	669
20000	7.2	693
20000	7.25	749
20000	7.3	870
20000	7.35	1060
20000	7.4	1203
20000	7.45	1531
20000	7.5	1732
20000	7.55	2405
20000	7.6	2961
20000	7.65	3938
20000	7.7	5182
20000	7.75	6686
20000	7.8	9434
20000	7.85	12338
20000	7.9	16252
20000	7.95	21246
20000	8	27116
20000	8.05	34873
20000	8.1	43238
20000	8.15	52771
20000	8.2	63460
20000	8.25	74482
20000	8.3	85158
20000	8.35	96527
20000	8.4	105404
20000	8.45	114166
20000	8.5	122210
20000	8.55	126599
20000	8.6	129897
20000	8.65	132078
20000	8.7	130709
20000	8.75	129220
20000	8.8	125309
20000	8.85	119783
20000	8.9	113510
20000	8.95	106097
20000	9	98302
20000	9.05	90482
20000	9.1	82744
20000	9.15	74405
20000	9.2	67326
20000	9.25	59870
20000	9.3	53354
20000	9.35	47311
20000	9.4	41845
20000	9.45	36606
20000	9.5	32691
20000	9.55	28513
20000	9.6	25521
20000	9.65	22358
20000	9.7	19537
20000	9.75	17249
20000	9.8	15699
20000	9.85	13983
20000	9.9	12608
20000	9.95	11209
20000	10	10163
20000	10.05	9258
20000	10.1	8230
20000	10.15	7457
20000	10.2	6908
20000	10.25	6432
20000	10.3	6018
20000	10.35	5453
20000	10.4	5128
20000	10.45	4814
20000	10.5	4545
20000	10.55	4137
20000	10.6	4054
20000	10.65	3818
20000	10.7	3724
20000	10.75	3484
20000	10.8	3343
20000	10.85	3164
20000	10.9	3098
20000	10.95	3039
20000	11	2955
20000	11.05	2927
20000	11.1	2883
20000	11.15	2724
20000	11.2	2784
20000	11.25	2720
20000	11.3	2665
20000	11.35	2712
20000	11.4	2598
20000	11.45	2628
20000	11.5	2648
20000	11.55	2553
20000	11.6	2668
20000	11.65	2783
20000	11.7	2830
20000	11.75	2800
20000	11.8	2995
20000	11.85	2934
20000	11.9	2849
20000	11.95	3005
20000	12	3164
20000	12.05	3180
20000	12.1	3236
20000	12.15	3495
20000	12.2	3592
20000	12.25	3703
20000	12.3	3904
20000	12.35	3824
20000	12.4	4076
20000	12.45	4132
20000	12.5	4362
20000	12.55	4588
20000	12.6	4887
20000	12.65	4961
20000	12.7	5200
20000	12.75	5444
20000	12.8	5777
20000	12.85	5972
20000	12.9	6148
20000	12.95	6476
20000	13	6514
20000	13.05	6806
20000	13.1	7195
20000	13.15	7423
20000	13.2	7724
20000	13.25	7892
20000	13.3	8183
20000	13.35	8363
20000	13.4	8677
20000	13.45	8757
20000	13.5	9021
20000	13.55	9117
20000	13.6	9179
20000	13.65	9414
20000	13.7	9381
20000	13.75	9761
20000	13.8	9501
20000	13.85	9542
20000	13.9	9585
20000	13.95	9574
20000	14	9426
20000	14.05	9526
20000	14.1	9067
20000	14.15	8967
20000	14.2	8504
20000	14.25	8172
20000	14.3	7957
20000	14.35	7895
20000	14.4	7445
20000	14.45	7184
20000	14.5	6761
20000	14.55	6482
20000	14.6	6030
20000	14.65	5678
20000	14.7	5293
20000	14.75	5165
20000	14.8	4797
20000	14.85	4323
20000	14.9	4127
20000	14.95	3703
20000	15	3470
20000	15.05	3170
20000	15.1	3031
20000	15.15	2757
20000	15.2	2512
20000	15.25	2366
20000	15.3	2117
20000	15.35	1992
20000	15.4	1850
20000	15.45	1730
20000	15.5	1612
20000	15.55	1460
20000	15.6	1339
20000	15.65	1264
20000	15.7	1175
20000	15.75	1078
20000	15.8	1033
20000	15.85	990
20000	15.9	874
20000	15.95	856
20000	16	771
20000	16.05	727
20000	16.1	656
20000	16.15	674
20000	16.2	651
20000	16.25	638
20000	16.3	566
20000	16.35	551
20000	16.4	528
20000	16.45	527
20000	16.5	489
20000	16.55	523
20000	16.6	534
20000	16.65	481
20000	16.7	525
20000	16.75	504
20000	16.8	461
20000	16.85	460
20000	16.9	515
20000	16.95	485
20000	17	556
20000	17.05	523
20000	17.1	562
20000	17.15	580
20000	17.2	675
20000	17.25	736
20000	17.3	821
20000	17.35	932
20000	17.4	1151
20000	17.45	1348
20000	17.5	1682
20000	17.55	2206
20000	17.6	2911
20000	17.65	3669
20000	17.7	4874
20000	17.75	6531
20000	17.8	8688
20000	17.85	11294
20000	17.9	14943
20000	17.95	20041
20000	18	25177
20000	18.05	32621
20000	18.1	40198
20000	18.15	49173
20000	18.2	58382
20000	18.25	68458
20000	18.3	79442
20000	18.35	88464
20000	18.4	98089
20000	18.45	105229
20000	18.5	112247
20000	18.55	117981
20000	18.6	121067
20000	18.65	122065
20000	18.7	121166
20000	18.75	119749
20000	18.8	115400
20000	18.85	110822
20000	18.9	105211
20000	18.95	97890
20000	19	90926
20000	19.05	83751
20000	19.1	76443
20000	19.15	69329
20000	19.2	61954
20000	19.25	55381
20000	19.3	49174
20000	19.35	43921
20000	19.4	38701
20000	19.45	34186
20000	19.5	30240
20000	19.55	26459
20000	19.6	23406
20000	19.65	20655
20000	19.7	18361
20000	19.75	16390
20000	19.8	14280
20000	19.85	12787
20000	19.9	11519
20000	19.95	10186
20000	20	9246
20000	20.05	8366
20000	20.1	7630
20000	20.15	6953
20000	20.2	6426
20000	20.25	5904
20000	20.3	5399
20000	20.35	5044
20000	20.4	4719
20000	20.45	4456
20000	20.5	4174
20000	20.55	3907
20000	20.6	3761
20000	20.65	3471
20000	20.7	3254
20000	20.75	3212
20000	20.8	3098
20000	20.85	2971
20000	20.9	2861
20000	20.95	2796
20000	21	2656
20000	21.05	2595
20000	21.1	2668
20000	21.15	2611
20000	21.2	2496
20000	21.25	2500
20000	21.3	2460
20000	21.35	2485
20000	21.4	2379
20000	21.45	2417
20000	21.5	2526
20000	21.55	2435
20000	21.6	2442
20000	21.65	2434
20000	21.7	2603
20000	21.75	2613
20000	21.8	2671
20000	21.85	2751
20000	21.9	2838
20000	21.95	2803
20000	22	2836
20000	22.05	3109
20000	22.1	3095
20000	22.15	3163
20000	22.2	3298
20000	22.25	3438
20000	22.3	3448
20000	22.35	3655
20000	22.4	3836
20000	22.45	4061
20000	22.5	4222
20000	22.55	4346
20000	22.6	4481
20000	22.65	4768
20000	22.7	4862
20000	22.75	5155
20000	22.8	5394
20000	22.85	5586
20000	22.9	5835
20000	22.95	6011
20000	23	6360
20000	23.05	6611
20000	23.1	6740
20000	23.15	7056
20000	23.2	7152
20000	23.25	7571
20000	23.3	7686
20000	23.35	7962
20000	23.4	8384
20000	23.45	8493
20000	23.5	8403
20000	23.55	8827
20000	23.6	8894
20000	23.65	8898
20000	23.7	9019
20000	23.75	9025
20000	23.8	9180
20000	23.85	9260
20000	23.9	9138
20000	23.95	9055
20000	24	8965
20000	24.05	8959
20000	24.1	8981
20000	24.15	8633
20000	24.2	8331
20000	24.25	8001
20000	24.3	7980
20000	24.35	7556
20000	24.4	7349
20000	24.45	7059
20000	24.5	6589
20000	24.55	6228
20000	24.6	5841
20000	24.65	5551
20000	24.7	5443
20000	24.75	4924
20000	24.8	4588
20000	24.85	4208
20000	24.9	4009
20000	24.95	3793
20000	25	3364
20000	25.05	3263
20000	25.1	2930
20000	25.15	2677
20000	25.2	2541
20000	25.25	2295
20000	25.3	2228
20000	25.35	1913
20000	25.4	1819
20000	25.45	1632
20000	25.5	1519
20000	25.55	1428
20000	25.6	1298
20000	25.65	1280
20000	25.7	1184
20000	25.75	1051
20000	25.8	973
20000	25.85	918
20000	25.9	888
20000	25.95	850
20000	26	780
20000	26.05	765
20000	26.1	731
20000	26.15	674
20000	26.2	613
20000	26.25	618
20000	26.3	577
20000	26.35	561
20000	26.4	514
20000	26.45	558
20000	26.5	548
20000	26.55	470
20000	26.6	495
20000	26.65	491
20000	26.7	482
20000	26.75	454
20000	26.8	471
20000	26.85	513
20000	26.9	465
20000	26.95	498
20000	27	505
20000	27.05	475
20000	27.1	560
20000	27.15	602
20000	27.2	626
20000	27.25	687
20000	27.3	801
20000	27.35	942
20000	27.4	1120
20000	27.45	1318
20000	27.5	1747
20000	27.55	2127
20000	27.6	2801
20000	27.65	3738
20000	27.7	4857
20000	27.75	6549
20000	27.8	8760
20000	27.85	11589
20000	27.9	15332
20000	27.95	20183
20000	28	25699
20000	28.05	32357
20000	28.1	40460
20000	28.15	49377
20000	28.2	58970
20000	28.25	68970
20000	28.3	79819
20000	28.35	89519
20000	28.4	98794
20000	28.45	107554
20000	28.5	113757
20000	28.55	119116
20000	28.6	122546
20000	28.65	123819
20000	28.7	122878
20000	28.75	120448
20000	28.8	116229
20000	28.85	111828
20000	28.9	105985
20000	28.95	98602
20000	29	91776
20000	29.05	84370
20000	29.1	76931
20000	29.15	69003
20000	29.2	62543
20000	29.25	55954
20000	29.3	49817
20000	29.35	44296
20000	29.4	39014
20000	29.45	34651
20000	29.5	30646
20000	29.55	26411
20000	29.6	23931
20000	29.65	20797
20000	29.7	18547
20000	29.75	16365
20000	29.8	14530
20000	29.85	13029
20000	29.9	11754
20000	29.95	10440
40000	0	9374
40000	0.05	8604
40000	0.1	7708
40000	0.15	7279
40000	0.2	6639
40000	0.25	6063
40000	0.3	5538
40000	0.35	5081
40000	0.4	4830
40000	0.45	4566
40000	0.5	4215
40000	0.55	3956
40000	0.6	3876
40000	0.65	3717
40000	0.7	3410
40000	0.75	3428
40000	0.8	3185
40000	0.85	3090
40000	0.9	2925
40000	0.95	2912
40000	1	2810
40000	1.05	2663
40000	1.1	2702
40000	1.15	2508
40000	1.2	2458
40000	1.25	2612
40000	1.3	2640
40000	1.35	2490
40000	1.4	2527
40000	1.45	2584
40000	1.5	2632
40000	1.55	2515
40000	1.6	2579
40000	1.65	2575
40000	1.7	2700
40000	1.75	2644
40000	1.8	2688
40000	1.85	2732
40000	1.9	2776
40000	1.95	2980
40000	2	2965
40000	2.05	3027
40000	2.1	3287
40000	2.15	3434
40000	2.2	3348
40000	2.25	3562
40000	2.3	3639
40000	2.35	3784
40000	2.4	3951
40000	2.45	4139
40000	2.5	4260
40000	2.55	4509
40000	2.6	4546
40000	2.65	4763
40000	2.7	5219
40000	2.75	5052
40000	2.8	5469
40000	2.85	5715
40000	2.9	6116
40000	2.95	6221
40000	3	6571
40000	3.05	6724
40000	3.1	6826
40000	3.15	6960
40000	3.2	7586
40000	3.25	7564
40000	3.3	7952
40000	3.35	8235
40000	3.4	8301
40000	3.45	8438
40000	3.5	8589
40000	3.55	8941
40000	3.6	8922
40000	3.65	8963
40000	3.7	9073
40000	3.75	9147
40000	3.8	9275
40000	3.85	9208
40000	3.9	9137
40000	3.95	8933
40000	4	9114
40000	4.05	8774
40000	4.1	8633
40000	4.15	8519
40000	4.2	8284
40000	4.25	7924
40000	4.3	7802
40000	4.35	7463
40000	4.4	7259
40000	4.45	6918
40000	4.5	6594
40000	4.55	6298
40000	4.6	5848
40000	4.65	5498
40000	4.7	5249
40000	4.75	4878
40000	4.8	4552
40000	4.85	4336
40000	4.9	3966
40000	4.95	3705
40000	5	3448
40000	5.05	3185
40000	5.1	2982
40000	5.15	2647
40000	5.2	2483
40000	5.25	2327
40000	5.3	2186
40000	5.35	1958
40000	5.4	1838
40000	5.45	1726
40000	5.5	1571
40000	5.55	1408
40000	5.6	1376
40000	5.65	1261
40000	5.7	1149
40000	5.75	1125
40000	5.8	1023
40000	5.85	946
40000	5.9	982
40000	5.95	815
40000	6	800
40000	6.05	743
40000	6.1	745
40000	6.15	701
40000	6.2	661
40000	6.25	644
40000	6.3	629
40000	6.35	588
40000	6.4	546
40000	6.45	519
40000	6.5	509
40000	6.55	520
40000	6.6	498
40000	6.65	490
40000	6.7	487
40000	6.75	490
40000	6.8	475
40000	6.85	502
40000	6.9	498
40000	6.95	561
40000	7	491
40000	7.05	543
40000	7.1	550
40000	7.15	635
40000	7.2	685
40000	7.25	754
40000	7.3	783
40000	7.35	1010
40000	7.4	1128
40000	7.45	1406
40000	7.5	1801
40000	7.55	2234
40000	7.6	2936
40000	7.65	3842
40000	7.7	5028
40000	7.75	6837
40000	7.8	8954
40000	7.85	11788
40000	7.9	15670
40000	7.95	20351
40000	8	26621
40000	8.05	33512
40000	8.1	41648
40000	8.15	50859
40000	8.2	61220
40000	8.25	71187
40000	8.3	82390
40000	8.35	93131
40000	8.4	101775
40000	8.45	110288
40000	8.5	117623
40000	8.55	122516
40000	8.6	125403
40000	8.65	126815
40000	8.7	125856
40000	8.75	123860
40000	8.8	120532
40000	8.85	115101
40000	8.9	108688
40000	8.95	101759
40000	9	95072
40000	9.05	86681
40000	9.1	79197
40000	9.15	71940
40000	9.2	64258
40000	9.25	57727
40000	9.3	51491
40000	9.35	45419
40000	9.4	39835
40000	9.45	34978
40000	9.5	31286
40000	9.55	27230
40000	9.6	23849
40000	9.65	21453
40000	9.7	18651
40000	9.75	16835
40000	9.8	14944
40000	9.85	13335
40000	9.9	11685
40000	9.95	10518
40000	10	9599
40000	10.05	8498
40000	10.1	7848
40000	10.15	7091
40000	10.2	6574
40000	10.25	6073
40000	10.3	5536
40000	10.35	5255
40000	10.4	4834
40000	10.45	4529
40000	10.5	4321
40000	10.55	4015
40000	10.6	3790
40000	10.65	3699
40000	10.7	3591
40000	10.75	3388
40000	10.8	3268
40000	10.85	3053
40000	10.9	3061
40000	10.95	2934
40000	11	2782
40000	11.05	2774
40000	11.1	2723
40000	11.15	2641
40000	11.2	2607
40000	11.25	2621
40000	11.3	2617
40000	11.35	2587
40000	11.4	2538
40000	11.45	2513
40000	11.5	2631
40000	11.55	2609
40000	11.6	2590
40000	11.65	2646
40000	11.7	2690
40000	11.75	2692
40000	11.8	2727
40000	11.85	2727
40000	11.9	2850
40000	11.95	2942
40000	12	3075
40000	12.05	3222
40000	12.1	3247
40000	12.15	3366
40000	12.2	3430
40000	12.25	3526
40000	12.3	3631
40000	12.35	3763
40000	12.4	3953
40000	12.45	4122
40000	12.5	4353
40000	12.55	4423
40000	12.6	4729
40000	12.65	4867
40000	12.7	5177
40000	12.75	5284
40000	12.8	5495
40000	12.85	5829
40000	12.9	6121
40000	12.95	6126
40000	13	6443
40000	13.05	6814
40000	13.1	7043
40000	13.15	7195
40000	13.2	7725
40000	13.25	7707
40000	13.3	7976
40000	13.35	8289
40000	13.4	8386
40000	13.45	8424
40000	13.5	8666
40000	13.55	8868
40000	13.6	9209
40000	13.65	9240
40000	13.7	9390
40000	13.75	9406
40000	13.8	9450
40000	13.85	9288
40000	13.9	9322
40000	13.95	9497
40000	14	9153
40000	14.05	8978
40000	14.1	8854
40000	14.15	8706
40000	14.2	8611
40000	14.25	8287
40000	14.3	8052
40000	14.35	7669
40000	14.4	7507
40000	14.45	6920
40000	14.5	6778
40000	14.55	6555
40000	14.6	6011
40000	14.65	5688
40000	14.7	5332
40000	14.75	5041
40000	14.8	4650
40000	14.85	4377
40000	14.9	4042
40000	14.95	3705
40000	15	3443
40000	15.05	3235
40000	15.1	2982
40000	15.15	2826
40000	15.2	2562
40000	15.25	2312
40000	15.3	2136
40000	15.35	1951
40000	15.4	1858
40000	15.45	1722
40000	15.5	1547
40000	15.55	1439
40000	15.6	1305
40000	15.65	1218
40000	15.7	1123
40000	15.75	1038
40000	15.8	1024
40000	15.85	968
40000	15.9	850
40000	15.95	813
40000	16	766
40000	16.05	791
40000	16.1	772
40000	16.15	675
40000	16.2	654
40000	16.25	651
40000	16.3	567
40000	16.35	580
40000	16.4	508
40000	16.45	487
40000	16.5	519
40000	16.55	530
40000	16.6	527
40000	16.65	496
40000	16.7	511
40000	16.75	472
40000	16.8	455
40000	16.85	471
40000	16.9	500
40000	16.95	493
40000	17	535
40000	17.05	581
40000	17.1	612
40000	17.15	628
40000	17.2	749
40000	17.25	784
40000	17.3	867
40000	17.35	1064
40000	17.4	1207
40000	17.45	1460
40000	17.5	1838
40000	17.55	2297
40000	17.6	2958
40000	17.65	3885
40000	17.7	5040
40000	17.75	6751
40000	17.8	8925
40000	17.85	11883
40000	17.9	15664
40000	17.95	20682
40000	18	26366
40000	18.05	33438
40000	18.1	41619
40000	18.15	50810
40000	18.2	60403
40000	18.25	71256
40000	18.3	81044
40000	18.35	91424
40000	18.4	101027
40000	18.45	109710
40000	18.5	115871
40000	18.55	120578
40000	18.6	124957
40000	18.65	125558
40000	18.7	125159
40000	18.75	123280
40000	18.8	118774
40000	18.85	114320
40000	18.9	108297
40000	18.95	100947
40000	19	93989
40000	19.05	86416
40000	19.1	79079
40000	19.15	71104
40000	19.2	63759
40000	19.25	57577
40000	19.3	50798
40000	19.35	45144
40000	19.4	39808
40000	19.45	35062
40000	19.5	30952
40000	19.55	27548
40000	19.6	24097
40000	19.65	21292
40000	19.7	18837
40000	19.75	16603
40000	19.8	15014
40000	19.85	13173
40000	19.9	11854
40000	19.95	10514
40000	20	9605
40000	20.05	8771
40000	20.1	7918
40000	20.15	7440
40000	20.2	6587
40000	20.25	6148
40000	20.3	5612
40000	20.35	5217
40000	20.4	4896
40000	20.45	4644
40000	20.5	4402
40000	20.55	4127
40000	20.6	3919
40000	20.65	3696
40000	20.7	3493
40000	20.75	3358
40000	20.8	3162
40000	20.85	3073
40000	20.9	3011
40000	20.95	2921
40000	21	2749
40000	21.05	2840
40000	21.1	2815
40000	21.15	2770
40000	21.2	2691
40000	21.25	2664
40000	21.3	2631
40000	21.35	2591
40000	21.4	2641
40000	21.45	2613
40000	21.5	2560
40000	21.55	2618
40000	21.6	2575
40000	21.65	2691
40000	21.7	2641
40000	21.75	2757
40000	21.8	2720
40000	21.85	2767
40000	21.9	2865
40000	21.95	2930
40000	22	3041
40000	22.05	3198
40000	22.1	3281
40000	22.15	3243
40000	22.2	3437
40000	22.25	3599
40000	22.3	3643
40000	22.35	3822
40000	22.4	3955
40000	22.45	4196
40000	22.5	4253
40000	22.55	4466
40000	22.6	4718
40000	22.65	4921
40000	22.7	5112
40000	22.75	5185
40000	22.8	5522
40000	22.85	5903
40000	22.9	5998
40000	22.95	6312
40000	23	6487
40000	23.05	6684
40000	23.1	6741
40000	23.15	7230
40000	23.2	7591
40000	23.25	7641
40000	23.3	8122
40000	23.35	8195
40000	23.4	8421
40000	23.45	8475
40000	23.5	8875
40000	23.55	8846
40000	23.6	9170
40000	23.65	9239
40000	23.7	9278
40000	23.75	9393
40000	23.8	9536
40000	23.85	9396
40000	23.9	9397
40000	23.95	9134
40000	24	9099
40000	24.05	8993
40000	24.1	8844
40000	24.15	8637
40000	24.2	8346
40000	24.25	8271
40000	24.3	8054
40000	24.35	7725
40000	24.4	7255
40000	24.45	7261
40000	24.5	6811
40000	24.55	6401
40000	24.6	6006
40000	24.65	5669
40000	24.7	5351
40000	24.75	5016
40000	24.8	4755
40000	24.85	4398
40000	24.9	4022
40000	24.95	3686
40000	25	3512
40000	25.05	3234
40000	25.1	2966
40000	25.15	2717
40000	25.2	2493
40000	25.25	2344
40000	25.3	2101
40000	25.35	1971
40000	25.4	1796
40000	25.45	1606
40000	25.5	1531
40000	25.55	1491
40000	25.6	1269
40000	25.65	1242
40000	25.7	1173
40000	25.75	1116
40000	25.8	992
40000	25.85	934
40000	25.9	889
40000	25.95	828
40000	26	798
40000	26.05	742
40000	26.1	752
40000	26.15	697
40000	26.2	652
40000	26.25	573
40000	26.3	622
40000	26.35	555
40000	26.4	570
40000	26.45	552
40000	26.5	542
40000	26.55	512
40000	26.6	470
40000	26.65	444
40000	26.7	481
40000	26.75	452
40000	26.8	533
40000	26.85	437
40000	26.9	472
40000	26.95	500
40000	27	500
40000	27.05	521
40000	27.1	565
40000	27.15	583
40000	27.2	658
40000	27.25	736
40000	27.3	832
40000	27.35	941
40000	27.4	1145
40000	27.45	1377
40000	27.5	1693
40000	27.55	2167
40000	27.6	2830
40000	27.65	3634
40000	27.7	4918
40000	27.75	6427
40000	27.8	8590
40000	27.85	11404
40000	27.9	15132
40000	27.95	19841
40000	28	25550
40000	28.05	32407
40000	28.1	40741
40000	28.15	49616
40000	28.2	59766
40000	28.25	70422
40000	28.3	80423
40000	28.35	90637
40000	28.4	100334
40000	28.45	108717
40000	28.5	115119
40000	28.55	120468
40000	28.6	123363
40000	28.65	124463
40000	28.7	124172
40000	28.75	122277
40000	28.8	118796
40000	28.85	113508
40000	28.9	107226
40000	28.95	100984
40000	29	93040
40000	29.05	85430
40000	29.1	78106
40000	29.15	69971
40000	29.2	63497
40000	29.25	56384
40000	29.3	50423
40000	29.35	44351
40000	29.4	39231
40000	29.45	34650
40000	29.5	30690
40000	29.55	27052
40000	29.6	23578
40000	29.65	21020
40000	29.7	18662
40000	29.75	16416
40000	29.8	14828
40000	29.85	13016
40000	29.9	11929
40000	29.95	10383
60000	0	9576
60000	0.05	8585
60000	0.1	7764
60000	0.15	7061
60000	0.2	6379
60000	0.25	6016
60000	0.3	5616
60000	0.35	5101
60000	0.4	4744
60000	0.45	4482
60000	0.5	4207
60000	0.55	3920
60000	0.6	3844
60000	0.65	3403
60000	0.7	3309
60000	0.75	3284
60000	0.8	3108
60000	0.85	3081
60000	0.9	2935
60000	0.95	2755
60000	1	2805
60000	1.05	2680
60000	1.1	2604
60000	1.15	2522
60000	1.2	2531
60000	1.25	2600
60000	1.3	2412
60000	1.35	2564
60000	1.4	2469
60000	1.45	2461
60000	1.5	2527
60000	1.55	2492
60000	1.6	2496
60000	1.65	2544
60000	1.7	2557
60000	1.75	2680
60000	1.8	2603
60000	1.85	2630
60000	1.9	2762
60000	1.95	2880
60000	2	2925
60000	2.05	3069
60000	2.1	3090
60000	2.15	3242
60000	2.2	3361
60000	2.25	3474
60000	2.3	3551
60000	2.35	3771
60000	2.4	3699
60000	2.45	4089
60000	2.5	4210
60000	2.55	4323
60000	2.6	4470
60000	2.65	4678
60000	2.7	4996
60000	2.75	5125
60000	2.8	5474
60000	2.85	5515
60000	2.9	5927
60000	2.95	6060
60000	3	6276
60000	3.05	6536
60000	3.1	6726
60000	3.15	6907
60000	3.2	7328
60000	3.25	7445
60000	3.3	7722
60000	3.35	7783
60000	3.4	7895
60000	3.45	8294
60000	3.5	8482
60000	3.55	8541
60000	3.6	8702
60000	3.65	8736
60000	3.7	8813
60000	3.75	8867
60000	3.8	9083
60000	3.85	8840
60000	3.9	8827
60000	3.95	8848
60000	4	8800
60000	4.05	8539
60000	4.1	8559
60000	4.15	8254
60000	4.2	8148
60000	4.25	7777
60000	4.3	7608
60000	4.35	7302
60000	4.4	6967
60000	4.45	6565
60000	4.5	6441
60000	4.55	6118
60000	4.6	5716
60000	4.65	5645
60000	4.7	5109
60000	4.75	4672
60000	4.8	4323
60000	4.85	4139
60000	4.9	3842
60000	4.95	3444
60000	5	3368
60000	5.05	3036
60000	5.1	2775
60000	5.15	2680
60000	5.2	2400
60000	5.25	2134
60000	5.3	2045
60000	5.35	1884
60000	5.4	1741
60000	5.45	1508
60000	5.5	1469
60000	5.55	1390
60000	5.6	1252
60000	5.65	1176
60000	5.7	1113
60000	5.75	1029
60000	5.8	968
60000	5.85	845
60000	5.9	897
60000	5.95	831
60000	6	759
60000	6.05	713
60000	6.1	647
60000	6.15	678
60000	6.2	648
60000	6.25	550
60000	6.3	548
60000	6.35	574
60000	6.4	550
60000	6.45	498
60000	6.5	528
60000	6.55	485
60000	6.6	483
60000	6.65	496
60000	6.7	453
60000	6.75	450
60000	6.8	455
60000	6.85	470
60000	6.9	497
60000	6.95	500
60000	7	535
60000	7.05	538
60000	7.1	574
60000	7.15	631
60000	7.2	687
60000	7.25	817
60000	7.3	882
60000	7.35	1005
60000	7.4	1186
60000	7.45	1464
60000	7.5	1763
60000	7.55	2301
60000	7.6	2923
60000	7.65	3835
60000	7.7	5098
60000	7.75	6844
60000	7.8	8956
60000	7.85	12176
60000	7.9	16016
60000	7.95	20708
60000	8	27119
60000	8.05	33925
60000	8.1	42483
60000	8.15	52008
60000	8.2	62217
60000	8.25	73118
60000	8.3	83808
60000	8.35	94333
60000	8.4	104039
60000	8.45	112470
60000	8.5	118955
60000	8.55	124220
60000	8.6	127948
60000	8.65	129090
60000	8.7	128643
60000	8.75	127133
60000	8.8	123134
60000	8.85	118332
60000	8.9	111161
60000	8.95	104611
60000	9	96375
60000	9.05	88538
60000	9.1	80667
60000	9.15	73014
60000	9.2	66446
60000	9.25	58656
60000	9.3	52287
60000	9.35	46177
60000	9.4	40573
60000	9.45	36515
60000	9.5	31739
60000	9.55	27970
60000	9.6	24616
60000	9.65	21905
60000	9.7	19475
60000	9.75	17031
60000	9.8	15223
60000	9.85	13606
60000	9.9	12044
60000	9.95	10994
60000	10	10070
60000	10.05	8912
60000	10.1	8047
60000	10.15	7326
60000	10.2	6843
60000	10.25	6191
60000	10.3	5808
60000	10.35	5434
60000	10.4	5034
60000	10.45	4710
60000	10.5	4368
60000	10.55	4171
60000	10.6	3953
60000	10.65	3710
60000	10.7	3588
60000	10.75	3373
60000	10.8	3239
60000	10.85	3209
60000	10.9	3121
60000	10.95	2903
60000	11	2932
60000	11.05	2847
60000	11.1	2700
60000	11.15	2610
60000	11.2	2687
60000	11.25	2604
60000	11.3	2715
60000	11.35	2626
60000	11.4	2640
60000	11.45	2680
60000	11.5	2589
60000	11.55	2558
60000	11.6	2665
60000	11.65	2619
60000	11.7	2684
60000	11.75	2769
60000	11.8	2758
60000	11.85	2727
60000	11.9	2937
60000	11.95	2873
60000	12	3040
60000	12.05	3127
60000	12.1	3224
60000	12.15	3250
60000	12.2	3451
60000	12.25	3551
60000	12.3	3685
60000	12.35	3820
60000	12.4	4029
60000	12.45	4106
60000	12.5	4337
60000	12.55	4535
60000	12.6	4734
60000	12.65	4910
60000	12.7	5042
60000	12.75	5333
60000	12.8	5537
60000	12.85	5710
60000	12.9	5919
60000	12.95	6377
60000	13	6556
60000	13.05	6808
60000	13.1	7083
60000	13.15	7137
60000	13.2	7539
60000	13.25	7643
60000	13.3	8027
60000	13.35	8229
60000	13.4	8376
60000	13.45	8670
60000	13.5	8773
60000	13.55	8946
60000	13.6	9255
60000	13.65	9032
60000	13.7	9166
60000	13.75	9192
60000	13.8	9286
60000	13.85	9229
60000	13.9	9251
60000	13.95	9258
60000	14	9057
60000	14.05	9000
60000	14.1	8845
60000	14.15	8545
60000	14.2	8334
60000	14.25	8103
60000	14.3	7775
60000	14.35	7533
60000	14.4	7284
60000	14.45	6960
60000	14.5	6683
60000	14.55	6338
60000	14.6	5967
60000	14.65	5558
60000	14.7	5236
60000	14.75	5028
60000	14.8	4615
60000	14.85	4338
60000	14.9	3914
60000	14.95	3596
60000	15	3404
60000	15.05	3102
60000	15.1	2861
60000	15.15	2616
60000	15.2	2546
60000	15.25	2281
60000	15.3	1983
60000	15.35	1943
60000	15.4	1793
60000	15.45	1719
60000	15.5	1506
60000	15.55	1433
60000	15.6	1300
60000	15.65	1195
60000	15.7	1077
60000	15.75	1021
60000	15.8	995
60000	15.85	919
60000	15.9	864
60000	15.95	787
60000	16	801
60000	16.05	684
60000	16.1	735
60000	16.15	672
60000	16.2	615
60000	16.25	642
60000	16.3	538
60000	16.35	558
60000	16.4	539
60000	16.45	525
60000	16.5	495
60000	16.55	504
60000	16.6	454
60000	16.65	499
60000	16.7	459
60000	16.75	442
60000	16.8	436
60000	16.85	456
60000	16.9	452
60000	16.95	514
60000	17	492
60000	17.05	523
60000	17.1	601
60000	17.15	602
60000	17.2	641
60000	17.25	704
60000	17.3	849
60000	17.35	971
60000	17.4	1157
60000	17.45	1442
60000	17.5	1791
60000	17.55	2277
60000	17.6	2922
60000	17.65	3767
60000	17.7	4926
60000	17.75	6685
60000	17.8	8682
60000	17.85	11659
60000	17.9	15323
60000	17.95	20050
60000	18	25949
60000	18.05	32725
60000	18.1	40882
60000	18.15	49747
60000	18.2	59544
60000	18.25	69831
60000	18.3	80531
60000	18.35	89809
60000	18.4	99569
60000	18.45	108048
60000	18.5	114243
60000	18.55	119780
60000	18.6	123452
60000	18.65	124285
60000	18.7	124013
60000	18.75	121599
60000	18.8	118295
60000	18.85	113229
60000	18.9	107563
60000	18.95	99930
60000	19	92860
60000	19.05	85734
60000	19.1	77930
60000	19.15	70846
60000	19.2	63225
60000	19.25	57022
60000	19.3	50742
60000	19.35	44963
60000	19.4	39707
60000	19.45	35182
60000	19.5	30979
60000	19.55	27272
60000	19.6	24090
60000	19.65	21136
60000	19.7	18975
60000	19.75	16625
60000	19.8	14965
60000	19.85	13121
60000	19.9	11636
60000	19.95	10615
60000	20	9754
60000	20.05	8628
60000	20.1	7808
60000	20.15	7056
60000	20.2	6461
60000	20.25	6135
60000	20.3	5712
60000	20.35	5209
60000	20.4	5074
60000	20.45	4623
60000	20.5	4399
60000	20.55	4053
60000	20.6	3849
60000	20.65	3525
60000	20.7	3444
60000	20.75	3283
60000	20.8	3190
60000	20.85	3084
60000	20.9	2931
60000	20.95	2794
60000	21	2844
60000	21.05	2780
60000	21.1	2688
60000	21.15	2607
60000	21.2	2543
60000	21.25	2616
60000	21.3	2519
60000	21.35	2529
60000	21.4	2551
60000	21.45	2536
60000	21.5	2564
60000	21.55	2572
60000	21.6	2588
60000	21.65	2574
60000	21.7	2618
60000	21.75	2616
60000	21.8	2699
60000	21.85	2815
60000	21.9	2863
60000	21.95	2901
60000	22	3151
60000	22.05	3121
60000	22.1	3271
60000	22.15	3186
60000	22.2	3349
60000	22.25	3541
60000	22.3	3565
60000	22.35	3646
60000	22.4	3925
60000	22.45	4122
60000	22.5	4177
60000	22.55	4438
60000	22.6	4562
60000	22.65	4856
60000	22.7	5057
60000	22.75	5221
60000	22.8	5479
60000	22.85	5837
60000	22.9	5879
60000	22.95	6144
60000	23	6423
60000	23.05	6490
60000	23.1	6883
60000	23.15	7141
60000	23.2	7414
60000	23.25	7692
60000	23.3	7849
60000	23.35	8157
60000	23.4	8359
60000	23.45	8520
60000	23.5	8635
60000	23.55	8825
60000	23.6	9092
60000	23.65	9138
60000	23.7	9158
60000	23.75	9336
60000	23.8	9246
60000	23.85	9065
60000	23.9	9142
60000	23.95	9147
60000	24	8992
60000	24.05	8941
60000	24.1	8843
60000	24.15	8626
60000	24.2	8284
60000	24.25	8095
60000	24.3	7873
60000	24.35	7428
60000	24.4	7239
60000	24.45	6910
60000	24.5	6743
60000	24.55	6304
60000	24.6	5919
60000	24.65	5509
60000	24.7	5262
60000	24.75	4856
60000	24.8	4497
60000	24.85	4275
60000	24.9	4024
60000	24.95	3647
60000	25	3332
60000	25.05	3133
60000	25.1	2913
60000	25.15	2570
60000	25.2	2525
60000	25.25	2361
60000	25.3	2119
60000	25.35	1949
60000	25.4	1773
60000	25.45	1596
60000	25.5	1461
60000	25.55	1497
60000	25.6	1348
60000	25.65	1128
60000	25.7	1168
60000	25.75	1076
60000	25.8	993
60000	25.85	932
60000	25.9	841
60000	25.95	864
60000	26	776
60000	26.05	733
60000	26.1	677
60000	26.15	670
60000	26.2	650
60000	26.25	569
60000	26.3	526
60000	26.35	530
60000	26.4	572
60000	26.45	516
60000	26.5	506
60000	26.55	542
60000	26.6	482
60000	26.65	477
60000	26.7	478
60000	26.75	485
60000	26.8	480
60000	26.85	506
60000	26.9	485
60000	26.95	467
60000	27	503
60000	27.05	554
60000	27.1	588
60000	27.15	652
60000	27.2	701
60000	27.25	785
60000	27.3	776
60000	27.35	1055
60000	27.4	1205
60000	27.45	1409
60000	27.5	1826
60000	27.55	2253
60000	27.6	2951
60000	27.65	3767
60000	27.7	5048
60000	27.75	6552
60000	27.8	8846
60000	27.85	11697
60000	27.9	15365
60000	27.95	20132
60000	28	25959
60000	28.05	33054
60000	28.1	41064
60000	28.15	50258
60000	28.2	59917
60000	28.25	70266
60000	28.3	80549
60000	28.35	90741
60000	28.4	99949
60000	28.45	107688
60000	28.5	114316
60000	28.55	120490
60000	28.6	123266
60000	28.65	124069
60000	28.7	123250
60000	28.75	121067
60000	28.8	118828
60000	28.85	113202
60000	28.9	107017
60000	28.95	99715
60000	29	92467
60000	29.05	85438
60000	29.1	77723
60000	29.15	70661
60000	29.2	63236
60000	29.25	56542
60000	29.3	50069
60000	29.35	44508
60000	29.4	39422
60000	29.45	34744
60000	29.5	30503
60000	29.55	26894
60000	29.6	23784
60000	29.65	21073
60000	29.7	18625
60000	29.75	16559
60000	29.8	14400
60000	29.85	12830
60000	29.9	11664
60000	29.95	10374
80000	0	9449
80000	0.05	8433
80000	0.1	7618
80000	0.15	7049
80000	0.2	6454
80000	0.25	5904
80000	0.3	5587
80000	0.35	5136
80000	0.4	4837
80000	0.45	4372
80000	0.5	4246
80000	0.55	4029
80000	0.6	3815
80000	0.65	3688
80000	0.7	3356
80000	0.75	3281
80000	0.8	3142
80000	0.85	3052
80000	0.9	2904
80000	0.95	2946
80000	1	2787
80000	1.05	2708
80000	1.1	2698
80000	1.15	2715
80000	1.2	2508
80000	1.25	2613
80000	1.3	2534
80000	1.35	2553
80000	1.4	2485
80000	1.45	2493
80000	1.5	2512
80000	1.55	2537
80000	1.6	2591
80000	1.65	2523
80000	1.7	2669
80000	1.75	2574
80000	1.8	2711
80000	1.85	2746
80000	1.9	2768
80000	1.95	2894
80000	2	3006
80000	2.05	3093
80000	2.1	3078
80000	2.15	3286
80000	2.2	3360
80000	2.25	3496
80000	2.3	3553
80000	2.35	3770
80000	2.4	3868
80000	2.45	4042
80000	2.5	4234
80000	2.55	4310
80000	2.6	4560
80000	2.65	4635
80000	2.7	4938
80000	2.75	5188
80000	2.8	5407
80000	2.85	5724
80000	2.9	5971
80000	2.95	6217
80000	3	6434
80000	3.05	6489
80000	3.1	6860
80000	3.15	6943
80000	3.2	7233
80000	3.25	7673
80000	3.3	7611
80000	3.35	8021
80000	3.4	8183
80000	3.45	8371
80000	3.5	8507
80000	3.55	8839
80000	3.6	8852
80000	3.65	9061
80000	3.7	8977
80000	3.75	9233
80000	3.8	9230
80000	3.85	9097
80000	3.9	9108
80000	3.95	9073
80000	4	9073
80000	4.05	8816
80000	4.1	8638
80000	4.15	8509
80000	4.2	8289
80000	4.25	7930
80000	4.3	7720
80000	4.35	7409
80000	4.4	7138
80000	4.45	7010
80000	4.5	6495
80000	4.55	6287
80000	4.6	5810
80000	4.65	5554
80000	4.7	5164
80000	4.75	4882
80000	4.8	4439
80000	4.85	4183
80000	4.9	3944
80000	4.95	3619
80000	5	3345
80000	5.05	3033
80000	5.1	2899
80000	5.15	2669
80000	5.2	2385
80000	5.25	2220
80000	5.3	2053
80000	5.35	1929
80000	5.4	1741
80000	5.45	1564
80000	5.5	1424
80000	5.55	1303
80000	5.6	1321
80000	5.65	1217
80000	5.7	1070
80000	5.75	983
80000	5.8	943
80000	5.85	936
80000	5.9	817
80000	5.95	807
80000	6	772
80000	6.05	710
80000	6.1	685
80000	6.15	661
80000	6.2	637
80000	6.25	565
80000	6.3	618
80000	6.35	531
80000	6.4	511
80000	6.45	526
80000	6.5	493
80000	6.55	492
80000	6.6	482
80000	6.65	485
80000	6.7	496
80000	6.75	454
80000	6.8	501
80000	6.85	449
80000	6.9	458
80000	6.95	508
80000	7	464
80000	7.05	555
80000	7.1	566
80000	7.15	642
80000	7.2	724
80000	7.25	790
80000	7.3	901
80000	7.35	1014
80000	7.4	1214
80000	7.45	1481
80000	7.5	1762
80000	7.55	2228
80000	7.6	2979
80000	7.65	3736
80000	7.7	5025
80000	7.75	6646
80000	7.8	8768
80000	7.85	11772
80000	7.9	15414
80000	7.95	20673
80000	8	25945
80000	8.05	33308
80000	8.1	41254
80000	8.15	50307
80000	8.2	60337
80000	8.25	70120
80000	8.3	80673
80000	8.35	91346
80000	8.4	100596
80000	8.45	108268
80000	8.5	115367
80000	8.55	120598
80000	8.6	124537
80000	8.65	125458
80000	8.7	125312
80000	8.75	123029
80000	8.8	119396
80000	8.85	113762
80000	8.9	108095
80000	8.95	100634
80000	9	93868
80000	9.05	86233
80000	9.1	78502
80000	9.15	71307
80000	9.2	63873
80000	9.25	57130
80000	9.3	50515
80000	9.35	44894
80000	9.4	39616
80000	9.45	34972
80000	9.5	30664
80000	9.55	27316
80000	9.6	23744
80000	9.65	21258
80000	9.7	18644
80000	9.75	16532
80000	9.8	14638
80000	9.85	12944
80000	9.9	11942
80000	9.95	10595
80000	10	9662
80000	10.05	8698
80000	10.1	7775
80000	10.15	7124
80000	10.2	6504
80000	10.25	6174
80000	10.3	5643
80000	10.35	5225
80000	10.4	4921
80000	10.45	4547
80000	10.5	4291
80000	10.55	3943
80000	10.6	3774
80000	10.65	3626
80000	10.7	3440
80000	10.75	3318
80000	10.8	3249
80000	10.85	3045
80000	10.9	2961
80000	10.95	2909
80000	11	2767
80000	11.05	2755
80000	11.1	2623
80000	11.15	2655
80000	11.2	2609
80000	11.25	2573
80000	11.3	2486
80000	11.35	2567
80000	11.4	2519
80000	11.45	2450
80000	11.5	2505
80000	11.55	2613
80000	11.6	2553
80000	11.65	2654
80000	11.7	2543
80000	11.75	2753
80000	11.8	2787
80000	11.85	2778
80000	11.9	2775
80000	11.95	3012
80000	12	3019
80000	12.05	3064
80000	12.1	3135
80000	12.15	3246
80000	12.2	3402
80000	12.25	3518
80000	12.3	3526
80000	12.35	3913
80000	12.4	3933
80000	12.45	4098
80000	12.5	4336
80000	12.55	4375
80000	12.6	4654
80000	12.65	4832
80000	12.7	5064
80000	12.75	5301
80000	12.8	5556
80000	12.85	5742
80000	12.9	5935
80000	12.95	6183
80000	13	6392
80000	13.05	6669
80000	13.1	6818
80000	13.15	7035
80000	13.2	7520
80000	13.25	7560
80000	13.3	7883
80000	13.35	8166
80000	13.4	8244
80000	13.45	8435
80000	13.5	8622
80000	13.55	8801
80000	13.6	8960
80000	13.65	8975
80000	13.7	9203
80000	13.75	9080
80000	13.8	9191
80000	13.85	9103
80000	13.9	9155
80000	13.95	9079
80000	14	8830
80000	14.05	8867
80000	14.1	8793
80000	14.15	8629
80000	14.2	8277
80000	14.25	8192
80000	14.3	7848
80000	14.35	7593
80000	14.4	7097
80000	14.45	6761
80000	14.5	6628
80000	14.55	6244
80000	14.6	5897
80000	14.65	5609
80000	14.7	5124
80000	14.75	4985
80000	14.8	4471
80000	14.85	4306
80000	14.9	3934
80000	14.95	3705
80000	15	3341
80000	15.05	3033
80000	15.1	2921
80000	15.15	2657
80000	15.2	2470
80000	15.25	2329
80000	15.3	2059
80000	15.35	1854
80000	15.4	1844
80000	15.45	1678
80000	15.5	1517
80000	15.55	1410
80000	15.6	1352
80000	15.65	1165
80000	15.7	1134
80000	15.75	1094
80000	15.8	988
80000	15.85	901
80000	15.9	902
80000	15.95	809
80000	16	793
80000	16.05	743
80000	16.1	741
80000	16.15	643
80000	16.2	631
80000	16.25	640
80000	16.3	594
80000	16.35	582
80000	16.4	553
80000	16.45	543
80000	16.5	499
80000	16.55	495
80000	16.6	525
80000	16.65	468
80000	16.7	538
80000	16.75	496
80000	16.8	473
80000	16.85	503
80000	16.9	504
80000	16.95	555
80000	17	485
80000	17.05	551
80000	17.1	515
80000	17.15	618
80000	17.2	696
80000	17.25	713
80000	17.3	811
80000	17.35	1027
80000	17.4	1169
80000	17.45	1421
80000	17.5	1834
80000	17.55	2222
80000	17.6	2913
80000	17.65	3854
80000	17.7	5102
80000	17.75	6856
80000	17.8	8926
80000	17.85	11964
80000	17.9	15633
80000	17.95	20384
80000	18	26690
80000	18.05	33766
80000	18.1	42100
80000	18.15	51717
80000	18.2	61513
80000	18.25	72982
80000	18.3	83780
80000	18.35	93930
80000	18.4	103620
80000	18.45	112716
80000	18.5	119465
80000	18.55	124258
80000	18.6	128001
80000	18.65	130026
80000	18.7	129010
80000	18.75	126581
80000	18.8	122996
80000	18.85	117705
80000	18.9	112185
80000	18.95	104874
80000	19	97034
80000	19.05	89584
80000	19.1	81057
80000	19.15	73763
80000	19.2	65994
80000	19.25	59088
80000	19.3	52401
80000	19.35	46888
80000	19.4	41442
80000	19.45	36234
80000	19.5	31976
80000	19.55	28087
80000	19.6	24855
80000	19.65	22148
80000	19.7	19312
80000	19.75	17242
80000	19.8	15323
80000	19.85	13644
80000	19.9	12541
80000	19.95	11042
80000	20	9748
80000	20.05	9039
80000	20.1	8104
80000	20.15	7484
80000	20.2	6860
80000	20.25	6229
80000	20.3	5889
80000	20.35	5284
80000	20.4	4973
80000	20.45	4855
80000	20.5	4475
80000	20.55	4021
80000	20.6	3968
80000	20.65	3863
80000	20.7	3637
80000	20.75	3345
80000	20.8	3311
80000	20.85	3129
80000	20.9	3031
80000	20.95	3069
80000	21	2960
80000	21.05	2866
80000	21.1	2802
80000	21.15	2743
80000	21.2	2682
80000	21.25	2690
80000	21.3	2740
80000	21.35	2620
80000	21.4	2553
80000	21.45	2666
80000	21.5	2652
80000	21.55	2655
80000	21.6	2663
80000	21.65	2744
80000	21.7	2737
80000	21.75	2863
80000	21.8	2786
80000	21.85	2825
80000	21.9	2910
80000	21.95	3030
80000	22	3081
80000	22.05	3108
80000	22.1	3414
80000	22.15	3313
80000	22.2	3506
80000	22.25	3578
80000	22.3	3712
80000	22.35	3906
80000	22.4	4016
80000	22.45	3992
80000	22.5	4409
80000	22.55	4561
80000	22.6	4814
80000	22.65	5057
80000	22.7	5184
80000	22.75	5313
80000	22.8	5502
80000	22.85	5846
80000	22.9	6172
80000	22.95	6409
80000	23	6515
80000	23.05	6989
80000	23.1	7211
80000	23.15	7224
80000	23.2	7740
80000	23.25	7798
80000	23.3	8049
80000	23.35	8451
80000	23.4	8489
80000	23.45	8691
80000	23.5	8904
80000	23.55	9043
80000	23.6	9287
80000	23.65	9460
80000	23.7	9520
80000	23.75	9564
80000	23.8	9645
80000	23.85	9504
80000	23.9	9591
80000	23.95	9368
80000	24	9219
80000	24.05	9089
80000	24.1	8943
80000	24.15	8991
80000	24.2	8633
80000	24.25	8453
80000	24.3	8048
80000	24.35	7832
80000	24.4	7367
80000	24.45	7138
80000	24.5	6888
80000	24.55	6375
80000	24.6	6067
80000	24.65	5663
80000	24.7	5343
80000	24.75	5034
80000	24.8	4801
80000	24.85	4473
80000	24.9	4168
80000	24.95	3798
80000	25	3476
80000	25.05	3156
80000	25.1	3034
80000	25.15	2741
80000	25.2	2520
80000	25.25	2322
80000	25.3	2272
80000	25.35	1949
80000	25.4	1851
80000	25.45	1779
80000	25.5	1597
80000	25.55	1414
80000	25.6	1345
80000	25.65	1298
80000	25.7	1201
80000	25.75	1094
80000	25.8	1004
80000	25.85	928
80000	25.9	946
80000	25.95	816
80000	26	786
80000	26.05	755
80000	26.1	722
80000	26.15	671
80000	26.2	639
80000	26.25	612
80000	26.3	592
80000	26.35	606
80000	26.4	594
80000	26.45	550
80000	26.5	527
80000	26.55	551
80000	26.6	470
80000	26.65	476
80000	26.7	498
80000	26.75	486
80000	26.8	477
80000	26.85	492
80000	26.9	456
80000	26.95	520
80000	27	532
80000	27.05	556
80000	27.1	573
80000	27.15	583
80000	27.2	681
80000	27.25	705
80000	27.3	858
80000	27.35	969
80000	27.4	1112
80000	27.45	1402
80000	27.5	1749
80000	27.55	2240
80000	27.6	2891
80000	27.65	3640
80000	27.7	4766
80000	27.75	6770
80000	27.8	8696
80000	27.85	11521
80000	27.9	15235
80000	27.95	19715
80000	28	25648
80000	28.05	32476
80000	28.1	40016
80000	28.15	49140
80000	28.2	58758
80000	28.25	68979
80000	28.3	79210
80000	28.35	89249
80000	28.4	98701
80000	28.45	106260
80000	28.5	112986
80000	28.55	117695
80000	28.6	121670
80000	28.65	122714
80000	28.7	122365
80000	28.75	119661
80000	28.8	116155
80000	28.85	111448
80000	28.9	105313
80000	28.95	98640
80000	29	91157
80000	29.05	84190
80000	29.1	76600
80000	29.15	69324
80000	29.2	62004
80000	29.25	55787
80000	29.3	49612
80000	29.35	43869
80000	29.4	38710
80000	29.45	33769
80000	29.5	30338
80000	29.55	26834
80000	29.6	23235
80000	29.65	20882
80000	29.7	18204
80000	29.75	16435
80000	29.8	14432
80000	29.85	12874
80000	29.9	11579
80000	29.95	10411
100000	0	9739
100000	0.05	8634
100000	0.1	7892
100000	0.15	7166
100000	0.2	6791
100000	0.25	6101
100000	0.3	5708
100000	0.35	5438
100000	0.4	4914
100000	0.45	4348
100000	0.5	4393
100000	0.55	4073
100000	0.6	3922
100000	0.65	3679
100000	0.7	3586
100000	0.75	3306
100000	0.8	3235
100000	0.85	3232
100000	0.9	3016
100000	0.95	2929
100000	1	2786
100000	1.05	2790
100000	1.1	2691
100000	1.15	2744
100000	1.2	2583
100000	1.25	2654
100000	1.3	2562
100000	1.35	2693
100000	1.4	2536
100000	1.45	2556
100000	1.5	2578
100000	1.55	2654
100000	1.6	2602
100000	1.65	2583
100000	1.7	2611
100000	1.75	2772
100000	1.8	2743
100000	1.85	2774
100000	1.9	2858
100000	1.95	2988
100000	2	3007
100000	2.05	3127
100000	2.1	3372
100000	2.15	3299
100000	2.2	3467
100000	2.25	3527
100000	2.3	3644
100000	2.35	3872
100000	2.4	3953
100000	2.45	4132
100000	2.5	4254
100000	2.55	4353
100000	2.6	4658
100000	2.65	4888
100000	2.7	5052
100000	2.75	5426
100000	2.8	5496
100000	2.85	5873
100000	2.9	6048
100000	2.95	6300
100000	3	6410
100000	3.05	6889
100000	3.1	7043
100000	3.15	7258
100000	3.2	7574
100000	3.25	7924
100000	3.3	7902
100000	3.35	8174
100000	3.4	8421
100000	3.45	8753
100000	3.5	8878
100000	3.55	9015
100000	3.6	9047
100000	3.65	9302
100000	3.7	9266
100000	3.75	9147
100000	3.8	9349
100000	3.85	9341
100000	3.9	9450
100000	3.95	9545
100000	4	9152
100000	4.05	8990
100000	4.1	8797
100000	4.15	8672
100000	4.2	8319
100000	4.25	8226
100000	4.3	7957
100000	4.35	7595
100000	4.4	7534
100000	4.45	6919
100000	4.5	6644
100000	4.55	6271
100000	4.6	5888
100000	4.65	5550
100000	4.7	5241
100000	4.75	4973
100000	4.8	4551
100000	4.85	4356
100000	4.9	3934
100000	4.95	3580
100000	5	3437
100000	5.05	3141
100000	5.1	2962
100000	5.15	2637
100000	5.2	2436
100000	5.25	2266
100000	5.3	2130
100000	5.35	1916
100000	5.4	1824
100000	5.45	1657
100000	5.5	1538
100000	5.55	1453
100000	5.6	1299
100000	5.65	1118
100000	5.7	1120
100000	5.75	1044
100000	5.8	946
100000	5.85	945
100000	5.9	929
100000	5.95	818
100000	6	791
100000	6.05	709
100000	6.1	713
100000	6.15	665
100000	6.2	623
100000	6.25	605
100000	6.3	581
100000	6.35	550
100000	6.4	571
100000	6.45	524
100000	6.5	517
100000	6.55	520
100000	6.6	482
100000	6.65	500
100000	6.7	503
100000	6.75	485
100000	6.8	465
100000	6.85	508
100000	6.9	479
100000	6.95	493
100000	7	504
100000	7.05	515
100000	7.1	561
100000	7.15	643
100000	7.2	724
100000	7.25	720
100000	7.3	842
100000	7.35	990
100000	7.4	1181
100000	7.45	1476
100000	7.5	1753
100000	7.55	2216
100000	7.6	2894
100000	7.65	3852
100000	7.7	4840
100000	7.75	6715
100000	7.8	8811
100000	7.85	11769
100000	7.9	15751
100000	7.95	20568
100000	8	26070
100000	8.05	33377
100000	8.1	41466
100000	8.15	50805
100000	8.2	61399
100000	8.25	71373
100000	8.3	82120
100000	8.35	92555
100000	8.4	102194
100000	8.45	110603
100000	8.5	117715
100000	8.55	122410
100000	8.6	126090
100000	8.65	127119
100000	8.7	126875
100000	8.75	124392
100000	8.8	120978
100000	8.85	116055
100000	8.9	110057
100000	8.95	102757
100000	9	95345
100000	9.05	87305
100000	9.1	80103
100000	9.15	72552
100000	9.2	64837
100000	9.25	57711
100000	9.3	51622
100000	9.35	45374
100000	9.4	40491
100000	9.45	35656
100000	9.5	31202
100000	9.55	27706
100000	9.6	24347
100000	9.65	21763
100000	9.7	19022
100000	9.75	17093
100000	9.8	15076
100000	9.85	13310
100000	9.9	11884
100000	9.95	10898
100000	10	9719
100000	10.05	8702
100000	10.1	7983
100000	10.15	7376
100000	10.2	6645
100000	10.25	6235
100000	10.3	5787
100000	10.35	5227
100000	10.4	4980
100000	10.45	4460
100000	10.5	4426
100000	10.55	4097
100000	10.6	3963
100000	10.65	3577
100000	10.7	3519
100000	10.75	3399
100000	10.8	3334
100000	10.85	3160
100000	10.9	2971
100000	10.95	2908
100000	11	2871
100000	11.05	2724
100000	11.1	2765
100000	11.15	2724
100000	11.2	2651
100000	11.25	2673
100000	11.3	2491
100000	11.35	2615
100000	11.4	2518
100000	11.45	2520
100000	11.5	2614
100000	11.55	2591
100000	11.6	2705
100000	11.65	2612
100000	11.7	2672
100000	11.75	2678
100000	11.8	2839
100000	11.85	2781
100000	11.9	2833
100000	11.95	2957
100000	12	3095
100000	12.05	3066
100000	12.1	3253
100000	12.15	3358
100000	12.2	3414
100000	12.25	3588
100000	12.3	3723
100000	12.35	3835
100000	12.4	4116
100000	12.45	4156
100000	12.5	4315
100000	12.55	4497
100000	12.6	4570
100000	12.65	4811
100000	12.7	5271
100000	12.75	5255
100000	12.8	5559
100000	12.85	5855
100000	12.9	6029
100000	12.95	6310
100000	13	6566
100000	13.05	6839
100000	13.1	6861
100000	13.15	7200
100000	13.2	7609
100000	13.25	7884
100000	13.3	8031
100000	13.35	8134
100000	13.4	8338
100000	13.45	8684
100000	13.5	8932
100000	13.55	8876
100000	13.6	9054
100000	13.65	9062
100000	13.7	9317
100000	13.75	9326
100000	13.8	9393
100000	13.85	9330
100000	13.9	9139
100000	13.95	9128
100000	14	9120
100000	14.05	9141
100000	14.1	8905
100000	14.15	8707
100000	14.2	8382
100000	14.25	8148
100000	14.3	7932
100000	14.35	7641
100000	14.4	7313
100000	14.45	7069
100000	14.5	6577
100000	14.55	6390
100000	14.6	5927
100000	14.65	5722
100000	14.7	5345
100000	14.75	4889
100000	14.8	4660
100000	14.85	4330
100000	14.9	3888
100000	14.95	3675
100000	15	3370
100000	15.05	3142
100000	15.1	2915
100000	15.15	2641
100000	15.2	2515
100000	15.25	2208
100000	15.3	2136
100000	15.35	1812
100000	15.4	1805
100000	15.45	1669
100000	15.5	1510
100000	15.55	1483
100000	15.6	1336
100000	15.65	1262
100000	15.7	1144
100000	15.75	1052
100000	15.8	1019
100000	15.85	969
100000	15.9	843
100000	15.95	892
100000	16	772
100000	16.05	765
100000	16.1	713
100000	16.15	593
100000	16.2	695
100000	16.25	621
100000	16.3	600
100000	16.35	601
100000	16.4	594
100000	16.45	577
100000	16.5	533
100000	16.55	532
100000	16.6	499
100000	16.65	523
100000	16.7	496
100000	16.75	504
100000	16.8	477
100000	16.85	489
100000	16.9	510
100000	16.95	469
100000	17	545
100000	17.05	504
100000	17.1	592
100000	17.15	620
100000	17.2	666
100000	17.25	804
100000	17.3	807
100000	17.35	985
100000	17.4	1200
100000	17.45	1400
100000	17.5	1773
100000	17.55	2270
100000	17.6	2817
100000	17.65	3706
100000	17.7	4931
100000	17.75	6482
100000	17.8	8585
100000	17.85	11729
100000	17.9	15148
100000	17.95	19909
100000	18	25872
100000	18.05	32492
100000	18.1	40814
100000	18.15	50200
100000	18.2	59514
100000	18.25	70120
100000	18.3	80320
100000	18.35	90692
100000	18.4	99462
100000	18.45	107879
100000	18.5	115011
100000	18.55	119155
100000	18.6	122795
100000	18.65	124133
100000	18.7	124013
100000	18.75	121848
100000	18.8	118011
100000	18.85	113071
100000	18.9	107228
100000	18.95	99829
100000	19	93322
100000	19.05	85446
100000	19.1	78117
100000	19.15	70633
100000	19.2	63506
100000	19.25	56821
100000	19.3	50216
100000	19.35	44513
100000	19.4	39900
100000	19.45	34731
100000	19.5	30775
100000	19.55	26941
100000	19.6	23820
100000	19.65	21209
100000	19.7	18557
100000	19.75	16843
100000	19.8	14871
100000	19.85	12849
100000	19.9	11487
100000	19.95	10405
100000	20	9599
100000	20.05	8514
100000	20.1	7802
100000	20.15	7196
100000	20.2	6391
100000	20.25	6010
100000	20.3	5397
100000	20.35	5088
100000	20.4	4790
100000	20.45	4489
100000	20.5	4196
100000	20.55	3952
100000	20.6	3629
100000	20.65	3598
100000	20.7	3461
100000	20.75	3242
100000	20.8	3088
100000	20.85	3014
100000	20.9	2946
100000	20.95	2870
100000	21	2742
100000	21.05	2774
100000	21.1	2653
100000	21.15	2610
100000	21.2	2501
100000	21.25	2574
100000	21.3	2539
100000	21.35	2524
100000	21.4	2404
100000	21.45	2570
100000	21.5	2595
100000	21.55	2563
100000	21.6	2511
100000	21.65	2621
100000	21.7	2595
100000	21.75	2627
100000	21.8	2720
100000	21.85	2635
100000	21.9	2878
100000	21.95	2790
100000	22	2965
100000	22.05	3025
100000	22.1	3214
100000	22.15	3305
100000	22.2	3482
100000	22.25	3499
100000	22.3	3691
100000	22.35	3731
100000	22.4	3867
100000	22.45	4053
100000	22.5	4169
100000	22.55	4350
100000	22.6	4563
100000	22.65	4827
100000	22.7	5001
100000	22.75	5190
100000	22.8	5520
100000	22.85	5649
100000	22.9	5952
100000	22.95	6232
100000	23	6377
100000	23.05	6684
100000	23.1	6893
100000	23.15	7128
100000	23.2	7456
100000	23.25	7618
100000	23.3	7764
100000	23.35	8161
100000	23.4	8228
100000	23.45	8501
100000	23.5	8672
100000	23.55	8841
100000	23.6	8919
100000	23.65	9131
100000	23.7	9087
100000	23.75	9185
100000	23.8	9192
100000	23.85	9194
100000	23.9	9113
100000	23.95	9046
100000	24	9116
100000	24.05	8888
100000	24.1	8653
100000	24.15	8551
100000	24.2	8268
100000	24.25	7968
100000	24.3	7488
100000	24.35	7504
100000	24.4	7137
100000	24.45	6875
100000	24.5	6395
100000	24.55	6062
100000	24.6	5804
100000	24.65	5563
100000	24.7	5062
100000	24.75	4973
100000	24.8	4502
100000	24.85	4237
100000	24.9	3770
100000	24.95	3613
100000	25	3292
100000	25.05	3058
100000	25.1	2850
100000	25.15	2591
100000	25.2	2430
100000	25.25	2204
100000	25.3	1965
100000	25.35	1856
100000	25.4	1747
100000	25.45	1684
100000	25.5	1433
100000	25.55	1369
100000	25.6	1348
100000	25.65	1141
100000	25.7	1074
100000	25.75	1059
100000	25.8	978
100000	25.85	913
100000	25.9	899
100000	25.95	775
100000	26	793
100000	26.05	699
100000	26.1	680
100000	26.15	657
100000	26.2	626
100000	26.25	627
100000	26.3	559
100000	26.35	582
100000	26.4	519
100000	26.45	541
100000	26.5	473
100000	26.55	498
100000	26.6	496
100000	26.65	506
100000	26.7	479
100000	26.75	484
100000	26.8	476
100000	26.85	469
100000	26.9	482
100000	26.95	494
100000	27	529
100000	27.05	557
100000	27.1	584
100000	27.15	618
100000	27.2	681
100000	27.25	771
100000	27.3	873
100000	27.35	963
100000	27.4	1159
100000	27.45	1405
100000	27.5	1780
100000	27.55	2252
100000	27.6	2909
100000	27.65	3717
100000	27.7	5051
100000	27.75	6584
100000	27.8	8824
100000	27.85	11640
100000	27.9	15501
100000	27.95	20337
100000	28	26053
100000	28.05	33232
100000	28.1	41431
100000	28.15	50497
100000	28.2	60525
100000	28.25	70748
100000	28.3	81093
100000	28.35	91507
100000	28.4	100620
100000	28.45	109028
100000	28.5	115418
100000	28.55	121081
100000	28.6	124544
100000	28.65	125707
100000	28.7	125490
100000	28.75	123609
100000	28.8	119522
100000	28.85	114649
100000	28.9	108652
100000	28.95	101522
100000	29	94296
100000	29.05	85932
100000	29.1	78547
100000	29.15	71253
100000	29.2	64237
100000	29.25	57160
100000	29.3	50723
100000	29.35	44717
100000	29.4	40330
100000	29.45	35167
100000	29.5	30805
100000	29.55	27142
100000	29.6	24062
100000	29.65	21453
100000	29.7	19016
100000	29.75	16612
100000	29.8	14842
100000	29.85	13485
100000	29.9	11878
100000	29.95	10873
