0.000000000000000000e+00 -1.168380653837411186e-18
1.000000000000000021e-02 6.100821873585195724e-05
2.000000000000000042e-02 1.219688763804495965e-04
2.999999999999999889e-02 1.828343547702754584e-04
4.000000000000000083e-02 2.435569211391131980e-04
5.000000000000000278e-02 3.040886715430588926e-04
5.999999999999999778e-02 3.643814751640365827e-04
7.000000000000000666e-02 4.243869197961451858e-04
8.000000000000000167e-02 4.840562588287217628e-04
8.999999999999999667e-02 5.433403600520227139e-04
1.000000000000000056e-01 6.021896566260243229e-04
1.100000000000000006e-01 6.605541005694213260e-04
1.199999999999999956e-01 7.183831191450971727e-04
1.300000000000000044e-01 7.756255745393666589e-04
1.400000000000000133e-01 8.322297272558113216e-04
1.499999999999999944e-01 8.881432036697254912e-04
1.600000000000000033e-01 9.433129682166374770e-04
1.700000000000000122e-01 9.976853007170594350e-04
1.799999999999999933e-01 1.051205779370410591e-03
1.900000000000000022e-01 1.103819269982704186e-03
2.000000000000000111e-01 1.155469922025572325e-03
2.099999999999999922e-01 1.206101172157701294e-03
2.200000000000000011e-01 1.255655755873564530e-03
2.300000000000000100e-01 1.304075727978329553e-03
2.399999999999999911e-01 1.351302492621121384e-03
2.500000000000000000e-01 1.397276843649667734e-03
2.600000000000000089e-01 1.441939016081157177e-03
2.700000000000000178e-01 1.485228749509998883e-03
2.800000000000000266e-01 1.527085364296878111e-03
2.899999999999999800e-01 1.567447851404176569e-03
2.999999999999999889e-01 1.606254976753896616e-03
3.099999999999999978e-01 1.643445400993130082e-03
3.200000000000000067e-01 1.678957815548430023e-03
3.300000000000000155e-01 1.712731095839896672e-03
3.400000000000000244e-01 1.744704472502435749e-03
3.500000000000000333e-01 1.774817721424850128e-03
3.599999999999999867e-01 1.803011373366920911e-03
3.699999999999999956e-01 1.829226943843631492e-03
3.800000000000000044e-01 1.853407183880375611e-03
3.900000000000000133e-01 1.875496352129168423e-03
4.000000000000000222e-01 1.895440508703916853e-03
4.100000000000000311e-01 1.913187830929507496e-03
4.199999999999999845e-01 1.928688951006855964e-03
4.299999999999999933e-01 1.941897315376291209e-03
4.400000000000000022e-01 1.952769565296128516e-03
4.500000000000000111e-01 1.961265937859940113e-03
4.600000000000000200e-01 1.967350686335674580e-03
4.700000000000000289e-01 1.970992518327664613e-03
4.799999999999999822e-01 1.972165049828280507e-03
4.899999999999999911e-01 1.970847272756245071e-03
5.000000000000000000e-01 1.967024033035333960e-03
5.100000000000000089e-01 1.960686515690384605e-03
5.200000000000000178e-01 1.951832732793020841e-03
5.300000000000000266e-01 1.940468009386991282e-03
5.400000000000000355e-01 1.926605461768084561e-03
5.500000000000000444e-01 1.910266461670853330e-03
5.600000000000000533e-01 1.891481079046656568e-03
5.700000000000000622e-01 1.870288495164443851e-03
5.799999999999999600e-01 1.846737376816693938e-03
5.899999999999999689e-01 1.820886201331990435e-03
5.999999999999999778e-01 1.792803521085685600e-03
6.099999999999999867e-01 1.762568155064209033e-03
6.199999999999999956e-01 1.730269294003457855e-03
6.300000000000000044e-01 1.696006504548818643e-03
6.400000000000000133e-01 1.659889616983235231e-03
6.500000000000000222e-01 1.622038480212612856e-03
6.600000000000000311e-01 1.582582567201462577e-03
6.700000000000000400e-01 1.541660413894035617e-03
6.800000000000000488e-01 1.499418875397742984e-03
6.900000000000000577e-01 1.456012183232049560e-03
7.000000000000000666e-01 1.411600792427367915e-03
7.099999999999999645e-01 1.366350007009222529e-03
7.199999999999999734e-01 1.320428382326289344e-03
7.299999999999999822e-01 1.274005911462317443e-03
7.399999999999999911e-01 1.227252011993256939e-03
7.500000000000000000e-01 1.180333326761661772e-03
7.600000000000000089e-01 1.133411464039047172e-03
7.700000000000000178e-01 1.086640285484373166e-03
7.800000000000000266e-01 1.040164934662355647e-03
7.900000000000000355e-01 9.941210344059168546e-04
8.000000000000000444e-01 9.486673567294489750e-04
8.100000000000000533e-01 9.051734176607231742e-04
8.200000000000000622e-01 8.670888887733153774e-04
8.300000000000000711e-01 8.233136820538554477e-04
8.399999999999999689e-01 7.803575826313157750e-04
8.499999999999999778e-01 7.493296457033216161e-04
