1000000.0001	81043
1000000.0001	81483
1000000.0001	81109
1000000.0001	81475
1000000.0001	81038
1000000.0001	81310
1000000.0001	81425
1000000.0001	81815
1000000.0001	81174
1000000.0001	81091
1000000.0001	81250
1000000.0001	81016
1000000.0001	81297
1000000.0001	81254
1000000.0001	81177
1000000.0001	81191
1000000.0001	81622
1000000.0001	81361
1000000.0001	81429
1000000.0001	80850
1000000.0001	81671
1000000.0001	80780
1000000.0001	81279
1000000.0001	81128
1000000.0001	81080
1000000.0001	81348
1000000.0001	80938
1000000.0001	80853
1000000.0001	81352
1000000.0001	81157
1000000.0001	81285
1000000.0001	81107
1000000.0001	81453
1000000.0001	81323
1000000.0001	81357
1000000.0001	81309
1000000.0001	81332
1000000.0001	80916
1000000.0001	81324
1000000.0001	81507
1000000.0001	81247
1000000.0001	80756
1000000.0001	80880
1000000.0001	81314
1000000.0001	81205
1000000.0001	80999
1000000.0001	81171
1000000.0001	81698
1000000.0001	81243
1000000.0001	81606
1000000.0001	81289
1000000.0001	81335
1000000.0001	81128
1000000.0001	81142
1000000.0001	80885
1000000.0001	81154
1000000.0001	81486
1000000.0001	81669
1000000.0001	81276
1000000.0001	81395
1000000.0001	80720
1000000.0001	81157
1000000.0001	80929
1000000.0001	80731
1000000.0001	80901
1000000.0001	81469
1000000.0001	81131
1000000.0001	81513
1000000.0001	81431
1000000.0001	80940
1000000.0001	81097
1000000.0001	80949
1000000.0001	81334
1000000.0001	81274
1000000.0001	81241
1000000.0001	81015
1000000.0001	80858
1000000.0001	81301
1000000.0001	81618
1000000.0001	81508
1000000.0001	81462
1000000.0001	81664
1000000.0001	81037
1000000.0001	80973
1000000.0001	81542
1000000.0001	81096
1000000.0001	81347
1000000.0001	81255
1000000.0001	81132
1000000.0001	81604
1000000.0001	81256
1000000.0001	80839
1000000.0001	81663
1000000.0001	81421
1000000.0001	80989
1000000.0001	81450
1000000.0001	81213
1000000.0001	81352
1000000.0001	81279
1000000.0001	81168
1000000.0001	80873
1000000.0001	81409
1000000.0001	81050
1000000.0001	80927
1000000.0001	81448
1000000.0001	81307
1000000.0001	81280
1000000.0001	80740
1000000.0001	80989
1000000.0001	81266
1000000.0001	81131
1000000.0001	81466
1000000.0001	81650
1000000.0001	82040
1000000.0001	81102
1000000.0001	81280
1000000.0001	80946
1000000.0001	81257
1000000.0001	81029
1000000.0001	81385
1000000.0001	80853
1000000.0001	81382
1000000.0001	81896
1000000.0001	81223
1000000.0001	81243
1000000.0001	81075
1000000.0001	80991
1000000.0001	80664
1000000.0001	81468
1000000.0001	80977
1000000.0001	81389
1000000.0001	80705
1000000.0001	81080
1000000.0001	81466
1000000.0001	80787
1000000.0001	81764
1000000.0001	81635
1000000.0001	81413
1000000.0001	81284
1000000.0001	81486
1000000.0001	81269
1000000.0001	80824
1000000.0001	80886
1000000.0001	81227
1000000.0001	81110
1000000.0001	81270
1000000.0001	80775
1000000.0001	81183
1000000.0001	80601
1000000.0001	80948
1000000.0001	81414
1000000.0001	81098
1000000.0001	80700
1000000.0001	81173
1000000.0001	81162
1000000.0001	81311
1000000.0001	80999
1000000.0001	81189
1000000.0001	81313
1000000.0001	81923
1000000.0001	81183
1000000.0001	81426
1000000.0001	80573
1000000.0001	81127
1000000.0001	81334
1000000.0001	81103
1000000.0001	81404
1000000.0001	81071
1000000.0001	81219
1000000.0001	82074
1000000.0001	81489
1000000.0001	81340
1000000.0001	81012
1000000.0001	80924
1000000.0001	80727
1000000.0001	80899
1000000.0001	81466
1000000.0001	81726
1000000.0001	81077
1000000.0001	80618
1000000.0001	81125
1000000.0001	81498
1000000.0001	81372
1000000.0001	81349
1000000.0001	81167
1000000.0001	80704
1000000.0001	80960
1000000.0001	81654
1000000.0001	81472
1000000.0001	81480
1000000.0001	81073
1000000.0001	81359
1000000.0001	80635
1000000.0001	80968
1000000.0001	81643
1000000.0001	81265
1000000.0001	81319
1000000.0001	81273
1000000.0001	81270
1000000.0001	81267
1000000.0001	81348
1000000.0001	80825
1000000.0001	81142
1000000.0001	81231
1000000.0001	80974
1000000.0001	80790
1000000.0001	80955
1000000.0001	81443
1000000.0001	81611
1000000.0001	81378
1000000.0001	80683
1000000.0001	81593
1000000.0001	80863
1000000.0001	81457
1000000.0001	81620
1000000.0001	80422
1000000.0001	81179
1000000.0001	81495
1000000.0001	81735
1000000.0001	80700
1000000.0001	81344
1000000.0001	81198
1000000.0001	81150
1000000.0001	81396
1000000.0001	80899
1000000.0001	81294
1000000.0001	81273
1000000.0001	81130
1000000.0001	81405
1000000.0001	80839
1000000.0001	81195
1000000.0001	81248
1000000.0001	80874
1000000.0001	80995
1000000.0001	81235
1000000.0001	81353
1000000.0001	81097
1000000.0001	81153
1000000.0001	81111
1000000.0001	80719
1000000.0001	81880
1000000.0001	81038
1000000.0001	80967
1000000.0001	81587
1000000.0001	80828
1000000.0001	81083
1000000.0001	81160
1000000.0001	81587
1000000.0001	81822
1000000.0001	81006
1000000.0001	81011
1000000.0001	80958
1000000.0001	81077
1000000.0001	80682
1000000.0001	81295
1000000.0001	81462
1000000.0001	81363
1000000.0001	81332
1000000.0001	81561
1000000.0001	81028
1000000.0001	80812
1000000.0001	80622
1000000.0001	81196
1000000.0001	81469
1000000.0001	80711
1000000.0001	81386
1000000.0001	81159
1000000.0001	81093
1000000.0001	81068
1000000.0001	81463
1000000.0001	80913
1000000.0001	80760
1000000.0001	80914
1000000.0001	81186
1000000.0001	81045
1000000.0001	81200
1000000.0001	81487
1000000.0001	81534
1000000.0001	81490
1000000.0001	80620
1000000.0001	81238
1000000.0001	81515
1000000.0001	81645
1000000.0001	81144
1000000.0001	80876
1000000.0001	81540
1000000.0001	81569
1000000.0001	81373
1000000.0001	81211
1000000.0001	81793
1000000.0001	81017
1000000.0001	81052
1000000.0001	81509
1000000.0001	81560
1000000.0001	81148
1000000.0001	81365
1000000.0001	81080
1000000.0001	81447
1000000.0001	80878
1000000.0001	81073
1000000.0001	81155
1000000.0001	81460
1000000.0001	80875
1000000.0001	81530
1000000.0001	80898
1000000.0001	81427
1000000.0001	81453
1000000.0001	81125
1000000.0001	81297
1000000.0001	81171
1000000.0001	81599
1000000.0001	81347
1000000.0001	81440
1000000.0001	81275
1000000.0001	81156
1000000.0001	81050
1000000.0001	80522
1000000.0001	81054
1000000.0001	81591
1000000.0001	81162
1000000.0001	81208
1000000.0001	81794
1000000.0001	81152
1000000.0001	80915
1000000.0001	81118
1000000.0001	81284
1000000.0001	81574
1000000.0001	81493
1000000.0001	81087
1000000.0001	81514
1000000.0001	81433
1000000.0001	80940
1000000.0001	81246
1000000.0001	80921
1000000.0001	81025
1000000.0001	81457
1000000.0001	81628
1000000.0001	81546
1000000.0001	81468
1000000.0001	81013
1000000.0001	80897
1000000.0001	81386
1000000.0001	81286
1000000.0001	81611
1000000.0001	81448
1000000.0001	81451
1000000.0001	81272
1000000.0001	81437
1000000.0001	81128
1000000.0001	81369
1000000.0001	81444
1000000.0001	81137
1000000.0001	81197
1000000.0001	81107
1000000.0001	81402
1000000.0001	81410
1000000.0001	81479
1000000.0001	80671
1000000.0001	81286
1000000.0001	81163
1000000.0001	81130
1000000.0001	81201
1000000.0001	81365
1000000.0001	81307
1000000.0001	81551
1000000.0001	81095
1000000.0001	81346
1000000.0001	81536
1000000.0001	81001
1000000.0001	81492
1000000.0001	81182
1000000.0001	81656
1000000.0001	81752
1000000.0001	81327
1000000.0001	81091
1000000.0001	80987
1000000.0001	81593
1000000.0001	81012
1000000.0001	81384
1000000.0001	81639
1000000.0001	81428
1000000.0001	81225
1000000.0001	80703
1000000.0001	80954
1000000.0001	80961
1000000.0001	80993
1000000.0001	80759
1000000.0001	81105
1000000.0001	81547
1000000.0001	81712
1000000.0001	81250
1000000.0001	81416
1000000.0001	81550
1000000.0001	81243
1000000.0001	80590
1000000.0001	81312
1000000.0001	81041
1000000.0001	81227
1000000.0001	81376
1000000.0001	81540
1000000.0001	82857
1000000.0001	85986
1000000.0001	89831
1000000.0001	93771
1000000.0001	97788
1000000.0001	102788
1000000.0001	107335
1000000.0001	113866
1000000.0001	120490
1000000.0001	127485
1000000.0001	135402
1000000.0001	144540
1000000.0001	154673
1000000.0001	167009
1000000.0001	181463
1000000.0001	197380
1000000.0001	218012
1000000.0001	242165
1000000.0001	274065
1000000.0001	313955
1000000.0001	369095
1000000.0001	446988
1000000.0001	563144
1000000.0001	768560
1000000.0001	1208702
1000000.0001	1625981
1000000.0001	1625471
1000000.0001	1623645
1000000.0001	1623946
1000000.0001	1625936
1000000.0001	1625195
1000000.0001	1624205
1000000.0001	1624346
1000000.0001	1626100
1000000.0001	1623188
1000000.0001	1624482
1000000.0001	1627113
1000000.0001	1626759
1000000.0001	1624631
1000000.0001	1624308
1000000.0001	1624717
1000000.0001	1626477
1000000.0001	1625568
1000000.0001	1626669
1000000.0001	1624884
1000000.0001	1623454
1000000.0001	1626573
1000000.0001	1625410
1000000.0001	1627101
1000000.0001	1624221
1000000.0001	1625770
1000000.0001	1623625
1000000.0001	1624343
1000000.0001	1627300
1000000.0001	1624898
1000000.0001	1627671
1000000.0001	1625845
1000000.0001	1627460
1000000.0001	1626799
1000000.0001	1625450
1000000.0001	1625307
1000000.0001	1625996
1000000.0001	1626463
1000000.0001	1627318
1000000.0001	1625540
1000000.0001	1627992
1000000.0001	1624287
1000000.0001	1627404
1000000.0001	1624655
1000000.0001	1626733
1000000.0001	1626212
1000000.0001	1625001
1000000.0001	1625194
1000000.0001	1625136
1000000.0001	1624032
1000000.0001	1626474
1000000.0001	1625409
1000000.0001	1622172
1000000.0001	1625357
1000000.0001	1627582
1000000.0001	1625618
1000000.0001	1624392
1000000.0001	1628968
1000000.0001	1625218
1000000.0001	1626723
1000000.0001	1626475
1000000.0001	1624568
1000000.0001	1625278
1000000.0001	1622333
1000000.0001	1626155
1000000.0001	1625520
1000000.0001	1625444
1000000.0001	1623978
1000000.0001	1625356
1000000.0001	1624264
1000000.0001	1626229
1000000.0001	1625679
1000000.0001	1624684
1000000.0001	1624629
1000000.0001	1627313
1000000.0001	1622224
1000000.0001	1629314
1000000.0001	1627007
1000000.0001	1625011
1000000.0001	1627501
1000000.0001	1625195
1000000.0001	1625738
1000000.0001	1624006
1000000.0001	1625577
1000000.0001	1625348
1000000.0001	1625020
1000000.0001	1624711
1000000.0001	1624198
1000000.0001	1624484
1000000.0001	1627962
1000000.0001	1625353
1000000.0001	1626205
1000000.0001	1625738
1000000.0001	1624984
1000000.0001	1623949
1000000.0001	1624805
1000000.0001	1624568
1000000.0001	1626132
1000000.0001	1623830
1000000.0001	1625549
1000000.0001	1624399
1000000.0001	1625518
1000000.0001	1625116
1000000.0001	1624549
1000000.0001	1623980
1000000.0001	1625228
1000000.0001	1623572
1000000.0001	1625428
1000000.0001	1625752
1000000.0001	1624555
1000000.0001	1626585
1000000.0001	1626492
1000000.0001	1625717
1000000.0001	1623585
1000000.0001	1624957
1000000.0001	1626407
1000000.0001	1625786
1000000.0001	1623588
1000000.0001	1623980
1000000.0001	1624221
1000000.0001	1624761
1000000.0001	1624420
1000000.0001	1625139
1000000.0001	1625585
1000000.0001	1624271
1000000.0001	1624267
1000000.0001	1624488
1000000.0001	1626180
1000000.0001	1626027
1000000.0001	1624513
1000000.0001	1624135
1000000.0001	1625133
1000000.0001	1624655
1000000.0001	1624438
1000000.0001	1623536
1000000.0001	1624287
1000000.0001	1624073
1000000.0001	1625314
1000000.0001	1625685
1000000.0001	1625371
1000000.0001	1624980
1000000.0001	1625885
1000000.0001	1627392
1000000.0001	1625111
1000000.0001	1621609
1000000.0001	1625435
1000000.0001	1625853
1000000.0001	1622132
1000000.0001	1624593
1000000.0001	1625487
1000000.0001	1623930
1000000.0001	1624304
1000000.0001	1623109
1000000.0001	1625207
1000000.0001	1623270
1000000.0001	1622117
1000000.0001	1622355
1000000.0001	1624177
1000000.0001	1622533
1000000.0001	1624281
1000000.0001	1624058
1000000.0001	1625125
1000000.0001	1625079
1000000.0001	1624491
1000000.0001	1623921
1000000.0001	1622474
1000000.0001	1625986
1000000.0001	1624661
1000000.0001	1623112
1000000.0001	1623183
1000000.0001	1626767
1000000.0001	1625216
1000000.0001	1622982
1000000.0001	1623606
1000000.0001	1624091
1000000.0001	1625198
1000000.0001	1623969
1000000.0001	1623530
1000000.0001	1621795
1000000.0001	1626949
1000000.0001	1624873
1000000.0001	1625043
1000000.0001	1625232
1000000.0001	1624434
1000000.0001	1625424
1000000.0001	1623249
1000000.0001	1626110
1000000.0001	1624835
1000000.0001	1625642
1000000.0001	1623511
1000000.0001	1629561
1000000.0001	1626021
1000000.0001	1625044
1000000.0001	1624489
1000000.0001	1625324
1000000.0001	1623901
1000000.0001	1623370
1000000.0001	1626144
1000000.0001	1625243
1000000.0001	1625701
1000000.0001	1511043
1000000.0001	1325323
1000000.0001	1180472
1000000.0001	1060300
1000000.0001	966607
1000000.0001	884689
1000000.0001	817187
1000000.0001	759688
1000000.0001	709144
1000000.0001	665659
1000000.0001	626228
1000000.0001	592484
1000000.0001	560467
1000000.0001	532915
1000000.0001	506965
1000000.0001	483864
1000000.0001	464499
1000000.0001	444027
1000000.0001	426926
1000000.0001	410414
1000000.0001	393509
1000000.0001	381107
1000000.0001	367621
1000000.0001	356073
1000000.0001	344796
1000000.0001	333363
1000000.0001	322808
1000000.0001	314194
1000000.0001	305136
1000000.0001	296361
1000000.0001	288131
1000000.0001	281646
1000000.0001	273124
1000000.0001	267560
1000000.0001	259920
1000000.0001	254083
1000000.0001	247814
1000000.0001	243465
1000000.0001	236479
1000000.0001	232026
1000000.0001	226600
1000000.0001	221863
1000000.0001	216879
1000000.0001	212852
1000000.0001	209626
1000000.0001	204980
1000000.0001	201041
1000000.0001	197668
1000000.0001	194399
1000000.0001	191167
1000000.0001	187122
1000000.0001	183552
1000000.0001	180502
1000000.0001	177921
1000000.0001	175335
1000000.0001	172534
1000000.0001	170041
1000000.0001	166128
1000000.0001	163418
1000000.0001	162428
1000000.0001	159759
1000000.0001	157159
1000000.0001	155299
1000000.0001	152516
1000000.0001	150515
1000000.0001	148125
1000000.0001	145945
1000000.0001	144536
1000000.0001	142076
1000000.0001	140853
1000000.0001	138856
1000000.0001	136981
1000000.0001	135239
1000000.0001	133484
1000000.0001	131806
1000000.0001	130514
1000000.0001	128775
1000000.0001	127286
1000000.0001	124975
1000000.0001	124073
1000000.0001	122729
1000000.0001	121306
1000000.0001	119904
1000000.0001	119141
1000000.0001	117461
1000000.0001	116453
1000000.0001	115073
1000000.0001	113369
1000000.0001	112906
1000000.0001	111366
1000000.0001	109485
1000000.0001	108684
1000000.0001	107628
1000000.0001	106130
1000000.0001	105295
1000000.0001	104381
1000000.0001	103268
1000000.0001	103370
1000000.0001	102644
1000000.0001	100762
1000000.0001	99980
1000000.0001	99455
1000000.0001	98116
1000000.0001	96530
1000000.0001	95924
1000000.0001	95642
1000000.0001	94301
1000000.0001	93573
1000000.0001	92074
1000000.0001	91977
1000000.0001	91257
1000000.0001	90460
1000000.0001	90049
1000000.0001	89310
1000000.0001	88532
1000000.0001	87042
1000000.0001	86699
1000000.0001	85915
1000000.0001	84958
1000000.0001	85156
1000000.0001	83734
1000000.0001	83882
1000000.0001	82812
1000000.0001	82020
1000000.0001	81156
1000000.0001	81640
1000000.0001	81574
1000000.0001	81176
1000000.0001	81455
1000000.0001	81041
1000000.0001	81314
1000000.0001	81300
1000000.0001	81349
1000000.0001	80795
1000000.0001	81026
1000000.0001	80744
1000000.0001	81411
1000000.0001	81246
1000000.0001	81164
1000000.0001	81291
1000000.0001	81726
1000000.0001	80965
1000000.0001	81093
1000000.0001	81339
1000000.0001	81248
1000000.0001	80935
1000000.0001	80818
1000000.0001	81662
1000000.0001	81578
1000000.0001	80830
1000000.0001	80876
1000000.0001	82002
1000000.0001	81572
1000000.0001	81502
1000000.0001	81121
1000000.0001	80978
1000000.0001	81529
1000000.0001	81374
1000000.0001	80778
1000000.0001	81115
1000000.0001	81402
1000000.0001	81714
1000000.0001	81101
1000000.0001	81154
1000000.0001	81114
1000000.0001	81266
1000000.0001	81122
1000000.0001	81602
1000000.0001	81040
1000000.0001	80963
1000000.0001	81110
1000000.0001	81364
1000000.0001	80628
1000000.0001	81425
1000000.0001	81564
