20000	0	363
20000	0.05	292
20000	0.1	247
20000	0.15	186
20000	0.2	110
20000	0.25	106
20000	0.3	94
20000	0.35	65
20000	0.4	79
20000	0.45	47
20000	0.5	32
20000	0.55	32
20000	0.6	21
20000	0.65	33
20000	0.7	4
20000	0.75	15
20000	0.8	20
20000	0.85	12
20000	0.9	9
20000	0.95	6
20000	1	10
20000	1.05	3
20000	1.1	8
20000	1.15	4
20000	1.2	-4
20000	1.25	-9
20000	1.3	-9
20000	1.35	-17
20000	1.4	6
20000	1.45	-7
20000	1.5	5
20000	1.55	3
20000	1.6	-7
20000	1.65	-8
20000	1.7	-12
20000	1.75	-14
20000	1.8	-19
20000	1.85	-3
20000	1.9	-24
20000	1.95	-18
20000	2	-13
20000	2.05	-17
20000	2.1	-38
20000	2.15	-26
20000	2.2	-27
20000	2.25	-35
20000	2.3	-31
20000	2.35	-49
20000	2.4	-53
20000	2.45	-51
20000	2.5	-70
20000	2.55	-61
20000	2.6	-88
20000	2.65	-47
20000	2.7	-84
20000	2.75	-68
20000	2.8	-95
20000	2.85	-109
20000	2.9	-102
20000	2.95	-105
20000	3	-118
20000	3.05	-110
20000	3.1	-137
20000	3.15	-111
20000	3.2	-128
20000	3.25	-123
20000	3.3	-99
20000	3.35	-102
20000	3.4	-56
20000	3.45	-84
20000	3.5	-63
20000	3.55	-33
20000	3.6	-66
20000	3.65	-54
20000	3.7	-16
20000	3.75	47
20000	3.8	40
20000	3.85	78
20000	3.9	90
20000	3.95	75
20000	4	107
20000	4.05	86
20000	4.1	158
20000	4.15	150
20000	4.2	154
20000	4.25	147
20000	4.3	168
20000	4.35	195
20000	4.4	136
20000	4.45	181
20000	4.5	142
20000	4.55	117
20000	4.6	127
20000	4.65	104
20000	4.7	108
20000	4.75	72
20000	4.8	77
20000	4.85	60
20000	4.9	56
20000	4.95	40
20000	5	48
20000	5.05	24
20000	5.1	26
20000	5.15	11
20000	5.2	15
20000	5.25	7
20000	5.3	12
20000	5.35	0
20000	5.4	10
20000	5.45	2
20000	5.5	5
20000	5.55	2
20000	5.6	2
20000	5.65	4
20000	5.7	4
20000	5.75	2
20000	5.8	0
20000	5.85	-2
20000	5.9	1
20000	5.95	0
20000	6	6
20000	6.05	1
20000	6.1	-1
20000	6.15	-1
20000	6.2	0
20000	6.25	0
20000	6.3	0
20000	6.35	1
20000	6.4	0
20000	6.45	1
20000	6.5	1
20000	6.55	0
20000	6.6	1
20000	6.65	-1
20000	6.7	0
20000	6.75	0
20000	6.8	-1
20000	6.85	0
20000	6.9	0
20000	6.95	-1
20000	7	1
20000	7.05	0
20000	7.1	0
20000	7.15	0
20000	7.2	0
20000	7.25	1
20000	7.3	0
20000	7.35	0
20000	7.4	0
20000	7.45	0
20000	7.5	0
20000	7.55	0
20000	7.6	1
20000	7.65	1
20000	7.7	0
20000	7.75	-1
20000	7.8	-1
20000	7.85	1
20000	7.9	1
20000	7.95	-4
20000	8	-6
20000	8.05	-526
20000	8.1	-3961
20000	8.15	-12858
20000	8.2	-25931
20000	8.25	-40929
20000	8.3	-54645
20000	8.35	-64705
20000	8.4	-70098
20000	8.45	-69139
20000	8.5	-63071
20000	8.55	-53788
20000	8.6	-39650
20000	8.65	-24251
20000	8.7	-7070
20000	8.75	7746
20000	8.8	21352
20000	8.85	33493
20000	8.9	42673
20000	8.95	47974
20000	9	51535
20000	9.05	51267
20000	9.1	48323
20000	9.15	44841
20000	9.2	38576
20000	9.25	32864
20000	9.3	27226
20000	9.35	21005
20000	9.4	16401
20000	9.45	12590
20000	9.5	9127
20000	9.55	6708
20000	9.6	4871
20000	9.65	3346
20000	9.7	2491
20000	9.75	1719
20000	9.8	1200
20000	9.85	881
20000	9.9	633
20000	9.95	461
20000	10	325
20000	10.05	270
20000	10.1	202
20000	10.15	156
20000	10.2	103
20000	10.25	100
20000	10.3	80
20000	10.35	57
20000	10.4	37
20000	10.45	32
20000	10.5	40
20000	10.55	25
20000	10.6	30
20000	10.65	34
20000	10.7	18
20000	10.75	14
20000	10.8	7
20000	10.85	11
20000	10.9	0
20000	10.95	4
20000	11	3
20000	11.05	-5
20000	11.1	7
20000	11.15	-1
20000	11.2	4
20000	11.25	1
20000	11.3	12
20000	11.35	4
20000	11.4	-2
20000	11.45	-1
20000	11.5	-7
20000	11.55	-11
20000	11.6	-11
20000	11.65	-14
20000	11.7	-14
20000	11.75	-14
20000	11.8	-10
20000	11.85	-23
20000	11.9	-20
20000	11.95	-18
20000	12	-22
20000	12.05	-29
20000	12.1	-23
20000	12.15	-48
20000	12.2	-48
20000	12.25	-44
20000	12.3	-42
20000	12.35	-45
20000	12.4	-61
20000	12.45	-56
20000	12.5	-69
20000	12.55	-113
20000	12.6	-111
20000	12.65	-89
20000	12.7	-124
20000	12.75	-96
20000	12.8	-113
20000	12.85	-126
20000	12.9	-127
20000	12.95	-152
20000	13	-156
20000	13.05	-191
20000	13.1	-136
20000	13.15	-172
20000	13.2	-173
20000	13.25	-173
20000	13.3	-148
20000	13.35	-146
20000	13.4	-191
20000	13.45	-120
20000	13.5	-109
20000	13.55	-46
20000	13.6	-69
20000	13.65	-57
20000	13.7	-51
20000	13.75	24
20000	13.8	23
20000	13.85	87
20000	13.9	128
20000	13.95	54
20000	14	134
20000	14.05	151
20000	14.1	149
20000	14.15	225
20000	14.2	245
20000	14.25	240
20000	14.3	221
20000	14.35	228
20000	14.4	174
20000	14.45	240
20000	14.5	226
20000	14.55	200
20000	14.6	159
20000	14.65	166
20000	14.7	156
20000	14.75	130
20000	14.8	97
20000	14.85	96
20000	14.9	87
20000	14.95	67
20000	15	42
20000	15.05	36
20000	15.1	42
20000	15.15	30
20000	15.2	26
20000	15.25	16
20000	15.3	23
20000	15.35	14
20000	15.4	12
20000	15.45	7
20000	15.5	6
20000	15.55	4
20000	15.6	6
20000	15.65	0
20000	15.7	6
20000	15.75	3
20000	15.8	-1
20000	15.85	2
20000	15.9	1
20000	15.95	-1
20000	16	2
20000	16.05	1
20000	16.1	0
20000	16.15	3
20000	16.2	1
20000	16.25	1
20000	16.3	0
20000	16.35	0
20000	16.4	0
20000	16.45	0
20000	16.5	0
20000	16.55	0
20000	16.6	0
20000	16.65	1
20000	16.7	0
20000	16.75	1
20000	16.8	1
20000	16.85	2
20000	16.9	0
20000	16.95	0
20000	17	-1
20000	17.05	0
20000	17.1	0
20000	17.15	-1
20000	17.2	2
20000	17.25	-1
20000	17.3	0
20000	17.35	1
20000	17.4	-1
20000	17.45	0
20000	17.5	1
20000	17.55	1
20000	17.6	-2
20000	17.65	-1
20000	17.7	-2
20000	17.75	-1
20000	17.8	1
20000	17.85	1
20000	17.9	0
20000	17.95	1
20000	18	-4
20000	18.05	-483
20000	18.1	-3965
20000	18.15	-12711
20000	18.2	-25677
20000	18.25	-40536
20000	18.3	-53544
20000	18.35	-64220
20000	18.4	-68445
20000	18.45	-67557
20000	18.5	-62656
20000	18.55	-52027
20000	18.6	-39025
20000	18.65	-24462
20000	18.7	-7782
20000	18.75	7753
20000	18.8	21588
20000	18.85	33361
20000	18.9	40939
20000	18.95	47396
20000	19	50240
20000	19.05	50753
20000	19.1	48024
20000	19.15	43716
20000	19.2	38920
20000	19.25	32331
20000	19.3	26391
20000	19.35	21184
20000	19.4	16338
20000	19.45	12286
20000	19.5	8959
20000	19.55	6571
20000	19.6	4698
20000	19.65	3277
20000	19.7	2392
20000	19.75	1654
20000	19.8	1230
20000	19.85	884
20000	19.9	604
20000	19.95	471
20000	20	362
20000	20.05	266
20000	20.1	230
20000	20.15	147
20000	20.2	135
20000	20.25	99
20000	20.3	83
20000	20.35	91
20000	20.4	50
20000	20.45	36
20000	20.5	30
20000	20.55	37
20000	20.6	11
20000	20.65	32
20000	20.7	20
20000	20.75	28
20000	20.8	8
20000	20.85	8
20000	20.9	10
20000	20.95	4
20000	21	-2
20000	21.05	6
20000	21.1	4
20000	21.15	-3
20000	21.2	9
20000	21.25	1
20000	21.3	-7
20000	21.35	-1
20000	21.4	-11
20000	21.45	5
20000	21.5	-6
20000	21.55	-11
20000	21.6	-12
20000	21.65	-9
20000	21.7	-10
20000	21.75	1
20000	21.8	-4
20000	21.85	-25
20000	21.9	-13
20000	21.95	-18
20000	22	-24
20000	22.05	-7
20000	22.1	-29
20000	22.15	-15
20000	22.2	-30
20000	22.25	-28
20000	22.3	-42
20000	22.35	-42
20000	22.4	-48
20000	22.45	-47
20000	22.5	-62
20000	22.55	-65
20000	22.6	-68
20000	22.65	-79
20000	22.7	-92
20000	22.75	-100
20000	22.8	-81
20000	22.85	-88
20000	22.9	-121
20000	22.95	-92
20000	23	-143
20000	23.05	-108
20000	23.1	-124
20000	23.15	-132
20000	23.2	-111
20000	23.25	-132
20000	23.3	-125
20000	23.35	-96
20000	23.4	-109
20000	23.45	-81
20000	23.5	-58
20000	23.55	-56
20000	23.6	-29
20000	23.65	-50
20000	23.7	-52
20000	23.75	-29
20000	23.8	64
20000	23.85	66
20000	23.9	60
20000	23.95	117
20000	24	104
20000	24.05	159
20000	24.1	146
20000	24.15	142
20000	24.2	153
20000	24.25	135
20000	24.3	166
20000	24.35	176
20000	24.4	161
20000	24.45	152
20000	24.5	153
20000	24.55	118
20000	24.6	95
20000	24.65	131
20000	24.7	102
20000	24.75	83
20000	24.8	78
20000	24.85	69
20000	24.9	50
20000	24.95	49
20000	25	50
20000	25.05	27
20000	25.1	10
20000	25.15	23
20000	25.2	16
20000	25.25	7
20000	25.3	9
20000	25.35	9
20000	25.4	8
20000	25.45	5
20000	25.5	1
20000	25.55	3
20000	25.6	4
20000	25.65	5
20000	25.7	4
20000	25.75	2
20000	25.8	0
20000	25.85	1
20000	25.9	1
20000	25.95	-2
20000	26	4
20000	26.05	2
20000	26.1	1
20000	26.15	1
20000	26.2	0
20000	26.25	1
20000	26.3	0
20000	26.35	0
20000	26.4	1
20000	26.45	3
20000	26.5	1
20000	26.55	-1
20000	26.6	1
20000	26.65	0
20000	26.7	0
20000	26.75	0
20000	26.8	0
20000	26.85	0
20000	26.9	0
20000	26.95	-1
20000	27	0
20000	27.05	0
20000	27.1	1
20000	27.15	0
20000	27.2	1
20000	27.25	0
20000	27.3	0
20000	27.35	0
20000	27.4	0
20000	27.45	0
20000	27.5	0
20000	27.55	1
20000	27.6	0
20000	27.65	0
20000	27.7	1
20000	27.75	0
20000	27.8	1
20000	27.85	0
20000	27.9	0
20000	27.95	-1
20000	28	-6
20000	28.05	-503
20000	28.1	-4461
20000	28.15	-14164
20000	28.2	-28610
20000	28.25	-44979
20000	28.3	-59904
20000	28.35	-71017
20000	28.4	-76492
20000	28.45	-75556
20000	28.5	-69065
20000	28.55	-57820
20000	28.6	-42734
20000	28.65	-26597
20000	28.7	-9262
20000	28.75	7741
20000	28.8	23451
20000	28.85	37400
20000	28.9	47002
20000	28.95	52035
20000	29	54654
20000	29.05	56333
20000	29.1	53228
20000	29.15	48635
20000	29.2	42397
20000	29.25	36433
20000	29.3	29508
20000	29.35	23606
20000	29.4	18272
20000	29.45	13570
20000	29.5	10081
20000	29.55	7163
20000	29.6	5227
20000	29.65	3722
20000	29.7	2567
20000	29.75	1913
20000	29.8	1355
20000	29.85	954
20000	29.9	764
20000	29.95	552
40000	0	359
40000	0.05	303
40000	0.1	176
40000	0.15	162
40000	0.2	153
40000	0.25	136
40000	0.3	84
40000	0.35	74
40000	0.4	31
40000	0.45	26
40000	0.5	33
40000	0.55	37
40000	0.6	44
40000	0.65	28
40000	0.7	25
40000	0.75	13
40000	0.8	16
40000	0.85	-4
40000	0.9	13
40000	0.95	4
40000	1	10
40000	1.05	7
40000	1.1	0
40000	1.15	6
40000	1.2	15
40000	1.25	-9
40000	1.3	-9
40000	1.35	1
40000	1.4	-6
40000	1.45	-3
40000	1.5	-7
40000	1.55	-11
40000	1.6	-11
40000	1.65	-25
40000	1.7	-15
40000	1.75	-13
40000	1.8	-12
40000	1.85	-14
40000	1.9	-10
40000	1.95	-23
40000	2	-21
40000	2.05	-36
40000	2.1	-12
40000	2.15	-53
40000	2.2	-45
40000	2.25	-38
40000	2.3	-29
40000	2.35	-46
40000	2.4	-67
40000	2.45	-60
40000	2.5	-64
40000	2.55	-87
40000	2.6	-134
40000	2.65	-111
40000	2.7	-103
40000	2.75	-127
40000	2.8	-137
40000	2.85	-121
40000	2.9	-123
40000	2.95	-158
40000	3	-150
40000	3.05	-187
40000	3.1	-186
40000	3.15	-131
40000	3.2	-109
40000	3.25	-124
40000	3.3	-119
40000	3.35	-153
40000	3.4	-139
40000	3.45	-118
40000	3.5	-111
40000	3.55	-95
40000	3.6	-43
40000	3.65	-3
40000	3.7	16
40000	3.75	43
40000	3.8	39
40000	3.85	45
40000	3.9	47
40000	3.95	118
40000	4	125
40000	4.05	171
40000	4.1	190
40000	4.15	183
40000	4.2	218
40000	4.25	197
40000	4.3	187
40000	4.35	209
40000	4.4	210
40000	4.45	228
40000	4.5	184
40000	4.55	199
40000	4.6	159
40000	4.65	162
40000	4.7	138
40000	4.75	112
40000	4.8	107
40000	4.85	70
40000	4.9	63
40000	4.95	60
40000	5	49
40000	5.05	40
40000	5.1	17
40000	5.15	27
40000	5.2	29
40000	5.25	14
40000	5.3	10
40000	5.35	10
40000	5.4	10
40000	5.45	6
40000	5.5	7
40000	5.55	8
40000	5.6	7
40000	5.65	5
40000	5.7	-1
40000	5.75	3
40000	5.8	1
40000	5.85	4
40000	5.9	3
40000	5.95	6
40000	6	1
40000	6.05	-1
40000	6.1	1
40000	6.15	1
40000	6.2	-1
40000	6.25	2
40000	6.3	4
40000	6.35	-1
40000	6.4	1
40000	6.45	0
40000	6.5	0
40000	6.55	0
40000	6.6	1
40000	6.65	-1
40000	6.7	0
40000	6.75	0
40000	6.8	1
40000	6.85	2
40000	6.9	0
40000	6.95	1
40000	7	1
40000	7.05	1
40000	7.1	0
40000	7.15	-1
40000	7.2	-1
40000	7.25	0
40000	7.3	0
40000	7.35	2
40000	7.4	-2
40000	7.45	2
40000	7.5	0
40000	7.55	1
40000	7.6	1
40000	7.65	1
40000	7.7	0
40000	7.75	0
40000	7.8	0
40000	7.85	1
40000	7.9	2
40000	7.95	0
40000	8	-4
40000	8.05	-558
40000	8.1	-4076
40000	8.15	-12571
40000	8.2	-26001
40000	8.25	-40879
40000	8.3	-54849
40000	8.35	-64775
40000	8.4	-69726
40000	8.45	-68310
40000	8.5	-62484
40000	8.55	-52591
40000	8.6	-40162
40000	8.65	-23365
40000	8.7	-7431
40000	8.75	7634
40000	8.8	21322
40000	8.85	32835
40000	8.9	42536
40000	8.95	48021
40000	9	50964
40000	9.05	50501
40000	9.1	48423
40000	9.15	44302
40000	9.2	38332
40000	9.25	32517
40000	9.3	27102
40000	9.35	21080
40000	9.4	16317
40000	9.45	12506
40000	9.5	9173
40000	9.55	6488
40000	9.6	4726
40000	9.65	3360
40000	9.7	2391
40000	9.75	1724
40000	9.8	1218
40000	9.85	873
40000	9.9	662
40000	9.95	503
40000	10	326
40000	10.05	258
40000	10.1	216
40000	10.15	151
40000	10.2	130
40000	10.25	82
40000	10.3	86
40000	10.35	48
40000	10.4	61
40000	10.45	41
40000	10.5	48
40000	10.55	20
40000	10.6	27
40000	10.65	34
40000	10.7	11
40000	10.75	16
40000	10.8	-7
40000	10.85	12
40000	10.9	10
40000	10.95	11
40000	11	4
40000	11.05	11
40000	11.1	-8
40000	11.15	10
40000	11.2	-1
40000	11.25	2
40000	11.3	1
40000	11.35	-1
40000	11.4	2
40000	11.45	-12
40000	11.5	-11
40000	11.55	5
40000	11.6	-14
40000	11.65	-9
40000	11.7	-17
40000	11.75	-9
40000	11.8	-19
40000	11.85	-12
40000	11.9	-20
40000	11.95	-19
40000	12	-2
40000	12.05	-31
40000	12.1	-24
40000	12.15	-34
40000	12.2	-42
40000	12.25	-42
40000	12.3	-43
40000	12.35	-40
40000	12.4	-55
40000	12.45	-57
40000	12.5	-90
40000	12.55	-100
40000	12.6	-76
40000	12.65	-96
40000	12.7	-107
40000	12.75	-112
40000	12.8	-102
40000	12.85	-129
40000	12.9	-151
40000	12.95	-160
40000	13	-145
40000	13.05	-162
40000	13.1	-164
40000	13.15	-198
40000	13.2	-132
40000	13.25	-139
40000	13.3	-139
40000	13.35	-105
40000	13.4	-150
40000	13.45	-122
40000	13.5	-76
40000	13.55	-94
40000	13.6	-111
40000	13.65	-35
40000	13.7	42
40000	13.75	38
40000	13.8	40
40000	13.85	33
40000	13.9	95
40000	13.95	96
40000	14	132
40000	14.05	142
40000	14.1	171
40000	14.15	171
40000	14.2	133
40000	14.25	185
40000	14.3	179
40000	14.35	185
40000	14.4	188
40000	14.45	194
40000	14.5	168
40000	14.55	141
40000	14.6	117
40000	14.65	135
40000	14.7	110
40000	14.75	102
40000	14.8	72
40000	14.85	74
40000	14.9	54
40000	14.95	38
40000	15	24
40000	15.05	32
40000	15.1	13
40000	15.15	26
40000	15.2	16
40000	15.25	15
40000	15.3	8
40000	15.35	8
40000	15.4	8
40000	15.45	3
40000	15.5	2
40000	15.55	3
40000	15.6	-1
40000	15.65	2
40000	15.7	0
40000	15.75	0
40000	15.8	0
40000	15.85	0
40000	15.9	1
40000	15.95	2
40000	16	0
40000	16.05	0
40000	16.1	0
40000	16.15	1
40000	16.2	0
40000	16.25	0
40000	16.3	1
40000	16.35	-1
40000	16.4	0
40000	16.45	0
40000	16.5	0
40000	16.55	0
40000	16.6	0
40000	16.65	1
40000	16.7	0
40000	16.75	0
40000	16.8	1
40000	16.85	0
40000	16.9	0
40000	16.95	-1
40000	17	0
40000	17.05	-1
40000	17.1	-1
40000	17.15	0
40000	17.2	0
40000	17.25	1
40000	17.3	0
40000	17.35	0
40000	17.4	1
40000	17.45	0
40000	17.5	-1
40000	17.55	0
40000	17.6	-1
40000	17.65	0
40000	17.7	0
40000	17.75	0
40000	17.8	0
40000	17.85	0
40000	17.9	0
40000	17.95	0
40000	18	-1
40000	18.05	-554
40000	18.1	-4276
40000	18.15	-13101
40000	18.2	-26504
40000	18.25	-41110
40000	18.3	-55542
40000	18.35	-65170
40000	18.4	-70782
40000	18.45	-69599
40000	18.5	-63754
40000	18.55	-54135
40000	18.6	-39552
40000	18.65	-25038
40000	18.7	-8022
40000	18.75	7650
40000	18.8	22279
40000	18.85	34296
40000	18.9	42565
40000	18.95	48385
40000	19	51641
40000	19.05	51634
40000	19.1	48831
40000	19.15	45125
40000	19.2	39154
40000	19.25	33117
40000	19.3	27367
40000	19.35	21663
40000	19.4	16600
40000	19.45	12632
40000	19.5	9100
40000	19.55	6663
40000	19.6	4793
40000	19.65	3318
40000	19.7	2396
40000	19.75	1713
40000	19.8	1258
40000	19.85	881
40000	19.9	619
40000	19.95	530
40000	20	317
40000	20.05	264
40000	20.1	175
40000	20.15	161
40000	20.2	132
40000	20.25	96
40000	20.3	69
40000	20.35	72
40000	20.4	37
40000	20.45	22
40000	20.5	51
40000	20.55	35
40000	20.6	29
40000	20.65	6
40000	20.7	15
40000	20.75	10
40000	20.8	9
40000	20.85	6
40000	20.9	16
40000	20.95	0
40000	21	6
40000	21.05	0
40000	21.1	-7
40000	21.15	-1
40000	21.2	5
40000	21.25	2
40000	21.3	-2
40000	21.35	0
40000	21.4	-5
40000	21.45	-5
40000	21.5	-7
40000	21.55	-14
40000	21.6	2
40000	21.65	-5
40000	21.7	-12
40000	21.75	-17
40000	21.8	-23
40000	21.85	0
40000	21.9	-21
40000	21.95	-18
40000	22	-10
40000	22.05	-28
40000	22.1	-24
40000	22.15	-21
40000	22.2	-41
40000	22.25	-32
40000	22.3	-46
40000	22.35	-61
40000	22.4	-32
40000	22.45	-54
40000	22.5	-52
40000	22.55	-57
40000	22.6	-83
40000	22.65	-79
40000	22.7	-83
40000	22.75	-90
40000	22.8	-81
40000	22.85	-99
40000	22.9	-93
40000	22.95	-116
40000	23	-157
40000	23.05	-107
40000	23.1	-135
40000	23.15	-90
40000	23.2	-107
40000	23.25	-115
40000	23.3	-148
40000	23.35	-88
40000	23.4	-121
40000	23.45	-86
40000	23.5	-89
40000	23.55	-48
40000	23.6	-39
40000	23.65	-35
40000	23.7	23
40000	23.75	25
40000	23.8	9
40000	23.85	54
40000	23.9	69
40000	23.95	72
40000	24	98
40000	24.05	78
40000	24.1	106
40000	24.15	142
40000	24.2	156
40000	24.25	170
40000	24.3	154
40000	24.35	169
40000	24.4	167
40000	24.45	134
40000	24.5	113
40000	24.55	128
40000	24.6	119
40000	24.65	104
40000	24.7	91
40000	24.75	75
40000	24.8	70
40000	24.85	50
40000	24.9	30
40000	24.95	36
40000	25	31
40000	25.05	23
40000	25.1	19
40000	25.15	13
40000	25.2	18
40000	25.25	5
40000	25.3	9
40000	25.35	7
40000	25.4	3
40000	25.45	3
40000	25.5	2
40000	25.55	4
40000	25.6	1
40000	25.65	-1
40000	25.7	2
40000	25.75	-1
40000	25.8	1
40000	25.85	1
40000	25.9	1
40000	25.95	0
40000	26	-2
40000	26.05	2
40000	26.1	0
40000	26.15	0
40000	26.2	-1
40000	26.25	0
40000	26.3	-1
40000	26.35	0
40000	26.4	0
40000	26.45	0
40000	26.5	0
40000	26.55	0
40000	26.6	0
40000	26.65	0
40000	26.7	0
40000	26.75	0
40000	26.8	0
40000	26.85	0
40000	26.9	0
40000	26.95	0
40000	27	0
40000	27.05	0
40000	27.1	0
40000	27.15	0
40000	27.2	0
40000	27.25	0
40000	27.3	0
40000	27.35	0
40000	27.4	0
40000	27.45	0
40000	27.5	0
40000	27.55	0
40000	27.6	0
40000	27.65	0
40000	27.7	0
40000	27.75	0
40000	27.8	0
40000	27.85	0
40000	27.9	0
40000	27.95	0
40000	28	-5
40000	28.05	-511
40000	28.1	-4215
40000	28.15	-13758
40000	28.2	-28090
40000	28.25	-44007
40000	28.3	-58751
40000	28.35	-69418
40000	28.4	-74662
40000	28.45	-73904
40000	28.5	-68062
40000	28.55	-56894
40000	28.6	-42326
40000	28.65	-25418
40000	28.7	-8954
40000	28.75	8386
40000	28.8	23282
40000	28.85	36402
40000	28.9	44674
40000	28.95	51416
40000	29	55406
40000	29.05	54712
40000	29.1	51257
40000	29.15	48106
40000	29.2	42188
40000	29.25	34953
40000	29.3	29048
40000	29.35	23098
40000	29.4	17596
40000	29.45	13384
40000	29.5	9749
40000	29.55	7017
40000	29.6	5119
40000	29.65	3608
40000	29.7	2595
40000	29.75	1848
40000	29.8	1331
40000	29.85	894
40000	29.9	674
40000	29.95	564
60000	0	381
60000	0.05	285
60000	0.1	240
60000	0.15	172
60000	0.2	113
60000	0.25	113
60000	0.3	80
60000	0.35	78
60000	0.4	60
60000	0.45	47
60000	0.5	16
60000	0.55	38
60000	0.6	21
60000	0.65	24
60000	0.7	25
60000	0.75	12
60000	0.8	10
60000	0.85	16
60000	0.9	13
60000	0.95	7
60000	1	12
60000	1.05	11
60000	1.1	-3
60000	1.15	6
60000	1.2	-6
60000	1.25	-9
60000	1.3	4
60000	1.35	-5
60000	1.4	0
60000	1.45	2
60000	1.5	-3
60000	1.55	-8
60000	1.6	-11
60000	1.65	-3
60000	1.7	-3
60000	1.75	-13
60000	1.8	-21
60000	1.85	-24
60000	1.9	-23
60000	1.95	-13
60000	2	-17
60000	2.05	-27
60000	2.1	-34
60000	2.15	-36
60000	2.2	-26
60000	2.25	-45
60000	2.3	-38
60000	2.35	-55
60000	2.4	-48
60000	2.45	-57
60000	2.5	-76
60000	2.55	-73
60000	2.6	-86
60000	2.65	-101
60000	2.7	-96
60000	2.75	-96
60000	2.8	-117
60000	2.85	-117
60000	2.9	-132
60000	2.95	-138
60000	3	-126
60000	3.05	-126
60000	3.1	-175
60000	3.15	-183
60000	3.2	-155
60000	3.25	-118
60000	3.3	-153
60000	3.35	-123
60000	3.4	-112
60000	3.45	-86
60000	3.5	-108
60000	3.55	-36
60000	3.6	-84
60000	3.65	-9
60000	3.7	2
60000	3.75	10
60000	3.8	12
60000	3.85	43
60000	3.9	97
60000	3.95	110
60000	4	127
60000	4.05	180
60000	4.1	163
60000	4.15	196
60000	4.2	190
60000	4.25	184
60000	4.3	228
60000	4.35	217
60000	4.4	196
60000	4.45	218
60000	4.5	165
60000	4.55	160
60000	4.6	191
60000	4.65	149
60000	4.7	142
60000	4.75	111
60000	4.8	99
60000	4.85	76
60000	4.9	65
60000	4.95	57
60000	5	45
60000	5.05	30
60000	5.1	16
60000	5.15	13
60000	5.2	21
60000	5.25	6
60000	5.3	6
60000	5.35	3
60000	5.4	6
60000	5.45	4
60000	5.5	2
60000	5.55	5
60000	5.6	2
60000	5.65	4
60000	5.7	2
60000	5.75	1
60000	5.8	4
60000	5.85	3
60000	5.9	1
60000	5.95	-2
60000	6	-1
60000	6.05	1
60000	6.1	0
60000	6.15	-1
60000	6.2	0
60000	6.25	1
60000	6.3	2
60000	6.35	-1
60000	6.4	-1
60000	6.45	0
60000	6.5	2
60000	6.55	-1
60000	6.6	1
60000	6.65	0
60000	6.7	0
60000	6.75	1
60000	6.8	0
60000	6.85	0
60000	6.9	0
60000	6.95	0
60000	7	-1
60000	7.05	0
60000	7.1	0
60000	7.15	-1
60000	7.2	1
60000	7.25	0
60000	7.3	0
60000	7.35	1
60000	7.4	-1
60000	7.45	1
60000	7.5	1
60000	7.55	-1
60000	7.6	0
60000	7.65	-1
60000	7.7	0
60000	7.75	-2
60000	7.8	0
60000	7.85	1
60000	7.9	0
60000	7.95	0
60000	8	-7
60000	8.05	-501
60000	8.1	-4212
60000	8.15	-13364
60000	8.2	-26664
60000	8.25	-41885
60000	8.3	-55761
60000	8.35	-66112
60000	8.4	-71170
60000	8.45	-70606
60000	8.5	-65134
60000	8.55	-53907
60000	8.6	-40249
60000	8.65	-24863
60000	8.7	-6983
60000	8.75	8284
60000	8.8	21406
60000	8.85	34301
60000	8.9	43307
60000	8.95	49246
60000	9	52426
60000	9.05	52225
60000	9.1	50003
60000	9.15	45517
60000	9.2	39852
60000	9.25	34170
60000	9.3	27486
60000	9.35	21965
60000	9.4	16842
60000	9.45	12730
60000	9.5	9316
60000	9.55	6776
60000	9.6	4813
60000	9.65	3414
60000	9.7	2426
60000	9.75	1733
60000	9.8	1273
60000	9.85	932
60000	9.9	667
60000	9.95	507
60000	10	365
60000	10.05	272
60000	10.1	204
60000	10.15	171
60000	10.2	152
60000	10.25	102
60000	10.3	91
60000	10.35	74
60000	10.4	86
60000	10.45	42
60000	10.5	29
60000	10.55	28
60000	10.6	32
60000	10.65	29
60000	10.7	6
60000	10.75	12
60000	10.8	10
60000	10.85	17
60000	10.9	13
60000	10.95	6
60000	11	10
60000	11.05	1
60000	11.1	2
60000	11.15	1
60000	11.2	10
60000	11.25	-2
60000	11.3	2
60000	11.35	2
60000	11.4	-13
60000	11.45	-2
60000	11.5	-6
60000	11.55	-8
60000	11.6	-2
60000	11.65	-22
60000	11.7	-9
60000	11.75	-6
60000	11.8	-31
60000	11.85	-23
60000	11.9	-23
60000	11.95	-24
60000	12	-24
60000	12.05	-31
60000	12.1	-28
60000	12.15	-41
60000	12.2	-24
60000	12.25	-54
60000	12.3	-35
60000	12.35	-74
60000	12.4	-60
60000	12.45	-81
60000	12.5	-74
60000	12.55	-86
60000	12.6	-89
60000	12.65	-104
60000	12.7	-100
60000	12.75	-139
60000	12.8	-139
60000	12.85	-114
60000	12.9	-171
60000	12.95	-156
60000	13	-152
60000	13.05	-186
60000	13.1	-150
60000	13.15	-157
60000	13.2	-185
60000	13.25	-144
60000	13.3	-201
60000	13.35	-130
60000	13.4	-120
60000	13.45	-107
60000	13.5	-95
60000	13.55	-60
60000	13.6	-45
60000	13.65	-51
60000	13.7	-2
60000	13.75	20
60000	13.8	55
60000	13.85	49
60000	13.9	118
60000	13.95	135
60000	14	141
60000	14.05	147
60000	14.1	192
60000	14.15	135
60000	14.2	265
60000	14.25	239
60000	14.3	206
60000	14.35	214
60000	14.4	209
60000	14.45	187
60000	14.5	211
60000	14.55	182
60000	14.6	160
60000	14.65	159
60000	14.7	112
60000	14.75	112
60000	14.8	116
60000	14.85	70
60000	14.9	62
60000	14.95	72
60000	15	45
60000	15.05	30
60000	15.1	27
60000	15.15	24
60000	15.2	19
60000	15.25	11
60000	15.3	6
60000	15.35	9
60000	15.4	9
60000	15.45	4
60000	15.5	9
60000	15.55	-3
60000	15.6	4
60000	15.65	1
60000	15.7	3
60000	15.75	-2
60000	15.8	1
60000	15.85	2
60000	15.9	2
60000	15.95	2
60000	16	1
60000	16.05	-2
60000	16.1	0
60000	16.15	0
60000	16.2	1
60000	16.25	0
60000	16.3	0
60000	16.35	1
60000	16.4	0
60000	16.45	1
60000	16.5	1
60000	16.55	0
60000	16.6	0
60000	16.65	0
60000	16.7	0
60000	16.75	0
60000	16.8	0
60000	16.85	0
60000	16.9	1
60000	16.95	0
60000	17	0
60000	17.05	1
60000	17.1	1
60000	17.15	0
60000	17.2	0
60000	17.25	0
60000	17.3	-1
60000	17.35	1
60000	17.4	1
60000	17.45	0
60000	17.5	1
60000	17.55	0
60000	17.6	0
60000	17.65	0
60000	17.7	1
60000	17.75	0
60000	17.8	0
60000	17.85	-2
60000	17.9	0
60000	17.95	0
60000	18	-2
60000	18.05	-519
60000	18.1	-4211
60000	18.15	-13337
60000	18.2	-27211
60000	18.25	-42734
60000	18.3	-56291
60000	18.35	-66398
60000	18.4	-71646
60000	18.45	-70901
60000	18.5	-64851
60000	18.55	-54364
60000	18.6	-40404
60000	18.65	-24622
60000	18.7	-9196
60000	18.75	8351
60000	18.8	22525
60000	18.85	34315
60000	18.9	44201
60000	18.95	49238
60000	19	52315
60000	19.05	52167
60000	19.1	50107
60000	19.15	45652
60000	19.2	39751
60000	19.25	34111
60000	19.3	27895
60000	19.35	21466
60000	19.4	16874
60000	19.45	12603
60000	19.5	9248
60000	19.55	6868
60000	19.6	4874
60000	19.65	3504
60000	19.7	2465
60000	19.75	1694
60000	19.8	1257
60000	19.85	888
60000	19.9	653
60000	19.95	502
60000	20	333
60000	20.05	281
60000	20.1	211
60000	20.15	171
60000	20.2	80
60000	20.25	102
60000	20.3	89
60000	20.35	68
60000	20.4	62
60000	20.45	70
60000	20.5	37
60000	20.55	22
60000	20.6	40
60000	20.65	16
60000	20.7	20
60000	20.75	4
60000	20.8	19
60000	20.85	-5
60000	20.9	7
60000	20.95	12
60000	21	5
60000	21.05	3
60000	21.1	7
60000	21.15	4
60000	21.2	-14
60000	21.25	5
60000	21.3	3
60000	21.35	-3
60000	21.4	7
60000	21.45	-3
60000	21.5	-7
60000	21.55	-9
60000	21.6	-5
60000	21.65	-12
60000	21.7	-18
60000	21.75	-14
60000	21.8	-12
60000	21.85	-16
60000	21.9	-15
60000	21.95	-20
60000	22	-10
60000	22.05	-33
60000	22.1	-30
60000	22.15	-34
60000	22.2	-50
60000	22.25	-38
60000	22.3	-30
60000	22.35	-50
60000	22.4	-57
60000	22.45	-73
60000	22.5	-80
60000	22.55	-66
60000	22.6	-95
60000	22.65	-115
60000	22.7	-83
60000	22.75	-134
60000	22.8	-120
60000	22.85	-122
60000	22.9	-134
60000	22.95	-177
60000	23	-150
60000	23.05	-173
60000	23.1	-147
60000	23.15	-171
60000	23.2	-185
60000	23.25	-162
60000	23.3	-149
60000	23.35	-217
60000	23.4	-107
60000	23.45	-92
60000	23.5	-71
60000	23.55	-72
60000	23.6	-66
60000	23.65	-18
60000	23.7	-30
60000	23.75	36
60000	23.8	90
60000	23.85	4
60000	23.9	66
60000	23.95	124
60000	24	115
60000	24.05	136
60000	24.1	182
60000	24.15	196
60000	24.2	249
60000	24.25	217
60000	24.3	243
60000	24.35	225
60000	24.4	207
60000	24.45	216
60000	24.5	232
60000	24.55	177
60000	24.6	197
60000	24.65	147
60000	24.7	146
60000	24.75	112
60000	24.8	96
60000	24.85	75
60000	24.9	79
60000	24.95	50
60000	25	47
60000	25.05	44
60000	25.1	27
60000	25.15	25
60000	25.2	26
60000	25.25	20
60000	25.3	3
60000	25.35	13
60000	25.4	6
60000	25.45	8
60000	25.5	5
60000	25.55	5
60000	25.6	1
60000	25.65	6
60000	25.7	2
60000	25.75	2
60000	25.8	1
60000	25.85	3
60000	25.9	1
60000	25.95	1
60000	26	1
60000	26.05	0
60000	26.1	0
60000	26.15	0
60000	26.2	2
60000	26.25	0
60000	26.3	0
60000	26.35	1
60000	26.4	2
60000	26.45	0
60000	26.5	0
60000	26.55	1
60000	26.6	0
60000	26.65	1
60000	26.7	0
60000	26.75	1
60000	26.8	1
60000	26.85	1
60000	26.9	1
60000	26.95	-1
60000	27	1
60000	27.05	0
60000	27.1	0
60000	27.15	1
60000	27.2	-1
60000	27.25	-2
60000	27.3	-1
60000	27.35	1
60000	27.4	0
60000	27.45	0
60000	27.5	0
60000	27.55	0
60000	27.6	1
60000	27.65	0
60000	27.7	1
60000	27.75	2
60000	27.8	0
60000	27.85	1
60000	27.9	0
60000	27.95	0
60000	28	-1
60000	28.05	-478
60000	28.1	-4260
60000	28.15	-13363
60000	28.2	-27086
60000	28.25	-42730
60000	28.3	-56550
60000	28.35	-66616
60000	28.4	-71527
60000	28.45	-71035
60000	28.5	-65621
60000	28.55	-54101
60000	28.6	-40914
60000	28.65	-24871
60000	28.7	-7922
60000	28.75	7398
60000	28.8	22266
60000	28.85	35050
60000	28.9	43325
60000	28.95	49546
60000	29	51871
60000	29.05	52349
60000	29.1	49320
60000	29.15	45697
60000	29.2	40298
60000	29.25	34245
60000	29.3	27470
60000	29.35	22377
60000	29.4	17072
60000	29.45	12759
60000	29.5	9378
60000	29.55	6907
60000	29.6	4956
60000	29.65	3487
60000	29.7	2669
60000	29.75	1808
60000	29.8	1276
60000	29.85	961
60000	29.9	660
60000	29.95	494
80000	0	354
80000	0.05	267
80000	0.1	184
80000	0.15	177
80000	0.2	130
80000	0.25	97
80000	0.3	81
80000	0.35	53
80000	0.4	51
80000	0.45	51
80000	0.5	14
80000	0.55	29
80000	0.6	29
80000	0.65	23
80000	0.7	21
80000	0.75	1
80000	0.8	10
80000	0.85	21
80000	0.9	11
80000	0.95	3
80000	1	9
80000	1.05	17
80000	1.1	-1
80000	1.15	-2
80000	1.2	9
80000	1.25	6
80000	1.3	10
80000	1.35	-17
80000	1.4	-9
80000	1.45	-9
80000	1.5	3
80000	1.55	-12
80000	1.6	-17
80000	1.65	0
80000	1.7	-15
80000	1.75	-7
80000	1.8	-11
80000	1.85	-11
80000	1.9	-10
80000	1.95	-28
80000	2	-35
80000	2.05	-11
80000	2.1	-39
80000	2.15	-29
80000	2.2	-26
80000	2.25	-39
80000	2.3	-35
80000	2.35	-40
80000	2.4	-80
80000	2.45	-50
80000	2.5	-90
80000	2.55	-77
80000	2.6	-97
80000	2.65	-109
80000	2.7	-83
80000	2.75	-151
80000	2.8	-132
80000	2.85	-128
80000	2.9	-116
80000	2.95	-140
80000	3	-156
80000	3.05	-187
80000	3.1	-140
80000	3.15	-191
80000	3.2	-166
80000	3.25	-144
80000	3.3	-163
80000	3.35	-124
80000	3.4	-157
80000	3.45	-114
80000	3.5	-115
80000	3.55	-30
80000	3.6	-71
80000	3.65	-50
80000	3.7	-29
80000	3.75	0
80000	3.8	39
80000	3.85	96
80000	3.9	0
80000	3.95	155
80000	4	104
80000	4.05	203
80000	4.1	199
80000	4.15	165
80000	4.2	234
80000	4.25	204
80000	4.3	251
80000	4.35	214
80000	4.4	243
80000	4.45	219
80000	4.5	225
80000	4.55	186
80000	4.6	186
80000	4.65	186
80000	4.7	134
80000	4.75	125
80000	4.8	121
80000	4.85	89
80000	4.9	80
80000	4.95	52
80000	5	65
80000	5.05	55
80000	5.1	23
80000	5.15	32
80000	5.2	15
80000	5.25	20
80000	5.3	3
80000	5.35	7
80000	5.4	3
80000	5.45	13
80000	5.5	5
80000	5.55	4
80000	5.6	1
80000	5.65	-1
80000	5.7	3
80000	5.75	3
80000	5.8	2
80000	5.85	6
80000	5.9	1
80000	5.95	0
80000	6	-1
80000	6.05	1
80000	6.1	2
80000	6.15	1
80000	6.2	-2
80000	6.25	1
80000	6.3	0
80000	6.35	1
80000	6.4	-1
80000	6.45	1
80000	6.5	1
80000	6.55	2
80000	6.6	2
80000	6.65	-3
80000	6.7	-1
80000	6.75	-2
80000	6.8	0
80000	6.85	-2
80000	6.9	1
80000	6.95	-1
80000	7	-2
80000	7.05	0
80000	7.1	0
80000	7.15	-2
80000	7.2	1
80000	7.25	0
80000	7.3	0
80000	7.35	0
80000	7.4	1
80000	7.45	-1
80000	7.5	0
80000	7.55	-1
80000	7.6	1
80000	7.65	1
80000	7.7	-1
80000	7.75	1
80000	7.8	1
80000	7.85	1
80000	7.9	1
80000	7.95	0
80000	8	-1
80000	8.05	-496
80000	8.1	-4132
80000	8.15	-13119
80000	8.2	-26674
80000	8.25	-42169
80000	8.3	-56040
80000	8.35	-66450
80000	8.4	-71799
80000	8.45	-70299
80000	8.5	-64657
80000	8.55	-54375
80000	8.6	-40241
80000	8.65	-23970
80000	8.7	-8507
80000	8.75	7337
80000	8.8	21809
80000	8.85	34317
80000	8.9	43528
80000	8.95	49181
80000	9	51569
80000	9.05	51877
80000	9.1	49726
80000	9.15	45027
80000	9.2	40257
80000	9.25	33612
80000	9.3	27713
80000	9.35	21902
80000	9.4	16956
80000	9.45	12991
80000	9.5	9150
80000	9.55	6817
80000	9.6	4707
80000	9.65	3486
80000	9.7	2464
80000	9.75	1685
80000	9.8	1238
80000	9.85	915
80000	9.9	600
80000	9.95	460
80000	10	363
80000	10.05	249
80000	10.1	211
80000	10.15	166
80000	10.2	149
80000	10.25	107
80000	10.3	91
80000	10.35	71
80000	10.4	57
80000	10.45	47
80000	10.5	27
80000	10.55	48
80000	10.6	30
80000	10.65	23
80000	10.7	16
80000	10.75	14
80000	10.8	7
80000	10.85	15
80000	10.9	11
80000	10.95	3
80000	11	-1
80000	11.05	9
80000	11.1	8
80000	11.15	-11
80000	11.2	1
80000	11.25	7
80000	11.3	-1
80000	11.35	-7
80000	11.4	-8
80000	11.45	-10
80000	11.5	-11
80000	11.55	-12
80000	11.6	2
80000	11.65	-5
80000	11.7	-10
80000	11.75	-15
80000	11.8	-23
80000	11.85	-11
80000	11.9	-6
80000	11.95	-21
80000	12	-34
80000	12.05	-26
80000	12.1	-40
80000	12.15	-26
80000	12.2	-30
80000	12.25	-34
80000	12.3	-46
80000	12.35	-58
80000	12.4	-53
80000	12.45	-74
80000	12.5	-77
80000	12.55	-89
80000	12.6	-75
80000	12.65	-101
80000	12.7	-106
80000	12.75	-99
80000	12.8	-105
80000	12.85	-92
80000	12.9	-122
80000	12.95	-140
80000	13	-137
80000	13.05	-168
80000	13.1	-139
80000	13.15	-115
80000	13.2	-103
80000	13.25	-139
80000	13.3	-126
80000	13.35	-150
80000	13.4	-149
80000	13.45	-99
80000	13.5	-83
80000	13.55	-48
80000	13.6	-29
80000	13.65	6
80000	13.7	-8
80000	13.75	-12
80000	13.8	23
80000	13.85	5
80000	13.9	72
80000	13.95	63
80000	14	146
80000	14.05	148
80000	14.1	169
80000	14.15	162
80000	14.2	154
80000	14.25	193
80000	14.3	194
80000	14.35	183
80000	14.4	153
80000	14.45	219
80000	14.5	148
80000	14.55	160
80000	14.6	134
80000	14.65	131
80000	14.7	106
80000	14.75	105
80000	14.8	76
80000	14.85	82
80000	14.9	52
80000	14.95	57
80000	15	41
80000	15.05	37
80000	15.1	18
80000	15.15	32
80000	15.2	18
80000	15.25	13
80000	15.3	1
80000	15.35	12
80000	15.4	5
80000	15.45	2
80000	15.5	2
80000	15.55	4
80000	15.6	8
80000	15.65	-4
80000	15.7	2
80000	15.75	0
80000	15.8	2
80000	15.85	2
80000	15.9	5
80000	15.95	-1
80000	16	-2
80000	16.05	0
80000	16.1	0
80000	16.15	0
80000	16.2	1
80000	16.25	-1
80000	16.3	1
80000	16.35	2
80000	16.4	-1
80000	16.45	-1
80000	16.5	0
80000	16.55	1
80000	16.6	-1
80000	16.65	0
80000	16.7	-1
80000	16.75	-1
80000	16.8	1
80000	16.85	0
80000	16.9	1
80000	16.95	-1
80000	17	1
80000	17.05	0
80000	17.1	0
80000	17.15	0
80000	17.2	0
80000	17.25	1
80000	17.3	0
80000	17.35	0
80000	17.4	-1
80000	17.45	0
80000	17.5	1
80000	17.55	0
80000	17.6	0
80000	17.65	1
80000	17.7	0
80000	17.75	0
80000	17.8	0
80000	17.85	1
80000	17.9	0
80000	17.95	0
80000	18	-10
80000	18.05	-548
80000	18.1	-4308
80000	18.15	-13826
80000	18.2	-28068
80000	18.25	-44071
80000	18.3	-58473
80000	18.35	-69492
80000	18.4	-74863
80000	18.45	-74252
80000	18.5	-67533
80000	18.55	-57079
80000	18.6	-42134
80000	18.65	-25889
80000	18.7	-8417
80000	18.75	8899
80000	18.8	22657
80000	18.85	35668
80000	18.9	45352
80000	18.95	51623
80000	19	54263
80000	19.05	54567
80000	19.1	51712
80000	19.15	47371
80000	19.2	41205
80000	19.25	35381
80000	19.3	28874
80000	19.35	22703
80000	19.4	17618
80000	19.45	13360
80000	19.5	9657
80000	19.55	7103
80000	19.6	5288
80000	19.65	3478
80000	19.7	2544
80000	19.75	1852
80000	19.8	1261
80000	19.85	883
80000	19.9	743
80000	19.95	484
80000	20	347
80000	20.05	301
80000	20.1	213
80000	20.15	163
80000	20.2	138
80000	20.25	89
80000	20.3	105
80000	20.35	70
80000	20.4	56
80000	20.45	16
80000	20.5	43
80000	20.55	49
80000	20.6	27
80000	20.65	27
80000	20.7	25
80000	20.75	30
80000	20.8	12
80000	20.85	6
80000	20.9	13
80000	20.95	21
80000	21	14
80000	21.05	8
80000	21.1	-2
80000	21.15	13
80000	21.2	8
80000	21.25	4
80000	21.3	-4
80000	21.35	-5
80000	21.4	-8
80000	21.45	4
80000	21.5	-7
80000	21.55	-11
80000	21.6	-6
80000	21.65	-4
80000	21.7	-5
80000	21.75	-12
80000	21.8	-19
80000	21.85	-18
80000	21.9	-19
80000	21.95	-26
80000	22	-41
80000	22.05	-47
80000	22.1	-29
80000	22.15	-30
80000	22.2	-28
80000	22.25	-36
80000	22.3	-49
80000	22.35	-52
80000	22.4	-80
80000	22.45	-57
80000	22.5	-88
80000	22.55	-80
80000	22.6	-100
80000	22.65	-93
80000	22.7	-132
80000	22.75	-129
80000	22.8	-139
80000	22.85	-130
80000	22.9	-194
80000	22.95	-159
80000	23	-178
80000	23.05	-194
80000	23.1	-176
80000	23.15	-196
80000	23.2	-175
80000	23.25	-200
80000	23.3	-135
80000	23.35	-190
80000	23.4	-113
80000	23.45	-144
80000	23.5	-110
80000	23.55	-69
80000	23.6	-120
80000	23.65	-41
80000	23.7	-17
80000	23.75	11
80000	23.8	47
80000	23.85	58
80000	23.9	128
80000	23.95	203
80000	24	207
80000	24.05	165
80000	24.1	218
80000	24.15	202
80000	24.2	206
80000	24.25	217
80000	24.3	243
80000	24.35	278
80000	24.4	206
80000	24.45	258
80000	24.5	240
80000	24.55	214
80000	24.6	210
80000	24.65	151
80000	24.7	143
80000	24.75	127
80000	24.8	127
80000	24.85	107
80000	24.9	71
80000	24.95	60
80000	25	61
80000	25.05	49
80000	25.1	26
80000	25.15	25
80000	25.2	34
80000	25.25	18
80000	25.3	11
80000	25.35	12
80000	25.4	10
80000	25.45	9
80000	25.5	2
80000	25.55	6
80000	25.6	6
80000	25.65	8
80000	25.7	4
80000	25.75	4
80000	25.8	0
80000	25.85	-3
80000	25.9	1
80000	25.95	6
80000	26	2
80000	26.05	2
80000	26.1	1
80000	26.15	1
80000	26.2	0
80000	26.25	0
80000	26.3	2
80000	26.35	-2
80000	26.4	1
80000	26.45	1
80000	26.5	1
80000	26.55	1
80000	26.6	0
80000	26.65	-1
80000	26.7	1
80000	26.75	1
80000	26.8	0
80000	26.85	0
80000	26.9	1
80000	26.95	1
80000	27	0
80000	27.05	0
80000	27.1	0
80000	27.15	0
80000	27.2	0
80000	27.25	0
80000	27.3	1
80000	27.35	1
80000	27.4	1
80000	27.45	0
80000	27.5	1
80000	27.55	-1
80000	27.6	1
80000	27.65	1
80000	27.7	-1
80000	27.75	0
80000	27.8	1
80000	27.85	0
80000	27.9	1
80000	27.95	1
80000	28	-8
80000	28.05	-514
80000	28.1	-4123
80000	28.15	-12532
80000	28.2	-25470
80000	28.25	-40303
80000	28.3	-53942
80000	28.35	-63406
80000	28.4	-69030
80000	28.45	-67815
80000	28.5	-62401
80000	28.55	-52326
80000	28.6	-39623
80000	28.65	-23246
80000	28.7	-7811
80000	28.75	7894
80000	28.8	21162
80000	28.85	32878
80000	28.9	42056
80000	28.95	47381
80000	29	49533
80000	29.05	50493
80000	29.1	47549
80000	29.15	43456
80000	29.2	38221
80000	29.25	32378
80000	29.3	26637
80000	29.35	21249
80000	29.4	16302
80000	29.45	12329
80000	29.5	8987
80000	29.55	6630
80000	29.6	4665
80000	29.65	3382
80000	29.7	2351
80000	29.75	1645
80000	29.8	1188
80000	29.85	869
80000	29.9	545
80000	29.95	468
100000	0	279
100000	0.05	278
100000	0.1	209
100000	0.15	193
100000	0.2	128
100000	0.25	95
100000	0.3	81
100000	0.35	49
100000	0.4	62
100000	0.45	69
100000	0.5	49
100000	0.55	26
100000	0.6	12
100000	0.65	21
100000	0.7	21
100000	0.75	6
100000	0.8	22
100000	0.85	19
100000	0.9	17
100000	0.95	9
100000	1	1
100000	1.05	4
100000	1.1	2
100000	1.15	12
100000	1.2	7
100000	1.25	-8
100000	1.3	-15
100000	1.35	-8
100000	1.4	-14
100000	1.45	3
100000	1.5	2
100000	1.55	-4
100000	1.6	-4
100000	1.65	-7
100000	1.7	-23
100000	1.75	-13
100000	1.8	-7
100000	1.85	-14
100000	1.9	-39
100000	1.95	-18
100000	2	-26
100000	2.05	-27
100000	2.1	-26
100000	2.15	-35
100000	2.2	-52
100000	2.25	-29
100000	2.3	-56
100000	2.35	-83
100000	2.4	-84
100000	2.45	-70
100000	2.5	-86
100000	2.55	-75
100000	2.6	-85
100000	2.65	-84
100000	2.7	-111
100000	2.75	-111
100000	2.8	-145
100000	2.85	-158
100000	2.9	-162
100000	2.95	-141
100000	3	-128
100000	3.05	-161
100000	3.1	-183
100000	3.15	-184
100000	3.2	-179
100000	3.25	-183
100000	3.3	-168
100000	3.35	-118
100000	3.4	-154
100000	3.45	-105
100000	3.5	-152
100000	3.55	-62
100000	3.6	-133
100000	3.65	-24
100000	3.7	23
100000	3.75	10
100000	3.8	56
100000	3.85	68
100000	3.9	159
100000	3.95	124
100000	4	226
100000	4.05	175
100000	4.1	171
100000	4.15	157
100000	4.2	210
100000	4.25	253
100000	4.3	273
100000	4.35	255
100000	4.4	202
100000	4.45	205
100000	4.5	220
100000	4.55	223
100000	4.6	202
100000	4.65	136
100000	4.7	139
100000	4.75	134
100000	4.8	107
100000	4.85	79
100000	4.9	72
100000	4.95	49
100000	5	47
100000	5.05	41
100000	5.1	24
100000	5.15	33
100000	5.2	16
100000	5.25	17
100000	5.3	13
100000	5.35	9
100000	5.4	10
100000	5.45	5
100000	5.5	6
100000	5.55	3
100000	5.6	2
100000	5.65	6
100000	5.7	0
100000	5.75	0
100000	5.8	2
100000	5.85	3
100000	5.9	1
100000	5.95	1
100000	6	0
100000	6.05	3
100000	6.1	2
100000	6.15	1
100000	6.2	-1
100000	6.25	1
100000	6.3	-1
100000	6.35	0
100000	6.4	-1
100000	6.45	0
100000	6.5	0
100000	6.55	1
100000	6.6	0
100000	6.65	0
100000	6.7	0
100000	6.75	0
100000	6.8	0
100000	6.85	0
100000	6.9	0
100000	6.95	0
100000	7	0
100000	7.05	2
100000	7.1	0
100000	7.15	-1
100000	7.2	0
100000	7.25	0
100000	7.3	0
100000	7.35	0
100000	7.4	0
100000	7.45	0
100000	7.5	0
100000	7.55	0
100000	7.6	0
100000	7.65	0
100000	7.7	0
100000	7.75	0
100000	7.8	0
100000	7.85	0
100000	7.9	0
100000	7.95	1
100000	8	-1
100000	8.05	-556
100000	8.1	-4334
100000	8.15	-13453
100000	8.2	-27271
100000	8.25	-42906
100000	8.3	-57515
100000	8.35	-67360
100000	8.4	-72987
100000	8.45	-72055
100000	8.5	-66002
100000	8.55	-55602
100000	8.6	-40907
100000	8.65	-25157
100000	8.7	-7877
100000	8.75	7524
100000	8.8	22507
100000	8.85	36214
100000	8.9	44318
100000	8.95	50336
100000	9	53412
100000	9.05	53028
100000	9.1	50633
100000	9.15	45439
100000	9.2	40389
100000	9.25	34143
100000	9.3	27924
100000	9.35	22323
100000	9.4	17317
100000	9.45	12964
100000	9.5	9548
100000	9.55	6862
100000	9.6	4995
100000	9.65	3582
100000	9.7	2360
100000	9.75	1709
100000	9.8	1236
100000	9.85	951
100000	9.9	639
100000	9.95	505
100000	10	427
100000	10.05	247
100000	10.1	206
100000	10.15	181
100000	10.2	134
100000	10.25	114
100000	10.3	88
100000	10.35	50
100000	10.4	51
100000	10.45	42
100000	10.5	45
100000	10.55	18
100000	10.6	30
100000	10.65	23
100000	10.7	16
100000	10.75	14
100000	10.8	8
100000	10.85	9
100000	10.9	21
100000	10.95	15
100000	11	4
100000	11.05	5
100000	11.1	3
100000	11.15	10
100000	11.2	2
100000	11.25	3
100000	11.3	-10
100000	11.35	-1
100000	11.4	-13
100000	11.45	-10
100000	11.5	0
100000	11.55	-8
100000	11.6	-14
100000	11.65	7
100000	11.7	-1
100000	11.75	-2
100000	11.8	-15
100000	11.85	-12
100000	11.9	-26
100000	11.95	-19
100000	12	-14
100000	12.05	-18
100000	12.1	-24
100000	12.15	-24
100000	12.2	-39
100000	12.25	-27
100000	12.3	-44
100000	12.35	-60
100000	12.4	-47
100000	12.45	-53
100000	12.5	-68
100000	12.55	-64
100000	12.6	-57
100000	12.65	-81
100000	12.7	-92
100000	12.75	-99
100000	12.8	-99
100000	12.85	-126
100000	12.9	-132
100000	12.95	-100
100000	13	-98
100000	13.05	-114
100000	13.1	-129
100000	13.15	-108
100000	13.2	-120
100000	13.25	-108
100000	13.3	-169
100000	13.35	-108
100000	13.4	-94
100000	13.45	-79
100000	13.5	-79
100000	13.55	-63
100000	13.6	-73
100000	13.65	-54
100000	13.7	1
100000	13.75	2
100000	13.8	9
100000	13.85	72
100000	13.9	74
100000	13.95	95
100000	14	129
100000	14.05	107
100000	14.1	153
100000	14.15	162
100000	14.2	205
100000	14.25	171
100000	14.3	184
100000	14.35	163
100000	14.4	198
100000	14.45	184
100000	14.5	144
100000	14.55	140
100000	14.6	163
100000	14.65	122
100000	14.7	122
100000	14.75	97
100000	14.8	69
100000	14.85	65
100000	14.9	46
100000	14.95	57
100000	15	40
100000	15.05	20
100000	15.1	28
100000	15.15	21
100000	15.2	14
100000	15.25	7
100000	15.3	5
100000	15.35	9
100000	15.4	7
100000	15.45	4
100000	15.5	6
100000	15.55	5
100000	15.6	4
100000	15.65	-1
100000	15.7	7
100000	15.75	0
100000	15.8	3
100000	15.85	1
100000	15.9	1
100000	15.95	1
100000	16	-1
100000	16.05	4
100000	16.1	0
100000	16.15	0
100000	16.2	1
100000	16.25	1
100000	16.3	-1
100000	16.35	0
100000	16.4	1
100000	16.45	0
100000	16.5	0
100000	16.55	2
100000	16.6	2
100000	16.65	-2
100000	16.7	0
100000	16.75	-1
100000	16.8	0
100000	16.85	1
100000	16.9	-1
100000	16.95	0
100000	17	-1
100000	17.05	3
100000	17.1	1
100000	17.15	0
100000	17.2	-1
100000	17.25	0
100000	17.3	0
100000	17.35	0
100000	17.4	0
100000	17.45	0
100000	17.5	2
100000	17.55	0
100000	17.6	0
100000	17.65	1
100000	17.7	2
100000	17.75	0
100000	17.8	0
100000	17.85	0
100000	17.9	1
100000	17.95	0
100000	18	-5
100000	18.05	-536
100000	18.1	-4403
100000	18.15	-13233
100000	18.2	-26885
100000	18.25	-42372
100000	18.3	-56321
100000	18.35	-67057
100000	18.4	-71488
100000	18.45	-71762
100000	18.5	-65262
100000	18.55	-54244
100000	18.6	-40522
100000	18.65	-24479
100000	18.7	-8354
100000	18.75	7455
100000	18.8	22912
100000	18.85	34685
100000	18.9	43759
100000	18.95	50928
100000	19	52404
100000	19.05	52669
100000	19.1	50059
100000	19.15	45416
100000	19.2	40416
100000	19.25	34019
100000	19.3	28179
100000	19.35	22132
100000	19.4	17040
100000	19.45	12772
100000	19.5	9257
100000	19.55	6864
100000	19.6	4981
100000	19.65	3464
100000	19.7	2479
100000	19.75	1713
100000	19.8	1241
100000	19.85	949
100000	19.9	667
100000	19.95	446
100000	20	361
100000	20.05	287
100000	20.1	231
100000	20.15	147
100000	20.2	112
100000	20.25	123
100000	20.3	80
100000	20.35	78
100000	20.4	45
100000	20.45	23
100000	20.5	35
100000	20.55	31
100000	20.6	42
100000	20.65	28
100000	20.7	21
100000	20.75	41
100000	20.8	14
100000	20.85	4
100000	20.9	2
100000	20.95	11
100000	21	9
100000	21.05	-5
100000	21.1	9
100000	21.15	-1
100000	21.2	11
100000	21.25	7
100000	21.3	-11
100000	21.35	-4
100000	21.4	-4
100000	21.45	5
100000	21.5	-17
100000	21.55	2
100000	21.6	1
100000	21.65	-8
100000	21.7	-7
100000	21.75	-1
100000	21.8	-21
100000	21.85	-8
100000	21.9	-32
100000	21.95	-11
100000	22	-36
100000	22.05	-17
100000	22.1	-33
100000	22.15	-21
100000	22.2	-41
100000	22.25	-38
100000	22.3	-48
100000	22.35	-65
100000	22.4	-57
100000	22.45	-53
100000	22.5	-73
100000	22.55	-57
100000	22.6	-98
100000	22.65	-106
100000	22.7	-110
100000	22.75	-95
100000	22.8	-134
100000	22.85	-122
100000	22.9	-106
100000	22.95	-156
100000	23	-146
100000	23.05	-161
100000	23.1	-156
100000	23.15	-119
100000	23.2	-175
100000	23.25	-147
100000	23.3	-123
100000	23.35	-129
100000	23.4	-87
100000	23.45	-142
100000	23.5	-116
100000	23.55	-97
100000	23.6	-52
100000	23.65	-49
100000	23.7	-2
100000	23.75	-16
100000	23.8	68
100000	23.85	13
100000	23.9	64
100000	23.95	134
100000	24	110
100000	24.05	117
100000	24.1	199
100000	24.15	197
100000	24.2	232
100000	24.25	181
100000	24.3	204
100000	24.35	160
100000	24.4	215
100000	24.45	250
100000	24.5	199
100000	24.55	159
100000	24.6	148
100000	24.65	132
100000	24.7	133
100000	24.75	98
100000	24.8	93
100000	24.85	79
100000	24.9	71
100000	24.95	55
100000	25	46
100000	25.05	37
100000	25.1	34
100000	25.15	21
100000	25.2	13
100000	25.25	18
100000	25.3	10
100000	25.35	9
100000	25.4	7
100000	25.45	5
100000	25.5	4
100000	25.55	2
100000	25.6	6
100000	25.65	3
100000	25.7	3
100000	25.75	2
100000	25.8	1
100000	25.85	1
100000	25.9	2
100000	25.95	0
100000	26	0
100000	26.05	2
100000	26.1	3
100000	26.15	1
100000	26.2	1
100000	26.25	1
100000	26.3	-1
100000	26.35	2
100000	26.4	1
100000	26.45	0
100000	26.5	2
100000	26.55	1
100000	26.6	2
100000	26.65	-1
100000	26.7	0
100000	26.75	-1
100000	26.8	0
100000	26.85	0
100000	26.9	1
100000	26.95	1
100000	27	-1
100000	27.05	0
100000	27.1	0
100000	27.15	1
100000	27.2	1
100000	27.25	2
100000	27.3	1
100000	27.35	-1
100000	27.4	0
100000	27.45	1
100000	27.5	1
100000	27.55	0
100000	27.6	0
100000	27.65	0
100000	27.7	0
100000	27.75	0
100000	27.8	1
100000	27.85	2
100000	27.9	2
100000	27.95	0
100000	28	-12
100000	28.05	-496
100000	28.1	-4067
100000	28.15	-12981
100000	28.2	-26356
100000	28.25	-41071
100000	28.3	-54893
100000	28.35	-64925
100000	28.4	-69680
100000	28.45	-69303
100000	28.5	-62876
100000	28.55	-53508
100000	28.6	-40155
100000	28.65	-23800
100000	28.7	-8178
100000	28.75	7893
100000	28.8	22095
100000	28.85	33159
100000	28.9	42235
100000	28.95	48980
100000	29	51237
100000	29.05	51390
100000	29.1	48235
100000	29.15	44697
100000	29.2	39272
100000	29.25	32941
100000	29.3	26791
100000	29.35	21343
100000	29.4	16472
100000	29.45	12304
100000	29.5	8983
100000	29.55	6744
100000	29.6	4759
100000	29.65	3319
100000	29.7	2354
100000	29.75	1652
100000	29.8	1280
100000	29.85	867
100000	29.9	641
100000	29.95	505
