700000.0003	28.4966
700000.0003	99.2591
700000.0003	203.999
700000.0003	342.315
700000.0003	529.001
700000.0003	776.927
700000.0003	1068.3
700000.0003	1430.7
700000.0003	1832.4
700000.0003	2282.03
700000.0003	2791.47
700000.0003	3315.54
700000.0003	3866.33
700000.0003	4435.84
700000.0003	5015.76
700000.0003	5551.8
700000.0003	6010.92
700000.0003	6378.08
700000.0003	6667.79
700000.0003	6886.04
700000.0003	7013.31
700000.0003	7100.81
700000.0003	7106.98
700000.0003	7040.51
700000.0003	6921.99
700000.0003	6775.25
700000.0003	6592
700000.0003	6300.58
700000.0003	6060.4
700000.0003	5700.69
700000.0003	5344.69
700000.0003	4981.34
700000.0003	4507.8
700000.0003	4017.04
700000.0003	3536.79
700000.0003	2973.12
700000.0003	2383.42
700000.0003	1741.64
700000.0003	1066.48
700000.0003	364.527
700000.0003	0
700000.0003	0
700000.0003	0
700000.0003	0
700000.0003	0
700000.0003	0
700000.0003	0
700000.0003	0
700000.0003	0
700000.0003	0
700000.0003	0
700000.0003	0
700000.0003	0
700000.0003	0
700000.0003	0
700000.0003	0
700000.0003	0
700000.0003	0
700000.0003	0
700000.0003	0
700000.0003	0
700000.0003	0
700000.0003	0
700000.0003	0
700000.0003	0
700000.0003	0
700000.0003	0
700000.0003	0
700000.0003	0
700000.0003	0
700000.0003	0
700000.0003	0
700000.0003	0
700000.0003	0
700000.0003	0
700000.0003	0
700000.0003	0
700000.0003	0
700000.0003	0
700000.0003	0
700000.0003	0
700000.0003	0
700000.0003	0
700000.0003	0
700000.0003	0
700000.0003	0
700000.0003	0
700000.0003	0
700000.0003	0
700000.0003	0
700000.0003	0
700000.0003	0
700000.0003	0
700000.0003	0
700000.0003	0
700000.0003	0
700000.0003	0
700000.0003	0
700000.0003	0
700000.0003	0
700000.0003	0
700000.0003	0
700000.0003	0
700000.0003	0
700000.0003	0
700000.0003	0
700000.0003	0
700000.0003	0
700000.0003	0
700000.0003	0
700000.0003	0
700000.0003	0
700000.0003	0
700000.0003	0
700000.0003	0
700000.0003	0
700000.0003	0
700000.0003	0
700000.0003	0
700000.0003	0
700000.0003	0
700000.0003	0
700000.0003	0
700000.0003	0
700000.0003	0
700000.0003	0
700000.0003	0
700000.0003	0
700000.0003	0
700000.0003	0
700000.0003	0
700000.0003	0
700000.0003	0
700000.0003	0
700000.0003	0
700000.0003	0
700000.0003	0
700000.0003	0
700000.0003	0
700000.0003	0
700000.0003	-23.5986
700000.0003	-70.2296
700000.0003	-117.503
700000.0003	-162.941
700000.0003	-207.292
700000.0003	-250.526
700000.0003	-297.095
700000.0003	-339.556
700000.0003	-384.023
700000.0003	-421.205
700000.0003	-469.403
700000.0003	-509.94
700000.0003	-549.606
700000.0003	-590.395
700000.0003	-628.357
700000.0003	-669.883
700000.0003	-705.205
700000.0003	-738.532
700000.0003	-780.85
700000.0003	-817.76
700000.0003	-849.489
700000.0003	-888.838
700000.0003	-926.63
700000.0003	-956.422
700000.0003	-987.247
700000.0003	-1014.21
700000.0003	-1060.49
700000.0003	-1087.05
700000.0003	-1112.35
700000.0003	-1144.53
700000.0003	-1173.75
700000.0003	-1209.99
700000.0003	-1235.63
700000.0003	-1269.29
700000.0003	-1289.03
700000.0003	-1319.77
700000.0003	-1334.46
700000.0003	-1371.15
700000.0003	-1405.45
700000.0003	-1424.42
700000.0003	-1446.54
700000.0003	-1462.22
700000.0003	-1500.33
700000.0003	-1516.54
700000.0003	-1532.85
700000.0003	-1560.62
700000.0003	-1567.79
700000.0003	-1598.26
700000.0003	-1632.12
700000.0003	-1642.53
700000.0003	-1651.62
700000.0003	-1680.75
700000.0003	-1692.41
700000.0003	-1705.11
700000.0003	-1734.21
700000.0003	-1739.52
700000.0003	-1751.21
700000.0003	-1767.75
700000.0003	-1779.38
700000.0003	-1787.42
700000.0003	-1813.67
700000.0003	-1813.21
700000.0003	-1826.32
700000.0003	-1842.5
700000.0003	-1836.62
700000.0003	-1850.7
700000.0003	-1874.97
700000.0003	-1875.02
700000.0003	-1886.65
700000.0003	-1890.29
700000.0003	-1899.5
700000.0003	-1903.5
700000.0003	-1906.91
700000.0003	-1910.2
700000.0003	-1911.66
700000.0003	-1909.22
700000.0003	-1920.86
700000.0003	-1922.65
700000.0003	-1928.08
700000.0003	-1929.64
700000.0003	-1923.27
700000.0003	-1925.5
700000.0003	-1922
700000.0003	-1923.61
700000.0003	-1915.53
700000.0003	-1922.84
700000.0003	-1907.93
700000.0003	-1910.31
700000.0003	-1902.61
700000.0003	-1903.67
700000.0003	-1888.61
700000.0003	-1875.1
700000.0003	-1879.93
700000.0003	-1853.19
700000.0003	-1853.07
700000.0003	-1837.73
700000.0003	-1812.62
700000.0003	-1800.8
700000.0003	-1775.71
700000.0003	-1768.05
700000.0003	-1743.32
700000.0003	-1716.43
700000.0003	-1685.19
700000.0003	-1653.63
700000.0003	-1626.65
700000.0003	-1581.69
700000.0003	-1541.69
700000.0003	-1495.03
700000.0003	-1451.46
700000.0003	-1398.37
700000.0003	-1344.77
700000.0003	-1281.36
700000.0003	-1222.34
700000.0003	-1161.87
700000.0003	-1104.15
700000.0003	-1040.16
700000.0003	-974.498
700000.0003	-908.218
700000.0003	-846.792
700000.0003	-789.223
700000.0003	-726.4
700000.0003	-671.006
700000.0003	-615.859
700000.0003	-563.059
700000.0003	-512.813
700000.0003	-465.015
700000.0003	-418.104
700000.0003	-376.139
700000.0003	-337.29
700000.0003	-300.246
700000.0003	-265.448
700000.0003	-234.924
700000.0003	-204.668
700000.0003	-178.916
700000.0003	-154.988
700000.0003	-134.604
700000.0003	-116.051
700000.0003	-99.3117
700000.0003	-85.9854
700000.0003	-73.0892
700000.0003	-61.598
700000.0003	-52.747
700000.0003	-44.3234
700000.0003	-37.2393
700000.0003	-31.6013
700000.0003	-26.675
700000.0003	-22.4529
700000.0003	-18.5937
700000.0003	-15.7163
700000.0003	-13.2552
700000.0003	-10.9939
700000.0003	-9.08577
700000.0003	-7.55135
700000.0003	-6.11598
700000.0003	-4.8497
700000.0003	-3.75638
700000.0003	-2.81992
700000.0003	-1.89918
700000.0003	-1.12839
700000.0003	-0.367378
700000.0003	0
700000.0003	0
700000.0003	0
700000.0003	0
700000.0003	0
700000.0003	0
700000.0003	0
700000.0003	0
700000.0003	0
700000.0003	0
700000.0003	0
700000.0003	0
700000.0003	0
700000.0003	0
700000.0003	0
700000.0003	0
700000.0003	0
700000.0003	0
700000.0003	0
700000.0003	0
700000.0003	0
700000.0003	0
700000.0003	0
700000.0003	0
700000.0003	0
700000.0003	0
700000.0003	0
700000.0003	0
700000.0003	0
700000.0003	0
700000.0003	0
700000.0003	0
700000.0003	0
700000.0003	0
700000.0003	0
700000.0003	0
700000.0003	0
700000.0003	0
700000.0003	0
700000.0003	0
700000.0003	0
700000.0003	0
700000.0003	0
700000.0003	0
700000.0003	0
700000.0003	0
700000.0003	0
700000.0003	0
700000.0003	0
700000.0003	0
700000.0003	0
700000.0003	0
700000.0003	0
700000.0003	0
700000.0003	0
700000.0003	0
700000.0003	0
700000.0003	0
700000.0003	0
700000.0003	0
700000.0003	0
700000.0003	0
700000.0003	0
700000.0003	0
700000.0003	0
700000.0003	0
700000.0003	0
700000.0003	0
700000.0003	0
700000.0003	0
700000.0003	0
700000.0003	0
700000.0003	0
700000.0003	0
700000.0003	0
700000.0003	0
700000.0003	0
700000.0003	0
700000.0003	0
700000.0003	0
700000.0003	0
700000.0003	0
700000.0003	0
700000.0003	0
700000.0003	0
700000.0003	0
700000.0003	0
700000.0003	0
700000.0003	0
700000.0003	0
700000.0003	0
700000.0003	0
700000.0003	0
700000.0003	0
700000.0003	0
700000.0003	0
700000.0003	0
700000.0003	0
700000.0003	0
700000.0003	0
700000.0003	0.0841338
700000.0003	-0.760165
700000.0003	-1.91638
700000.0003	-0.395123
700000.0003	-0.672534
700000.0003	-1.52108
700000.0003	-2.12785
700000.0003	1.53744
700000.0003	13.3509
700000.0003	-7.06742
700000.0003	0.0290556
700000.0003	-12.1949
700000.0003	-6.73887
700000.0003	-7.30924
700000.0003	-2.95939
700000.0003	-2.94457
700000.0003	2.32052
700000.0003	1.46664
700000.0003	8.6319
700000.0003	-14.5744
700000.0003	7.38054
700000.0003	10.218
700000.0003	19.1172
700000.0003	-5.62848
700000.0003	-10.4736
700000.0003	-25.6481
700000.0003	-5.08063
700000.0003	13.1476
700000.0003	-12.2529
700000.0003	-48.4145
700000.0003	-0.548466
700000.0003	2.01971
700000.0003	9.92845
700000.0003	2.30181
700000.0003	16.5432
700000.0003	-8.62411
700000.0003	2.20479
700000.0003	-4.58796
700000.0003	-1.75159
700000.0003	-0.0415513
700000.0003	0
700000.0003	0
700000.0003	0
700000.0003	0
700000.0003	0
700000.0003	0
700000.0003	0
700000.0003	0
700000.0003	0
700000.0003	0
700000.0003	0
700000.0003	0
700000.0003	0
700000.0003	0
700000.0003	0
700000.0003	0
700000.0003	0
700000.0003	0
700000.0003	0
700000.0003	0
700000.0003	0
700000.0003	0
700000.0003	0
700000.0003	0
700000.0003	0
700000.0003	0
700000.0003	0
700000.0003	0
700000.0003	0
700000.0003	0
700000.0003	0
700000.0003	0
700000.0003	0
700000.0003	0
700000.0003	0
700000.0003	0
700000.0003	0
700000.0003	0
700000.0003	0
700000.0003	0
700000.0003	0
700000.0003	0
700000.0003	0
700000.0003	0
700000.0003	0
700000.0003	0
700000.0003	0
700000.0003	0
700000.0003	0
700000.0003	0
700000.0003	0
700000.0003	0
700000.0003	0
700000.0003	0
700000.0003	0
700000.0003	0
700000.0003	0
700000.0003	0
700000.0003	0
700000.0003	0
700000.0003	0
700000.0003	0
700000.0003	0
700000.0003	0
700000.0003	0
700000.0003	0
700000.0003	0
700000.0003	0
700000.0003	0
700000.0003	0
700000.0003	0
700000.0003	0
700000.0003	0
700000.0003	0
700000.0003	0
700000.0003	0
700000.0003	0
700000.0003	0
700000.0003	0
700000.0003	0
700000.0003	0
700000.0003	0
700000.0003	0
700000.0003	0
700000.0003	0
700000.0003	0
700000.0003	0
700000.0003	0
700000.0003	0
700000.0003	0
700000.0003	0
700000.0003	0
700000.0003	0
700000.0003	0
700000.0003	0
700000.0003	0
700000.0003	0
700000.0003	0
700000.0003	0
700000.0003	0
700000.0003	0.0103592
700000.0003	0.163905
700000.0003	0.579518
700000.0003	-0.146242
700000.0003	0.614366
700000.0003	-0.507395
700000.0003	-0.422897
700000.0003	0.320532
700000.0003	-0.497232
700000.0003	0.631939
700000.0003	0.132445
700000.0003	4.35648
700000.0003	1.15925
700000.0003	1.38562
700000.0003	-1.13221
700000.0003	0.811604
700000.0003	1.65378
700000.0003	1.24241
700000.0003	1.49596
700000.0003	1.04805
700000.0003	0.675264
700000.0003	-1.01299
700000.0003	3.02284
700000.0003	-2.18167
700000.0003	2.54953
700000.0003	-0.704175
700000.0003	3.40177
700000.0003	3.45523
700000.0003	3.59161
700000.0003	-0.449362
700000.0003	2.25964
700000.0003	-1.36817
700000.0003	-2.39941
700000.0003	4.18253
700000.0003	-0.0306956
700000.0003	-1.15641
700000.0003	-0.573861
700000.0003	3.2199
700000.0003	0.642258
700000.0003	2.21647
700000.0003	-4.80324
700000.0003	-1.88766
700000.0003	1.88164
700000.0003	4.1387
700000.0003	1.75838
700000.0003	-1.66091
700000.0003	2.22635
700000.0003	-3.64898
700000.0003	-0.479142
700000.0003	3.65163
700000.0003	1.80986
700000.0003	3.08958
700000.0003	-3.43653
700000.0003	-5.55024
700000.0003	-4.0542
700000.0003	1.03837
700000.0003	3.9282
700000.0003	2.97064
700000.0003	-5.56375
700000.0003	0.734491
700000.0003	-5.51414
700000.0003	6.32017
700000.0003	-3.33252
700000.0003	0.530755
700000.0003	-5.85606
700000.0003	4.37195
700000.0003	-0.549007
700000.0003	-2.04143
700000.0003	-4.97823
700000.0003	-2.83121
700000.0003	-2.12082
700000.0003	-0.556431
700000.0003	-3.60715
700000.0003	1.65294
700000.0003	4.08935
700000.0003	-1.34744
700000.0003	-3.4131
700000.0003	2.81535
700000.0003	-1.25131
700000.0003	0.816444
700000.0003	3.14388
700000.0003	-4.1008
700000.0003	2.42269
700000.0003	-1.40997
700000.0003	-2.4455
700000.0003	2.14762
700000.0003	-0.0459527
700000.0003	-0.358002
700000.0003	-7.5688
700000.0003	2.85488
700000.0003	0.227439
700000.0003	-0.023011
700000.0003	2.53567
700000.0003	-0.995829
700000.0003	2.10149
700000.0003	-2.87739
700000.0003	1.30703
700000.0003	0.766595
700000.0003	5.18556
700000.0003	3.43931
700000.0003	-0.919015
700000.0003	-7.41569
700000.0003	-1.02126
700000.0003	-2.53024
700000.0003	-3.31002
700000.0003	1.19621
700000.0003	-2.0615
700000.0003	0.502035
700000.0003	-0.28106
700000.0003	-0.225397
700000.0003	-0.186879
700000.0003	4.74799
700000.0003	-0.088435
700000.0003	0.828771
700000.0003	-0.155394
700000.0003	0.0189733
700000.0003	2.44988
700000.0003	0.210848
700000.0003	0.878886
700000.0003	0.755226
700000.0003	1.25621
700000.0003	0.290801
700000.0003	0.463248
700000.0003	-1.80997
700000.0003	-0.347005
700000.0003	0.0171028
700000.0003	-1.07602
700000.0003	1.04648
700000.0003	-1.35912
700000.0003	0.0357354
700000.0003	0.171221
700000.0003	0.137716
700000.0003	-0.18061
700000.0003	-0.754353
700000.0003	0.624048
700000.0003	0.984395
700000.0003	0.0638422
700000.0003	0.685409
700000.0003	0.474313
700000.0003	0.696348
700000.0003	-0.297199
700000.0003	0.335182
700000.0003	-0.114307
700000.0003	-0.316625
700000.0003	-0.232215
700000.0003	0.109649
700000.0003	-0.239433
700000.0003	-0.0899641
700000.0003	-0.0196259
700000.0003	-0.093451
700000.0003	0.0113602
700000.0003	-0.105985
700000.0003	0.00984248
700000.0003	0.00842673
700000.0003	0.0690211
700000.0003	0.0393019
700000.0003	-0.0047465
700000.0003	-0.0104467
700000.0003	-0.00462916
700000.0003	-0.000602034
700000.0003	0
700000.0003	0
700000.0003	0
700000.0003	0
700000.0003	0
700000.0003	0
700000.0003	0
700000.0003	0
700000.0003	0
700000.0003	0
700000.0003	0
700000.0003	0
700000.0003	0
700000.0003	0
700000.0003	0
700000.0003	0
700000.0003	0
700000.0003	0
700000.0003	0
700000.0003	0
700000.0003	0
700000.0003	0
700000.0003	0
700000.0003	0
700000.0003	0
700000.0003	0
700000.0003	0
700000.0003	0
700000.0003	0
700000.0003	0
700000.0003	0
700000.0003	0
700000.0003	0
700000.0003	0
700000.0003	0
700000.0003	0
700000.0003	0
700000.0003	0
700000.0003	0
700000.0003	0
700000.0003	0
700000.0003	0
700000.0003	0
700000.0003	0
700000.0003	0
700000.0003	0
700000.0003	0
700000.0003	0
700000.0003	0
700000.0003	0
700000.0003	0
700000.0003	0
700000.0003	0
700000.0003	0
700000.0003	0
700000.0003	0
700000.0003	0
700000.0003	0
700000.0003	0
700000.0003	0
700000.0003	0
700000.0003	0
700000.0003	0
700000.0003	0
700000.0003	0
700000.0003	0
700000.0003	0
700000.0003	0
700000.0003	0
700000.0003	0
700000.0003	0
700000.0003	0
700000.0003	0
700000.0003	0
700000.0003	0
700000.0003	0
700000.0003	0
700000.0003	0
700000.0003	0
700000.0003	0
700000.0003	0
700000.0003	0
700000.0003	0
700000.0003	0
700000.0003	0
700000.0003	0
700000.0003	0
700000.0003	0
700000.0003	0
700000.0003	0
700000.0003	0
700000.0003	0
700000.0003	0
700000.0003	0
700000.0003	0
700000.0003	0
700000.0003	0
700000.0003	0
700000.0003	0
700000.0003	0
