700000.0003	2961.04	2955.94	2958.94	2961.71	2960.45	2959.32	2959.68	2961.78	2960.01	2957.88	2958.14	2958.08	2956.71	2956.45	2957.97
700000.0003	1537.06	1531.92	1535.38	1535.63	1535.14	1534.08	1535.32	1534.22	1534.76	1533.42	1531.2	1530.66	1529.11	1534.11	1531.31
700000.0003	194.328	194.473	193.181	194.083	193.74	193.532	194.318	193.542	194.314	194.084	194.038	193.918	193.464	193.333	193.878
700000.0003	32.5644	33.059	32.0925	32.0139	32.3897	32.2386	32.1843	32.1512	31.8553	32.3533	32.524	32.0625	32.0612	32.0182	32.6749
700000.0003	19.7801	19.3378	19.5161	19.8003	19.5045	19.0636	19.0657	19.213	18.9128	19.1922	19.0229	19.6419	19.2643	19.0713	19.0386
700000.0003	16.4712	16.8019	16.7352	16.8024	16.8396	16.3538	16.7968	16.6009	16.7309	16.7231	16.4465	16.5283	16.679	16.8444	16.6203
700000.0003	14.9917	15.5186	15.5735	15.0962	15.5147	14.9058	15.317	15.4125	14.8939	15.4596	15.2025	15.6105	15.32	15.2466	15.4186
700000.0003	14.3231	14.3629	14.9107	14.5437	14.5134	14.5568	14.3743	14.5894	14.3385	14.6028	14.7781	14.8636	14.4935	14.6533	14.4549
700000.0003	13.9842	13.8448	14.2645	13.9939	14.2875	14.2874	14.2265	14.1015	14.093	13.9851	14.2219	13.8409	13.7784	13.9179	13.7028
700000.0003	13.7155	13.6292	13.7822	13.9337	13.8785	13.5946	13.9787	13.4831	14.1655	13.4314	13.6932	13.518	13.286	13.8549	13.6384
700000.0003	13.5745	13.5781	13.3271	13.36	13.7123	13.1996	13.3576	13.5612	13.5261	13.2387	13.5008	13.5397	13.4506	13.5853	13.5029
700000.0003	13.5254	13.3647	13.2103	13.6519	13.1349	13.4418	13.2313	13.2149	13.2539	13.1224	13.1018	13.3078	13.5567	13.4119	13.6324
700000.0003	13.501	13.2955	13.1722	13.5313	13.6389	13.2193	13.0454	13.2699	13.5757	12.9506	13.2741	13.3212	13.6317	13.5031	13.5909
700000.0003	13.5159	13.3241	13.2611	13.4318	13.3512	13.6089	13.5218	12.922	13.0649	13.1027	13.3213	13.0651	13.087	13.0804	13.3122
700000.0003	13.3444	13.519	13.3713	13.9885	13.3501	13.3924	13.6056	13.2217	13.0929	13.4225	13.3542	13.3355	13.1386	13.6289	13.3949
700000.0003	13.7776	14.2734	13.8369	13.697	13.7736	14.0388	13.7464	13.8871	13.6234	13.8538	14.1663	13.8884	14.1589	13.893	14.3693
700000.0003	15.2521	15.3496	14.8016	15.1425	14.857	14.8987	15.1106	15.2932	15.2448	15.3094	15.0311	15.0615	15.2784	14.8631	15.0941
700000.0003	17.2467	17.1577	16.8842	16.9579	16.8433	16.9908	17.271	16.9017	17.4636	17.1554	17.0292	17.15	17.3023	16.6333	16.8606
700000.0003	19.6403	19.8309	19.8557	19.203	19.4668	19.8603	19.7094	19.9496	19.8719	20.0613	19.5761	19.4669	20.1737	19.6228	19.886
700000.0003	24.4729	24.0795	23.9031	24.2066	23.816	23.7097	24.3702	24.2341	23.9975	24.1843	23.8496	23.9745	24.3701	24.322	24.3975
700000.0003	30.561	30.6636	30.7453	31.0027	30.4907	30.6151	31.0592	31.0115	30.097	31.0418	30.2696	30.4034	30.9181	31.0354	30.364
700000.0003	41.9106	41.473	42.2477	42.1022	41.8845	42.0401	41.5498	42.7149	41.2789	42.1644	41.6243	41.3192	42.1431	42.4952	41.4899
700000.0003	66.4753	67.0188	67.6224	67.6394	67.1234	66.6833	67.4628	67.6201	67.3323	67.4114	66.722	67.3671	67.6928	67.841	67.4472
700000.0003	155.607	155.667	156.253	155.75	155.808	155.214	155.644	155.573	155.585	155.027	154.654	154.935	155.978	155.677	155.289
700000.0003	517.177	517.523	516.344	517.445	516.162	514.656	516.038	515.381	516.229	515.607	513.732	516.067	518.883	514.836	515.756
700000.0003	1366.46	1365.11	1362.8	1363.29	1363.34	1360.51	1359.05	1363.86	1361.17	1361.19	1360.09	1362.09	1363.23	1363.4	1363.1
700000.0003	2204.22	2203.97	2201.95	2202.22	2202.93	2203.76	2201.35	2204.28	2200.91	2201.91	2199.06	2201.73	2202.42	2201.97	2204.52
700000.0003	2643.71	2644.28	2641.36	2641.36	2644.43	2643.4	2642.5	2640.62	2643.26	2642.65	2640.44	2641.44	2642.39	2644.62	2643.76
700000.0003	2788.51	2790.81	2789.31	2787.62	2788.99	2790.42	2788.77	2788.3	2787.06	2791.07	2784.39	2789.3	2789.41	2791.14	2789.78
700000.0003	2837.67	2836.37	2834.56	2836.06	2835.39	2838.09	2837.09	2833.07	2834.87	2838.83	2834.93	2836.67	2834.35	2838.09	2836.97
700000.0003	2867.07	2863.51	2866.76	2863.65	2866.57	2864.16	2865.83	2865.29	2867.2	2865.07	2865.91	2864.66	2865.07	2865.65	2867.27
700000.0003	2894.66	2893.78	2889.93	2892.35	2891.7	2894.68	2895.68	2892.08	2890.67	2892.48	2893.7	2894.75	2891.63	2891.29	2893.32
700000.0003	2920.9	2920.24	2918.31	2918.87	2922.34	2918.53	2918.1	2920.3	2924.96	2922.25	2918.65	2917.79	2920.44	2921.02	2920.57
700000.0003	2949.05	2944.72	2943.37	2947.32	2949.96	2945.31	2946.83	2948.77	2949.85	2944.62	2948.76	2949.03	2947.87	2944.61	2947.54
700000.0003	2978.83	2973.45	2969.4	2974.45	2975.38	2970.02	2974.13	2978.09	2975.53	2970.73	2975.12	2977.88	2972.97	2968.81	2975.97
700000.0003	3002.68	2998.69	2995.32	3005.04	3003.13	2999.08	2998.3	3003.04	3003.67	2999.45	2998.85	3003.86	3001.36	2998.16	3001.78
700000.0003	3027.36	3029	3026.31	3026.15	3025.87	3030.13	3027.19	3028.56	3026.63	3027.23	3028.71	3028.19	3026.83	3025.83	3026.8
700000.0003	3049.68	3054.76	3055.53	3053.81	3052.52	3054.95	3053.46	3054.45	3054.1	3054.6	3053.07	3050.29	3053.43	3055.06	3054.08
700000.0003	3077.62	3078	3078.03	3078.99	3077.63	3080.73	3080.06	3078.23	3078.11	3079.98	3077.98	3077.63	3076.37	3078.73	3080.33
700000.0003	3096.29	3095.05	3098.13	3098.48	3095.81	3097.44	3100.29	3098.58	3095.94	3094.97	3097.22	3100.06	3094.48	3094.61	3098.1
700000.0003	-0.282127	0.517131	-0.932744	-0.889452	0.230371	-0.204568	0.777383	-1.39643	-1.20966	-1.97672	-1.68929	-1.15684	0.839618	0.442254	-0.33573
700000.0003	-0.918992	-0.509426	0.106338	-0.164028	0.55372	0.516863	-1.3067	-0.429864	-0.629053	0.479437	-0.731095	0.414854	-0.810559	-0.182875	-0.349606
700000.0003	0.321227	0.0303538	-0.477073	0.543427	0.142306	0.165413	0.292654	-0.145893	0.470201	0.403487	0.0423557	-0.100337	0.266669	0.434635	0.392976
700000.0003	-0.146682	0.0179179	0.0514833	-0.156381	-0.0440842	-0.152872	-0.172576	-0.184229	-0.200889	-0.1243	0.120126	0.257589	0.332822	-0.0916371	-0.174383
700000.0003	0.0652979	-0.125116	0.0772108	-0.209687	0.118279	-0.107325	-0.135807	0.27443	0.0402052	-0.118866	0.0420803	0.169021	-0.0332723	-0.0902508	0.108079
700000.0003	0.0673159	-0.145941	-0.0674171	-0.109336	-0.176469	-0.0159299	0.0230752	0.179512	-0.166023	0.114198	-0.0601241	-0.0381592	0.00967696	0.145315	-0.122833
700000.0003	-0.105486	0.0406021	-0.0114267	-0.262192	0.111991	0.138621	-0.212284	0.110209	0.0626707	0.0970578	-0.116932	0.0666133	0.0887052	-0.0117721	-0.0930428
700000.0003	0.0259224	-0.183861	-0.029957	0.0767448	0.0395869	0.0492513	0.0737803	0.0920882	-0.0144871	-0.0870853	0.0432482	0.181796	0.155341	-0.127181	-0.102283
700000.0003	0.0401289	0.189504	-0.289974	0.139505	-0.286288	0.0459697	-0.0586687	0.021793	0.13061	0.161448	-0.0447594	0.0845513	0.0277208	0.0496491	-0.0780905
700000.0003	0.027978	-0.0232983	0.0594675	-0.031722	0.00528835	0.0512714	0.0699522	0.00196436	-0.148188	-0.0105629	-0.0942437	-0.0405082	-0.0432493	0.0482127	-0.0882636
700000.0003	-0.121368	-0.0295578	-0.0197918	-0.0631017	-0.124711	0.1564	-0.0771619	-0.0344847	0.0126201	-0.0363202	-0.140142	-0.0884546	0.0658068	-0.019588	0.12903
700000.0003	-0.0540864	0.00522787	-0.182829	0.105248	-0.212782	0.153598	-0.145352	-0.0451842	0.0184386	-0.00846678	-0.167819	0.0131072	0.0779703	-0.198985	0.0988173
700000.0003	0.157836	0.0999834	-0.046189	0.0205465	0.114594	-0.254895	-0.0516938	0.0371677	-0.00843131	-0.224692	-0.0198798	0.0420525	-0.0140292	-0.0148171	0.0877513
700000.0003	-0.0310246	0.159154	0.0296868	-0.0709706	-0.0292605	-0.175975	0.027106	-0.0520815	0.0375111	-0.0315381	0.237108	0.151989	0.124904	0.0601975	0.097139
700000.0003	-0.112611	0.0668373	-0.10189	0.108356	0.13807	0.191077	0.0885444	0.0725704	0.146431	0.00343195	-0.0446097	0.104195	-0.0459715	0.0297846	-0.0233047
700000.0003	-0.191977	-0.0139322	-0.0398356	0.145621	0.197446	0.157153	-0.066921	0.221645	0.0459455	-0.0984407	-0.0789644	0.156885	0.126933	0.113781	-0.150737
700000.0003	-0.0049853	-0.0871535	0.0285126	0.020834	0.0597255	-0.0863075	-0.173573	0.17663	0.0880472	-0.10642	0.0748969	0.00756632	0.0215272	-0.213802	0.0105899
700000.0003	-0.0604673	0.272568	0.0796242	0.0315857	-0.0127679	0.283828	-0.195257	0.118014	0.181893	0.138185	0.00837972	-0.0135149	0.223943	0.0826248	0.191236
700000.0003	0.147674	0.0564855	-0.0458101	-0.0223533	0.201958	-0.0177089	-0.2254	0.0267289	0.19193	-0.0957668	-0.186258	-0.216829	-0.0729425	-0.141121	0.152867
700000.0003	-0.081808	-0.0440542	-0.0549139	0.0875457	-0.072957	0.0713342	0.133869	-0.216984	0.015064	0.0085064	-0.0428756	0.0147679	-0.0568156	0.0381783	0.256575
700000.0003	-0.00382655	-0.0653241	0.0171381	0.0522469	0.101358	-0.00879034	0.144661	-0.183282	-0.223863	0.16477	-0.000144181	0.323061	-0.311103	-0.0365225	-0.0934749
700000.0003	0.0793043	-0.26451	-0.0660277	-0.0363038	-0.14154	0.0704072	0.217512	-0.103724	0.0444016	0.00339277	0.28511	-0.0479681	-0.0777836	-0.132673	0.242554
700000.0003	-0.0623301	0.0626001	-0.163583	-0.303256	-0.11292	0.226007	-0.00770464	0.111447	-0.166346	0.0579644	0.0458893	-0.101262	-0.180173	-0.00377095	0.334115
700000.0003	0.345565	-0.460986	0.265928	0.303064	-0.162382	0.163255	-0.532474	0.155829	-0.333518	-0.323444	0.321816	0.0651818	0.126186	-0.171474	-0.00664157
700000.0003	0.205473	-0.712309	0.156913	0.543321	0.177136	0.00250406	-0.0130971	0.223237	0.146799	-0.388994	0.314991	-0.238776	-0.185521	-0.221098	0.235258
700000.0003	0.388843	-0.536888	-0.353068	-0.0805966	0.528637	0.463817	-0.0532776	-1.16311	-0.337686	0.454589	-1.47228	-0.979637	0.249009	0.0905328	0.483801
700000.0003	-0.278621	0.669656	0.491293	0.639156	0.655563	0.598146	-0.303769	-0.221476	-1.08113	-0.957702	-0.333944	-0.132069	-0.50939	0.882619	0.150731
700000.0003	1.33934	0.366331	0.448427	0.416617	0.195984	0.218466	0.0439507	-0.141954	0.370481	-0.0477455	-0.0903793	0.669463	0.218319	-0.395174	-0.55093
700000.0003	0.438198	0.606952	0.385619	-0.225656	-0.322169	0.87763	-0.241115	0.173387	-0.10384	1.029	0.0999034	-1.28607	-0.0636802	0.285057	0.623812
700000.0003	0.532012	0.489	0.683795	0.0113849	0.917362	0.871861	0.748045	0.34108	0.34177	-0.504912	-0.0248862	-0.139681	-0.701616	-0.784542	-0.192514
700000.0003	-0.414812	-0.177691	0.243263	1.02394	1.69344	0.838285	0.715807	0.18172	-0.539007	0.440458	-0.259212	-1.35012	-0.208557	-1.21024	-0.129823
700000.0003	-1.16191	-0.941176	1.09863	1.7273	-0.32088	-0.0845334	0.893728	1.37292	0.313418	-0.0765667	-0.297486	-0.70003	-0.955174	0.0592612	-1.07958
700000.0003	-0.0351269	0.498453	0.200985	0.204237	0.487575	-0.223286	0.685458	0.617198	0.485355	0.508559	0.267995	-0.709306	-1.07409	-0.152596	-0.8147
700000.0003	0.548313	0.296422	-1.01072	0.280524	0.57955	1.18531	0.0763446	0.795289	-0.236968	0.203295	0.419147	-0.497341	-0.643537	0.473122	0.0849548
700000.0003	0.357524	0.0508303	0.378426	-0.224665	0.232357	-0.0983913	0.371895	0.0200601	0.612252	-0.224501	0.110343	-0.142943	0.474208	0.317745	-0.443743
700000.0003	0.723215	0.505994	-0.234091	0.0498546	0.663722	-0.308325	-1.19726	0.234993	-0.0255443	0.0412839	-0.137929	-0.0350595	-0.205467	-0.0726218	1.56919
700000.0003	1.14392	1.67263	1.21576	0.246924	-0.250159	-0.849414	-0.159282	-0.424681	0.179813	-0.612077	-0.503108	0.127295	0.992645	0.0370077	-0.850557
700000.0003	-0.106272	0.530537	0.498937	0.0854274	-0.28115	-0.115394	0.0841955	-0.341412	0.121003	0.122601	0.0350607	0.268785	0.370036	0.366446	0.54514
700000.0003	0.328948	-0.697561	1.33399	0.613104	0.111656	0.458287	0.209577	-0.351164	-1.0995	-0.107556	0.416235	0.402831	-0.0269475	-0.169391	0.145677
700000.0003	-0.226458	0.257164	0.840052	1.1177	0.113689	-0.533637	-0.383848	-0.153684	0.216627	-0.0451577	-0.829187	-0.240051	-1.08861	-0.339324	1.21049
700000.0003	2909.92	2911.01	2911.27	2911.75	2914.06	2912.11	2911.25	2914.25	2910.44	2910.36	2912.48	2911.32	2910.23	2908.76	2910.09
700000.0003	1607.03	1605.98	1605.89	1607.44	1604.84	1608.23	1608.72	1607.74	1611.21	1606.7	1604.73	1603.64	1603.61	1605.27	1604.32
700000.0003	174.197	174.905	173.966	173.909	173.714	173.723	174.803	173.66	173.806	173.791	173.412	174.293	173.143	173.178	173.488
700000.0003	28.4296	28.4506	28.5969	27.7498	28.0926	27.6757	27.8065	28.3391	28.2367	28.4082	28.5801	28.432	28.3826	28.223	28.2918
700000.0003	18.1985	18.2396	18.8928	18.5697	18.0034	18.1882	18.0447	18.1317	17.772	18.3487	18.0635	18.4049	18.1972	18.1393	18.1389
700000.0003	16.2543	16.0494	16.1722	16.1229	16.4474	15.8301	15.9313	16.2239	16.1791	16.0664	16.049	15.785	15.9408	15.9311	16.2907
700000.0003	14.9527	15.3956	15.0177	15.0232	15.3663	14.8187	14.8737	15.1739	14.7604	14.9482	14.8957	15.1286	15.1349	14.6935	15.0607
700000.0003	14.144	14.1928	14.6394	14.5893	14.4451	14.3671	14.1033	14.4667	14.2698	13.957	14.3635	14.3919	14.515	14.4053	14.511
700000.0003	13.7181	13.9742	14.0058	13.609	13.7088	14.0417	13.8757	13.996	13.885	13.7421	13.7199	13.6398	13.5985	13.5731	13.5566
700000.0003	13.5461	13.6098	14.0122	13.4713	13.8166	13.5395	13.7534	13.3851	13.8336	13.6273	13.6037	13.7403	13.2108	13.5994	13.4971
700000.0003	13.5885	13.7832	13.475	13.4107	13.6209	13.1493	13.4482	13.4981	13.3163	13.1879	13.378	13.2783	13.2146	13.4087	13.4771
700000.0003	13.4861	13.5939	13.1901	13.653	13.5497	13.6038	13.5578	13.1994	13.3872	13.2582	13.238	13.2243	13.4792	13.1472	13.4196
700000.0003	13.4369	13.1002	13.0045	13.6394	13.4571	13.3381	13.3662	13.3339	13.4583	13.0023	13.0971	12.9078	13.1977	13.3301	13.5457
700000.0003	13.3742	13.6296	13.3031	13.4639	13.1843	13.5313	13.4795	12.8995	12.8709	13.2521	13.1257	13.1863	13.2436	13.0592	13.574
700000.0003	13.5848	13.4916	13.4151	13.2228	13.6572	13.2741	13.3632	13.1767	13.6665	13.4382	13.1951	13.6476	13.1333	13.6875	13.5055
700000.0003	14.0919	14.2785	14.1319	13.5005	13.6472	14.1385	14.0845	14.089	13.8192	13.9341	13.8508	13.7376	13.6946	13.9872	14.0234
700000.0003	15.0315	15.3379	14.886	14.7725	15.1374	15.0345	15.077	14.9472	15.1928	15.4528	15.1038	14.9794	15.3103	14.8766	15.2187
700000.0003	17.3971	17.0243	16.8001	16.7338	16.9798	16.8246	17.392	16.801	16.966	16.9325	16.9658	16.8108	16.9367	16.7889	17.2285
700000.0003	19.623	19.8031	19.4574	19.725	19.6514	19.9398	19.4206	19.3209	19.4797	20.131	19.5989	19.4166	19.7764	19.518	20.0858
700000.0003	23.9821	23.8824	23.6323	24.1797	23.7183	23.8966	23.7202	24.0398	23.7744	24.0545	23.7033	24.2374	24.0269	24.2347	23.9772
700000.0003	30.4851	30.452	30.6354	30.2589	30.3656	30.1354	30.8774	30.6692	30.1933	30.7618	30.311	30.295	30.6503	30.9291	30.7233
700000.0003	40.9707	41.7093	41.2681	41.879	41.0999	41.5025	41.7974	42.2751	41.5841	41.8474	41.4912	41.0261	41.8056	42.3127	41.9283
700000.0003	66.0447	66.0279	66.6958	66.4994	66.1956	66.1617	66.4071	66.5592	66.6553	65.9181	65.4059	66.5143	66.6107	66.9148	67.0589
700000.0003	152.377	152.292	153.434	153.161	152.597	152.573	153.55	152.32	152.244	151.559	152.756	152.923	153.092	152.656	153.207
700000.0003	522.295	521.993	521.419	520.642	519.844	519.985	520.103	521.664	521.622	520.365	518.095	519.897	522.768	520.119	521.074
700000.0003	1366.31	1367.19	1365.59	1364.38	1364.85	1364.44	1364.19	1363.65	1362.87	1361.69	1362.68	1365.04	1365.11	1365.36	1365.14
700000.0003	2157.56	2156.49	2155	2155.23	2153.96	2155.76	2152.83	2156.05	2154.47	2153.3	2152.15	2151.57	2155.87	2155.18	2155.74
700000.0003	2587.73	2587.41	2584.71	2584.27	2586.75	2585.89	2587.28	2584.94	2587.53	2583.88	2584.8	2583.83	2587.34	2585.55	2589.93
700000.0003	2777.83	2778.78	2779.73	2780.03	2779.13	2777.91	2779.38	2778.29	2777.1	2778.31	2775.83	2780.06	2778.02	2780.35	2779.07
700000.0003	2866.41	2868.34	2869.14	2865.52	2864.84	2867	2864.8	2864.99	2865.03	2868.77	2865.38	2866.24	2866.2	2866.28	2864.32
700000.0003	2906.59	2904.36	2905.48	2904.36	2905.31	2905.3	2906.36	2907.79	2905.1	2905.38	2905.4	2904.71	2905.72	2906.18	2907.03
700000.0003	2932.36	2931.01	2929.35	2932.06	2931.53	2932.89	2931.26	2932.41	2930.81	2930.44	2932.95	2932.62	2931.41	2929.88	2933.86
700000.0003	2950.74	2955.11	2954.52	2953.49	2953.97	2954.23	2953.18	2951.2	2953.92	2953.13	2954.12	2952.57	2951.45	2955.93	2951.35
700000.0003	2969.72	2971.64	2974.46	2971.15	2973.02	2972.42	2972.32	2971.45	2974.15	2973.23	2972.67	2971.73	2971.56	2975.57	2970.03
700000.0003	2991.59	2991.29	2988.2	2986.67	2987.03	2988.58	2992.1	2989.36	2990.41	2990.48	2991.16	2991.3	2990.21	2988.8	2991.04
700000.0003	3010.46	3004.88	3003.65	3009.05	3007.35	3006.76	3005.78	3007.18	3008.68	3006.88	3007.29	3008.86	3009.54	3004.94	3009.68
700000.0003	3024.47	3025.34	3025.01	3025.53	3026.58	3026.02	3024.08	3025.44	3023.82	3025.54	3025.25	3024.22	3024.37	3021.47	3025.06
700000.0003	3043.41	3042.38	3044.77	3043.3	3044.19	3043.35	3045.48	3046.66	3045.61	3045.12	3042.92	3041.75	3043	3044.21	3041.82
700000.0003	3070.2	3069.38	3068.81	3069.98	3069.11	3071.06	3070.61	3070.02	3071.97	3070.48	3070.28	3070.44	3070.92	3071.14	3068.7
700000.0003	3082.94	3083.25	3084.85	3083.28	3084.72	3084.62	3086.49	3083.81	3083.7	3084.66	3084.52	3085.29	3085.3	3084.66	3084.41
