700000.0003	0.0264011
700000.0003	0.0355024
700000.0003	0.0525653
700000.0003	0.0823302
700000.0003	0.123985
700000.0003	0.188575
700000.0003	0.279204
700000.0003	0.397915
700000.0003	0.554186
700000.0003	0.748171
700000.0003	0.98035
700000.0003	1.26607
700000.0003	1.61053
700000.0003	1.99244
700000.0003	2.41887
700000.0003	2.86457
700000.0003	3.34594
700000.0003	3.81645
700000.0003	4.2978
700000.0003	4.73978
700000.0003	5.19941
700000.0003	5.63232
700000.0003	6.03778
700000.0003	6.44181
700000.0003	6.84446
700000.0003	7.16182
700000.0003	7.55732
700000.0003	7.94722
700000.0003	8.2309
700000.0003	8.53764
700000.0003	8.82726
700000.0003	9.08852
700000.0003	9.27748
700000.0003	9.50394
700000.0003	9.69539
700000.0003	9.91624
700000.0003	10.0381
700000.0003	10.1669
700000.0003	10.1496
700000.0003	10.2092
700000.0003	10.237
700000.0003	10.3043
700000.0003	10.2846
700000.0003	10.226
700000.0003	10.3329
700000.0003	10.262
700000.0003	10.2426
700000.0003	10.268
700000.0003	10.3136
700000.0003	10.2262
700000.0003	10.3381
700000.0003	10.3157
700000.0003	10.2837
700000.0003	10.3101
700000.0003	10.2898
700000.0003	10.2587
700000.0003	10.3616
700000.0003	10.3322
700000.0003	10.2967
700000.0003	10.325
700000.0003	10.3841
700000.0003	10.3192
700000.0003	10.2766
700000.0003	10.3125
700000.0003	10.3356
700000.0003	10.2346
700000.0003	10.3193
700000.0003	10.3606
700000.0003	10.3699
700000.0003	10.2483
700000.0003	10.2946
700000.0003	10.3699
700000.0003	10.3446
700000.0003	10.3369
700000.0003	10.3836
700000.0003	10.3696
700000.0003	10.322
700000.0003	10.2917
700000.0003	10.2803
700000.0003	10.36
700000.0003	10.3738
700000.0003	10.3046
700000.0003	10.3862
700000.0003	10.355
700000.0003	10.3048
700000.0003	10.2771
700000.0003	10.3224
700000.0003	10.3702
700000.0003	10.3526
700000.0003	10.3853
700000.0003	10.3515
700000.0003	10.3243
700000.0003	10.3724
700000.0003	10.2664
700000.0003	10.3348
700000.0003	10.4252
700000.0003	10.3459
700000.0003	10.3841
700000.0003	10.3322
700000.0003	10.4055
700000.0003	10.3591
700000.0003	10.3212
700000.0003	10.4949
700000.0003	10.3788
700000.0003	10.4268
700000.0003	10.3756
700000.0003	10.361
700000.0003	10.4145
700000.0003	10.4215
700000.0003	10.4226
700000.0003	10.4717
700000.0003	10.4188
700000.0003	10.3863
700000.0003	10.4694
700000.0003	10.5028
700000.0003	10.4355
700000.0003	10.4831
700000.0003	10.5103
700000.0003	10.4062
700000.0003	10.4075
700000.0003	10.4639
700000.0003	10.4699
700000.0003	10.4519
700000.0003	10.3761
700000.0003	10.4199
700000.0003	10.5129
700000.0003	10.4619
700000.0003	10.4017
700000.0003	10.3893
700000.0003	10.4931
700000.0003	10.4185
700000.0003	10.4544
700000.0003	10.4561
700000.0003	10.4725
700000.0003	10.4302
700000.0003	10.4467
700000.0003	10.5082
700000.0003	10.395
700000.0003	10.473
700000.0003	10.5182
700000.0003	10.4654
700000.0003	10.4737
700000.0003	10.5
700000.0003	10.4641
700000.0003	10.4683
700000.0003	10.4407
700000.0003	10.3797
700000.0003	10.4866
700000.0003	10.3635
700000.0003	10.4183
700000.0003	10.3547
700000.0003	10.3346
700000.0003	10.3022
700000.0003	10.2772
700000.0003	10.2852
700000.0003	10.2432
700000.0003	10.1635
700000.0003	10.1326
700000.0003	10.1214
700000.0003	10.1797
700000.0003	10.0713
700000.0003	10.0594
700000.0003	10.0374
700000.0003	9.87614
700000.0003	9.84011
700000.0003	9.76486
700000.0003	9.7638
700000.0003	9.6845
700000.0003	9.70819
700000.0003	9.70213
700000.0003	9.53042
700000.0003	9.5519
700000.0003	9.40171
700000.0003	9.40643
700000.0003	9.33668
700000.0003	9.21072
700000.0003	9.1596
700000.0003	9.1353
700000.0003	9.05882
700000.0003	9.00909
700000.0003	8.92696
700000.0003	8.83529
700000.0003	8.78288
700000.0003	8.6834
700000.0003	8.62456
700000.0003	8.61731
700000.0003	8.51584
700000.0003	8.36948
700000.0003	8.30083
700000.0003	8.24994
700000.0003	8.16429
700000.0003	8.07401
700000.0003	8.0241
700000.0003	7.90195
700000.0003	7.84891
700000.0003	7.74098
700000.0003	7.65775
700000.0003	7.57619
700000.0003	7.4816
700000.0003	7.37866
700000.0003	7.28724
700000.0003	7.2386
700000.0003	7.14808
700000.0003	7.07632
700000.0003	6.92708
700000.0003	6.87523
700000.0003	6.80671
700000.0003	6.64379
700000.0003	6.58724
700000.0003	6.52594
700000.0003	6.36677
700000.0003	6.27982
700000.0003	6.20219
700000.0003	6.13385
700000.0003	6.01462
700000.0003	5.91835
700000.0003	5.85875
700000.0003	5.72513
700000.0003	5.62674
700000.0003	5.53958
700000.0003	5.46186
700000.0003	5.35845
700000.0003	5.25963
700000.0003	5.15924
700000.0003	5.04278
700000.0003	4.94841
700000.0003	4.85382
700000.0003	4.76033
700000.0003	4.68833
700000.0003	4.57431
700000.0003	4.4852
700000.0003	4.38455
700000.0003	4.2862
700000.0003	4.1939
700000.0003	4.0774
700000.0003	3.97083
700000.0003	3.87791
700000.0003	3.77862
700000.0003	3.67088
700000.0003	3.55104
700000.0003	3.44136
700000.0003	3.33482
700000.0003	3.22111
700000.0003	3.11317
700000.0003	2.96939
700000.0003	2.85685
700000.0003	2.72964
700000.0003	2.6028
700000.0003	2.46555
700000.0003	2.33466
700000.0003	2.19966
700000.0003	2.06195
700000.0003	1.93153
700000.0003	1.7882
700000.0003	1.66115
700000.0003	1.54168
700000.0003	1.41875
700000.0003	1.30337
700000.0003	1.1859
700000.0003	1.07885
700000.0003	0.976244
700000.0003	0.881972
700000.0003	0.793905
700000.0003	0.710698
700000.0003	0.634555
700000.0003	0.564039
700000.0003	0.498798
700000.0003	0.440612
700000.0003	0.383523
700000.0003	0.335844
700000.0003	0.292064
700000.0003	0.251523
700000.0003	0.216254
700000.0003	0.186321
700000.0003	0.159181
700000.0003	0.135834
700000.0003	0.114235
700000.0003	0.0968534
700000.0003	0.0814826
700000.0003	0.0681318
700000.0003	0.0580968
700000.0003	0.0481883
700000.0003	0.0410586
700000.0003	0.034625
700000.0003	0.028902
700000.0003	0.0245894
700000.0003	0.0209937
700000.0003	0.0179186
700000.0003	0.015418
700000.0003	0.0135522
700000.0003	0.0117192
700000.0003	0.0101969
700000.0003	0.0090022
700000.0003	0.00812351
700000.0003	0.00731451
700000.0003	0.00662815
700000.0003	0.00623659
700000.0003	0.00583559
700000.0003	0.00550494
700000.0003	0.00541801
700000.0003	0.00525482
700000.0003	0.00505354
700000.0003	0.00504011
700000.0003	0.00485508
700000.0003	0.00488977
700000.0003	0.00483725
700000.0003	0.00474975
700000.0003	0.00471863
700000.0003	0.00465021
700000.0003	0.00460806
700000.0003	0.00455562
700000.0003	0.00456285
700000.0003	0.00448761
700000.0003	0.00447327
700000.0003	0.0043684
700000.0003	0.00439938
700000.0003	0.00436226
700000.0003	0.00429163
700000.0003	0.00433513
700000.0003	0.00432181
700000.0003	0.0042369
700000.0003	0.00421579
700000.0003	0.00425012
700000.0003	0.00421107
700000.0003	0.00420703
700000.0003	0.00422734
700000.0003	0.00420668
700000.0003	0.00413095
700000.0003	0.00422784
700000.0003	0.00411427
700000.0003	0.00414995
700000.0003	0.00410005
700000.0003	0.00411967
700000.0003	0.00415162
700000.0003	0.00409318
700000.0003	0.00411197
700000.0003	0.00414777
700000.0003	0.00413334
700000.0003	0.00418876
700000.0003	0.00408847
700000.0003	0.00418706
700000.0003	0.00411577
700000.0003	0.00410744
700000.0003	0.00415532
700000.0003	0.00419693
700000.0003	0.00413029
700000.0003	0.00410818
700000.0003	0.00413697
700000.0003	0.0041672
700000.0003	0.00417988
700000.0003	0.00422135
700000.0003	0.00417032
700000.0003	0.00415012
700000.0003	0.00419557
700000.0003	0.00420708
700000.0003	0.00425701
700000.0003	0.00430859
700000.0003	0.00422801
700000.0003	0.0043315
700000.0003	0.00431387
700000.0003	0.00437022
700000.0003	0.00435993
700000.0003	0.00440347
700000.0003	0.0044193
700000.0003	0.00448326
700000.0003	0.00445264
700000.0003	0.00462444
700000.0003	0.00453421
700000.0003	0.00454936
700000.0003	0.00470542
700000.0003	0.00470767
700000.0003	0.0047898
700000.0003	0.0047891
700000.0003	0.00492621
700000.0003	0.00509241
700000.0003	0.00508678
700000.0003	0.00514325
700000.0003	0.00513016
700000.0003	0.00531512
700000.0003	0.00547451
700000.0003	0.00568002
700000.0003	0.00564691
700000.0003	0.00580997
700000.0003	0.00607383
700000.0003	0.00619877
700000.0003	0.00641178
700000.0003	0.00654063
700000.0003	0.00689714
700000.0003	0.00704448
700000.0003	0.00773868
700000.0003	0.00805986
700000.0003	0.00857358
700000.0003	0.00894239
700000.0003	0.00962682
700000.0003	0.0106875
700000.0003	0.0120717
700000.0003	0.0130659
700000.0003	0.0153375
700000.0003	0.0182399
700000.0003	0.0211086
700000.0003	-0.000251074
700000.0003	0.000119544
700000.0003	-8.94136e-05
700000.0003	-0.000306891
700000.0003	-0.000251323
700000.0003	0.00230059
700000.0003	0.00173289
700000.0003	0.00104719
700000.0003	0.00298179
700000.0003	-0.00183798
700000.0003	0.0040724
700000.0003	0.00538291
700000.0003	-0.00113184
700000.0003	-0.000140003
700000.0003	0.00302946
700000.0003	-0.00191693
700000.0003	-0.00322339
700000.0003	0.00922362
700000.0003	0.000676545
700000.0003	-0.0112447
700000.0003	-0.0178835
700000.0003	0.00420444
700000.0003	0.00558503
700000.0003	-0.0107269
700000.0003	0.000609794
700000.0003	0.0389157
700000.0003	0.0206976
700000.0003	-0.00248627
700000.0003	-0.0217797
700000.0003	-0.0130857
700000.0003	0.0201939
700000.0003	0.00325367
700000.0003	0.020486
700000.0003	0.00752306
700000.0003	0.00087659
700000.0003	-0.0142883
700000.0003	-0.0121547
700000.0003	-0.0184128
700000.0003	0.0176788
700000.0003	-0.0039388
700000.0003	0.0387187
700000.0003	0.0222234
700000.0003	-0.0265386
700000.0003	0.063041
700000.0003	0.0638201
700000.0003	0.0181311
700000.0003	-0.0273984
700000.0003	0.010376
700000.0003	0.0392698
700000.0003	-0.050325
700000.0003	0.0238182
700000.0003	-0.00125365
700000.0003	0.00259619
700000.0003	0.00263777
700000.0003	-0.0134773
700000.0003	0.00461014
700000.0003	-0.0130646
700000.0003	-0.0226575
700000.0003	-0.0119354
700000.0003	-0.0396773
700000.0003	0.0319688
700000.0003	0.00811868
700000.0003	-0.0348283
700000.0003	0.0452918
700000.0003	-0.0652295
700000.0003	0.0135014
700000.0003	0.0196362
700000.0003	-0.00232825
700000.0003	0.0333238
700000.0003	0.0133452
700000.0003	0.036544
700000.0003	-0.0212536
700000.0003	0.0045305
700000.0003	0.00139663
700000.0003	-0.0421762
700000.0003	-0.0345152
700000.0003	0.00163283
700000.0003	-0.0328374
700000.0003	-0.00722713
700000.0003	-0.0252467
700000.0003	-0.00820322
700000.0003	-0.0272435
700000.0003	0.0115763
700000.0003	0.0114684
700000.0003	0.0205179
700000.0003	0.0355414
700000.0003	0.0154373
700000.0003	0.000694006
700000.0003	-0.000527882
700000.0003	-0.0224387
700000.0003	-0.00371719
700000.0003	0.0292993
700000.0003	0.00212995
700000.0003	0.0182891
700000.0003	0.00744675
700000.0003	0.00979458
700000.0003	-0.0202025
700000.0003	-0.00837163
700000.0003	0.00819817
700000.0003	-0.0331358
700000.0003	0.00691034
700000.0003	0.00996272
700000.0003	-0.0272312
700000.0003	-0.0457924
700000.0003	0.00849059
700000.0003	-0.00416221
700000.0003	-0.0375069
700000.0003	0.0122143
700000.0003	0.0178955
700000.0003	0.0101849
700000.0003	-0.0060085
700000.0003	0.023025
700000.0003	-0.0272966
700000.0003	0.0500715
700000.0003	-0.0332592
700000.0003	0.0106779
700000.0003	0.0373912
700000.0003	0.0387792
700000.0003	-0.00788728
700000.0003	-0.0129276
700000.0003	0.000729188
700000.0003	0.0348779
700000.0003	-0.000822614
700000.0003	-0.00401001
700000.0003	-0.0184226
700000.0003	-0.0215813
700000.0003	-0.00738653
700000.0003	-0.0479676
700000.0003	0.00837763
700000.0003	-0.00176296
700000.0003	-0.000919705
700000.0003	0.00242231
700000.0003	-0.00581765
700000.0003	-0.0233762
700000.0003	-0.0287452
700000.0003	-0.0165959
700000.0003	0.0171217
700000.0003	0.00790098
700000.0003	0.00870351
700000.0003	-0.0195369
700000.0003	-0.00433545
700000.0003	0.00628967
700000.0003	0.0319033
700000.0003	-0.0362571
700000.0003	0.0421095
700000.0003	0.0213849
700000.0003	0.049124
700000.0003	-0.0261446
700000.0003	0.0495622
700000.0003	-0.00375796
700000.0003	0.0259322
700000.0003	0.000397446
700000.0003	-0.0221402
700000.0003	-0.0178874
700000.0003	-0.00576431
700000.0003	-0.0166977
700000.0003	-0.00052861
700000.0003	-0.0109087
700000.0003	-0.0130404
700000.0003	-0.0321636
700000.0003	0.0179497
700000.0003	-0.00413683
700000.0003	0.0347984
700000.0003	-0.0238347
700000.0003	0.0337041
700000.0003	-0.026268
700000.0003	-0.0215372
700000.0003	-0.00502519
700000.0003	0.0133828
700000.0003	0.0201701
700000.0003	-0.00851281
700000.0003	-0.00864853
700000.0003	0.00558127
700000.0003	-0.0206952
700000.0003	-0.0289818
700000.0003	0.0158009
700000.0003	0.00562402
700000.0003	-0.000996834
700000.0003	-0.039137
700000.0003	0.00264896
700000.0003	-0.00297936
700000.0003	-0.0115884
700000.0003	0.0216555
700000.0003	0.01577
700000.0003	-0.0042317
700000.0003	-0.0105901
700000.0003	-0.00455154
700000.0003	0.0314584
700000.0003	0.00864744
700000.0003	0.00386029
700000.0003	-0.0425436
700000.0003	-0.0337515
700000.0003	-0.00802328
700000.0003	0.0137729
700000.0003	0.00359768
700000.0003	-0.011796
700000.0003	0.0208659
700000.0003	-0.0114529
700000.0003	-0.0185785
700000.0003	-0.0140124
700000.0003	-0.0172866
700000.0003	0.0100139
700000.0003	0.0119194
700000.0003	-0.00875672
700000.0003	-0.0114462
700000.0003	-0.0123727
700000.0003	0.000855011
700000.0003	0.0229202
700000.0003	0.0218656
700000.0003	0.0103071
700000.0003	0.00204441
700000.0003	-0.021907
700000.0003	-0.0168343
700000.0003	0.00293781
700000.0003	0.00451142
700000.0003	0.0214152
700000.0003	-0.00376214
700000.0003	0.0147304
700000.0003	-0.00667058
700000.0003	0.00582783
700000.0003	-0.015085
700000.0003	-0.00493912
700000.0003	-0.00689774
700000.0003	0.00586898
700000.0003	0.00702322
700000.0003	0.00135536
700000.0003	-0.01122
700000.0003	-0.00728089
700000.0003	0.0106319
700000.0003	-0.00168547
700000.0003	0.00634641
700000.0003	0.00767772
700000.0003	-0.000339377
700000.0003	0.00210504
700000.0003	0.00265325
700000.0003	0.00160491
700000.0003	-0.000933763
700000.0003	-0.00610142
700000.0003	-0.00548793
700000.0003	-0.00507971
700000.0003	0.00433409
700000.0003	0.01134
700000.0003	-0.00616599
700000.0003	0.00443789
700000.0003	0.00669009
700000.0003	3.93224e-05
700000.0003	0.0087158
700000.0003	0.00492763
700000.0003	-0.00119831
700000.0003	-0.000736463
700000.0003	0.00284076
700000.0003	0.00233534
700000.0003	0.0042888
700000.0003	0.00574891
700000.0003	0.00409078
700000.0003	0.00289195
700000.0003	0.00540401
700000.0003	0.00463253
700000.0003	0.00341674
700000.0003	0.00402939
700000.0003	-0.00195975
700000.0003	0.00590427
700000.0003	0.000591252
700000.0003	0.000294264
700000.0003	-0.00122381
700000.0003	-0.000330072
700000.0003	-0.00107888
700000.0003	0.000914386
700000.0003	0.000311017
700000.0003	-3.27471e-05
700000.0003	0.00149223
700000.0003	0.000270126
700000.0003	-0.00138126
700000.0003	0.000613863
700000.0003	-0.000308546
700000.0003	0.000558076
700000.0003	0.000244192
700000.0003	-0.000697232
700000.0003	-0.000802039
700000.0003	-8.36079e-05
700000.0003	0.000391341
700000.0003	2.49672e-05
700000.0003	0.000372922
700000.0003	-8.93511e-05
700000.0003	-2.51246e-05
700000.0003	-0.00012842
700000.0003	0.00018309
700000.0003	0.000265488
700000.0003	0.00014859
700000.0003	6.57047e-05
700000.0003	-3.75187e-05
700000.0003	-8.32666e-05
700000.0003	4.83746e-05
700000.0003	-3.82817e-05
700000.0003	1.58633e-05
700000.0003	-2.94303e-05
700000.0003	-1.14907e-06
700000.0003	-2.21711e-05
700000.0003	3.21649e-05
700000.0003	-1.9775e-05
700000.0003	4.60089e-05
700000.0003	4.35831e-05
700000.0003	1.19732e-05
700000.0003	5.13669e-05
700000.0003	1.66343e-05
700000.0003	2.28257e-05
700000.0003	4.98022e-05
700000.0003	3.85222e-05
700000.0003	-2.20962e-05
700000.0003	4.27427e-06
700000.0003	3.06165e-05
700000.0003	-1.02781e-05
700000.0003	-1.29215e-05
700000.0003	-6.87179e-05
700000.0003	6.52383e-06
700000.0003	-1.05849e-05
700000.0003	1.39356e-05
700000.0003	5.86082e-05
700000.0003	-2.36772e-05
700000.0003	2.11014e-05
700000.0003	3.16561e-05
700000.0003	-3.65605e-05
700000.0003	-1.68486e-05
700000.0003	2.54873e-05
700000.0003	3.04232e-06
700000.0003	3.56715e-05
700000.0003	-1.68178e-05
700000.0003	9.69954e-07
700000.0003	3.52398e-05
700000.0003	-5.91751e-05
700000.0003	-1.26473e-05
700000.0003	1.29478e-05
700000.0003	-1.58504e-05
700000.0003	-1.42509e-05
700000.0003	-4.04432e-05
700000.0003	-9.18542e-06
700000.0003	3.59517e-05
700000.0003	-1.69162e-05
700000.0003	4.57252e-05
700000.0003	3.8246e-05
700000.0003	2.51097e-05
700000.0003	2.06233e-05
700000.0003	1.31232e-05
700000.0003	-3.93463e-05
700000.0003	-7.1453e-05
700000.0003	4.9985e-05
700000.0003	-3.71932e-05
700000.0003	-5.04267e-06
700000.0003	1.5152e-05
700000.0003	-8.83387e-06
700000.0003	-1.3119e-05
700000.0003	-6.97193e-05
700000.0003	2.75536e-05
700000.0003	-2.08256e-05
700000.0003	6.20298e-05
700000.0003	-5.86814e-05
700000.0003	-7.35328e-06
700000.0003	4.94441e-05
700000.0003	-2.27804e-05
700000.0003	-7.71197e-06
700000.0003	5.52931e-06
700000.0003	4.50814e-05
700000.0003	3.6736e-05
700000.0003	-1.91354e-05
700000.0003	1.71336e-05
700000.0003	-1.18049e-05
700000.0003	7.55052e-05
700000.0003	5.48473e-06
700000.0003	3.16348e-05
700000.0003	4.62269e-05
700000.0003	-4.25797e-05
700000.0003	6.53983e-06
700000.0003	-2.40279e-05
700000.0003	1.9528e-05
700000.0003	2.16434e-05
700000.0003	3.71e-05
700000.0003	5.29443e-06
700000.0003	4.7215e-05
700000.0003	9.21039e-07
700000.0003	8.00703e-05
700000.0003	1.39279e-05
700000.0003	1.47633e-05
700000.0003	-3.44223e-05
700000.0003	-2.18263e-05
700000.0003	1.39304e-05
700000.0003	-5.18383e-05
700000.0003	-9.05476e-05
700000.0003	-3.30334e-06
700000.0003	9.75279e-05
700000.0003	5.104e-06
700000.0003	2.36059e-05
700000.0003	-0.00015172
700000.0003	-0.000124632
700000.0003	-4.01298e-05
700000.0003	0.000173712
700000.0003	-2.63685e-05
700000.0003	-0.000202211
700000.0003	-0.000142294
700000.0003	0.00026246
700000.0003	6.16165e-05
700000.0003	0.00014007
700000.0003	0.000203277
700000.0003	-0.000276679
700000.0003	-0.000352309
700000.0003	-0.000708397
700000.0003	-0.000360177
700000.0003	0.000277928
700000.0003	0.000872771
700000.0003	-0.00198728
700000.0003	-0.000883556
700000.0003	-0.0012563
700000.0003	0.00237554
700000.0003	-0.000844763
700000.0003	-0.00699922
700000.0003	0.00260008
700000.0003	-0.00331596
700000.0003	0.00509647
700000.0003	0.0103445
700000.0003	-0.0114245
700000.0003	-0.0092595
700000.0003	-0.0131038
700000.0003	-0.010811
700000.0003	-0.00898137
700000.0003	0.00512092
700000.0003	-0.0206978
700000.0003	0.0184876
700000.0003	-0.00139398
700000.0003	-0.00113515
700000.0003	-0.0241501
700000.0003	-0.0135044
700000.0003	0.0255243
700000.0003	-0.00512991
700000.0003	0.014755
700000.0003	-0.00658216
700000.0003	-0.00574532
700000.0003	-0.0053547
700000.0003	0.0064974
700000.0003	-0.0250163
700000.0003	0.0115515
700000.0003	-0.0137177
700000.0003	0.0378097
700000.0003	0.0254604
700000.0003	-0.0187408
700000.0003	0.0549958
700000.0003	0.0442847
700000.0003	0.0169528
700000.0003	-0.0408594
700000.0003	0.0201578
700000.0003	0.0446029
700000.0003	-0.0496615
700000.0003	0.0291637
700000.0003	0.00541349
700000.0003	-0.00437243
700000.0003	-0.0098512
700000.0003	-0.0128607
700000.0003	-0.00118187
700000.0003	-0.0116496
700000.0003	-0.0216799
700000.0003	-0.000912161
700000.0003	-0.0343153
700000.0003	0.0361756
700000.0003	0.00364264
700000.0003	-0.037349
700000.0003	0.056169
700000.0003	-0.0498576
700000.0003	0.00647358
700000.0003	0.0253454
700000.0003	-0.000964743
700000.0003	0.0382993
700000.0003	0.0207292
700000.0003	0.0163212
700000.0003	-0.0277516
700000.0003	-0.00365843
700000.0003	-0.0123557
700000.0003	-0.0375219
700000.0003	-0.0477017
700000.0003	0.00485653
700000.0003	-0.031048
700000.0003	0.0159035
700000.0003	-0.0259195
700000.0003	-0.0131389
700000.0003	-0.0220325
700000.0003	0.00107949
700000.0003	0.0242243
700000.0003	0.00955399
700000.0003	0.0424245
700000.0003	0.012509
700000.0003	0.00833702
700000.0003	0.00853666
700000.0003	-0.0244198
700000.0003	-0.0141481
700000.0003	0.0342372
700000.0003	0.00886929
700000.0003	0.020373
700000.0003	0.00135556
700000.0003	0.0151167
700000.0003	-0.021753
700000.0003	-0.00588481
700000.0003	0.0154571
700000.0003	-0.0424977
700000.0003	-0.00449734
700000.0003	0.00436079
700000.0003	-0.0323138
700000.0003	-0.0527967
700000.0003	-0.0136736
700000.0003	-2.56033e-05
700000.0003	-0.037533
700000.0003	0.00205962
700000.0003	0.0409255
700000.0003	0.00178903
700000.0003	0.00138316
700000.0003	0.0039225
700000.0003	-0.0230758
700000.0003	0.0501518
700000.0003	-0.0251144
700000.0003	0.00596886
700000.0003	0.0370516
700000.0003	0.0407114
700000.0003	0.00399382
700000.0003	-0.0186778
700000.0003	-0.00940221
700000.0003	0.0306757
700000.0003	-0.0156713
700000.0003	-0.00243068
700000.0003	-0.0062829
700000.0003	-0.0142548
700000.0003	-0.00397712
700000.0003	-0.0513044
700000.0003	0.0170257
700000.0003	-0.0196864
700000.0003	0.00103754
700000.0003	0.00839778
700000.0003	0.0213172
700000.0003	-0.0248851
700000.0003	-0.0204631
700000.0003	-0.0175729
700000.0003	-0.00397535
700000.0003	-0.00274159
700000.0003	-0.00550318
700000.0003	-0.0324335
700000.0003	-0.00843243
700000.0003	-0.00180911
700000.0003	0.0172363
700000.0003	-0.0369297
700000.0003	0.0494038
700000.0003	0.0233877
700000.0003	0.0277812
700000.0003	-0.029804
700000.0003	0.05609
700000.0003	-0.0151307
700000.0003	0.0270128
700000.0003	0.000335098
700000.0003	-0.0121579
700000.0003	-0.0273228
700000.0003	-0.0309323
700000.0003	-0.0110264
700000.0003	-0.00768274
700000.0003	-0.00875798
700000.0003	-0.00225228
700000.0003	-0.0414767
700000.0003	0.0128631
700000.0003	-0.00628508
700000.0003	0.027458
700000.0003	-0.0378957
700000.0003	0.023012
700000.0003	-0.0305004
700000.0003	-0.0143204
700000.0003	-0.00576368
700000.0003	-0.00935832
700000.0003	0.023693
700000.0003	-0.0212672
700000.0003	-0.0130622
700000.0003	-0.00979869
700000.0003	-0.0149313
700000.0003	-0.0255144
700000.0003	0.0158742
700000.0003	0.0131367
700000.0003	-0.00441509
700000.0003	-0.0223635
700000.0003	0.00121048
700000.0003	-6.43147e-05
700000.0003	0.00971137
700000.0003	0.0145321
700000.0003	0.0108565
700000.0003	-0.00108907
700000.0003	0.00563746
700000.0003	-0.0103863
700000.0003	0.0302002
700000.0003	0.00943692
700000.0003	0.00955221
700000.0003	-0.047535
700000.0003	-0.030978
700000.0003	-0.0180169
700000.0003	0.0132648
700000.0003	0.00585543
700000.0003	-0.00411526
700000.0003	0.00577987
700000.0003	-0.0214165
700000.0003	-0.0180369
700000.0003	-0.0226699
700000.0003	-0.0172506
700000.0003	0.0243809
700000.0003	0.0138388
700000.0003	-0.00771192
700000.0003	-0.0135276
700000.0003	-0.00949875
700000.0003	0.00401779
700000.0003	0.0161806
700000.0003	0.0135563
700000.0003	0.00127699
700000.0003	0.0123785
700000.0003	-0.0216739
700000.0003	-0.0242493
700000.0003	0.000599163
700000.0003	0.0128605
700000.0003	0.0165311
700000.0003	-0.00104072
700000.0003	0.0201886
700000.0003	-0.00635489
700000.0003	0.000493044
700000.0003	-0.0199431
700000.0003	-0.00378825
700000.0003	-0.00511981
700000.0003	0.00145498
700000.0003	0.0012187
700000.0003	0.00629984
700000.0003	-0.00872105
700000.0003	-0.00194691
700000.0003	0.0118304
700000.0003	-0.00255811
700000.0003	0.0048015
700000.0003	0.00181529
700000.0003	-0.00489544
700000.0003	0.00631144
700000.0003	0.00371487
700000.0003	-0.00486246
700000.0003	-0.00441907
700000.0003	0.00220143
700000.0003	-0.00180375
700000.0003	-0.00656045
700000.0003	0.0123132
700000.0003	0.00721557
700000.0003	-0.00122868
700000.0003	0.00265789
700000.0003	0.00549373
700000.0003	0.00414181
700000.0003	0.0019057
700000.0003	0.00519003
700000.0003	0.00128561
700000.0003	0.0056588
700000.0003	-0.00476054
700000.0003	0.00175414
700000.0003	-0.00255259
700000.0003	0.00264847
700000.0003	-0.00364484
700000.0003	-0.0017719
700000.0003	0.000981736
700000.0003	0.00309683
700000.0003	0.000640236
700000.0003	-0.00106728
700000.0003	-0.00308149
700000.0003	-0.000960727
700000.0003	-0.00106479
700000.0003	0.00113533
700000.0003	-0.00103154
700000.0003	0.00055168
700000.0003	0.0011417
700000.0003	-0.000214946
700000.0003	0.00117381
700000.0003	0.000101022
700000.0003	-0.00137961
700000.0003	0.000204537
700000.0003	0.00115872
700000.0003	-0.000161756
700000.0003	-0.000505642
700000.0003	4.48525e-05
700000.0003	0.000588554
700000.0003	0.000433945
700000.0003	7.03361e-05
700000.0003	-0.000450459
700000.0003	-0.000115893
700000.0003	0.000247275
700000.0003	8.12629e-06
700000.0003	4.45948e-05
700000.0003	-7.71257e-05
700000.0003	0.000134953
700000.0003	0.000236477
700000.0003	6.79016e-05
700000.0003	0.000270697
700000.0003	-0.000167816
700000.0003	9.47312e-05
700000.0003	-6.26307e-05
700000.0003	-6.95e-05
700000.0003	4.80693e-05
700000.0003	0.000126416
700000.0003	0.000154641
700000.0003	2.15864e-05
700000.0003	5.15657e-05
700000.0003	-1.66153e-05
700000.0003	-3.65727e-05
700000.0003	3.01274e-05
700000.0003	-5.01478e-05
700000.0003	-9.80725e-06
700000.0003	-0.000161062
700000.0003	2.61256e-05
700000.0003	-2.23761e-05
700000.0003	-8.21336e-05
700000.0003	3.69397e-05
700000.0003	-6.67112e-05
700000.0003	-7.16183e-05
700000.0003	-4.1504e-05
700000.0003	-1.56237e-05
700000.0003	3.95761e-05
700000.0003	5.78233e-05
700000.0003	7.03356e-06
700000.0003	5.96912e-06
700000.0003	-5.34269e-05
700000.0003	-4.51014e-05
700000.0003	-3.45215e-05
700000.0003	2.08689e-05
700000.0003	-7.0583e-06
700000.0003	1.29189e-05
700000.0003	-2.90986e-05
700000.0003	-8.032e-05
700000.0003	-1.22112e-05
700000.0003	-4.90842e-05
700000.0003	-2.79158e-05
700000.0003	1.22298e-05
700000.0003	2.78719e-05
700000.0003	2.99188e-05
700000.0003	-1.78169e-05
700000.0003	5.65401e-05
700000.0003	-3.28404e-05
700000.0003	-8.90641e-05
700000.0003	5.93016e-05
700000.0003	6.03642e-05
700000.0003	5.64309e-05
700000.0003	-1.30235e-05
700000.0003	1.06045e-05
700000.0003	-9.10182e-06
700000.0003	-7.30385e-05
700000.0003	1.88666e-05
700000.0003	8.18238e-05
700000.0003	1.28776e-06
700000.0003	-1.01278e-05
700000.0003	-2.70347e-05
700000.0003	5.45543e-05
700000.0003	-4.1345e-05
700000.0003	-3.85926e-05
700000.0003	-2.80299e-05
700000.0003	5.03643e-05
700000.0003	6.51072e-06
700000.0003	7.4235e-05
700000.0003	3.54273e-05
700000.0003	2.86991e-05
700000.0003	6.06222e-06
700000.0003	1.79855e-05
700000.0003	-4.83334e-05
700000.0003	5.41563e-05
700000.0003	-6.24024e-05
700000.0003	4.7007e-05
700000.0003	5.28346e-06
700000.0003	1.82674e-05
700000.0003	4.989e-06
700000.0003	-3.589e-05
700000.0003	-7.38086e-05
700000.0003	3.45588e-05
700000.0003	-8.27183e-05
700000.0003	3.97057e-05
700000.0003	5.27588e-05
700000.0003	-4.33876e-05
700000.0003	8.14679e-06
700000.0003	-5.99726e-05
700000.0003	2.57371e-05
700000.0003	3.21059e-05
700000.0003	-1.63027e-05
700000.0003	1.21064e-05
700000.0003	7.44609e-05
700000.0003	6.78903e-06
700000.0003	2.42462e-05
700000.0003	6.19493e-05
700000.0003	-2.00907e-05
700000.0003	6.09469e-05
700000.0003	0.000147913
700000.0003	-0.000217687
700000.0003	0.000166253
700000.0003	-2.04818e-05
700000.0003	-0.00010561
700000.0003	-4.2964e-06
700000.0003	-8.26727e-05
700000.0003	2.24643e-05
700000.0003	-2.17246e-05
700000.0003	0.000123846
700000.0003	6.64657e-05
700000.0003	-0.000216471
700000.0003	8.35217e-05
700000.0003	-0.000198
700000.0003	9.7097e-05
700000.0003	-3.1265e-05
700000.0003	3.4398e-05
700000.0003	0.0181941
700000.0003	0.0235166
700000.0003	0.036973
700000.0003	0.0604376
700000.0003	0.100621
700000.0003	0.167625
700000.0003	0.268851
700000.0003	0.409138
700000.0003	0.60614
700000.0003	0.881788
700000.0003	1.24851
700000.0003	1.76044
700000.0003	2.4528
700000.0003	3.34058
700000.0003	4.46089
700000.0003	5.83618
700000.0003	7.43864
700000.0003	9.28386
700000.0003	11.2791
700000.0003	13.3391
700000.0003	15.265
700000.0003	16.9598
700000.0003	18.218
700000.0003	19.0156
700000.0003	19.5473
700000.0003	19.7106
700000.0003	19.6821
700000.0003	19.6165
700000.0003	19.2819
700000.0003	19.0983
700000.0003	18.8509
700000.0003	18.4837
700000.0003	18.1975
700000.0003	18.0018
700000.0003	17.752
700000.0003	17.5018
700000.0003	17.2573
700000.0003	16.8234
700000.0003	16.5691
700000.0003	16.3426
700000.0003	16.0566
700000.0003	15.6621
700000.0003	15.3975
700000.0003	15.0589
700000.0003	14.9366
700000.0003	14.6389
700000.0003	14.4474
700000.0003	14.146
700000.0003	14.0666
700000.0003	13.8667
700000.0003	13.8282
700000.0003	13.5737
700000.0003	13.4254
700000.0003	13.2963
700000.0003	13.2357
700000.0003	13.1061
700000.0003	12.9997
700000.0003	12.8987
700000.0003	12.813
700000.0003	12.7749
700000.0003	12.5895
700000.0003	12.5037
700000.0003	12.3557
700000.0003	12.3377
700000.0003	12.2902
700000.0003	12.1802
700000.0003	12.0751
700000.0003	12.0827
700000.0003	12.025
700000.0003	11.9513
700000.0003	11.82
700000.0003	11.7394
700000.0003	11.777
700000.0003	11.7346
700000.0003	11.651
700000.0003	11.5254
700000.0003	11.5492
700000.0003	11.5351
700000.0003	11.4699
700000.0003	11.4289
700000.0003	11.4226
700000.0003	11.4242
700000.0003	11.3679
700000.0003	11.2738
700000.0003	11.2338
700000.0003	11.2346
700000.0003	11.1773
700000.0003	11.2233
700000.0003	11.0976
700000.0003	11.1241
700000.0003	11.0832
700000.0003	11.1297
700000.0003	11.026
700000.0003	11.0244
700000.0003	11.0592
700000.0003	11.0373
700000.0003	10.9837
700000.0003	10.9397
700000.0003	10.9164
700000.0003	10.9669
700000.0003	10.8538
700000.0003	10.8706
700000.0003	10.896
700000.0003	10.8314
700000.0003	10.8708
700000.0003	10.8516
700000.0003	10.793
700000.0003	10.8475
700000.0003	10.741
700000.0003	10.8521
700000.0003	10.8032
700000.0003	10.7294
700000.0003	10.7952
700000.0003	10.8312
700000.0003	10.7636
700000.0003	10.7628
700000.0003	10.7712
700000.0003	10.7947
700000.0003	10.7419
700000.0003	10.7551
700000.0003	10.7009
700000.0003	10.7293
700000.0003	10.7112
700000.0003	10.6223
700000.0003	10.6777
700000.0003	10.6926
700000.0003	10.7664
700000.0003	10.6162
700000.0003	10.6394
700000.0003	10.6895
700000.0003	10.6924
700000.0003	10.6088
700000.0003	10.7064
700000.0003	10.6729
700000.0003	10.6931
700000.0003	10.6304
700000.0003	10.6855
700000.0003	10.5951
700000.0003	10.6752
700000.0003	10.6656
700000.0003	10.6426
700000.0003	10.7166
700000.0003	10.6536
700000.0003	10.6671
700000.0003	10.6421
700000.0003	10.6068
700000.0003	10.5666
700000.0003	10.5995
700000.0003	10.5344
700000.0003	10.6208
700000.0003	10.4963
700000.0003	10.544
700000.0003	10.4959
700000.0003	10.4474
700000.0003	10.4424
700000.0003	10.3837
700000.0003	10.3346
700000.0003	10.3307
700000.0003	10.3171
700000.0003	10.2742
700000.0003	10.213
700000.0003	10.1609
700000.0003	10.1653
700000.0003	10.0455
700000.0003	10.0527
700000.0003	9.90962
700000.0003	9.91683
700000.0003	9.80657
700000.0003	9.85995
700000.0003	9.75321
700000.0003	9.76584
700000.0003	9.66394
700000.0003	9.59045
700000.0003	9.64127
700000.0003	9.51129
700000.0003	9.34326
700000.0003	9.41
700000.0003	9.32867
700000.0003	9.23767
700000.0003	9.19304
700000.0003	9.11891
700000.0003	9.0355
700000.0003	8.93048
700000.0003	8.86542
700000.0003	8.82931
700000.0003	8.783
700000.0003	8.69005
700000.0003	8.59825
700000.0003	8.50409
700000.0003	8.43015
700000.0003	8.41292
700000.0003	8.27796
700000.0003	8.26828
700000.0003	8.15723
700000.0003	8.13169
700000.0003	8.00948
700000.0003	7.93684
700000.0003	7.85467
700000.0003	7.73094
700000.0003	7.66473
700000.0003	7.59051
700000.0003	7.58503
700000.0003	7.47802
700000.0003	7.3812
700000.0003	7.29213
700000.0003	7.2268
700000.0003	7.15078
700000.0003	7.04505
700000.0003	6.95525
700000.0003	6.91511
700000.0003	6.8084
700000.0003	6.74262
700000.0003	6.68542
700000.0003	6.62583
700000.0003	6.54168
700000.0003	6.43893
700000.0003	6.41217
700000.0003	6.3191
700000.0003	6.27335
700000.0003	6.19526
700000.0003	6.13993
700000.0003	6.06128
700000.0003	5.99659
700000.0003	5.96252
700000.0003	5.90692
700000.0003	5.88491
700000.0003	5.82097
700000.0003	5.80201
700000.0003	5.74861
700000.0003	5.71534
700000.0003	5.66218
700000.0003	5.6462
700000.0003	5.6028
700000.0003	5.59217
700000.0003	5.53444
700000.0003	5.48675
700000.0003	5.44393
700000.0003	5.39922
700000.0003	5.32289
700000.0003	5.21801
700000.0003	5.11218
700000.0003	4.98682
700000.0003	4.83349
700000.0003	4.6517
700000.0003	4.47277
700000.0003	4.25697
700000.0003	4.03113
700000.0003	3.79102
700000.0003	3.53687
700000.0003	3.28295
700000.0003	3.03661
700000.0003	2.78327
700000.0003	2.5636
700000.0003	2.34369
700000.0003	2.12893
700000.0003	1.93006
700000.0003	1.74515
700000.0003	1.57769
700000.0003	1.42526
700000.0003	1.28122
700000.0003	1.14668
700000.0003	1.03255
700000.0003	0.921278
700000.0003	0.827808
700000.0003	0.736681
700000.0003	0.652251
700000.0003	0.575354
700000.0003	0.508021
700000.0003	0.444476
700000.0003	0.389002
700000.0003	0.338142
700000.0003	0.294193
700000.0003	0.254034
700000.0003	0.219021
700000.0003	0.188186
700000.0003	0.161001
700000.0003	0.136461
700000.0003	0.115602
700000.0003	0.0974726
700000.0003	0.0822198
700000.0003	0.0696728
700000.0003	0.0578079
700000.0003	0.0485974
700000.0003	0.0405454
700000.0003	0.0338668
700000.0003	0.0284535
700000.0003	0.0238989
700000.0003	0.0203726
700000.0003	0.0170833
700000.0003	0.0144656
700000.0003	0.0124243
700000.0003	0.0107193
700000.0003	0.00946123
700000.0003	0.00826915
700000.0003	0.00749423
700000.0003	0.00676673
700000.0003	0.00620675
700000.0003	0.00578271
700000.0003	0.00549939
700000.0003	0.00524426
700000.0003	0.00514711
700000.0003	0.00500613
700000.0003	0.00489613
700000.0003	0.0048121
700000.0003	0.00470041
700000.0003	0.00472802
700000.0003	0.00463458
700000.0003	0.00458774
700000.0003	0.00450164
700000.0003	0.00448763
700000.0003	0.00443608
700000.0003	0.00441023
700000.0003	0.004381
700000.0003	0.00437921
700000.0003	0.00435422
700000.0003	0.00428204
700000.0003	0.00423617
700000.0003	0.00421836
700000.0003	0.0042052
700000.0003	0.00414497
700000.0003	0.00424769
700000.0003	0.00420166
700000.0003	0.00416934
700000.0003	0.00415628
700000.0003	0.00416349
700000.0003	0.00414707
700000.0003	0.00411564
700000.0003	0.00414033
700000.0003	0.00412645
700000.0003	0.00413183
700000.0003	0.00408565
700000.0003	0.00410596
700000.0003	0.00412722
700000.0003	0.0040901
700000.0003	0.0041367
700000.0003	0.00409088
700000.0003	0.00406581
700000.0003	0.00406805
700000.0003	0.00409251
700000.0003	0.00408943
700000.0003	0.00410068
700000.0003	0.00412588
700000.0003	0.00411046
700000.0003	0.00414625
700000.0003	0.00410089
700000.0003	0.00412091
700000.0003	0.00412088
700000.0003	0.00413476
700000.0003	0.0041192
700000.0003	0.00415862
700000.0003	0.00416022
700000.0003	0.00417641
700000.0003	0.00418291
700000.0003	0.0041926
700000.0003	0.00414864
700000.0003	0.00422624
700000.0003	0.00424207
700000.0003	0.00425106
700000.0003	0.00420053
700000.0003	0.00426345
700000.0003	0.00428152
700000.0003	0.00430525
700000.0003	0.00429673
700000.0003	0.0043321
700000.0003	0.00441109
700000.0003	0.00438388
700000.0003	0.00447678
700000.0003	0.00447814
700000.0003	0.00449727
700000.0003	0.00460111
700000.0003	0.00454594
700000.0003	0.00461219
700000.0003	0.0047367
700000.0003	0.00469881
700000.0003	0.00488738
700000.0003	0.00484827
700000.0003	0.00497085
700000.0003	0.0050373
700000.0003	0.0051291
700000.0003	0.00526477
700000.0003	0.00531077
700000.0003	0.00546132
700000.0003	0.00573701
700000.0003	0.00582696
700000.0003	0.00609237
700000.0003	0.00626631
700000.0003	0.00659011
700000.0003	0.00697325
700000.0003	0.00724738
700000.0003	0.00772336
700000.0003	0.00810267
700000.0003	0.00866391
700000.0003	0.00919688
700000.0003	0.00980021
700000.0003	0.0106957
700000.0003	0.0118483
700000.0003	0.0126944
700000.0003	0.0141613
700000.0003	0.0151142
700000.0003	0.0161163
