700000.0003	1470835
700000.0003	1466356
700000.0003	1468429
700000.0003	1479317
700000.0003	1487923
700000.0003	1491458
700000.0003	1474454
700000.0003	1448357
700000.0003	1419843
700000.0003	1392493
700000.0003	1385733
700000.0003	1385545
700000.0003	1377753
700000.0003	1343430
700000.0003	1272973
700000.0003	1164178
700000.0003	1033614
700000.0003	900838
700000.0003	778646
700000.0003	667410
700000.0003	577057
700000.0003	496580
700000.0003	429983
700000.0003	373241
700000.0003	327261
700000.0003	290906
700000.0003	259332
700000.0003	233205
700000.0003	212500
700000.0003	193943
700000.0003	179293
700000.0003	168017
700000.0003	157646
700000.0003	149979
700000.0003	142857
700000.0003	137522
700000.0003	132449
700000.0003	129117
700000.0003	124999
700000.0003	123058
700000.0003	122254
700000.0003	119555
700000.0003	118670
700000.0003	117483
700000.0003	115916
700000.0003	115190
700000.0003	114314
700000.0003	113097
700000.0003	112490
700000.0003	111442
700000.0003	111260
700000.0003	110005
700000.0003	109306
700000.0003	108645
700000.0003	107897
700000.0003	107492
700000.0003	107436
700000.0003	106440
700000.0003	106036
700000.0003	105817
700000.0003	104995
700000.0003	104787
700000.0003	104599
700000.0003	103978
700000.0003	103751
700000.0003	103448
700000.0003	102886
700000.0003	102584
700000.0003	102246
700000.0003	102368
700000.0003	101648
700000.0003	102204
700000.0003	101415
700000.0003	101228
700000.0003	101360
700000.0003	101223
700000.0003	100993
700000.0003	101226
700000.0003	100324
700000.0003	100599
700000.0003	99674
700000.0003	99818
700000.0003	99945
700000.0003	99578
700000.0003	98892
700000.0003	99178
700000.0003	99231
700000.0003	99706
700000.0003	99278
700000.0003	98242
700000.0003	98445
700000.0003	98458
700000.0003	98741
700000.0003	98566
700000.0003	98403
700000.0003	98441
700000.0003	98432
700000.0003	98711
700000.0003	98257
700000.0003	97696
700000.0003	97707
700000.0003	97378
700000.0003	97285
700000.0003	98157
700000.0003	98161
700000.0003	97596
700000.0003	96750
700000.0003	96798
700000.0003	97513
700000.0003	96824
700000.0003	98024
700000.0003	97389
700000.0003	96218
700000.0003	97300
700000.0003	97228
700000.0003	97473
700000.0003	96901
700000.0003	97141
700000.0003	96941
700000.0003	97226
700000.0003	96905
700000.0003	97580
700000.0003	97116
700000.0003	97271
700000.0003	96906
700000.0003	96806
700000.0003	97061
700000.0003	96716
700000.0003	97150
700000.0003	96463
700000.0003	96827
700000.0003	96650
700000.0003	97088
700000.0003	96494
700000.0003	97380
700000.0003	97210
700000.0003	96897
700000.0003	96701
700000.0003	96874
700000.0003	96951
700000.0003	97785
700000.0003	96897
700000.0003	96891
700000.0003	96533
700000.0003	98022
700000.0003	97522
700000.0003	97967
700000.0003	97705
700000.0003	97630
700000.0003	98300
700000.0003	98483
700000.0003	98819
700000.0003	98992
700000.0003	99132
700000.0003	100180
700000.0003	100562
700000.0003	100092
700000.0003	100715
700000.0003	101678
700000.0003	101496
700000.0003	101523
700000.0003	101760
700000.0003	103459
700000.0003	103648
700000.0003	104449
700000.0003	105063
700000.0003	104760
700000.0003	106276
700000.0003	106998
700000.0003	107157
700000.0003	108069
700000.0003	109111
700000.0003	109978
700000.0003	109972
700000.0003	111931
700000.0003	111823
700000.0003	112744
700000.0003	114532
700000.0003	115157
700000.0003	116399
700000.0003	117278
700000.0003	119019
700000.0003	119229
700000.0003	120575
700000.0003	121517
700000.0003	122804
700000.0003	124639
700000.0003	126250
700000.0003	127052
700000.0003	128866
700000.0003	129945
700000.0003	132475
700000.0003	133130
700000.0003	135396
700000.0003	136720
700000.0003	138537
700000.0003	140179
700000.0003	143238
700000.0003	144152
700000.0003	146171
700000.0003	148697
700000.0003	151413
700000.0003	153487
700000.0003	156165
700000.0003	158560
700000.0003	160685
700000.0003	164453
700000.0003	166392
700000.0003	169438
700000.0003	172776
700000.0003	175837
700000.0003	180267
700000.0003	184070
700000.0003	186542
700000.0003	191516
700000.0003	196105
700000.0003	200114
700000.0003	204362
700000.0003	209130
700000.0003	215895
700000.0003	221137
700000.0003	226904
700000.0003	233194
700000.0003	239406
700000.0003	247434
700000.0003	256014
700000.0003	264545
700000.0003	273422
700000.0003	283995
700000.0003	295279
700000.0003	307245
700000.0003	320622
700000.0003	335405
700000.0003	350628
700000.0003	370373
700000.0003	390791
700000.0003	413473
700000.0003	436740
700000.0003	463549
700000.0003	494509
700000.0003	526820
700000.0003	561649
700000.0003	599744
700000.0003	642097
700000.0003	687007
700000.0003	730876
700000.0003	777512
700000.0003	826247
700000.0003	875554
700000.0003	926473
700000.0003	973511
700000.0003	1019714
700000.0003	1063291
700000.0003	1104242
700000.0003	1139817
700000.0003	1173173
700000.0003	1202264
700000.0003	1230331
700000.0003	1254556
700000.0003	1276044
700000.0003	1294960
700000.0003	1309957
700000.0003	1327334
700000.0003	1339416
700000.0003	1351543
700000.0003	1362359
700000.0003	1376586
700000.0003	1382320
700000.0003	1390254
700000.0003	1397078
700000.0003	1405022
700000.0003	1409244
700000.0003	1413059
700000.0003	1422090
700000.0003	1425007
700000.0003	1430156
700000.0003	1430502
700000.0003	1435197
700000.0003	1435510
700000.0003	1440606
700000.0003	1444348
700000.0003	1444057
700000.0003	1447379
700000.0003	1449393
700000.0003	1449470
700000.0003	1451676
700000.0003	1450181
700000.0003	1451538
700000.0003	1457303
700000.0003	1456198
700000.0003	1455667
700000.0003	1456519
700000.0003	1456365
700000.0003	1456834
700000.0003	1457387
700000.0003	1457176
700000.0003	1458948
700000.0003	1461118
700000.0003	1457528
700000.0003	1459381
700000.0003	1456766
700000.0003	1457744
700000.0003	1459289
700000.0003	1460237
700000.0003	1460026
700000.0003	1459579
700000.0003	1460970
700000.0003	1457878
700000.0003	1458884
700000.0003	1460127
700000.0003	1458224
700000.0003	1462375
700000.0003	1460696
700000.0003	1462078
700000.0003	1459778
700000.0003	1459876
700000.0003	1458787
700000.0003	1461808
700000.0003	1461244
700000.0003	1461346
700000.0003	1461881
700000.0003	1463160
700000.0003	1460731
700000.0003	1461245
700000.0003	1461083
700000.0003	1461845
700000.0003	1463471
700000.0003	1462777
700000.0003	1462892
700000.0003	1463570
700000.0003	1462761
700000.0003	1461588
700000.0003	1462994
700000.0003	1462993
700000.0003	1464871
700000.0003	1464169
700000.0003	1464867
700000.0003	1464732
700000.0003	1464235
700000.0003	1464102
700000.0003	1463180
700000.0003	1465541
700000.0003	1465380
700000.0003	1467800
700000.0003	1465151
700000.0003	1466244
700000.0003	1467013
700000.0003	1464755
700000.0003	1465033
700000.0003	1466161
700000.0003	1468934
700000.0003	1468593
700000.0003	1468851
700000.0003	1467090
700000.0003	1468832
700000.0003	1465758
700000.0003	1467485
700000.0003	1468287
700000.0003	1470340
700000.0003	1472392
700000.0003	1469912
700000.0003	1469961
700000.0003	1467567
700000.0003	1470875
700000.0003	1469782
700000.0003	1471122
700000.0003	1473952
700000.0003	1473966
700000.0003	1471682
700000.0003	1471289
700000.0003	1473379
700000.0003	1469462
700000.0003	1474226
700000.0003	1475303
700000.0003	1476174
700000.0003	1476673
700000.0003	1473888
700000.0003	1475291
700000.0003	1474766
700000.0003	1474774
700000.0003	1476334
700000.0003	1480775
700000.0003	1481751
700000.0003	1478851
700000.0003	1477936
700000.0003	1477246
700000.0003	1477110
700000.0003	1480142
700000.0003	1482360
700000.0003	1485926
700000.0003	1486474
700000.0003	1483947
700000.0003	1477706
700000.0003	1478145
700000.0003	1478750
700000.0003	1482485
700000.0003	1490075
700000.0003	1490489
700000.0003	1489547
700000.0003	1483984
