700000.0003	28.6416
700000.0003	99.8299
700000.0003	201.483
700000.0003	345.267
700000.0003	538.446
700000.0003	771.965
700000.0003	1073.6
700000.0003	1420.47
700000.0003	1836.27
700000.0003	2266.23
700000.0003	2782.99
700000.0003	3315.32
700000.0003	3867.16
700000.0003	4454.58
700000.0003	5016.46
700000.0003	5525.09
700000.0003	6007.41
700000.0003	6373.3
700000.0003	6675.36
700000.0003	6917.45
700000.0003	7030.37
700000.0003	7109.25
700000.0003	7112.67
700000.0003	7027.88
700000.0003	6909.3
700000.0003	6784.13
700000.0003	6652.02
700000.0003	6344.3
700000.0003	6069.99
700000.0003	5753.2
700000.0003	5350.1
700000.0003	4952.15
700000.0003	4510.98
700000.0003	4042.45
700000.0003	3522.23
700000.0003	2961.01
700000.0003	2368.73
700000.0003	1749.26
700000.0003	1071.39
700000.0003	363.402
700000.0003	0
700000.0003	0
700000.0003	0
700000.0003	0
700000.0003	0
700000.0003	0
700000.0003	0
700000.0003	0
700000.0003	0
700000.0003	0
700000.0003	0
700000.0003	0
700000.0003	0
700000.0003	0
700000.0003	0
700000.0003	0
700000.0003	0
700000.0003	0
700000.0003	0
700000.0003	0
700000.0003	0
700000.0003	0
700000.0003	0
700000.0003	0
700000.0003	0
700000.0003	0
700000.0003	0
700000.0003	0
700000.0003	0
700000.0003	0
700000.0003	0
700000.0003	0
700000.0003	0
700000.0003	0
700000.0003	0
700000.0003	0
700000.0003	0
700000.0003	0
700000.0003	0
700000.0003	0
700000.0003	0
700000.0003	0
700000.0003	0
700000.0003	0
700000.0003	0
700000.0003	0
700000.0003	0
700000.0003	0
700000.0003	0
700000.0003	0
700000.0003	0
700000.0003	0
700000.0003	0
700000.0003	0
700000.0003	0
700000.0003	0
700000.0003	0
700000.0003	0
700000.0003	0
700000.0003	0
700000.0003	0
700000.0003	0
700000.0003	0
700000.0003	0
700000.0003	0
700000.0003	0
700000.0003	0
700000.0003	0
700000.0003	0
700000.0003	0
700000.0003	0
700000.0003	0
700000.0003	0
700000.0003	0
700000.0003	0
700000.0003	0
700000.0003	0
700000.0003	0
700000.0003	0
700000.0003	0
700000.0003	0
700000.0003	0
700000.0003	0
700000.0003	0
700000.0003	0
700000.0003	0
700000.0003	0
700000.0003	0
700000.0003	0
700000.0003	0
700000.0003	0
700000.0003	0
700000.0003	0
700000.0003	0
700000.0003	0
700000.0003	0
700000.0003	0
700000.0003	0
700000.0003	0
700000.0003	0
700000.0003	-23.7538
700000.0003	-70.2021
700000.0003	-116.694
700000.0003	-161.593
700000.0003	-208.594
700000.0003	-253.071
700000.0003	-296.863
700000.0003	-340.947
700000.0003	-380.73
700000.0003	-425.254
700000.0003	-466.148
700000.0003	-508.935
700000.0003	-547.992
700000.0003	-585.753
700000.0003	-630.129
700000.0003	-669.73
700000.0003	-702.616
700000.0003	-743.323
700000.0003	-781.507
700000.0003	-815.541
700000.0003	-845.343
700000.0003	-881.832
700000.0003	-927.622
700000.0003	-957.489
700000.0003	-991.735
700000.0003	-1024.02
700000.0003	-1044.42
700000.0003	-1087.42
700000.0003	-1116.43
700000.0003	-1143.78
700000.0003	-1177.63
700000.0003	-1211.04
700000.0003	-1237.21
700000.0003	-1261.2
700000.0003	-1295.23
700000.0003	-1313.47
700000.0003	-1334.49
700000.0003	-1373.82
700000.0003	-1392.02
700000.0003	-1419.13
700000.0003	-1449.64
700000.0003	-1475.87
700000.0003	-1489.55
700000.0003	-1512.73
700000.0003	-1526.01
700000.0003	-1552.77
700000.0003	-1583.98
700000.0003	-1600.33
700000.0003	-1616.09
700000.0003	-1636.94
700000.0003	-1652.86
700000.0003	-1676.67
700000.0003	-1688.65
700000.0003	-1707.59
700000.0003	-1718.47
700000.0003	-1739.58
700000.0003	-1747.19
700000.0003	-1773.95
700000.0003	-1775.64
700000.0003	-1780.96
700000.0003	-1802.69
700000.0003	-1823
700000.0003	-1827.09
700000.0003	-1844.36
700000.0003	-1855.64
700000.0003	-1846.94
700000.0003	-1870.13
700000.0003	-1877.85
700000.0003	-1882.01
700000.0003	-1886.37
700000.0003	-1894.53
700000.0003	-1902.34
700000.0003	-1919.17
700000.0003	-1904.92
700000.0003	-1911.06
700000.0003	-1922.18
700000.0003	-1926.35
700000.0003	-1927.45
700000.0003	-1922.12
700000.0003	-1937.09
700000.0003	-1929.58
700000.0003	-1930.56
700000.0003	-1928.08
700000.0003	-1923.04
700000.0003	-1921.94
700000.0003	-1926.34
700000.0003	-1914.55
700000.0003	-1907.27
700000.0003	-1902.03
700000.0003	-1900.96
700000.0003	-1886.74
700000.0003	-1881.03
700000.0003	-1868.4
700000.0003	-1848.4
700000.0003	-1845.95
700000.0003	-1837.96
700000.0003	-1821.06
700000.0003	-1805.42
700000.0003	-1785.09
700000.0003	-1766.15
700000.0003	-1741.52
700000.0003	-1717.16
700000.0003	-1689.36
700000.0003	-1661.83
700000.0003	-1627.14
700000.0003	-1585.81
700000.0003	-1540.08
700000.0003	-1499.86
700000.0003	-1442.94
700000.0003	-1398.63
700000.0003	-1340.68
700000.0003	-1288.46
700000.0003	-1223.58
700000.0003	-1163.4
700000.0003	-1096.32
700000.0003	-1035.97
700000.0003	-972.156
700000.0003	-910.34
700000.0003	-849.857
700000.0003	-787.173
700000.0003	-728.155
700000.0003	-668.925
700000.0003	-615.469
700000.0003	-565.616
700000.0003	-510.374
700000.0003	-464.259
700000.0003	-419.759
700000.0003	-377.226
700000.0003	-337.631
700000.0003	-300.871
700000.0003	-266.229
700000.0003	-234.216
700000.0003	-203.968
700000.0003	-178.684
700000.0003	-156.283
700000.0003	-135.11
700000.0003	-115.379
700000.0003	-99.9085
700000.0003	-85.0302
700000.0003	-72.9898
700000.0003	-61.4507
700000.0003	-51.8131
700000.0003	-44.6891
700000.0003	-37.6402
700000.0003	-31.835
700000.0003	-26.8223
700000.0003	-22.4038
700000.0003	-18.7363
700000.0003	-15.6386
700000.0003	-13.3326
700000.0003	-11.0411
700000.0003	-9.10277
700000.0003	-7.46259
700000.0003	-6.13259
700000.0003	-4.83724
700000.0003	-3.72623
700000.0003	-2.81687
700000.0003	-1.88479
700000.0003	-1.11158
700000.0003	-0.367558
700000.0003	0
700000.0003	0
700000.0003	0
700000.0003	0
700000.0003	0
700000.0003	0
700000.0003	0
700000.0003	0
700000.0003	0
700000.0003	0
700000.0003	0
700000.0003	0
700000.0003	0
700000.0003	0
700000.0003	0
700000.0003	0
700000.0003	0
700000.0003	0
700000.0003	0
700000.0003	0
700000.0003	0
700000.0003	0
700000.0003	0
700000.0003	0
700000.0003	0
700000.0003	0
700000.0003	0
700000.0003	0
700000.0003	0
700000.0003	0
700000.0003	0
700000.0003	0
700000.0003	0
700000.0003	0
700000.0003	0
700000.0003	0
700000.0003	0
700000.0003	0
700000.0003	0
700000.0003	0
700000.0003	0
700000.0003	0
700000.0003	0
700000.0003	0
700000.0003	0
700000.0003	0
700000.0003	0
700000.0003	0
700000.0003	0
700000.0003	0
700000.0003	0
700000.0003	0
700000.0003	0
700000.0003	0
700000.0003	0
700000.0003	0
700000.0003	0
700000.0003	0
700000.0003	0
700000.0003	0
700000.0003	0
700000.0003	0
700000.0003	0
700000.0003	0
700000.0003	0
700000.0003	0
700000.0003	0
700000.0003	0
700000.0003	0
700000.0003	0
700000.0003	0
700000.0003	0
700000.0003	0
700000.0003	0
700000.0003	0
700000.0003	0
700000.0003	0
700000.0003	0
700000.0003	0
700000.0003	0
700000.0003	0
700000.0003	0
700000.0003	0
700000.0003	0
700000.0003	0
700000.0003	0
700000.0003	0
700000.0003	0
700000.0003	0
700000.0003	0
700000.0003	0
700000.0003	0
700000.0003	0
700000.0003	0
700000.0003	0
700000.0003	0
700000.0003	0
700000.0003	0
700000.0003	0
700000.0003	0
700000.0003	-0.110626
700000.0003	-0.0695946
700000.0003	-1.54845
700000.0003	1.85117
700000.0003	-2.28708
700000.0003	0.0534835
700000.0003	1.65827
700000.0003	-1.63552
700000.0003	10.6659
700000.0003	10.9456
700000.0003	-17.2395
700000.0003	-12.3389
700000.0003	3.21433
700000.0003	-9.75727
700000.0003	10.2491
700000.0003	6.11447
700000.0003	-9.97895
700000.0003	-10.3885
700000.0003	-23.6437
700000.0003	29.6878
700000.0003	-11.5538
700000.0003	-6.68907
700000.0003	2.6632
700000.0003	-8.6812
700000.0003	6.79678
700000.0003	15.188
700000.0003	12.4781
700000.0003	13.6231
700000.0003	-0.310161
700000.0003	11.7249
700000.0003	0.531498
700000.0003	0.366529
700000.0003	-5.59366
700000.0003	8.0558
700000.0003	-13.676
700000.0003	-7.4726
700000.0003	-5.63808
700000.0003	-7.04052
700000.0003	-0.790473
700000.0003	1.04527
700000.0003	0
700000.0003	0
700000.0003	0
700000.0003	0
700000.0003	0
700000.0003	0
700000.0003	0
700000.0003	0
700000.0003	0
700000.0003	0
700000.0003	0
700000.0003	0
700000.0003	0
700000.0003	0
700000.0003	0
700000.0003	0
700000.0003	0
700000.0003	0
700000.0003	0
700000.0003	0
700000.0003	0
700000.0003	0
700000.0003	0
700000.0003	0
700000.0003	0
700000.0003	0
700000.0003	0
700000.0003	0
700000.0003	0
700000.0003	0
700000.0003	0
700000.0003	0
700000.0003	0
700000.0003	0
700000.0003	0
700000.0003	0
700000.0003	0
700000.0003	0
700000.0003	0
700000.0003	0
700000.0003	0
700000.0003	0
700000.0003	0
700000.0003	0
700000.0003	0
700000.0003	0
700000.0003	0
700000.0003	0
700000.0003	0
700000.0003	0
700000.0003	0
700000.0003	0
700000.0003	0
700000.0003	0
700000.0003	0
700000.0003	0
700000.0003	0
700000.0003	0
700000.0003	0
700000.0003	0
700000.0003	0
700000.0003	0
700000.0003	0
700000.0003	0
700000.0003	0
700000.0003	0
700000.0003	0
700000.0003	0
700000.0003	0
700000.0003	0
700000.0003	0
700000.0003	0
700000.0003	0
700000.0003	0
700000.0003	0
700000.0003	0
700000.0003	0
700000.0003	0
700000.0003	0
700000.0003	0
700000.0003	0
700000.0003	0
700000.0003	0
700000.0003	0
700000.0003	0
700000.0003	0
700000.0003	0
700000.0003	0
700000.0003	0
700000.0003	0
700000.0003	0
700000.0003	0
700000.0003	0
700000.0003	0
700000.0003	0
700000.0003	0
700000.0003	0
700000.0003	0
700000.0003	0
700000.0003	0
700000.0003	-0.0833724
700000.0003	0.0848631
700000.0003	0.370321
700000.0003	0.342735
700000.0003	-0.174262
700000.0003	-0.264023
700000.0003	-1.68432
700000.0003	1.83016
700000.0003	-1.59565
700000.0003	0.141628
700000.0003	0.140352
700000.0003	-2.60092
700000.0003	-0.149375
700000.0003	1.50394
700000.0003	-0.572071
700000.0003	-0.168005
700000.0003	-0.821842
700000.0003	0.258903
700000.0003	-1.18451
700000.0003	-2.76269
700000.0003	-0.563327
700000.0003	0.549772
700000.0003	-3.54066
700000.0003	-0.138898
700000.0003	-2.16591
700000.0003	1.41484
700000.0003	-1.44148
700000.0003	-0.225187
700000.0003	1.56349
700000.0003	-4.57899
700000.0003	-1.03991
700000.0003	-1.99701
700000.0003	-4.48056
700000.0003	-1.16621
700000.0003	-0.206558
700000.0003	0.368832
700000.0003	-2.16952
700000.0003	-2.28132
700000.0003	-0.43288
700000.0003	-4.74387
700000.0003	-0.871019
700000.0003	-1.73847
700000.0003	-1.73404
700000.0003	-2.94079
700000.0003	-5.58878
700000.0003	5.87707
700000.0003	-5.28025
700000.0003	2.2902
700000.0003	-3.41884
700000.0003	-6.76224
700000.0003	0.730812
700000.0003	1.28284
700000.0003	0.416621
700000.0003	0.795171
700000.0003	-5.84623
700000.0003	-3.59004
700000.0003	4.48939
700000.0003	-2.82685
700000.0003	-4.85962
700000.0003	1.87512
700000.0003	5.41058
700000.0003	-2.54838
700000.0003	-2.40779
700000.0003	-3.72409
700000.0003	1.9257
700000.0003	-3.90174
700000.0003	0.578323
700000.0003	9.83831
700000.0003	-0.663871
700000.0003	-0.336937
700000.0003	3.99702
700000.0003	-0.327768
700000.0003	-1.18487
700000.0003	4.08549
700000.0003	-2.17208
700000.0003	0.960777
700000.0003	0.078645
700000.0003	6.67639
700000.0003	-4.71229
700000.0003	0.57919
700000.0003	5.43678
700000.0003	0.43481
700000.0003	-3.05304
700000.0003	-2.71221
700000.0003	-4.56711
700000.0003	-1.06362
700000.0003	0.655242
700000.0003	4.1452
700000.0003	-4.29365
700000.0003	-0.18468
700000.0003	1.1986
700000.0003	4.49668
700000.0003	-0.636864
700000.0003	-2.73167
700000.0003	0.979745
700000.0003	-4.09385
700000.0003	-3.09279
700000.0003	1.82453
700000.0003	7.14808
700000.0003	4.22236
700000.0003	-1.79913
700000.0003	-2.66319
700000.0003	-0.358648
700000.0003	-1.6843
700000.0003	-0.0864552
700000.0003	1.4051
700000.0003	3.46184
700000.0003	0.184239
700000.0003	-0.244851
700000.0003	-1.0452
700000.0003	1.64999
700000.0003	1.45245
700000.0003	-0.850647
700000.0003	-2.78712
700000.0003	-2.66018
700000.0003	1.91149
700000.0003	0.5159
700000.0003	1.41223
700000.0003	1.70594
700000.0003	-0.505619
700000.0003	-0.717515
700000.0003	-1.92862
700000.0003	-0.682598
700000.0003	1.08298
700000.0003	-2.07538
700000.0003	-1.08351
700000.0003	-0.149235
700000.0003	-0.265847
700000.0003	0.154729
700000.0003	0.971207
700000.0003	1.59023
700000.0003	-0.7843
700000.0003	0.920451
700000.0003	-0.972638
700000.0003	0.0550923
700000.0003	0.137147
700000.0003	-0.0562073
700000.0003	-0.384861
700000.0003	-0.33514
700000.0003	-0.439757
700000.0003	0.647571
700000.0003	-0.665962
700000.0003	-0.168246
700000.0003	-0.0493078
700000.0003	-0.0592311
700000.0003	-0.00528077
700000.0003	0.104762
700000.0003	0.119731
700000.0003	-0.155594
700000.0003	0.0654231
700000.0003	0.121298
700000.0003	0.0579971
700000.0003	-0.0470087
700000.0003	-0.0465828
700000.0003	-0.0651559
700000.0003	0.000596072
700000.0003	-0.0170809
700000.0003	0.020547
700000.0003	-0.0134611
700000.0003	-0.00447328
700000.0003	0
700000.0003	0
700000.0003	0
700000.0003	0
700000.0003	0
700000.0003	0
700000.0003	0
700000.0003	0
700000.0003	0
700000.0003	0
700000.0003	0
700000.0003	0
700000.0003	0
700000.0003	0
700000.0003	0
700000.0003	0
700000.0003	0
700000.0003	0
700000.0003	0
700000.0003	0
700000.0003	0
700000.0003	0
700000.0003	0
700000.0003	0
700000.0003	0
700000.0003	0
700000.0003	0
700000.0003	0
700000.0003	0
700000.0003	0
700000.0003	0
700000.0003	0
700000.0003	0
700000.0003	0
700000.0003	0
700000.0003	0
700000.0003	0
700000.0003	0
700000.0003	0
700000.0003	0
700000.0003	0
700000.0003	0
700000.0003	0
700000.0003	0
700000.0003	0
700000.0003	0
700000.0003	0
700000.0003	0
700000.0003	0
700000.0003	0
700000.0003	0
700000.0003	0
700000.0003	0
700000.0003	0
700000.0003	0
700000.0003	0
700000.0003	0
700000.0003	0
700000.0003	0
700000.0003	0
700000.0003	0
700000.0003	0
700000.0003	0
700000.0003	0
700000.0003	0
700000.0003	0
700000.0003	0
700000.0003	0
700000.0003	0
700000.0003	0
700000.0003	0
700000.0003	0
700000.0003	0
700000.0003	0
700000.0003	0
700000.0003	0
700000.0003	0
700000.0003	0
700000.0003	0
700000.0003	0
700000.0003	0
700000.0003	0
700000.0003	0
700000.0003	0
700000.0003	0
700000.0003	0
700000.0003	0
700000.0003	0
700000.0003	0
700000.0003	0
700000.0003	0
700000.0003	0
700000.0003	0
700000.0003	0
700000.0003	0
700000.0003	0
700000.0003	0
700000.0003	0
700000.0003	0
700000.0003	0
