700000.0003	1470839
700000.0003	1468922
700000.0003	1469810
700000.0003	1476934
700000.0003	1487786
700000.0003	1489022
700000.0003	1476654
700000.0003	1450233
700000.0003	1418168
700000.0003	1396540
700000.0003	1384403
700000.0003	1383130
700000.0003	1376939
700000.0003	1343932
700000.0003	1272634
700000.0003	1164956
700000.0003	1035131
700000.0003	901286
700000.0003	777608
700000.0003	668300
700000.0003	575130
700000.0003	497072
700000.0003	430696
700000.0003	374231
700000.0003	328483
700000.0003	289724
700000.0003	258456
700000.0003	233618
700000.0003	211419
700000.0003	194504
700000.0003	180191
700000.0003	167868
700000.0003	157586
700000.0003	149803
700000.0003	142920
700000.0003	137669
700000.0003	133074
700000.0003	128536
700000.0003	125343
700000.0003	123487
700000.0003	121843
700000.0003	120297
700000.0003	118826
700000.0003	117068
700000.0003	116809
700000.0003	115036
700000.0003	114016
700000.0003	112796
700000.0003	112503
700000.0003	111286
700000.0003	111515
700000.0003	110226
700000.0003	109351
700000.0003	108877
700000.0003	108457
700000.0003	107651
700000.0003	107659
700000.0003	107031
700000.0003	106440
700000.0003	106380
700000.0003	105713
700000.0003	105081
700000.0003	104191
700000.0003	104288
700000.0003	104172
700000.0003	103197
700000.0003	103122
700000.0003	103268
700000.0003	103074
700000.0003	102165
700000.0003	101763
700000.0003	101663
700000.0003	101788
700000.0003	101567
700000.0003	101388
700000.0003	100614
700000.0003	100566
700000.0003	100369
700000.0003	100047
700000.0003	100173
700000.0003	100200
700000.0003	99872
700000.0003	100034
700000.0003	99412
700000.0003	99017
700000.0003	98870
700000.0003	98759
700000.0003	99204
700000.0003	98571
700000.0003	98874
700000.0003	98509
700000.0003	98618
700000.0003	98318
700000.0003	97840
700000.0003	98319
700000.0003	98588
700000.0003	97975
700000.0003	97950
700000.0003	97648
700000.0003	98201
700000.0003	97470
700000.0003	97386
700000.0003	98258
700000.0003	97433
700000.0003	97833
700000.0003	97566
700000.0003	97169
700000.0003	97650
700000.0003	97211
700000.0003	97722
700000.0003	97706
700000.0003	97173
700000.0003	97280
700000.0003	97865
700000.0003	97700
700000.0003	97448
700000.0003	97618
700000.0003	97833
700000.0003	97191
700000.0003	97138
700000.0003	97139
700000.0003	97343
700000.0003	97192
700000.0003	96419
700000.0003	96966
700000.0003	97446
700000.0003	97495
700000.0003	96503
700000.0003	96599
700000.0003	97283
700000.0003	96988
700000.0003	96810
700000.0003	97183
700000.0003	97128
700000.0003	97018
700000.0003	96790
700000.0003	97348
700000.0003	96487
700000.0003	97077
700000.0003	97257
700000.0003	96938
700000.0003	97289
700000.0003	97330
700000.0003	97324
700000.0003	97524
700000.0003	97342
700000.0003	97165
700000.0003	98070
700000.0003	97618
700000.0003	98638
700000.0003	98196
700000.0003	98798
700000.0003	98939
700000.0003	99171
700000.0003	99739
700000.0003	99946
700000.0003	100020
700000.0003	100612
700000.0003	101236
700000.0003	102031
700000.0003	102139
700000.0003	102758
700000.0003	103664
700000.0003	103248
700000.0003	104103
700000.0003	104112
700000.0003	105318
700000.0003	105411
700000.0003	107055
700000.0003	107799
700000.0003	108287
700000.0003	109174
700000.0003	109485
700000.0003	111211
700000.0003	111648
700000.0003	111527
700000.0003	113317
700000.0003	114459
700000.0003	115198
700000.0003	116399
700000.0003	117411
700000.0003	118333
700000.0003	119340
700000.0003	120388
700000.0003	121909
700000.0003	123893
700000.0003	124921
700000.0003	125681
700000.0003	126860
700000.0003	128573
700000.0003	130474
700000.0003	131656
700000.0003	134045
700000.0003	135068
700000.0003	137566
700000.0003	138685
700000.0003	140681
700000.0003	142726
700000.0003	144225
700000.0003	146192
700000.0003	148585
700000.0003	151806
700000.0003	153959
700000.0003	156377
700000.0003	158294
700000.0003	161399
700000.0003	164636
700000.0003	166356
700000.0003	169608
700000.0003	173633
700000.0003	175814
700000.0003	179359
700000.0003	183673
700000.0003	187934
700000.0003	191489
700000.0003	195046
700000.0003	200731
700000.0003	204316
700000.0003	209735
700000.0003	215194
700000.0003	220887
700000.0003	226689
700000.0003	232749
700000.0003	240048
700000.0003	246715
700000.0003	255476
700000.0003	263561
700000.0003	273748
700000.0003	284232
700000.0003	295355
700000.0003	307180
700000.0003	320889
700000.0003	335560
700000.0003	352619
700000.0003	370224
700000.0003	389986
700000.0003	412810
700000.0003	438108
700000.0003	464751
700000.0003	493195
700000.0003	526072
700000.0003	561951
700000.0003	599598
700000.0003	641783
700000.0003	684283
700000.0003	730219
700000.0003	778200
700000.0003	828053
700000.0003	874641
700000.0003	925567
700000.0003	973538
700000.0003	1016759
700000.0003	1063651
700000.0003	1101069
700000.0003	1140350
700000.0003	1173578
700000.0003	1204477
700000.0003	1229470
700000.0003	1255149
700000.0003	1274489
700000.0003	1293015
700000.0003	1310280
700000.0003	1324946
700000.0003	1340557
700000.0003	1353315
700000.0003	1363761
700000.0003	1373655
700000.0003	1382345
700000.0003	1389328
700000.0003	1395643
700000.0003	1403029
700000.0003	1410209
700000.0003	1414840
700000.0003	1421564
700000.0003	1425624
700000.0003	1429125
700000.0003	1431620
700000.0003	1432818
700000.0003	1436237
700000.0003	1440815
700000.0003	1441833
700000.0003	1446027
700000.0003	1448158
700000.0003	1450282
700000.0003	1448372
700000.0003	1448587
700000.0003	1452433
700000.0003	1453903
700000.0003	1453658
700000.0003	1455824
700000.0003	1457529
700000.0003	1456115
700000.0003	1457860
700000.0003	1454022
700000.0003	1457489
700000.0003	1458389
700000.0003	1459973
700000.0003	1458331
700000.0003	1459346
700000.0003	1459059
700000.0003	1457146
700000.0003	1458625
700000.0003	1457898
700000.0003	1460023
700000.0003	1460444
700000.0003	1460828
700000.0003	1459079
700000.0003	1459279
700000.0003	1458723
700000.0003	1459575
700000.0003	1459153
700000.0003	1461182
700000.0003	1460224
700000.0003	1461369
700000.0003	1461263
700000.0003	1460250
700000.0003	1459316
700000.0003	1461049
700000.0003	1460081
700000.0003	1462280
700000.0003	1462489
700000.0003	1461229
700000.0003	1461761
700000.0003	1461870
700000.0003	1461054
700000.0003	1460918
700000.0003	1461937
700000.0003	1464132
700000.0003	1462641
700000.0003	1466058
700000.0003	1460244
700000.0003	1461241
700000.0003	1465388
700000.0003	1461885
700000.0003	1464754
700000.0003	1464095
700000.0003	1464404
700000.0003	1465906
700000.0003	1465232
700000.0003	1462228
700000.0003	1464251
700000.0003	1464630
700000.0003	1466312
700000.0003	1466230
700000.0003	1466350
700000.0003	1465233
700000.0003	1466604
700000.0003	1466366
700000.0003	1465014
700000.0003	1465843
700000.0003	1468356
700000.0003	1468884
700000.0003	1468666
700000.0003	1467279
700000.0003	1466504
700000.0003	1468529
700000.0003	1468896
700000.0003	1468516
700000.0003	1467484
700000.0003	1472032
700000.0003	1471553
700000.0003	1470073
700000.0003	1467899
700000.0003	1469873
700000.0003	1469840
700000.0003	1472746
700000.0003	1473231
700000.0003	1471505
700000.0003	1472717
700000.0003	1471558
700000.0003	1473446
700000.0003	1471709
700000.0003	1472843
700000.0003	1474157
700000.0003	1478567
700000.0003	1474989
700000.0003	1474879
700000.0003	1473698
700000.0003	1474578
700000.0003	1477399
700000.0003	1477401
700000.0003	1478661
700000.0003	1480130
700000.0003	1480632
700000.0003	1478457
700000.0003	1475577
700000.0003	1476568
700000.0003	1480807
700000.0003	1485656
700000.0003	1484535
700000.0003	1484076
700000.0003	1484464
700000.0003	1479711
700000.0003	1477184
700000.0003	1478508
700000.0003	1482688
700000.0003	1488887
700000.0003	1492345
700000.0003	1490111
700000.0003	1481493
