700000.0003	1471134
700000.0003	1466934
700000.0003	1469418
700000.0003	1479043
700000.0003	1487700
700000.0003	1488584
700000.0003	1477694
700000.0003	1450638
700000.0003	1418635
700000.0003	1394262
700000.0003	1384958
700000.0003	1383876
700000.0003	1376632
700000.0003	1342511
700000.0003	1273957
700000.0003	1164384
700000.0003	1034738
700000.0003	900886
700000.0003	776731
700000.0003	667676
700000.0003	575555
700000.0003	496877
700000.0003	429478
700000.0003	374147
700000.0003	328203
700000.0003	290543
700000.0003	258675
700000.0003	233053
700000.0003	211517
700000.0003	194703
700000.0003	179557
700000.0003	168289
700000.0003	157884
700000.0003	149739
700000.0003	142906
700000.0003	137552
700000.0003	132565
700000.0003	129277
700000.0003	125631
700000.0003	123681
700000.0003	121786
700000.0003	120348
700000.0003	118972
700000.0003	117467
700000.0003	116703
700000.0003	114983
700000.0003	114641
700000.0003	113088
700000.0003	112300
700000.0003	111857
700000.0003	111095
700000.0003	109930
700000.0003	109529
700000.0003	109860
700000.0003	108429
700000.0003	107748
700000.0003	106795
700000.0003	106826
700000.0003	105919
700000.0003	105971
700000.0003	105346
700000.0003	105247
700000.0003	104740
700000.0003	104666
700000.0003	103565
700000.0003	103676
700000.0003	103452
700000.0003	102424
700000.0003	102420
700000.0003	102566
700000.0003	102087
700000.0003	101425
700000.0003	101614
700000.0003	101177
700000.0003	101778
700000.0003	100849
700000.0003	100846
700000.0003	100456
700000.0003	100369
700000.0003	100527
700000.0003	100190
700000.0003	99745
700000.0003	99180
700000.0003	99548
700000.0003	99073
700000.0003	99827
700000.0003	98777
700000.0003	99029
700000.0003	99269
700000.0003	98757
700000.0003	98550
700000.0003	99499
700000.0003	98053
700000.0003	98562
700000.0003	98364
700000.0003	98095
700000.0003	97840
700000.0003	97615
700000.0003	97536
700000.0003	97805
700000.0003	97652
700000.0003	97902
700000.0003	97834
700000.0003	97312
700000.0003	97874
700000.0003	97416
700000.0003	96989
700000.0003	96755
700000.0003	97589
700000.0003	97483
700000.0003	97625
700000.0003	97448
700000.0003	96934
700000.0003	97434
700000.0003	97225
700000.0003	97033
700000.0003	96923
700000.0003	97991
700000.0003	97052
700000.0003	96804
700000.0003	96901
700000.0003	96776
700000.0003	96578
700000.0003	96741
700000.0003	97253
700000.0003	96873
700000.0003	96932
700000.0003	97113
700000.0003	96406
700000.0003	96683
700000.0003	96772
700000.0003	97064
700000.0003	97139
700000.0003	96583
700000.0003	96498
700000.0003	97207
700000.0003	97230
700000.0003	96989
700000.0003	97028
700000.0003	96963
700000.0003	97203
700000.0003	97262
700000.0003	97906
700000.0003	96799
700000.0003	97867
700000.0003	97512
700000.0003	97646
700000.0003	98254
700000.0003	98150
700000.0003	98091
700000.0003	98395
700000.0003	99053
700000.0003	99017
700000.0003	99788
700000.0003	99451
700000.0003	99942
700000.0003	100246
700000.0003	100965
700000.0003	100204
700000.0003	101509
700000.0003	102236
700000.0003	102855
700000.0003	102913
700000.0003	102608
700000.0003	104380
700000.0003	105463
700000.0003	104776
700000.0003	106722
700000.0003	106568
700000.0003	107302
700000.0003	108508
700000.0003	108958
700000.0003	109995
700000.0003	110353
700000.0003	111046
700000.0003	111891
700000.0003	113647
700000.0003	114035
700000.0003	115205
700000.0003	116225
700000.0003	117691
700000.0003	118531
700000.0003	119931
700000.0003	120722
700000.0003	122744
700000.0003	123127
700000.0003	124596
700000.0003	125949
700000.0003	127070
700000.0003	128093
700000.0003	129403
700000.0003	132132
700000.0003	133616
700000.0003	134525
700000.0003	137366
700000.0003	139051
700000.0003	139791
700000.0003	142243
700000.0003	144856
700000.0003	146983
700000.0003	148873
700000.0003	150892
700000.0003	153134
700000.0003	156215
700000.0003	158878
700000.0003	162050
700000.0003	164048
700000.0003	167232
700000.0003	170123
700000.0003	173131
700000.0003	176608
700000.0003	179608
700000.0003	183029
700000.0003	187590
700000.0003	191128
700000.0003	196406
700000.0003	200241
700000.0003	204324
700000.0003	209755
700000.0003	215388
700000.0003	220818
700000.0003	226756
700000.0003	233144
700000.0003	240215
700000.0003	247095
700000.0003	255225
700000.0003	264802
700000.0003	273827
700000.0003	283824
700000.0003	295383
700000.0003	306904
700000.0003	320649
700000.0003	335069
700000.0003	352178
700000.0003	370113
700000.0003	391047
700000.0003	413039
700000.0003	437306
700000.0003	463776
700000.0003	493437
700000.0003	526361
700000.0003	561093
700000.0003	600767
700000.0003	641068
700000.0003	684546
700000.0003	730416
700000.0003	777456
700000.0003	825681
700000.0003	876945
700000.0003	925230
700000.0003	973043
700000.0003	1021232
700000.0003	1062670
700000.0003	1101422
700000.0003	1139667
700000.0003	1174204
700000.0003	1202882
700000.0003	1230459
700000.0003	1254901
700000.0003	1273481
700000.0003	1295357
700000.0003	1309928
700000.0003	1326586
700000.0003	1339518
700000.0003	1353070
700000.0003	1363615
700000.0003	1374575
700000.0003	1381299
700000.0003	1390213
700000.0003	1397195
700000.0003	1403552
700000.0003	1408989
700000.0003	1417076
700000.0003	1422029
700000.0003	1422605
700000.0003	1427616
700000.0003	1431933
700000.0003	1435830
700000.0003	1437913
700000.0003	1438595
700000.0003	1444414
700000.0003	1444733
700000.0003	1447278
700000.0003	1446774
700000.0003	1451746
700000.0003	1450903
700000.0003	1451789
700000.0003	1454517
700000.0003	1454431
700000.0003	1455448
700000.0003	1454794
700000.0003	1456287
700000.0003	1457931
700000.0003	1457665
700000.0003	1457172
700000.0003	1459008
700000.0003	1456762
700000.0003	1459090
700000.0003	1459174
700000.0003	1459153
700000.0003	1457206
700000.0003	1460346
700000.0003	1458891
700000.0003	1460628
700000.0003	1458388
700000.0003	1458694
700000.0003	1460087
700000.0003	1459317
700000.0003	1461306
700000.0003	1458582
700000.0003	1462502
700000.0003	1458864
700000.0003	1460604
700000.0003	1459308
700000.0003	1460187
700000.0003	1461404
700000.0003	1459793
700000.0003	1462499
700000.0003	1460796
700000.0003	1461868
700000.0003	1462100
700000.0003	1460129
700000.0003	1461192
700000.0003	1461745
700000.0003	1463734
700000.0003	1461729
700000.0003	1461575
700000.0003	1462555
700000.0003	1462852
700000.0003	1462094
700000.0003	1462092
700000.0003	1464618
700000.0003	1463497
700000.0003	1464785
700000.0003	1462906
700000.0003	1462942
700000.0003	1463752
700000.0003	1464408
700000.0003	1463309
700000.0003	1466049
700000.0003	1465845
700000.0003	1463966
700000.0003	1466565
700000.0003	1465359
700000.0003	1464652
700000.0003	1466087
700000.0003	1465563
700000.0003	1466100
700000.0003	1468134
700000.0003	1466624
700000.0003	1465983
700000.0003	1468784
700000.0003	1467591
700000.0003	1465335
700000.0003	1468956
700000.0003	1468704
700000.0003	1469441
700000.0003	1469179
700000.0003	1468658
700000.0003	1467833
700000.0003	1472418
700000.0003	1468764
700000.0003	1470287
700000.0003	1469158
700000.0003	1471936
700000.0003	1471702
700000.0003	1472891
700000.0003	1471286
700000.0003	1471468
700000.0003	1471171
700000.0003	1473472
700000.0003	1473372
700000.0003	1474205
700000.0003	1473642
700000.0003	1475515
700000.0003	1477643
700000.0003	1471786
700000.0003	1474682
700000.0003	1474011
700000.0003	1479383
700000.0003	1477971
700000.0003	1479032
700000.0003	1477798
700000.0003	1480324
700000.0003	1478105
700000.0003	1476545
700000.0003	1477000
700000.0003	1480712
700000.0003	1483953
700000.0003	1487374
700000.0003	1485519
700000.0003	1480623
700000.0003	1479153
700000.0003	1477710
700000.0003	1478504
700000.0003	1484153
700000.0003	1488853
700000.0003	1491152
700000.0003	1490337
700000.0003	1480967
