700000.0003	28.2903
700000.0003	99.0087
700000.0003	201.125
700000.0003	344.97
700000.0003	536.425
700000.0003	778.996
700000.0003	1076.96
700000.0003	1438.47
700000.0003	1835.45
700000.0003	2289.38
700000.0003	2775.09
700000.0003	3311.39
700000.0003	3868.96
700000.0003	4437.73
700000.0003	5016.09
700000.0003	5535.66
700000.0003	5983.41
700000.0003	6382.23
700000.0003	6679.45
700000.0003	6887.25
700000.0003	7037.04
700000.0003	7064.58
700000.0003	7096.46
700000.0003	7059.14
700000.0003	6920.53
700000.0003	6835.88
700000.0003	6557.87
700000.0003	6331.54
700000.0003	6055.32
700000.0003	5734.27
700000.0003	5386.45
700000.0003	4967.24
700000.0003	4515.25
700000.0003	4017.82
700000.0003	3524.66
700000.0003	2952.88
700000.0003	2374.22
700000.0003	1738.39
700000.0003	1072.57
700000.0003	365.208
700000.0003	0
700000.0003	0
700000.0003	0
700000.0003	0
700000.0003	0
700000.0003	0
700000.0003	0
700000.0003	0
700000.0003	0
700000.0003	0
700000.0003	0
700000.0003	0
700000.0003	0
700000.0003	0
700000.0003	0
700000.0003	0
700000.0003	0
700000.0003	0
700000.0003	0
700000.0003	0
700000.0003	0
700000.0003	0
700000.0003	0
700000.0003	0
700000.0003	0
700000.0003	0
700000.0003	0
700000.0003	0
700000.0003	0
700000.0003	0
700000.0003	0
700000.0003	0
700000.0003	0
700000.0003	0
700000.0003	0
700000.0003	0
700000.0003	0
700000.0003	0
700000.0003	0
700000.0003	0
700000.0003	0
700000.0003	0
700000.0003	0
700000.0003	0
700000.0003	0
700000.0003	0
700000.0003	0
700000.0003	0
700000.0003	0
700000.0003	0
700000.0003	0
700000.0003	0
700000.0003	0
700000.0003	0
700000.0003	0
700000.0003	0
700000.0003	0
700000.0003	0
700000.0003	0
700000.0003	0
700000.0003	0
700000.0003	0
700000.0003	0
700000.0003	0
700000.0003	0
700000.0003	0
700000.0003	0
700000.0003	0
700000.0003	0
700000.0003	0
700000.0003	0
700000.0003	0
700000.0003	0
700000.0003	0
700000.0003	0
700000.0003	0
700000.0003	0
700000.0003	0
700000.0003	0
700000.0003	0
700000.0003	0
700000.0003	0
700000.0003	0
700000.0003	0
700000.0003	0
700000.0003	0
700000.0003	0
700000.0003	0
700000.0003	0
700000.0003	0
700000.0003	0
700000.0003	0
700000.0003	0
700000.0003	0
700000.0003	0
700000.0003	0
700000.0003	0
700000.0003	0
700000.0003	0
700000.0003	0
700000.0003	-23.5164
700000.0003	-70.352
700000.0003	-116.674
700000.0003	-162.57
700000.0003	-207.833
700000.0003	-253.116
700000.0003	-295.431
700000.0003	-341.089
700000.0003	-382.143
700000.0003	-425.192
700000.0003	-464.977
700000.0003	-507.582
700000.0003	-550.121
700000.0003	-588.493
700000.0003	-629.978
700000.0003	-668.952
700000.0003	-701.074
700000.0003	-740.735
700000.0003	-778.588
700000.0003	-817.987
700000.0003	-854.519
700000.0003	-888.18
700000.0003	-927.12
700000.0003	-957.978
700000.0003	-986.783
700000.0003	-1028.63
700000.0003	-1049.26
700000.0003	-1088
700000.0003	-1113.49
700000.0003	-1147.77
700000.0003	-1188.35
700000.0003	-1218.12
700000.0003	-1240.46
700000.0003	-1264.92
700000.0003	-1297.61
700000.0003	-1314.65
700000.0003	-1351.32
700000.0003	-1366.5
700000.0003	-1398.26
700000.0003	-1417.67
700000.0003	-1444.46
700000.0003	-1477.47
700000.0003	-1492.55
700000.0003	-1511.4
700000.0003	-1534.38
700000.0003	-1560.7
700000.0003	-1580.36
700000.0003	-1603.39
700000.0003	-1624
700000.0003	-1640.16
700000.0003	-1656.04
700000.0003	-1670.92
700000.0003	-1692.48
700000.0003	-1712.75
700000.0003	-1720.04
700000.0003	-1722.97
700000.0003	-1751.56
700000.0003	-1761.43
700000.0003	-1782.47
700000.0003	-1788.87
700000.0003	-1805.11
700000.0003	-1816.98
700000.0003	-1832.83
700000.0003	-1844.7
700000.0003	-1851.08
700000.0003	-1862.24
700000.0003	-1873.74
700000.0003	-1881.21
700000.0003	-1889.31
700000.0003	-1886.23
700000.0003	-1895.88
700000.0003	-1906.21
700000.0003	-1907.78
700000.0003	-1909.26
700000.0003	-1915.99
700000.0003	-1928.43
700000.0003	-1927.76
700000.0003	-1924.08
700000.0003	-1922.9
700000.0003	-1922.14
700000.0003	-1927.43
700000.0003	-1924.9
700000.0003	-1923.44
700000.0003	-1927.19
700000.0003	-1919.11
700000.0003	-1917.69
700000.0003	-1908.14
700000.0003	-1908.68
700000.0003	-1902.81
700000.0003	-1905.31
700000.0003	-1890.94
700000.0003	-1886.14
700000.0003	-1880.95
700000.0003	-1859.15
700000.0003	-1850.46
700000.0003	-1837.08
700000.0003	-1824.46
700000.0003	-1800.42
700000.0003	-1785.45
700000.0003	-1764.65
700000.0003	-1738.28
700000.0003	-1717.58
700000.0003	-1682.82
700000.0003	-1660.41
700000.0003	-1620.45
700000.0003	-1591.14
700000.0003	-1539.79
700000.0003	-1495.33
700000.0003	-1447.56
700000.0003	-1395.91
700000.0003	-1340.29
700000.0003	-1290.18
700000.0003	-1226.79
700000.0003	-1162.73
700000.0003	-1101.61
700000.0003	-1040.84
700000.0003	-975.36
700000.0003	-910.541
700000.0003	-848.772
700000.0003	-790.332
700000.0003	-727.389
700000.0003	-672.245
700000.0003	-616.993
700000.0003	-559.545
700000.0003	-512.86
700000.0003	-464.049
700000.0003	-418.696
700000.0003	-376.288
700000.0003	-336.616
700000.0003	-301.282
700000.0003	-265.816
700000.0003	-233.451
700000.0003	-205.057
700000.0003	-178.699
700000.0003	-156.11
700000.0003	-134.754
700000.0003	-116.001
700000.0003	-99.7
700000.0003	-85.1856
700000.0003	-72.7132
700000.0003	-61.6254
700000.0003	-51.9087
700000.0003	-43.7752
700000.0003	-37.1747
700000.0003	-31.6966
700000.0003	-26.6677
700000.0003	-22.1782
700000.0003	-18.6699
700000.0003	-15.5642
700000.0003	-13.2187
700000.0003	-11.0132
700000.0003	-8.91512
700000.0003	-7.40692
700000.0003	-6.0649
700000.0003	-4.8222
700000.0003	-3.78679
700000.0003	-2.76985
700000.0003	-1.92795
700000.0003	-1.11364
700000.0003	-0.375765
700000.0003	0
700000.0003	0
700000.0003	0
700000.0003	0
700000.0003	0
700000.0003	0
700000.0003	0
700000.0003	0
700000.0003	0
700000.0003	0
700000.0003	0
700000.0003	0
700000.0003	0
700000.0003	0
700000.0003	0
700000.0003	0
700000.0003	0
700000.0003	0
700000.0003	0
700000.0003	0
700000.0003	0
700000.0003	0
700000.0003	0
700000.0003	0
700000.0003	0
700000.0003	0
700000.0003	0
700000.0003	0
700000.0003	0
700000.0003	0
700000.0003	0
700000.0003	0
700000.0003	0
700000.0003	0
700000.0003	0
700000.0003	0
700000.0003	0
700000.0003	0
700000.0003	0
700000.0003	0
700000.0003	0
700000.0003	0
700000.0003	0
700000.0003	0
700000.0003	0
700000.0003	0
700000.0003	0
700000.0003	0
700000.0003	0
700000.0003	0
700000.0003	0
700000.0003	0
700000.0003	0
700000.0003	0
700000.0003	0
700000.0003	0
700000.0003	0
700000.0003	0
700000.0003	0
700000.0003	0
700000.0003	0
700000.0003	0
700000.0003	0
700000.0003	0
700000.0003	0
700000.0003	0
700000.0003	0
700000.0003	0
700000.0003	0
700000.0003	0
700000.0003	0
700000.0003	0
700000.0003	0
700000.0003	0
700000.0003	0
700000.0003	0
700000.0003	0
700000.0003	0
700000.0003	0
700000.0003	0
700000.0003	0
700000.0003	0
700000.0003	0
700000.0003	0
700000.0003	0
700000.0003	0
700000.0003	0
700000.0003	0
700000.0003	0
700000.0003	0
700000.0003	0
700000.0003	0
700000.0003	0
700000.0003	0
700000.0003	0
700000.0003	0
700000.0003	0
700000.0003	0
700000.0003	0
700000.0003	0
700000.0003	0.284609
700000.0003	-0.0808876
700000.0003	2.16765
700000.0003	2.66941
700000.0003	1.0326
700000.0003	0.594694
700000.0003	-4.21984
700000.0003	-0.926504
700000.0003	-11.1612
700000.0003	10.4278
700000.0003	-8.05807
700000.0003	-12.959
700000.0003	0.709611
700000.0003	-8.83941
700000.0003	-7.66534
700000.0003	-4.50337
700000.0003	4.21174
700000.0003	-10.5648
700000.0003	-20.8111
700000.0003	0.705622
700000.0003	3.63627
700000.0003	-8.51642
700000.0003	-17.7101
700000.0003	7.20704
700000.0003	-13.932
700000.0003	0.536754
700000.0003	-1.9809
700000.0003	5.09587
700000.0003	-15.7917
700000.0003	3.3883
700000.0003	2.56874
700000.0003	-1.23548
700000.0003	7.16433
700000.0003	-14.2976
700000.0003	-2.30571
700000.0003	-1.60537
700000.0003	6.79635
700000.0003	2.65353
700000.0003	1.36262
700000.0003	1.1712
700000.0003	0
700000.0003	0
700000.0003	0
700000.0003	0
700000.0003	0
700000.0003	0
700000.0003	0
700000.0003	0
700000.0003	0
700000.0003	0
700000.0003	0
700000.0003	0
700000.0003	0
700000.0003	0
700000.0003	0
700000.0003	0
700000.0003	0
700000.0003	0
700000.0003	0
700000.0003	0
700000.0003	0
700000.0003	0
700000.0003	0
700000.0003	0
700000.0003	0
700000.0003	0
700000.0003	0
700000.0003	0
700000.0003	0
700000.0003	0
700000.0003	0
700000.0003	0
700000.0003	0
700000.0003	0
700000.0003	0
700000.0003	0
700000.0003	0
700000.0003	0
700000.0003	0
700000.0003	0
700000.0003	0
700000.0003	0
700000.0003	0
700000.0003	0
700000.0003	0
700000.0003	0
700000.0003	0
700000.0003	0
700000.0003	0
700000.0003	0
700000.0003	0
700000.0003	0
700000.0003	0
700000.0003	0
700000.0003	0
700000.0003	0
700000.0003	0
700000.0003	0
700000.0003	0
700000.0003	0
700000.0003	0
700000.0003	0
700000.0003	0
700000.0003	0
700000.0003	0
700000.0003	0
700000.0003	0
700000.0003	0
700000.0003	0
700000.0003	0
700000.0003	0
700000.0003	0
700000.0003	0
700000.0003	0
700000.0003	0
700000.0003	0
700000.0003	0
700000.0003	0
700000.0003	0
700000.0003	0
700000.0003	0
700000.0003	0
700000.0003	0
700000.0003	0
700000.0003	0
700000.0003	0
700000.0003	0
700000.0003	0
700000.0003	0
700000.0003	0
700000.0003	0
700000.0003	0
700000.0003	0
700000.0003	0
700000.0003	0
700000.0003	0
700000.0003	0
700000.0003	0
700000.0003	0
700000.0003	0
700000.0003	0.0532546
700000.0003	0.0169714
700000.0003	-0.244892
700000.0003	-0.105618
700000.0003	-0.583063
700000.0003	0.522429
700000.0003	0.05244
700000.0003	-0.805385
700000.0003	-1.02051
700000.0003	-0.782477
700000.0003	0.213934
700000.0003	0.986564
700000.0003	2.33317
700000.0003	-1.35513
700000.0003	1.22957
700000.0003	-0.799941
700000.0003	0.108772
700000.0003	-2.28502
700000.0003	1.78899
700000.0003	-0.381405
700000.0003	-3.11623
700000.0003	-0.628711
700000.0003	1.17223
700000.0003	-1.3827
700000.0003	0.860632
700000.0003	3.51981
700000.0003	0.690353
700000.0003	-1.59457
700000.0003	-0.597617
700000.0003	2.73457
700000.0003	0.535413
700000.0003	-0.767111
700000.0003	-1.27524
700000.0003	0.723552
700000.0003	-0.0485915
700000.0003	-5.6075
700000.0003	0.536648
700000.0003	5.56984
700000.0003	2.46846
700000.0003	5.90772
700000.0003	1.49571
700000.0003	0.479308
700000.0003	-4.54494
700000.0003	6.22439
700000.0003	7.97834
700000.0003	-0.575139
700000.0003	-0.305358
700000.0003	-1.48997
700000.0003	-2.44796
700000.0003	-1.53037
700000.0003	-1.22242
700000.0003	3.83986
700000.0003	-0.119886
700000.0003	-1.7329
700000.0003	-0.555335
700000.0003	1.93611
700000.0003	1.44736
700000.0003	4.19893
700000.0003	-2.15317
700000.0003	-3.5355
700000.0003	-2.81124
700000.0003	-4.30637
700000.0003	-1.00906
700000.0003	3.44055
700000.0003	-0.825366
700000.0003	2.9422
700000.0003	3.10449
700000.0003	-1.21405
700000.0003	3.90263
700000.0003	2.56473
700000.0003	-3.972
700000.0003	2.44971
700000.0003	4.82196
700000.0003	1.87109
700000.0003	-7.20412
700000.0003	0.225789
700000.0003	-0.655606
700000.0003	1.54358
700000.0003	3.33026
700000.0003	-4.19054
700000.0003	7.88384
700000.0003	1.68366
700000.0003	0.841636
700000.0003	2.07546
700000.0003	-2.10415
700000.0003	-5.02947
700000.0003	4.04587
700000.0003	5.2305
700000.0003	-3.70719
700000.0003	-6.97044
700000.0003	0.818393
700000.0003	-0.37864
700000.0003	2.86035
700000.0003	-6.35459
700000.0003	-1.18073
700000.0003	-6.66039
700000.0003	-2.16885
700000.0003	1.95713
700000.0003	2.95061
700000.0003	-2.40209
700000.0003	3.1007
700000.0003	-5.40284
700000.0003	0.624182
700000.0003	2.68699
700000.0003	-2.44276
700000.0003	-2.53335
700000.0003	1.44974
700000.0003	-0.388234
700000.0003	0.549947
700000.0003	0.912195
700000.0003	4.18027
700000.0003	-4.21571
700000.0003	0.355872
700000.0003	2.20865
700000.0003	0.670909
700000.0003	0.530647
700000.0003	1.33324
700000.0003	-1.19296
700000.0003	-0.115314
700000.0003	-2.2769
700000.0003	0.348368
700000.0003	-2.86484
700000.0003	-0.662982
700000.0003	0.535433
700000.0003	-2.09609
700000.0003	-0.353159
700000.0003	-0.508105
700000.0003	-0.167654
700000.0003	0.280311
700000.0003	-0.000252766
700000.0003	-1.57879
700000.0003	-0.113731
700000.0003	-0.601151
700000.0003	-0.333656
700000.0003	-0.358264
700000.0003	-0.109725
700000.0003	-0.0509671
700000.0003	0.317069
700000.0003	0.398091
700000.0003	-0.321383
700000.0003	0.0132712
700000.0003	0.414976
700000.0003	-0.237518
700000.0003	0.264153
700000.0003	0.0287068
700000.0003	0.247384
700000.0003	0.20847
700000.0003	0.208111
700000.0003	0.0927023
700000.0003	0.0631548
700000.0003	0.165586
700000.0003	0.185206
700000.0003	-0.0452231
700000.0003	-0.0442409
700000.0003	0.0150474
700000.0003	-0.0418285
700000.0003	0.0125177
700000.0003	-0.00763297
700000.0003	-0.0252216
700000.0003	-0.00115893
700000.0003	0
700000.0003	0
700000.0003	0
700000.0003	0
700000.0003	0
700000.0003	0
700000.0003	0
700000.0003	0
700000.0003	0
700000.0003	0
700000.0003	0
700000.0003	0
700000.0003	0
700000.0003	0
700000.0003	0
700000.0003	0
700000.0003	0
700000.0003	0
700000.0003	0
700000.0003	0
700000.0003	0
700000.0003	0
700000.0003	0
700000.0003	0
700000.0003	0
700000.0003	0
700000.0003	0
700000.0003	0
700000.0003	0
700000.0003	0
700000.0003	0
700000.0003	0
700000.0003	0
700000.0003	0
700000.0003	0
700000.0003	0
700000.0003	0
700000.0003	0
700000.0003	0
700000.0003	0
700000.0003	0
700000.0003	0
700000.0003	0
700000.0003	0
700000.0003	0
700000.0003	0
700000.0003	0
700000.0003	0
700000.0003	0
700000.0003	0
700000.0003	0
700000.0003	0
700000.0003	0
700000.0003	0
700000.0003	0
700000.0003	0
700000.0003	0
700000.0003	0
700000.0003	0
700000.0003	0
700000.0003	0
700000.0003	0
700000.0003	0
700000.0003	0
700000.0003	0
700000.0003	0
700000.0003	0
700000.0003	0
700000.0003	0
700000.0003	0
700000.0003	0
700000.0003	0
700000.0003	0
700000.0003	0
700000.0003	0
700000.0003	0
700000.0003	0
700000.0003	0
700000.0003	0
700000.0003	0
700000.0003	0
700000.0003	0
700000.0003	0
700000.0003	0
700000.0003	0
700000.0003	0
700000.0003	0
700000.0003	0
700000.0003	0
700000.0003	0
700000.0003	0
700000.0003	0
700000.0003	0
700000.0003	0
700000.0003	0
700000.0003	0
700000.0003	0
700000.0003	0
700000.0003	0
700000.0003	0
