700000.0003	2959.63	2959.36	2957.74	2961.81	2959.37	2958.01	2956.9	2958.47	2960.4	2957.4	2961.28	2959.41	2961.07	2960.63	2955.16
700000.0003	1533.47	1533.95	1532.51	1535.72	1530.71	1533.05	1534.31	1531.9	1532.09	1534.18	1534.61	1532.99	1534.22	1536.63	1530.14
700000.0003	193.637	194.229	194.105	194.745	193.425	193.998	195.312	193.644	193.658	193.1	193.333	193.79	193.61	193.945	192.707
700000.0003	32.099	32.2631	32.1433	32.0501	32.5109	32.5164	32.8974	32.233	32.5162	32.3558	32.2214	32.1741	31.9465	31.9333	32.2317
700000.0003	19.2786	19.5227	19.3536	19.025	19.1886	19.192	19.4023	19.6107	19.4463	19.0626	19.5445	19.1985	18.9706	19.1039	19.3257
700000.0003	16.6442	16.5338	16.3902	16.7594	16.6413	16.7317	16.2748	16.8637	16.5136	16.8618	16.5942	16.5802	16.7319	16.6206	16.3534
700000.0003	14.9993	15.3979	15.7551	15.1621	15.3183	15.4292	15.1525	15.4581	14.8732	15.4905	15.6707	15.4259	15.5516	15.3669	15.3952
700000.0003	14.6371	14.541	14.638	14.5303	14.3702	14.4021	14.7738	14.3798	14.5534	14.4738	14.6068	14.5145	14.7233	14.4845	14.4947
700000.0003	14.2124	14.4413	13.9964	14.0278	14.0571	13.6878	14.1286	13.8279	14.273	14.0732	13.7997	13.9164	13.9242	14.1571	14.1994
700000.0003	13.8642	13.7164	13.5956	13.6419	13.8766	13.6476	13.7379	13.5868	13.5233	13.496	13.5722	13.68	13.8215	13.6303	14.0773
700000.0003	13.4042	13.5785	13.4625	13.41	13.4294	13.5516	13.4827	13.3276	13.136	13.5877	13.5384	13.5582	13.4346	13.532	13.3518
700000.0003	13.6678	13.4226	12.9083	13.5119	13.6084	13.5713	13.3975	13.1986	13.3097	13.4184	13.681	13.4693	13.7013	13.6729	13.5676
700000.0003	13.2011	13.6011	13.213	13.4755	13.3679	13.042	13.2923	13.3284	13.3937	13.4362	13.2556	13.5644	13.619	12.9476	13.2435
700000.0003	13.0697	13.271	13.3795	13.4593	13.3319	13.0451	13.4369	13.0291	13.3397	13.3273	12.9926	13.4161	13.3729	12.957	13.4039
700000.0003	13.2119	13.3435	13.6196	13.7926	13.2655	12.8871	13.5458	13.3582	13.6138	13.4497	13.4041	13.2919	13.3079	13.3956	13.4289
700000.0003	14.2695	14.3144	13.9852	14.1239	13.7894	14.0397	13.7871	13.997	13.9833	13.9042	13.9762	13.8807	14.1779	14.0423	13.8987
700000.0003	15.3191	15.1723	15.463	15.0971	14.7791	15.1022	15.1768	14.9616	15.1865	15.1913	15.1714	15.1451	15.087	15.4974	15.1294
700000.0003	17.2147	16.6925	17.0096	16.7474	17.0504	16.9728	17.1171	16.4574	16.7308	16.9082	16.9232	16.8622	16.6725	17.3585	17.0952
700000.0003	20.1974	20.054	19.6555	19.5876	19.4603	19.5747	20.0097	19.4501	19.9151	19.9613	19.8827	19.8169	19.6526	19.7051	19.9223
700000.0003	24.1525	24.2789	23.9616	24.36	23.5678	23.9271	23.9623	23.9785	24.3746	24.0174	24.2592	23.9233	23.5449	23.4823	23.9767
700000.0003	30.5219	30.9211	30.6323	30.577	30.7523	30.5794	30.7081	30.808	30.5087	30.9679	30.9604	30.9193	31.0317	29.8982	30.6542
700000.0003	42.1224	41.8613	42.1201	41.7993	42.4531	42.3693	42.6601	42.0538	42.1167	42.6564	42.2315	42.3102	42.0205	41.7883	42.0849
700000.0003	67.9781	67.7963	67.4395	67.1577	67.5848	67.6038	67.4479	66.8667	67.4257	67.4288	67.4536	67.8606	66.6838	67.067	67.0329
700000.0003	156.041	155.12	155.743	154.736	154.834	155.478	155.328	155.527	155.804	155.939	156.283	156.406	155.698	156.172	156.528
700000.0003	517.23	515.524	517.205	515.729	515.412	514.908	517.13	515.773	515.271	515.724	516.635	516.48	516.06	516.415	517.21
700000.0003	1363.68	1362.77	1362.27	1361.01	1362.15	1362.61	1361.15	1361.46	1358.94	1357.23	1361.08	1362.25	1363.26	1363.59	1362.26
700000.0003	2202.91	2202.46	2201.03	2200.21	2203.22	2203.28	2201.57	2198.99	2196.94	2196.7	2200.31	2202.64	2204.12	2201.46	2201.79
700000.0003	2642.15	2642.85	2642.2	2642.57	2643.55	2642.66	2640.6	2638.38	2639.1	2639.95	2640.95	2641.12	2645.38	2642.18	2641
700000.0003	2789.04	2788.2	2788.68	2791.14	2790.93	2788.67	2788.06	2784.47	2785.56	2787.82	2788.13	2787.27	2788.75	2789.22	2787.91
700000.0003	2834.77	2837.18	2836.69	2837.09	2835.62	2837.38	2838.58	2834.32	2829.93	2833.35	2834.8	2835.32	2836.19	2833.79	2834.7
700000.0003	2864.62	2863.81	2866.66	2868.68	2866.49	2862.55	2863.71	2864.43	2862.9	2863.27	2865.4	2864.91	2862.65	2865.35	2867.25
700000.0003	2894.17	2888.39	2893.21	2893.08	2896.51	2892.52	2892.1	2891.13	2892.02	2890.37	2893.64	2893.53	2889.84	2891.71	2894.96
700000.0003	2918.32	2921.77	2920.71	2921.18	2918.6	2920.14	2918.39	2919.51	2918.68	2920.84	2918.86	2917.27	2919.63	2920.43	2919.54
700000.0003	2947.63	2948.3	2945.51	2943.8	2945.77	2950.85	2946.57	2944.62	2945.65	2948.36	2945.37	2943.8	2947.75	2948.05	2945.35
700000.0003	2971.19	2975.06	2973.86	2972.36	2973.69	2975.27	2971.62	2972.11	2972.62	2977.25	2972.37	2971.8	2972.65	2976.85	2972.04
700000.0003	3000.45	3001.59	3001.25	2998.19	2997.11	3000.76	3002.07	2998.03	2999.91	3000.17	3001.07	2999.15	2998.77	3002.19	2998.87
700000.0003	3026.79	3024.16	3027.29	3025.09	3027.09	3027.23	3028.27	3024.94	3024.53	3028.01	3027.33	3027.48	3027.24	3028.65	3026.12
700000.0003	3053.82	3054.14	3052.11	3050.64	3053.63	3053.77	3050.55	3052.55	3054.08	3053.51	3053.77	3053.55	3054.44	3052.03	3052.66
700000.0003	3077.79	3079.47	3076.38	3074.61	3081.8	3081.41	3075.46	3076.68	3080.83	3078.1	3077.64	3077.78	3083.13	3078.91	3075.46
700000.0003	3095.74	3098.79	3095.18	3095.18	3098	3098.37	3097.19	3094.69	3096.16	3096.74	3097.09	3100.06	3100.66	3097.02	3094.36
700000.0003	0.149577	-1.47372	-0.44872	-0.0713347	-0.864618	-0.57438	0.062585	-0.28945	0.7021	1.16075	-0.601857	-0.549818	1.08568	-0.572766	-1.25662
700000.0003	-0.758794	-0.540681	0.934948	0.516286	0.0549445	0.843253	-0.168966	0.161565	1.14986	-0.275943	0.570687	0.119182	-0.410852	-0.20264	-0.0530041
700000.0003	-0.300491	0.343624	-0.242455	0.124352	0.00805698	0.0576617	0.79578	0.242768	0.229274	-0.126726	-0.0454554	-0.00461249	-0.11227	0.341197	-0.190951
700000.0003	-0.0312727	-0.0411638	-0.154622	-0.111966	-0.0559851	-0.199578	-0.0775626	-0.106255	0.068525	0.0799089	0.0553941	0.114561	-0.0405728	0.17887	0.203993
700000.0003	-0.0715646	-0.0963651	-0.0239554	-0.23691	0.0215181	-0.1099	0.122116	-0.191861	0.0761912	0.0812502	0.260552	0.206071	-0.269166	-0.0687036	0.132993
700000.0003	-0.0541631	0.160073	0.0750709	-0.00827965	-0.0061897	0.110213	0.032454	0.00674824	-0.0346839	0.0637225	0.196307	-0.104108	-0.074422	-0.0716583	0.00946128
700000.0003	-0.0350982	-0.15686	0.00169563	0.00510495	0.205462	0.110771	0.115067	-0.122024	0.0102686	0.0777327	-0.0787389	-0.171264	0.0419946	0.0297467	-0.0564051
700000.0003	0.0184619	0.0061466	-0.0933091	0.138554	-0.0386589	-0.0749619	0.0983816	0.0834135	-0.188812	-0.0158491	0.0398888	-0.118374	-0.164511	0.0358614	0.0969116
700000.0003	0.0646302	-0.0255079	0.259879	-0.0264006	-0.115763	-0.0856166	0.0826035	-0.0265485	0.0399726	0.0295618	0.107066	0.067658	0.0609747	0.118992	-0.11288
700000.0003	0.0807981	-0.130598	-0.0479193	0.16488	-0.00220742	-0.162585	-0.0208495	0.00842944	-0.15397	0.0161708	-0.141022	-0.104817	-0.142492	-0.196692	0.0962945
700000.0003	0.036969	-0.0632033	0.183167	0.0484937	-0.145885	0.0750482	0.0707766	0.0834943	0.0471229	0.243015	0.0346097	0.113878	0.0168577	-0.00427435	0.138398
700000.0003	-0.0356269	0.0887178	-0.111003	0.0594677	-0.195197	-0.0722515	0.195455	0.112874	-0.0981357	0.0270251	0.142791	-0.133434	0.205242	-0.0220675	0.277132
700000.0003	0.11675	0.15558	0.142077	-0.0376944	-0.105875	0.0149449	0.182922	-0.128708	0.0965582	-0.0547091	-0.0037555	0.0708595	0.00446275	0.10251	0.0746056
700000.0003	-0.124707	-0.0348799	-0.168182	0.0250736	-0.0961383	0.0549105	-0.0191073	-0.0184594	0.079612	0.0635681	0.0256227	-0.062781	-0.117374	-0.00535558	0.130182
700000.0003	0.0904694	-0.00753532	0.00460668	0.0879094	0.202004	0.0382632	-0.083197	-0.110285	-0.122778	-0.00183642	0.0108976	0.0403232	-0.044156	-0.133145	0.05309
700000.0003	-0.02956	0.0584352	0.129259	-0.0528045	0.0288467	0.17738	-0.0518048	0.153975	0.0353322	0.0594056	0.110395	0.198293	-0.0854881	0.033217	-0.132662
700000.0003	-0.0169061	0.0613626	-0.0893921	0.0149036	-0.0256744	0.0686999	0.16536	0.0366396	-0.0148116	0.221616	-0.0534012	0.191984	-0.0936692	0.0943988	0.213481
700000.0003	0.140412	-0.126952	-0.0704214	-0.184987	0.109173	-0.209167	0.0279454	0.0185221	0.153791	-0.00161033	-0.181182	0.122802	0.0232957	-0.203668	-0.0811091
700000.0003	0.107679	0.0896148	-0.0661714	0.0546604	-0.212852	-0.0041534	0.0037897	-0.0604032	0.128582	0.0681406	0.0289375	0.139472	0.0786221	-0.0203502	-0.0198968
700000.0003	-0.0524814	-0.0882229	-0.0440325	0.00655646	-0.0862016	0.123213	-0.00736093	-0.0444247	-0.209131	0.206676	-0.0567678	0.176754	-0.174309	0.145806	0.0680806
700000.0003	-0.102221	-0.113699	0.353013	-0.0933261	-0.100473	0.174031	-0.116983	0.0944303	0.00458411	-0.127227	-0.12618	-0.165235	-0.102036	-0.121712	0.128287
700000.0003	0.00193923	-0.0634051	0.016499	0.200193	-0.187776	-0.147209	-0.0650408	-0.160552	-0.143971	-0.340513	-0.284078	0.0499044	0.0877164	0.346627	-0.304357
700000.0003	-0.0647781	0.143542	0.285155	0.094136	-0.164754	0.123515	-0.0176995	-0.0481548	-0.0568073	0.145199	-0.279007	0.103707	0.236165	0.0193705	0.0636725
700000.0003	-0.111057	-0.0453572	0.130643	0.0209934	-0.0945374	-0.147113	0.615395	-0.555642	-0.129009	-0.21694	0.26795	-0.061059	-0.39182	0.196856	0.24229
700000.0003	-0.326325	-0.171795	-0.399706	0.291021	0.627805	-0.575766	-0.502568	-0.242844	-0.141417	0.00985852	-0.315645	-0.298408	-0.12609	-0.70023	-0.175712
700000.0003	-0.306073	-1.42292	-0.281663	-0.726825	-0.12796	-0.247928	0.618942	-0.7388	-0.515636	-0.260793	0.218686	0.568841	0.134676	-0.245922	0.30523
700000.0003	-0.37254	1.26099	0.422754	-0.294223	0.17157	-0.270702	0.122782	-0.069127	0.628023	-0.537568	-0.194355	-0.101601	-0.371831	0.145063	0.363415
700000.0003	0.788743	0.315736	0.866054	-0.0946831	-0.264452	-0.416378	-0.535922	-0.4298	1.28728	0.0986687	-1.09543	-1.22584	-0.829473	0.872775	-1.81945
700000.0003	-1.06664	-0.303425	0.012383	0.356246	0.325632	1.60221	1.53176	0.202183	-0.781735	0.249713	-0.785867	-0.889415	0.722654	-0.647495	-0.297872
700000.0003	-0.766312	-0.622011	0.311966	-0.206372	0.491574	-0.315506	2.30377	2.30032	0.653869	-0.619066	-0.638134	-1.48317	-1.20449	0.567049	0.0581469
700000.0003	-0.806945	-0.57306	-0.0821129	0.335908	-0.228248	0.64731	0.885627	2.41337	0.458698	-0.22722	-0.965399	-0.738893	-0.0359321	-1.02284	-0.215476
700000.0003	-0.280699	0.0442285	-0.413931	-0.803366	0.261832	1.00541	0.587355	0.872663	0.438663	-0.202605	-1.21806	0.308215	0.361357	-0.991965	-1.30115
700000.0003	-1.13498	-1.1768	-0.664928	0.572804	0.821074	0.709343	0.0526528	0.424858	-0.310884	-0.0270655	0.556823	0.385006	-0.50436	-1.12635	-1.18405
700000.0003	-1.09299	-1.27935	-0.236821	0.267416	0.1743	0.614741	0.386339	-0.469145	0.259306	0.681309	0.0533499	-0.495653	-1.27612	-0.390754	-0.149309
700000.0003	-1.20512	-0.391986	-0.356368	-0.167403	0.156806	0.228988	0.55387	-0.305321	0.0389397	0.73016	0.323401	0.219089	-0.956132	-0.930218	-1.00962
700000.0003	-0.387579	0.0731745	-0.0215608	-0.725705	-0.790074	-0.0323927	-0.959764	-0.273027	0.136561	0.437109	0.520767	0.585552	-0.995272	-0.843944	-1.27373
700000.0003	-0.0409281	-0.370023	-0.779116	-0.306996	-0.20657	-0.971895	-1.31575	0.272175	-0.0187222	-1.26517	0.630534	-0.0760507	-0.0445363	-0.0538308	0.322243
700000.0003	-0.465165	-0.921233	-0.698158	0.331301	-0.879902	-2.23761	-0.165945	-0.0700434	-0.497602	-0.388413	0.484116	-0.147354	-0.599283	-0.0556375	0.0144566
700000.0003	-0.483491	-0.128984	-0.573056	-1.91089	-1.25087	0.406982	-0.76756	-0.965552	-0.127414	0.301824	-0.0297876	-0.348071	0.69561	-0.376946	-0.219533
700000.0003	0.283839	-0.949693	-0.356668	-0.926945	-1.20719	-0.274374	0.0810747	0.455674	-0.352534	0.0175883	-0.186548	0.450106	-0.360261	-0.846891	-0.118581
700000.0003	2912.18	2915.33	2913.13	2912.8	2912.99	2913.11	2908.97	2912.32	2912.85	2912.55	2910.49	2910.4	2913.05	2914.18	2911.61
700000.0003	1604.71	1605.18	1603.26	1606.49	1604.01	1601.89	1605.39	1602.99	1602.32	1605.78	1605.66	1606.27	1606.24	1607.42	1604.98
700000.0003	173.575	173.145	174.27	174	173.212	174.638	174.444	173.692	174.108	173.429	172.738	173.144	173.756	174.205	172.727
700000.0003	27.9995	28.1246	28.3413	28.241	28.5873	28.2358	28.2201	28.5414	28.4091	28.6655	28.1664	27.9602	27.5861	28.3087	28.0144
700000.0003	18.2848	18.1962	18.7393	18.0268	18.1155	18.3072	18.1909	18.2675	18.1339	18.2829	18.6673	18.388	18.0737	18.006	18.1397
700000.0003	16.385	16.0623	15.937	16.1527	16.1718	16.1678	16.0176	16.2244	15.9768	16.1377	16.0182	15.9828	16.2412	16.0838	16.1747
700000.0003	14.8904	15.274	15.4569	15.236	15.1795	15.1907	15.3405	15.3992	14.7958	15.3339	15.064	15.4281	15.2039	15.1823	14.8826
700000.0003	14.3785	14.5216	14.1435	13.9706	14.0687	14.2786	14.3398	14.1173	14.052	14.3454	14.3387	14.2658	14.0723	14.4135	14.2036
700000.0003	13.8475	14.2056	14.3131	13.6185	13.9789	13.596	13.7648	13.4558	13.9566	13.7418	13.8304	13.7331	13.6541	14.0127	13.8726
700000.0003	13.6046	13.6266	13.744	13.5416	13.5311	13.2218	13.8058	13.5086	13.3848	13.6001	13.7375	13.9799	13.685	13.7218	13.8428
700000.0003	13.4383	13.5109	13.2787	13.4784	13.367	13.523	13.4741	13.6141	13.5554	13.8825	13.3116	13.5323	13.5857	13.5028	13.1889
700000.0003	13.3512	13.4116	13.1952	13.3902	13.1153	13.2742	13.242	13.2069	13.2458	13.4066	13.4305	13.2614	13.3663	13.6699	13.5054
700000.0003	13.2424	13.576	13.0709	13.0951	13.442	13.2299	13.4102	13.7054	13.0675	13.1207	13.048	13.1427	13.505	13.2094	13.2929
700000.0003	13.2743	13.3439	13.4494	13.7559	13.0834	12.9184	13.3151	13.1187	13.2613	13.3831	12.9362	13.0671	13.2596	13.431	13.3291
700000.0003	13.5652	13.6189	13.8507	13.1955	13.1768	13.0269	13.491	13.281	13.6632	13.6247	13.126	13.635	13.2858	13.5772	13.3654
700000.0003	14.192	14.0215	13.9185	14.1025	14.0442	14.2651	13.9212	13.7572	14.0574	13.9183	13.941	13.732	14.307	13.9465	14.1098
700000.0003	15.1104	15.2391	15.26	15.021	14.6541	14.7596	15.365	14.9998	15.2058	15.2337	14.9044	15.2127	14.9398	15.3683	15.0618
700000.0003	16.9411	16.8509	16.9748	17.2356	16.6383	16.9949	16.7031	16.9314	16.9855	16.9263	16.9315	16.6989	16.4751	17.246	17.0778
700000.0003	20.012	19.8786	19.8216	19.5067	19.4457	19.5768	19.3802	19.0783	19.7218	20.1065	19.5209	19.7065	19.4854	19.5927	19.7226
700000.0003	24.0084	24.5292	23.9553	23.9828	23.6576	23.7606	24.0146	23.8872	24.0757	23.7075	24.0045	23.9328	23.4999	23.4746	23.6293
700000.0003	30.2728	31.0133	30.3627	30.2614	30.2385	30.3713	30.3794	30.7941	30.5503	30.7718	30.7584	31.2824	30.6481	30.2333	30.4828
700000.0003	41.4522	42.1519	41.9731	41.7873	41.9762	42.3711	42.3061	41.7996	41.8853	42.4691	42.0177	41.992	41.9679	41.6496	41.6866
700000.0003	67.4967	67.0973	66.7058	66.2765	66.1914	66.3843	66.2571	66.0152	66.7705	66.946	66.3597	66.8428	66.4047	66.3651	66.6088
700000.0003	153.893	152.385	152.532	151.999	152.53	152.898	153.254	153.255	153.027	153.162	153.517	153.249	152.594	153.572	153.538
700000.0003	520.574	520.203	520.613	519.877	519.771	518.847	520.066	519.86	520.017	519.599	521.067	520.395	519.909	520.692	521.447
700000.0003	1364.97	1364.44	1364.2	1364.72	1364.29	1364.9	1362.14	1363.13	1361.41	1360.82	1360.96	1366.13	1364.36	1365.44	1363.12
700000.0003	2155.81	2154.48	2154.14	2153.14	2157.27	2154.6	2154.19	2153.35	2150.34	2149.49	2152.4	2152.85	2155.27	2153.62	2156.34
700000.0003	2583.88	2587.36	2585.98	2588.33	2586.47	2586.26	2585.32	2583.53	2583.91	2585.41	2585.62	2587.3	2587.06	2586.18	2586.91
700000.0003	2777.85	2778.17	2780.87	2782.49	2781.61	2781.19	2779.39	2778.07	2774.98	2775.7	2777.42	2777.52	2779.06	2779.5	2779.48
700000.0003	2869.35	2867.54	2866.29	2867.14	2868.33	2868.97	2868.57	2866.86	2866.12	2865.89	2865.43	2865.43	2865.58	2865.76	2865.05
700000.0003	2908.41	2906.08	2907.66	2905.42	2905.38	2905.45	2906.12	2906.9	2907.36	2909.09	2906.65	2907.22	2906.53	2906.94	2905.69
700000.0003	2930.09	2928.93	2933.37	2933.89	2931.08	2931.43	2931.72	2931.05	2934.03	2933.68	2933.89	2932.43	2932.55	2932.47	2933.26
700000.0003	2952.42	2954.31	2954.81	2954.83	2953.76	2953.77	2954.85	2955.89	2954.05	2953.53	2954.59	2953.67	2952.85	2952.29	2954.52
700000.0003	2974.35	2973.89	2971.7	2973.15	2974.45	2974.07	2975.35	2974.53	2974.43	2972.39	2973.75	2972.94	2974.72	2971.27	2976.34
700000.0003	2990.67	2991.98	2989.85	2989.77	2991.94	2989.81	2988.47	2990.45	2991.6	2993.05	2990.46	2991.93	2990.22	2991.7	2990.8
700000.0003	3005.47	3007.85	3008.3	3007.47	3005.63	3007.48	3007.38	3004.78	3007.8	3008.03	3006.8	3008.98	3007.62	3011.66	3005.77
700000.0003	3026.3	3025.07	3025.66	3024.66	3024.88	3026.03	3024.92	3024.94	3024.25	3025.55	3024.69	3025.74	3026.11	3026.29	3024.87
700000.0003	3047.6	3044.53	3045.1	3045.4	3044.82	3043.44	3044.93	3047.61	3043.35	3043.61	3046.5	3045.52	3044.14	3043.21	3046.14
700000.0003	3070.69	3069.55	3072.04	3069.57	3070.58	3070.94	3069.24	3070.22	3070.65	3069.76	3071.13	3068.35	3070.48	3070.14	3069.83
700000.0003	3082.54	3085.54	3085.38	3082.58	3083.65	3085.37	3085.4	3082.96	3084.85	3083.17	3083.53	3085.44	3084.35	3082.47	3084.18
