700000.0003	28.7611
700000.0003	101.399
700000.0003	203.58
700000.0003	341.942
700000.0003	533.98
700000.0003	784.592
700000.0003	1075.53
700000.0003	1430.28
700000.0003	1830.44
700000.0003	2276.26
700000.0003	2772.62
700000.0003	3329.14
700000.0003	3887.23
700000.0003	4440.59
700000.0003	4983.02
700000.0003	5553.3
700000.0003	6004.08
700000.0003	6397.66
700000.0003	6647.92
700000.0003	6884.02
700000.0003	7033.47
700000.0003	7113.45
700000.0003	7099.39
700000.0003	7050.01
700000.0003	6941.7
700000.0003	6793.28
700000.0003	6586.36
700000.0003	6334.05
700000.0003	6063.5
700000.0003	5739.22
700000.0003	5383.24
700000.0003	4965.82
700000.0003	4517.27
700000.0003	4043.2
700000.0003	3506.27
700000.0003	2976.4
700000.0003	2351.12
700000.0003	1735
700000.0003	1072.25
700000.0003	368.053
700000.0003	0
700000.0003	0
700000.0003	0
700000.0003	0
700000.0003	0
700000.0003	0
700000.0003	0
700000.0003	0
700000.0003	0
700000.0003	0
700000.0003	0
700000.0003	0
700000.0003	0
700000.0003	0
700000.0003	0
700000.0003	0
700000.0003	0
700000.0003	0
700000.0003	0
700000.0003	0
700000.0003	0
700000.0003	0
700000.0003	0
700000.0003	0
700000.0003	0
700000.0003	0
700000.0003	0
700000.0003	0
700000.0003	0
700000.0003	0
700000.0003	0
700000.0003	0
700000.0003	0
700000.0003	0
700000.0003	0
700000.0003	0
700000.0003	0
700000.0003	0
700000.0003	0
700000.0003	0
700000.0003	0
700000.0003	0
700000.0003	0
700000.0003	0
700000.0003	0
700000.0003	0
700000.0003	0
700000.0003	0
700000.0003	0
700000.0003	0
700000.0003	0
700000.0003	0
700000.0003	0
700000.0003	0
700000.0003	0
700000.0003	0
700000.0003	0
700000.0003	0
700000.0003	0
700000.0003	0
700000.0003	0
700000.0003	0
700000.0003	0
700000.0003	0
700000.0003	0
700000.0003	0
700000.0003	0
700000.0003	0
700000.0003	0
700000.0003	0
700000.0003	0
700000.0003	0
700000.0003	0
700000.0003	0
700000.0003	0
700000.0003	0
700000.0003	0
700000.0003	0
700000.0003	0
700000.0003	0
700000.0003	0
700000.0003	0
700000.0003	0
700000.0003	0
700000.0003	0
700000.0003	0
700000.0003	0
700000.0003	0
700000.0003	0
700000.0003	0
700000.0003	0
700000.0003	0
700000.0003	0
700000.0003	0
700000.0003	0
700000.0003	0
700000.0003	0
700000.0003	0
700000.0003	0
700000.0003	0
700000.0003	-23.4733
700000.0003	-70.5262
700000.0003	-116.931
700000.0003	-162.358
700000.0003	-207.264
700000.0003	-251.825
700000.0003	-296.278
700000.0003	-340.338
700000.0003	-385.555
700000.0003	-425.272
700000.0003	-464.366
700000.0003	-510.109
700000.0003	-548.833
700000.0003	-591.35
700000.0003	-627.596
700000.0003	-669.869
700000.0003	-707.327
700000.0003	-745.351
700000.0003	-780.351
700000.0003	-813.289
700000.0003	-858.278
700000.0003	-888.025
700000.0003	-921.543
700000.0003	-958.609
700000.0003	-989.98
700000.0003	-1024.05
700000.0003	-1064.1
700000.0003	-1088.34
700000.0003	-1117.44
700000.0003	-1146.64
700000.0003	-1178.41
700000.0003	-1210.62
700000.0003	-1231.29
700000.0003	-1268.57
700000.0003	-1294.79
700000.0003	-1323.92
700000.0003	-1347.22
700000.0003	-1370.51
700000.0003	-1404.57
700000.0003	-1424.54
700000.0003	-1460.31
700000.0003	-1470.58
700000.0003	-1490.02
700000.0003	-1524.4
700000.0003	-1536.05
700000.0003	-1559.37
700000.0003	-1573.42
700000.0003	-1599.97
700000.0003	-1619.31
700000.0003	-1640.05
700000.0003	-1642.12
700000.0003	-1675.38
700000.0003	-1702.96
700000.0003	-1710.52
700000.0003	-1734.04
700000.0003	-1737.8
700000.0003	-1750.44
700000.0003	-1769.76
700000.0003	-1784.7
700000.0003	-1796.2
700000.0003	-1797.98
700000.0003	-1817.13
700000.0003	-1832.73
700000.0003	-1848.83
700000.0003	-1845.72
700000.0003	-1856.29
700000.0003	-1867.04
700000.0003	-1876.89
700000.0003	-1877.25
700000.0003	-1893.11
700000.0003	-1891.14
700000.0003	-1911.58
700000.0003	-1918.1
700000.0003	-1900.49
700000.0003	-1911.64
700000.0003	-1911.44
700000.0003	-1925.28
700000.0003	-1922.62
700000.0003	-1927.09
700000.0003	-1928.38
700000.0003	-1924.39
700000.0003	-1926.59
700000.0003	-1926.73
700000.0003	-1933.41
700000.0003	-1914.36
700000.0003	-1913.83
700000.0003	-1916.06
700000.0003	-1901.65
700000.0003	-1904.12
700000.0003	-1899.56
700000.0003	-1885.76
700000.0003	-1881.55
700000.0003	-1865.2
700000.0003	-1868.53
700000.0003	-1848.05
700000.0003	-1836.47
700000.0003	-1823.52
700000.0003	-1809.49
700000.0003	-1775.04
700000.0003	-1762.52
700000.0003	-1734.77
700000.0003	-1719.08
700000.0003	-1684.38
700000.0003	-1657.77
700000.0003	-1621.79
700000.0003	-1584.16
700000.0003	-1543.7
700000.0003	-1501.62
700000.0003	-1446.09
700000.0003	-1404.06
700000.0003	-1341.74
700000.0003	-1284.45
700000.0003	-1226.5
700000.0003	-1158.95
700000.0003	-1103.01
700000.0003	-1037.97
700000.0003	-971.453
700000.0003	-909.678
700000.0003	-847.734
700000.0003	-789.145
700000.0003	-729.334
700000.0003	-672.039
700000.0003	-614.316
700000.0003	-560.925
700000.0003	-511.87
700000.0003	-464.63
700000.0003	-419.368
700000.0003	-376.142
700000.0003	-336.97
700000.0003	-299.842
700000.0003	-265.141
700000.0003	-232.496
700000.0003	-205.683
700000.0003	-177.761
700000.0003	-155.682
700000.0003	-134.582
700000.0003	-115.839
700000.0003	-99.5547
700000.0003	-84.6822
700000.0003	-72.5604
700000.0003	-61.6817
700000.0003	-52.2002
700000.0003	-44.3418
700000.0003	-37.3269
700000.0003	-31.5636
700000.0003	-26.2358
700000.0003	-22.508
700000.0003	-18.7118
700000.0003	-16.09
700000.0003	-13.1588
700000.0003	-10.848
700000.0003	-9.14374
700000.0003	-7.53404
700000.0003	-6.02729
700000.0003	-4.93643
700000.0003	-3.74075
700000.0003	-2.74525
700000.0003	-1.91258
700000.0003	-1.11491
700000.0003	-0.37046
700000.0003	0
700000.0003	0
700000.0003	0
700000.0003	0
700000.0003	0
700000.0003	0
700000.0003	0
700000.0003	0
700000.0003	0
700000.0003	0
700000.0003	0
700000.0003	0
700000.0003	0
700000.0003	0
700000.0003	0
700000.0003	0
700000.0003	0
700000.0003	0
700000.0003	0
700000.0003	0
700000.0003	0
700000.0003	0
700000.0003	0
700000.0003	0
700000.0003	0
700000.0003	0
700000.0003	0
700000.0003	0
700000.0003	0
700000.0003	0
700000.0003	0
700000.0003	0
700000.0003	0
700000.0003	0
700000.0003	0
700000.0003	0
700000.0003	0
700000.0003	0
700000.0003	0
700000.0003	0
700000.0003	0
700000.0003	0
700000.0003	0
700000.0003	0
700000.0003	0
700000.0003	0
700000.0003	0
700000.0003	0
700000.0003	0
700000.0003	0
700000.0003	0
700000.0003	0
700000.0003	0
700000.0003	0
700000.0003	0
700000.0003	0
700000.0003	0
700000.0003	0
700000.0003	0
700000.0003	0
700000.0003	0
700000.0003	0
700000.0003	0
700000.0003	0
700000.0003	0
700000.0003	0
700000.0003	0
700000.0003	0
700000.0003	0
700000.0003	0
700000.0003	0
700000.0003	0
700000.0003	0
700000.0003	0
700000.0003	0
700000.0003	0
700000.0003	0
700000.0003	0
700000.0003	0
700000.0003	0
700000.0003	0
700000.0003	0
700000.0003	0
700000.0003	0
700000.0003	0
700000.0003	0
700000.0003	0
700000.0003	0
700000.0003	0
700000.0003	0
700000.0003	0
700000.0003	0
700000.0003	0
700000.0003	0
700000.0003	0
700000.0003	0
700000.0003	0
700000.0003	0
700000.0003	0
700000.0003	0
700000.0003	0.321781
700000.0003	-0.654449
700000.0003	1.26682
700000.0003	-1.98095
700000.0003	-1.71702
700000.0003	-0.521005
700000.0003	-4.72808
700000.0003	2.18248
700000.0003	-0.691422
700000.0003	8.48525
700000.0003	8.40581
700000.0003	1.95243
700000.0003	10.4452
700000.0003	-0.710864
700000.0003	-1.00823
700000.0003	1.4445
700000.0003	7.94236
700000.0003	9.15885
700000.0003	-12.7611
700000.0003	-16.4333
700000.0003	24.3896
700000.0003	-10.9142
700000.0003	31.1807
700000.0003	8.12502
700000.0003	-34.7848
700000.0003	-16.6187
700000.0003	11.0671
700000.0003	2.43087
700000.0003	-11.7969
700000.0003	11.047
700000.0003	-9.10356
700000.0003	-27.6635
700000.0003	-13.66
700000.0003	-8.00389
700000.0003	1.72513
700000.0003	-14.6273
700000.0003	2.7366
700000.0003	-6.34674
700000.0003	0.388716
700000.0003	-0.600692
700000.0003	0
700000.0003	0
700000.0003	0
700000.0003	0
700000.0003	0
700000.0003	0
700000.0003	0
700000.0003	0
700000.0003	0
700000.0003	0
700000.0003	0
700000.0003	0
700000.0003	0
700000.0003	0
700000.0003	0
700000.0003	0
700000.0003	0
700000.0003	0
700000.0003	0
700000.0003	0
700000.0003	0
700000.0003	0
700000.0003	0
700000.0003	0
700000.0003	0
700000.0003	0
700000.0003	0
700000.0003	0
700000.0003	0
700000.0003	0
700000.0003	0
700000.0003	0
700000.0003	0
700000.0003	0
700000.0003	0
700000.0003	0
700000.0003	0
700000.0003	0
700000.0003	0
700000.0003	0
700000.0003	0
700000.0003	0
700000.0003	0
700000.0003	0
700000.0003	0
700000.0003	0
700000.0003	0
700000.0003	0
700000.0003	0
700000.0003	0
700000.0003	0
700000.0003	0
700000.0003	0
700000.0003	0
700000.0003	0
700000.0003	0
700000.0003	0
700000.0003	0
700000.0003	0
700000.0003	0
700000.0003	0
700000.0003	0
700000.0003	0
700000.0003	0
700000.0003	0
700000.0003	0
700000.0003	0
700000.0003	0
700000.0003	0
700000.0003	0
700000.0003	0
700000.0003	0
700000.0003	0
700000.0003	0
700000.0003	0
700000.0003	0
700000.0003	0
700000.0003	0
700000.0003	0
700000.0003	0
700000.0003	0
700000.0003	0
700000.0003	0
700000.0003	0
700000.0003	0
700000.0003	0
700000.0003	0
700000.0003	0
700000.0003	0
700000.0003	0
700000.0003	0
700000.0003	0
700000.0003	0
700000.0003	0
700000.0003	0
700000.0003	0
700000.0003	0
700000.0003	0
700000.0003	0
700000.0003	0
700000.0003	0.115361
700000.0003	0.0560792
700000.0003	-0.0198986
700000.0003	0.696887
700000.0003	-0.15886
700000.0003	0.870787
700000.0003	-0.87647
700000.0003	0.459216
700000.0003	1.22178
700000.0003	-0.334729
700000.0003	-0.546946
700000.0003	1.68441
700000.0003	0.0196419
700000.0003	0.535266
700000.0003	-1.51169
700000.0003	1.10275
700000.0003	-1.5539
700000.0003	-0.859231
700000.0003	-2.73567
700000.0003	-1.61321
700000.0003	0.445876
700000.0003	-2.3597
700000.0003	-2.64246
700000.0003	-0.0535097
700000.0003	-1.51544
700000.0003	-3.26987
700000.0003	1.51687
700000.0003	5.96211
700000.0003	7.84153
700000.0003	2.14073
700000.0003	-3.28216
700000.0003	-1.65122
700000.0003	0.850354
700000.0003	-0.73566
700000.0003	3.56419
700000.0003	2.43045
700000.0003	0.223452
700000.0003	-3.80039
700000.0003	-6.88154
700000.0003	-1.8087
700000.0003	4.0322
700000.0003	3.23695
700000.0003	3.72534
700000.0003	5.91869
700000.0003	-1.34619
700000.0003	-3.17586
700000.0003	-3.01732
700000.0003	0.703776
700000.0003	-2.85025
700000.0003	-0.858544
700000.0003	0.121635
700000.0003	-5.23407
700000.0003	2.27392
700000.0003	4.6142
700000.0003	2.08588
700000.0003	-6.03857
700000.0003	1.90327
700000.0003	-2.35106
700000.0003	0.544521
700000.0003	-5.862
700000.0003	-6.62326
700000.0003	-8.58828
700000.0003	-1.80683
700000.0003	2.9865
700000.0003	1.87856
700000.0003	-0.617686
700000.0003	4.2402
700000.0003	0.0523767
700000.0003	-0.41673
700000.0003	0.19837
700000.0003	-1.31069
700000.0003	-7.28815
700000.0003	0.071746
700000.0003	-5.62618
700000.0003	-0.518041
700000.0003	2.89579
700000.0003	-0.181169
700000.0003	-7.62233
700000.0003	2.59329
700000.0003	3.59369
700000.0003	-0.0998783
700000.0003	1.30385
700000.0003	1.51822
700000.0003	4.00683
700000.0003	-2.64499
700000.0003	3.91523
700000.0003	-8.76535
700000.0003	2.75098
700000.0003	-0.772233
700000.0003	2.08805
700000.0003	-5.16464
700000.0003	6.34198
700000.0003	3.38627
700000.0003	3.72469
700000.0003	-3.11835
700000.0003	-0.301236
700000.0003	-6.06021
700000.0003	1.16971
700000.0003	4.59524
700000.0003	-1.32655
700000.0003	4.39044
700000.0003	1.6315
700000.0003	-1.56236
700000.0003	-1.47024
700000.0003	1.42861
700000.0003	1.08063
700000.0003	0.529398
700000.0003	1.10116
700000.0003	-1.90048
700000.0003	0.696324
700000.0003	-0.283484
700000.0003	-1.08805
700000.0003	3.43251
700000.0003	2.42445
700000.0003	-0.746722
700000.0003	1.75423
700000.0003	1.31058
700000.0003	-2.51642
700000.0003	0.407819
700000.0003	1.18943
700000.0003	0.442166
700000.0003	2.04939
700000.0003	0.183888
700000.0003	1.04566
700000.0003	0.971366
700000.0003	1.14922
700000.0003	0.979498
700000.0003	-0.524392
700000.0003	-0.908351
700000.0003	-1.36699
700000.0003	0.318678
700000.0003	-1.08741
700000.0003	-0.880071
700000.0003	1.30281
700000.0003	-0.0860545
700000.0003	0.70292
700000.0003	-0.143977
700000.0003	0.0145724
700000.0003	0.560529
700000.0003	0.356469
700000.0003	-0.568414
700000.0003	-0.0839899
700000.0003	-0.0682393
700000.0003	0.355735
700000.0003	-0.195028
700000.0003	0.0220436
700000.0003	0.145781
700000.0003	0.0549235
700000.0003	0.0275317
700000.0003	-0.0508865
700000.0003	-0.0881301
700000.0003	-0.0102075
700000.0003	-0.0857308
700000.0003	-0.0982508
700000.0003	-0.0585644
700000.0003	-0.000593459
700000.0003	-0.0381377
700000.0003	0.0420914
700000.0003	0.0198864
700000.0003	0.00383427
700000.0003	0
700000.0003	0
700000.0003	0
700000.0003	0
700000.0003	0
700000.0003	0
700000.0003	0
700000.0003	0
700000.0003	0
700000.0003	0
700000.0003	0
700000.0003	0
700000.0003	0
700000.0003	0
700000.0003	0
700000.0003	0
700000.0003	0
700000.0003	0
700000.0003	0
700000.0003	0
700000.0003	0
700000.0003	0
700000.0003	0
700000.0003	0
700000.0003	0
700000.0003	0
700000.0003	0
700000.0003	0
700000.0003	0
700000.0003	0
700000.0003	0
700000.0003	0
700000.0003	0
700000.0003	0
700000.0003	0
700000.0003	0
700000.0003	0
700000.0003	0
700000.0003	0
700000.0003	0
700000.0003	0
700000.0003	0
700000.0003	0
700000.0003	0
700000.0003	0
700000.0003	0
700000.0003	0
700000.0003	0
700000.0003	0
700000.0003	0
700000.0003	0
700000.0003	0
700000.0003	0
700000.0003	0
700000.0003	0
700000.0003	0
700000.0003	0
700000.0003	0
700000.0003	0
700000.0003	0
700000.0003	0
700000.0003	0
700000.0003	0
700000.0003	0
700000.0003	0
700000.0003	0
700000.0003	0
700000.0003	0
700000.0003	0
700000.0003	0
700000.0003	0
700000.0003	0
700000.0003	0
700000.0003	0
700000.0003	0
700000.0003	0
700000.0003	0
700000.0003	0
700000.0003	0
700000.0003	0
700000.0003	0
700000.0003	0
700000.0003	0
700000.0003	0
700000.0003	0
700000.0003	0
700000.0003	0
700000.0003	0
700000.0003	0
700000.0003	0
700000.0003	0
700000.0003	0
700000.0003	0
700000.0003	0
700000.0003	0
700000.0003	0
700000.0003	0
700000.0003	0
700000.0003	0
700000.0003	0
