700000.0003	2956.53	2959.67	2956.41	2961.49	2957.95	2958.32	2959.01	2957.8	2955.88	2957.72	2954.97	2957.65	2955.56	2958.14	2960.93
700000.0003	1531.13	1534.57	1532.54	1532.22	1532.1	1533.81	1533.63	1535.82	1531.15	1531.94	1528.44	1530.4	1531.99	1533.3	1533.26
700000.0003	193.078	194.785	194.36	192.92	193.228	193.989	193.853	194.052	194.19	192.967	192.911	193.504	194.307	193.647	194.462
700000.0003	32.3827	32.2015	32.6444	32.6418	31.7372	32.4093	31.9111	31.5108	32.2377	32.0864	32.0376	32.4427	32.6016	32.2878	32.0595
700000.0003	19.2559	19.1771	19.3658	19.3516	19.1142	19.3158	19.2887	19.3596	19.1083	19.5216	19.219	19.5529	19.381	19.1449	19.0211
700000.0003	16.2943	16.3767	16.6378	16.4828	17.0814	16.6825	16.7564	16.4688	16.7488	16.8184	16.628	16.9608	16.8723	16.6624	16.5003
700000.0003	15.2827	15.5714	15.1942	15.4001	15.5623	15.0954	15.2722	15.1864	15.1688	15.5035	15.3232	15.5553	15.3111	15.4545	15.5749
700000.0003	14.6762	14.5354	14.5067	14.4148	14.3358	14.3515	14.2813	14.2637	14.5581	14.5336	14.1395	14.4999	14.3191	14.7163	14.6053
700000.0003	13.8637	13.6708	13.9913	13.7708	13.943	14.1501	14.2	13.9602	13.8605	13.5524	14.0872	13.8198	13.9139	14.4421	14.2617
700000.0003	13.8308	13.5104	13.7329	13.631	13.7889	13.5131	13.747	13.7756	13.6547	13.5676	13.714	13.5861	13.4119	14.1496	13.7826
700000.0003	13.2842	13.401	13.595	13.2814	13.1882	13.3371	13.6018	13.7882	13.2649	13.5662	13.4975	13.105	13.4568	13.8505	13.0749
700000.0003	13.1345	13.0411	13.3994	13.2175	13.1495	13.1782	13.0787	13.5578	13.2675	13.1596	13.0109	13.2701	13.3157	13.4442	13.2604
700000.0003	12.8432	13.256	13.25	13.4318	13.4088	13.2342	13.0894	13.3219	13.4436	13.5598	13.4263	13.0561	12.8374	13.1826	13.224
700000.0003	13.5243	13.333	13.2121	13.2231	13.2782	13.2923	12.9038	13.2874	13.3764	13.2601	13.4992	13.0849	12.9214	13.1699	13.4645
700000.0003	13.5954	13.4884	13.2416	13.2859	13.326	12.9833	13.3676	13.6511	13.2802	13.5576	13.6302	13.2063	13.0226	13.3929	13.0832
700000.0003	13.8127	13.7002	14.1339	13.8978	13.8956	13.9007	14.1369	13.8215	13.8654	13.8641	14.1399	14.0527	13.9084	14.2958	14.328
700000.0003	15.3024	14.878	14.8938	14.8547	14.9152	14.9733	15.1534	14.94	15.1423	15.2219	15.4243	15.5064	14.9108	15.1013	15.2489
700000.0003	16.8726	16.99	17.0036	16.9954	17.2584	16.9564	17.0255	16.725	16.8305	17.1209	16.9521	17.044	16.9878	16.5878	16.821
700000.0003	19.7687	19.7022	19.9659	20.1761	19.938	19.4729	20.1452	19.4508	19.7107	19.6804	20.1273	19.798	20.09	20.14	19.7052
700000.0003	23.6206	24.2996	24.2251	23.8741	24.5095	23.7699	24.2174	24.0648	24.1739	24.5489	24.2785	24.2845	24.1124	23.8104	24.3299
700000.0003	30.4974	30.8457	30.7959	30.423	30.3237	31.0417	30.8656	30.6887	30.0865	30.9902	30.8049	30.9388	30.7313	30.9367	31.1176
700000.0003	42.1839	41.7764	41.6388	42.3971	42.1194	42.3849	41.8953	42.0896	42.1962	41.6625	41.811	42.1159	42.1602	42.2982	42.125
700000.0003	67.4542	67.4615	67.811	67.2707	67.3639	67.6238	67.6421	67.3861	66.6843	66.736	67.8767	67.3455	67.4688	67.4658	67.1167
700000.0003	154.603	154.817	155.675	155.491	155.473	154.899	155.195	156.267	154.652	154.938	154.444	154.857	154.861	155.547	155.576
700000.0003	515.53	515.136	516.73	515.086	516.585	516.686	514.989	516.274	516.2	513.64	515.941	516.078	515.183	517.118	513.24
700000.0003	1362.44	1362.36	1360.4	1361.54	1364.47	1362.14	1358.81	1359.74	1360.7	1360.01	1363.56	1362.97	1363.31	1362.73	1362.66
700000.0003	2201.99	2201.92	2203.58	2201.31	2201.6	2200.21	2201.78	2198.54	2198.99	2200.85	2204.68	2202.51	2202	2202.74	2202.77
700000.0003	2642.29	2642.23	2645.84	2641.91	2641.27	2642.97	2642.02	2639.45	2639.64	2642.53	2642.22	2642.19	2641.5	2642.65	2643.4
700000.0003	2788.44	2789.22	2791.52	2790.16	2788.99	2787.51	2787.18	2786.23	2786.54	2790.33	2790.2	2786.75	2788.52	2788.73	2789.6
700000.0003	2837.93	2836	2836.62	2838.42	2833.43	2834.94	2833.76	2836.89	2834.36	2835.36	2835.24	2836.49	2835.57	2835.6	2836.54
700000.0003	2865.64	2866.86	2862.27	2868.08	2865.83	2865.72	2862.23	2865.5	2864.17	2863.76	2866.97	2867.57	2866.42	2864.17	2867.5
700000.0003	2895.56	2888.91	2894.31	2895.32	2895.5	2888.42	2891.09	2893.19	2891.87	2892.23	2894.03	2895.41	2890.81	2892.5	2894.63
700000.0003	2921.7	2918.18	2921.89	2920.71	2919	2918.65	2923.02	2920.91	2914.07	2916.61	2922.94	2922.26	2917.59	2921.38	2919.84
700000.0003	2945.65	2945.94	2949.69	2948.45	2944.02	2945.06	2946.16	2945.24	2944.79	2947.66	2950.23	2944.5	2945.36	2946.76	2949.46
700000.0003	2968.65	2973.39	2974.38	2974.89	2971.76	2972.85	2972.02	2973.88	2972.12	2973.72	2973.71	2972.17	2973.4	2975.66	2976.89
700000.0003	2998.75	3001.48	3001.23	3000.73	3000.55	2999.58	2998.99	2999.53	2998.17	2999.26	3002.86	2999.37	2999.93	2999.24	3001.03
700000.0003	3025.87	3027.64	3026.87	3027.32	3026.5	3025.73	3026.91	3025.53	3025.39	3023.62	3029.04	3024.78	3026.89	3026.34	3029.21
700000.0003	3053.38	3052.06	3053.13	3054.13	3053.58	3051.49	3052.07	3053.96	3052.4	3049.47	3051.79	3053.28	3054.32	3051.98	3053.15
700000.0003	3078.78	3079.49	3075.33	3081.4	3077.37	3077.75	3078.51	3077.73	3076	3072.47	3077.03	3080.17	3076.85	3075.37	3079.83
700000.0003	3096.66	3096.01	3094.65	3101.35	3096.78	3096.1	3096.1	3096.44	3095.73	3091.39	3096.15	3096.15	3093.42	3096.43	3098.44
700000.0003	-0.323902	0.387138	-0.079636	0.654108	0.654983	1.44466	0.172775	0.120536	-0.781424	-0.745876	-0.409926	0.642538	2.33255	1.2336	0.193811
700000.0003	1.2815	0.550214	-0.617814	-0.136789	-0.818253	0.530289	0.840312	1.14151	0.174407	-0.276766	-0.890137	1.00351	-0.300363	1.24627	-0.124349
700000.0003	0.658554	-0.477264	0.088488	-0.661099	0.244347	-0.267608	-0.46244	0.447273	-0.340006	-0.218877	-0.667013	0.0490263	-0.229158	-0.0843476	-0.38517
700000.0003	-0.184496	-0.0157974	-0.0129954	0.260169	0.0723025	-0.0352886	-0.069076	0.0973191	-0.328198	0.316617	0.138878	-0.179542	0.212441	0.0544387	0.107596
700000.0003	0.111195	-0.0804404	0.00293401	0.108216	0.0807991	-0.132426	0.051482	-0.278606	0.156899	0.00771551	0.256997	0.00659209	-0.14931	0.107079	0.124668
700000.0003	-0.111729	-0.0955487	0.0864956	0.0800732	-0.0646187	0.162468	0.128665	0.117416	-0.113332	-0.166014	0.0409213	0.0906485	-0.0363491	0.0824389	-0.0380344
700000.0003	0.00517843	-0.160234	-0.146626	0.0304957	0.211916	-0.058367	0.120076	0.035662	-0.0509751	-0.152388	-0.0765538	-0.131276	0.0375777	-0.0956169	-0.182111
700000.0003	-0.186173	0.0314706	0.0507855	0.0790394	-0.0440486	-0.187527	-0.0980782	-0.00569554	0.0480699	0.224617	0.0473651	-0.00337529	-0.161683	-0.111245	-0.175442
700000.0003	0.0834063	-0.114511	-0.0760136	0.0998222	0.0144274	-0.151887	-0.0829526	0.0716664	0.14498	0.00687423	0.0643341	-0.00337367	-0.101031	0.0563836	-0.111873
700000.0003	-0.0357663	-0.145216	0.00775209	0.1168	-0.171442	-0.0274908	0.125417	0.0556215	-0.0659348	0.133376	-0.0245108	-0.000858228	0.0409895	-0.144632	0.0521991
700000.0003	0.0351082	0.01376	0.0549508	-0.113477	0.159272	-0.074984	0.211995	-0.0232779	-0.0490493	-0.139085	-0.173261	-0.0283358	-0.105021	-0.13726	0.0192051
700000.0003	-0.0070754	0.0946799	0.151761	0.0395598	0.113014	-0.0547305	-0.209103	0.173062	-0.0408791	0.000516825	-0.0477306	0.0472356	0.0465298	0.239046	0.152097
700000.0003	-0.0190268	0.0491556	0.0546469	0.241271	-0.0521381	-0.0178644	0.104285	-0.00258451	-0.00800105	-0.0122241	0.011258	-0.189896	0.0356597	-0.0554168	0.0628707
700000.0003	-0.0470815	0.0678079	0.0256043	-0.143713	-0.123237	-0.00858883	0.168193	0.164453	0.0177897	-0.156416	-0.0678434	0.132927	-0.0574438	-0.0836035	-0.0163394
700000.0003	-0.10106	0.101933	-0.000213035	-0.112901	0.0347352	-0.0732201	-0.00993898	0.208661	-0.105587	-0.230188	0.0959675	0.0145685	0.0373479	0.01978	-0.164662
700000.0003	-0.0233544	0.109143	0.116397	0.0636791	0.111354	0.167178	0.0920452	0.195645	-0.116593	-0.0924993	0.110538	-0.0553055	-0.00411273	0.0901184	0.094301
700000.0003	0.0434677	0.098609	-0.0816717	-0.032369	0.0131213	0.0139496	-0.0408198	0.0509039	0.0906	-0.0276048	-0.0118321	-0.110303	0.0871343	-0.0568581	-0.124358
700000.0003	0.0731946	0.045871	0.0830471	0.0805407	0.0310827	-0.0870604	-0.0734925	0.0299197	-0.0603223	0.176819	-0.0770864	0.047466	-0.0942832	0.0203781	-0.0238303
700000.0003	0.0324021	-0.0181446	0.145943	0.0271765	0.115346	0.0241302	-0.0377593	-0.0625169	0.00703396	-0.0631488	-0.0325355	0.00807212	-0.0217727	-0.0222487	0.00154948
700000.0003	0.296986	0.255517	-0.153892	-0.0623552	0.0952788	0.0832479	0.0929935	-0.105366	-0.0755125	-0.0801293	0.0365582	0.199462	-0.122032	0.186766	-0.0208739
700000.0003	0.0489012	0.0847826	-0.105964	-0.00254549	0.0998682	0.0815609	0.270534	0.167011	0.195606	-0.138531	0.0313939	0.188999	-0.0477165	0.262504	-0.0809275
700000.0003	-0.178006	-0.0957388	-0.0904781	-0.193407	-0.244729	-0.00804444	0.0908625	-0.0758453	0.00774153	0.115996	-0.128308	0.0760989	0.632938	-0.252114	0.0234782
700000.0003	-0.25911	-0.507176	0.102242	0.290878	-0.483285	0.0369935	0.0181781	-0.165864	0.133905	-0.0163544	-0.249424	0.266793	0.297952	-0.0812645	-0.130752
700000.0003	0.548053	0.188306	-0.140927	0.0120699	0.135621	-0.334685	-0.161043	-0.516718	-0.0385925	0.0833859	0.0801641	-0.17549	0.00659942	-0.0369934	-0.437625
700000.0003	-0.10943	-0.348638	-0.557658	0.384634	0.181053	-0.730189	-0.34432	-0.022424	0.499457	0.684098	0.1555	0.047115	0.3933	-0.423927	0.737197
700000.0003	-0.26784	0.0584413	-0.797959	-1.15825	-0.399747	-0.258518	0.880702	-0.966095	0.475474	0.811599	-1.2268	-0.0634739	-0.564125	0.173114	-0.638984
700000.0003	0.388379	-0.904618	-0.811446	1.06381	0.251139	-0.28991	0.557104	-0.736163	0.821949	-0.899444	-0.168701	0.564122	-0.199452	0.280082	0.590386
700000.0003	0.411933	-0.433331	-0.368612	0.0679005	-0.147057	0.420162	-0.00846681	1.55789	-0.181293	-0.9926	0.907756	-0.303295	0.616599	-0.79232	0.94798
700000.0003	-0.776874	0.54345	0.715508	0.310703	-0.948918	0.913744	0.920805	0.711911	-0.973557	0.644047	0.290822	0.367651	-0.0643018	0.109592	-0.786599
700000.0003	-0.203718	-0.545195	0.0808625	0.0509171	0.470697	0.0847081	1.26805	0.496519	0.20599	0.6872	0.412134	0.252804	-1.2354	-0.207184	0.329901
700000.0003	-0.165251	-0.424111	0.643511	0.867023	0.177811	-0.339702	-0.113353	-0.154392	0.243428	0.463155	1.07277	-0.694558	-1.20995	-0.0470673	0.215558
700000.0003	-0.0923908	0.881441	0.710997	-0.525377	-0.321487	1.02715	-0.323601	-0.624157	0.0227947	1.20603	0.223505	0.0127934	0.451537	0.126115	-0.253568
700000.0003	0.303421	0.113212	0.292677	-0.355457	-0.166508	0.169448	0.891644	0.185124	0.774942	-0.373861	-0.436093	0.821745	1.29852	0.890058	0.256185
700000.0003	0.437949	-0.532737	0.314323	-0.103203	-0.321296	-0.739919	0.520404	0.212997	0.560089	0.153061	0.0466956	0.826057	1.15959	0.304277	-0.194502
700000.0003	0.692453	-0.26936	-0.9921	-0.404207	-0.229357	-0.173946	-0.134439	0.849182	-0.295515	0.707947	0.843703	1.12002	-0.469894	-0.416051	1.63041
700000.0003	0.127941	-0.222833	-0.0497898	0.496144	-0.0427592	-0.605255	-0.687494	-0.887523	0.028837	0.29705	0.724381	1.28292	0.781022	0.271614	0.146155
700000.0003	0.315542	0.296001	-0.094935	0.0058854	-0.690493	-0.337117	-0.618711	-0.33786	-0.832947	-0.0222624	1.29108	1.00227	0.147009	0.141978	1.00288
700000.0003	-0.183945	0.565267	-0.124414	0.909281	0.11989	-1.18768	-0.825396	-1.33442	-0.870496	0.084332	1.05875	0.849207	0.0521291	0.670187	0.617357
700000.0003	1.34446	0.211833	0.696781	-0.69043	-0.133148	-0.668283	-1.40442	-1.12432	-0.508626	-0.497092	-0.717954	0.644821	0.996606	0.303344	0.397488
700000.0003	0.96608	0.237561	-0.426741	-0.910344	0.717755	-0.547671	-1.41922	-0.891978	-0.45713	-0.376394	-0.532487	-0.0253314	0.721533	1.56254	0.868429
700000.0003	2913.39	2912.57	2914.97	2915.48	2913.07	2911.11	2913.96	2910.46	2908.47	2910.07	2912.4	2908.98	2908.58	2912.04	2912.75
700000.0003	1605.69	1607.37	1604.33	1603.32	1603.8	1605.82	1607.18	1606.48	1603.82	1604.15	1600.71	1602.79	1601.92	1603.68	1606.57
700000.0003	173.764	175.624	174.336	172.417	173.211	173.833	173.634	174.446	174.722	173.475	174.248	174.099	174.822	174.686	173.798
700000.0003	28.2756	28.4436	28.8851	28.5222	28.4658	28.063	27.982	27.9798	28.7045	27.956	28.1695	28.5234	28.9361	28.7818	28.1947
700000.0003	17.8363	18.1986	18.0481	18.2282	18.462	18.5824	18.6365	18.5198	18.1399	18.4519	19.0048	18.7137	18.585	18.1965	18.1308
700000.0003	15.9608	15.7733	16.268	16.1416	16.2546	16.1226	16.3195	16.0668	16.1462	16.6082	16.1101	16.0607	16.4098	15.9701	15.7888
700000.0003	15.3165	15.068	15.0242	15.3827	15.1129	14.6354	15.0925	14.718	14.6061	15.2428	15.077	15.2242	15.2368	15.0941	15.1758
700000.0003	14.1352	14.4151	14.3452	14.4019	14.3534	14.0464	14.103	14.1229	14.2293	14.3701	13.8958	14.0646	14.1506	14.304	14.2455
700000.0003	13.8968	13.8458	13.7685	13.7519	13.6964	13.5245	13.8741	13.8438	13.906	14.0573	14.0916	13.8322	14.0614	14.3972	14.5565
700000.0003	13.7887	13.5653	13.5113	13.7515	13.7053	13.5869	13.4487	13.5772	13.4927	13.7822	13.8315	13.6176	13.4273	13.971	13.5511
700000.0003	13.2686	13.6619	13.5728	13.1568	13.1595	13.2658	13.4974	13.5734	13.5382	13.3251	13.3567	13.2132	13.522	13.6253	13.4755
700000.0003	13.5525	13.0958	13.2692	13.0191	13.3325	13.1392	13.1158	13.3222	13.2857	13.1965	13.1468	12.8328	13.4093	13.5665	13.3293
700000.0003	12.921	13.1972	13.2237	13.387	13.1687	13.3398	13.447	13.141	12.8622	13.5007	13.4838	12.7454	13.0205	13.3322	13.1322
700000.0003	13.1806	13.5221	13.0465	13.5051	13.4227	13.1242	13.3298	13.2845	13.4585	13.7279	13.3216	13.0188	13.0476	13.1197	13.2117
700000.0003	13.7625	13.4476	13.264	13.1373	13.3864	13.2922	13.2939	13.3638	13.1222	13.1885	13.3481	13.4176	13.2554	13.4299	13.2985
700000.0003	14.0555	13.891	13.6481	13.6281	14.0221	13.7934	13.9807	14.0341	13.9358	14.0865	14.0856	14.2754	13.9174	14.1038	14.0458
700000.0003	14.9204	15.0641	14.9659	15.1543	15.2393	15.553	15.1884	14.5156	15.279	15.0098	15.3137	15.5049	15.2618	14.9471	15.026
700000.0003	16.672	16.7167	16.9659	17.1164	17.2964	17.0387	16.8868	16.9505	17.0863	17.218	16.939	16.7916	16.9656	16.7174	16.9967
700000.0003	19.9449	19.4281	19.6889	19.9645	20.0241	19.721	19.9821	19.4385	19.5409	19.4493	20.0079	19.7218	19.8232	20.0354	19.5002
700000.0003	23.991	23.63	24.0408	23.9273	24.2283	23.8611	24.0467	24.0449	23.8869	24.505	24.2839	23.7888	23.6713	23.2697	24.3823
700000.0003	30.48	30.6313	30.7244	30.454	30.0556	30.2533	30.4952	30.63	30.2016	30.6259	30.4605	30.6798	30.2311	30.8256	30.4789
700000.0003	41.9169	41.5096	41.7284	42.0299	41.4845	41.6928	41.5268	41.5932	41.4146	41.6842	41.5091	41.864	41.8281	41.8479	41.6392
700000.0003	66.3392	66.3217	66.8395	67.0497	66.5256	66.7462	66.6517	66.295	66.3557	65.7774	66.5861	66.7004	65.7667	66.5682	66.515
700000.0003	152.547	152.879	152.155	153.777	153.912	152.438	152.311	152.413	151.853	152.174	151.273	153.097	151.772	153.208	153.114
700000.0003	520.429	520.182	521.014	519.884	520.302	520.454	519.099	519.957	519.941	518.706	519.94	519.665	521.682	522.315	518.175
700000.0003	1363.52	1362.74	1362.95	1363.21	1362.89	1360.87	1360.12	1361.57	1361.16	1361.46	1362.14	1364.14	1365.62	1363.11	1364.42
700000.0003	2154.6	2156.97	2154.14	2154.27	2154.34	2153.75	2152.94	2153.39	2151.87	2154.37	2157.43	2154.25	2154.87	2155.44	2156.59
700000.0003	2588.94	2585.09	2586.75	2583.83	2584.22	2587.46	2585.96	2584.27	2586.35	2586.03	2584.28	2588.31	2585.25	2585.75	2584.6
700000.0003	2779.75	2781.92	2782	2781.58	2782.21	2779.13	2782.31	2778.74	2780.23	2780.66	2780.17	2778.08	2782	2783.26	2782.58
700000.0003	2868.67	2868.83	2870.28	2870.21	2868.59	2869.33	2869.52	2871.9	2869.69	2869.36	2869.93	2868.83	2870.92	2871.52	2870.6
700000.0003	2911.01	2912.41	2908.71	2908.75	2910.17	2912.3	2910.19	2909.7	2911.78	2911.01	2912.08	2911.82	2914.21	2907.48	2910.89
700000.0003	2937.67	2934.58	2934.76	2938.1	2937.51	2936.49	2934.59	2937.23	2938.81	2938.19	2937.24	2938.38	2937.09	2937.03	2935.09
700000.0003	2957.77	2956.2	2958.28	2956.98	2959.67	2956.88	2959.65	2959.21	2954.8	2956.44	2955.81	2959.28	2957.35	2959.8	2957.45
700000.0003	2975.66	2975.73	2977.33	2976.54	2975.05	2975.67	2975.73	2975.4	2975.43	2978.31	2977.21	2976.7	2974.21	2978.15	2974.45
700000.0003	2992.74	2992.77	2992.68	2992.74	2992.23	2992.88	2992.47	2994.21	2995	2994.81	2994.37	2994.81	2994.59	2992.3	2994.46
700000.0003	3009.48	3010.89	3009.09	3010.26	3009.24	3010.19	3009.81	3009.33	3011.58	3010.52	3010.92	3009.84	3011.64	3010.01	3011.17
700000.0003	3027.48	3026.78	3028.2	3025.43	3027.36	3024.47	3026.93	3025.56	3025.79	3025.98	3026.3	3025.59	3026.9	3026.61	3028.34
700000.0003	3044.24	3045.47	3046.92	3044.19	3045.66	3044.46	3044.52	3044.67	3046.7	3044.42	3045.46	3045.56	3046.51	3045.72	3045.49
700000.0003	3070.7	3070.38	3068.88	3069.66	3069.48	3070.53	3070.96	3070.04	3069.16	3072.15	3070.27	3073.57	3070.72	3071.8	3068.21
700000.0003	3083.75	3084.06	3083.02	3086.11	3084.25	3086.08	3081.9	3084.58	3082.22	3080.4	3083.98	3083.91	3082.96	3084.08	3084.07
