700000.0003	0.0264247
700000.0003	0.0357805
700000.0003	0.052609
700000.0003	0.0805294
700000.0003	0.12617
700000.0003	0.187515
700000.0003	0.278704
700000.0003	0.397331
700000.0003	0.555719
700000.0003	0.7512
700000.0003	0.982756
700000.0003	1.27426
700000.0003	1.60762
700000.0003	1.98925
700000.0003	2.41655
700000.0003	2.87615
700000.0003	3.36167
700000.0003	3.8004
700000.0003	4.29154
700000.0003	4.74013
700000.0003	5.22111
700000.0003	5.62319
700000.0003	6.08071
700000.0003	6.43538
700000.0003	6.81364
700000.0003	7.19615
700000.0003	7.54425
700000.0003	7.89629
700000.0003	8.18148
700000.0003	8.52295
700000.0003	8.80648
700000.0003	9.04529
700000.0003	9.30595
700000.0003	9.5209
700000.0003	9.71605
700000.0003	9.93912
700000.0003	10.0468
700000.0003	10.1777
700000.0003	10.2376
700000.0003	10.2657
700000.0003	10.2804
700000.0003	10.2581
700000.0003	10.2989
700000.0003	10.2731
700000.0003	10.25
700000.0003	10.2938
700000.0003	10.2534
700000.0003	10.2294
700000.0003	10.3231
700000.0003	10.2689
700000.0003	10.248
700000.0003	10.3062
700000.0003	10.3185
700000.0003	10.1992
700000.0003	10.2008
700000.0003	10.3219
700000.0003	10.2723
700000.0003	10.2607
700000.0003	10.376
700000.0003	10.2871
700000.0003	10.3373
700000.0003	10.3403
700000.0003	10.2801
700000.0003	10.3061
700000.0003	10.3282
700000.0003	10.3369
700000.0003	10.3091
700000.0003	10.4159
700000.0003	10.3729
700000.0003	10.338
700000.0003	10.2923
700000.0003	10.2417
700000.0003	10.1919
700000.0003	10.3269
700000.0003	10.3345
700000.0003	10.3899
700000.0003	10.3061
700000.0003	10.3473
700000.0003	10.3327
700000.0003	10.2805
700000.0003	10.3424
700000.0003	10.3437
700000.0003	10.4023
700000.0003	10.3077
700000.0003	10.3178
700000.0003	10.4413
700000.0003	10.4023
700000.0003	10.3257
700000.0003	10.3747
700000.0003	10.4192
700000.0003	10.3937
700000.0003	10.3388
700000.0003	10.474
700000.0003	10.3625
700000.0003	10.4024
700000.0003	10.3856
700000.0003	10.3533
700000.0003	10.3715
700000.0003	10.3842
700000.0003	10.3938
700000.0003	10.3349
700000.0003	10.3485
700000.0003	10.4105
700000.0003	10.3993
700000.0003	10.4367
700000.0003	10.3565
700000.0003	10.4595
700000.0003	10.4671
700000.0003	10.4417
700000.0003	10.4265
700000.0003	10.3686
700000.0003	10.3805
700000.0003	10.4025
700000.0003	10.3507
700000.0003	10.4459
700000.0003	10.4471
700000.0003	10.399
700000.0003	10.4437
700000.0003	10.4291
700000.0003	10.4458
700000.0003	10.4137
700000.0003	10.4446
700000.0003	10.4046
700000.0003	10.4873
700000.0003	10.4808
700000.0003	10.4474
700000.0003	10.4712
700000.0003	10.4275
700000.0003	10.4874
700000.0003	10.4533
700000.0003	10.4585
700000.0003	10.4534
700000.0003	10.4689
700000.0003	10.4584
700000.0003	10.486
700000.0003	10.4941
700000.0003	10.4971
700000.0003	10.3884
700000.0003	10.4081
700000.0003	10.5126
700000.0003	10.4241
700000.0003	10.4152
700000.0003	10.4721
700000.0003	10.453
700000.0003	10.4284
700000.0003	10.4199
700000.0003	10.4499
700000.0003	10.3782
700000.0003	10.4317
700000.0003	10.4608
700000.0003	10.3343
700000.0003	10.4035
700000.0003	10.3398
700000.0003	10.2552
700000.0003	10.1772
700000.0003	10.2486
700000.0003	10.2207
700000.0003	10.1347
700000.0003	10.1108
700000.0003	10.056
700000.0003	10.0844
700000.0003	9.96353
700000.0003	9.96583
700000.0003	9.9367
700000.0003	9.87877
700000.0003	9.79968
700000.0003	9.74452
700000.0003	9.74567
700000.0003	9.6823
700000.0003	9.68877
700000.0003	9.56425
700000.0003	9.48981
700000.0003	9.45714
700000.0003	9.40355
700000.0003	9.28446
700000.0003	9.22235
700000.0003	9.18497
700000.0003	9.14997
700000.0003	9.03575
700000.0003	8.99027
700000.0003	8.93826
700000.0003	8.8101
700000.0003	8.81514
700000.0003	8.71857
700000.0003	8.64951
700000.0003	8.49858
700000.0003	8.46419
700000.0003	8.45415
700000.0003	8.39971
700000.0003	8.25402
700000.0003	8.15723
700000.0003	8.07669
700000.0003	8.01946
700000.0003	7.95448
700000.0003	7.83704
700000.0003	7.76265
700000.0003	7.63747
700000.0003	7.59157
700000.0003	7.54294
700000.0003	7.45371
700000.0003	7.298
700000.0003	7.21114
700000.0003	7.19203
700000.0003	7.05768
700000.0003	6.97466
700000.0003	6.86505
700000.0003	6.75896
700000.0003	6.67441
700000.0003	6.57972
700000.0003	6.46327
700000.0003	6.39942
700000.0003	6.2953
700000.0003	6.22058
700000.0003	6.13072
700000.0003	6.01489
700000.0003	5.91641
700000.0003	5.80855
700000.0003	5.72268
700000.0003	5.63737
700000.0003	5.53593
700000.0003	5.43241
700000.0003	5.36094
700000.0003	5.25911
700000.0003	5.16036
700000.0003	5.05025
700000.0003	4.95632
700000.0003	4.87854
700000.0003	4.77695
700000.0003	4.67623
700000.0003	4.58867
700000.0003	4.45576
700000.0003	4.37083
700000.0003	4.28662
700000.0003	4.1902
700000.0003	4.08299
700000.0003	3.95935
700000.0003	3.87477
700000.0003	3.77134
700000.0003	3.67084
700000.0003	3.56102
700000.0003	3.45564
700000.0003	3.33059
700000.0003	3.21773
700000.0003	3.10043
700000.0003	2.9786
700000.0003	2.85604
700000.0003	2.72414
700000.0003	2.59148
700000.0003	2.47094
700000.0003	2.32521
700000.0003	2.20313
700000.0003	2.05964
700000.0003	1.92967
700000.0003	1.79755
700000.0003	1.66638
700000.0003	1.53438
700000.0003	1.41301
700000.0003	1.30296
700000.0003	1.18481
700000.0003	1.07993
700000.0003	0.978836
700000.0003	0.88327
700000.0003	0.796202
700000.0003	0.712561
700000.0003	0.632552
700000.0003	0.565806
700000.0003	0.498119
700000.0003	0.439462
700000.0003	0.384661
700000.0003	0.335415
700000.0003	0.292494
700000.0003	0.2522
700000.0003	0.216154
700000.0003	0.187192
700000.0003	0.157709
700000.0003	0.135833
700000.0003	0.114257
700000.0003	0.0972526
700000.0003	0.0812653
700000.0003	0.0687901
700000.0003	0.0584154
700000.0003	0.0487964
700000.0003	0.0411228
700000.0003	0.0347358
700000.0003	0.0288837
700000.0003	0.0249347
700000.0003	0.0208919
700000.0003	0.0178022
700000.0003	0.0154299
700000.0003	0.0134999
700000.0003	0.0116982
700000.0003	0.0101839
700000.0003	0.00907524
700000.0003	0.00809487
700000.0003	0.00737397
700000.0003	0.00673721
700000.0003	0.00629345
700000.0003	0.00582037
700000.0003	0.00547085
700000.0003	0.0053544
700000.0003	0.00521847
700000.0003	0.00519457
700000.0003	0.00503529
700000.0003	0.0049791
700000.0003	0.00495309
700000.0003	0.00480032
700000.0003	0.00482362
700000.0003	0.00471559
700000.0003	0.0046832
700000.0003	0.00462178
700000.0003	0.00464125
700000.0003	0.00449319
700000.0003	0.0044489
700000.0003	0.00449333
700000.0003	0.00441861
700000.0003	0.00437285
700000.0003	0.00436544
700000.0003	0.004392
700000.0003	0.00428263
700000.0003	0.00438055
700000.0003	0.00425297
700000.0003	0.0042332
700000.0003	0.00419597
700000.0003	0.00413959
700000.0003	0.00416662
700000.0003	0.00422357
700000.0003	0.00419281
700000.0003	0.00419014
700000.0003	0.00413441
700000.0003	0.00420644
700000.0003	0.00413126
700000.0003	0.00417755
700000.0003	0.00420135
700000.0003	0.00421254
700000.0003	0.00415788
700000.0003	0.00412825
700000.0003	0.00413624
700000.0003	0.00415008
700000.0003	0.00412456
700000.0003	0.00419871
700000.0003	0.00414223
700000.0003	0.00411422
700000.0003	0.00416594
700000.0003	0.00413856
700000.0003	0.00413667
700000.0003	0.0041688
700000.0003	0.00409387
700000.0003	0.00412186
700000.0003	0.00421661
700000.0003	0.0041407
700000.0003	0.00414084
700000.0003	0.00423136
700000.0003	0.00419181
700000.0003	0.00418212
700000.0003	0.00429648
700000.0003	0.00428683
700000.0003	0.00430054
700000.0003	0.00430341
700000.0003	0.0043382
700000.0003	0.00429516
700000.0003	0.00438159
700000.0003	0.00443492
700000.0003	0.00439996
700000.0003	0.0044158
700000.0003	0.00446211
700000.0003	0.00446604
700000.0003	0.00459685
700000.0003	0.00451077
700000.0003	0.00461425
700000.0003	0.0046251
700000.0003	0.00474544
700000.0003	0.00474741
700000.0003	0.00490891
700000.0003	0.00484185
700000.0003	0.00490727
700000.0003	0.00507647
700000.0003	0.0051469
700000.0003	0.0052388
700000.0003	0.00523845
700000.0003	0.00545181
700000.0003	0.00547852
700000.0003	0.00567299
700000.0003	0.00586785
700000.0003	0.00590901
700000.0003	0.00612043
700000.0003	0.00629405
700000.0003	0.0065387
700000.0003	0.00686283
700000.0003	0.00728104
700000.0003	0.00761716
700000.0003	0.00803511
700000.0003	0.00854661
700000.0003	0.00921934
700000.0003	0.009677
700000.0003	0.0105948
700000.0003	0.0118415
700000.0003	0.0133346
700000.0003	0.0152942
700000.0003	0.0180674
700000.0003	0.0208015
700000.0003	8.53377e-05
700000.0003	-0.000301801
700000.0003	0.000415766
700000.0003	0.000307322
700000.0003	-0.000115242
700000.0003	-0.000363842
700000.0003	0.000306135
700000.0003	-0.00282913
700000.0003	0.000851151
700000.0003	-0.000679286
700000.0003	-0.00259693
700000.0003	-0.00312323
700000.0003	0.00291607
700000.0003	0.00211889
700000.0003	0.0146546
700000.0003	0.000655464
700000.0003	0.0172252
700000.0003	0.00424287
700000.0003	0.0205141
700000.0003	0.00788135
700000.0003	-0.00931492
700000.0003	-0.00143489
700000.0003	0.0149998
700000.0003	-0.00192972
700000.0003	-0.0108868
700000.0003	-0.0286987
700000.0003	0.0229992
700000.0003	-0.00160201
700000.0003	-0.018009
700000.0003	0.0299917
700000.0003	-0.020104
700000.0003	-0.020044
700000.0003	-0.0203977
700000.0003	-0.000575243
700000.0003	0.00149699
700000.0003	0.0215858
700000.0003	0.0265703
700000.0003	0.0180264
700000.0003	-0.0117523
700000.0003	-0.0338108
700000.0003	0.0171621
700000.0003	0.00194767
700000.0003	0.0235773
700000.0003	-0.0321296
700000.0003	-0.00127987
700000.0003	0.038082
700000.0003	-0.00558112
700000.0003	0.0601766
700000.0003	-0.00768058
700000.0003	0.0370006
700000.0003	0.0189727
700000.0003	0.00164282
700000.0003	0.00104655
700000.0003	-0.00442736
700000.0003	0.027702
700000.0003	-0.0356477
700000.0003	-0.00801946
700000.0003	-0.0342035
700000.0003	0.00564205
700000.0003	-0.00809601
700000.0003	0.0493815
700000.0003	-0.0150191
700000.0003	0.0296625
700000.0003	-0.0143152
700000.0003	-0.00208353
700000.0003	0.014035
700000.0003	0.0158785
700000.0003	0.0234308
700000.0003	-0.00610672
700000.0003	0.00398543
700000.0003	-0.00563531
700000.0003	-0.00987793
700000.0003	-0.00484092
700000.0003	0.0254854
700000.0003	0.00205779
700000.0003	0.0169901
700000.0003	-0.0204986
700000.0003	0.0375461
700000.0003	0.0500392
700000.0003	0.00447863
700000.0003	0.0141139
700000.0003	-0.00449658
700000.0003	-0.0462348
700000.0003	0.0237908
700000.0003	0.00801452
700000.0003	0.00367997
700000.0003	-0.0311123
700000.0003	-0.054594
700000.0003	-0.019682
700000.0003	0.0105977
700000.0003	-0.00990994
700000.0003	-0.0218756
700000.0003	0.0464878
700000.0003	0.0172139
700000.0003	-0.00579627
700000.0003	0.00953512
700000.0003	0.00810745
700000.0003	-0.0344951
700000.0003	-0.0328212
700000.0003	0.0203352
700000.0003	0.0637451
700000.0003	0.00469541
700000.0003	0.0232163
700000.0003	0.0066388
700000.0003	-0.0181319
700000.0003	-0.00264073
700000.0003	-0.0212516
700000.0003	0.0172346
700000.0003	0.0136879
700000.0003	0.0121152
700000.0003	-0.0213875
700000.0003	-0.0147379
700000.0003	0.00703531
700000.0003	-0.0126259
700000.0003	-0.0117885
700000.0003	-0.0530127
700000.0003	-0.00706258
700000.0003	-0.0375303
700000.0003	0.0308077
700000.0003	-0.0208367
700000.0003	0.00311246
700000.0003	0.0100538
700000.0003	-0.0259618
700000.0003	0.0472099
700000.0003	-0.00598418
700000.0003	0.00834693
700000.0003	-0.00497898
700000.0003	-0.0631598
700000.0003	-0.0141936
700000.0003	-0.0568348
700000.0003	0.00364034
700000.0003	-0.0201607
700000.0003	0.0107931
700000.0003	0.0052061
700000.0003	0.0150291
700000.0003	0.0185872
700000.0003	-0.0056505
700000.0003	0.00586919
700000.0003	0.0168092
700000.0003	0.037132
700000.0003	0.0332114
700000.0003	0.0405838
700000.0003	-0.0207723
700000.0003	0.0162486
700000.0003	0.0380463
700000.0003	-0.00381613
700000.0003	0.020876
700000.0003	-0.00101099
700000.0003	0.0046125
700000.0003	0.00325021
700000.0003	0.0320521
700000.0003	0.00609945
700000.0003	-0.00238313
700000.0003	0.0440772
700000.0003	-0.00448766
700000.0003	-0.00092723
700000.0003	0.0105253
700000.0003	-0.000346324
700000.0003	-0.0117509
700000.0003	-0.0329478
700000.0003	0.0253625
700000.0003	0.0716182
700000.0003	-0.010495
700000.0003	0.0149587
700000.0003	0.0283973
700000.0003	-0.0124398
700000.0003	-0.000411982
700000.0003	-0.0168439
700000.0003	-0.0445425
700000.0003	-0.00129617
700000.0003	-0.00256364
700000.0003	0.0125845
700000.0003	-0.0185563
700000.0003	-0.00374571
700000.0003	0.014419
700000.0003	0.0310527
700000.0003	0.0301068
700000.0003	0.00854085
700000.0003	0.0284138
700000.0003	0.0359022
700000.0003	-0.0132113
700000.0003	-0.00475808
700000.0003	0.0315134
700000.0003	-0.0144008
700000.0003	-0.00723736
700000.0003	0.00191871
700000.0003	-0.0243031
700000.0003	-0.0302374
700000.0003	-0.0121692
700000.0003	0.0203138
700000.0003	0.0107122
700000.0003	0.00827207
700000.0003	-0.012802
700000.0003	0.00226878
700000.0003	0.0282474
700000.0003	-0.0296895
700000.0003	0.00706577
700000.0003	0.00614798
700000.0003	0.0081888
700000.0003	-0.00995463
700000.0003	-0.0203723
700000.0003	-0.030725
700000.0003	0.00090152
700000.0003	-0.0132818
700000.0003	-0.0108482
700000.0003	-0.00533793
700000.0003	-0.00951968
700000.0003	-0.0201057
700000.0003	0.0013393
700000.0003	0.00209009
700000.0003	0.0091301
700000.0003	-0.00310256
700000.0003	-0.00891646
700000.0003	-0.00644668
700000.0003	-0.00883324
700000.0003	-0.00680617
700000.0003	0.0190764
700000.0003	-0.00109149
700000.0003	0.0114799
700000.0003	0.0247799
700000.0003	-0.00796484
700000.0003	-0.0103296
700000.0003	0.0106548
700000.0003	-0.0165409
700000.0003	0.00617994
700000.0003	0.00230929
700000.0003	0.0162469
700000.0003	0.00253167
700000.0003	-0.00619338
700000.0003	0.0032361
700000.0003	-0.00439935
700000.0003	-0.00788199
700000.0003	0.00390613
700000.0003	7.06239e-05
700000.0003	-0.000253218
700000.0003	-0.00360913
700000.0003	0.0137796
700000.0003	-0.00193409
700000.0003	-0.00857026
700000.0003	-0.002177
700000.0003	0.00169474
700000.0003	-0.000603962
700000.0003	-0.0012911
700000.0003	0.00562127
700000.0003	0.00777532
700000.0003	-0.00343435
700000.0003	-4.8011e-05
700000.0003	-0.00290758
700000.0003	-0.000162671
700000.0003	0.00262279
700000.0003	0.00645435
700000.0003	0.00199244
700000.0003	0.00392337
700000.0003	-0.000671607
700000.0003	0.00181962
700000.0003	1.21073e-06
700000.0003	-0.00450239
700000.0003	0.00248027
700000.0003	-0.00066592
700000.0003	0.00430151
700000.0003	-0.0038284
700000.0003	-0.000555684
700000.0003	-0.00179781
700000.0003	0.00248786
700000.0003	-0.00225125
700000.0003	0.000308785
700000.0003	0.000863584
700000.0003	-0.000301234
700000.0003	-0.000341394
700000.0003	0.000234249
700000.0003	5.33195e-06
700000.0003	4.42394e-05
700000.0003	-8.77406e-05
700000.0003	0.000120311
700000.0003	-0.000427346
700000.0003	4.68932e-05
700000.0003	0.000543938
700000.0003	0.000122747
700000.0003	-0.000361487
700000.0003	-6.20005e-05
700000.0003	0.000162752
700000.0003	0.000145689
700000.0003	0.000336354
700000.0003	0.000249989
700000.0003	-0.000140203
700000.0003	0.000149497
700000.0003	-0.000158724
700000.0003	-3.07435e-05
700000.0003	0.000195098
700000.0003	9.2917e-05
700000.0003	4.24358e-05
700000.0003	-1.31717e-05
700000.0003	-0.000150825
700000.0003	-1.1823e-05
700000.0003	-5.88801e-05
700000.0003	-5.81676e-05
700000.0003	-2.32799e-05
700000.0003	2.06673e-05
700000.0003	-1.64035e-05
700000.0003	8.64463e-06
700000.0003	-1.42589e-05
700000.0003	-4.1187e-05
700000.0003	3.52734e-05
700000.0003	9.42298e-06
700000.0003	8.62221e-05
700000.0003	3.70131e-05
700000.0003	-3.05566e-05
700000.0003	9.31697e-06
700000.0003	-3.96746e-05
700000.0003	-4.6277e-05
700000.0003	-2.29548e-05
700000.0003	5.31049e-06
700000.0003	1.52263e-05
700000.0003	3.65235e-05
700000.0003	-2.34473e-05
700000.0003	-1.38931e-05
700000.0003	-1.99787e-05
700000.0003	-3.08882e-05
700000.0003	3.07652e-05
700000.0003	-1.55783e-05
700000.0003	5.94341e-05
700000.0003	-2.63846e-05
700000.0003	-5.41353e-05
700000.0003	1.34977e-05
700000.0003	3.72375e-06
700000.0003	-1.71938e-05
700000.0003	1.86246e-05
700000.0003	8.18762e-07
700000.0003	4.01286e-05
700000.0003	1.97589e-05
700000.0003	-8.41569e-06
700000.0003	2.55995e-05
700000.0003	-2.19721e-05
700000.0003	6.19548e-06
700000.0003	-9.33627e-06
700000.0003	2.22206e-05
700000.0003	-4.97751e-05
700000.0003	2.96481e-05
700000.0003	-2.44525e-06
700000.0003	-4.37924e-05
700000.0003	2.01647e-05
700000.0003	7.94978e-06
700000.0003	-6.11644e-06
700000.0003	1.7959e-05
700000.0003	1.27042e-05
700000.0003	-3.50624e-05
700000.0003	-1.77315e-05
700000.0003	6.87274e-06
700000.0003	7.42129e-06
700000.0003	4.5842e-05
700000.0003	-9.77219e-06
700000.0003	3.24145e-05
700000.0003	-3.44414e-05
700000.0003	-2.78652e-05
700000.0003	1.56722e-05
700000.0003	1.63744e-05
700000.0003	-6.67921e-06
700000.0003	-5.78708e-05
700000.0003	4.19232e-05
700000.0003	4.27197e-05
700000.0003	-3.95677e-05
700000.0003	-3.40623e-05
700000.0003	6.52601e-06
700000.0003	-2.04588e-05
700000.0003	-1.32011e-05
700000.0003	-2.51896e-05
700000.0003	-1.94897e-05
700000.0003	8.50204e-06
700000.0003	5.85049e-05
700000.0003	-1.52994e-05
700000.0003	-1.46739e-05
700000.0003	1.34236e-06
700000.0003	7.52774e-06
700000.0003	-8.92926e-05
700000.0003	5.1041e-06
700000.0003	-9.03567e-06
700000.0003	3.8374e-05
700000.0003	4.44824e-05
700000.0003	-4.33326e-05
700000.0003	4.15836e-05
700000.0003	-2.47547e-05
700000.0003	2.48487e-05
700000.0003	1.46426e-05
700000.0003	-8.9011e-05
700000.0003	3.34723e-06
700000.0003	-3.06015e-05
700000.0003	8.64379e-05
700000.0003	-5.19763e-05
700000.0003	-3.02372e-05
700000.0003	-9.2682e-05
700000.0003	3.51996e-05
700000.0003	9.60395e-05
700000.0003	-0.000129628
700000.0003	0.000106722
700000.0003	6.09399e-05
700000.0003	-0.000155469
700000.0003	-6.27902e-05
700000.0003	0.000214762
700000.0003	6.08173e-05
700000.0003	0.000103271
700000.0003	-0.000162067
700000.0003	0.000121149
700000.0003	-0.000322723
700000.0003	0.000969785
700000.0003	-2.28651e-05
700000.0003	0.000594731
700000.0003	0.000273389
700000.0003	-0.000222794
700000.0003	-0.000169104
700000.0003	4.46566e-05
700000.0003	0.00263159
700000.0003	-0.000172053
700000.0003	0.0017881
700000.0003	-0.00474572
700000.0003	0.00860995
700000.0003	-0.00512221
700000.0003	0.00463979
700000.0003	-0.0011823
700000.0003	-0.00554106
700000.0003	0.000692889
700000.0003	0.0231845
700000.0003	-0.00842684
700000.0003	-0.0119148
700000.0003	-0.000111419
700000.0003	-0.0244126
700000.0003	-0.0179148
700000.0003	0.0453839
700000.0003	-0.0101186
700000.0003	-0.0245484
700000.0003	0.0323867
700000.0003	-0.0145158
700000.0003	-0.0246592
700000.0003	-0.023207
700000.0003	0.0169119
700000.0003	0.00600973
700000.0003	0.0191172
700000.0003	0.0275398
700000.0003	0.030769
700000.0003	-0.0222227
700000.0003	-0.0382235
700000.0003	0.0444153
700000.0003	-0.00504238
700000.0003	0.017196
700000.0003	-0.0282286
700000.0003	0.00452138
700000.0003	0.0174507
700000.0003	-0.0107933
700000.0003	0.0565686
700000.0003	-0.0160729
700000.0003	0.0315267
700000.0003	-0.00186059
700000.0003	-0.00110859
700000.0003	0.0127968
700000.0003	-0.00419347
700000.0003	0.017091
700000.0003	-0.0273259
700000.0003	-0.00417652
700000.0003	-0.0309122
700000.0003	0.00151831
700000.0003	-0.0220643
700000.0003	0.0443623
700000.0003	-0.0177495
700000.0003	0.0186443
700000.0003	-0.00550219
700000.0003	-0.00598272
700000.0003	0.00565359
700000.0003	0.0255272
700000.0003	0.023877
700000.0003	-0.00227666
700000.0003	0.0207242
700000.0003	-0.00857095
700000.0003	-0.0154486
700000.0003	0.00851891
700000.0003	0.0197561
700000.0003	-0.00155846
700000.0003	0.00145735
700000.0003	-0.00695102
700000.0003	0.0320628
700000.0003	0.0451719
700000.0003	-0.0115574
700000.0003	0.0225588
700000.0003	-0.00813865
700000.0003	-0.0383007
700000.0003	0.0124683
700000.0003	0.00720139
700000.0003	-0.00299408
700000.0003	-0.0270371
700000.0003	-0.0338179
700000.0003	-0.0286534
700000.0003	0.023916
700000.0003	-0.00445674
700000.0003	-0.015039
700000.0003	0.0319407
700000.0003	0.00621218
700000.0003	-0.0131753
700000.0003	0.0072789
700000.0003	-0.00262647
700000.0003	-0.0418192
700000.0003	-0.0276409
700000.0003	0.0141972
700000.0003	0.0528583
700000.0003	0.0187326
700000.0003	0.0289053
700000.0003	0.0153653
700000.0003	-0.0221799
700000.0003	-0.000473033
700000.0003	-0.017729
700000.0003	0.0120427
700000.0003	0.00407139
700000.0003	0.00601124
700000.0003	-0.0130181
700000.0003	-0.00465169
700000.0003	0.0200472
700000.0003	-0.00947739
700000.0003	-0.0154833
700000.0003	-0.0411807
700000.0003	0.0053607
700000.0003	-0.0241597
700000.0003	0.0347666
700000.0003	-0.0206078
700000.0003	-0.0047709
700000.0003	0.00352127
700000.0003	-0.0414994
700000.0003	0.0501033
700000.0003	-0.00706866
700000.0003	0.00992044
700000.0003	-0.0113132
700000.0003	-0.0779733
700000.0003	-0.0243159
700000.0003	-0.0560013
700000.0003	-0.00224556
700000.0003	-0.0194452
700000.0003	-0.00362006
700000.0003	-0.00377138
700000.0003	0.0102845
700000.0003	0.00691985
700000.0003	-0.00432312
700000.0003	0.00503328
700000.0003	0.0184422
700000.0003	0.0187094
700000.0003	0.0191517
700000.0003	0.0466651
700000.0003	-0.0300824
700000.0003	0.0107733
700000.0003	0.0423381
700000.0003	-0.0047752
700000.0003	0.0107929
700000.0003	0.000518611
700000.0003	0.00410969
700000.0003	-0.000817287
700000.0003	0.0288241
700000.0003	-0.00110524
700000.0003	-0.00345766
700000.0003	0.0353386
700000.0003	-0.00578909
700000.0003	0.00718977
700000.0003	0.00960514
700000.0003	-0.00889488
700000.0003	-0.0207908
700000.0003	-0.0391555
700000.0003	0.0292339
700000.0003	0.0721934
700000.0003	-0.00832664
700000.0003	0.0148945
700000.0003	0.0285063
700000.0003	-0.0184669
700000.0003	0.00694198
700000.0003	-0.00287229
700000.0003	-0.0324645
700000.0003	0.00530507
700000.0003	-0.000922366
700000.0003	0.0136065
700000.0003	-0.025293
700000.0003	-0.00379146
700000.0003	0.011389
700000.0003	0.0314114
700000.0003	0.030788
700000.0003	0.0112648
700000.0003	0.0166033
700000.0003	0.0329447
700000.0003	-0.0181922
700000.0003	-0.00781478
700000.0003	0.0310508
700000.0003	-0.00589654
700000.0003	-0.00600258
700000.0003	0.01455
700000.0003	-0.0114849
700000.0003	-0.0357558
700000.0003	-0.0129813
700000.0003	0.0257575
700000.0003	0.0210813
700000.0003	-0.000820882
700000.0003	-0.00304541
700000.0003	0.00115095
700000.0003	0.0314564
700000.0003	-0.024801
700000.0003	0.0109004
700000.0003	0.00809213
700000.0003	0.00990396
700000.0003	-0.0180116
700000.0003	-0.0116963
700000.0003	-0.0174067
700000.0003	0.00227715
700000.0003	-0.010388
700000.0003	-0.0177394
700000.0003	0.00452249
700000.0003	-0.0129988
700000.0003	-0.00669814
700000.0003	0.00984252
700000.0003	0.00590453
700000.0003	-0.00879329
700000.0003	-0.00643298
700000.0003	-0.00836092
700000.0003	-0.00270877
700000.0003	-0.00510545
700000.0003	-0.0123517
700000.0003	0.0190948
700000.0003	-0.00042479
700000.0003	0.0128639
700000.0003	0.00784757
700000.0003	-0.00804231
700000.0003	-0.0134011
700000.0003	0.0158688
700000.0003	-0.0133274
700000.0003	0.00661994
700000.0003	-0.00587002
700000.0003	0.0182039
700000.0003	-0.000796431
700000.0003	-0.000546378
700000.0003	0.00354651
700000.0003	-0.00453431
700000.0003	-0.00115395
700000.0003	0.00311598
700000.0003	0.00165793
700000.0003	-0.0038954
700000.0003	-0.00864105
700000.0003	0.00945522
700000.0003	0.00366539
700000.0003	-0.0098614
700000.0003	0.00289473
700000.0003	0.00549021
700000.0003	-0.00044565
700000.0003	-0.0103387
700000.0003	0.00481284
700000.0003	0.00337461
700000.0003	-0.00679183
700000.0003	-0.000868966
700000.0003	0.00261384
700000.0003	0.00224802
700000.0003	-0.00294688
700000.0003	0.00379028
700000.0003	-0.00115636
700000.0003	-0.000946289
700000.0003	-0.00139939
700000.0003	0.0068272
700000.0003	0.00438917
700000.0003	-0.00423085
700000.0003	-0.00512723
700000.0003	0.00121822
700000.0003	-0.00043536
700000.0003	-0.00127677
700000.0003	0.0019716
700000.0003	0.00302982
700000.0003	-0.00216806
700000.0003	0.000659798
700000.0003	-0.000287502
700000.0003	-0.00171884
700000.0003	-0.00200143
700000.0003	0.000224677
700000.0003	0.00225629
700000.0003	1.51051e-05
700000.0003	0.000243122
700000.0003	-0.000322006
700000.0003	-0.000105085
700000.0003	-0.000290453
700000.0003	0.000261243
700000.0003	0.00043186
700000.0003	-0.000251219
700000.0003	0.000176769
700000.0003	-3.39628e-06
700000.0003	0.00013137
700000.0003	-0.000113103
700000.0003	3.3736e-05
700000.0003	-0.000567002
700000.0003	-0.000209665
700000.0003	-6.88213e-05
700000.0003	-2.41116e-05
700000.0003	0.000160787
700000.0003	-0.000177041
700000.0003	-4.76301e-05
700000.0003	9.55517e-05
700000.0003	5.3102e-06
700000.0003	-7.4655e-05
700000.0003	-8.69017e-05
700000.0003	-4.59124e-05
700000.0003	5.09459e-05
700000.0003	-1.17975e-05
700000.0003	5.2365e-06
700000.0003	6.72223e-06
700000.0003	-6.68926e-06
700000.0003	-1.6626e-05
700000.0003	7.11548e-06
700000.0003	-1.978e-05
700000.0003	4.98643e-05
700000.0003	1.3698e-05
700000.0003	7.23292e-06
700000.0003	6.15596e-06
700000.0003	6.53684e-06
700000.0003	6.41954e-05
700000.0003	3.64266e-05
700000.0003	7.44936e-05
700000.0003	2.46908e-06
700000.0003	-2.86217e-05
700000.0003	-5.27341e-06
700000.0003	3.32321e-05
700000.0003	4.57946e-06
700000.0003	-2.54337e-06
700000.0003	3.42174e-05
700000.0003	2.76252e-05
700000.0003	-5.16581e-05
700000.0003	-3.02761e-06
700000.0003	-4.6305e-05
700000.0003	-2.14912e-05
700000.0003	-1.76087e-05
700000.0003	-8.10916e-06
700000.0003	5.92941e-06
700000.0003	-3.43868e-06
700000.0003	2.83277e-05
700000.0003	8.04317e-06
700000.0003	-1.81841e-05
700000.0003	1.82077e-06
700000.0003	4.17097e-05
700000.0003	2.5209e-06
700000.0003	5.79805e-05
700000.0003	-7.61808e-05
700000.0003	-2.37543e-05
700000.0003	6.16913e-05
700000.0003	2.17887e-05
700000.0003	-1.9253e-05
700000.0003	-1.21005e-05
700000.0003	4.40571e-05
700000.0003	-8.82456e-06
700000.0003	-2.18146e-05
700000.0003	4.56277e-05
700000.0003	1.50858e-05
700000.0003	-8.12316e-05
700000.0003	2.97741e-05
700000.0003	-2.59875e-07
700000.0003	3.926e-05
700000.0003	-4.31538e-05
700000.0003	-8.44669e-05
700000.0003	-3.30825e-05
700000.0003	-2.9148e-05
700000.0003	8.00294e-06
700000.0003	-2.65416e-05
700000.0003	4.60464e-05
700000.0003	-7.36789e-07
700000.0003	4.77833e-06
700000.0003	1.39272e-05
700000.0003	2.05366e-05
700000.0003	3.8526e-05
700000.0003	2.01376e-05
700000.0003	-3.19317e-05
700000.0003	-1.43594e-05
700000.0003	-8.45268e-05
700000.0003	1.20233e-05
700000.0003	-3.08352e-05
700000.0003	-0.00010709
700000.0003	-8.17944e-05
700000.0003	9.06882e-06
700000.0003	4.84244e-05
700000.0003	3.39968e-05
700000.0003	7.17717e-05
700000.0003	6.02474e-05
700000.0003	-9.53632e-05
700000.0003	-4.87037e-05
700000.0003	-7.14929e-05
700000.0003	0.000135117
700000.0003	1.00125e-06
700000.0003	4.93984e-05
700000.0003	1.07632e-05
700000.0003	0.000129594
700000.0003	-0.000126025
700000.0003	-8.38e-05
700000.0003	5.57522e-05
700000.0003	8.09332e-05
700000.0003	-3.3867e-05
700000.0003	7.18771e-06
700000.0003	9.65291e-06
700000.0003	7.51193e-05
700000.0003	6.50348e-05
700000.0003	-3.41539e-05
700000.0003	-0.000104457
700000.0003	-1.46434e-05
700000.0003	0.000133605
700000.0003	-3.5263e-05
700000.0003	6.18199e-05
700000.0003	7.16355e-06
700000.0003	4.04667e-05
700000.0003	4.18838e-06
700000.0003	0.0181373
700000.0003	0.0242078
700000.0003	0.0373372
700000.0003	0.0600315
700000.0003	0.102031
700000.0003	0.167528
700000.0003	0.268563
700000.0003	0.407591
700000.0003	0.604919
700000.0003	0.878292
700000.0003	1.2502
700000.0003	1.75813
700000.0003	2.44089
700000.0003	3.34052
700000.0003	4.45894
700000.0003	5.83953
700000.0003	7.44473
700000.0003	9.26375
700000.0003	11.2829
700000.0003	13.3581
700000.0003	15.3109
700000.0003	16.9791
700000.0003	18.2066
700000.0003	19.0098
700000.0003	19.4715
700000.0003	19.6614
700000.0003	19.6141
700000.0003	19.5179
700000.0003	19.2771
700000.0003	18.9646
700000.0003	18.859
700000.0003	18.5772
700000.0003	18.253
700000.0003	17.9724
700000.0003	17.6469
700000.0003	17.5256
700000.0003	17.1653
700000.0003	17.038
700000.0003	16.6362
700000.0003	16.3437
700000.0003	15.9972
700000.0003	15.6645
700000.0003	15.4032
700000.0003	15.1109
700000.0003	14.7929
700000.0003	14.7057
700000.0003	14.4387
700000.0003	14.2344
700000.0003	14.0414
700000.0003	13.8867
700000.0003	13.6425
700000.0003	13.6079
700000.0003	13.4691
700000.0003	13.2747
700000.0003	13.2131
700000.0003	13.1149
700000.0003	12.9467
700000.0003	12.8404
700000.0003	12.769
700000.0003	12.7138
700000.0003	12.6181
700000.0003	12.5297
700000.0003	12.3703
700000.0003	12.2736
700000.0003	12.2836
700000.0003	12.1952
700000.0003	12.0676
700000.0003	12.0698
700000.0003	11.9807
700000.0003	11.8894
700000.0003	11.8638
700000.0003	11.8524
700000.0003	11.7182
700000.0003	11.6642
700000.0003	11.5826
700000.0003	11.663
700000.0003	11.5666
700000.0003	11.561
700000.0003	11.5114
700000.0003	11.4325
700000.0003	11.5072
700000.0003	11.3858
700000.0003	11.4269
700000.0003	11.3588
700000.0003	11.2361
700000.0003	11.2845
700000.0003	11.2112
700000.0003	11.1316
700000.0003	11.1713
700000.0003	11.1701
700000.0003	11.0912
700000.0003	11.0935
700000.0003	11.0685
700000.0003	11.069
700000.0003	10.9648
700000.0003	10.9945
700000.0003	10.9757
700000.0003	10.9863
700000.0003	10.9078
700000.0003	10.9753
700000.0003	10.7929
700000.0003	10.8948
700000.0003	11.0004
700000.0003	10.8977
700000.0003	10.8166
700000.0003	10.8294
700000.0003	10.7992
700000.0003	10.7935
700000.0003	10.8002
700000.0003	10.8072
700000.0003	10.7433
700000.0003	10.805
700000.0003	10.8037
700000.0003	10.6331
700000.0003	10.7209
700000.0003	10.7337
700000.0003	10.7066
700000.0003	10.6921
700000.0003	10.6852
700000.0003	10.7458
700000.0003	10.7144
700000.0003	10.7083
700000.0003	10.6428
700000.0003	10.7233
700000.0003	10.6307
700000.0003	10.6831
700000.0003	10.6964
700000.0003	10.6411
700000.0003	10.6685
700000.0003	10.6516
700000.0003	10.7083
700000.0003	10.6125
700000.0003	10.6846
700000.0003	10.6511
700000.0003	10.5972
700000.0003	10.6312
700000.0003	10.6181
700000.0003	10.6506
700000.0003	10.6827
700000.0003	10.6742
700000.0003	10.6239
700000.0003	10.6195
700000.0003	10.6845
700000.0003	10.6498
700000.0003	10.5663
700000.0003	10.5524
700000.0003	10.6054
700000.0003	10.5121
700000.0003	10.5773
700000.0003	10.5662
700000.0003	10.4765
700000.0003	10.5833
700000.0003	10.4659
700000.0003	10.4501
700000.0003	10.3778
700000.0003	10.3579
700000.0003	10.3703
700000.0003	10.3465
700000.0003	10.2365
700000.0003	10.2785
700000.0003	10.2526
700000.0003	10.1717
700000.0003	10.1301
700000.0003	10.0526
700000.0003	10.0105
700000.0003	9.99345
700000.0003	9.90415
700000.0003	9.82858
700000.0003	9.84605
700000.0003	9.77778
700000.0003	9.6812
700000.0003	9.67337
700000.0003	9.60565
700000.0003	9.58592
700000.0003	9.43423
700000.0003	9.39248
700000.0003	9.39514
700000.0003	9.29522
700000.0003	9.27083
700000.0003	9.12811
700000.0003	9.08872
700000.0003	9.02551
700000.0003	8.99724
700000.0003	8.86224
700000.0003	8.78207
700000.0003	8.77105
700000.0003	8.69902
700000.0003	8.62755
700000.0003	8.5717
700000.0003	8.48302
700000.0003	8.44594
700000.0003	8.29536
700000.0003	8.24939
700000.0003	8.19114
700000.0003	8.07192
700000.0003	8.02573
700000.0003	7.90837
700000.0003	7.82045
700000.0003	7.83539
700000.0003	7.73061
700000.0003	7.61684
700000.0003	7.58724
700000.0003	7.48911
700000.0003	7.37136
700000.0003	7.31921
700000.0003	7.24429
700000.0003	7.1355
700000.0003	7.10542
700000.0003	6.95392
700000.0003	6.88071
700000.0003	6.8
700000.0003	6.78858
700000.0003	6.72863
700000.0003	6.60267
700000.0003	6.52148
700000.0003	6.47841
700000.0003	6.37412
700000.0003	6.3184
700000.0003	6.27673
700000.0003	6.19224
700000.0003	6.11311
700000.0003	6.08774
700000.0003	6.02221
700000.0003	5.94745
700000.0003	5.91516
700000.0003	5.85869
700000.0003	5.81549
700000.0003	5.79924
700000.0003	5.74867
700000.0003	5.69022
700000.0003	5.66485
700000.0003	5.63907
700000.0003	5.5993
700000.0003	5.55667
700000.0003	5.54145
700000.0003	5.48667
700000.0003	5.43349
700000.0003	5.38936
700000.0003	5.30561
700000.0003	5.20602
700000.0003	5.12286
700000.0003	4.98416
700000.0003	4.82212
700000.0003	4.67918
700000.0003	4.47217
700000.0003	4.25566
700000.0003	4.0266
700000.0003	3.79239
700000.0003	3.53677
700000.0003	3.28938
700000.0003	3.03219
700000.0003	2.79483
700000.0003	2.55904
700000.0003	2.33671
700000.0003	2.12146
700000.0003	1.92755
700000.0003	1.75401
700000.0003	1.57994
700000.0003	1.42378
700000.0003	1.28676
700000.0003	1.15155
700000.0003	1.03118
700000.0003	0.922561
700000.0003	0.826466
700000.0003	0.731143
700000.0003	0.651049
700000.0003	0.575391
700000.0003	0.510858
700000.0003	0.444725
700000.0003	0.388448
700000.0003	0.339315
700000.0003	0.294795
700000.0003	0.254295
700000.0003	0.21975
700000.0003	0.18892
700000.0003	0.160466
700000.0003	0.136189
700000.0003	0.116442
700000.0003	0.0979628
700000.0003	0.0822839
700000.0003	0.0689741
700000.0003	0.0575625
700000.0003	0.0482773
700000.0003	0.0404545
700000.0003	0.0340402
700000.0003	0.0283749
700000.0003	0.0241306
700000.0003	0.0200755
700000.0003	0.017101
700000.0003	0.0146344
700000.0003	0.0124761
700000.0003	0.0109246
700000.0003	0.0094682
700000.0003	0.00830512
700000.0003	0.00743221
700000.0003	0.00678031
700000.0003	0.00620059
700000.0003	0.00582366
700000.0003	0.00552033
700000.0003	0.00531201
700000.0003	0.00506411
700000.0003	0.00506094
700000.0003	0.00496414
700000.0003	0.00481281
700000.0003	0.00471036
700000.0003	0.00467869
700000.0003	0.00458743
700000.0003	0.00456591
700000.0003	0.00453121
700000.0003	0.00453416
700000.0003	0.00443505
700000.0003	0.00442331
700000.0003	0.00435224
700000.0003	0.00435445
700000.0003	0.00434779
700000.0003	0.00430649
700000.0003	0.00429013
700000.0003	0.00424786
700000.0003	0.00425234
700000.0003	0.00419818
700000.0003	0.00423787
700000.0003	0.00418165
700000.0003	0.00416714
700000.0003	0.00417365
700000.0003	0.00414478
700000.0003	0.00416215
700000.0003	0.00420359
700000.0003	0.0041388
700000.0003	0.00409943
700000.0003	0.0041457
700000.0003	0.00412354
700000.0003	0.00411942
700000.0003	0.00411353
700000.0003	0.00407458
700000.0003	0.0041491
700000.0003	0.00411738
700000.0003	0.00410052
700000.0003	0.00409086
700000.0003	0.00409407
700000.0003	0.00410342
700000.0003	0.00413156
700000.0003	0.00410796
700000.0003	0.00410652
700000.0003	0.00408474
700000.0003	0.0041125
700000.0003	0.00410501
700000.0003	0.0041201
700000.0003	0.00417935
700000.0003	0.00414885
700000.0003	0.00415205
700000.0003	0.00414931
700000.0003	0.00415563
700000.0003	0.00419086
700000.0003	0.00423758
700000.0003	0.00418163
700000.0003	0.00418272
700000.0003	0.00418052
700000.0003	0.00426475
700000.0003	0.00423339
700000.0003	0.00419873
700000.0003	0.00431748
700000.0003	0.00434822
700000.0003	0.00436854
700000.0003	0.00437528
700000.0003	0.00433505
700000.0003	0.00440639
700000.0003	0.00447623
700000.0003	0.00446019
700000.0003	0.00446021
700000.0003	0.0045233
700000.0003	0.00458668
700000.0003	0.00460071
700000.0003	0.00473316
700000.0003	0.00475368
700000.0003	0.00480507
700000.0003	0.00489393
700000.0003	0.00492326
700000.0003	0.00502951
700000.0003	0.00514243
700000.0003	0.00519898
700000.0003	0.00544678
700000.0003	0.00550599
700000.0003	0.0056929
700000.0003	0.00589309
700000.0003	0.00601304
700000.0003	0.00638867
700000.0003	0.00656212
700000.0003	0.00684545
700000.0003	0.00741425
700000.0003	0.00780801
700000.0003	0.00800794
700000.0003	0.00860727
700000.0003	0.00924708
700000.0003	0.0100824
700000.0003	0.0106581
700000.0003	0.0118234
700000.0003	0.012615
700000.0003	0.0138863
700000.0003	0.0152782
700000.0003	0.0164343
