700000.0003	63.9875
700000.0003	113.339
700000.0003	194.846
700000.0003	311.992
700000.0003	481.064
700000.0003	700.139
700000.0003	959.526
700000.0003	1258.67
700000.0003	1592.29
700000.0003	1971.59
700000.0003	2390.64
700000.0003	2855.47
700000.0003	3303.97
700000.0003	3657.04
700000.0003	3801.93
700000.0003	3735.79
700000.0003	3451.48
700000.0003	3050.87
700000.0003	2591.3
700000.0003	2142.69
700000.0003	1731.56
700000.0003	1359.36
700000.0003	1059.58
700000.0003	808.826
700000.0003	614.674
700000.0003	461.101
700000.0003	347.042
700000.0003	262.76
700000.0003	200.482
700000.0003	151.027
700000.0003	117.863
700000.0003	89.5464
700000.0003	69.5732
700000.0003	56.0111
700000.0003	43.8814
700000.0003	35.6069
700000.0003	26.2023
700000.0003	22.6427
700000.0003	16.1948
700000.0003	12.405
700000.0003	11.084
700000.0003	9.10572
700000.0003	9.12118
700000.0003	7.6229
700000.0003	6.6961
700000.0003	5.98076
700000.0003	5.22308
700000.0003	5.72394
700000.0003	4.21864
700000.0003	3.49036
700000.0003	4.1072
700000.0003	2.16863
700000.0003	2.98857
700000.0003	2.52742
700000.0003	2.74852
700000.0003	2.55286
700000.0003	2.21239
700000.0003	2.48756
700000.0003	2.17926
700000.0003	2.28815
700000.0003	1.11494
700000.0003	1.69865
700000.0003	1.23164
700000.0003	1.63633
700000.0003	2.24162
700000.0003	1.67232
700000.0003	0.228876
700000.0003	0.772817
700000.0003	1.72756
700000.0003	0.844828
700000.0003	1.0628
700000.0003	1.68902
700000.0003	0.566351
700000.0003	1.05266
700000.0003	0.753025
700000.0003	1.26588
700000.0003	0.457539
700000.0003	2.00092
700000.0003	-0.122336
700000.0003	0.365288
700000.0003	0.383472
700000.0003	0.779866
700000.0003	-0.438263
700000.0003	0.816469
700000.0003	0.276223
700000.0003	0.268919
700000.0003	1.79903
700000.0003	1.15508
700000.0003	1.03928
700000.0003	0.705517
700000.0003	0.593588
700000.0003	0.550139
700000.0003	0.686246
700000.0003	0.0627999
700000.0003	0.0598501
700000.0003	-0.330664
700000.0003	0.385677
700000.0003	1.28682
700000.0003	2.21341
700000.0003	0.826852
700000.0003	0.692314
700000.0003	0.200134
700000.0003	0.414231
700000.0003	-0.309792
700000.0003	0.333177
700000.0003	0.252697
700000.0003	-0.739928
700000.0003	0.815744
700000.0003	-0.468842
700000.0003	0.0568908
700000.0003	0.436627
700000.0003	-0.268119
700000.0003	-0.0775326
700000.0003	1.23223
700000.0003	0.273469
700000.0003	0.218485
700000.0003	0.527614
700000.0003	-0.0326329
700000.0003	-0.390935
700000.0003	-0.575297
700000.0003	-0.849912
700000.0003	0.542922
700000.0003	-0.440324
700000.0003	-0.873679
700000.0003	-0.919338
700000.0003	-0.328427
700000.0003	0.622093
700000.0003	-0.852772
700000.0003	0.650204
700000.0003	0.42021
700000.0003	-1.1399
700000.0003	1.16923
700000.0003	-0.213878
700000.0003	1.34797
700000.0003	0.643773
700000.0003	0.119683
700000.0003	0.534739
700000.0003	0.845817
700000.0003	-1.40869
700000.0003	-0.54512
700000.0003	-0.126187
700000.0003	-0.212319
700000.0003	-0.115004
700000.0003	-0.384545
700000.0003	0.23572
700000.0003	-0.845894
700000.0003	-0.41867
700000.0003	0.342807
700000.0003	-0.475427
700000.0003	-1.75469
700000.0003	-0.144987
700000.0003	-1.62647
700000.0003	-1.00293
700000.0003	-1.62171
700000.0003	-1.21744
700000.0003	-1.68573
700000.0003	-1.81987
700000.0003	-1.60773
700000.0003	-1.45106
700000.0003	-2.44116
700000.0003	-1.82754
700000.0003	-1.16932
700000.0003	-1.64277
700000.0003	-2.59063
700000.0003	-3.12215
700000.0003	-2.20022
700000.0003	-2.00155
700000.0003	-1.78053
700000.0003	-2.58955
700000.0003	-1.7202
700000.0003	-2.43719
700000.0003	-3.49715
700000.0003	-4.30701
700000.0003	-3.91761
700000.0003	-1.80555
700000.0003	-4.27394
700000.0003	-3.99401
700000.0003	-4.39546
700000.0003	-3.45738
700000.0003	-3.34732
700000.0003	-3.80312
700000.0003	-3.83523
700000.0003	-5.45913
700000.0003	-5.44017
700000.0003	-3.92694
700000.0003	-5.50439
700000.0003	-5.26891
700000.0003	-6.54404
700000.0003	-4.31847
700000.0003	-6.32474
700000.0003	-6.81779
700000.0003	-6.45188
700000.0003	-7.0191
700000.0003	-7.33781
700000.0003	-8.33872
700000.0003	-8.07783
700000.0003	-7.38722
700000.0003	-7.45978
700000.0003	-8.66948
700000.0003	-9.29267
700000.0003	-9.31581
700000.0003	-10.7861
700000.0003	-10.9859
700000.0003	-10.5329
700000.0003	-12.8709
700000.0003	-12.2938
700000.0003	-13.5826
700000.0003	-14.9394
700000.0003	-15.7221
700000.0003	-15.6284
700000.0003	-17.7424
700000.0003	-17.29
700000.0003	-18.6524
700000.0003	-20.1742
700000.0003	-20.921
700000.0003	-22.3319
700000.0003	-24.3177
700000.0003	-26.8917
700000.0003	-30.4732
700000.0003	-33.6957
700000.0003	-35.6774
700000.0003	-40.7978
700000.0003	-43.5376
700000.0003	-48.3373
700000.0003	-54.3115
700000.0003	-60.0534
700000.0003	-67.4805
700000.0003	-76.2952
700000.0003	-87.5027
700000.0003	-102.823
700000.0003	-116.544
700000.0003	-135.929
700000.0003	-155.503
700000.0003	-183.888
700000.0003	-212.915
700000.0003	-249.097
700000.0003	-288.271
700000.0003	-334.781
700000.0003	-390.707
700000.0003	-453.945
700000.0003	-520.167
700000.0003	-600.325
700000.0003	-683.596
700000.0003	-775.164
700000.0003	-866.313
700000.0003	-968.115
700000.0003	-1064.89
700000.0003	-1158.08
700000.0003	-1248.54
700000.0003	-1328.41
700000.0003	-1400.31
700000.0003	-1445.69
700000.0003	-1490.56
700000.0003	-1511.16
700000.0003	-1511.74
700000.0003	-1502.09
700000.0003	-1473.62
700000.0003	-1438.84
700000.0003	-1388.41
700000.0003	-1335.77
700000.0003	-1272.39
700000.0003	-1207.98
700000.0003	-1141.09
700000.0003	-1074.41
700000.0003	-1004.02
700000.0003	-935.117
700000.0003	-866.515
700000.0003	-800.746
700000.0003	-736.463
700000.0003	-675.031
700000.0003	-610.518
700000.0003	-553.443
700000.0003	-497.559
700000.0003	-442.956
700000.0003	-393.766
700000.0003	-346.719
700000.0003	-306.513
700000.0003	-269.453
700000.0003	-235.898
700000.0003	-203.796
700000.0003	-179.204
700000.0003	-154.895
700000.0003	-135.595
700000.0003	-120.123
700000.0003	-105.273
700000.0003	-95.9734
700000.0003	-85.2181
700000.0003	-76.6034
700000.0003	-70.0255
700000.0003	-65.1723
700000.0003	-62.0106
700000.0003	-56.5598
700000.0003	-54.1716
700000.0003	-52.1478
700000.0003	-49.2659
700000.0003	-47.5071
700000.0003	-46.5269
700000.0003	-44.9271
700000.0003	-43.673
700000.0003	-43.2525
700000.0003	-42.5954
700000.0003	-41.0007
700000.0003	-42.01
700000.0003	-41.9448
700000.0003	-41.7426
700000.0003	-41.9518
700000.0003	-41.1514
700000.0003	-40.9373
700000.0003	-41.1206
700000.0003	-40.8462
700000.0003	-41.252
700000.0003	-39.746
700000.0003	-40.3467
700000.0003	-41.0675
700000.0003	-41.2685
700000.0003	-40.7872
700000.0003	-40.9332
700000.0003	-40.0247
700000.0003	-40.0116
700000.0003	-40.6506
700000.0003	-39.881
700000.0003	-40.9682
700000.0003	-40.1203
700000.0003	-40.3229
700000.0003	-40.4208
700000.0003	-41.161
700000.0003	-40.9255
700000.0003	-40.8676
700000.0003	-40.3709
700000.0003	-41.0025
700000.0003	-39.2504
700000.0003	-40.4943
700000.0003	-40.5664
700000.0003	-40.1967
700000.0003	-40.0317
700000.0003	-41.2731
700000.0003	-39.4461
700000.0003	-40.4344
700000.0003	-39.7121
700000.0003	-41.1891
700000.0003	-39.2502
700000.0003	-40.2244
700000.0003	-39.1166
700000.0003	-39.7543
700000.0003	-40.1311
700000.0003	-40.5947
700000.0003	-40.3009
700000.0003	-39.2201
700000.0003	-40.6558
700000.0003	-40.0098
700000.0003	-40.3214
700000.0003	-39.2073
700000.0003	-38.8654
700000.0003	-39.6961
700000.0003	-39.8674
700000.0003	-39.3965
700000.0003	-40.3819
700000.0003	-40.0361
700000.0003	-39.2966
700000.0003	-39.644
700000.0003	-40.7524
700000.0003	-40.254
700000.0003	-39.5549
700000.0003	-40.5526
700000.0003	-40.3505
700000.0003	-39.4849
700000.0003	-40.1151
700000.0003	-39.7817
700000.0003	-40.1275
700000.0003	-38.9656
700000.0003	-39.2537
700000.0003	-39.3307
700000.0003	-39.5672
700000.0003	-39.362
700000.0003	-38.9427
700000.0003	-38.7342
700000.0003	-39.9584
700000.0003	-38.2523
700000.0003	-38.5595
700000.0003	-38.0065
700000.0003	-37.0355
700000.0003	-37.6078
700000.0003	-37.6022
700000.0003	-37.3244
700000.0003	-36.4523
700000.0003	-36.1378
700000.0003	-35.2538
700000.0003	-35.138
700000.0003	-33.5669
700000.0003	-33.3243
700000.0003	-31.8389
700000.0003	-29.4666
700000.0003	-27.8521
700000.0003	-24.0047
700000.0003	-19.803
700000.0003	-14.1065
700000.0003	-6.20547
700000.0003	2.85885
700000.0003	17.9706
700000.0003	34.5852
700000.0003	0.576853
700000.0003	1.37638
700000.0003	-0.215407
700000.0003	1.62897
700000.0003	-0.316574
700000.0003	-0.803498
700000.0003	1.66538
700000.0003	0.273122
700000.0003	2.08491
700000.0003	1.8092
700000.0003	0.6236
700000.0003	2.29501
700000.0003	-0.0846997
700000.0003	-2.33274
700000.0003	-0.651101
700000.0003	4.02085
700000.0003	-3.64849
700000.0003	-3.57797
700000.0003	-1.49888
700000.0003	4.52924
700000.0003	-0.499147
700000.0003	-2.89807
700000.0003	-0.0566693
700000.0003	-1.04621
700000.0003	1.82902
700000.0003	-0.343833
700000.0003	-1.09853
700000.0003	-1.75749
700000.0003	2.05632
700000.0003	1.45805
700000.0003	-1.60755
700000.0003	0.127714
700000.0003	0.69015
700000.0003	-0.478041
700000.0003	0.089891
700000.0003	-0.184751
700000.0003	1.29347
700000.0003	0.372056
700000.0003	-0.197542
700000.0003	-0.839882
700000.0003	-0.263072
700000.0003	-0.844219
700000.0003	0.141202
700000.0003	1.27813
700000.0003	0.00259841
700000.0003	-0.502
700000.0003	-0.837737
700000.0003	0.685602
700000.0003	-0.29974
700000.0003	0.454736
700000.0003	0.518295
700000.0003	-0.325484
700000.0003	0.137197
700000.0003	0.499676
700000.0003	0.39159
700000.0003	-0.25928
700000.0003	0.357286
700000.0003	-1.31891
700000.0003	0.683454
700000.0003	0.445645
700000.0003	-0.326602
700000.0003	-1.36557
700000.0003	-0.0463967
700000.0003	-1.29411
700000.0003	1.14487
700000.0003	0.513117
700000.0003	0.00676583
700000.0003	1.0805
700000.0003	0.677283
700000.0003	0.013846
700000.0003	-0.892593
700000.0003	-0.587734
700000.0003	-0.66022
700000.0003	0.916051
700000.0003	0.810872
700000.0003	0.724006
700000.0003	-1.26217
700000.0003	-0.417778
700000.0003	0.151441
700000.0003	-0.0194989
700000.0003	-1.16365
700000.0003	-0.0263075
700000.0003	-0.0140592
700000.0003	-0.270591
700000.0003	-0.628517
700000.0003	1.06135
700000.0003	0.627898
700000.0003	0.810846
700000.0003	-0.838633
700000.0003	0.370816
700000.0003	-0.225103
700000.0003	-1.13747
700000.0003	0.368236
700000.0003	0.161816
700000.0003	0.208752
700000.0003	0.933089
700000.0003	0.740713
700000.0003	0.0845468
700000.0003	-0.153285
700000.0003	-0.340116
700000.0003	-0.609815
700000.0003	-1.32248
700000.0003	0.637349
700000.0003	0.466787
700000.0003	-0.498978
700000.0003	0.197017
700000.0003	0.22103
700000.0003	-0.77504
700000.0003	0.330221
700000.0003	-0.268211
700000.0003	0.350746
700000.0003	0.62506
700000.0003	0.229749
700000.0003	0.649263
700000.0003	-0.608681
700000.0003	-0.720154
700000.0003	-0.233779
700000.0003	-0.315988
700000.0003	0.0396944
700000.0003	0.916389
700000.0003	0.591562
700000.0003	-1.05267
700000.0003	0.199929
700000.0003	-0.389361
700000.0003	-0.149806
700000.0003	0.0784974
700000.0003	-0.59366
700000.0003	-0.0427127
700000.0003	-0.205216
700000.0003	0.396999
700000.0003	0.593625
700000.0003	0.307474
700000.0003	-0.378807
700000.0003	0.178758
700000.0003	0.410154
700000.0003	-0.656333
700000.0003	0.741062
700000.0003	0.0704039
700000.0003	0.182681
700000.0003	-0.0664186
700000.0003	0.323161
700000.0003	1.00386
700000.0003	-0.102885
700000.0003	-0.82873
700000.0003	-0.26752
700000.0003	-0.242941
700000.0003	0.544942
700000.0003	-0.455317
700000.0003	0.313057
700000.0003	0.758057
700000.0003	-0.344603
700000.0003	-0.366096
700000.0003	-0.774072
700000.0003	-0.240286
700000.0003	0.177531
700000.0003	-0.0261566
700000.0003	0.203748
700000.0003	-0.478151
700000.0003	0.323446
700000.0003	0.978921
700000.0003	0.0496789
700000.0003	-0.353879
700000.0003	-0.25945
700000.0003	-0.460992
700000.0003	-0.298868
700000.0003	0.604943
700000.0003	0.0876985
700000.0003	-0.38683
700000.0003	-0.591144
700000.0003	0.49089
700000.0003	0.312588
700000.0003	-0.223159
700000.0003	0.757767
700000.0003	-0.250594
700000.0003	0.358395
700000.0003	-0.618082
700000.0003	-0.906552
700000.0003	0.416726
700000.0003	0.174859
700000.0003	-0.206947
700000.0003	0.0305869
700000.0003	0.460123
700000.0003	0.662273
700000.0003	-0.491041
700000.0003	-0.621752
700000.0003	-0.201793
700000.0003	0.644725
700000.0003	0.339639
700000.0003	-0.704563
700000.0003	1.61014
700000.0003	-0.547547
700000.0003	-0.615326
700000.0003	-0.121455
700000.0003	-0.987817
700000.0003	0.294119
700000.0003	0.16085
700000.0003	-0.551209
700000.0003	0.225852
700000.0003	-0.712133
700000.0003	-0.0233368
700000.0003	-0.43905
700000.0003	0.43555
700000.0003	0.0639661
700000.0003	-0.843206
700000.0003	1.29426
700000.0003	1.35545
700000.0003	0.568238
700000.0003	0.603959
700000.0003	-0.568834
700000.0003	-0.385187
700000.0003	-1.11242
700000.0003	0.845102
700000.0003	0.574413
700000.0003	-0.478823
700000.0003	-0.94992
700000.0003	0.758754
700000.0003	0.318176
700000.0003	-0.23609
700000.0003	-0.396602
700000.0003	-0.0308344
700000.0003	-0.178575
700000.0003	-0.327994
700000.0003	-0.551426
700000.0003	-1.97357
700000.0003	0.152466
700000.0003	1.13203
700000.0003	0.868002
700000.0003	0.119106
700000.0003	0.0802673
700000.0003	-0.559806
700000.0003	0.543149
700000.0003	0.113988
700000.0003	-0.624547
700000.0003	0.858009
700000.0003	3.05547
700000.0003	0.220152
700000.0003	-0.390534
700000.0003	-0.691357
700000.0003	-1.66533
700000.0003	2.00107
700000.0003	-0.553762
700000.0003	1.85636
700000.0003	-3.52263
700000.0003	-1.38521
700000.0003	0.0168509
700000.0003	0.148201
700000.0003	0.165749
700000.0003	-1.29228
700000.0003	-1.15582
700000.0003	1.3687
700000.0003	1.54657
700000.0003	0.480827
700000.0003	-0.166713
700000.0003	0.969669
700000.0003	-2.54764
700000.0003	2.91243
700000.0003	1.76907
700000.0003	2.48741
700000.0003	-1.39438
700000.0003	-0.0888003
700000.0003	0.381894
700000.0003	-3.1843
700000.0003	1.41663
700000.0003	-0.341747
700000.0003	-1.64426
700000.0003	0.543955
700000.0003	-3.21095
700000.0003	0.907531
700000.0003	-0.537749
700000.0003	-1.68024
700000.0003	1.57517
700000.0003	-0.40527
700000.0003	-1.45246
700000.0003	0.0967103
700000.0003	-1.1062
700000.0003	0.0173298
700000.0003	-0.33404
700000.0003	-1.24524
700000.0003	-0.362186
700000.0003	-0.224885
700000.0003	-1.01805
700000.0003	-0.856409
700000.0003	1.10273
700000.0003	-0.518226
700000.0003	-0.727532
700000.0003	-1.68619
700000.0003	-0.32068
700000.0003	-0.0173839
700000.0003	0.311245
700000.0003	-0.235947
700000.0003	0.481022
700000.0003	-0.722018
700000.0003	-0.504515
700000.0003	-0.0126042
700000.0003	1.07236
700000.0003	0.704893
700000.0003	0.339995
700000.0003	-0.368064
700000.0003	0.946085
700000.0003	0.531649
700000.0003	0.674417
700000.0003	-0.232987
700000.0003	-0.155253
700000.0003	-0.00464734
700000.0003	0.0183634
700000.0003	0.807119
700000.0003	0.385419
700000.0003	-0.897628
700000.0003	-0.370048
700000.0003	0.217752
700000.0003	0.0389888
700000.0003	0.493439
700000.0003	0.81851
700000.0003	1.32888
700000.0003	0.214534
700000.0003	1.05669
700000.0003	-0.413358
700000.0003	-0.209409
700000.0003	0.626308
700000.0003	0.0541376
700000.0003	-0.12008
700000.0003	0.334199
700000.0003	0.162242
700000.0003	0.0131312
700000.0003	-0.404273
700000.0003	0.354148
700000.0003	-1.20924
700000.0003	0.665434
700000.0003	0.219026
700000.0003	0.998625
700000.0003	0.33607
700000.0003	0.369138
700000.0003	0.0488635
700000.0003	0.12778
700000.0003	0.00204971
700000.0003	-0.388205
700000.0003	-0.0286827
700000.0003	-0.276083
700000.0003	1.0894
700000.0003	0.175603
700000.0003	-0.375222
700000.0003	0.244666
700000.0003	0.582253
700000.0003	-0.135127
700000.0003	0.481667
700000.0003	-0.697152
700000.0003	-0.753834
700000.0003	-0.131247
700000.0003	0.278593
700000.0003	0.640528
700000.0003	-0.682016
700000.0003	0.154669
700000.0003	0.135852
700000.0003	-0.525439
700000.0003	0.0948258
700000.0003	0.182231
700000.0003	0.211342
700000.0003	-0.258018
700000.0003	0.0835632
700000.0003	-1.1557
700000.0003	-0.573204
700000.0003	0.750333
700000.0003	0.0779519
700000.0003	-0.712886
700000.0003	-0.364831
700000.0003	0.669541
700000.0003	-0.165813
700000.0003	-0.232349
700000.0003	-0.162659
700000.0003	0.246619
700000.0003	-0.143893
700000.0003	-0.0375273
700000.0003	-0.0483205
700000.0003	0.908483
700000.0003	0.052906
700000.0003	0.215971
700000.0003	-0.0201297
700000.0003	0.171694
700000.0003	0.87101
700000.0003	-0.45392
700000.0003	0.223222
700000.0003	-0.134062
700000.0003	0.361282
700000.0003	-0.0396696
700000.0003	-0.0728654
700000.0003	0.281513
700000.0003	-0.215809
700000.0003	-0.162652
700000.0003	-0.207754
700000.0003	0.543026
700000.0003	-0.593215
700000.0003	0.006686
700000.0003	-0.748047
700000.0003	-0.0942562
700000.0003	0.0164055
700000.0003	-0.797437
700000.0003	-0.283663
700000.0003	-0.304371
700000.0003	0.14083
700000.0003	-0.0672508
