700000.0003	1471612
700000.0003	1469463
700000.0003	1468684
700000.0003	1475931
700000.0003	1490117
700000.0003	1489495
700000.0003	1476414
700000.0003	1448318
700000.0003	1417822
700000.0003	1396201
700000.0003	1386410
700000.0003	1383269
700000.0003	1376324
700000.0003	1343680
700000.0003	1271447
700000.0003	1163471
700000.0003	1035449
700000.0003	899059
700000.0003	777494
700000.0003	668549
700000.0003	576568
700000.0003	497874
700000.0003	430624
700000.0003	373625
700000.0003	327662
700000.0003	289728
700000.0003	257876
700000.0003	232730
700000.0003	211230
700000.0003	193633
700000.0003	180344
700000.0003	168146
700000.0003	157996
700000.0003	149716
700000.0003	142615
700000.0003	138112
700000.0003	132422
700000.0003	129622
700000.0003	126012
700000.0003	123829
700000.0003	121833
700000.0003	120157
700000.0003	119008
700000.0003	117382
700000.0003	115846
700000.0003	115522
700000.0003	114089
700000.0003	112950
700000.0003	112489
700000.0003	111517
700000.0003	110279
700000.0003	110305
700000.0003	109713
700000.0003	108263
700000.0003	107949
700000.0003	108054
700000.0003	106992
700000.0003	106476
700000.0003	106622
700000.0003	105995
700000.0003	105705
700000.0003	105340
700000.0003	104394
700000.0003	103980
700000.0003	104132
700000.0003	103797
700000.0003	102978
700000.0003	103431
700000.0003	102892
700000.0003	102280
700000.0003	101963
700000.0003	101688
700000.0003	100741
700000.0003	101204
700000.0003	100841
700000.0003	101487
700000.0003	100487
700000.0003	100715
700000.0003	100430
700000.0003	99757
700000.0003	100431
700000.0003	100007
700000.0003	100317
700000.0003	99628
700000.0003	99108
700000.0003	99821
700000.0003	99307
700000.0003	98658
700000.0003	99006
700000.0003	99206
700000.0003	98709
700000.0003	98488
700000.0003	99006
700000.0003	98431
700000.0003	98181
700000.0003	98243
700000.0003	98040
700000.0003	98177
700000.0003	97866
700000.0003	98159
700000.0003	97035
700000.0003	97605
700000.0003	98374
700000.0003	97746
700000.0003	97543
700000.0003	97362
700000.0003	97647
700000.0003	97645
700000.0003	97560
700000.0003	97537
700000.0003	96958
700000.0003	97296
700000.0003	97273
700000.0003	96391
700000.0003	97231
700000.0003	97266
700000.0003	96913
700000.0003	97105
700000.0003	96940
700000.0003	97264
700000.0003	97021
700000.0003	97155
700000.0003	96695
700000.0003	97335
700000.0003	96914
700000.0003	97082
700000.0003	97228
700000.0003	96729
700000.0003	97173
700000.0003	96966
700000.0003	97183
700000.0003	96723
700000.0003	97162
700000.0003	96938
700000.0003	96894
700000.0003	97024
700000.0003	97056
700000.0003	96668
700000.0003	96875
700000.0003	97304
700000.0003	96699
700000.0003	96744
700000.0003	97275
700000.0003	97221
700000.0003	96861
700000.0003	97039
700000.0003	97651
700000.0003	97208
700000.0003	98118
700000.0003	98493
700000.0003	98025
700000.0003	99335
700000.0003	99050
700000.0003	99009
700000.0003	98918
700000.0003	99872
700000.0003	100481
700000.0003	100662
700000.0003	100798
700000.0003	101453
700000.0003	102452
700000.0003	102374
700000.0003	103131
700000.0003	103608
700000.0003	104140
700000.0003	104676
700000.0003	105053
700000.0003	105822
700000.0003	106864
700000.0003	107815
700000.0003	107874
700000.0003	108912
700000.0003	109867
700000.0003	110893
700000.0003	110898
700000.0003	111844
700000.0003	113372
700000.0003	114277
700000.0003	115327
700000.0003	115944
700000.0003	117313
700000.0003	118075
700000.0003	119852
700000.0003	120615
700000.0003	121789
700000.0003	122963
700000.0003	124544
700000.0003	126464
700000.0003	128132
700000.0003	128986
700000.0003	130780
700000.0003	131738
700000.0003	133751
700000.0003	135802
700000.0003	137018
700000.0003	139149
700000.0003	140293
700000.0003	142391
700000.0003	145728
700000.0003	147531
700000.0003	148827
700000.0003	151624
700000.0003	154566
700000.0003	156150
700000.0003	159178
700000.0003	161610
700000.0003	163880
700000.0003	167359
700000.0003	169460
700000.0003	172374
700000.0003	175972
700000.0003	180153
700000.0003	184273
700000.0003	187459
700000.0003	191054
700000.0003	195523
700000.0003	199309
700000.0003	204399
700000.0003	210122
700000.0003	214628
700000.0003	219965
700000.0003	227090
700000.0003	233171
700000.0003	239509
700000.0003	246903
700000.0003	255132
700000.0003	264420
700000.0003	274044
700000.0003	283988
700000.0003	294750
700000.0003	306356
700000.0003	320376
700000.0003	335416
700000.0003	351708
700000.0003	370490
700000.0003	389488
700000.0003	411910
700000.0003	436970
700000.0003	464003
700000.0003	493451
700000.0003	526797
700000.0003	561324
700000.0003	599095
700000.0003	641278
700000.0003	685742
700000.0003	730447
700000.0003	777683
700000.0003	826837
700000.0003	875389
700000.0003	925041
700000.0003	973413
700000.0003	1019892
700000.0003	1061677
700000.0003	1104220
700000.0003	1140368
700000.0003	1172140
700000.0003	1203907
700000.0003	1229842
700000.0003	1252470
700000.0003	1276983
700000.0003	1293853
700000.0003	1310961
700000.0003	1327116
700000.0003	1339488
700000.0003	1351062
700000.0003	1364496
700000.0003	1372314
700000.0003	1382566
700000.0003	1390774
700000.0003	1398221
700000.0003	1404365
700000.0003	1408211
700000.0003	1415798
700000.0003	1420993
700000.0003	1422782
700000.0003	1428949
700000.0003	1431050
700000.0003	1436709
700000.0003	1437921
700000.0003	1440448
700000.0003	1441326
700000.0003	1444832
700000.0003	1447070
700000.0003	1448772
700000.0003	1449781
700000.0003	1451907
700000.0003	1452230
700000.0003	1452393
700000.0003	1455474
700000.0003	1455801
700000.0003	1454634
700000.0003	1457625
700000.0003	1456975
700000.0003	1457968
700000.0003	1456856
700000.0003	1459343
700000.0003	1457836
700000.0003	1457701
700000.0003	1459491
700000.0003	1458656
700000.0003	1458283
700000.0003	1458990
700000.0003	1460731
700000.0003	1459871
700000.0003	1458664
700000.0003	1458685
700000.0003	1461151
700000.0003	1458584
700000.0003	1460317
700000.0003	1459377
700000.0003	1460721
700000.0003	1460831
700000.0003	1461163
700000.0003	1460934
700000.0003	1457435
700000.0003	1461632
700000.0003	1460529
700000.0003	1462989
700000.0003	1461401
700000.0003	1461109
700000.0003	1460788
700000.0003	1463891
700000.0003	1460940
700000.0003	1459106
700000.0003	1461797
700000.0003	1463804
700000.0003	1465173
700000.0003	1460930
700000.0003	1462261
700000.0003	1462975
700000.0003	1463454
700000.0003	1463310
700000.0003	1461186
700000.0003	1464623
700000.0003	1465244
700000.0003	1465548
700000.0003	1463494
700000.0003	1462590
700000.0003	1464783
700000.0003	1465541
700000.0003	1463707
700000.0003	1465553
700000.0003	1465638
700000.0003	1466235
700000.0003	1467428
700000.0003	1464274
700000.0003	1464450
700000.0003	1465707
700000.0003	1469476
700000.0003	1467587
700000.0003	1465949
700000.0003	1468142
700000.0003	1467700
700000.0003	1468097
700000.0003	1466748
700000.0003	1466296
700000.0003	1469211
700000.0003	1472303
700000.0003	1469778
700000.0003	1467589
700000.0003	1470041
700000.0003	1470284
700000.0003	1469427
700000.0003	1470004
700000.0003	1469856
700000.0003	1472878
700000.0003	1473354
700000.0003	1472869
700000.0003	1472230
700000.0003	1469387
700000.0003	1472407
700000.0003	1473203
700000.0003	1475206
700000.0003	1474584
700000.0003	1475546
700000.0003	1476405
700000.0003	1474162
700000.0003	1473939
700000.0003	1473352
700000.0003	1476709
700000.0003	1478947
700000.0003	1481685
700000.0003	1479013
700000.0003	1479037
700000.0003	1476921
700000.0003	1475623
700000.0003	1478500
700000.0003	1480302
700000.0003	1485357
700000.0003	1485260
700000.0003	1485718
700000.0003	1482801
700000.0003	1477964
700000.0003	1477374
700000.0003	1476687
700000.0003	1483518
700000.0003	1493223
700000.0003	1490575
700000.0003	1489921
700000.0003	1478845
