700000.0003	28.6553
700000.0003	101.826
700000.0003	201.424
700000.0003	342.473
700000.0003	532.789
700000.0003	774.645
700000.0003	1071.42
700000.0003	1432.06
700000.0003	1842.86
700000.0003	2292.1
700000.0003	2772.8
700000.0003	3317.75
700000.0003	3851.67
700000.0003	4441.49
700000.0003	5026.92
700000.0003	5559.04
700000.0003	6006.37
700000.0003	6388.32
700000.0003	6671.67
700000.0003	6882.87
700000.0003	7050.68
700000.0003	7095.12
700000.0003	7100.81
700000.0003	7027.77
700000.0003	6917.54
700000.0003	6790.15
700000.0003	6561.65
700000.0003	6329.68
700000.0003	6095.37
700000.0003	5746.77
700000.0003	5369.72
700000.0003	4972.79
700000.0003	4531.19
700000.0003	4032.84
700000.0003	3524.38
700000.0003	2963.08
700000.0003	2371.11
700000.0003	1746.73
700000.0003	1073.08
700000.0003	365.842
700000.0003	0
700000.0003	0
700000.0003	0
700000.0003	0
700000.0003	0
700000.0003	0
700000.0003	0
700000.0003	0
700000.0003	0
700000.0003	0
700000.0003	0
700000.0003	0
700000.0003	0
700000.0003	0
700000.0003	0
700000.0003	0
700000.0003	0
700000.0003	0
700000.0003	0
700000.0003	0
700000.0003	0
700000.0003	0
700000.0003	0
700000.0003	0
700000.0003	0
700000.0003	0
700000.0003	0
700000.0003	0
700000.0003	0
700000.0003	0
700000.0003	0
700000.0003	0
700000.0003	0
700000.0003	0
700000.0003	0
700000.0003	0
700000.0003	0
700000.0003	0
700000.0003	0
700000.0003	0
700000.0003	0
700000.0003	0
700000.0003	0
700000.0003	0
700000.0003	0
700000.0003	0
700000.0003	0
700000.0003	0
700000.0003	0
700000.0003	0
700000.0003	0
700000.0003	0
700000.0003	0
700000.0003	0
700000.0003	0
700000.0003	0
700000.0003	0
700000.0003	0
700000.0003	0
700000.0003	0
700000.0003	0
700000.0003	0
700000.0003	0
700000.0003	0
700000.0003	0
700000.0003	0
700000.0003	0
700000.0003	0
700000.0003	0
700000.0003	0
700000.0003	0
700000.0003	0
700000.0003	0
700000.0003	0
700000.0003	0
700000.0003	0
700000.0003	0
700000.0003	0
700000.0003	0
700000.0003	0
700000.0003	0
700000.0003	0
700000.0003	0
700000.0003	0
700000.0003	0
700000.0003	0
700000.0003	0
700000.0003	0
700000.0003	0
700000.0003	0
700000.0003	0
700000.0003	0
700000.0003	0
700000.0003	0
700000.0003	0
700000.0003	0
700000.0003	0
700000.0003	0
700000.0003	0
700000.0003	0
700000.0003	-23.4551
700000.0003	-70.4628
700000.0003	-115.932
700000.0003	-163.7
700000.0003	-207.887
700000.0003	-252.493
700000.0003	-295.872
700000.0003	-338.856
700000.0003	-382.017
700000.0003	-422.547
700000.0003	-463.53
700000.0003	-510.176
700000.0003	-545.63
700000.0003	-584.311
700000.0003	-629.39
700000.0003	-665.8
700000.0003	-705.976
700000.0003	-740.104
700000.0003	-781.045
700000.0003	-815.306
700000.0003	-856.038
700000.0003	-889.495
700000.0003	-921.108
700000.0003	-956.954
700000.0003	-991.125
700000.0003	-1015.11
700000.0003	-1052.46
700000.0003	-1079.44
700000.0003	-1119.58
700000.0003	-1144.26
700000.0003	-1172.37
700000.0003	-1209.57
700000.0003	-1241.98
700000.0003	-1264.21
700000.0003	-1287.27
700000.0003	-1319.88
700000.0003	-1340
700000.0003	-1373.88
700000.0003	-1390.03
700000.0003	-1428.62
700000.0003	-1443.01
700000.0003	-1473.27
700000.0003	-1503.58
700000.0003	-1507.37
700000.0003	-1538.66
700000.0003	-1554.78
700000.0003	-1581.05
700000.0003	-1592.96
700000.0003	-1612.14
700000.0003	-1643.63
700000.0003	-1663.53
700000.0003	-1681.28
700000.0003	-1699.64
700000.0003	-1704.48
700000.0003	-1732.46
700000.0003	-1741.85
700000.0003	-1751.14
700000.0003	-1752.8
700000.0003	-1781.28
700000.0003	-1795.03
700000.0003	-1809.04
700000.0003	-1824.46
700000.0003	-1820.77
700000.0003	-1838.4
700000.0003	-1863.37
700000.0003	-1863.91
700000.0003	-1869.61
700000.0003	-1872.08
700000.0003	-1886.66
700000.0003	-1888.36
700000.0003	-1896.72
700000.0003	-1907.17
700000.0003	-1906.23
700000.0003	-1895.31
700000.0003	-1917.19
700000.0003	-1923.55
700000.0003	-1920.15
700000.0003	-1924.79
700000.0003	-1924.37
700000.0003	-1933.68
700000.0003	-1925.8
700000.0003	-1932.53
700000.0003	-1919.25
700000.0003	-1921.06
700000.0003	-1911.51
700000.0003	-1921.98
700000.0003	-1915.28
700000.0003	-1909.66
700000.0003	-1910.73
700000.0003	-1896.91
700000.0003	-1888.8
700000.0003	-1876.45
700000.0003	-1866.55
700000.0003	-1855.44
700000.0003	-1849.57
700000.0003	-1832.35
700000.0003	-1820.12
700000.0003	-1798.89
700000.0003	-1784.44
700000.0003	-1767.83
700000.0003	-1742.92
700000.0003	-1719.16
700000.0003	-1685.69
700000.0003	-1658.1
700000.0003	-1622.11
700000.0003	-1588.19
700000.0003	-1541.48
700000.0003	-1497.45
700000.0003	-1455.19
700000.0003	-1399.91
700000.0003	-1338.98
700000.0003	-1287.56
700000.0003	-1224.2
700000.0003	-1161.48
700000.0003	-1098.8
700000.0003	-1041.53
700000.0003	-974.052
700000.0003	-910.7
700000.0003	-849.621
700000.0003	-785.436
700000.0003	-729.491
700000.0003	-671.064
700000.0003	-616.044
700000.0003	-563.804
700000.0003	-511.334
700000.0003	-465.934
700000.0003	-419.475
700000.0003	-376.636
700000.0003	-333.504
700000.0003	-299.77
700000.0003	-265.392
700000.0003	-233.316
700000.0003	-206.168
700000.0003	-178.942
700000.0003	-155.157
700000.0003	-134.774
700000.0003	-115.774
700000.0003	-99.1902
700000.0003	-84.9226
700000.0003	-72.2696
700000.0003	-62.1193
700000.0003	-52.183
700000.0003	-44.4316
700000.0003	-37.6291
700000.0003	-31.3563
700000.0003	-26.1277
700000.0003	-22.5169
700000.0003	-19.0272
700000.0003	-15.7245
700000.0003	-13.1647
700000.0003	-10.9653
700000.0003	-9.08219
700000.0003	-7.43237
700000.0003	-6.11295
700000.0003	-4.81982
700000.0003	-3.77127
700000.0003	-2.76077
700000.0003	-1.89639
700000.0003	-1.12387
700000.0003	-0.355302
700000.0003	0
700000.0003	0
700000.0003	0
700000.0003	0
700000.0003	0
700000.0003	0
700000.0003	0
700000.0003	0
700000.0003	0
700000.0003	0
700000.0003	0
700000.0003	0
700000.0003	0
700000.0003	0
700000.0003	0
700000.0003	0
700000.0003	0
700000.0003	0
700000.0003	0
700000.0003	0
700000.0003	0
700000.0003	0
700000.0003	0
700000.0003	0
700000.0003	0
700000.0003	0
700000.0003	0
700000.0003	0
700000.0003	0
700000.0003	0
700000.0003	0
700000.0003	0
700000.0003	0
700000.0003	0
700000.0003	0
700000.0003	0
700000.0003	0
700000.0003	0
700000.0003	0
700000.0003	0
700000.0003	0
700000.0003	0
700000.0003	0
700000.0003	0
700000.0003	0
700000.0003	0
700000.0003	0
700000.0003	0
700000.0003	0
700000.0003	0
700000.0003	0
700000.0003	0
700000.0003	0
700000.0003	0
700000.0003	0
700000.0003	0
700000.0003	0
700000.0003	0
700000.0003	0
700000.0003	0
700000.0003	0
700000.0003	0
700000.0003	0
700000.0003	0
700000.0003	0
700000.0003	0
700000.0003	0
700000.0003	0
700000.0003	0
700000.0003	0
700000.0003	0
700000.0003	0
700000.0003	0
700000.0003	0
700000.0003	0
700000.0003	0
700000.0003	0
700000.0003	0
700000.0003	0
700000.0003	0
700000.0003	0
700000.0003	0
700000.0003	0
700000.0003	0
700000.0003	0
700000.0003	0
700000.0003	0
700000.0003	0
700000.0003	0
700000.0003	0
700000.0003	0
700000.0003	0
700000.0003	0
700000.0003	0
700000.0003	0
700000.0003	0
700000.0003	0
700000.0003	0
700000.0003	0
700000.0003	0
700000.0003	0.11729
700000.0003	-0.327583
700000.0003	0.324474
700000.0003	-4.28502
700000.0003	-0.186875
700000.0003	2.99571
700000.0003	-2.07931
700000.0003	2.2179
700000.0003	7.03707
700000.0003	9.22991
700000.0003	-0.218641
700000.0003	-9.97583
700000.0003	-3.55763
700000.0003	-2.32447
700000.0003	14.2241
700000.0003	11.1711
700000.0003	13.8622
700000.0003	24.4462
700000.0003	35.4639
700000.0003	4.62146
700000.0003	10.3905
700000.0003	-0.0165572
700000.0003	10.3505
700000.0003	11.0142
700000.0003	-17.6813
700000.0003	-25.2158
700000.0003	16.2686
700000.0003	16.2359
700000.0003	5.06759
700000.0003	14.1892
700000.0003	-8.27634
700000.0003	-19.4432
700000.0003	5.8949
700000.0003	-10.4959
700000.0003	3.78631
700000.0003	1.85031
700000.0003	4.17815
700000.0003	-2.77575
700000.0003	-0.632574
700000.0003	1.56883
700000.0003	0
700000.0003	0
700000.0003	0
700000.0003	0
700000.0003	0
700000.0003	0
700000.0003	0
700000.0003	0
700000.0003	0
700000.0003	0
700000.0003	0
700000.0003	0
700000.0003	0
700000.0003	0
700000.0003	0
700000.0003	0
700000.0003	0
700000.0003	0
700000.0003	0
700000.0003	0
700000.0003	0
700000.0003	0
700000.0003	0
700000.0003	0
700000.0003	0
700000.0003	0
700000.0003	0
700000.0003	0
700000.0003	0
700000.0003	0
700000.0003	0
700000.0003	0
700000.0003	0
700000.0003	0
700000.0003	0
700000.0003	0
700000.0003	0
700000.0003	0
700000.0003	0
700000.0003	0
700000.0003	0
700000.0003	0
700000.0003	0
700000.0003	0
700000.0003	0
700000.0003	0
700000.0003	0
700000.0003	0
700000.0003	0
700000.0003	0
700000.0003	0
700000.0003	0
700000.0003	0
700000.0003	0
700000.0003	0
700000.0003	0
700000.0003	0
700000.0003	0
700000.0003	0
700000.0003	0
700000.0003	0
700000.0003	0
700000.0003	0
700000.0003	0
700000.0003	0
700000.0003	0
700000.0003	0
700000.0003	0
700000.0003	0
700000.0003	0
700000.0003	0
700000.0003	0
700000.0003	0
700000.0003	0
700000.0003	0
700000.0003	0
700000.0003	0
700000.0003	0
700000.0003	0
700000.0003	0
700000.0003	0
700000.0003	0
700000.0003	0
700000.0003	0
700000.0003	0
700000.0003	0
700000.0003	0
700000.0003	0
700000.0003	0
700000.0003	0
700000.0003	0
700000.0003	0
700000.0003	0
700000.0003	0
700000.0003	0
700000.0003	0
700000.0003	0
700000.0003	0
700000.0003	0
700000.0003	0
700000.0003	-0.0130718
700000.0003	-0.143497
700000.0003	-0.01093
700000.0003	-0.210725
700000.0003	-0.653166
700000.0003	0.880665
700000.0003	-0.0696375
700000.0003	-1.08389
700000.0003	-0.10944
700000.0003	0.0845775
700000.0003	0.993497
700000.0003	1.09739
700000.0003	-0.439461
700000.0003	0.253961
700000.0003	-1.24818
700000.0003	2.09452
700000.0003	-0.538473
700000.0003	2.05736
700000.0003	-1.04042
700000.0003	2.62937
700000.0003	1.30288
700000.0003	-2.83524
700000.0003	0.535629
700000.0003	-2.42643
700000.0003	3.64173
700000.0003	-2.74935
700000.0003	-3.4075
700000.0003	0.427968
700000.0003	0.542627
700000.0003	0.15158
700000.0003	-0.206924
700000.0003	-0.0044015
700000.0003	-1.00977
700000.0003	-5.25801
700000.0003	0.617535
700000.0003	-1.7988
700000.0003	5.12189
700000.0003	4.97613
700000.0003	-2.47081
700000.0003	1.23527
700000.0003	-0.230128
700000.0003	3.22359
700000.0003	-4.49036
700000.0003	0.519749
700000.0003	1.70118
700000.0003	2.43265
700000.0003	-3.06461
700000.0003	1.29967
700000.0003	2.8125
700000.0003	2.29462
700000.0003	-2.54957
700000.0003	-3.31475
700000.0003	-9.25393
700000.0003	-4.03244
700000.0003	0.543129
700000.0003	-4.20118
700000.0003	-0.418285
700000.0003	4.96487
700000.0003	2.40025
700000.0003	4.92353
700000.0003	4.12011
700000.0003	-4.89517
700000.0003	-4.92698
700000.0003	-2.19658
700000.0003	4.33134
700000.0003	-2.64116
700000.0003	-3.35851
700000.0003	-3.18141
700000.0003	-2.15913
700000.0003	0.401275
700000.0003	2.65037
700000.0003	-3.31432
700000.0003	-6.39738
700000.0003	-1.98259
700000.0003	-1.12434
700000.0003	4.18567
700000.0003	1.41445
700000.0003	3.52076
700000.0003	-4.09712
700000.0003	-1.31814
700000.0003	6.31697
700000.0003	7.70139
700000.0003	1.29984
700000.0003	-3.4033
700000.0003	1.58137
700000.0003	2.59515
700000.0003	-1.76404
700000.0003	3.53029
700000.0003	-5.70427
700000.0003	-0.956597
700000.0003	0.976322
700000.0003	0.519915
700000.0003	1.65314
700000.0003	-1.58117
700000.0003	-2.46196
700000.0003	-8.4385
700000.0003	-1.04885
700000.0003	0.296968
700000.0003	-0.37177
700000.0003	-4.34363
700000.0003	-4.54811
700000.0003	0.225601
700000.0003	-2.2139
700000.0003	-2.00815
700000.0003	-1.96451
700000.0003	-2.64184
700000.0003	-1.06318
700000.0003	2.03497
700000.0003	0.379992
700000.0003	-0.990714
700000.0003	0.00570418
700000.0003	-1.72785
700000.0003	-0.568309
700000.0003	-0.423757
700000.0003	0.0120881
700000.0003	1.61904
700000.0003	1.28397
700000.0003	-0.66764
700000.0003	1.6802
700000.0003	0.389157
700000.0003	-0.574875
700000.0003	2.45615
700000.0003	-1.45364
700000.0003	1.64807
700000.0003	0.358528
700000.0003	-1.02344
700000.0003	-0.317788
700000.0003	0.87684
700000.0003	-0.457764
700000.0003	0.452484
700000.0003	-1.11857
700000.0003	0.0916214
700000.0003	-0.795514
700000.0003	-0.480956
700000.0003	-0.179316
700000.0003	0.00657444
700000.0003	-0.00219741
700000.0003	-0.101724
700000.0003	0.0195525
700000.0003	0.19945
700000.0003	0.0920595
700000.0003	-0.166937
700000.0003	-0.148626
700000.0003	-0.120757
700000.0003	0.345784
700000.0003	0.242152
700000.0003	-0.0804043
700000.0003	0.292447
700000.0003	-0.24951
700000.0003	0.0790635
700000.0003	0.0956711
700000.0003	0.0329743
700000.0003	0.0844215
700000.0003	0.00641722
700000.0003	0.0255029
700000.0003	-0.0447044
700000.0003	0.0189926
700000.0003	-0.0193644
700000.0003	0.0159509
700000.0003	-0.001513
700000.0003	0
700000.0003	0
700000.0003	0
700000.0003	0
700000.0003	0
700000.0003	0
700000.0003	0
700000.0003	0
700000.0003	0
700000.0003	0
700000.0003	0
700000.0003	0
700000.0003	0
700000.0003	0
700000.0003	0
700000.0003	0
700000.0003	0
700000.0003	0
700000.0003	0
700000.0003	0
700000.0003	0
700000.0003	0
700000.0003	0
700000.0003	0
700000.0003	0
700000.0003	0
700000.0003	0
700000.0003	0
700000.0003	0
700000.0003	0
700000.0003	0
700000.0003	0
700000.0003	0
700000.0003	0
700000.0003	0
700000.0003	0
700000.0003	0
700000.0003	0
700000.0003	0
700000.0003	0
700000.0003	0
700000.0003	0
700000.0003	0
700000.0003	0
700000.0003	0
700000.0003	0
700000.0003	0
700000.0003	0
700000.0003	0
700000.0003	0
700000.0003	0
700000.0003	0
700000.0003	0
700000.0003	0
700000.0003	0
700000.0003	0
700000.0003	0
700000.0003	0
700000.0003	0
700000.0003	0
700000.0003	0
700000.0003	0
700000.0003	0
700000.0003	0
700000.0003	0
700000.0003	0
700000.0003	0
700000.0003	0
700000.0003	0
700000.0003	0
700000.0003	0
700000.0003	0
700000.0003	0
700000.0003	0
700000.0003	0
700000.0003	0
700000.0003	0
700000.0003	0
700000.0003	0
700000.0003	0
700000.0003	0
700000.0003	0
700000.0003	0
700000.0003	0
700000.0003	0
700000.0003	0
700000.0003	0
700000.0003	0
700000.0003	0
700000.0003	0
700000.0003	0
700000.0003	0
700000.0003	0
700000.0003	0
700000.0003	0
700000.0003	0
700000.0003	0
700000.0003	0
700000.0003	0
700000.0003	0
