700000.0003	0.0261771
700000.0003	0.0360793
700000.0003	0.0528289
700000.0003	0.0805403
700000.0003	0.12535
700000.0003	0.188477
700000.0003	0.27844
700000.0003	0.400832
700000.0003	0.550877
700000.0003	0.74893
700000.0003	0.981396
700000.0003	1.27033
700000.0003	1.60449
700000.0003	1.98853
700000.0003	2.40486
700000.0003	2.86594
700000.0003	3.33586
700000.0003	3.80914
700000.0003	4.28043
700000.0003	4.75756
700000.0003	5.18656
700000.0003	5.63809
700000.0003	6.03974
700000.0003	6.4569
700000.0003	6.81739
700000.0003	7.22699
700000.0003	7.59556
700000.0003	7.90097
700000.0003	8.24217
700000.0003	8.52033
700000.0003	8.82702
700000.0003	9.05698
700000.0003	9.36971
700000.0003	9.60824
700000.0003	9.7511
700000.0003	9.83759
700000.0003	9.97887
700000.0003	10.1676
700000.0003	10.2702
700000.0003	10.2606
700000.0003	10.2298
700000.0003	10.2477
700000.0003	10.2757
700000.0003	10.2096
700000.0003	10.3303
700000.0003	10.1925
700000.0003	10.2885
700000.0003	10.3202
700000.0003	10.3309
700000.0003	10.2895
700000.0003	10.2783
700000.0003	10.3024
700000.0003	10.2081
700000.0003	10.2663
700000.0003	10.3135
700000.0003	10.3286
700000.0003	10.304
700000.0003	10.3453
700000.0003	10.3091
700000.0003	10.271
700000.0003	10.3285
700000.0003	10.2765
700000.0003	10.3718
700000.0003	10.2676
700000.0003	10.3277
700000.0003	10.3922
700000.0003	10.2313
700000.0003	10.3053
700000.0003	10.2764
700000.0003	10.3571
700000.0003	10.3616
700000.0003	10.3002
700000.0003	10.3074
700000.0003	10.4291
700000.0003	10.3093
700000.0003	10.3492
700000.0003	10.3599
700000.0003	10.3798
700000.0003	10.3773
700000.0003	10.2845
700000.0003	10.3018
700000.0003	10.3804
700000.0003	10.3671
700000.0003	10.4011
700000.0003	10.4193
700000.0003	10.3579
700000.0003	10.3636
700000.0003	10.4001
700000.0003	10.2963
700000.0003	10.3451
700000.0003	10.4061
700000.0003	10.3267
700000.0003	10.4164
700000.0003	10.3655
700000.0003	10.347
700000.0003	10.3337
700000.0003	10.3867
700000.0003	10.3855
700000.0003	10.3928
700000.0003	10.3595
700000.0003	10.4545
700000.0003	10.4359
700000.0003	10.425
700000.0003	10.4917
700000.0003	10.386
700000.0003	10.3983
700000.0003	10.3616
700000.0003	10.4061
700000.0003	10.397
700000.0003	10.4453
700000.0003	10.4426
700000.0003	10.4003
700000.0003	10.3651
700000.0003	10.4561
700000.0003	10.43
700000.0003	10.4258
700000.0003	10.4029
700000.0003	10.5185
700000.0003	10.3944
700000.0003	10.4326
700000.0003	10.4903
700000.0003	10.4443
700000.0003	10.34
700000.0003	10.4695
700000.0003	10.4597
700000.0003	10.4645
700000.0003	10.4371
700000.0003	10.4669
700000.0003	10.4827
700000.0003	10.4527
700000.0003	10.4447
700000.0003	10.514
700000.0003	10.4268
700000.0003	10.4818
700000.0003	10.4879
700000.0003	10.4825
700000.0003	10.5554
700000.0003	10.4983
700000.0003	10.5059
700000.0003	10.4177
700000.0003	10.5309
700000.0003	10.5221
700000.0003	10.4258
700000.0003	10.4428
700000.0003	10.4718
700000.0003	10.4995
700000.0003	10.4083
700000.0003	10.3902
700000.0003	10.4268
700000.0003	10.3637
700000.0003	10.3462
700000.0003	10.4045
700000.0003	10.2948
700000.0003	10.2817
700000.0003	10.2065
700000.0003	10.249
700000.0003	10.2295
700000.0003	10.0979
700000.0003	10.1269
700000.0003	10.1185
700000.0003	10.0976
700000.0003	10.0035
700000.0003	9.90697
700000.0003	9.92798
700000.0003	9.88243
700000.0003	9.8187
700000.0003	9.7658
700000.0003	9.65052
700000.0003	9.68572
700000.0003	9.62273
700000.0003	9.56092
700000.0003	9.50079
700000.0003	9.4722
700000.0003	9.37169
700000.0003	9.3277
700000.0003	9.24126
700000.0003	9.21195
700000.0003	9.08639
700000.0003	9.04795
700000.0003	8.98568
700000.0003	8.88211
700000.0003	8.86114
700000.0003	8.75439
700000.0003	8.72146
700000.0003	8.61599
700000.0003	8.56433
700000.0003	8.43692
700000.0003	8.40668
700000.0003	8.38557
700000.0003	8.21014
700000.0003	8.1712
700000.0003	8.03209
700000.0003	7.97419
700000.0003	7.95166
700000.0003	7.7814
700000.0003	7.71939
700000.0003	7.63481
700000.0003	7.59334
700000.0003	7.46861
700000.0003	7.40993
700000.0003	7.33779
700000.0003	7.20188
700000.0003	7.11295
700000.0003	7.00425
700000.0003	6.96726
700000.0003	6.86338
700000.0003	6.77121
700000.0003	6.64912
700000.0003	6.58687
700000.0003	6.48756
700000.0003	6.39355
700000.0003	6.30768
700000.0003	6.23301
700000.0003	6.0847
700000.0003	6.00006
700000.0003	5.9123
700000.0003	5.83308
700000.0003	5.72342
700000.0003	5.63178
700000.0003	5.54012
700000.0003	5.44665
700000.0003	5.34344
700000.0003	5.23626
700000.0003	5.15333
700000.0003	5.06378
700000.0003	4.97233
700000.0003	4.86775
700000.0003	4.78775
700000.0003	4.68129
700000.0003	4.54575
700000.0003	4.48319
700000.0003	4.37917
700000.0003	4.2714
700000.0003	4.17116
700000.0003	4.07335
700000.0003	3.96339
700000.0003	3.87812
700000.0003	3.75928
700000.0003	3.65935
700000.0003	3.55162
700000.0003	3.4594
700000.0003	3.33907
700000.0003	3.21435
700000.0003	3.10145
700000.0003	2.98009
700000.0003	2.85251
700000.0003	2.73096
700000.0003	2.59347
700000.0003	2.46953
700000.0003	2.33235
700000.0003	2.20662
700000.0003	2.06955
700000.0003	1.93728
700000.0003	1.797
700000.0003	1.66656
700000.0003	1.53679
700000.0003	1.41519
700000.0003	1.29594
700000.0003	1.18641
700000.0003	1.08252
700000.0003	0.977732
700000.0003	0.884838
700000.0003	0.797955
700000.0003	0.710443
700000.0003	0.636571
700000.0003	0.563438
700000.0003	0.500811
700000.0003	0.438513
700000.0003	0.383376
700000.0003	0.337788
700000.0003	0.292095
700000.0003	0.252416
700000.0003	0.216738
700000.0003	0.185918
700000.0003	0.158738
700000.0003	0.134212
700000.0003	0.114526
700000.0003	0.0977403
700000.0003	0.081239
700000.0003	0.0687894
700000.0003	0.0580969
700000.0003	0.048955
700000.0003	0.0407571
700000.0003	0.0347657
700000.0003	0.0295326
700000.0003	0.0246354
700000.0003	0.02126
700000.0003	0.017743
700000.0003	0.0155723
700000.0003	0.013314
700000.0003	0.0116408
700000.0003	0.010258
700000.0003	0.00907528
700000.0003	0.00824282
700000.0003	0.00729447
700000.0003	0.00662225
700000.0003	0.00609037
700000.0003	0.00583595
700000.0003	0.00559508
700000.0003	0.00544065
700000.0003	0.00518051
700000.0003	0.00512914
700000.0003	0.00506006
700000.0003	0.00498298
700000.0003	0.0050123
700000.0003	0.00481548
700000.0003	0.00480406
700000.0003	0.00473623
700000.0003	0.00466452
700000.0003	0.00458332
700000.0003	0.00460218
700000.0003	0.00455657
700000.0003	0.00447647
700000.0003	0.00440285
700000.0003	0.00443201
700000.0003	0.00438274
700000.0003	0.00433382
700000.0003	0.00437963
700000.0003	0.00434777
700000.0003	0.00425945
700000.0003	0.00432743
700000.0003	0.00430106
700000.0003	0.00420939
700000.0003	0.00420124
700000.0003	0.00426376
700000.0003	0.00421818
700000.0003	0.00421555
700000.0003	0.00419225
700000.0003	0.00413646
700000.0003	0.00413412
700000.0003	0.00418864
700000.0003	0.00410836
700000.0003	0.00416834
700000.0003	0.00416895
700000.0003	0.00414157
700000.0003	0.00412838
700000.0003	0.00418562
700000.0003	0.00413241
700000.0003	0.00412731
700000.0003	0.00414321
700000.0003	0.00416689
700000.0003	0.00409382
700000.0003	0.00411927
700000.0003	0.0041444
700000.0003	0.0041529
700000.0003	0.00413172
700000.0003	0.00419722
700000.0003	0.00418702
700000.0003	0.00421133
700000.0003	0.00411831
700000.0003	0.00414979
700000.0003	0.00424589
700000.0003	0.00424282
700000.0003	0.00428968
700000.0003	0.00422665
700000.0003	0.00422001
700000.0003	0.00428423
700000.0003	0.00425084
700000.0003	0.00440468
700000.0003	0.00425407
700000.0003	0.00433513
700000.0003	0.00443799
700000.0003	0.0043716
700000.0003	0.00444139
700000.0003	0.00446377
700000.0003	0.00453527
700000.0003	0.0045969
700000.0003	0.00457403
700000.0003	0.00464973
700000.0003	0.00462372
700000.0003	0.00480107
700000.0003	0.00472707
700000.0003	0.00490368
700000.0003	0.00494644
700000.0003	0.00485717
700000.0003	0.00497375
700000.0003	0.00509471
700000.0003	0.00516359
700000.0003	0.00537021
700000.0003	0.00539841
700000.0003	0.00554737
700000.0003	0.00556802
700000.0003	0.00578834
700000.0003	0.00596519
700000.0003	0.00616378
700000.0003	0.0063463
700000.0003	0.00657344
700000.0003	0.00690542
700000.0003	0.00720452
700000.0003	0.00760274
700000.0003	0.00801615
700000.0003	0.00855083
700000.0003	0.00898412
700000.0003	0.009836
700000.0003	0.0108606
700000.0003	0.011957
700000.0003	0.0135213
700000.0003	0.0154097
700000.0003	0.017822
700000.0003	0.0213807
700000.0003	0.000360264
700000.0003	6.22475e-05
700000.0003	-0.000591629
700000.0003	-0.000296035
700000.0003	0.000722733
700000.0003	0.000613834
700000.0003	-0.00242672
700000.0003	-0.00322047
700000.0003	-0.00252632
700000.0003	0.000685604
700000.0003	0.00568544
700000.0003	-0.00321368
700000.0003	-0.00597526
700000.0003	0.00151959
700000.0003	5.86595e-05
700000.0003	-0.00601218
700000.0003	-0.00482539
700000.0003	0.014336
700000.0003	0.00520101
700000.0003	0.00300065
700000.0003	0.00299567
700000.0003	0.00100666
700000.0003	-0.00657867
700000.0003	0.00940298
700000.0003	-0.0345938
700000.0003	-0.00601402
700000.0003	-0.0198992
700000.0003	0.0364121
700000.0003	-0.0309209
700000.0003	0.0187037
700000.0003	0.0213887
700000.0003	-0.00693765
700000.0003	0.00714041
700000.0003	-0.00633103
700000.0003	-0.016968
700000.0003	0.0146227
700000.0003	-0.0101279
700000.0003	0.0361109
700000.0003	-0.00246201
700000.0003	0.0172494
700000.0003	0.0195333
700000.0003	0.0266455
700000.0003	-0.0400537
700000.0003	0.000550296
700000.0003	-0.0360312
700000.0003	-0.0214596
700000.0003	0.00865271
700000.0003	-0.0144559
700000.0003	0.0151043
700000.0003	0.00382351
700000.0003	0.0268647
700000.0003	0.0308765
700000.0003	0.0560048
700000.0003	-0.000223596
700000.0003	-0.0279828
700000.0003	0.031392
700000.0003	-0.00409782
700000.0003	0.00225215
700000.0003	0.0151006
700000.0003	0.0025999
700000.0003	0.0380314
700000.0003	-0.0364353
700000.0003	0.00747985
700000.0003	-0.0260111
700000.0003	-0.0183678
700000.0003	-0.00287221
700000.0003	0.0539113
700000.0003	-0.0509315
700000.0003	-0.00415291
700000.0003	-0.0221576
700000.0003	-0.0125022
700000.0003	0.0034068
700000.0003	0.0289332
700000.0003	-0.0106306
700000.0003	0.037771
700000.0003	0.00414816
700000.0003	-0.00725961
700000.0003	-0.00300327
700000.0003	0.000291265
700000.0003	-0.0233565
700000.0003	-0.000238149
700000.0003	0.010419
700000.0003	-0.0238636
700000.0003	-0.0166994
700000.0003	-0.00840361
700000.0003	0.0348033
700000.0003	-0.0174701
700000.0003	0.010444
700000.0003	0.0198215
700000.0003	-0.0207148
700000.0003	-0.0295248
700000.0003	-0.0174764
700000.0003	0.00133142
700000.0003	-0.0144938
700000.0003	-0.022214
700000.0003	0.00686062
700000.0003	-0.0650691
700000.0003	-0.0288167
700000.0003	-0.00770812
700000.0003	0.0566653
700000.0003	0.000760103
700000.0003	0.0860477
700000.0003	0.00944286
700000.0003	-0.0067163
700000.0003	-0.0374304
700000.0003	0.0329092
700000.0003	-0.00539715
700000.0003	-0.034671
700000.0003	-0.0468334
700000.0003	0.027559
700000.0003	-0.0180691
700000.0003	0.0177938
700000.0003	-0.01483
700000.0003	0.00311671
700000.0003	0.00997877
700000.0003	-0.0305157
700000.0003	0.0252919
700000.0003	-0.029003
700000.0003	0.0344844
700000.0003	-0.0277104
700000.0003	0.0331581
700000.0003	0.0196705
700000.0003	-0.00781395
700000.0003	-0.0103048
700000.0003	-0.0052271
700000.0003	-0.0277345
700000.0003	-0.00481253
700000.0003	-0.0192119
700000.0003	-0.0443837
700000.0003	-0.0283225
700000.0003	-0.0384518
700000.0003	0.0376005
700000.0003	-0.0441628
700000.0003	-0.0114017
700000.0003	-0.00321306
700000.0003	-0.00816328
700000.0003	0.00752246
700000.0003	0.0113589
700000.0003	0.033715
700000.0003	0.0106646
700000.0003	-0.00241058
700000.0003	0.0368392
700000.0003	0.00160933
700000.0003	-0.0274984
700000.0003	-0.0492026
700000.0003	0.0210033
700000.0003	-0.0258724
700000.0003	0.00232393
700000.0003	-0.00856827
700000.0003	-0.0365934
700000.0003	0.00892657
700000.0003	-0.00223119
700000.0003	-0.0396384
700000.0003	-0.0497867
700000.0003	0.0103187
700000.0003	0.0344286
700000.0003	-0.0448765
700000.0003	0.012489
700000.0003	-0.0175893
700000.0003	-0.0187431
700000.0003	-0.00139416
700000.0003	-0.0219321
700000.0003	-0.0244328
700000.0003	0.014347
700000.0003	-0.0464932
700000.0003	0.0135697
700000.0003	0.0145683
700000.0003	-0.00184548
700000.0003	-0.00905692
700000.0003	-0.0180827
700000.0003	-0.0081614
700000.0003	0.0214066
700000.0003	0.0182298
700000.0003	-0.0230384
700000.0003	-0.0169055
700000.0003	0.00975804
700000.0003	0.0147279
700000.0003	0.00203969
700000.0003	0.0384971
700000.0003	0.0128437
700000.0003	-0.0260777
700000.0003	0.00427578
700000.0003	0.0107323
700000.0003	-0.00336297
700000.0003	-0.0277429
700000.0003	-0.00934929
700000.0003	0.0140581
700000.0003	-0.0295549
700000.0003	0.00302366
700000.0003	-0.0152455
700000.0003	-0.0378913
700000.0003	0.00557136
700000.0003	0.0052763
700000.0003	0.0140703
700000.0003	-0.0270801
700000.0003	0.00683666
700000.0003	0.00540282
700000.0003	0.0108491
700000.0003	0.00361756
700000.0003	-0.028582
700000.0003	-0.00628158
700000.0003	-0.0122498
700000.0003	0.0215116
700000.0003	0.0151839
700000.0003	0.0344941
700000.0003	0.00420382
700000.0003	0.0187595
700000.0003	0.00497854
700000.0003	-0.00425701
700000.0003	0.0181623
700000.0003	-0.0118194
700000.0003	0.00767261
700000.0003	0.0119476
700000.0003	-0.0118422
700000.0003	0.0121645
700000.0003	0.000468202
700000.0003	-0.0162846
700000.0003	0.0078901
700000.0003	0.00184286
700000.0003	0.015728
700000.0003	-0.00832788
700000.0003	-0.00592702
700000.0003	0.0092151
700000.0003	-1.76456e-05
700000.0003	-0.00381998
700000.0003	0.00588953
700000.0003	-0.0102988
700000.0003	-0.00808197
700000.0003	0.00869922
700000.0003	0.012713
700000.0003	0.00696902
700000.0003	-0.0100633
700000.0003	0.0104126
700000.0003	-0.0134589
700000.0003	-0.00130832
700000.0003	0.0106789
700000.0003	0.00556498
700000.0003	-0.00122514
700000.0003	-0.0065179
700000.0003	0.000126864
700000.0003	0.00674606
700000.0003	0.00555189
700000.0003	0.00378417
700000.0003	-9.22114e-05
700000.0003	0.000657764
700000.0003	8.29379e-05
700000.0003	0.000706193
700000.0003	0.0027361
700000.0003	-0.0046908
700000.0003	-0.00260106
700000.0003	-0.00437808
700000.0003	0.00677625
700000.0003	0.0035129
700000.0003	0.00226119
700000.0003	-0.00684567
700000.0003	0.00214871
700000.0003	0.00286724
700000.0003	0.00601167
700000.0003	-0.00322342
700000.0003	0.00217533
700000.0003	0.000360154
700000.0003	-0.0010751
700000.0003	0.00204814
700000.0003	-0.00164616
700000.0003	0.000346632
700000.0003	-0.00244699
700000.0003	-0.00271926
700000.0003	-0.000639984
700000.0003	-0.000120624
700000.0003	-6.59931e-05
700000.0003	-0.000646689
700000.0003	-0.000824409
700000.0003	-0.000610876
700000.0003	-0.000407341
700000.0003	-0.000553083
700000.0003	6.8583e-05
700000.0003	0.000166011
700000.0003	-0.000780279
700000.0003	-0.000417705
700000.0003	-0.000265732
700000.0003	-0.000145786
700000.0003	-6.72674e-05
700000.0003	5.2326e-05
700000.0003	-0.000124498
700000.0003	-3.02142e-07
700000.0003	-0.000415324
700000.0003	-1.05791e-05
700000.0003	7.10343e-05
700000.0003	0.000202639
700000.0003	-5.81229e-05
700000.0003	-0.000179362
700000.0003	2.42474e-05
700000.0003	4.96523e-05
700000.0003	2.26481e-06
700000.0003	-1.94197e-05
700000.0003	-1.24039e-05
700000.0003	-7.26203e-05
700000.0003	-2.1347e-05
700000.0003	3.67729e-05
700000.0003	1.43126e-05
700000.0003	1.5221e-05
700000.0003	-6.03046e-05
700000.0003	-6.38082e-06
700000.0003	2.64082e-05
700000.0003	9.1464e-06
700000.0003	-9.24524e-06
700000.0003	-5.38386e-05
700000.0003	-5.77498e-05
700000.0003	9.73688e-07
700000.0003	-1.22051e-05
700000.0003	1.1434e-05
700000.0003	1.29469e-05
700000.0003	-9.11693e-06
700000.0003	-7.49482e-06
700000.0003	4.2777e-05
700000.0003	-1.44762e-05
700000.0003	-3.56203e-05
700000.0003	-3.12436e-05
700000.0003	-3.44506e-05
700000.0003	-7.71304e-05
700000.0003	-2.02386e-05
700000.0003	7.70636e-05
700000.0003	2.31427e-05
700000.0003	-1.13511e-05
700000.0003	4.60215e-05
700000.0003	7.16229e-06
700000.0003	1.14805e-05
700000.0003	9.0594e-06
700000.0003	-2.53239e-05
700000.0003	4.44327e-06
700000.0003	3.50463e-05
700000.0003	-2.54289e-05
700000.0003	3.27399e-05
700000.0003	-2.52266e-05
700000.0003	3.22039e-05
700000.0003	1.29924e-05
700000.0003	-5.22959e-05
700000.0003	1.23296e-07
700000.0003	-7.55411e-07
700000.0003	1.79424e-05
700000.0003	2.95207e-05
700000.0003	3.7096e-05
700000.0003	-1.06651e-06
700000.0003	-1.71913e-05
700000.0003	-2.65602e-05
700000.0003	1.89758e-05
700000.0003	7.79796e-06
700000.0003	2.01191e-05
700000.0003	-6.74573e-06
700000.0003	4.4496e-06
700000.0003	-2.11036e-05
700000.0003	4.32257e-05
700000.0003	-1.12153e-05
700000.0003	-1.05045e-06
700000.0003	5.22792e-05
700000.0003	9.43041e-06
700000.0003	-1.2947e-05
700000.0003	-3.22004e-05
700000.0003	1.70845e-05
700000.0003	-2.30553e-05
700000.0003	-2.57102e-05
700000.0003	-1.94394e-05
700000.0003	-1.58303e-05
700000.0003	-5.27002e-06
700000.0003	-2.22782e-05
700000.0003	-1.55119e-05
700000.0003	3.8056e-05
700000.0003	3.29589e-05
700000.0003	2.57965e-05
700000.0003	8.45377e-07
700000.0003	3.09305e-05
700000.0003	5.02691e-06
700000.0003	2.43679e-05
700000.0003	-3.46421e-05
700000.0003	-1.21231e-05
700000.0003	-1.12774e-05
700000.0003	-2.21388e-05
700000.0003	-1.19615e-05
700000.0003	1.49284e-05
700000.0003	-4.12182e-05
700000.0003	-3.416e-05
700000.0003	5.13994e-05
700000.0003	3.15767e-05
700000.0003	1.62975e-05
700000.0003	9.129e-06
700000.0003	6.61029e-05
700000.0003	0.000191301
700000.0003	6.55483e-05
700000.0003	4.11238e-05
700000.0003	6.63168e-05
700000.0003	8.01525e-05
700000.0003	8.28702e-05
700000.0003	-5.47388e-06
700000.0003	0.000120484
700000.0003	3.88178e-05
700000.0003	-0.000165329
700000.0003	1.05123e-05
700000.0003	-0.000131798
700000.0003	-0.00017462
700000.0003	-0.000142288
700000.0003	-0.000319807
700000.0003	-0.000100836
700000.0003	0.000129082
700000.0003	-0.000848993
700000.0003	0.000577946
700000.0003	-0.00137984
700000.0003	0.0007203
700000.0003	0.0013495
700000.0003	0.000299651
700000.0003	-0.00191666
700000.0003	0.00310631
700000.0003	0.00323481
700000.0003	0.0025627
700000.0003	0.00127885
700000.0003	-0.000495448
700000.0003	-0.00748209
700000.0003	-0.00206622
700000.0003	-0.0138502
700000.0003	0.00318687
700000.0003	0.018407
700000.0003	-0.00408696
700000.0003	-0.00403314
700000.0003	0.0132409
700000.0003	0.0202558
700000.0003	-0.0139617
700000.0003	0.00748018
700000.0003	-0.0202381
700000.0003	0.0147115
700000.0003	-0.0222859
700000.0003	0.0281385
700000.0003	0.0278499
700000.0003	-0.0195923
700000.0003	0.0311291
700000.0003	-0.0223125
700000.0003	-0.0272531
700000.0003	-0.00594043
700000.0003	-0.017132
700000.0003	0.0484572
700000.0003	0.00240756
700000.0003	0.0147784
700000.0003	0.0052276
700000.0003	0.0316631
700000.0003	-0.0381752
700000.0003	0.00222853
700000.0003	-0.0322218
700000.0003	-0.0268221
700000.0003	0.00989991
700000.0003	-0.00752775
700000.0003	0.0184817
700000.0003	0.0160627
700000.0003	0.0347146
700000.0003	0.046348
700000.0003	0.051994
700000.0003	-0.00607236
700000.0003	-0.0299536
700000.0003	0.0256885
700000.0003	-0.0161982
700000.0003	-0.013048
700000.0003	0.011986
700000.0003	0.0112151
700000.0003	0.0528556
700000.0003	-0.0322471
700000.0003	-0.0095837
700000.0003	-0.0230009
700000.0003	-0.0130124
700000.0003	-0.00185597
700000.0003	0.0539772
700000.0003	-0.0513587
700000.0003	-0.0151121
700000.0003	-0.0192417
700000.0003	-0.0257128
700000.0003	0.020479
700000.0003	0.0180775
700000.0003	-0.0192008
700000.0003	0.0359557
700000.0003	-0.0056438
700000.0003	-0.0103946
700000.0003	0.00276642
700000.0003	-0.0152116
700000.0003	-0.0190451
700000.0003	0.000654319
700000.0003	0.0139139
700000.0003	-0.00849876
700000.0003	0.000337581
700000.0003	-0.0195017
700000.0003	0.0438163
700000.0003	-0.000587015
700000.0003	0.00758224
700000.0003	0.0366644
700000.0003	-0.0133552
700000.0003	-0.0379729
700000.0003	-0.0250337
700000.0003	-0.00646027
700000.0003	-0.0153154
700000.0003	-0.0265812
700000.0003	0.00613913
700000.0003	-0.0581072
700000.0003	-0.0219585
700000.0003	-0.00546713
700000.0003	0.0485096
700000.0003	0.00775729
700000.0003	0.0973266
700000.0003	0.0113787
700000.0003	-0.00111449
700000.0003	-0.0393104
700000.0003	0.0461334
700000.0003	-0.00477528
700000.0003	-0.0348905
700000.0003	-0.0358335
700000.0003	0.0441827
700000.0003	-0.00832388
700000.0003	0.018858
700000.0003	-0.0113174
700000.0003	-0.00897515
700000.0003	0.0149845
700000.0003	-0.036563
700000.0003	0.0145174
700000.0003	-0.0187365
700000.0003	0.0331716
700000.0003	-0.0233319
700000.0003	0.0319742
700000.0003	0.00747236
700000.0003	-0.0247462
700000.0003	-0.00699186
700000.0003	-0.00117958
700000.0003	-0.0305268
700000.0003	-0.0085251
700000.0003	-0.0258664
700000.0003	-0.0335548
700000.0003	-0.0252495
700000.0003	-0.0407749
700000.0003	0.0420569
700000.0003	-0.0480309
700000.0003	-0.00595252
700000.0003	-0.00505635
700000.0003	0.0058905
700000.0003	0.00929973
700000.0003	0.00934158
700000.0003	0.0262961
700000.0003	0.0233439
700000.0003	-0.00180327
700000.0003	0.0266021
700000.0003	0.0115616
700000.0003	-0.0334221
700000.0003	-0.0266621
700000.0003	0.0158336
700000.0003	-0.0317934
700000.0003	0.00137975
700000.0003	-0.00207559
700000.0003	-0.0305049
700000.0003	0.0114841
700000.0003	-0.00976458
700000.0003	-0.0512257
700000.0003	-0.0694155
700000.0003	0.0128645
700000.0003	0.0195604
700000.0003	-0.03998
700000.0003	0.010275
700000.0003	-0.0156748
700000.0003	-0.0347123
700000.0003	0.0108197
700000.0003	-0.0266379
700000.0003	-0.020058
700000.0003	0.0199286
700000.0003	-0.0441282
700000.0003	0.0125216
700000.0003	0.016937
700000.0003	-0.00439437
700000.0003	-0.0116284
700000.0003	-0.0248289
700000.0003	-0.0120033
700000.0003	0.0192002
700000.0003	0.014466
700000.0003	-0.0348044
700000.0003	-0.0200102
700000.0003	0.0186394
700000.0003	0.00765105
700000.0003	-0.00102614
700000.0003	0.0280618
700000.0003	0.0186117
700000.0003	-0.0135796
700000.0003	0.00941672
700000.0003	0.016513
700000.0003	-0.00710532
700000.0003	-0.0302226
700000.0003	-0.00727974
700000.0003	0.0146912
700000.0003	-0.0219887
700000.0003	-0.00669306
700000.0003	-0.00631147
700000.0003	-0.030888
700000.0003	0.0136119
700000.0003	0.0120076
700000.0003	0.0104943
700000.0003	-0.0226684
700000.0003	0.00551332
700000.0003	0.00320281
700000.0003	0.0002996
700000.0003	0.00197531
700000.0003	-0.0224102
700000.0003	-0.0151435
700000.0003	-0.0168549
700000.0003	0.0273387
700000.0003	0.0113653
700000.0003	0.0299184
700000.0003	0.0153255
700000.0003	0.0142852
700000.0003	-0.00564155
700000.0003	-0.00408947
700000.0003	0.0133235
700000.0003	-0.013838
700000.0003	0.00671133
700000.0003	0.0220155
700000.0003	0.000810141
700000.0003	0.0080444
700000.0003	0.00509845
700000.0003	-0.020046
700000.0003	-0.00145833
700000.0003	-0.00312052
700000.0003	0.00818021
700000.0003	-0.00575699
700000.0003	-0.0203695
700000.0003	0.00911063
700000.0003	-0.0072458
700000.0003	0.0029981
700000.0003	0.00259729
700000.0003	-0.0139371
700000.0003	-0.00639332
700000.0003	0.0165659
700000.0003	0.000546811
700000.0003	-0.00310497
700000.0003	-0.00696146
700000.0003	0.00166617
700000.0003	-0.0108659
700000.0003	-0.00488837
700000.0003	0.00701311
700000.0003	0.000610771
700000.0003	0.0034154
700000.0003	-0.00825011
700000.0003	0.00721761
700000.0003	0.00279413
700000.0003	0.00588816
700000.0003	-0.000898369
700000.0003	0.00327376
700000.0003	0.00323519
700000.0003	0.00288095
700000.0003	-0.00108303
700000.0003	-0.000894028
700000.0003	-0.0026288
700000.0003	-0.00319717
700000.0003	0.00203425
700000.0003	0.00580989
700000.0003	0.00179548
700000.0003	-0.00508643
700000.0003	-0.00316401
700000.0003	0.00185309
700000.0003	0.00149619
700000.0003	-0.00134858
700000.0003	0.00121509
700000.0003	-0.00236958
700000.0003	-0.00246028
700000.0003	0.00108998
700000.0003	0.0026016
700000.0003	-0.000741291
700000.0003	-0.000409261
700000.0003	0.000135076
700000.0003	-0.00128377
700000.0003	-0.00172196
700000.0003	-0.000365236
700000.0003	9.58977e-05
700000.0003	-0.000449952
700000.0003	-0.00130426
700000.0003	1.35115e-05
700000.0003	0.000308813
700000.0003	-0.000112286
700000.0003	-0.000504157
700000.0003	-0.000591509
700000.0003	0.000124472
700000.0003	0.000193975
700000.0003	-0.000332996
700000.0003	-0.000125258
700000.0003	-6.3578e-05
700000.0003	-0.000319465
700000.0003	5.58941e-05
700000.0003	-7.56036e-05
700000.0003	0.00020133
700000.0003	0.000145073
700000.0003	7.02559e-05
700000.0003	-2.75545e-05
700000.0003	5.31815e-05
700000.0003	-2.79686e-05
700000.0003	-8.32588e-05
700000.0003	9.93013e-06
700000.0003	-9.29408e-06
700000.0003	0.000137978
700000.0003	-8.56078e-05
700000.0003	0.000108306
700000.0003	0.000184811
700000.0003	4.10534e-05
700000.0003	-5.94521e-05
700000.0003	2.48023e-05
700000.0003	2.46086e-05
700000.0003	-5.41845e-05
700000.0003	2.4129e-05
700000.0003	-2.96928e-05
700000.0003	1.26767e-05
700000.0003	-0.000100264
700000.0003	1.99259e-06
700000.0003	-2.98274e-05
700000.0003	3.98165e-06
700000.0003	-8.46809e-05
700000.0003	-6.56367e-05
700000.0003	-6.69574e-05
700000.0003	-4.38627e-05
700000.0003	-2.41511e-05
700000.0003	-3.87477e-05
700000.0003	-8.58207e-07
700000.0003	-4.60873e-05
700000.0003	1.90586e-05
700000.0003	-4.96501e-05
700000.0003	-3.08252e-05
700000.0003	1.40272e-05
700000.0003	-1.35179e-05
700000.0003	-1.17673e-05
700000.0003	-2.85566e-05
700000.0003	-3.4955e-05
700000.0003	-4.75489e-05
700000.0003	-5.08093e-05
700000.0003	-2.67146e-06
700000.0003	2.13395e-06
700000.0003	-2.38003e-05
700000.0003	-3.41177e-05
700000.0003	1.29574e-05
700000.0003	-3e-05
700000.0003	1.83504e-05
700000.0003	8.45897e-06
700000.0003	3.94596e-06
700000.0003	-2.38084e-05
700000.0003	-1.34417e-05
700000.0003	-7.77197e-05
700000.0003	-2.48541e-05
700000.0003	3.74253e-05
700000.0003	6.75141e-05
700000.0003	-2.63433e-05
700000.0003	-2.63598e-05
700000.0003	-2.39971e-05
700000.0003	3.84321e-05
700000.0003	1.03326e-05
700000.0003	-6.74965e-06
700000.0003	-3.52965e-05
700000.0003	5.30928e-05
700000.0003	2.86928e-05
700000.0003	2.31925e-05
700000.0003	4.61544e-05
700000.0003	-5.45176e-05
700000.0003	-6.01622e-07
700000.0003	-3.04337e-06
700000.0003	-1.33345e-05
700000.0003	-7.42894e-05
700000.0003	-2.08273e-05
700000.0003	-5.32252e-05
700000.0003	-9.17424e-06
700000.0003	-2.57163e-05
700000.0003	3.9532e-06
700000.0003	5.99399e-05
700000.0003	-6.90309e-05
700000.0003	1.73536e-05
700000.0003	-8.43991e-05
700000.0003	-1.2648e-05
700000.0003	2.15105e-05
700000.0003	1.78967e-05
700000.0003	-4.17571e-05
700000.0003	-4.66847e-05
700000.0003	-1.52638e-05
700000.0003	-1.78025e-06
700000.0003	-2.13763e-06
700000.0003	-9.2603e-05
700000.0003	1.20933e-05
700000.0003	7.49759e-05
700000.0003	-6.49711e-06
700000.0003	4.67652e-05
700000.0003	-0.000108107
700000.0003	-0.000158288
700000.0003	0.000104186
700000.0003	9.55184e-05
700000.0003	-8.41352e-05
700000.0003	-2.23154e-06
700000.0003	9.84904e-05
700000.0003	-8.35564e-05
700000.0003	9.19732e-05
700000.0003	-7.10666e-05
700000.0003	0.000130829
700000.0003	3.0934e-05
700000.0003	-2.32794e-05
700000.0003	-7.67928e-05
700000.0003	0.000156091
700000.0003	-7.90606e-05
700000.0003	-0.000125701
700000.0003	-9.87929e-05
700000.0003	9.19314e-05
700000.0003	0.0186289
700000.0003	0.0236479
700000.0003	0.0366541
700000.0003	0.060199
700000.0003	0.101349
700000.0003	0.166397
700000.0003	0.265424
700000.0003	0.408973
700000.0003	0.60588
700000.0003	0.877796
700000.0003	1.25242
700000.0003	1.76171
700000.0003	2.44725
700000.0003	3.33916
700000.0003	4.46828
700000.0003	5.82796
700000.0003	7.43691
700000.0003	9.27001
700000.0003	11.2566
700000.0003	13.3435
700000.0003	15.2727
700000.0003	16.93
700000.0003	18.2169
700000.0003	19.0519
700000.0003	19.486
700000.0003	19.7005
700000.0003	19.7281
700000.0003	19.5097
700000.0003	19.3204
700000.0003	18.9898
700000.0003	18.7669
700000.0003	18.3994
700000.0003	18.2925
700000.0003	17.9954
700000.0003	17.8494
700000.0003	17.4303
700000.0003	17.2418
700000.0003	16.9515
700000.0003	16.628
700000.0003	16.3191
700000.0003	15.889
700000.0003	15.651
700000.0003	15.3322
700000.0003	15.111
700000.0003	14.9152
700000.0003	14.5858
700000.0003	14.4354
700000.0003	14.2557
700000.0003	14.0771
700000.0003	13.9173
700000.0003	13.7578
700000.0003	13.6083
700000.0003	13.416
700000.0003	13.3297
700000.0003	13.1144
700000.0003	13.1311
700000.0003	12.9737
700000.0003	12.902
700000.0003	12.7782
700000.0003	12.6375
700000.0003	12.659
700000.0003	12.5038
700000.0003	12.4778
700000.0003	12.2997
700000.0003	12.2463
700000.0003	12.1869
700000.0003	12.1082
700000.0003	12.0455
700000.0003	12.0316
700000.0003	11.9176
700000.0003	11.8498
700000.0003	11.8241
700000.0003	11.7394
700000.0003	11.8037
700000.0003	11.6597
700000.0003	11.6847
700000.0003	11.5873
700000.0003	11.5205
700000.0003	11.4392
700000.0003	11.4604
700000.0003	11.4221
700000.0003	11.4079
700000.0003	11.3065
700000.0003	11.3418
700000.0003	11.3447
700000.0003	11.2104
700000.0003	11.2517
700000.0003	11.1837
700000.0003	11.1451
700000.0003	11.122
700000.0003	11.1089
700000.0003	10.9988
700000.0003	11.1209
700000.0003	11.0875
700000.0003	10.994
700000.0003	11.016
700000.0003	11.01
700000.0003	10.9603
700000.0003	10.9232
700000.0003	10.8531
700000.0003	10.9187
700000.0003	10.9705
700000.0003	10.9555
700000.0003	11.005
700000.0003	10.7319
700000.0003	10.7747
700000.0003	10.8341
700000.0003	10.8396
700000.0003	10.7857
700000.0003	10.7836
700000.0003	10.7767
700000.0003	10.7579
700000.0003	10.7693
700000.0003	10.735
700000.0003	10.8164
700000.0003	10.702
700000.0003	10.6782
700000.0003	10.8074
700000.0003	10.7314
700000.0003	10.7608
700000.0003	10.7518
700000.0003	10.683
700000.0003	10.5764
700000.0003	10.6901
700000.0003	10.66
700000.0003	10.6808
700000.0003	10.6761
700000.0003	10.7479
700000.0003	10.6969
700000.0003	10.7094
700000.0003	10.6507
700000.0003	10.7107
700000.0003	10.6697
700000.0003	10.6582
700000.0003	10.7046
700000.0003	10.6574
700000.0003	10.7117
700000.0003	10.6933
700000.0003	10.6935
700000.0003	10.6159
700000.0003	10.6838
700000.0003	10.6802
700000.0003	10.6017
700000.0003	10.574
700000.0003	10.6
700000.0003	10.6728
700000.0003	10.596
700000.0003	10.5813
700000.0003	10.546
700000.0003	10.5561
700000.0003	10.5529
700000.0003	10.5038
700000.0003	10.4978
700000.0003	10.4425
700000.0003	10.3976
700000.0003	10.457
700000.0003	10.4054
700000.0003	10.3454
700000.0003	10.2941
700000.0003	10.2813
700000.0003	10.2328
700000.0003	10.1618
700000.0003	10.0875
700000.0003	10.0914
700000.0003	10.0797
700000.0003	9.98407
700000.0003	10.0069
700000.0003	9.86236
700000.0003	9.81204
700000.0003	9.78911
700000.0003	9.78049
700000.0003	9.69914
700000.0003	9.70195
700000.0003	9.48486
700000.0003	9.45364
700000.0003	9.43519
700000.0003	9.33767
700000.0003	9.27619
700000.0003	9.21748
700000.0003	9.16776
700000.0003	9.09373
700000.0003	9.00938
700000.0003	8.99787
700000.0003	8.9305
700000.0003	8.82843
700000.0003	8.7679
700000.0003	8.68129
700000.0003	8.62488
700000.0003	8.59836
700000.0003	8.45182
700000.0003	8.41456
700000.0003	8.28983
700000.0003	8.22421
700000.0003	8.17127
700000.0003	8.08371
700000.0003	8.00128
700000.0003	7.88425
700000.0003	7.86058
700000.0003	7.76511
700000.0003	7.69422
700000.0003	7.59539
700000.0003	7.49418
700000.0003	7.44074
700000.0003	7.37576
700000.0003	7.29927
700000.0003	7.24073
700000.0003	7.15415
700000.0003	7.04355
700000.0003	7.01766
700000.0003	6.90874
700000.0003	6.85009
700000.0003	6.76327
700000.0003	6.69316
700000.0003	6.58718
700000.0003	6.50858
700000.0003	6.46248
700000.0003	6.4194
700000.0003	6.32722
700000.0003	6.23445
700000.0003	6.21848
700000.0003	6.12985
700000.0003	6.08939
700000.0003	6.0075
700000.0003	5.96031
700000.0003	5.89823
700000.0003	5.87698
700000.0003	5.82769
700000.0003	5.79467
700000.0003	5.74658
700000.0003	5.66502
700000.0003	5.67657
700000.0003	5.62961
700000.0003	5.59481
700000.0003	5.57116
700000.0003	5.53019
700000.0003	5.48589
700000.0003	5.4551
700000.0003	5.38213
700000.0003	5.3273
700000.0003	5.2222
700000.0003	5.11647
700000.0003	4.9968
700000.0003	4.82269
700000.0003	4.65497
700000.0003	4.47744
700000.0003	4.25845
700000.0003	4.02831
700000.0003	3.78883
700000.0003	3.53112
700000.0003	3.28675
700000.0003	3.04227
700000.0003	2.78525
700000.0003	2.56101
700000.0003	2.33885
700000.0003	2.12289
700000.0003	1.92619
700000.0003	1.74615
700000.0003	1.5791
700000.0003	1.42354
700000.0003	1.28111
700000.0003	1.15191
700000.0003	1.03345
700000.0003	0.927335
700000.0003	0.823571
700000.0003	0.736481
700000.0003	0.648925
700000.0003	0.575293
700000.0003	0.509053
700000.0003	0.444243
700000.0003	0.390087
700000.0003	0.338064
700000.0003	0.295611
700000.0003	0.254559
700000.0003	0.218669
700000.0003	0.188124
700000.0003	0.161399
700000.0003	0.13675
700000.0003	0.115403
700000.0003	0.0981075
700000.0003	0.0822974
700000.0003	0.0691072
700000.0003	0.0579274
700000.0003	0.0480636
700000.0003	0.0399984
700000.0003	0.0337295
700000.0003	0.0283784
700000.0003	0.0240361
700000.0003	0.0201523
700000.0003	0.0169489
700000.0003	0.0146072
700000.0003	0.0125286
700000.0003	0.0108548
700000.0003	0.00949874
700000.0003	0.00840113
700000.0003	0.0074494
700000.0003	0.00681942
700000.0003	0.00614128
700000.0003	0.00579568
700000.0003	0.00547329
700000.0003	0.00530137
700000.0003	0.00512055
700000.0003	0.00502853
700000.0003	0.00500191
700000.0003	0.00483336
700000.0003	0.00482829
700000.0003	0.00470758
700000.0003	0.00460338
700000.0003	0.00454364
700000.0003	0.00450141
700000.0003	0.00449445
700000.0003	0.00441605
700000.0003	0.00444802
700000.0003	0.00437439
700000.0003	0.00435386
700000.0003	0.00428486
700000.0003	0.0042774
700000.0003	0.00422832
700000.0003	0.00427389
700000.0003	0.00423771
700000.0003	0.00424759
700000.0003	0.00415578
700000.0003	0.00417637
700000.0003	0.00422165
700000.0003	0.00417886
700000.0003	0.00410169
700000.0003	0.00416586
700000.0003	0.0041309
700000.0003	0.00412386
700000.0003	0.00412092
700000.0003	0.00413892
700000.0003	0.0041118
700000.0003	0.00411024
700000.0003	0.00410675
700000.0003	0.00407989
700000.0003	0.00411704
700000.0003	0.00412921
700000.0003	0.00412575
700000.0003	0.00406374
700000.0003	0.00408544
700000.0003	0.00413029
700000.0003	0.0040977
700000.0003	0.00413701
700000.0003	0.0040656
700000.0003	0.00409387
700000.0003	0.0041003
700000.0003	0.00412657
700000.0003	0.00410348
700000.0003	0.00411903
700000.0003	0.00414308
700000.0003	0.00415774
700000.0003	0.00419642
700000.0003	0.00414388
700000.0003	0.00418054
700000.0003	0.0041743
700000.0003	0.00421075
700000.0003	0.0041931
700000.0003	0.00425011
700000.0003	0.00419984
700000.0003	0.00421796
700000.0003	0.00429062
700000.0003	0.00428202
700000.0003	0.00430237
700000.0003	0.00430482
700000.0003	0.00440228
700000.0003	0.0044046
700000.0003	0.00443837
700000.0003	0.00443201
700000.0003	0.00446231
700000.0003	0.00443467
700000.0003	0.00458455
700000.0003	0.00457867
700000.0003	0.0046275
700000.0003	0.00469473
700000.0003	0.00469174
700000.0003	0.00480858
700000.0003	0.00489991
700000.0003	0.00496687
700000.0003	0.00500098
700000.0003	0.00512711
700000.0003	0.00523739
700000.0003	0.00538168
700000.0003	0.00548583
700000.0003	0.0057217
700000.0003	0.00583554
700000.0003	0.00610567
700000.0003	0.00629996
700000.0003	0.00663044
700000.0003	0.0069891
700000.0003	0.00727071
700000.0003	0.00766111
700000.0003	0.00813971
700000.0003	0.00863248
700000.0003	0.00915462
700000.0003	0.0100042
700000.0003	0.0107182
700000.0003	0.0117379
700000.0003	0.0125999
700000.0003	0.0139729
700000.0003	0.0152323
700000.0003	0.0163335
