700000.0003	1472065
700000.0003	1467580
700000.0003	1470173
700000.0003	1477627
700000.0003	1489385
700000.0003	1488679
700000.0003	1476762
700000.0003	1448356
700000.0003	1415972
700000.0003	1397800
700000.0003	1384192
700000.0003	1385332
700000.0003	1378145
700000.0003	1342645
700000.0003	1272692
700000.0003	1163917
700000.0003	1034496
700000.0003	899634
700000.0003	776361
700000.0003	669094
700000.0003	575343
700000.0003	496950
700000.0003	430385
700000.0003	374540
700000.0003	327822
700000.0003	290188
700000.0003	259336
700000.0003	232593
700000.0003	211715
700000.0003	193733
700000.0003	179781
700000.0003	167147
700000.0003	158611
700000.0003	150334
700000.0003	143915
700000.0003	136974
700000.0003	132619
700000.0003	129214
700000.0003	126033
700000.0003	123596
700000.0003	121178
700000.0003	120023
700000.0003	118622
700000.0003	117187
700000.0003	116704
700000.0003	114469
700000.0003	114251
700000.0003	113509
700000.0003	112729
700000.0003	111692
700000.0003	110897
700000.0003	110303
700000.0003	108999
700000.0003	108806
700000.0003	108012
700000.0003	108102
700000.0003	107348
700000.0003	107088
700000.0003	106319
700000.0003	105431
700000.0003	105875
700000.0003	104880
700000.0003	105166
700000.0003	103981
700000.0003	103963
700000.0003	103923
700000.0003	102854
700000.0003	102845
700000.0003	102609
700000.0003	102465
700000.0003	102175
700000.0003	101779
700000.0003	101457
700000.0003	102244
700000.0003	101046
700000.0003	101342
700000.0003	100873
700000.0003	100702
700000.0003	100319
700000.0003	99995
700000.0003	99932
700000.0003	100201
700000.0003	99702
700000.0003	99946
700000.0003	100045
700000.0003	99117
700000.0003	99392
700000.0003	99220
700000.0003	98497
700000.0003	98664
700000.0003	98951
700000.0003	98031
700000.0003	98989
700000.0003	98518
700000.0003	97961
700000.0003	98087
700000.0003	98328
700000.0003	98010
700000.0003	97924
700000.0003	97424
700000.0003	98228
700000.0003	98336
700000.0003	98194
700000.0003	98716
700000.0003	97022
700000.0003	97203
700000.0003	97376
700000.0003	97637
700000.0003	97314
700000.0003	97443
700000.0003	97534
700000.0003	97243
700000.0003	97171
700000.0003	97383
700000.0003	97587
700000.0003	97050
700000.0003	96828
700000.0003	97947
700000.0003	96999
700000.0003	97399
700000.0003	97560
700000.0003	97045
700000.0003	96074
700000.0003	97161
700000.0003	97020
700000.0003	97062
700000.0003	96969
700000.0003	97513
700000.0003	97202
700000.0003	97193
700000.0003	96886
700000.0003	97447
700000.0003	96916
700000.0003	97052
700000.0003	97304
700000.0003	97087
700000.0003	97746
700000.0003	97325
700000.0003	97323
700000.0003	96622
700000.0003	97420
700000.0003	97478
700000.0003	96752
700000.0003	96875
700000.0003	97240
700000.0003	97938
700000.0003	97460
700000.0003	97638
700000.0003	97974
700000.0003	98178
700000.0003	98424
700000.0003	98915
700000.0003	98888
700000.0003	99147
700000.0003	99109
700000.0003	100329
700000.0003	100601
700000.0003	100490
700000.0003	101102
700000.0003	101828
700000.0003	102331
700000.0003	102485
700000.0003	102662
700000.0003	103713
700000.0003	104496
700000.0003	104766
700000.0003	105712
700000.0003	105635
700000.0003	106778
700000.0003	107552
700000.0003	108468
700000.0003	109100
700000.0003	110393
700000.0003	110127
700000.0003	111259
700000.0003	112297
700000.0003	113181
700000.0003	113792
700000.0003	115060
700000.0003	116189
700000.0003	116881
700000.0003	118287
700000.0003	119576
700000.0003	121099
700000.0003	121836
700000.0003	123276
700000.0003	124143
700000.0003	126084
700000.0003	128211
700000.0003	128515
700000.0003	130674
700000.0003	131260
700000.0003	133126
700000.0003	135662
700000.0003	136665
700000.0003	138431
700000.0003	140091
700000.0003	142859
700000.0003	144443
700000.0003	146820
700000.0003	149066
700000.0003	150550
700000.0003	153110
700000.0003	155553
700000.0003	158749
700000.0003	161589
700000.0003	164203
700000.0003	166471
700000.0003	170455
700000.0003	173148
700000.0003	176568
700000.0003	179925
700000.0003	183903
700000.0003	186649
700000.0003	190620
700000.0003	195264
700000.0003	200432
700000.0003	204738
700000.0003	209286
700000.0003	215294
700000.0003	220520
700000.0003	226918
700000.0003	232510
700000.0003	239715
700000.0003	247097
700000.0003	255766
700000.0003	264641
700000.0003	274370
700000.0003	283982
700000.0003	293057
700000.0003	307804
700000.0003	320421
700000.0003	335390
700000.0003	351784
700000.0003	370009
700000.0003	390080
700000.0003	412955
700000.0003	436591
700000.0003	464735
700000.0003	494003
700000.0003	527009
700000.0003	563405
700000.0003	598550
700000.0003	640808
700000.0003	685803
700000.0003	730518
700000.0003	777772
700000.0003	826833
700000.0003	876236
700000.0003	926218
700000.0003	974524
700000.0003	1018701
700000.0003	1062548
700000.0003	1104472
700000.0003	1140305
700000.0003	1171930
700000.0003	1203633
700000.0003	1229473
700000.0003	1255442
700000.0003	1274212
700000.0003	1293363
700000.0003	1311619
700000.0003	1328200
700000.0003	1338852
700000.0003	1351864
700000.0003	1363093
700000.0003	1372988
700000.0003	1382670
700000.0003	1388629
700000.0003	1398702
700000.0003	1404873
700000.0003	1411482
700000.0003	1413867
700000.0003	1419984
700000.0003	1423331
700000.0003	1428904
700000.0003	1431492
700000.0003	1435784
700000.0003	1439495
700000.0003	1439910
700000.0003	1442095
700000.0003	1444720
700000.0003	1446862
700000.0003	1448008
700000.0003	1448518
700000.0003	1451928
700000.0003	1453186
700000.0003	1454088
700000.0003	1453904
700000.0003	1454397
700000.0003	1456305
700000.0003	1456239
700000.0003	1456761
700000.0003	1457087
700000.0003	1457606
700000.0003	1460120
700000.0003	1457052
700000.0003	1458211
700000.0003	1456647
700000.0003	1460763
700000.0003	1457962
700000.0003	1459487
700000.0003	1459340
700000.0003	1458989
700000.0003	1460413
700000.0003	1457886
700000.0003	1459581
700000.0003	1460230
700000.0003	1459639
700000.0003	1460082
700000.0003	1459690
700000.0003	1459086
700000.0003	1461131
700000.0003	1460329
700000.0003	1460527
700000.0003	1460741
700000.0003	1459506
700000.0003	1462199
700000.0003	1461761
700000.0003	1458888
700000.0003	1461890
700000.0003	1462339
700000.0003	1462500
700000.0003	1461477
700000.0003	1460659
700000.0003	1462699
700000.0003	1462818
700000.0003	1461581
700000.0003	1462298
700000.0003	1463185
700000.0003	1464529
700000.0003	1462542
700000.0003	1462089
700000.0003	1464851
700000.0003	1462949
700000.0003	1463522
700000.0003	1464134
700000.0003	1463708
700000.0003	1464705
700000.0003	1466913
700000.0003	1463028
700000.0003	1465109
700000.0003	1464656
700000.0003	1464559
700000.0003	1468029
700000.0003	1464181
700000.0003	1466773
700000.0003	1467190
700000.0003	1467208
700000.0003	1465469
700000.0003	1465903
700000.0003	1467625
700000.0003	1468442
700000.0003	1468339
700000.0003	1466760
700000.0003	1468760
700000.0003	1470031
700000.0003	1468076
700000.0003	1468171
700000.0003	1469342
700000.0003	1471082
700000.0003	1469676
700000.0003	1469643
700000.0003	1469071
700000.0003	1472423
700000.0003	1472377
700000.0003	1470676
700000.0003	1471480
700000.0003	1471405
700000.0003	1473272
700000.0003	1474126
700000.0003	1471268
700000.0003	1474102
700000.0003	1474961
700000.0003	1475519
700000.0003	1475282
700000.0003	1473945
700000.0003	1471823
700000.0003	1478844
700000.0003	1477418
700000.0003	1476637
700000.0003	1479017
700000.0003	1480976
700000.0003	1477352
700000.0003	1477788
700000.0003	1476066
700000.0003	1477415
700000.0003	1482969
700000.0003	1483691
700000.0003	1485046
700000.0003	1485329
700000.0003	1482545
700000.0003	1479419
700000.0003	1476841
700000.0003	1477859
700000.0003	1484524
700000.0003	1490364
700000.0003	1493355
700000.0003	1487372
700000.0003	1478949
