700000.0003	28.1632
700000.0003	100.583
700000.0003	201.647
700000.0003	342.137
700000.0003	532.486
700000.0003	775.467
700000.0003	1069.94
700000.0003	1430.02
700000.0003	1831.57
700000.0003	2276.61
700000.0003	2778.27
700000.0003	3332.03
700000.0003	3862.31
700000.0003	4445.9
700000.0003	5015.39
700000.0003	5539.61
700000.0003	5975.44
700000.0003	6338.74
700000.0003	6662.32
700000.0003	6886.83
700000.0003	7002.4
700000.0003	7096.53
700000.0003	7105.8
700000.0003	7043.62
700000.0003	6926.07
700000.0003	6792.62
700000.0003	6598.36
700000.0003	6323.11
700000.0003	6047.82
700000.0003	5725.89
700000.0003	5376.02
700000.0003	4983.47
700000.0003	4520.59
700000.0003	4044.86
700000.0003	3508.35
700000.0003	2960.69
700000.0003	2366.81
700000.0003	1739.49
700000.0003	1071.66
700000.0003	365.029
700000.0003	0
700000.0003	0
700000.0003	0
700000.0003	0
700000.0003	0
700000.0003	0
700000.0003	0
700000.0003	0
700000.0003	0
700000.0003	0
700000.0003	0
700000.0003	0
700000.0003	0
700000.0003	0
700000.0003	0
700000.0003	0
700000.0003	0
700000.0003	0
700000.0003	0
700000.0003	0
700000.0003	0
700000.0003	0
700000.0003	0
700000.0003	0
700000.0003	0
700000.0003	0
700000.0003	0
700000.0003	0
700000.0003	0
700000.0003	0
700000.0003	0
700000.0003	0
700000.0003	0
700000.0003	0
700000.0003	0
700000.0003	0
700000.0003	0
700000.0003	0
700000.0003	0
700000.0003	0
700000.0003	0
700000.0003	0
700000.0003	0
700000.0003	0
700000.0003	0
700000.0003	0
700000.0003	0
700000.0003	0
700000.0003	0
700000.0003	0
700000.0003	0
700000.0003	0
700000.0003	0
700000.0003	0
700000.0003	0
700000.0003	0
700000.0003	0
700000.0003	0
700000.0003	0
700000.0003	0
700000.0003	0
700000.0003	0
700000.0003	0
700000.0003	0
700000.0003	0
700000.0003	0
700000.0003	0
700000.0003	0
700000.0003	0
700000.0003	0
700000.0003	0
700000.0003	0
700000.0003	0
700000.0003	0
700000.0003	0
700000.0003	0
700000.0003	0
700000.0003	0
700000.0003	0
700000.0003	0
700000.0003	0
700000.0003	0
700000.0003	0
700000.0003	0
700000.0003	0
700000.0003	0
700000.0003	0
700000.0003	0
700000.0003	0
700000.0003	0
700000.0003	0
700000.0003	0
700000.0003	0
700000.0003	0
700000.0003	0
700000.0003	0
700000.0003	0
700000.0003	0
700000.0003	0
700000.0003	0
700000.0003	-23.6435
700000.0003	-70.6919
700000.0003	-116.944
700000.0003	-162.058
700000.0003	-208.314
700000.0003	-251.752
700000.0003	-298.161
700000.0003	-342.22
700000.0003	-380.427
700000.0003	-425.546
700000.0003	-464.329
700000.0003	-505.865
700000.0003	-547.843
700000.0003	-588.667
700000.0003	-627.495
700000.0003	-662.999
700000.0003	-704.265
700000.0003	-747.592
700000.0003	-780.996
700000.0003	-816.6
700000.0003	-850.338
700000.0003	-881.875
700000.0003	-921.516
700000.0003	-958.895
700000.0003	-987.126
700000.0003	-1019.94
700000.0003	-1058.45
700000.0003	-1084.32
700000.0003	-1118.6
700000.0003	-1146.8
700000.0003	-1176.9
700000.0003	-1214.41
700000.0003	-1233.42
700000.0003	-1261.67
700000.0003	-1294.11
700000.0003	-1315.69
700000.0003	-1352.46
700000.0003	-1368.8
700000.0003	-1392.58
700000.0003	-1420.24
700000.0003	-1437.15
700000.0003	-1465.5
700000.0003	-1497.5
700000.0003	-1510.53
700000.0003	-1543.71
700000.0003	-1563.55
700000.0003	-1571.84
700000.0003	-1599.21
700000.0003	-1610.42
700000.0003	-1648.24
700000.0003	-1661.93
700000.0003	-1686.82
700000.0003	-1684.12
700000.0003	-1696.59
700000.0003	-1722.14
700000.0003	-1739.68
700000.0003	-1743.13
700000.0003	-1762.34
700000.0003	-1781.24
700000.0003	-1789.49
700000.0003	-1806.56
700000.0003	-1818.28
700000.0003	-1834.6
700000.0003	-1839.14
700000.0003	-1841.29
700000.0003	-1872.15
700000.0003	-1873.51
700000.0003	-1882.14
700000.0003	-1882.14
700000.0003	-1884.25
700000.0003	-1888.16
700000.0003	-1904.83
700000.0003	-1910.68
700000.0003	-1912.91
700000.0003	-1916.34
700000.0003	-1930.71
700000.0003	-1919.89
700000.0003	-1924.73
700000.0003	-1925.64
700000.0003	-1925.39
700000.0003	-1932.42
700000.0003	-1936.27
700000.0003	-1923.35
700000.0003	-1923.76
700000.0003	-1924.25
700000.0003	-1929.7
700000.0003	-1911.49
700000.0003	-1910.19
700000.0003	-1901.31
700000.0003	-1887.99
700000.0003	-1898.55
700000.0003	-1882.01
700000.0003	-1871.39
700000.0003	-1865.65
700000.0003	-1844.6
700000.0003	-1839.62
700000.0003	-1815.18
700000.0003	-1806.51
700000.0003	-1783.19
700000.0003	-1763.97
700000.0003	-1743.22
700000.0003	-1712.49
700000.0003	-1686.91
700000.0003	-1655.61
700000.0003	-1629.31
700000.0003	-1587
700000.0003	-1540.87
700000.0003	-1499.85
700000.0003	-1452.65
700000.0003	-1405.81
700000.0003	-1342.02
700000.0003	-1282.57
700000.0003	-1221.85
700000.0003	-1162.95
700000.0003	-1100.13
700000.0003	-1040.41
700000.0003	-973.759
700000.0003	-912.346
700000.0003	-846.077
700000.0003	-787.945
700000.0003	-726.509
700000.0003	-669.435
700000.0003	-614.634
700000.0003	-564.441
700000.0003	-514.311
700000.0003	-464.425
700000.0003	-417.351
700000.0003	-379.349
700000.0003	-335.457
700000.0003	-298.385
700000.0003	-265.18
700000.0003	-234.058
700000.0003	-204.71
700000.0003	-178.437
700000.0003	-155.234
700000.0003	-133.959
700000.0003	-115.098
700000.0003	-100.222
700000.0003	-84.9922
700000.0003	-72.0465
700000.0003	-61.6728
700000.0003	-52.1487
700000.0003	-44.2298
700000.0003	-37.6208
700000.0003	-31.5087
700000.0003	-26.5848
700000.0003	-22.2495
700000.0003	-18.7917
700000.0003	-15.7885
700000.0003	-13.1414
700000.0003	-10.9082
700000.0003	-9.03327
700000.0003	-7.41123
700000.0003	-6.00841
700000.0003	-4.74909
700000.0003	-3.74661
700000.0003	-2.79117
700000.0003	-1.89345
700000.0003	-1.10551
700000.0003	-0.36402
700000.0003	0
700000.0003	0
700000.0003	0
700000.0003	0
700000.0003	0
700000.0003	0
700000.0003	0
700000.0003	0
700000.0003	0
700000.0003	0
700000.0003	0
700000.0003	0
700000.0003	0
700000.0003	0
700000.0003	0
700000.0003	0
700000.0003	0
700000.0003	0
700000.0003	0
700000.0003	0
700000.0003	0
700000.0003	0
700000.0003	0
700000.0003	0
700000.0003	0
700000.0003	0
700000.0003	0
700000.0003	0
700000.0003	0
700000.0003	0
700000.0003	0
700000.0003	0
700000.0003	0
700000.0003	0
700000.0003	0
700000.0003	0
700000.0003	0
700000.0003	0
700000.0003	0
700000.0003	0
700000.0003	0
700000.0003	0
700000.0003	0
700000.0003	0
700000.0003	0
700000.0003	0
700000.0003	0
700000.0003	0
700000.0003	0
700000.0003	0
700000.0003	0
700000.0003	0
700000.0003	0
700000.0003	0
700000.0003	0
700000.0003	0
700000.0003	0
700000.0003	0
700000.0003	0
700000.0003	0
700000.0003	0
700000.0003	0
700000.0003	0
700000.0003	0
700000.0003	0
700000.0003	0
700000.0003	0
700000.0003	0
700000.0003	0
700000.0003	0
700000.0003	0
700000.0003	0
700000.0003	0
700000.0003	0
700000.0003	0
700000.0003	0
700000.0003	0
700000.0003	0
700000.0003	0
700000.0003	0
700000.0003	0
700000.0003	0
700000.0003	0
700000.0003	0
700000.0003	0
700000.0003	0
700000.0003	0
700000.0003	0
700000.0003	0
700000.0003	0
700000.0003	0
700000.0003	0
700000.0003	0
700000.0003	0
700000.0003	0
700000.0003	0
700000.0003	0
700000.0003	0
700000.0003	0
700000.0003	0
700000.0003	0.182647
700000.0003	-0.134214
700000.0003	-0.187038
700000.0003	1.39261
700000.0003	-0.780329
700000.0003	1.26711
700000.0003	0.27499
700000.0003	5.94499
700000.0003	-1.37198
700000.0003	3.39293
700000.0003	-2.08545
700000.0003	1.62706
700000.0003	-7.93285
700000.0003	-16.3852
700000.0003	2.56783
700000.0003	-2.26382
700000.0003	-23.5668
700000.0003	-6.12346
700000.0003	-31.1859
700000.0003	2.88898
700000.0003	-8.8923
700000.0003	-1.81071
700000.0003	6.44233
700000.0003	6.45445
700000.0003	-27.5805
700000.0003	10.746
700000.0003	16.7029
700000.0003	6.38113
700000.0003	2.69285
700000.0003	5.78199
700000.0003	4.95595
700000.0003	7.50417
700000.0003	-0.521808
700000.0003	20.6447
700000.0003	5.17226
700000.0003	9.5471
700000.0003	8.80733
700000.0003	-2.8486
700000.0003	-3.48907
700000.0003	-1.29029
700000.0003	0
700000.0003	0
700000.0003	0
700000.0003	0
700000.0003	0
700000.0003	0
700000.0003	0
700000.0003	0
700000.0003	0
700000.0003	0
700000.0003	0
700000.0003	0
700000.0003	0
700000.0003	0
700000.0003	0
700000.0003	0
700000.0003	0
700000.0003	0
700000.0003	0
700000.0003	0
700000.0003	0
700000.0003	0
700000.0003	0
700000.0003	0
700000.0003	0
700000.0003	0
700000.0003	0
700000.0003	0
700000.0003	0
700000.0003	0
700000.0003	0
700000.0003	0
700000.0003	0
700000.0003	0
700000.0003	0
700000.0003	0
700000.0003	0
700000.0003	0
700000.0003	0
700000.0003	0
700000.0003	0
700000.0003	0
700000.0003	0
700000.0003	0
700000.0003	0
700000.0003	0
700000.0003	0
700000.0003	0
700000.0003	0
700000.0003	0
700000.0003	0
700000.0003	0
700000.0003	0
700000.0003	0
700000.0003	0
700000.0003	0
700000.0003	0
700000.0003	0
700000.0003	0
700000.0003	0
700000.0003	0
700000.0003	0
700000.0003	0
700000.0003	0
700000.0003	0
700000.0003	0
700000.0003	0
700000.0003	0
700000.0003	0
700000.0003	0
700000.0003	0
700000.0003	0
700000.0003	0
700000.0003	0
700000.0003	0
700000.0003	0
700000.0003	0
700000.0003	0
700000.0003	0
700000.0003	0
700000.0003	0
700000.0003	0
700000.0003	0
700000.0003	0
700000.0003	0
700000.0003	0
700000.0003	0
700000.0003	0
700000.0003	0
700000.0003	0
700000.0003	0
700000.0003	0
700000.0003	0
700000.0003	0
700000.0003	0
700000.0003	0
700000.0003	0
700000.0003	0
700000.0003	0
700000.0003	0
700000.0003	-0.104761
700000.0003	-0.062754
700000.0003	0.0759065
700000.0003	0.00430622
700000.0003	-0.435703
700000.0003	0.0238338
700000.0003	0.266127
700000.0003	0.722633
700000.0003	0.240022
700000.0003	0.338584
700000.0003	-0.0697793
700000.0003	0.761333
700000.0003	-0.673355
700000.0003	-1.0283
700000.0003	-0.712708
700000.0003	0.859074
700000.0003	-0.737031
700000.0003	0.870648
700000.0003	1.66352
700000.0003	-3.16331
700000.0003	1.63532
700000.0003	-1.02139
700000.0003	0.276613
700000.0003	-0.215424
700000.0003	2.42086
700000.0003	1.74681
700000.0003	1.6539
700000.0003	-1.48251
700000.0003	-0.897896
700000.0003	0.0604812
700000.0003	1.32733
700000.0003	-1.67561
700000.0003	1.6998
700000.0003	1.3773
700000.0003	-0.956858
700000.0003	0.0731145
700000.0003	-0.297952
700000.0003	-1.91935
700000.0003	-3.97673
700000.0003	-4.88581
700000.0003	-4.69515
700000.0003	4.27795
700000.0003	-3.75478
700000.0003	-1.3617
700000.0003	4.60127
700000.0003	0.41385
700000.0003	-2.53111
700000.0003	5.01402
700000.0003	1.12885
700000.0003	-6.38721
700000.0003	-4.50531
700000.0003	0.774141
700000.0003	1.79976
700000.0003	1.85873
700000.0003	-4.5581
700000.0003	-0.174372
700000.0003	-0.129384
700000.0003	0.851508
700000.0003	-1.65858
700000.0003	4.26379
700000.0003	-3.09335
700000.0003	0.704482
700000.0003	0.13167
700000.0003	-1.55146
700000.0003	1.31773
700000.0003	1.49768
700000.0003	5.32849
700000.0003	2.60684
700000.0003	4.80794
700000.0003	-2.08373
700000.0003	-0.240116
700000.0003	5.94974
700000.0003	3.01168
700000.0003	0.806911
700000.0003	2.20639
700000.0003	2.51735
700000.0003	-1.8224
700000.0003	0.712413
700000.0003	-0.432768
700000.0003	-1.48276
700000.0003	1.24103
700000.0003	2.14656
700000.0003	-0.00815237
700000.0003	-0.756614
700000.0003	3.37042
700000.0003	3.42924
700000.0003	5.77602
700000.0003	0.582154
700000.0003	2.26281
700000.0003	5.07202
700000.0003	-3.44507
700000.0003	1.83849
700000.0003	-3.79646
700000.0003	0.294641
700000.0003	-4.20703
700000.0003	-5.71973
700000.0003	5.48043
700000.0003	-1.01211
700000.0003	-0.916643
700000.0003	5.26855
700000.0003	-2.51321
700000.0003	4.50448
700000.0003	-0.548436
700000.0003	4.6391
700000.0003	-0.477077
700000.0003	3.74033
700000.0003	-0.316411
700000.0003	-2.62041
700000.0003	0.867555
700000.0003	3.34403
700000.0003	2.78451
700000.0003	0.998159
700000.0003	-3.93819
700000.0003	3.46859
700000.0003	1.25408
700000.0003	-0.909532
700000.0003	-2.438
700000.0003	-0.778494
700000.0003	-1.34201
700000.0003	-1.767
700000.0003	-0.140163
700000.0003	0.964231
700000.0003	0.87533
700000.0003	1.78085
700000.0003	0.0603819
700000.0003	1.00276
700000.0003	-1.22359
700000.0003	0.0168672
700000.0003	-0.285988
700000.0003	-0.0706976
700000.0003	0.40129
700000.0003	0.401266
700000.0003	0.999805
700000.0003	-0.63275
700000.0003	0.77346
700000.0003	0.270583
700000.0003	0.218704
700000.0003	-0.536848
700000.0003	-0.289519
700000.0003	-0.617739
700000.0003	0.109136
700000.0003	-0.0985739
700000.0003	-0.320219
700000.0003	0.450459
700000.0003	0.12897
700000.0003	-0.0874184
700000.0003	-0.378558
700000.0003	0.0233265
700000.0003	-0.144342
700000.0003	0.043294
700000.0003	0.00927515
700000.0003	-0.0733892
700000.0003	0.0142202
700000.0003	-0.0115323
700000.0003	0.0552499
700000.0003	0.0156276
700000.0003	0.00295504
700000.0003	0.0384096
700000.0003	-0.00874281
700000.0003	0.00209067
700000.0003	0
700000.0003	0
700000.0003	0
700000.0003	0
700000.0003	0
700000.0003	0
700000.0003	0
700000.0003	0
700000.0003	0
700000.0003	0
700000.0003	0
700000.0003	0
700000.0003	0
700000.0003	0
700000.0003	0
700000.0003	0
700000.0003	0
700000.0003	0
700000.0003	0
700000.0003	0
700000.0003	0
700000.0003	0
700000.0003	0
700000.0003	0
700000.0003	0
700000.0003	0
700000.0003	0
700000.0003	0
700000.0003	0
700000.0003	0
700000.0003	0
700000.0003	0
700000.0003	0
700000.0003	0
700000.0003	0
700000.0003	0
700000.0003	0
700000.0003	0
700000.0003	0
700000.0003	0
700000.0003	0
700000.0003	0
700000.0003	0
700000.0003	0
700000.0003	0
700000.0003	0
700000.0003	0
700000.0003	0
700000.0003	0
700000.0003	0
700000.0003	0
700000.0003	0
700000.0003	0
700000.0003	0
700000.0003	0
700000.0003	0
700000.0003	0
700000.0003	0
700000.0003	0
700000.0003	0
700000.0003	0
700000.0003	0
700000.0003	0
700000.0003	0
700000.0003	0
700000.0003	0
700000.0003	0
700000.0003	0
700000.0003	0
700000.0003	0
700000.0003	0
700000.0003	0
700000.0003	0
700000.0003	0
700000.0003	0
700000.0003	0
700000.0003	0
700000.0003	0
700000.0003	0
700000.0003	0
700000.0003	0
700000.0003	0
700000.0003	0
700000.0003	0
700000.0003	0
700000.0003	0
700000.0003	0
700000.0003	0
700000.0003	0
700000.0003	0
700000.0003	0
700000.0003	0
700000.0003	0
700000.0003	0
700000.0003	0
700000.0003	0
700000.0003	0
700000.0003	0
700000.0003	0
700000.0003	0
