700000.0003	64.7018
700000.0003	113.793
700000.0003	194.697
700000.0003	313.434
700000.0003	481.873
700000.0003	699.753
700000.0003	961.753
700000.0003	1258.16
700000.0003	1589.76
700000.0003	1963.1
700000.0003	2392.42
700000.0003	2865.08
700000.0003	3305.35
700000.0003	3647.16
700000.0003	3807.74
700000.0003	3730.77
700000.0003	3453.62
700000.0003	3050.01
700000.0003	2596.43
700000.0003	2141.94
700000.0003	1732.22
700000.0003	1360.51
700000.0003	1056.88
700000.0003	808.511
700000.0003	608.95
700000.0003	464.96
700000.0003	348.99
700000.0003	263.611
700000.0003	199.835
700000.0003	149.366
700000.0003	118.028
700000.0003	89.6772
700000.0003	69.7341
700000.0003	56.8869
700000.0003	43.9478
700000.0003	35.1586
700000.0003	26.2094
700000.0003	20.8126
700000.0003	16.8217
700000.0003	13.7343
700000.0003	11.4258
700000.0003	9.51264
700000.0003	8.58318
700000.0003	7.0798
700000.0003	6.61246
700000.0003	4.32144
700000.0003	5.08251
700000.0003	3.92896
700000.0003	3.14526
700000.0003	4.71951
700000.0003	3.95505
700000.0003	3.69709
700000.0003	3.28253
700000.0003	2.73979
700000.0003	3.54278
700000.0003	2.70645
700000.0003	3.02839
700000.0003	1.58179
700000.0003	1.68179
700000.0003	1.98776
700000.0003	0.795463
700000.0003	1.21769
700000.0003	1.85458
700000.0003	1.67071
700000.0003	1.97888
700000.0003	1.26435
700000.0003	1.89211
700000.0003	2.09596
700000.0003	1.15685
700000.0003	0.570288
700000.0003	0.299065
700000.0003	1.4898
700000.0003	1.87134
700000.0003	0.634484
700000.0003	2.30301
700000.0003	1.63149
700000.0003	1.89061
700000.0003	0.758254
700000.0003	1.01964
700000.0003	0.927695
700000.0003	0.339267
700000.0003	-0.237633
700000.0003	0.514743
700000.0003	-0.383445
700000.0003	-0.0851351
700000.0003	0.152358
700000.0003	0.667213
700000.0003	1.62797
700000.0003	1.12194
700000.0003	0.983006
700000.0003	0.156626
700000.0003	1.34322
700000.0003	-0.17462
700000.0003	0.079746
700000.0003	-0.00807182
700000.0003	-0.155322
700000.0003	-0.396985
700000.0003	0.264636
700000.0003	1.11048
700000.0003	0.0837879
700000.0003	0.402227
700000.0003	0.111452
700000.0003	1.01567
700000.0003	-0.0416784
700000.0003	0.466033
700000.0003	0.306198
700000.0003	-0.701328
700000.0003	0.824408
700000.0003	0.432769
700000.0003	0.0669651
700000.0003	1.37514
700000.0003	0.706573
700000.0003	0.722759
700000.0003	-0.293161
700000.0003	0.429544
700000.0003	0.176969
700000.0003	0.458459
700000.0003	-0.434501
700000.0003	-0.718486
700000.0003	-1.07528
700000.0003	-0.633933
700000.0003	0.735988
700000.0003	-0.295975
700000.0003	0.284463
700000.0003	-0.544385
700000.0003	0.6007
700000.0003	0.223869
700000.0003	-0.0312793
700000.0003	-0.170057
700000.0003	0.280567
700000.0003	1.0504
700000.0003	-0.0763918
700000.0003	0.101892
700000.0003	0.240276
700000.0003	-0.330668
700000.0003	-0.884534
700000.0003	-0.514203
700000.0003	-0.34913
700000.0003	-0.0780513
700000.0003	-0.778488
700000.0003	-0.238628
700000.0003	-0.254056
700000.0003	0.467178
700000.0003	0.0531343
700000.0003	0.517324
700000.0003	0.353855
700000.0003	-0.0973958
700000.0003	-0.622734
700000.0003	-0.928562
700000.0003	-1.44646
700000.0003	-0.166879
700000.0003	-1.54362
700000.0003	-1.18479
700000.0003	-1.01409
700000.0003	-1.81241
700000.0003	-1.73989
700000.0003	-2.01518
700000.0003	-1.79885
700000.0003	-1.77785
700000.0003	-0.677081
700000.0003	-2.54716
700000.0003	-2.33634
700000.0003	-1.0982
700000.0003	-1.54047
700000.0003	-2.32622
700000.0003	-2.31221
700000.0003	-2.13718
700000.0003	-2.12644
700000.0003	-1.78726
700000.0003	-2.79083
700000.0003	-2.72127
700000.0003	-3.53776
700000.0003	-2.92422
700000.0003	-3.90356
700000.0003	-3.68662
700000.0003	-4.78575
700000.0003	-4.29155
700000.0003	-3.82538
700000.0003	-4.35822
700000.0003	-4.34369
700000.0003	-4.02022
700000.0003	-3.62617
700000.0003	-4.80196
700000.0003	-3.94344
700000.0003	-5.10336
700000.0003	-2.23788
700000.0003	-4.53296
700000.0003	-6.74345
700000.0003	-6.50238
700000.0003	-6.07153
700000.0003	-6.61741
700000.0003	-6.55822
700000.0003	-7.71083
700000.0003	-7.72927
700000.0003	-7.60571
700000.0003	-8.65256
700000.0003	-6.91709
700000.0003	-8.26813
700000.0003	-7.65723
700000.0003	-9.96915
700000.0003	-8.99219
700000.0003	-10.2956
700000.0003	-10.8202
700000.0003	-10.9721
700000.0003	-12.1347
700000.0003	-14.1294
700000.0003	-14.5275
700000.0003	-13.4824
700000.0003	-14.3454
700000.0003	-15.6775
700000.0003	-16.2679
700000.0003	-18.0567
700000.0003	-18.0407
700000.0003	-20.2188
700000.0003	-22.5628
700000.0003	-25.3897
700000.0003	-26.1608
700000.0003	-27.0949
700000.0003	-29.5662
700000.0003	-32.8077
700000.0003	-37.1136
700000.0003	-40.3505
700000.0003	-43.5899
700000.0003	-45.668
700000.0003	-52.2203
700000.0003	-60.3337
700000.0003	-68.8179
700000.0003	-77.3302
700000.0003	-88.7815
700000.0003	-101.538
700000.0003	-117.065
700000.0003	-135.896
700000.0003	-157.169
700000.0003	-180.51
700000.0003	-210.728
700000.0003	-245.144
700000.0003	-288.679
700000.0003	-334.154
700000.0003	-394.524
700000.0003	-453.44
700000.0003	-523.357
700000.0003	-600.574
700000.0003	-684.531
700000.0003	-774.302
700000.0003	-868.091
700000.0003	-963.059
700000.0003	-1063.51
700000.0003	-1159.61
700000.0003	-1251.17
700000.0003	-1330.14
700000.0003	-1399.1
700000.0003	-1453.06
700000.0003	-1489.02
700000.0003	-1511.41
700000.0003	-1516.17
700000.0003	-1502.34
700000.0003	-1476.76
700000.0003	-1439.4
700000.0003	-1386.59
700000.0003	-1333.29
700000.0003	-1272.95
700000.0003	-1205.73
700000.0003	-1141.1
700000.0003	-1073.3
700000.0003	-1005.55
700000.0003	-938.813
700000.0003	-867.381
700000.0003	-802.894
700000.0003	-735.125
700000.0003	-671.731
700000.0003	-611.422
700000.0003	-548.411
700000.0003	-494.085
700000.0003	-442.528
700000.0003	-390.288
700000.0003	-347.062
700000.0003	-305.424
700000.0003	-267.882
700000.0003	-235.802
700000.0003	-204.845
700000.0003	-178.444
700000.0003	-156.521
700000.0003	-136.575
700000.0003	-120.836
700000.0003	-105.742
700000.0003	-94.2444
700000.0003	-85.2776
700000.0003	-76.5775
700000.0003	-70.6101
700000.0003	-64.9983
700000.0003	-61
700000.0003	-57.2538
700000.0003	-53.8659
700000.0003	-50.6789
700000.0003	-49.172
700000.0003	-47.483
700000.0003	-46.4404
700000.0003	-44.5896
700000.0003	-43.5511
700000.0003	-43.0311
700000.0003	-42.4256
700000.0003	-42.1788
700000.0003	-42.5645
700000.0003	-41.1897
700000.0003	-41.6238
700000.0003	-41.5934
700000.0003	-41.3825
700000.0003	-41.4858
700000.0003	-40.9536
700000.0003	-40.5582
700000.0003	-41.123
700000.0003	-41.1867
700000.0003	-41.1517
700000.0003	-41.1201
700000.0003	-41.2205
700000.0003	-40.8674
700000.0003	-40.8832
700000.0003	-40.4653
700000.0003	-41.2765
700000.0003	-40.6864
700000.0003	-41.8256
700000.0003	-40.944
700000.0003	-40.3571
700000.0003	-40.1678
700000.0003	-40.6492
700000.0003	-40.888
700000.0003	-40.7733
700000.0003	-41.0127
700000.0003	-41.5058
700000.0003	-41.39
700000.0003	-40.9262
700000.0003	-40.195
700000.0003	-40.1665
700000.0003	-40.5863
700000.0003	-40.2054
700000.0003	-39.506
700000.0003	-39.587
700000.0003	-40.5313
700000.0003	-40.6083
700000.0003	-40.7188
700000.0003	-41.158
700000.0003	-40.4886
700000.0003	-41.2105
700000.0003	-40.6663
700000.0003	-39.764
700000.0003	-39.1844
700000.0003	-40.3663
700000.0003	-40.3492
700000.0003	-38.9908
700000.0003	-39.0566
700000.0003	-40.2109
700000.0003	-40.3129
700000.0003	-39.605
700000.0003	-40.3115
700000.0003	-40.178
700000.0003	-40.1062
700000.0003	-39.932
700000.0003	-39.9449
700000.0003	-38.8771
700000.0003	-39.5211
700000.0003	-39.2637
700000.0003	-39.657
700000.0003	-39.9235
700000.0003	-40.3938
700000.0003	-39.2396
700000.0003	-39.9793
700000.0003	-39.9266
700000.0003	-38.9233
700000.0003	-39.5231
700000.0003	-39.4256
700000.0003	-39.5367
700000.0003	-38.5483
700000.0003	-38.3782
700000.0003	-38.7518
700000.0003	-38.5901
700000.0003	-39.1677
700000.0003	-37.8767
700000.0003	-37.8893
700000.0003	-37.8639
700000.0003	-38.1952
700000.0003	-37.9408
700000.0003	-37.4189
700000.0003	-36.8217
700000.0003	-37.49
700000.0003	-36.5948
700000.0003	-36.5118
700000.0003	-34.3065
700000.0003	-34.849
700000.0003	-33.2154
700000.0003	-33.8347
700000.0003	-31.1066
700000.0003	-29.9273
700000.0003	-27.4782
700000.0003	-24.2966
700000.0003	-19.7317
700000.0003	-13.8859
700000.0003	-6.36782
700000.0003	3.63741
700000.0003	16.9792
700000.0003	34.3617
700000.0003	-1.33519
700000.0003	-0.517263
700000.0003	-0.84508
700000.0003	0.0457971
700000.0003	-1.61251
700000.0003	0.979116
700000.0003	-0.976584
700000.0003	-0.399469
700000.0003	0.0874005
700000.0003	0.611768
700000.0003	-2.53166
700000.0003	4.78601
700000.0003	0.403645
700000.0003	0.308104
700000.0003	0.63275
700000.0003	-1.20996
700000.0003	-0.410074
700000.0003	1.79235
700000.0003	1.26887
700000.0003	3.29908
700000.0003	-0.506576
700000.0003	-1.90703
700000.0003	-0.496691
700000.0003	-0.297058
700000.0003	-0.055882
700000.0003	1.01963
700000.0003	-0.390756
700000.0003	-0.651914
700000.0003	-0.090331
700000.0003	-0.0099038
700000.0003	0.375164
700000.0003	-0.816422
700000.0003	-0.0902937
700000.0003	-0.00488939
700000.0003	1.33912
700000.0003	0.242969
700000.0003	-0.642529
700000.0003	-0.195269
700000.0003	0.355307
700000.0003	-0.416113
700000.0003	-0.528067
700000.0003	0.227955
700000.0003	-0.0654009
700000.0003	-0.47823
700000.0003	0.824104
700000.0003	-0.298428
700000.0003	-1.3741
700000.0003	1.51922
700000.0003	0.00858351
700000.0003	-0.431478
700000.0003	-0.852329
700000.0003	-0.515251
700000.0003	-0.380058
700000.0003	0.121591
700000.0003	0.434896
700000.0003	0.148487
700000.0003	-0.0289369
700000.0003	0.812451
700000.0003	0.0348331
700000.0003	-0.854138
700000.0003	0.516208
700000.0003	-0.17572
700000.0003	0.351223
700000.0003	-0.126112
700000.0003	0.841206
700000.0003	-0.55723
700000.0003	0.658157
700000.0003	-0.386483
700000.0003	0.342558
700000.0003	-0.207212
700000.0003	-1.30342
700000.0003	0.593987
700000.0003	0.157568
700000.0003	0.619056
700000.0003	-0.163047
700000.0003	-0.236782
700000.0003	0.719198
700000.0003	-0.513646
700000.0003	1.03254
700000.0003	-0.727135
700000.0003	-0.138199
700000.0003	0.181967
700000.0003	-0.428322
700000.0003	0.925098
700000.0003	-1.11661
700000.0003	0.025568
700000.0003	0.838763
700000.0003	-0.0728528
700000.0003	-0.0218858
700000.0003	0.632809
700000.0003	-0.282447
700000.0003	0.133967
700000.0003	-1.62801
700000.0003	-0.713475
700000.0003	-0.0264577
700000.0003	0.93517
700000.0003	0.66258
700000.0003	0.557019
700000.0003	-0.169185
700000.0003	0.935032
700000.0003	-1.21784
700000.0003	-0.372627
700000.0003	-1.00335
700000.0003	-0.191188
700000.0003	0.792817
700000.0003	0.972681
700000.0003	-0.801533
700000.0003	-0.930046
700000.0003	1.41328
700000.0003	0.0608714
700000.0003	0.216747
700000.0003	-0.351104
700000.0003	-0.096702
700000.0003	0.312162
700000.0003	-0.429201
700000.0003	-0.193487
700000.0003	0.110322
700000.0003	-0.266806
700000.0003	0.109795
700000.0003	-0.25442
700000.0003	0.145679
700000.0003	-0.0692208
700000.0003	0.489227
700000.0003	-0.134623
700000.0003	0.337984
700000.0003	-0.106082
700000.0003	0.631321
700000.0003	-0.873424
700000.0003	-0.543657
700000.0003	-0.563146
700000.0003	0.557767
700000.0003	-0.376811
700000.0003	1.01791
700000.0003	0.348191
700000.0003	-0.0361552
700000.0003	0.0201694
700000.0003	0.140377
700000.0003	-0.553474
700000.0003	0.377038
700000.0003	0.306601
700000.0003	0.738739
700000.0003	-0.372494
700000.0003	-1.77174
700000.0003	-0.317291
700000.0003	0.121489
700000.0003	0.586396
700000.0003	-0.654833
700000.0003	0.311824
700000.0003	-0.0207867
700000.0003	0.0481835
700000.0003	-0.180272
700000.0003	-0.0664346
700000.0003	0.0953822
700000.0003	0.242843
700000.0003	0.0733805
700000.0003	0.013972
700000.0003	-0.217864
700000.0003	0.314094
700000.0003	-0.390947
700000.0003	0.428933
700000.0003	-0.046338
700000.0003	-0.115147
700000.0003	0.64827
700000.0003	-0.409952
700000.0003	-0.0549315
700000.0003	0.41743
700000.0003	-0.0868731
700000.0003	0.0681836
700000.0003	0.216939
700000.0003	1.14532
700000.0003	-1.18741
700000.0003	-0.107253
700000.0003	0.956432
700000.0003	-0.765358
700000.0003	-0.865505
700000.0003	-0.58086
700000.0003	-0.0747725
700000.0003	1.64743
700000.0003	0.116308
700000.0003	-0.268351
700000.0003	1.07856
700000.0003	-0.108395
700000.0003	-0.575467
700000.0003	0.0112196
700000.0003	-0.413605
700000.0003	-0.910811
700000.0003	-1.08956
700000.0003	0.651778
700000.0003	0.0341327
700000.0003	0.0586388
700000.0003	-0.205597
700000.0003	-0.0102261
700000.0003	-0.176375
700000.0003	-0.0903435
700000.0003	0.281411
700000.0003	0.943606
700000.0003	0.169192
700000.0003	-0.13551
700000.0003	0.836829
700000.0003	0.0945445
700000.0003	0.628422
700000.0003	-0.897401
700000.0003	-0.0314005
700000.0003	0.391248
700000.0003	-0.74116
700000.0003	0.277599
700000.0003	0.33112
700000.0003	-0.0491036
700000.0003	-0.874119
700000.0003	0.496877
700000.0003	0.0911794
700000.0003	0.694482
700000.0003	-0.74128
700000.0003	0.284332
700000.0003	0.572155
700000.0003	-0.375057
700000.0003	-0.591038
700000.0003	-1.09034
700000.0003	-0.137559
700000.0003	-0.408435
700000.0003	-0.000938095
700000.0003	-0.108361
700000.0003	0.263085
700000.0003	1.529
700000.0003	0.00781472
700000.0003	-0.28172
700000.0003	0.0108225
700000.0003	0.613386
700000.0003	0.132778
700000.0003	-0.445981
700000.0003	0.579724
700000.0003	-0.707915
700000.0003	0.616235
700000.0003	-0.173568
700000.0003	-2.21322
700000.0003	-0.0906942
700000.0003	0.538286
700000.0003	-0.560489
700000.0003	1.95915
700000.0003	-1.08094
700000.0003	0.31753
700000.0003	-0.509269
700000.0003	1.1949
700000.0003	-1.19405
700000.0003	1.29379
700000.0003	1.48524
700000.0003	-0.881851
700000.0003	0.102208
700000.0003	0.680875
700000.0003	-1.27217
700000.0003	-1.9408
700000.0003	0.997925
700000.0003	-1.08068
700000.0003	-0.903337
700000.0003	1.90723
700000.0003	1.48453
700000.0003	1.11336
700000.0003	-1.52984
700000.0003	-2.4227
700000.0003	-4.45644
700000.0003	-1.98762
700000.0003	-0.0509428
700000.0003	1.01424
700000.0003	2.58907
700000.0003	-0.743944
700000.0003	2.17236
700000.0003	1.26894
700000.0003	0.262132
700000.0003	-1.30088
700000.0003	-0.239414
700000.0003	-0.688798
700000.0003	1.99839
700000.0003	-0.452097
700000.0003	0.291436
700000.0003	0.904234
700000.0003	-0.357351
700000.0003	-0.599459
700000.0003	0.547249
700000.0003	1.31872
700000.0003	1.28296
700000.0003	2.20777
700000.0003	1.26801
700000.0003	-2.06473
700000.0003	0.230677
700000.0003	-1.08354
700000.0003	-0.0163938
700000.0003	-0.321799
700000.0003	-0.637511
700000.0003	0.0373401
700000.0003	0.250129
700000.0003	1.39344
700000.0003	-1.53488
700000.0003	-0.344807
700000.0003	0.147214
700000.0003	-0.217103
700000.0003	-0.602512
700000.0003	-0.0164235
700000.0003	0.238797
700000.0003	0.158351
700000.0003	0.0571321
700000.0003	0.953328
700000.0003	-0.149862
700000.0003	-0.478243
700000.0003	0.469866
700000.0003	-0.110914
700000.0003	-0.159785
700000.0003	-0.302866
700000.0003	0.053162
700000.0003	0.427072
700000.0003	-0.0939805
700000.0003	-0.541129
700000.0003	0.143243
700000.0003	0.0769067
700000.0003	-0.36883
700000.0003	0.219967
700000.0003	-0.294128
700000.0003	-0.333117
700000.0003	-0.47342
700000.0003	-0.526954
700000.0003	-0.501305
700000.0003	-0.536626
700000.0003	-1.26754
700000.0003	-0.609128
700000.0003	0.122122
700000.0003	0.151735
700000.0003	0.527037
700000.0003	0.458131
700000.0003	0.974284
700000.0003	-0.342426
700000.0003	-0.361013
700000.0003	0.271921
700000.0003	1.28471
700000.0003	-0.197954
700000.0003	-0.417428
700000.0003	-0.768852
700000.0003	-0.18911
700000.0003	0.45159
700000.0003	-0.404656
700000.0003	0.254737
700000.0003	0.16317
700000.0003	0.266706
700000.0003	0.1322
700000.0003	0.139159
700000.0003	0.219493
700000.0003	0.561217
700000.0003	0.140811
700000.0003	0.858587
700000.0003	0.43076
700000.0003	0.0640668
700000.0003	0.615856
700000.0003	0.450133
700000.0003	-0.515156
700000.0003	-0.262073
700000.0003	0.150018
700000.0003	0.255578
700000.0003	0.23552
700000.0003	-0.21566
700000.0003	-0.491529
700000.0003	0.621425
700000.0003	-0.494526
700000.0003	0.114651
700000.0003	0.334777
700000.0003	1.05171
700000.0003	0.790857
700000.0003	0.604308
700000.0003	-0.839266
700000.0003	0.475951
700000.0003	-0.665206
700000.0003	-0.252669
700000.0003	-0.480748
700000.0003	0.211343
700000.0003	0.159018
700000.0003	-0.045864
700000.0003	0.711097
700000.0003	0.466194
700000.0003	-0.115095
700000.0003	-0.0631931
700000.0003	-0.424469
700000.0003	-0.143072
700000.0003	0.120602
700000.0003	0.606066
700000.0003	-0.0864128
700000.0003	0.911938
700000.0003	0.333746
700000.0003	0.246814
700000.0003	-0.515082
700000.0003	-0.179577
700000.0003	-0.168052
700000.0003	-0.515157
700000.0003	-0.931203
700000.0003	-0.10065
700000.0003	-0.586343
700000.0003	-0.208376
700000.0003	-0.557295
700000.0003	-0.454443
700000.0003	0.714707
700000.0003	-0.670877
700000.0003	0.0664194
700000.0003	-1.07747
700000.0003	0.0372265
