700000.0003	2959.45	2957.64	2962.11	2961.93	2960.09	2960.41	2959.4	2960.48	2956.54	2956.88	2958.64	2962.95	2960.18	2965.15	2958.34
700000.0003	1533.36	1531.9	1534.12	1535.57	1536.12	1536.46	1535.11	1533.23	1532.48	1533.24	1532.63	1535.38	1537.43	1534.56	1534.93
700000.0003	193.513	194.29	193.758	195.15	194.338	193.547	194.573	194.297	193.535	193.824	193.622	194.521	194.097	194.362	193.284
700000.0003	32.4294	32.8126	32.4155	32.2146	32.4761	32.3688	32.0917	32.0629	32.4126	31.9167	32.3897	32.1442	32.0066	31.9984	32.2463
700000.0003	19.0806	19.2874	19.5383	19.4431	19.3505	19.038	19.4913	19.4395	18.7551	19.2032	18.8809	19.3491	19.5019	19.0263	19.4384
700000.0003	16.7649	16.4592	16.7839	16.7754	16.4649	16.7285	16.7777	16.5971	16.2269	16.9238	16.7573	16.449	16.4346	16.5039	16.3062
700000.0003	15.4694	15.0015	15.3099	15.4444	15.4178	15.0758	15.5593	15.1789	15.3403	15.4077	14.9507	15.1779	15.1435	15.1285	15.4002
700000.0003	14.7699	14.6101	14.5042	14.4709	14.7387	14.2649	14.343	14.5597	14.4983	14.3247	14.3251	14.4464	14.1508	14.7331	14.6046
700000.0003	13.7709	13.7838	14.3352	14.2453	13.9446	14.0694	14.135	14.3439	13.8177	13.6977	13.9089	14.3745	13.9175	14.3119	13.7482
700000.0003	13.7029	13.7782	13.8212	13.6943	14.1993	13.6445	13.448	13.6902	13.8711	13.5228	13.7685	14.044	13.8272	13.6045	13.4655
700000.0003	13.344	13.7509	13.4319	13.347	13.3753	13.2839	13.3616	13.6623	13.2845	13.2599	13.419	13.6469	13.7183	13.5779	13.57
700000.0003	13.3223	13.1856	13.2579	13.0225	13.1733	13.5826	13.4002	13.5546	13.0837	13.1593	13.2754	13.1219	13.1042	13.5248	13.2618
700000.0003	13.5031	13.2034	13.4967	13.1275	13.1451	13.4219	13.3557	13.3751	13.3165	13.3189	12.9192	13.2665	13.4135	13.3134	13.3658
700000.0003	13.3512	13.5017	13.0986	13.1813	13.2216	12.8834	13.2368	12.9574	13.4745	13.2511	13.0721	13.2657	13.0916	13.0546	13.0918
700000.0003	13.3197	13.0343	13.4274	13.4359	13.5813	13.2836	13.2727	13.2077	13.349	13.5116	13.1478	13.5865	13.3386	13.5837	13.1693
700000.0003	13.8027	13.7151	14.0668	13.9485	13.9415	13.8098	14.2586	14.2366	14.0021	13.8679	13.6118	13.8058	13.9092	13.7712	13.7482
700000.0003	15.2926	14.8978	14.8443	15.2974	15.0844	15.2537	15.0959	15.102	15.0957	14.9216	14.6824	14.9628	15.2327	15.106	14.8259
700000.0003	16.7912	16.9937	16.5394	16.9507	17.125	16.854	16.8588	16.9612	16.9499	17.2553	16.9009	16.8248	17.0422	16.9302	16.4886
700000.0003	19.997	20.0231	19.7892	19.4685	19.6589	19.9406	19.55	20.1533	19.937	19.7051	20.0732	20.4175	19.7249	19.7237	20.079
700000.0003	24.5273	24.3124	24.1363	24.0799	23.914	24.1838	23.9873	24.0906	23.7066	23.979	24.3217	24.1054	24.0975	23.9877	23.8411
700000.0003	31.3983	30.6349	31.0658	30.9776	30.6735	30.7297	30.9233	30.6787	30.6638	30.3619	30.8749	30.9577	30.7468	30.6953	30.3144
700000.0003	42.8391	42.3958	42.2543	42.3702	41.7067	41.5935	42.0424	42.2103	42.6516	42.2106	42.3792	42.4511	41.9971	42.0035	42.1372
700000.0003	67.63	67.848	66.6315	68.0178	67.1783	67.137	67.0892	67.0428	67.4148	67.1564	67.0431	68.0881	67.5406	66.7269	67.7189
700000.0003	154.792	155.807	155.887	155.381	156.265	154.856	155.402	154.832	156.172	156.389	155.126	155.265	155.092	155.812	154.64
700000.0003	514.428	517.519	517.63	517.563	515.829	514.871	516.228	517.104	516.782	519.134	516.176	515.805	516.46	516.11	515.695
700000.0003	1363.6	1362.24	1365.15	1361.28	1361.05	1362.91	1363.67	1364.54	1366.02	1366.66	1362.85	1364.21	1362.86	1363.59	1362.59
700000.0003	2200.91	2202.97	2203.31	2200.29	2202.58	2201.69	2204.14	2207.68	2207.37	2206.02	2204.77	2205.88	2201.41	2202.41	2203.91
700000.0003	2643.62	2640.77	2639.81	2642.49	2643.47	2641.53	2643.38	2645.41	2648.04	2644.35	2646.1	2643.69	2642.18	2643.46	2641.23
700000.0003	2788.25	2787.03	2786.04	2786.12	2787.58	2788.98	2790.06	2793.6	2790.93	2791.23	2792.9	2790.12	2787.31	2788.06	2791.23
700000.0003	2835.02	2832.5	2834.34	2834.63	2835.09	2834.64	2839.44	2837.86	2839.35	2838.52	2835.96	2836.34	2836.56	2838.94	2836.79
700000.0003	2863.96	2866.09	2864.66	2861.62	2864.19	2868.07	2868.42	2865.47	2866.17	2869.96	2868.41	2864.66	2865.49	2869.67	2864.51
700000.0003	2887.32	2893.14	2895.95	2892.14	2891.74	2896.24	2894.81	2888.89	2896.13	2899.9	2891.79	2889.39	2893.4	2898.8	2892.03
700000.0003	2919.7	2921.68	2921.93	2916.65	2919.2	2924.73	2923.86	2920.27	2917.89	2924.01	2918.34	2918.28	2918.86	2924.06	2919.06
700000.0003	2947.68	2945.27	2948.78	2951.57	2946.83	2947.98	2947.31	2948.87	2948.71	2947.9	2948	2947.06	2942.38	2947.69	2950.96
700000.0003	2975.27	2969	2974.09	2978.87	2975.27	2972.69	2976.48	2977.87	2974.5	2972.05	2974.21	2974.06	2973.25	2974.34	2978.23
700000.0003	3004.89	3004.19	3000.27	3001.34	3000.09	3002.69	3001.82	3003.51	2999.39	3001.06	3001.63	3003.07	2998.8	2996.3	3000.64
700000.0003	3026.31	3028.64	3026.55	3030.18	3028.41	3031.08	3026.8	3026.73	3027.68	3027.55	3025.5	3026.12	3028.43	3028.45	3028.63
700000.0003	3052.73	3056.28	3055.44	3052.4	3055.04	3054.54	3054.99	3052.89	3053.43	3054.46	3053.65	3052.36	3055.29	3054.45	3052.87
700000.0003	3078.49	3080.69	3081.6	3077	3077.95	3082.43	3080.85	3075.34	3078.94	3078.15	3078.43	3077.02	3081.73	3081.29	3076.04
700000.0003	3097.45	3096.72	3098.04	3096.85	3098.27	3099.72	3099.6	3093.2	3094.59	3098.15	3097.16	3095.94	3100.02	3099.92	3099.99
700000.0003	-0.891825	-0.442572	0.582307	0.195169	-1.34221	0.819985	1.08929	0.262659	-0.275835	0.274612	-0.621039	1.27382	-0.00845386	0.109668	-0.116209
700000.0003	-0.622768	0.361575	-1.32883	-0.717745	0.101078	0.522726	0.89896	0.608589	0.747983	-0.972076	0.0976436	0.579514	-0.400628	-0.805972	0.611704
700000.0003	0.0658201	-0.209757	-0.626718	0.152442	0.19446	0.280268	0.513044	-0.0686556	0.29931	0.216077	0.273347	-0.34873	0.157689	0.12967	-0.443808
700000.0003	-0.205808	-0.00190839	0.100929	0.122295	-0.162831	0.222807	-0.124163	0.0741843	-0.157952	0.217723	-0.0460562	0.160178	0.104786	0.012678	-0.363777
700000.0003	0.0947414	0.021739	-0.0859544	0.16962	-0.0730145	-0.0294921	0.088759	0.0636491	-0.0342214	-0.02606	-0.0660062	0.0423333	0.0723191	-0.332987	-0.0288359
700000.0003	-0.0524373	0.100894	0.0240579	-0.185566	-0.0122279	0.0628369	0.187089	0.0477976	0.255021	0.136603	0.00899236	-0.184138	-0.0935292	0.116427	0.0895743
700000.0003	0.00977163	-0.0271445	-0.203223	0.154453	-0.0909573	0.161826	-0.0179495	0.187926	0.0249214	0.080748	0.114193	-0.0314564	-0.0987715	-0.0760067	-0.0512017
700000.0003	-0.136908	-0.0946196	0.0951916	0.0425156	-0.0424459	0.113323	-0.0132063	-0.0878277	-0.0395906	0.0827829	0.106264	0.068417	0.0867517	-0.0519745	-0.0736167
700000.0003	-0.0434778	-0.11152	0.0993194	-0.0132511	0.112558	0.0494515	-0.0113251	0.0341117	0.0841962	-0.053981	0.0380718	0.150481	0.0225958	-0.131424	0.0290893
700000.0003	-0.00972147	-0.198575	0.0263701	-0.00303162	-0.0996542	-0.122298	0.0962095	-0.0298675	-0.00528096	0.169785	0.0217298	0.116844	0.0992751	-0.0428799	0.103141
700000.0003	-0.144294	-0.272233	0.118848	0.0407331	0.0454889	0.10771	-0.148815	0.102355	0.0134172	-0.194309	-0.0953654	-0.103314	0.0114576	0.0671978	0.169507
700000.0003	0.061238	-0.0411601	0.00703183	0.0692062	0.175246	0.0652001	0.172217	0.041683	0.0352642	-0.127347	-0.255125	-0.150985	-0.03961	0.0438156	0.0827005
700000.0003	0.0495544	-0.08231	-0.0326158	0.00397217	-0.103173	0.181709	0.00367991	0.0186206	-0.101705	0.0106129	0.133386	-0.0126361	-0.141938	-0.0885446	0.0547171
700000.0003	0.251364	-0.205618	0.044305	0.112914	0.119854	-0.0260291	-0.116948	0.0456479	-0.11244	-0.0741449	0.151621	0.0269468	0.123682	0.0409789	0.140977
700000.0003	0.0719522	0.207512	0.231416	-0.0199482	-0.0681851	-0.205217	-0.0807651	-0.107291	-0.0200325	-0.107828	0.0288611	0.00609446	0.00941208	0.0627482	0.0518586
700000.0003	-0.0993698	0.0636965	-0.125736	-0.00597165	0.0416058	0.126583	0.092321	0.256981	-0.131911	0.0698639	0.19945	0.0501491	-0.142134	-0.061479	0.103312
700000.0003	-0.00750273	-0.162147	0.142776	-0.167275	0.036313	0.0980437	0.179116	-0.112132	-0.168786	-0.00293981	0.0172076	0.0659564	0.0341806	-0.0619554	0.117663
700000.0003	-0.0186735	0.186225	0.082722	0.02179	-0.159372	-0.0741038	-0.0142174	0.0568471	-0.0856823	0.0500117	0.0805316	0.00883964	0.14702	0.236854	-0.0843505
700000.0003	0.0762448	0.0454177	0.131221	0.0195069	-0.00189343	-0.141629	-0.169096	-0.106909	-0.00684181	0.0602777	-0.113402	0.0254766	-0.0518907	-0.132404	0.17083
700000.0003	0.135624	-0.231584	0.0407686	-0.0704489	0.00730981	0.0403899	0.103674	-0.190702	0.13952	0.0812851	0.104046	0.0858967	0.0649709	0.0509639	0.0410273
700000.0003	0.0293862	-0.0200391	-0.0969523	0.2037	-0.0793482	0.242447	-0.0170438	-0.246846	-0.117423	0.0192459	-0.0648904	0.253407	-0.0879948	-0.102431	0.114101
700000.0003	-0.246697	0.248702	0.0292595	0.0679151	0.314466	-0.0934237	0.00504563	0.13279	0.128483	-0.0167827	-0.109257	-0.208903	0.200588	-0.0647808	-0.168893
700000.0003	-0.050667	0.0193867	0.00518252	0.0217411	0.141947	-0.196245	-0.194498	0.407718	-0.0293925	-0.0696435	0.119974	0.241046	-0.210251	0.137594	0.061458
700000.0003	-0.00819776	0.371393	-0.196419	-0.238181	0.232009	-0.429836	0.252489	0.529006	0.112091	-0.189893	-0.640849	0.249604	0.144855	-0.265129	-0.0791731
700000.0003	-0.295523	0.462949	-0.773632	-0.23941	-0.533816	-0.911871	0.176849	0.353393	0.227574	0.499877	-0.358649	-0.0453546	0.894606	0.140792	0.294425
700000.0003	-0.536366	0.0791306	0.186511	0.416475	-0.42567	0.124669	0.376006	0.364088	-0.342526	0.504471	-1.05619	-0.401869	0.136493	0.0810886	0.221221
700000.0003	0.058397	-0.0869596	0.34991	0.489743	0.792794	-0.799564	-0.413771	0.436295	-1.42135	-1.21525	0.309492	0.453784	-0.0904466	-0.506907	0.541344
700000.0003	-0.251845	-0.953407	-1.73245	0.743626	-0.0815155	-0.171382	-0.326526	-0.196819	-1.07106	-0.406425	-0.0833158	-0.968243	0.706511	1.62678	0.918919
700000.0003	0.587984	0.691159	0.13449	-0.817594	0.637709	-1.22373	-1.18471	-1.44193	0.194038	0.345746	0.348924	1.62585	2.14357	-0.00141152	-1.27281
700000.0003	1.10216	0.82446	-1.40207	-0.144981	-0.846013	-0.755867	-2.35174	-0.189027	1.47686	0.356922	1.04698	1.84894	0.343448	-0.155956	0.272817
700000.0003	0.893675	0.841749	-0.738507	-0.508185	-1.76593	-1.37551	-1.0668	-0.404843	0.712892	0.294443	0.477521	0.828846	1.21745	0.354999	0.316654
700000.0003	1.03557	0.0839937	0.373785	-1.14739	-1.31129	-0.578679	-1.01462	-1.73391	-1.80185	0.54536	1.2025	0.581671	0.791197	0.675021	1.59812
700000.0003	0.0611948	0.345566	1.24423	-0.491122	-1.6242	-2.07127	-1.17306	-0.985726	-0.677318	0.205705	0.963056	1.01008	0.104172	1.42972	1.39272
700000.0003	-0.418238	0.120587	-0.145133	-0.11103	-1.07315	-1.18137	-0.816342	-0.418383	-0.0357948	-0.725627	0.950738	1.18843	1.33198	0.940483	0.400163
700000.0003	1.16979	-0.00665506	-1.31796	-0.712159	0.345669	-0.939577	-1.8844	-0.490588	0.800721	1.09585	0.913778	0.272384	-0.68568	-0.0370009	1.35688
700000.0003	-0.620459	0.0166661	0.206216	-0.244323	-0.418929	-0.976701	-0.547162	-0.532576	-0.559089	-0.374379	-0.11586	1.66944	1.30265	-0.0624016	0.152289
700000.0003	1.31268	0.353366	-0.156567	-1.56167	-1.02725	-0.335444	-0.557987	-0.61998	-0.0374941	0.142907	0.725452	1.03652	0.77254	0.421337	-0.346413
700000.0003	-0.291855	0.194419	-0.0518962	-0.549253	-0.896886	-0.812544	-0.855204	0.00230912	0.00659606	0.787394	1.08071	1.08726	1.8468	0.121914	-0.857371
700000.0003	-1.01398	-0.985766	0.159167	0.157459	-0.142628	-0.912295	-1.03129	0.318601	0.729302	1.52122	1.54861	1.32017	1.07474	0.162221	0.397948
700000.0003	-0.343434	0.0203095	-0.00200915	0.311409	0.341887	-0.455	0.909123	0.00149931	-0.177131	0.416739	2.44371	0.665077	0.0482152	0.551422	-0.817773
700000.0003	2909.3	2909.84	2912.49	2913.23	2911.89	2910.41	2909.42	2910.24	2907.08	2908.05	2909.8	2910.96	2911.66	2915.78	2910.28
700000.0003	1607.87	1607.84	1606.98	1607.57	1609.22	1610.76	1609.29	1607.72	1605.32	1605.85	1606.86	1608.59	1610.51	1607.65	1609.39
700000.0003	174.593	174.169	174.71	174.402	172.984	173.796	174.601	173.851	174.434	173.55	173.734	174.144	173.416	173.757	173.99
700000.0003	28.1983	28.5944	28.2983	27.5787	28.3868	28.706	28.5246	28.2782	28.281	28.2458	28.3706	28.4957	28.5852	28.553	28.1808
700000.0003	18.0817	18.2318	18.6425	18.341	18.3104	18.3415	18.0757	18.247	17.6585	18.3021	18.2385	18.5882	18.4645	18.3468	18.0694
700000.0003	16.077	16.0846	16.4245	16.1331	16.1725	15.9598	16.2727	15.9884	16.0241	15.691	16.1424	16.0704	16.0485	15.7984	15.6331
700000.0003	14.857	14.7872	15.1222	14.6934	14.9752	15.0341	15.2751	15.107	14.6779	14.9396	14.6965	14.8886	15.0032	15.05	15.0699
700000.0003	14.425	14.3737	14.5798	14.026	14.3979	14.2179	14.5074	14.2905	14.5192	14.1898	13.9584	14.4381	14.0759	14.289	14.2878
700000.0003	13.5776	13.768	13.8789	14.052	13.8163	13.9204	13.9444	13.9064	13.7719	13.4744	13.7308	14.3014	14.1323	14.0253	13.6125
700000.0003	13.5071	13.6033	13.6887	13.7161	13.7801	13.6835	13.3856	13.6747	13.5959	13.5865	13.7496	13.5756	13.6875	13.5137	13.4825
700000.0003	13.8527	13.5591	13.3284	13.6406	13.0198	13.3475	13.3341	13.4778	13.301	13.3625	13.7918	13.3231	13.4958	13.4611	13.6462
700000.0003	13.3059	13.3166	13.0768	12.8477	13.2584	13.4341	13.3694	13.382	13.1641	13.4433	13.3271	13.22	13.0768	13.2818	13.2528
700000.0003	13.2089	13.3465	13.2754	13.1858	13.122	13.1194	13.2825	13.0188	13.371	13.4549	13.4768	13.2835	13.1096	13.408	13.6424
700000.0003	13.5578	13.2099	13.281	13.1014	13.3669	13.1197	13.2442	13.3355	13.3959	13.4544	13.2592	13.2834	13.1539	13.3167	13.4467
700000.0003	13.2295	13.2556	13.3217	13.2496	13.8542	13.2399	13.1562	13.2854	13.255	13.3861	13.3015	13.4001	13.5278	13.7021	13.1883
700000.0003	14.0044	13.7868	13.8979	14.1787	13.761	13.8769	14.0005	14.041	13.9838	13.8013	13.7866	13.9037	13.7943	13.9647	13.9209
700000.0003	15.1287	14.9239	14.7698	14.9434	14.8878	15.218	14.8167	14.9193	15.501	14.7566	14.6248	15.2949	15.101	15.0049	14.9786
700000.0003	16.8781	16.948	16.4294	16.5193	17.2369	16.9406	16.6282	16.6268	16.6858	16.903	16.9858	17.0104	16.8447	16.925	16.7546
700000.0003	19.5602	19.4785	19.9397	19.6538	19.5865	19.4395	19.3985	19.7279	19.7809	19.6308	19.7135	19.5457	20.1587	19.6441	19.9229
700000.0003	24.2023	23.641	23.68	24.4504	23.596	24.1616	23.9471	24.097	23.4472	24.006	23.7936	24.296	24.1727	23.8008	23.4923
700000.0003	30.9745	30.6269	30.8902	30.4665	30.6796	30.4326	30.395	30.1928	30.3731	30.5636	30.3548	30.4557	30.2637	30.4916	30.4254
700000.0003	42.14	42.1321	41.6622	41.631	41.5324	41.6199	41.7676	41.7077	41.8783	42.1007	42.0078	42.3676	41.6838	41.5976	41.9437
700000.0003	66.9451	66.847	66.7038	66.7457	66.4037	66.1788	65.9008	66.3269	66.7613	66.9347	66.7709	66.7783	65.9147	65.5533	67.1258
700000.0003	152.028	152.782	153.699	153.065	154.21	152.834	152.903	151.375	153.096	152.954	152.75	152.753	152.798	152.924	151.755
700000.0003	519.557	521.698	521.854	521.16	520.554	520.173	521.721	522.595	521.451	522.368	519.434	520.481	520.943	521.82	520.422
700000.0003	1366.47	1365.2	1365.69	1362.81	1361.59	1365.38	1364.79	1366.04	1367.74	1368.94	1366.01	1364.02	1364.35	1364.61	1364.16
700000.0003	2156.46	2155.1	2154.66	2152.65	2155.66	2155.52	2157.65	2158.73	2159.17	2157.68	2157.78	2157.17	2155.26	2154.89	2157.55
700000.0003	2584.62	2585.65	2583.03	2585.59	2584.68	2585.81	2583.73	2588.63	2590.87	2589.47	2589.35	2584.44	2583.75	2585.4	2585.69
700000.0003	2777.05	2776.65	2777.39	2775.71	2776.98	2778.15	2778.66	2781.99	2777.34	2778.98	2778.68	2776.79	2777.71	2776.97	2778.81
700000.0003	2864.21	2863.09	2862.94	2865.59	2864.52	2864.69	2864.55	2865.72	2865.92	2864.54	2862.93	2864.38	2865.46	2864.21	2865.31
700000.0003	2905.36	2904.96	2902.37	2903.35	2905.62	2901.82	2905.45	2903.47	2905.16	2906.29	2906.12	2905.39	2904.12	2903.58	2902.67
700000.0003	2929.4	2929.84	2929.37	2930.46	2929.94	2928.56	2932.02	2930.99	2931.15	2930.33	2931.06	2930.59	2930.78	2930.23	2929.64
700000.0003	2951.82	2952.27	2954.73	2951.27	2951.92	2953.62	2953.04	2951.72	2952.04	2950.64	2948.87	2949.39	2952.11	2951.94	2948.96
700000.0003	2970.05	2972.1	2973.92	2971.77	2970.55	2973.55	2970.19	2968.01	2968.9	2969.75	2968.24	2969.4	2968	2969.68	2972.18
700000.0003	2987.77	2984.7	2989.52	2988.82	2988.78	2987.34	2987.87	2987.32	2988.26	2989.24	2988.6	2988.93	2988.82	2988.93	2988.54
700000.0003	3006.2	3007.13	3002.47	3005.64	3005.41	3006	3005.88	3007.86	3004.36	3005.39	3005.13	3007.72	3004.67	3003.46	3005.56
700000.0003	3022.99	3023.05	3022.7	3023.31	3022.82	3023.87	3024.19	3023.82	3023.39	3020.8	3022.52	3022.86	3021.2	3022.08	3021.15
700000.0003	3042.18	3042.58	3045.94	3044.34	3045.23	3042.77	3041.96	3042.43	3044.12	3042.56	3044.05	3041.17	3041.59	3043.41	3042.16
700000.0003	3070.13	3070.56	3068.76	3070.58	3068.48	3070.3	3069.87	3069.38	3069.73	3068.93	3069	3068.74	3069.92	3069.17	3069.81
700000.0003	3086.04	3085.09	3083.49	3082.68	3086.71	3084.62	3084.79	3080.85	3082.34	3084.18	3084.11	3082.88	3086.47	3082.5	3084.96
