700000.0003	0.0262229
700000.0003	0.0354963
700000.0003	0.0526698
700000.0003	0.0805875
700000.0003	0.12528
700000.0003	0.188663
700000.0003	0.276953
700000.0003	0.397475
700000.0003	0.555253
700000.0003	0.746579
700000.0003	0.982004
700000.0003	1.27078
700000.0003	1.60822
700000.0003	1.99636
700000.0003	2.41729
700000.0003	2.86144
700000.0003	3.33879
700000.0003	3.8247
700000.0003	4.2819
700000.0003	4.74848
700000.0003	5.20633
700000.0003	5.61922
700000.0003	6.0746
700000.0003	6.47175
700000.0003	6.80256
700000.0003	7.24349
700000.0003	7.60237
700000.0003	7.897
700000.0003	8.23323
700000.0003	8.49444
700000.0003	8.81178
700000.0003	9.10527
700000.0003	9.3302
700000.0003	9.59471
700000.0003	9.7538
700000.0003	9.95057
700000.0003	10.0619
700000.0003	10.1097
700000.0003	10.2164
700000.0003	10.2235
700000.0003	10.2768
700000.0003	10.2638
700000.0003	10.3019
700000.0003	10.2817
700000.0003	10.2786
700000.0003	10.3432
700000.0003	10.3392
700000.0003	10.3722
700000.0003	10.206
700000.0003	10.2473
700000.0003	10.2661
700000.0003	10.2879
700000.0003	10.3211
700000.0003	10.2843
700000.0003	10.2861
700000.0003	10.2754
700000.0003	10.3346
700000.0003	10.3339
700000.0003	10.3383
700000.0003	10.3232
700000.0003	10.3198
700000.0003	10.3296
700000.0003	10.3383
700000.0003	10.337
700000.0003	10.3267
700000.0003	10.3165
700000.0003	10.3619
700000.0003	10.2394
700000.0003	10.291
700000.0003	10.3453
700000.0003	10.3369
700000.0003	10.3057
700000.0003	10.3484
700000.0003	10.2673
700000.0003	10.3417
700000.0003	10.3331
700000.0003	10.3256
700000.0003	10.3352
700000.0003	10.3235
700000.0003	10.3322
700000.0003	10.3165
700000.0003	10.3962
700000.0003	10.3438
700000.0003	10.3398
700000.0003	10.34
700000.0003	10.3714
700000.0003	10.3711
700000.0003	10.433
700000.0003	10.3668
700000.0003	10.3663
700000.0003	10.3569
700000.0003	10.3107
700000.0003	10.3433
700000.0003	10.3848
700000.0003	10.3293
700000.0003	10.334
700000.0003	10.4245
700000.0003	10.4014
700000.0003	10.3535
700000.0003	10.4477
700000.0003	10.427
700000.0003	10.3894
700000.0003	10.376
700000.0003	10.3262
700000.0003	10.3771
700000.0003	10.4311
700000.0003	10.4057
700000.0003	10.5138
700000.0003	10.3991
700000.0003	10.4331
700000.0003	10.4039
700000.0003	10.3424
700000.0003	10.4643
700000.0003	10.4362
700000.0003	10.384
700000.0003	10.471
700000.0003	10.4483
700000.0003	10.3719
700000.0003	10.4261
700000.0003	10.4088
700000.0003	10.4536
700000.0003	10.4367
700000.0003	10.4074
700000.0003	10.3375
700000.0003	10.4057
700000.0003	10.517
700000.0003	10.4379
700000.0003	10.4802
700000.0003	10.4961
700000.0003	10.4614
700000.0003	10.4586
700000.0003	10.42
700000.0003	10.4633
700000.0003	10.4524
700000.0003	10.4234
700000.0003	10.4535
700000.0003	10.3653
700000.0003	10.4739
700000.0003	10.5179
700000.0003	10.4591
700000.0003	10.4885
700000.0003	10.4553
700000.0003	10.4857
700000.0003	10.492
700000.0003	10.548
700000.0003	10.4937
700000.0003	10.4208
700000.0003	10.4008
700000.0003	10.3624
700000.0003	10.4061
700000.0003	10.3903
700000.0003	10.358
700000.0003	10.3065
700000.0003	10.4044
700000.0003	10.2587
700000.0003	10.2063
700000.0003	10.1164
700000.0003	10.2045
700000.0003	10.1013
700000.0003	10.0235
700000.0003	10.0168
700000.0003	10.0079
700000.0003	10.0118
700000.0003	9.89571
700000.0003	9.92063
700000.0003	9.89769
700000.0003	9.74356
700000.0003	9.69554
700000.0003	9.67303
700000.0003	9.62032
700000.0003	9.59913
700000.0003	9.52377
700000.0003	9.52124
700000.0003	9.42695
700000.0003	9.3583
700000.0003	9.23278
700000.0003	9.17388
700000.0003	9.14918
700000.0003	9.08276
700000.0003	9.01935
700000.0003	8.84972
700000.0003	8.86756
700000.0003	8.74842
700000.0003	8.69661
700000.0003	8.59838
700000.0003	8.49273
700000.0003	8.46002
700000.0003	8.42009
700000.0003	8.35581
700000.0003	8.24557
700000.0003	8.1233
700000.0003	8.09483
700000.0003	7.99882
700000.0003	7.90482
700000.0003	7.89299
700000.0003	7.80774
700000.0003	7.64191
700000.0003	7.55064
700000.0003	7.46599
700000.0003	7.33824
700000.0003	7.302
700000.0003	7.21416
700000.0003	7.10079
700000.0003	6.98422
700000.0003	6.95004
700000.0003	6.88574
700000.0003	6.78004
700000.0003	6.65006
700000.0003	6.60053
700000.0003	6.45211
700000.0003	6.38671
700000.0003	6.30308
700000.0003	6.2259
700000.0003	6.09326
700000.0003	6.04143
700000.0003	5.9715
700000.0003	5.82659
700000.0003	5.71488
700000.0003	5.60932
700000.0003	5.54795
700000.0003	5.45508
700000.0003	5.3417
700000.0003	5.28508
700000.0003	5.14862
700000.0003	5.03737
700000.0003	4.95775
700000.0003	4.89357
700000.0003	4.76509
700000.0003	4.65727
700000.0003	4.56604
700000.0003	4.4795
700000.0003	4.38401
700000.0003	4.27418
700000.0003	4.17384
700000.0003	4.05442
700000.0003	3.98847
700000.0003	3.86311
700000.0003	3.76705
700000.0003	3.66578
700000.0003	3.55914
700000.0003	3.44735
700000.0003	3.31899
700000.0003	3.21392
700000.0003	3.11519
700000.0003	2.97528
700000.0003	2.85235
700000.0003	2.71816
700000.0003	2.60085
700000.0003	2.4597
700000.0003	2.32957
700000.0003	2.1997
700000.0003	2.06212
700000.0003	1.92504
700000.0003	1.79805
700000.0003	1.66901
700000.0003	1.53849
700000.0003	1.42027
700000.0003	1.29341
700000.0003	1.18434
700000.0003	1.08229
700000.0003	0.97843
700000.0003	0.882153
700000.0003	0.795088
700000.0003	0.710876
700000.0003	0.635134
700000.0003	0.564498
700000.0003	0.497112
700000.0003	0.438093
700000.0003	0.384167
700000.0003	0.337579
700000.0003	0.291669
700000.0003	0.251491
700000.0003	0.21693
700000.0003	0.18582
700000.0003	0.159595
700000.0003	0.135231
700000.0003	0.114164
700000.0003	0.0967939
700000.0003	0.0812428
700000.0003	0.0684823
700000.0003	0.0583323
700000.0003	0.0491783
700000.0003	0.0410794
700000.0003	0.0348196
700000.0003	0.0293398
700000.0003	0.0247359
700000.0003	0.0212742
700000.0003	0.017881
700000.0003	0.0156984
700000.0003	0.0134793
700000.0003	0.0116064
700000.0003	0.0101963
700000.0003	0.00895054
700000.0003	0.00812499
700000.0003	0.00740437
700000.0003	0.00665005
700000.0003	0.0061447
700000.0003	0.0058104
700000.0003	0.0055128
700000.0003	0.00533212
700000.0003	0.00535123
700000.0003	0.0052326
700000.0003	0.00498695
700000.0003	0.0050035
700000.0003	0.00488059
700000.0003	0.00479274
700000.0003	0.00473665
700000.0003	0.00470796
700000.0003	0.00462457
700000.0003	0.00460621
700000.0003	0.00462559
700000.0003	0.00459354
700000.0003	0.00454125
700000.0003	0.0043864
700000.0003	0.00441172
700000.0003	0.0043861
700000.0003	0.00435898
700000.0003	0.00435179
700000.0003	0.00426427
700000.0003	0.0043316
700000.0003	0.00421839
700000.0003	0.00422091
700000.0003	0.00426955
700000.0003	0.00419985
700000.0003	0.00423714
700000.0003	0.00414881
700000.0003	0.00418943
700000.0003	0.00415503
700000.0003	0.00414107
700000.0003	0.00416
700000.0003	0.00409866
700000.0003	0.00414795
700000.0003	0.00413307
700000.0003	0.0041192
700000.0003	0.00415707
700000.0003	0.00418373
700000.0003	0.00412302
700000.0003	0.00408904
700000.0003	0.00409087
700000.0003	0.00415148
700000.0003	0.00407617
700000.0003	0.00416116
700000.0003	0.00413235
700000.0003	0.00416036
700000.0003	0.0042044
700000.0003	0.00415023
700000.0003	0.00418062
700000.0003	0.00415097
700000.0003	0.00419438
700000.0003	0.00422834
700000.0003	0.00419462
700000.0003	0.00422007
700000.0003	0.00421107
700000.0003	0.00422764
700000.0003	0.00424256
700000.0003	0.00420113
700000.0003	0.00425927
700000.0003	0.00423837
700000.0003	0.00435171
700000.0003	0.00432497
700000.0003	0.00442472
700000.0003	0.00432459
700000.0003	0.0044058
700000.0003	0.0044442
700000.0003	0.0045312
700000.0003	0.00444301
700000.0003	0.00452379
700000.0003	0.00456131
700000.0003	0.00460244
700000.0003	0.00462935
700000.0003	0.00473292
700000.0003	0.00481492
700000.0003	0.00475536
700000.0003	0.0049347
700000.0003	0.00495383
700000.0003	0.00496389
700000.0003	0.00515577
700000.0003	0.00516919
700000.0003	0.00544137
700000.0003	0.00536877
700000.0003	0.00566079
700000.0003	0.00573933
700000.0003	0.00584982
700000.0003	0.00599512
700000.0003	0.00613948
700000.0003	0.00635893
700000.0003	0.00651772
700000.0003	0.00680389
700000.0003	0.0071818
700000.0003	0.00749922
700000.0003	0.0081437
700000.0003	0.00863823
700000.0003	0.00912751
700000.0003	0.00965737
700000.0003	0.0107668
700000.0003	0.0120326
700000.0003	0.0136643
700000.0003	0.0154476
700000.0003	0.0180195
700000.0003	0.0216316
700000.0003	-0.000222553
700000.0003	0.000295494
700000.0003	0.000187531
700000.0003	-0.000965298
700000.0003	0.00143608
700000.0003	-0.0010318
700000.0003	0.00166052
700000.0003	-0.00289395
700000.0003	0.00224818
700000.0003	0.00359739
700000.0003	0.000674991
700000.0003	-0.00708946
700000.0003	-0.00953125
700000.0003	-0.00073749
700000.0003	-0.00519054
700000.0003	-0.00686403
700000.0003	0.0239058
700000.0003	0.0158853
700000.0003	-0.00405626
700000.0003	0.0383504
700000.0003	0.0238689
700000.0003	0.0140154
700000.0003	-0.011807
700000.0003	0.0189234
700000.0003	0.0203645
700000.0003	-0.0146691
700000.0003	-0.00583956
700000.0003	0.0263096
700000.0003	0.0344383
700000.0003	-0.00809496
700000.0003	0.030407
700000.0003	-0.000136721
700000.0003	-0.00884402
700000.0003	0.0123747
700000.0003	0.0351233
700000.0003	9.35621e-05
700000.0003	0.0476764
700000.0003	0.0300908
700000.0003	0.0453824
700000.0003	0.0233497
700000.0003	0.00624241
700000.0003	0.0265724
700000.0003	0.0176382
700000.0003	-0.0463916
700000.0003	-0.0506841
700000.0003	-0.00602139
700000.0003	-0.0796738
700000.0003	0.00828884
700000.0003	0.00812812
700000.0003	-0.00196031
700000.0003	0.0276393
700000.0003	0.0401609
700000.0003	0.0122242
700000.0003	-0.0299278
700000.0003	-0.00670062
700000.0003	-0.0257152
700000.0003	-0.00665616
700000.0003	-0.0178848
700000.0003	0.0366131
700000.0003	-0.0160608
700000.0003	-0.0251392
700000.0003	0.0315091
700000.0003	0.0264193
700000.0003	0.0443539
700000.0003	-0.0478223
700000.0003	-0.0216973
700000.0003	0.00467611
700000.0003	0.0281392
700000.0003	0.0238974
700000.0003	-0.00936457
700000.0003	-0.0106401
700000.0003	-0.0126453
700000.0003	-0.040181
700000.0003	0.0371537
700000.0003	0.0318174
700000.0003	0.0353776
700000.0003	-0.0240485
700000.0003	0.00652545
700000.0003	-0.00401618
700000.0003	-0.0105624
700000.0003	0.054553
700000.0003	0.0248647
700000.0003	0.0016015
700000.0003	-0.0250211
700000.0003	-0.00728012
700000.0003	0.00979227
700000.0003	0.0208902
700000.0003	0.0169316
700000.0003	0.0373962
700000.0003	0.00584185
700000.0003	0.050716
700000.0003	0.0356881
700000.0003	-0.00140935
700000.0003	-0.0189109
700000.0003	0.0184572
700000.0003	-0.0316525
700000.0003	-0.000553302
700000.0003	0.00896571
700000.0003	0.0545886
700000.0003	-0.0298962
700000.0003	-0.0147051
700000.0003	-0.00126962
700000.0003	-0.0465963
700000.0003	0.00403839
700000.0003	-0.0152312
700000.0003	-0.00202195
700000.0003	-0.0342335
700000.0003	-0.0115685
700000.0003	-0.00795002
700000.0003	0.0242824
700000.0003	-0.0313396
700000.0003	0.0119869
700000.0003	-0.0326852
700000.0003	0.000256438
700000.0003	-0.0263596
700000.0003	-0.00770507
700000.0003	-0.0128382
700000.0003	0.0592539
700000.0003	-0.0524065
700000.0003	-0.00245425
700000.0003	0.00776577
700000.0003	-0.00968879
700000.0003	-0.00392996
700000.0003	0.0559111
700000.0003	0.0288001
700000.0003	0.00290726
700000.0003	-0.023848
700000.0003	0.0257214
700000.0003	0.00318148
700000.0003	0.00322761
700000.0003	0.00245281
700000.0003	-0.0136926
700000.0003	0.0166841
700000.0003	-0.0169003
700000.0003	-0.0252521
700000.0003	0.0296109
700000.0003	0.0253088
700000.0003	0.0297296
700000.0003	-0.0173846
700000.0003	-0.0315853
700000.0003	-0.0111392
700000.0003	-0.00583481
700000.0003	0.0245026
700000.0003	0.0287541
700000.0003	0.0156782
700000.0003	-0.0085001
700000.0003	-0.0149945
700000.0003	0.00525238
700000.0003	0.0110803
700000.0003	0.0109018
700000.0003	0.0626563
700000.0003	0.019807
700000.0003	0.00869898
700000.0003	-0.0168344
700000.0003	-7.34077e-05
700000.0003	-0.0126809
700000.0003	-0.00946962
700000.0003	0.0107614
700000.0003	0.0125304
700000.0003	-0.00848124
700000.0003	0.0300939
700000.0003	-0.00901171
700000.0003	-0.0135022
700000.0003	-0.0288851
700000.0003	-0.013431
700000.0003	0.0244487
700000.0003	0.0225958
700000.0003	-0.00919346
700000.0003	0.0182333
700000.0003	-0.0212387
700000.0003	-0.00299818
700000.0003	0.0137284
700000.0003	0.0228975
700000.0003	0.0494687
700000.0003	0.0235072
700000.0003	-0.000510757
700000.0003	-0.00461988
700000.0003	0.00736909
700000.0003	-0.00512114
700000.0003	-0.00932409
700000.0003	-0.00347335
700000.0003	-0.0129539
700000.0003	-0.00659098
700000.0003	0.0161544
700000.0003	0.0147752
700000.0003	0.00461277
700000.0003	-0.0230416
700000.0003	0.0246772
700000.0003	-0.0128585
700000.0003	0.0154402
700000.0003	-0.0582349
700000.0003	0.0106995
700000.0003	-0.0255903
700000.0003	0.0103764
700000.0003	-0.0011311
700000.0003	-0.0061177
700000.0003	-0.021924
700000.0003	-0.017934
700000.0003	-0.025447
700000.0003	-0.020394
700000.0003	0.00666386
700000.0003	-0.0180467
700000.0003	0.000375619
700000.0003	0.00226815
700000.0003	0.00304157
700000.0003	-0.00813115
700000.0003	-0.0156854
700000.0003	-0.00875242
700000.0003	-0.00325524
700000.0003	0.000565162
700000.0003	0.00714251
700000.0003	0.00242572
700000.0003	-0.0123284
700000.0003	0.00143709
700000.0003	-0.00365475
700000.0003	-0.0147457
700000.0003	-0.00950382
700000.0003	0.00427378
700000.0003	-0.0260309
700000.0003	0.00329018
700000.0003	-0.015858
700000.0003	0.0076412
700000.0003	0.00106152
700000.0003	-0.00217918
700000.0003	-0.010525
700000.0003	0.00014944
700000.0003	-0.00719885
700000.0003	-0.00512496
700000.0003	-0.00356199
700000.0003	0.00967122
700000.0003	0.00224514
700000.0003	-0.00302426
700000.0003	0.00692891
700000.0003	0.00460188
700000.0003	-0.000193302
700000.0003	-0.0033614
700000.0003	-0.0105241
700000.0003	-0.00378525
700000.0003	-0.00722279
700000.0003	0.00634274
700000.0003	-0.00583247
700000.0003	-0.000204573
700000.0003	0.00761366
700000.0003	-0.00987743
700000.0003	-0.00719031
700000.0003	-0.00105445
700000.0003	-0.00392203
700000.0003	0.00898359
700000.0003	0.00394386
700000.0003	0.00234499
700000.0003	-0.00151006
700000.0003	0.00655891
700000.0003	0.00070613
700000.0003	-0.000914316
700000.0003	0.000156998
700000.0003	-0.000201344
700000.0003	0.00276273
700000.0003	0.00290261
700000.0003	-0.00315472
700000.0003	-0.00116234
700000.0003	-0.000736876
700000.0003	0.000780578
700000.0003	-0.000449681
700000.0003	0.00139509
700000.0003	-0.00190377
700000.0003	0.00123399
700000.0003	-0.00106104
700000.0003	0.00207291
700000.0003	0.00114518
700000.0003	-0.000102797
700000.0003	-0.000871811
700000.0003	2.65496e-05
700000.0003	0.000402431
700000.0003	0.000320672
700000.0003	0.000493996
700000.0003	-0.00116142
700000.0003	-0.000245826
700000.0003	0.000157398
700000.0003	-0.000268351
700000.0003	-0.000505755
700000.0003	-0.000103866
700000.0003	0.000180579
700000.0003	0.000271392
700000.0003	0.000317043
700000.0003	-0.00034481
700000.0003	0.000148634
700000.0003	-0.00024368
700000.0003	9.86239e-05
700000.0003	-3.68714e-05
700000.0003	4.24154e-05
700000.0003	-5.60948e-05
700000.0003	5.43068e-05
700000.0003	-2.85775e-05
700000.0003	0.000100261
700000.0003	2.9977e-05
700000.0003	7.36876e-05
700000.0003	4.91329e-05
700000.0003	2.09552e-05
700000.0003	2.63952e-05
700000.0003	3.08924e-06
700000.0003	-3.16263e-05
700000.0003	-9.76877e-07
700000.0003	7.05169e-05
700000.0003	-6.72742e-05
700000.0003	-1.19902e-05
700000.0003	-3.29322e-05
700000.0003	-3.43093e-05
700000.0003	-2.79957e-05
700000.0003	1.14469e-05
700000.0003	1.62781e-05
700000.0003	7.40171e-05
700000.0003	-6.94136e-06
700000.0003	3.08054e-05
700000.0003	9.76911e-06
700000.0003	-1.05439e-05
700000.0003	2.77896e-05
700000.0003	-3.8477e-05
700000.0003	7.43723e-06
700000.0003	3.68334e-05
700000.0003	1.74954e-05
700000.0003	3.5833e-05
700000.0003	-1.39116e-05
700000.0003	9.5464e-06
700000.0003	-3.223e-05
700000.0003	3.49759e-05
700000.0003	4.80436e-06
700000.0003	2.47095e-05
700000.0003	4.5564e-05
700000.0003	9.70158e-06
700000.0003	4.75878e-06
700000.0003	4.30317e-06
700000.0003	-2.3832e-05
700000.0003	-5.66025e-05
700000.0003	-1.95076e-05
700000.0003	2.978e-05
700000.0003	6.57566e-07
700000.0003	-4.58862e-05
700000.0003	3.09132e-05
700000.0003	-4.1767e-05
700000.0003	-6.15981e-06
700000.0003	1.93833e-05
700000.0003	-2.16316e-05
700000.0003	3.42987e-05
700000.0003	-9.96211e-06
700000.0003	-2.77249e-05
700000.0003	7.78089e-06
700000.0003	6.01161e-06
700000.0003	1.46457e-05
700000.0003	-2.40947e-05
700000.0003	5.61023e-05
700000.0003	-9.39574e-06
700000.0003	7.63736e-06
700000.0003	-9.56121e-06
700000.0003	-1.76069e-05
700000.0003	-2.08085e-05
700000.0003	-3.95864e-05
700000.0003	-6.62588e-05
700000.0003	1.4002e-05
700000.0003	-4.18994e-05
700000.0003	-2.59495e-05
700000.0003	-1.04806e-05
700000.0003	5.56534e-06
700000.0003	-3.12907e-06
700000.0003	-1.9641e-05
700000.0003	4.85908e-06
700000.0003	4.15024e-05
700000.0003	1.50006e-07
700000.0003	1.22443e-05
700000.0003	6.05007e-05
700000.0003	8.7912e-07
700000.0003	-6.39807e-05
700000.0003	-3.3113e-06
700000.0003	-2.75907e-05
700000.0003	0.000105393
700000.0003	-1.38314e-05
700000.0003	3.07492e-07
700000.0003	-2.00464e-05
700000.0003	-4.16368e-05
700000.0003	6.11432e-06
700000.0003	9.99818e-08
700000.0003	-2.34498e-05
700000.0003	-7.53944e-05
700000.0003	4.49314e-05
700000.0003	3.08835e-05
700000.0003	3.14748e-05
700000.0003	2.74846e-05
700000.0003	-2.25398e-05
700000.0003	9.40527e-05
700000.0003	3.03376e-05
700000.0003	9.00413e-05
700000.0003	0.000155207
700000.0003	-5.82445e-05
700000.0003	5.1191e-05
700000.0003	6.79435e-05
700000.0003	0.000144197
700000.0003	-0.000133863
700000.0003	8.57919e-05
700000.0003	-1.05908e-05
700000.0003	7.36657e-06
700000.0003	-4.52578e-05
700000.0003	0.000122801
700000.0003	5.64216e-05
700000.0003	5.2006e-05
700000.0003	0.00045194
700000.0003	-0.000183581
700000.0003	0.000831556
700000.0003	0.000671631
700000.0003	0.00101428
700000.0003	-0.000153053
700000.0003	-0.000413498
700000.0003	0.000888558
700000.0003	0.00781181
700000.0003	-0.00514357
700000.0003	-0.00167484
700000.0003	0.000346044
700000.0003	-0.000223727
700000.0003	-0.00714419
700000.0003	0.00204112
700000.0003	-0.00805115
700000.0003	-0.0144454
700000.0003	0.00695756
700000.0003	0.00981792
700000.0003	0.00540575
700000.0003	0.0147854
700000.0003	0.00581245
700000.0003	0.00051771
700000.0003	-0.00716931
700000.0003	0.0204863
700000.0003	0.0277017
700000.0003	-0.0289137
700000.0003	0.0416709
700000.0003	0.0100493
700000.0003	-0.0129752
700000.0003	0.00700632
700000.0003	0.00483454
700000.0003	0.0032459
700000.0003	0.0449724
700000.0003	0.0336282
700000.0003	0.0524371
700000.0003	0.0363331
700000.0003	-0.00565249
700000.0003	0.0255153
700000.0003	0.00821953
700000.0003	-0.0467504
700000.0003	-0.0516511
700000.0003	-0.0134635
700000.0003	-0.0679664
700000.0003	0.00796304
700000.0003	0.00398494
700000.0003	-0.00317745
700000.0003	0.0110354
700000.0003	0.045167
700000.0003	0.0036924
700000.0003	-0.0328516
700000.0003	0.0018144
700000.0003	-0.0377814
700000.0003	-0.0151382
700000.0003	-0.0183189
700000.0003	0.0233072
700000.0003	-0.00989014
700000.0003	-0.0516962
700000.0003	0.0337717
700000.0003	0.0140069
700000.0003	0.063239
700000.0003	-0.0493574
700000.0003	-0.000956884
700000.0003	0.00818693
700000.0003	0.031639
700000.0003	0.0115658
700000.0003	0.0122029
700000.0003	-0.0222334
700000.0003	-0.0317298
700000.0003	-0.0263004
700000.0003	0.0388029
700000.0003	0.0171728
700000.0003	0.0418901
700000.0003	-0.0239705
700000.0003	0.0179139
700000.0003	-0.0302391
700000.0003	-0.0102829
700000.0003	0.0492647
700000.0003	0.0251174
700000.0003	0.00386468
700000.0003	-0.0274851
700000.0003	-0.0163412
700000.0003	0.00681545
700000.0003	0.0227115
700000.0003	0.0394272
700000.0003	0.0472711
700000.0003	-0.00664729
700000.0003	0.062279
700000.0003	0.0347392
700000.0003	-0.0104997
700000.0003	-0.010542
700000.0003	0.0258061
700000.0003	-0.0124231
700000.0003	0.00148741
700000.0003	0.0212321
700000.0003	0.0437354
700000.0003	-0.0274251
700000.0003	-0.00552895
700000.0003	-0.00314596
700000.0003	-0.0483115
700000.0003	0.00740055
700000.0003	-0.00951025
700000.0003	-0.0163987
700000.0003	-0.0230568
700000.0003	-0.00644451
700000.0003	0.00841071
700000.0003	0.0323651
700000.0003	-0.0303507
700000.0003	0.0190111
700000.0003	-0.019795
700000.0003	-0.00756093
700000.0003	-0.0161331
700000.0003	-0.0153327
700000.0003	-0.0168822
700000.0003	0.0537154
700000.0003	-0.0488015
700000.0003	-0.0117477
700000.0003	0.0261497
700000.0003	-0.0157548
700000.0003	-0.0189049
700000.0003	0.0543197
700000.0003	0.0312631
700000.0003	0.0122528
700000.0003	-0.0107553
700000.0003	0.0205089
700000.0003	0.00053054
700000.0003	0.000759097
700000.0003	-0.00244995
700000.0003	-0.0210924
700000.0003	0.0248793
700000.0003	-0.00984197
700000.0003	-0.0323261
700000.0003	0.00726199
700000.0003	0.0165121
700000.0003	0.0189507
700000.0003	-0.0229799
700000.0003	-0.0366935
700000.0003	-0.00620417
700000.0003	-0.00911207
700000.0003	0.0102957
700000.0003	0.0343666
700000.0003	0.0179571
700000.0003	-0.00912187
700000.0003	-0.0305085
700000.0003	0.000948654
700000.0003	0.0118747
700000.0003	0.0150546
700000.0003	0.0552488
700000.0003	0.0180635
700000.0003	0.00553764
700000.0003	-0.00136951
700000.0003	0.00170876
700000.0003	-0.0191218
700000.0003	-0.0178986
700000.0003	0.00973298
700000.0003	-0.00366428
700000.0003	-0.00725705
700000.0003	0.022324
700000.0003	-0.0179504
700000.0003	-0.0119864
700000.0003	-0.0349782
700000.0003	-0.0153639
700000.0003	0.0197999
700000.0003	0.0131184
700000.0003	-0.0032258
700000.0003	0.0132204
700000.0003	-0.0160155
700000.0003	-0.00290519
700000.0003	0.0153732
700000.0003	0.0156499
700000.0003	0.043916
700000.0003	0.0293955
700000.0003	0.0101321
700000.0003	-0.00691075
700000.0003	0.00210755
700000.0003	-0.00768539
700000.0003	-0.00859032
700000.0003	0.0052162
700000.0003	-0.0164333
700000.0003	0.00018528
700000.0003	0.00934766
700000.0003	0.00873151
700000.0003	0.00799927
700000.0003	-0.0205576
700000.0003	0.0371389
700000.0003	-0.00514777
700000.0003	0.00915806
700000.0003	-0.047297
700000.0003	0.0150107
700000.0003	-0.0254468
700000.0003	0.0144783
700000.0003	0.0069235
700000.0003	0.000961848
700000.0003	-0.0203504
700000.0003	-0.0214178
700000.0003	-0.0187399
700000.0003	-0.0186654
700000.0003	0.00683782
700000.0003	-0.0113969
700000.0003	0.00991463
700000.0003	0.00209696
700000.0003	0.00124601
700000.0003	0.00785906
700000.0003	-0.0171869
700000.0003	0.00227867
700000.0003	-0.00506672
700000.0003	0.00382543
700000.0003	0.00984
700000.0003	-0.00340789
700000.0003	-0.00823235
700000.0003	-0.00549834
700000.0003	-4.64281e-05
700000.0003	-0.00691328
700000.0003	-0.00643856
700000.0003	0.00310355
700000.0003	-0.0191646
700000.0003	0.00378859
700000.0003	-0.0242192
700000.0003	0.0102264
700000.0003	0.00763253
700000.0003	0.00234829
700000.0003	-0.00758562
700000.0003	0.00285878
700000.0003	0.00106855
700000.0003	-0.00858256
700000.0003	-0.00266356
700000.0003	0.000708704
700000.0003	0.000957414
700000.0003	0.000127679
700000.0003	0.00636374
700000.0003	-0.000291776
700000.0003	-0.00472283
700000.0003	-0.0107665
700000.0003	-0.00891091
700000.0003	-0.00487299
700000.0003	-0.00684098
700000.0003	0.00385751
700000.0003	-0.0034714
700000.0003	-0.00561592
700000.0003	-0.000461729
700000.0003	-0.00282881
700000.0003	-0.00694816
700000.0003	-0.00256115
700000.0003	0.00478419
700000.0003	0.00523945
700000.0003	-0.00379686
700000.0003	-0.000130977
700000.0003	-0.00687147
700000.0003	0.000815665
700000.0003	0.000297004
700000.0003	0.00143492
700000.0003	0.00273848
700000.0003	0.00133736
700000.0003	0.00229756
700000.0003	0.00351101
700000.0003	-9.32268e-05
700000.0003	-0.00425012
700000.0003	-7.52705e-05
700000.0003	-0.00148768
700000.0003	0.00103526
700000.0003	-0.00139768
700000.0003	-0.00128611
700000.0003	-0.000300765
700000.0003	0.000580341
700000.0003	-0.000583002
700000.0003	-0.00272896
700000.0003	0.00161689
700000.0003	0.00118367
700000.0003	-0.00158645
700000.0003	0.000257726
700000.0003	-0.000285368
700000.0003	-0.000310674
700000.0003	0.000432592
700000.0003	-5.98679e-05
700000.0003	-0.00049375
700000.0003	-0.000561543
700000.0003	0.000709221
700000.0003	-0.000257083
700000.0003	5.88321e-05
700000.0003	-0.000414265
700000.0003	1.12529e-05
700000.0003	-0.00025587
700000.0003	-0.000139708
700000.0003	0.000310328
700000.0003	0.000195414
700000.0003	-4.52705e-05
700000.0003	0.000150064
700000.0003	0.000102133
700000.0003	2.4345e-05
700000.0003	3.30345e-05
700000.0003	2.33073e-05
700000.0003	0.000124819
700000.0003	4.76031e-05
700000.0003	1.67012e-05
700000.0003	7.09692e-05
700000.0003	-3.02798e-05
700000.0003	1.35716e-05
700000.0003	7.42822e-05
700000.0003	-5.02214e-05
700000.0003	-1.58043e-05
700000.0003	-2.18659e-05
700000.0003	-3.63727e-06
700000.0003	-0.000124602
700000.0003	-7.00111e-08
700000.0003	4.17487e-05
700000.0003	2.77023e-05
700000.0003	-4.43215e-05
700000.0003	-3.62976e-05
700000.0003	6.80508e-07
700000.0003	-1.45302e-05
700000.0003	-4.47376e-05
700000.0003	-1.95168e-05
700000.0003	-6.17685e-05
700000.0003	-4.86922e-05
700000.0003	2.73477e-06
700000.0003	-8.72e-06
700000.0003	-3.13005e-05
700000.0003	-9.51805e-05
700000.0003	7.59086e-06
700000.0003	3.74259e-06
700000.0003	1.80536e-06
700000.0003	-4.19598e-05
700000.0003	-1.48636e-05
700000.0003	-3.72513e-05
700000.0003	6.94713e-05
700000.0003	1.366e-05
700000.0003	-4.58661e-07
700000.0003	-1.93019e-05
700000.0003	6.10274e-05
700000.0003	7.28611e-05
700000.0003	-5.6207e-06
700000.0003	-2.45844e-05
700000.0003	4.2069e-05
700000.0003	2.3045e-06
700000.0003	2.18311e-05
700000.0003	1.09237e-05
700000.0003	-2.91009e-06
700000.0003	9.47346e-06
700000.0003	-6.21906e-05
700000.0003	-7.22507e-05
700000.0003	-1.03801e-05
700000.0003	7.07109e-05
700000.0003	-2.63409e-06
700000.0003	7.90764e-06
700000.0003	-4.97847e-06
700000.0003	2.92605e-05
700000.0003	-8.58741e-06
700000.0003	2.64074e-06
700000.0003	-7.10747e-06
700000.0003	-2.96022e-05
700000.0003	7.69275e-05
700000.0003	8.70965e-05
700000.0003	1.39669e-05
700000.0003	-9.466e-06
700000.0003	-5.40727e-05
700000.0003	9.01454e-05
700000.0003	-2.50949e-05
700000.0003	6.75957e-05
700000.0003	4.85784e-05
700000.0003	5.19175e-05
700000.0003	-4.37509e-07
700000.0003	5.94973e-07
700000.0003	-6.68717e-05
700000.0003	5.07614e-05
700000.0003	-2.36406e-05
700000.0003	-5.62145e-05
700000.0003	-2.63145e-05
700000.0003	3.82548e-05
700000.0003	-5.73143e-06
700000.0003	7.93042e-05
700000.0003	3.80002e-05
700000.0003	4.2206e-06
700000.0003	5.26827e-05
700000.0003	-3.69816e-07
700000.0003	-6.23155e-05
700000.0003	7.03337e-05
700000.0003	4.58417e-05
700000.0003	-0.000102203
700000.0003	-4.42333e-05
700000.0003	4.21084e-05
700000.0003	1.69435e-05
700000.0003	-8.49453e-06
700000.0003	0.000103958
700000.0003	-2.09463e-05
700000.0003	-8.27936e-05
700000.0003	5.55845e-05
700000.0003	-8.52645e-05
700000.0003	-0.000102725
700000.0003	0.00010472
700000.0003	-2.35545e-05
700000.0003	1.95712e-05
700000.0003	0.000133994
700000.0003	0.000224265
700000.0003	0.000237712
700000.0003	5.3681e-06
700000.0003	0.000139184
700000.0003	7.64198e-05
700000.0003	0.0180862
700000.0003	0.0240941
700000.0003	0.036591
700000.0003	0.0608331
700000.0003	0.100544
700000.0003	0.167815
700000.0003	0.265834
700000.0003	0.409828
700000.0003	0.606227
700000.0003	0.876712
700000.0003	1.24957
700000.0003	1.76596
700000.0003	2.44803
700000.0003	3.33074
700000.0003	4.48489
700000.0003	5.83538
700000.0003	7.42933
700000.0003	9.26883
700000.0003	11.2784
700000.0003	13.3644
700000.0003	15.3312
700000.0003	16.9508
700000.0003	18.1996
700000.0003	19.0335
700000.0003	19.4828
700000.0003	19.7422
700000.0003	19.713
700000.0003	19.5835
700000.0003	19.3209
700000.0003	19.029
700000.0003	18.7173
700000.0003	18.5344
700000.0003	18.2458
700000.0003	17.9884
700000.0003	17.7836
700000.0003	17.4812
700000.0003	17.194
700000.0003	16.9577
700000.0003	16.5624
700000.0003	16.299
700000.0003	15.9989
700000.0003	15.5545
700000.0003	15.3421
700000.0003	15.0934
700000.0003	14.9123
700000.0003	14.703
700000.0003	14.4234
700000.0003	14.3212
700000.0003	14.0639
700000.0003	13.846
700000.0003	13.8635
700000.0003	13.6158
700000.0003	13.4889
700000.0003	13.3545
700000.0003	13.1542
700000.0003	13.0361
700000.0003	13.0365
700000.0003	12.8917
700000.0003	12.7727
700000.0003	12.7017
700000.0003	12.5939
700000.0003	12.4773
700000.0003	12.4371
700000.0003	12.3387
700000.0003	12.2403
700000.0003	12.1272
700000.0003	12.1607
700000.0003	12.0565
700000.0003	12.0459
700000.0003	11.965
700000.0003	11.8114
700000.0003	11.8293
700000.0003	11.8539
700000.0003	11.7358
700000.0003	11.62
700000.0003	11.5903
700000.0003	11.581
700000.0003	11.5137
700000.0003	11.4646
700000.0003	11.447
700000.0003	11.3817
700000.0003	11.4546
700000.0003	11.3709
700000.0003	11.2195
700000.0003	11.259
700000.0003	11.2267
700000.0003	11.2717
700000.0003	11.1981
700000.0003	11.1568
700000.0003	11.0996
700000.0003	11.1084
700000.0003	11.097
700000.0003	10.9997
700000.0003	11.058
700000.0003	10.9989
700000.0003	10.9806
700000.0003	11.0242
700000.0003	10.9466
700000.0003	10.9039
700000.0003	10.8952
700000.0003	10.8997
700000.0003	10.9228
700000.0003	10.8627
700000.0003	10.7284
700000.0003	10.874
700000.0003	10.9339
700000.0003	10.7948
700000.0003	10.8941
700000.0003	10.7364
700000.0003	10.7665
700000.0003	10.8001
700000.0003	10.7248
700000.0003	10.7607
700000.0003	10.6892
700000.0003	10.8037
700000.0003	10.7954
700000.0003	10.6658
700000.0003	10.6674
700000.0003	10.7176
700000.0003	10.7355
700000.0003	10.7073
700000.0003	10.6731
700000.0003	10.5928
700000.0003	10.6408
700000.0003	10.7066
700000.0003	10.6606
700000.0003	10.7037
700000.0003	10.6836
700000.0003	10.6902
700000.0003	10.6447
700000.0003	10.6408
700000.0003	10.6912
700000.0003	10.6981
700000.0003	10.6381
700000.0003	10.6801
700000.0003	10.6473
700000.0003	10.6582
700000.0003	10.6413
700000.0003	10.6053
700000.0003	10.6472
700000.0003	10.7076
700000.0003	10.6976
700000.0003	10.6342
700000.0003	10.6353
700000.0003	10.7228
700000.0003	10.6729
700000.0003	10.5861
700000.0003	10.5917
700000.0003	10.564
700000.0003	10.5315
700000.0003	10.5055
700000.0003	10.4507
700000.0003	10.504
700000.0003	10.5112
700000.0003	10.4135
700000.0003	10.3944
700000.0003	10.3856
700000.0003	10.3675
700000.0003	10.307
700000.0003	10.1696
700000.0003	10.2028
700000.0003	10.1728
700000.0003	10.1574
700000.0003	10.0285
700000.0003	10.0229
700000.0003	10.0339
700000.0003	9.92401
700000.0003	9.84911
700000.0003	9.87321
700000.0003	9.78096
700000.0003	9.68676
700000.0003	9.63628
700000.0003	9.63816
700000.0003	9.54575
700000.0003	9.54237
700000.0003	9.43376
700000.0003	9.35193
700000.0003	9.35696
700000.0003	9.28167
700000.0003	9.18418
700000.0003	9.07515
700000.0003	8.98887
700000.0003	8.93935
700000.0003	8.92266
700000.0003	8.7853
700000.0003	8.74403
700000.0003	8.70326
700000.0003	8.61496
700000.0003	8.52093
700000.0003	8.50076
700000.0003	8.40875
700000.0003	8.28957
700000.0003	8.22189
700000.0003	8.14576
700000.0003	8.10659
700000.0003	8.06217
700000.0003	7.9019
700000.0003	7.88166
700000.0003	7.79213
700000.0003	7.66404
700000.0003	7.64056
700000.0003	7.51948
700000.0003	7.49351
700000.0003	7.32527
700000.0003	7.28482
700000.0003	7.24114
700000.0003	7.17286
700000.0003	7.06309
700000.0003	6.95807
700000.0003	6.88554
700000.0003	6.83013
700000.0003	6.73174
700000.0003	6.69346
700000.0003	6.60583
700000.0003	6.5233
700000.0003	6.47043
700000.0003	6.39412
700000.0003	6.31115
700000.0003	6.27213
700000.0003	6.20821
700000.0003	6.14291
700000.0003	6.07303
700000.0003	6.00361
700000.0003	5.96244
700000.0003	5.91229
700000.0003	5.84953
700000.0003	5.83661
700000.0003	5.77904
700000.0003	5.7355
700000.0003	5.69566
700000.0003	5.68617
700000.0003	5.65862
700000.0003	5.61578
700000.0003	5.56092
700000.0003	5.54435
700000.0003	5.49949
700000.0003	5.44097
700000.0003	5.37554
700000.0003	5.32435
700000.0003	5.21945
700000.0003	5.12667
700000.0003	4.98824
700000.0003	4.82396
700000.0003	4.65427
700000.0003	4.46783
700000.0003	4.24413
700000.0003	4.03073
700000.0003	3.78985
700000.0003	3.54651
700000.0003	3.28247
700000.0003	3.03756
700000.0003	2.78852
700000.0003	2.55116
700000.0003	2.33132
700000.0003	2.13236
700000.0003	1.92394
700000.0003	1.75016
700000.0003	1.57886
700000.0003	1.42091
700000.0003	1.28357
700000.0003	1.14973
700000.0003	1.02926
700000.0003	0.923316
700000.0003	0.823453
700000.0003	0.735925
700000.0003	0.650434
700000.0003	0.575168
700000.0003	0.505325
700000.0003	0.445966
700000.0003	0.389441
700000.0003	0.338941
700000.0003	0.293493
700000.0003	0.254767
700000.0003	0.218253
700000.0003	0.188426
700000.0003	0.159624
700000.0003	0.13695
700000.0003	0.115103
700000.0003	0.0975321
700000.0003	0.0816609
700000.0003	0.0689837
700000.0003	0.0577562
700000.0003	0.0483304
700000.0003	0.0405211
700000.0003	0.033734
700000.0003	0.0284447
700000.0003	0.0241156
700000.0003	0.0201495
700000.0003	0.0170037
700000.0003	0.0144343
700000.0003	0.0125038
700000.0003	0.0108641
700000.0003	0.00948154
700000.0003	0.00837546
700000.0003	0.00742838
700000.0003	0.00684977
700000.0003	0.00628782
700000.0003	0.00577186
700000.0003	0.00542313
700000.0003	0.00528121
700000.0003	0.00508988
700000.0003	0.00501827
700000.0003	0.00482506
700000.0003	0.0048159
700000.0003	0.00480761
700000.0003	0.00468148
700000.0003	0.00459726
700000.0003	0.00452891
700000.0003	0.00451911
700000.0003	0.00445602
700000.0003	0.00450224
700000.0003	0.00437265
700000.0003	0.00438015
700000.0003	0.0043203
700000.0003	0.00436563
700000.0003	0.00423945
700000.0003	0.00422133
700000.0003	0.00420167
700000.0003	0.00419554
700000.0003	0.00421057
700000.0003	0.00422119
700000.0003	0.00416423
700000.0003	0.00416094
700000.0003	0.00415158
700000.0003	0.00413056
700000.0003	0.00415884
700000.0003	0.00416051
700000.0003	0.00408768
700000.0003	0.00413298
700000.0003	0.00411431
700000.0003	0.00413323
700000.0003	0.00413313
700000.0003	0.00412834
700000.0003	0.00411108
700000.0003	0.00410925
700000.0003	0.00408824
700000.0003	0.00409622
700000.0003	0.00410738
700000.0003	0.00411312
700000.0003	0.0040912
700000.0003	0.00412286
700000.0003	0.00404746
700000.0003	0.004106
700000.0003	0.0040737
700000.0003	0.00412793
700000.0003	0.00405176
700000.0003	0.00415527
700000.0003	0.00414575
700000.0003	0.00414643
700000.0003	0.00413742
700000.0003	0.00416186
700000.0003	0.00415642
700000.0003	0.00420567
700000.0003	0.00416493
700000.0003	0.00415877
700000.0003	0.004225
700000.0003	0.00425645
700000.0003	0.00425655
700000.0003	0.00427326
700000.0003	0.00424586
700000.0003	0.00427176
700000.0003	0.00431006
700000.0003	0.0043209
700000.0003	0.00437617
700000.0003	0.00436708
700000.0003	0.00442937
700000.0003	0.00444309
700000.0003	0.00450745
700000.0003	0.00452587
700000.0003	0.00455823
700000.0003	0.00455791
700000.0003	0.00468632
700000.0003	0.00468247
700000.0003	0.00471074
700000.0003	0.00484724
700000.0003	0.00490683
700000.0003	0.00499015
700000.0003	0.00505408
700000.0003	0.00509033
700000.0003	0.00522104
700000.0003	0.00543168
700000.0003	0.00550796
700000.0003	0.00567868
700000.0003	0.00590678
700000.0003	0.00605807
700000.0003	0.00641381
700000.0003	0.00661322
700000.0003	0.00691578
700000.0003	0.00734299
700000.0003	0.00759016
700000.0003	0.00811028
700000.0003	0.00858768
700000.0003	0.00926241
700000.0003	0.00996395
700000.0003	0.0107214
700000.0003	0.0116984
700000.0003	0.0125838
700000.0003	0.0138451
700000.0003	0.0153705
700000.0003	0.0164914
