700000.0003	28.4886
700000.0003	101.038
700000.0003	202.976
700000.0003	337.338
700000.0003	534.192
700000.0003	777.249
700000.0003	1075.25
700000.0003	1436.04
700000.0003	1831.74
700000.0003	2290.72
700000.0003	2783.38
700000.0003	3311.85
700000.0003	3885.52
700000.0003	4455.17
700000.0003	5021.12
700000.0003	5550.49
700000.0003	5964.21
700000.0003	6405.65
700000.0003	6700.14
700000.0003	6885.95
700000.0003	7009.62
700000.0003	7089.17
700000.0003	7083.98
700000.0003	7039.58
700000.0003	6923.24
700000.0003	6788.81
700000.0003	6590.53
700000.0003	6330.43
700000.0003	5998.44
700000.0003	5739.7
700000.0003	5375.08
700000.0003	4959.52
700000.0003	4522.16
700000.0003	4041.2
700000.0003	3517.2
700000.0003	2949.96
700000.0003	2360.83
700000.0003	1742.91
700000.0003	1064.62
700000.0003	367.306
700000.0003	0
700000.0003	0
700000.0003	0
700000.0003	0
700000.0003	0
700000.0003	0
700000.0003	0
700000.0003	0
700000.0003	0
700000.0003	0
700000.0003	0
700000.0003	0
700000.0003	0
700000.0003	0
700000.0003	0
700000.0003	0
700000.0003	0
700000.0003	0
700000.0003	0
700000.0003	0
700000.0003	0
700000.0003	0
700000.0003	0
700000.0003	0
700000.0003	0
700000.0003	0
700000.0003	0
700000.0003	0
700000.0003	0
700000.0003	0
700000.0003	0
700000.0003	0
700000.0003	0
700000.0003	0
700000.0003	0
700000.0003	0
700000.0003	0
700000.0003	0
700000.0003	0
700000.0003	0
700000.0003	0
700000.0003	0
700000.0003	0
700000.0003	0
700000.0003	0
700000.0003	0
700000.0003	0
700000.0003	0
700000.0003	0
700000.0003	0
700000.0003	0
700000.0003	0
700000.0003	0
700000.0003	0
700000.0003	0
700000.0003	0
700000.0003	0
700000.0003	0
700000.0003	0
700000.0003	0
700000.0003	0
700000.0003	0
700000.0003	0
700000.0003	0
700000.0003	0
700000.0003	0
700000.0003	0
700000.0003	0
700000.0003	0
700000.0003	0
700000.0003	0
700000.0003	0
700000.0003	0
700000.0003	0
700000.0003	0
700000.0003	0
700000.0003	0
700000.0003	0
700000.0003	0
700000.0003	0
700000.0003	0
700000.0003	0
700000.0003	0
700000.0003	0
700000.0003	0
700000.0003	0
700000.0003	0
700000.0003	0
700000.0003	0
700000.0003	0
700000.0003	0
700000.0003	0
700000.0003	0
700000.0003	0
700000.0003	0
700000.0003	0
700000.0003	0
700000.0003	0
700000.0003	0
700000.0003	0
700000.0003	-23.5684
700000.0003	-69.9136
700000.0003	-117.318
700000.0003	-162.838
700000.0003	-207.48
700000.0003	-252.411
700000.0003	-296.346
700000.0003	-341.017
700000.0003	-382.324
700000.0003	-422.442
700000.0003	-462.38
700000.0003	-504.089
700000.0003	-546.987
700000.0003	-586.779
700000.0003	-628.287
700000.0003	-664.081
700000.0003	-704.205
700000.0003	-746.93
700000.0003	-779.177
700000.0003	-814.457
700000.0003	-857.75
700000.0003	-882.39
700000.0003	-923.038
700000.0003	-949.447
700000.0003	-986.48
700000.0003	-1023.25
700000.0003	-1053.74
700000.0003	-1083.52
700000.0003	-1112.25
700000.0003	-1148.27
700000.0003	-1172.61
700000.0003	-1207.03
700000.0003	-1233.74
700000.0003	-1267.92
700000.0003	-1288.34
700000.0003	-1314.45
700000.0003	-1346.91
700000.0003	-1376.16
700000.0003	-1398.39
700000.0003	-1418.52
700000.0003	-1454.14
700000.0003	-1474.53
700000.0003	-1495.97
700000.0003	-1508.62
700000.0003	-1539.91
700000.0003	-1555.97
700000.0003	-1573.99
700000.0003	-1596.92
700000.0003	-1618.9
700000.0003	-1638.14
700000.0003	-1661.84
700000.0003	-1679.54
700000.0003	-1697.63
700000.0003	-1708.82
700000.0003	-1714.28
700000.0003	-1731.08
700000.0003	-1751.54
700000.0003	-1774.94
700000.0003	-1770.82
700000.0003	-1794.9
700000.0003	-1803.65
700000.0003	-1822.35
700000.0003	-1824.52
700000.0003	-1845.56
700000.0003	-1854.27
700000.0003	-1859.04
700000.0003	-1868.46
700000.0003	-1871.86
700000.0003	-1879.7
700000.0003	-1901.66
700000.0003	-1907.73
700000.0003	-1903.37
700000.0003	-1904.86
700000.0003	-1919.02
700000.0003	-1925.5
700000.0003	-1927.44
700000.0003	-1927.06
700000.0003	-1928.85
700000.0003	-1923.51
700000.0003	-1921.23
700000.0003	-1932.79
700000.0003	-1923.02
700000.0003	-1922.62
700000.0003	-1932.9
700000.0003	-1921.29
700000.0003	-1920.52
700000.0003	-1907.28
700000.0003	-1906.93
700000.0003	-1906.43
700000.0003	-1899.42
700000.0003	-1896.83
700000.0003	-1878.93
700000.0003	-1878.3
700000.0003	-1862.99
700000.0003	-1848.79
700000.0003	-1836.26
700000.0003	-1823.13
700000.0003	-1798.64
700000.0003	-1781.03
700000.0003	-1763.36
700000.0003	-1744.52
700000.0003	-1715.96
700000.0003	-1689.61
700000.0003	-1651.8
700000.0003	-1620.42
700000.0003	-1586.68
700000.0003	-1534.59
700000.0003	-1496.24
700000.0003	-1448.77
700000.0003	-1393.36
700000.0003	-1338.11
700000.0003	-1282.58
700000.0003	-1223.88
700000.0003	-1164.83
700000.0003	-1098.09
700000.0003	-1032.78
700000.0003	-974.26
700000.0003	-911.445
700000.0003	-847.232
700000.0003	-789.545
700000.0003	-730.158
700000.0003	-673.828
700000.0003	-616.079
700000.0003	-562.809
700000.0003	-510.307
700000.0003	-466.637
700000.0003	-419.366
700000.0003	-376.804
700000.0003	-337.419
700000.0003	-299.044
700000.0003	-264.809
700000.0003	-233.087
700000.0003	-204.934
700000.0003	-178.816
700000.0003	-155.891
700000.0003	-134.604
700000.0003	-115.939
700000.0003	-98.9307
700000.0003	-84.6997
700000.0003	-72.8182
700000.0003	-61.737
700000.0003	-52.1805
700000.0003	-43.9475
700000.0003	-37.4853
700000.0003	-31.619
700000.0003	-26.6948
700000.0003	-22.4569
700000.0003	-18.649
700000.0003	-15.8341
700000.0003	-13.1459
700000.0003	-11.0117
700000.0003	-8.95271
700000.0003	-7.4472
700000.0003	-5.96204
700000.0003	-4.74748
700000.0003	-3.77206
700000.0003	-2.77158
700000.0003	-1.91541
700000.0003	-1.11579
700000.0003	-0.354142
700000.0003	0
700000.0003	0
700000.0003	0
700000.0003	0
700000.0003	0
700000.0003	0
700000.0003	0
700000.0003	0
700000.0003	0
700000.0003	0
700000.0003	0
700000.0003	0
700000.0003	0
700000.0003	0
700000.0003	0
700000.0003	0
700000.0003	0
700000.0003	0
700000.0003	0
700000.0003	0
700000.0003	0
700000.0003	0
700000.0003	0
700000.0003	0
700000.0003	0
700000.0003	0
700000.0003	0
700000.0003	0
700000.0003	0
700000.0003	0
700000.0003	0
700000.0003	0
700000.0003	0
700000.0003	0
700000.0003	0
700000.0003	0
700000.0003	0
700000.0003	0
700000.0003	0
700000.0003	0
700000.0003	0
700000.0003	0
700000.0003	0
700000.0003	0
700000.0003	0
700000.0003	0
700000.0003	0
700000.0003	0
700000.0003	0
700000.0003	0
700000.0003	0
700000.0003	0
700000.0003	0
700000.0003	0
700000.0003	0
700000.0003	0
700000.0003	0
700000.0003	0
700000.0003	0
700000.0003	0
700000.0003	0
700000.0003	0
700000.0003	0
700000.0003	0
700000.0003	0
700000.0003	0
700000.0003	0
700000.0003	0
700000.0003	0
700000.0003	0
700000.0003	0
700000.0003	0
700000.0003	0
700000.0003	0
700000.0003	0
700000.0003	0
700000.0003	0
700000.0003	0
700000.0003	0
700000.0003	0
700000.0003	0
700000.0003	0
700000.0003	0
700000.0003	0
700000.0003	0
700000.0003	0
700000.0003	0
700000.0003	0
700000.0003	0
700000.0003	0
700000.0003	0
700000.0003	0
700000.0003	0
700000.0003	0
700000.0003	0
700000.0003	0
700000.0003	0
700000.0003	0
700000.0003	0
700000.0003	0
700000.0003	-0.0928159
700000.0003	0.754428
700000.0003	2.60611
700000.0003	-0.833165
700000.0003	-1.02723
700000.0003	-0.384854
700000.0003	3.23219
700000.0003	-6.81438
700000.0003	6.00644
700000.0003	4.23873
700000.0003	-1.76359
700000.0003	-13.7843
700000.0003	-12.5962
700000.0003	-2.34685
700000.0003	-13.2789
700000.0003	-0.215136
700000.0003	-8.44611
700000.0003	12.6325
700000.0003	-31.5319
700000.0003	-3.92918
700000.0003	-2.01243
700000.0003	-16.7519
700000.0003	18.2291
700000.0003	-17.5696
700000.0003	13.9485
700000.0003	-19.857
700000.0003	-15.2263
700000.0003	-5.87836
700000.0003	14.7623
700000.0003	-2.28993
700000.0003	-7.04655
700000.0003	1.56351
700000.0003	13.5787
700000.0003	1.26245
700000.0003	-17.1523
700000.0003	-4.52522
700000.0003	-2.57369
700000.0003	-10.1206
700000.0003	2.31532
700000.0003	0.292122
700000.0003	0
700000.0003	0
700000.0003	0
700000.0003	0
700000.0003	0
700000.0003	0
700000.0003	0
700000.0003	0
700000.0003	0
700000.0003	0
700000.0003	0
700000.0003	0
700000.0003	0
700000.0003	0
700000.0003	0
700000.0003	0
700000.0003	0
700000.0003	0
700000.0003	0
700000.0003	0
700000.0003	0
700000.0003	0
700000.0003	0
700000.0003	0
700000.0003	0
700000.0003	0
700000.0003	0
700000.0003	0
700000.0003	0
700000.0003	0
700000.0003	0
700000.0003	0
700000.0003	0
700000.0003	0
700000.0003	0
700000.0003	0
700000.0003	0
700000.0003	0
700000.0003	0
700000.0003	0
700000.0003	0
700000.0003	0
700000.0003	0
700000.0003	0
700000.0003	0
700000.0003	0
700000.0003	0
700000.0003	0
700000.0003	0
700000.0003	0
700000.0003	0
700000.0003	0
700000.0003	0
700000.0003	0
700000.0003	0
700000.0003	0
700000.0003	0
700000.0003	0
700000.0003	0
700000.0003	0
700000.0003	0
700000.0003	0
700000.0003	0
700000.0003	0
700000.0003	0
700000.0003	0
700000.0003	0
700000.0003	0
700000.0003	0
700000.0003	0
700000.0003	0
700000.0003	0
700000.0003	0
700000.0003	0
700000.0003	0
700000.0003	0
700000.0003	0
700000.0003	0
700000.0003	0
700000.0003	0
700000.0003	0
700000.0003	0
700000.0003	0
700000.0003	0
700000.0003	0
700000.0003	0
700000.0003	0
700000.0003	0
700000.0003	0
700000.0003	0
700000.0003	0
700000.0003	0
700000.0003	0
700000.0003	0
700000.0003	0
700000.0003	0
700000.0003	0
700000.0003	0
700000.0003	0
700000.0003	0
700000.0003	-0.0353792
700000.0003	0.0631121
700000.0003	-0.44254
700000.0003	0.18873
700000.0003	0.761427
700000.0003	-0.314274
700000.0003	1.16786
700000.0003	-0.408561
700000.0003	-0.0609789
700000.0003	-0.885054
700000.0003	-2.81597
700000.0003	-0.743217
700000.0003	-0.58804
700000.0003	1.74522
700000.0003	1.48505
700000.0003	1.52782
700000.0003	0.0773401
700000.0003	2.08138
700000.0003	-0.0776889
700000.0003	-2.27037
700000.0003	2.41772
700000.0003	-1.57605
700000.0003	3.16316
700000.0003	0.0331063
700000.0003	-2.00538
700000.0003	-2.91181
700000.0003	0.356793
700000.0003	7.6457
700000.0003	0.439662
700000.0003	7.9455
700000.0003	1.24185
700000.0003	0.8376
700000.0003	-2.71841
700000.0003	-1.0562
700000.0003	-2.66194
700000.0003	-1.44457
700000.0003	2.47504
700000.0003	-0.972164
700000.0003	1.45121
700000.0003	-0.891134
700000.0003	-1.30021
700000.0003	-5.71142
700000.0003	1.89873
700000.0003	0.234203
700000.0003	0.469645
700000.0003	0.0193833
700000.0003	-1.41
700000.0003	4.87195
700000.0003	-0.894089
700000.0003	0.420023
700000.0003	-0.998939
700000.0003	-1.30105
700000.0003	-4.68056
700000.0003	0.291104
700000.0003	-8.70662
700000.0003	0.196741
700000.0003	-3.99919
700000.0003	-6.30981
700000.0003	4.49625
700000.0003	-4.63883
700000.0003	-10.2722
700000.0003	2.10602
700000.0003	-2.42786
700000.0003	2.0207
700000.0003	5.1204
700000.0003	2.84292
700000.0003	3.64226
700000.0003	0.867244
700000.0003	2.3837
700000.0003	-0.29202
700000.0003	-0.228482
700000.0003	2.06236
700000.0003	-2.16328
700000.0003	-5.23455
700000.0003	3.59588
700000.0003	-2.7727
700000.0003	-1.89172
700000.0003	-5.14085
700000.0003	-0.740111
700000.0003	-6.30041
700000.0003	1.93983
700000.0003	-3.4988
700000.0003	4.43644
700000.0003	3.56381
700000.0003	0.38875
700000.0003	0.599898
700000.0003	3.87927
700000.0003	2.52709
700000.0003	-8.36248
700000.0003	-1.19065
700000.0003	-1.61793
700000.0003	6.20329
700000.0003	2.83292
700000.0003	-4.16024
700000.0003	-0.370855
700000.0003	1.86092
700000.0003	-2.70159
700000.0003	0.472291
700000.0003	0.27918
700000.0003	-2.232
700000.0003	1.62549
700000.0003	-1.08645
700000.0003	0.580656
700000.0003	-1.29945
700000.0003	-2.87246
700000.0003	-4.66246
700000.0003	2.99089
700000.0003	0.040897
700000.0003	1.00979
700000.0003	0.657507
700000.0003	1.44472
700000.0003	-1.16341
700000.0003	0.972067
700000.0003	-2.25096
700000.0003	1.41018
700000.0003	0.571903
700000.0003	0.115367
700000.0003	-0.359396
700000.0003	0.757439
700000.0003	-1.48888
700000.0003	1.53185
700000.0003	-1.6703
700000.0003	0.546269
700000.0003	-1.33878
700000.0003	-0.754021
700000.0003	-0.156527
700000.0003	0.416435
700000.0003	-0.200021
700000.0003	0.655754
700000.0003	-0.183275
700000.0003	1.6716
700000.0003	-1.36534
700000.0003	-0.708015
700000.0003	0.289664
700000.0003	-0.344826
700000.0003	1.10302
700000.0003	0.350152
700000.0003	-0.780005
700000.0003	0.0791121
700000.0003	0.221954
700000.0003	-0.0855452
700000.0003	0.408021
700000.0003	0.0688581
700000.0003	0.233481
700000.0003	0.0773779
700000.0003	0.108326
700000.0003	0.00337452
700000.0003	-0.0981963
700000.0003	-0.0404787
700000.0003	-0.0169807
700000.0003	0.0290879
700000.0003	0.0853816
700000.0003	0.135523
700000.0003	0.0688566
700000.0003	-0.10902
700000.0003	0.00258563
700000.0003	0.0153527
700000.0003	-0.0145437
700000.0003	0.0048385
700000.0003	-0.00439306
700000.0003	0
700000.0003	0
700000.0003	0
700000.0003	0
700000.0003	0
700000.0003	0
700000.0003	0
700000.0003	0
700000.0003	0
700000.0003	0
700000.0003	0
700000.0003	0
700000.0003	0
700000.0003	0
700000.0003	0
700000.0003	0
700000.0003	0
700000.0003	0
700000.0003	0
700000.0003	0
700000.0003	0
700000.0003	0
700000.0003	0
700000.0003	0
700000.0003	0
700000.0003	0
700000.0003	0
700000.0003	0
700000.0003	0
700000.0003	0
700000.0003	0
700000.0003	0
700000.0003	0
700000.0003	0
700000.0003	0
700000.0003	0
700000.0003	0
700000.0003	0
700000.0003	0
700000.0003	0
700000.0003	0
700000.0003	0
700000.0003	0
700000.0003	0
700000.0003	0
700000.0003	0
700000.0003	0
700000.0003	0
700000.0003	0
700000.0003	0
700000.0003	0
700000.0003	0
700000.0003	0
700000.0003	0
700000.0003	0
700000.0003	0
700000.0003	0
700000.0003	0
700000.0003	0
700000.0003	0
700000.0003	0
700000.0003	0
700000.0003	0
700000.0003	0
700000.0003	0
700000.0003	0
700000.0003	0
700000.0003	0
700000.0003	0
700000.0003	0
700000.0003	0
700000.0003	0
700000.0003	0
700000.0003	0
700000.0003	0
700000.0003	0
700000.0003	0
700000.0003	0
700000.0003	0
700000.0003	0
700000.0003	0
700000.0003	0
700000.0003	0
700000.0003	0
700000.0003	0
700000.0003	0
700000.0003	0
700000.0003	0
700000.0003	0
700000.0003	0
700000.0003	0
700000.0003	0
700000.0003	0
700000.0003	0
700000.0003	0
700000.0003	0
700000.0003	0
700000.0003	0
700000.0003	0
700000.0003	0
