700000.0003	2959.85	2956.89	2958.67	2961.45	2961.11	2960.65	2963.31	2962.19	2963	2960.31	2955.6	2956.56	2955.41	2960.25	2961.31
700000.0003	1532.71	1533.93	1535.2	1534.49	1533.7	1533.2	1536.56	1536.23	1537.21	1533.49	1531.45	1532.56	1530.71	1531.36	1533.96
700000.0003	193.88	194.083	193.575	194.071	193.423	195.136	192.803	193.694	195.491	193.827	193.562	193.725	194.034	193.398	193.506
700000.0003	32.379	31.7908	32.1466	31.5427	32.4014	32.4394	32.1646	31.8538	31.7618	32.3231	32.0889	32.656	32.1668	32.2853	32.4102
700000.0003	19.2353	19.4117	19.5215	19.5313	19.4706	19.4409	19.1379	19.3336	19.1383	19.3298	19.2566	19.2014	19.3209	19.5233	19.5284
700000.0003	16.5395	16.543	16.8165	16.5323	16.6189	16.9518	16.5335	16.2649	17.0316	16.407	16.6496	16.6568	16.7421	16.7192	16.6734
700000.0003	15.1478	15.2859	15.1828	15.5892	15.0385	15.0184	15.4218	15.1324	15.3355	15.1256	15.4194	15.4036	15.3694	15.2153	15.0611
700000.0003	14.2646	14.2484	14.5065	14.3305	14.4119	14.386	14.4704	14.5907	14.7045	14.6478	14.4162	14.2611	14.1619	14.2013	14.6054
700000.0003	13.9735	13.8599	13.9953	14.0494	14.2496	13.8357	13.9087	13.7894	13.9923	14.3123	13.824	14.3436	14.0949	14.0579	14.0151
700000.0003	13.3688	13.7062	13.7187	13.6518	13.6888	13.8414	13.9607	13.495	13.6731	13.767	13.7563	13.7428	13.7673	13.4558	13.7107
700000.0003	13.3949	13.3466	13.4341	13.4989	13.9554	13.4766	13.4616	13.4656	13.5752	13.4523	13.5175	13.4899	13.6089	13.4602	13.6914
700000.0003	13.1391	13.1839	13.2601	13.4962	13.2909	13.4435	13.0139	13.5957	13.7242	13.3235	13.2875	13.3536	13.2832	13.3508	13.5274
700000.0003	13.2959	13.356	13.2553	13.6442	13.3485	13.2714	13.0886	13.1457	13.2685	13.4134	13.0867	13.1801	12.947	13.5344	13.237
700000.0003	13.4309	13.5692	13.1766	13.1684	13.2456	13.3593	13.1245	12.9521	13.3355	13.4194	13.4707	13.1218	13.1524	13.2045	13.1202
700000.0003	13.3723	13.6577	13.4115	13.329	13.5002	13.0992	13.2713	13.3513	13.4773	13.344	13.6297	13.2161	13.5368	13.4196	13.4105
700000.0003	14.0757	13.7731	13.6615	13.8501	14.2001	14.1244	14.2327	13.9291	13.811	13.7213	14.1553	14.1074	13.9432	13.4218	13.9693
700000.0003	15.091	15.1131	15.3061	15.1591	15.2111	15.4304	15.2928	15.1223	15.0247	15.1773	14.9072	15.0499	15.3197	14.9246	14.9834
700000.0003	16.8983	16.7103	16.9573	16.5762	17.335	16.9746	16.8459	17.0386	16.8654	16.8803	16.8111	17.0269	16.7763	16.8287	16.6086
700000.0003	19.1779	19.5766	20.002	19.7319	19.7541	19.878	19.5989	19.6406	19.994	19.6841	19.8587	20.0104	19.8053	19.8407	19.6681
700000.0003	24.0996	24.0146	24.2872	24.0954	23.6736	23.8152	23.9679	23.9922	24.0011	23.9822	23.5471	24.1579	24.0188	23.2532	23.9006
700000.0003	30.3337	30.6011	31.0296	30.435	30.9281	31.0762	30.745	30.6201	30.4375	30.5632	30.771	30.1693	30.7499	30.4985	30.6633
700000.0003	42.1216	41.7111	42.3759	41.7192	42.2926	42.139	42.1731	41.9714	41.8879	42.1896	41.8985	42.1094	41.5891	41.8891	42.3488
700000.0003	68.2155	67.3565	68.1528	67.1556	67.1185	67.5584	68.0811	67.4825	67.5158	67.3246	67.2399	67.7722	67.1071	67.5424	68.211
700000.0003	154.866	155.732	156.517	156.062	155.858	156.197	157.098	155.365	155.187	155.505	155.963	155.466	154.839	155.491	156.081
700000.0003	517.131	518.051	516.329	515.604	517.917	518.425	517.132	516.33	515.179	515.819	517.287	515.546	515.909	514.387	516.208
700000.0003	1361.98	1364.87	1361.1	1361.26	1363.11	1365.43	1365.6	1361.48	1362.22	1363.54	1364.43	1362.28	1362.4	1363.57	1362.17
700000.0003	2198.78	2203.01	2203.08	2201.84	2204.83	2202.76	2203.02	2204.07	2202.18	2203.11	2202.01	2202.74	2202.53	2203.63	2204.36
700000.0003	2640.87	2640.5	2642.56	2642.62	2641.68	2641.65	2642.79	2641.44	2643.48	2644.52	2644.69	2641.57	2643.74	2643.85	2643.82
700000.0003	2786.99	2788.07	2787.64	2792.42	2786.95	2787.64	2790.72	2790.15	2786.78	2789.63	2790.39	2787.18	2790.3	2790.62	2788.68
700000.0003	2835.25	2835.86	2834.97	2836.34	2839.28	2835.28	2835.45	2834.38	2836.05	2836.09	2838.06	2838.34	2836.7	2834.48	2837.19
700000.0003	2866.67	2865.31	2865.19	2865.41	2867.74	2863.79	2865.49	2865.93	2866.55	2863.47	2864.64	2869.35	2867.25	2864.31	2863.88
700000.0003	2891.59	2895.55	2893.35	2894.93	2892.45	2893.87	2894.02	2892.09	2893.54	2893.38	2890.67	2892.02	2895	2894.91	2889.8
700000.0003	2920.5	2920.03	2921.73	2919.7	2920.23	2924.55	2921.79	2917.48	2916.99	2923.31	2920.81	2918.9	2918.55	2922.12	2918.58
700000.0003	2945.35	2951.07	2947.13	2946.78	2944.24	2952.13	2947.43	2949.1	2944.53	2949.22	2945.33	2945.46	2945.39	2949.63	2947.26
700000.0003	2972.62	2977.63	2975.91	2974.26	2976	2974.69	2974.66	2973.64	2975.93	2975.2	2970.6	2973.54	2975.27	2974.87	2969.39
700000.0003	3001.9	3002.62	2998.77	2998.29	3004.46	3005.8	3000.68	3000.67	3002.89	3001.62	2999.24	3000.52	3000.58	3000.5	3001.38
700000.0003	3027.45	3030.36	3028.39	3028.2	3028.54	3028.97	3030.22	3027.39	3029.11	3028.04	3026.74	3026.26	3027.3	3026.43	3025.03
700000.0003	3050.84	3055.96	3055.64	3051.36	3055.17	3058.32	3056.01	3054.42	3055.45	3053.73	3051.97	3050.51	3053.4	3054.27	3052.39
700000.0003	3077.6	3080.84	3076.85	3078.29	3081.32	3080.95	3082.83	3078.54	3079.58	3080.47	3077.73	3076.18	3077.05	3077.62	3079.02
700000.0003	3098.66	3096.59	3094.22	3098.57	3100.25	3099.78	3101.51	3099.68	3097.08	3096.82	3097.45	3095.79	3096.29	3094.11	3097.68
700000.0003	0.373619	-0.261659	0.526915	0.0716338	1.09734	-0.0441238	0.607372	0.0816301	0.143967	0.186122	-0.342474	-0.194246	-0.0658257	0.776024	0.564671
700000.0003	0.246247	0.84233	-0.767069	-0.170745	1.30429	0.208407	-0.536119	0.301751	-0.20659	0.734109	1.2467	-0.225596	-0.418654	-0.977243	0.975124
700000.0003	0.568836	-1.0518	-0.030803	0.4105	-0.216558	0.0784989	-0.0989222	0.183593	0.123699	0.386273	-0.39555	0.634663	-0.429161	0.386882	-0.439492
700000.0003	-0.0097227	0.234126	0.134389	-0.143328	0.0315955	-0.159116	-0.0094864	-0.0111985	-0.149105	-0.141058	0.169267	-0.237156	0.0903735	0.0188215	0.0589968
700000.0003	0.0143775	-0.112269	-0.0490984	-0.043325	0.141658	-0.148933	0.0556607	-0.0568604	-0.243908	0.142699	0.00171589	-0.0157864	0.0998004	0.0765035	0.0132895
700000.0003	-0.0553371	-0.308369	-0.024531	-0.0626692	-0.000859163	0.0806747	0.0743253	0.0558936	0.0592933	0.122231	0.0201779	0.0870663	0.0401468	-0.102321	0.100422
700000.0003	0.0381505	-0.0032236	0.0583136	0.0164351	0.00621965	-0.0401081	0.0217375	0.00786864	0.215723	-0.0631247	-0.00757091	0.328122	0.0832451	0.0818444	0.00479959
700000.0003	0.0360538	0.245447	-0.125037	-0.0160299	0.0511477	-0.0582132	0.113925	-0.0109523	-0.192044	-0.137304	0.0397994	0.0488538	0.112871	-0.110127	-0.0438597
700000.0003	0.0364121	-0.174183	0.149282	0.110833	-0.118164	0.0950393	0.0613941	0.0121172	0.0600583	0.0012238	0.0223195	-0.0589503	0.154245	-0.0767972	0.00110626
700000.0003	0.0246199	-0.0131203	-0.0174382	-0.0903172	-0.00723535	-0.17391	-0.130383	0.0416975	-0.0591261	0.0666686	-0.0223233	-0.188085	0.00829538	-0.175451	-0.258003
700000.0003	0.193616	-0.0181393	0.0689308	0.0852405	0.0077271	-0.144565	-0.207743	-0.0862466	0.0531889	-0.0489851	-0.101506	0.169038	-0.154943	-0.0908108	0.13482
700000.0003	0.0332041	0.0287123	-0.110645	-0.0513171	0.0168317	-0.180587	-0.0691034	-0.0250556	-0.0882859	0.0129288	-0.0308895	0.168667	-0.00800458	0.060435	0.0796651
700000.0003	-0.127782	-0.0449637	-0.0939879	0.198747	0.0420421	-0.0081002	0.0481038	-0.0377768	-0.0843747	-0.0961741	0.0849743	-0.00916429	0.131204	-0.0425069	-0.0726833
700000.0003	-0.0807296	0.225502	0.0639557	0.0581872	0.0964327	0.160422	0.0554514	0.23068	0.0081071	-0.14558	-0.0516404	0.00829598	-0.0148758	-0.116056	-0.135783
700000.0003	0.0456659	0.160663	0.0971207	0.0138331	0.128822	0.0363245	0.040986	0.072885	-0.0646556	0.0140851	0.0163728	0.0469073	0.0368161	0.0509271	-0.0995691
700000.0003	-0.116769	0.130266	0.0707654	0.0170753	0.0709703	0.0656062	0.134349	-0.065365	-0.124219	0.0200974	-0.245672	0.250345	0.0412912	-0.0532522	-0.0441049
700000.0003	-0.14873	0.0569467	-0.121638	0.0499999	0.00238917	0.0268964	0.205191	-0.0287852	0.0333296	-0.0238032	-0.0273675	0.0237311	0.0186751	-0.0361203	-0.233835
700000.0003	-0.07326	0.0312762	-0.100085	-0.0169664	0.109535	-0.0567817	-0.170768	0.141353	0.0107443	-0.0694487	0.0992473	-0.199313	0.0277145	0.0884571	-0.139019
700000.0003	0.162624	-0.0119678	0.170913	-0.0365045	-0.102073	-0.0526936	-0.17483	0.0149598	-0.043966	-0.130686	-0.126216	-0.136179	-0.0873414	0.0964613	0.00764943
700000.0003	0.0113244	0.31208	-0.147823	-0.0534407	0.0907152	-0.0315454	0.0926012	-0.0767947	-0.105146	0.0483052	-0.14186	0.193827	0.033731	-0.226327	-0.31809
700000.0003	0.0432009	0.0377111	0.223891	0.0663245	-0.0754806	-0.0110216	-0.0081388	-0.204615	0.0533021	-0.070434	0.129676	-0.0202117	0.122608	-0.111881	0.00752601
700000.0003	0.0975861	0.00991748	-0.00203482	-0.245793	-0.0403046	0.277295	-0.175709	-0.109995	0.112509	0.149831	-0.13361	0.0780784	0.125382	-0.0777298	-0.184894
700000.0003	0.17371	-0.186707	-0.126105	0.199953	0.123419	-0.0975891	-0.00606794	-0.170832	-0.0953063	0.26801	0.0414952	-0.0114311	0.0803712	0.294269	0.314116
700000.0003	0.0601587	-0.135323	0.0396619	0.126804	-0.103407	-0.0919668	-0.269599	-0.254022	-0.0113621	0.233125	0.232873	0.471854	-0.38699	-0.401072	0.438884
700000.0003	0.479153	0.476712	0.452701	-0.0871677	0.15226	-0.359073	-0.524612	-0.536438	0.240832	-0.0181521	0.638459	0.320629	0.515031	0.108255	-0.256388
700000.0003	-0.57077	0.835311	0.14207	0.232146	-0.196288	0.190208	0.77831	0.0242138	-0.434439	-0.232415	-0.300431	0.504863	0.0597963	0.0355312	0.363371
700000.0003	-0.680157	0.0863324	1.14474	-0.0798255	-1.42976	0.94905	-0.390799	0.791671	0.799098	0.825221	-0.0970325	0.208881	-0.967259	-0.0304358	-0.998062
700000.0003	-0.773917	0.353894	-0.0545134	0.294137	0.284666	-0.852421	0.367567	0.816396	-0.045828	-1.39863	-0.276109	-0.798231	-0.71911	-0.198808	-0.397201
700000.0003	0.418645	-1.1756	-0.10206	0.847161	-0.345116	-1.14239	-0.856621	0.331277	-0.0692685	0.0141908	0.798832	0.129453	-0.203885	-0.819902	0.0180006
700000.0003	0.517766	0.0328999	-0.351953	0.317769	0.634842	0.076795	-0.261598	-0.726096	-0.220182	-0.5792	0.388371	0.563446	-0.477703	-0.404809	1.06971
700000.0003	0.295668	0.236229	-0.27828	-0.235394	-0.134242	0.391384	0.490204	-0.53198	0.0418623	-0.0520882	-0.475545	-0.0640063	0.282066	-0.714474	0.333277
700000.0003	-0.523352	-0.035726	-0.168757	0.219368	0.842797	0.558505	-0.618753	-0.450947	-0.0689694	0.306327	-0.899662	-0.175578	0.719883	1.00854	-0.274527
700000.0003	1.41229	-0.7175	-0.809801	-0.340567	0.399471	0.0917465	-0.0205992	-0.101863	-0.502729	-0.99772	0.05602	0.133852	0.907838	-0.127131	0.805906
700000.0003	0.516168	-0.189106	-0.0981773	-0.0365551	-0.766238	-0.121463	0.397363	0.459509	-1.00752	-0.807493	0.388617	0.30293	-0.085979	0.995456	-0.104479
700000.0003	0.0490111	-1.38911	-0.290935	0.133966	-0.00789234	-0.201935	-0.175564	-0.346715	-0.758772	-0.284533	0.21501	-0.266558	0.264801	1.21179	-0.100829
700000.0003	0.440595	0.785191	0.163585	-0.315815	0.75094	0.52996	-0.428798	-0.685186	-0.433232	-0.731202	-1.23769	-0.0745828	-0.203957	-0.258393	0.156178
700000.0003	-0.137382	0.165205	1.37542	1.14125	0.751267	0.00758761	-0.516794	-1.20406	-0.86493	-1.57354	-0.84992	-0.0996284	0.722704	-0.298955	-0.0279334
700000.0003	-0.432912	0.124713	0.294732	1.25414	0.680696	0.465342	-0.0164178	-1.0847	-0.988817	-1.09647	-1.00616	-1.12018	-0.324942	1.40006	0.79536
700000.0003	0.0638323	1.01338	0.711123	0.417083	1.5432	1.46754	0.405967	-0.699507	-2.01219	-0.739445	-0.554255	-0.266112	0.16901	-0.0821843	0.0920567
700000.0003	0.112413	-0.320029	1.04677	1.91182	-0.752581	0.76016	1.41823	0.151366	-0.544587	-1.76694	-0.770226	-0.215213	0.612185	1.58733	0.0242663
700000.0003	2912.27	2911.01	2910.76	2912.83	2911.72	2913.01	2911.08	2914.57	2914.11	2913.27	2908.48	2908.18	2907.7	2912.76	2912.53
700000.0003	1606.43	1607.02	1608.45	1608.61	1605.18	1605.7	1609.11	1609.17	1610.46	1604.67	1604.01	1604.64	1604.89	1606.21	1607.89
700000.0003	173.687	173.237	173.215	173.936	173.174	174.612	172.975	174.031	174.515	174.675	172.773	172.686	172.582	172.545	173.678
700000.0003	28.3066	27.9054	28.0353	27.8538	28.7533	28.3864	28.2962	28.5098	28.5968	28.3581	28.5339	28.6599	28.3476	28.157	28.1216
700000.0003	18.1479	18.2664	18.4938	18.5014	18.2533	18.1231	18.3812	18.3419	17.8851	18.5663	18.5109	18.084	18.265	18.2333	18.2767
700000.0003	16.2632	16.0891	16.153	16.0563	16.1447	16.246	15.8653	15.9456	16.2356	16.2163	16.4893	16.0233	16.297	16.3347	16.4303
700000.0003	15.0323	14.9011	15.1024	14.9536	14.8257	14.8474	14.8989	14.9423	14.7855	14.8149	15.1593	14.901	14.6615	14.8392	15.0966
700000.0003	13.77	14.1176	14.1001	14.5098	13.9095	14.3688	14.6317	14.4282	14.3718	14.2442	14.1016	14.4079	14.126	14.1499	14.1019
700000.0003	13.786	13.7492	13.8456	13.9681	13.8584	13.5182	13.6318	13.7482	13.5681	14.0394	13.9616	14.1043	13.6847	13.8717	14.0245
700000.0003	13.1465	13.4169	13.3709	13.9958	13.4837	13.5019	13.6465	13.379	13.7364	13.633	13.9171	13.7477	13.9598	13.7235	13.5824
700000.0003	13.217	13.4876	13.4343	13.5898	13.4308	13.4126	13.4572	13.3396	13.4133	13.3197	13.6147	13.4209	13.6826	13.7115	13.3345
700000.0003	13.4665	13.2969	13.5799	13.3906	13.1675	13.4328	13.2612	13.4453	13.7304	13.2638	13.1469	13.3443	13.2883	13.0282	13.3704
700000.0003	13.5598	13.1521	13.0443	13.3342	13.1998	13.1679	12.8454	13.3179	13.1684	13.3666	13.2483	13.3126	12.9529	13.5775	13.2617
700000.0003	13.2874	13.2962	13.2026	13.2902	13.2632	13.5311	13.3175	13.2616	13.1669	13.5097	13.2568	13.2956	13.4746	13.216	13.032
700000.0003	13.5783	13.7317	13.3987	13.4435	13.4461	12.9361	13.1181	13.4029	13.3811	13.2247	13.2859	13.4464	13.3063	13.3755	13.5322
700000.0003	14.0592	13.8108	13.8744	14.0104	13.8369	14.3127	14.2236	13.8033	13.7327	13.8655	14.1593	14.086	14.1322	13.6958	13.9538
700000.0003	15.0979	15.2498	15.0742	15.3194	15.6871	15.3051	15.1919	15.074	14.8438	15.3578	14.951	14.7514	15.2846	15.0003	14.7827
700000.0003	16.7793	17.0692	16.9521	16.7092	17.0352	16.8203	17.1485	16.9431	16.7446	16.9345	16.627	16.7792	16.89	16.6473	16.5472
700000.0003	19.2456	19.7281	19.6965	19.6248	19.5928	19.4487	19.8848	19.5574	19.8016	19.6705	19.8899	20.0719	19.5722	19.7812	20.1991
700000.0003	23.8202	23.8843	23.7379	24.1911	24.0321	23.7013	24.029	23.9886	24.3029	23.4843	23.3348	24.2145	23.9782	23.5009	23.6417
700000.0003	30.5049	30.4361	30.7958	30.5052	30.4104	30.3167	30.4998	30.8063	30.1647	30.8006	30.6069	30.1791	30.4164	30.4691	30.1443
700000.0003	41.7104	42.0175	42.5116	42.2338	41.8057	41.5745	41.3607	41.2812	41.2612	41.5545	41.3865	41.558	41.8185	41.9051	41.8027
700000.0003	66.7636	67.327	66.1628	66.4659	66.6625	66.9382	66.2826	66.0563	66.1577	66.1986	66.5525	66.6479	66.1748	66.7679	66.9988
700000.0003	152.472	153.073	153.501	153.449	152.176	153.619	153.375	152.803	152.304	152.763	153.416	152.905	152.39	152.763	153.557
700000.0003	521.094	522.772	521.294	521.056	523.1	523.563	521.142	519.639	519.338	520.601	521.57	519.351	521.958	519.543	520.402
700000.0003	1363.51	1363.34	1365.23	1364.95	1364.94	1363.41	1365.96	1364.27	1364.33	1363.26	1365.86	1365.8	1365.1	1365.45	1363.64
700000.0003	2153.18	2156.23	2152.8	2154.58	2153.68	2154.76	2155.49	2156.04	2153.49	2154.71	2154.2	2156.02	2156.26	2154.49	2156.29
700000.0003	2587.77	2582.8	2587	2585.34	2585.63	2585.21	2584.58	2584.05	2586.98	2587.11	2588.8	2586.07	2585.52	2586.29	2587.16
700000.0003	2778.41	2777.87	2778.58	2779.42	2778.59	2779.49	2778.98	2777.54	2778.83	2779.57	2779.25	2777.83	2779.74	2781.6	2780.55
700000.0003	2863.85	2867.19	2865.73	2864.32	2867.18	2863.37	2865.67	2863.8	2865.66	2866.14	2866.71	2866.44	2866.59	2863.79	2866.78
700000.0003	2907.37	2904.11	2904.62	2907.46	2906.6	2904.07	2905.67	2907.24	2905.96	2904.38	2906.54	2907.05	2906.02	2905.69	2905.64
700000.0003	2931.21	2931.84	2930.53	2931.79	2929.76	2932.11	2929.95	2932.33	2931.36	2932.12	2930.71	2932.14	2933.07	2932.67	2930.04
700000.0003	2953.51	2950.66	2951.18	2951.54	2952.52	2953.77	2953.52	2951.47	2952.91	2952.68	2953.32	2952.27	2952.43	2953.86	2950.35
700000.0003	2971.46	2972.03	2971.53	2971.04	2968.97	2971.2	2970.77	2971.55	2971.41	2970.35	2971.94	2971.06	2967.05	2970.66	2971.16
700000.0003	2989.26	2989.2	2990.22	2990.05	2988.6	2986.16	2988.66	2988.03	2988.38	2988.73	2988.87	2990.41	2988.92	2990.3	2988.99
700000.0003	3003.72	3006.98	3006.71	3003.21	3007.7	3006.94	3004.79	3005.82	3005.94	3007.38	3006.11	3005.82	3008.56	3005.04	3006.48
700000.0003	3022.59	3023.39	3020.62	3025.34	3022.41	3023	3024.15	3022.48	3022.82	3024.88	3023.13	3021.74	3025.21	3021.37	3022.65
700000.0003	3043.2	3043.37	3044.47	3043.45	3042.89	3043.54	3043.97	3043.07	3042.53	3041.95	3043.57	3043.6	3043.49	3042.56	3045.81
700000.0003	3068.24	3070.86	3072.93	3069.13	3070.57	3069.87	3069.59	3068.67	3070.93	3068.82	3071.05	3068.86	3069.03	3071.26	3068.8
700000.0003	3083.47	3082.1	3082.79	3083.42	3086.55	3085.63	3085.37	3086.39	3083.16	3083.33	3083.19	3082.34	3083.79	3082.84	3081.75
