700000.0003	64.5316
700000.0003	114.239
700000.0003	193.581
700000.0003	313.311
700000.0003	478.834
700000.0003	696.826
700000.0003	961.996
700000.0003	1255.23
700000.0003	1592.96
700000.0003	1970.04
700000.0003	2394.25
700000.0003	2856.89
700000.0003	3305.16
700000.0003	3646.11
700000.0003	3813.51
700000.0003	3740.64
700000.0003	3459.32
700000.0003	3048.45
700000.0003	2597.71
700000.0003	2145.75
700000.0003	1723.16
700000.0003	1364.49
700000.0003	1055.31
700000.0003	806.394
700000.0003	613.323
700000.0003	460.236
700000.0003	347.808
700000.0003	262.607
700000.0003	201.554
700000.0003	153.877
700000.0003	117.997
700000.0003	91.7897
700000.0003	69.9676
700000.0003	54.5545
700000.0003	40.762
700000.0003	33.9459
700000.0003	25.9211
700000.0003	21.574
700000.0003	17.7175
700000.0003	13.6615
700000.0003	11.8099
700000.0003	9.65556
700000.0003	7.58284
700000.0003	6.66338
700000.0003	5.41969
700000.0003	6.25625
700000.0003	5.83413
700000.0003	3.91572
700000.0003	4.66864
700000.0003	4.37987
700000.0003	3.07475
700000.0003	3.88625
700000.0003	2.4753
700000.0003	2.11648
700000.0003	3.40492
700000.0003	2.85478
700000.0003	1.48881
700000.0003	2.74418
700000.0003	1.40703
700000.0003	1.55498
700000.0003	1.13448
700000.0003	2.44223
700000.0003	1.88259
700000.0003	1.68998
700000.0003	3.18298
700000.0003	1.98426
700000.0003	2.92915
700000.0003	1.86319
700000.0003	1.14585
700000.0003	0.930441
700000.0003	1.75457
700000.0003	-0.42723
700000.0003	1.02589
700000.0003	0.742688
700000.0003	0.537907
700000.0003	0.904561
700000.0003	1.11125
700000.0003	-0.620929
700000.0003	-0.109915
700000.0003	0.964575
700000.0003	0.21672
700000.0003	1.54099
700000.0003	0.85183
700000.0003	-0.236923
700000.0003	0.935964
700000.0003	0.314077
700000.0003	1.63869
700000.0003	0.827136
700000.0003	0.372709
700000.0003	1.50911
700000.0003	0.837527
700000.0003	0.0901735
700000.0003	0.193521
700000.0003	0.330425
700000.0003	-0.390697
700000.0003	-0.380282
700000.0003	-0.149334
700000.0003	0.178841
700000.0003	-0.723409
700000.0003	0.14837
700000.0003	-0.112147
700000.0003	1.81742
700000.0003	0.753426
700000.0003	1.30706
700000.0003	-0.234935
700000.0003	-0.240657
700000.0003	0.985596
700000.0003	0.216259
700000.0003	0.528766
700000.0003	0.0525145
700000.0003	1.40088
700000.0003	-1.08839
700000.0003	1.27076
700000.0003	-0.687314
700000.0003	-0.0485252
700000.0003	-0.071303
700000.0003	-0.365428
700000.0003	-1.05431
700000.0003	0.313111
700000.0003	-0.0927486
700000.0003	0.697054
700000.0003	0.440767
700000.0003	0.65813
700000.0003	-0.401174
700000.0003	0.425337
700000.0003	1.26713
700000.0003	0.479405
700000.0003	-0.502107
700000.0003	0.0390965
700000.0003	-0.292792
700000.0003	-0.507473
700000.0003	-0.459353
700000.0003	-0.0483297
700000.0003	0.674027
700000.0003	-1.01509
700000.0003	1.07961
700000.0003	0.609104
700000.0003	-0.414945
700000.0003	0.128471
700000.0003	-1.51385
700000.0003	0.358036
700000.0003	-0.24302
700000.0003	-0.551038
700000.0003	-0.207331
700000.0003	-0.281483
700000.0003	-0.0759169
700000.0003	-0.971395
700000.0003	-0.43533
700000.0003	-0.897063
700000.0003	-0.104867
700000.0003	-0.771639
700000.0003	-0.75923
700000.0003	-0.370912
700000.0003	-1.81447
700000.0003	-0.863781
700000.0003	-1.70483
700000.0003	-2.11669
700000.0003	-1.77422
700000.0003	-1.8719
700000.0003	-2.42363
700000.0003	-2.00457
700000.0003	-1.80598
700000.0003	-1.4214
700000.0003	-1.86444
700000.0003	-1.17056
700000.0003	-1.61487
700000.0003	-2.92154
700000.0003	-2.91217
700000.0003	-2.04838
700000.0003	-2.84749
700000.0003	-2.11224
700000.0003	-3.0174
700000.0003	-2.45475
700000.0003	-3.21469
700000.0003	-3.20512
700000.0003	-3.24927
700000.0003	-3.66421
700000.0003	-3.26285
700000.0003	-4.00559
700000.0003	-4.52172
700000.0003	-5.2854
700000.0003	-4.60284
700000.0003	-4.58996
700000.0003	-4.58441
700000.0003	-5.91502
700000.0003	-4.58266
700000.0003	-5.7846
700000.0003	-5.64324
700000.0003	-5.22371
700000.0003	-5.56344
700000.0003	-4.95395
700000.0003	-7.35175
700000.0003	-7.21529
700000.0003	-7.82594
700000.0003	-6.08184
700000.0003	-8.78757
700000.0003	-9.37452
700000.0003	-8.62505
700000.0003	-8.0742
700000.0003	-9.74355
700000.0003	-9.44792
700000.0003	-10.6372
700000.0003	-11.7019
700000.0003	-12.5432
700000.0003	-12.3314
700000.0003	-13.4282
700000.0003	-13.3409
700000.0003	-14.1526
700000.0003	-13.7244
700000.0003	-14.545
700000.0003	-16.8327
700000.0003	-17.1858
700000.0003	-18.1273
700000.0003	-20.39
700000.0003	-24.0786
700000.0003	-23.1158
700000.0003	-26.397
700000.0003	-28.9191
700000.0003	-31.4003
700000.0003	-31.9169
700000.0003	-37.0962
700000.0003	-39.1062
700000.0003	-41.4327
700000.0003	-48.0272
700000.0003	-52.7168
700000.0003	-60.5035
700000.0003	-69.9721
700000.0003	-78.8737
700000.0003	-88.9573
700000.0003	-100.563
700000.0003	-117.699
700000.0003	-135.832
700000.0003	-157.328
700000.0003	-182.02
700000.0003	-211.597
700000.0003	-248.438
700000.0003	-286.184
700000.0003	-336.449
700000.0003	-390.924
700000.0003	-453.635
700000.0003	-524.357
700000.0003	-599.242
700000.0003	-682.567
700000.0003	-772.778
700000.0003	-871.621
700000.0003	-965.344
700000.0003	-1065.51
700000.0003	-1159.36
700000.0003	-1252.09
700000.0003	-1333.81
700000.0003	-1396.85
700000.0003	-1449.19
700000.0003	-1487.65
700000.0003	-1510.69
700000.0003	-1514.51
700000.0003	-1499.21
700000.0003	-1478.01
700000.0003	-1438.29
700000.0003	-1390.77
700000.0003	-1333.8
700000.0003	-1273.43
700000.0003	-1208.19
700000.0003	-1139.71
700000.0003	-1070.85
700000.0003	-1004.04
700000.0003	-937.35
700000.0003	-867.598
700000.0003	-801.22
700000.0003	-735.002
700000.0003	-671.431
700000.0003	-610.175
700000.0003	-552.728
700000.0003	-493.459
700000.0003	-444.39
700000.0003	-393.476
700000.0003	-348.004
700000.0003	-304.035
700000.0003	-268.884
700000.0003	-233.546
700000.0003	-203.073
700000.0003	-178.849
700000.0003	-155.708
700000.0003	-135.206
700000.0003	-119.572
700000.0003	-106.33
700000.0003	-93.9534
700000.0003	-85.4701
700000.0003	-75.9255
700000.0003	-71.702
700000.0003	-65.8245
700000.0003	-61.4634
700000.0003	-57.761
700000.0003	-54.5274
700000.0003	-51.0592
700000.0003	-49.8151
700000.0003	-48.081
700000.0003	-45.7668
700000.0003	-45.2068
700000.0003	-43.0209
700000.0003	-42.2131
700000.0003	-42.4311
700000.0003	-41.8662
700000.0003	-42.4448
700000.0003	-41.4976
700000.0003	-40.9478
700000.0003	-41.1502
700000.0003	-41.7345
700000.0003	-41.5888
700000.0003	-40.6283
700000.0003	-41.4241
700000.0003	-41.0062
700000.0003	-40.8083
700000.0003	-41.0687
700000.0003	-41.6456
700000.0003	-40.9631
700000.0003	-40.7443
700000.0003	-40.904
700000.0003	-41.8919
700000.0003	-40.6364
700000.0003	-40.3982
700000.0003	-41.2056
700000.0003	-40.8439
700000.0003	-40.2622
700000.0003	-40.6321
700000.0003	-40.2643
700000.0003	-40.4015
700000.0003	-40.4928
700000.0003	-40.8445
700000.0003	-41.4005
700000.0003	-40.4978
700000.0003	-40.3998
700000.0003	-39.929
700000.0003	-40.1502
700000.0003	-40.2828
700000.0003	-40.5947
700000.0003	-40.2028
700000.0003	-40.1363
700000.0003	-40.4402
700000.0003	-40.7501
700000.0003	-40.5137
700000.0003	-39.8545
700000.0003	-40.0715
700000.0003	-40.411
700000.0003	-40.8366
700000.0003	-40.7911
700000.0003	-40.522
700000.0003	-40.666
700000.0003	-40.8842
700000.0003	-41.1188
700000.0003	-40.4779
700000.0003	-40.6321
700000.0003	-40.7712
700000.0003	-40.1134
700000.0003	-40.913
700000.0003	-40.4959
700000.0003	-40.3354
700000.0003	-40.2217
700000.0003	-39.6789
700000.0003	-38.8804
700000.0003	-39.8024
700000.0003	-39.7187
700000.0003	-39.9378
700000.0003	-39.5704
700000.0003	-39.4387
700000.0003	-40.2053
700000.0003	-39.8675
700000.0003	-39.8984
700000.0003	-39.6748
700000.0003	-39.0801
700000.0003	-39.3325
700000.0003	-38.2786
700000.0003	-38.5548
700000.0003	-38.9881
700000.0003	-38.8802
700000.0003	-39.1148
700000.0003	-38.8003
700000.0003	-38.0803
700000.0003	-38.5401
700000.0003	-37.6252
700000.0003	-38.4585
700000.0003	-37.1665
700000.0003	-38.0058
700000.0003	-36.9211
700000.0003	-37.0611
700000.0003	-36.6503
700000.0003	-36.3438
700000.0003	-35.7404
700000.0003	-34.4619
700000.0003	-33.3604
700000.0003	-32.3351
700000.0003	-31.001
700000.0003	-29.5032
700000.0003	-26.981
700000.0003	-24.6802
700000.0003	-20.0802
700000.0003	-15.278
700000.0003	-6.82634
700000.0003	3.53044
700000.0003	17.7103
700000.0003	36.6226
700000.0003	0.355059
700000.0003	-1.01391
700000.0003	0.922157
700000.0003	0.447151
700000.0003	0.911823
700000.0003	1.43102
700000.0003	0.125077
700000.0003	-1.17591
700000.0003	1.6801
700000.0003	1.25146
700000.0003	0.200547
700000.0003	-3.04653
700000.0003	-1.74329
700000.0003	-0.985897
700000.0003	3.61741
700000.0003	-1.07798
700000.0003	-0.108756
700000.0003	0.0329359
700000.0003	3.68112
700000.0003	-1.10118
700000.0003	0.451046
700000.0003	-1.85673
700000.0003	2.1171
700000.0003	-0.711232
700000.0003	0.895253
700000.0003	0.644353
700000.0003	-1.48255
700000.0003	1.74071
700000.0003	0.353274
700000.0003	0.00903719
700000.0003	-0.674075
700000.0003	-0.13404
700000.0003	-0.634723
700000.0003	0.458182
700000.0003	-0.388793
700000.0003	0.230285
700000.0003	0.0798141
700000.0003	-0.458394
700000.0003	-0.125744
700000.0003	0.0326489
700000.0003	-0.0605222
700000.0003	0.563058
700000.0003	0.722019
700000.0003	-0.480822
700000.0003	0.128334
700000.0003	-0.808598
700000.0003	-0.280424
700000.0003	0.492846
700000.0003	0.674258
700000.0003	-0.0164255
700000.0003	0.431083
700000.0003	0.76658
700000.0003	-1.19745
700000.0003	-1.06875
700000.0003	-0.200216
700000.0003	-0.89659
700000.0003	0.592135
700000.0003	0.0946429
700000.0003	0.287047
700000.0003	-0.211965
700000.0003	0.210984
700000.0003	-0.567347
700000.0003	0.433187
700000.0003	-0.765939
700000.0003	-0.52843
700000.0003	1.47825
700000.0003	0.0721936
700000.0003	0.124692
700000.0003	0.431104
700000.0003	0.458048
700000.0003	-0.421038
700000.0003	-0.686435
700000.0003	0.0375069
700000.0003	-0.181428
700000.0003	0.205835
700000.0003	0.101161
700000.0003	0.492623
700000.0003	0.212115
700000.0003	0.89634
700000.0003	-0.558333
700000.0003	-0.609515
700000.0003	0.591944
700000.0003	-0.045496
700000.0003	-1.24405
700000.0003	-0.703942
700000.0003	0.0370706
700000.0003	0.253068
700000.0003	0.505402
700000.0003	0.555453
700000.0003	1.89348
700000.0003	-0.0780478
700000.0003	-0.478256
700000.0003	-0.108908
700000.0003	-0.888775
700000.0003	0.482171
700000.0003	0.0658489
700000.0003	0.250894
700000.0003	-0.287237
700000.0003	-0.449048
700000.0003	0.146297
700000.0003	-0.889058
700000.0003	0.295839
700000.0003	-0.0899751
700000.0003	0.566706
700000.0003	-0.0572671
700000.0003	-0.180648
700000.0003	-0.316206
700000.0003	0.525698
700000.0003	-0.181277
700000.0003	0.105183
700000.0003	-0.577345
700000.0003	0.0381262
700000.0003	-0.218102
700000.0003	0.113263
700000.0003	-0.238916
700000.0003	0.38765
700000.0003	0.943989
700000.0003	0.362667
700000.0003	-0.724904
700000.0003	0.21583
700000.0003	-0.183059
700000.0003	-0.0318645
700000.0003	0.146124
700000.0003	-0.521965
700000.0003	-0.322555
700000.0003	0.240892
700000.0003	0.517329
700000.0003	-0.578351
700000.0003	-0.195817
700000.0003	-0.555473
700000.0003	0.118803
700000.0003	0.208252
700000.0003	0.0668124
700000.0003	-0.00167932
700000.0003	0.523854
700000.0003	-0.656916
700000.0003	0.330419
700000.0003	0.0999242
700000.0003	0.0386333
700000.0003	0.258584
700000.0003	0.536816
700000.0003	-0.557918
700000.0003	-0.957448
700000.0003	-0.0348185
700000.0003	0.0501656
700000.0003	-0.399574
700000.0003	0.0701403
700000.0003	0.162238
700000.0003	-0.18917
700000.0003	0.403654
700000.0003	0.544861
700000.0003	0.941703
700000.0003	0.0283517
700000.0003	-0.431375
700000.0003	0.672128
700000.0003	-0.961813
700000.0003	-1.04174
700000.0003	-0.755454
700000.0003	0.444791
700000.0003	0.969843
700000.0003	0.309844
700000.0003	0.125199
700000.0003	0.287774
700000.0003	0.930736
700000.0003	-1.12762
700000.0003	-0.507718
700000.0003	0.377325
700000.0003	0.261514
700000.0003	-0.157069
700000.0003	0.696996
700000.0003	-0.702535
700000.0003	0.907236
700000.0003	0.165089
700000.0003	-0.409277
700000.0003	-1.08406
700000.0003	-0.0998111
700000.0003	0.0341587
700000.0003	1.24876
700000.0003	-0.46281
700000.0003	0.160752
700000.0003	-0.847801
700000.0003	0.528019
700000.0003	-0.277888
700000.0003	-0.124041
700000.0003	0.226788
700000.0003	0.349416
700000.0003	0.326523
700000.0003	-0.00766988
700000.0003	0.520711
700000.0003	-0.114755
700000.0003	-0.596027
700000.0003	0.181688
700000.0003	-0.45177
700000.0003	0.136979
700000.0003	-0.49358
700000.0003	0.650135
700000.0003	-0.292556
700000.0003	-1.24242
700000.0003	1.08231
700000.0003	-0.74797
700000.0003	0.700037
700000.0003	-0.782965
700000.0003	-0.282481
700000.0003	0.168958
700000.0003	1.01294
700000.0003	-0.748637
700000.0003	1.0224
700000.0003	-0.17605
700000.0003	-0.620468
700000.0003	-0.131983
700000.0003	0.628081
700000.0003	0.479127
700000.0003	-0.108021
700000.0003	0.496995
700000.0003	-0.660478
700000.0003	-0.0972974
700000.0003	-0.484825
700000.0003	-0.384302
700000.0003	0.286948
700000.0003	0.782815
700000.0003	-0.534323
700000.0003	0.530245
700000.0003	-0.543926
700000.0003	-0.963876
700000.0003	-0.786557
700000.0003	1.25905
700000.0003	0.264813
700000.0003	-0.233822
700000.0003	-1.82403
700000.0003	-0.547185
700000.0003	0.654832
700000.0003	1.34798
700000.0003	0.970685
700000.0003	1.15888
700000.0003	-0.294561
700000.0003	0.0803805
700000.0003	-0.261405
700000.0003	-0.311658
700000.0003	1.41554
700000.0003	-1.51803
700000.0003	0.0476724
700000.0003	-2.43
700000.0003	0.285893
700000.0003	-0.96194
700000.0003	0.605151
700000.0003	-0.314417
700000.0003	-0.0195342
700000.0003	-1.02902
700000.0003	1.87018
700000.0003	2.40088
700000.0003	1.8034
700000.0003	-2.22777
700000.0003	2.11557
700000.0003	-3.64536
700000.0003	-0.150073
700000.0003	-1.29172
700000.0003	-1.37713
700000.0003	-0.852623
700000.0003	0.713846
700000.0003	2.49625
700000.0003	0.292103
700000.0003	2.08527
700000.0003	-0.858166
700000.0003	-1.87762
700000.0003	0.976719
700000.0003	-1.37315
700000.0003	1.54995
700000.0003	0.711499
700000.0003	2.50502
700000.0003	1.98655
700000.0003	-2.14061
700000.0003	2.55942
700000.0003	-1.73228
700000.0003	-0.618378
700000.0003	1.1369
700000.0003	-0.871564
700000.0003	-0.0338327
700000.0003	-0.250472
700000.0003	1.19714
700000.0003	0.727691
700000.0003	-0.912231
700000.0003	-1.41533
700000.0003	0.331481
700000.0003	-1.02638
700000.0003	1.18773
700000.0003	-0.699107
700000.0003	0.240677
700000.0003	-0.0921676
700000.0003	-0.420596
700000.0003	-1.01912
700000.0003	-0.626367
700000.0003	-0.697022
700000.0003	0.0952481
700000.0003	-0.852341
700000.0003	-0.0933752
700000.0003	0.530556
700000.0003	0.450255
700000.0003	-0.115853
700000.0003	0.613587
700000.0003	0.527085
700000.0003	0.277402
700000.0003	-0.14052
700000.0003	-0.159037
700000.0003	0.10156
700000.0003	0.316713
700000.0003	-0.157857
700000.0003	-0.50152
700000.0003	-0.386756
700000.0003	0.129267
700000.0003	0.429697
700000.0003	-0.238431
700000.0003	0.376931
700000.0003	-0.720604
700000.0003	-0.295329
700000.0003	0.259492
700000.0003	-0.50034
700000.0003	-0.282759
700000.0003	-0.18041
700000.0003	0.59055
700000.0003	1.03822
700000.0003	-0.0354889
700000.0003	-0.239456
700000.0003	-0.339976
700000.0003	0.0185485
700000.0003	-0.513734
700000.0003	-0.205853
700000.0003	0.603039
700000.0003	0.802613
700000.0003	-0.254985
700000.0003	-0.347964
700000.0003	-0.0852166
700000.0003	-0.276061
700000.0003	0.45586
700000.0003	-0.215517
700000.0003	-0.150834
700000.0003	0.14638
700000.0003	0.403722
700000.0003	0.840702
700000.0003	0.719404
700000.0003	0.298434
700000.0003	-0.0505245
700000.0003	0.0557607
700000.0003	0.296255
700000.0003	-0.157496
700000.0003	0.0678066
700000.0003	-0.414853
700000.0003	0.0447945
700000.0003	-0.446123
700000.0003	0.29918
700000.0003	0.209912
700000.0003	0.516333
700000.0003	-0.254156
700000.0003	-0.146285
700000.0003	-1.14108
700000.0003	0.0648557
700000.0003	-0.113466
700000.0003	0.293982
700000.0003	0.595528
700000.0003	-0.381844
700000.0003	0.568831
700000.0003	-0.452736
700000.0003	-0.302543
700000.0003	0.177792
700000.0003	0.17022
700000.0003	-0.0982221
700000.0003	-0.0916587
700000.0003	0.203203
700000.0003	0.145761
700000.0003	-0.282776
700000.0003	-0.049497
700000.0003	0.0353715
700000.0003	-0.077459
700000.0003	0.353227
700000.0003	0.293923
700000.0003	-0.521879
700000.0003	-0.262164
700000.0003	-0.550876
700000.0003	0.0644735
700000.0003	-1.07675
700000.0003	0.378954
700000.0003	-0.654945
700000.0003	-0.252348
700000.0003	0.0306361
700000.0003	-0.51473
700000.0003	-0.803661
700000.0003	0.719683
700000.0003	-0.847749
700000.0003	0.504526
700000.0003	-0.0957496
700000.0003	-0.313635
700000.0003	-0.0623835
700000.0003	-0.283838
700000.0003	0.0763156
700000.0003	-0.0119824
700000.0003	-0.263906
700000.0003	-1.07648
700000.0003	0.244005
700000.0003	-0.0784316
700000.0003	-1.04241
700000.0003	-0.449229
