700000.0003	28.8187
700000.0003	101.153
700000.0003	204.973
700000.0003	342.308
700000.0003	533.427
700000.0003	781.601
700000.0003	1075.7
700000.0003	1432.4
700000.0003	1830.58
700000.0003	2286.71
700000.0003	2787.32
700000.0003	3315.01
700000.0003	3878.25
700000.0003	4468.5
700000.0003	5009.71
700000.0003	5525.39
700000.0003	6001.74
700000.0003	6384.27
700000.0003	6688.3
700000.0003	6904.6
700000.0003	7035.34
700000.0003	7083.69
700000.0003	7141.08
700000.0003	7032.17
700000.0003	6942.38
700000.0003	6797.26
700000.0003	6582.98
700000.0003	6345.11
700000.0003	6048.7
700000.0003	5718.63
700000.0003	5336.23
700000.0003	4976.04
700000.0003	4505.89
700000.0003	4025.12
700000.0003	3517.43
700000.0003	2972.94
700000.0003	2359.35
700000.0003	1733.47
700000.0003	1073.68
700000.0003	367.554
700000.0003	0
700000.0003	0
700000.0003	0
700000.0003	0
700000.0003	0
700000.0003	0
700000.0003	0
700000.0003	0
700000.0003	0
700000.0003	0
700000.0003	0
700000.0003	0
700000.0003	0
700000.0003	0
700000.0003	0
700000.0003	0
700000.0003	0
700000.0003	0
700000.0003	0
700000.0003	0
700000.0003	0
700000.0003	0
700000.0003	0
700000.0003	0
700000.0003	0
700000.0003	0
700000.0003	0
700000.0003	0
700000.0003	0
700000.0003	0
700000.0003	0
700000.0003	0
700000.0003	0
700000.0003	0
700000.0003	0
700000.0003	0
700000.0003	0
700000.0003	0
700000.0003	0
700000.0003	0
700000.0003	0
700000.0003	0
700000.0003	0
700000.0003	0
700000.0003	0
700000.0003	0
700000.0003	0
700000.0003	0
700000.0003	0
700000.0003	0
700000.0003	0
700000.0003	0
700000.0003	0
700000.0003	0
700000.0003	0
700000.0003	0
700000.0003	0
700000.0003	0
700000.0003	0
700000.0003	0
700000.0003	0
700000.0003	0
700000.0003	0
700000.0003	0
700000.0003	0
700000.0003	0
700000.0003	0
700000.0003	0
700000.0003	0
700000.0003	0
700000.0003	0
700000.0003	0
700000.0003	0
700000.0003	0
700000.0003	0
700000.0003	0
700000.0003	0
700000.0003	0
700000.0003	0
700000.0003	0
700000.0003	0
700000.0003	0
700000.0003	0
700000.0003	0
700000.0003	0
700000.0003	0
700000.0003	0
700000.0003	0
700000.0003	0
700000.0003	0
700000.0003	0
700000.0003	0
700000.0003	0
700000.0003	0
700000.0003	0
700000.0003	0
700000.0003	0
700000.0003	0
700000.0003	0
700000.0003	0
700000.0003	-23.6863
700000.0003	-70.0771
700000.0003	-117.434
700000.0003	-162.17
700000.0003	-208.58
700000.0003	-251.335
700000.0003	-295.841
700000.0003	-339.553
700000.0003	-383.806
700000.0003	-424.243
700000.0003	-469.24
700000.0003	-510.345
700000.0003	-551.402
700000.0003	-588.971
700000.0003	-625.677
700000.0003	-668.729
700000.0003	-705.021
700000.0003	-739.762
700000.0003	-776.194
700000.0003	-814.126
700000.0003	-851.041
700000.0003	-891.777
700000.0003	-930.336
700000.0003	-952.311
700000.0003	-991.047
700000.0003	-1018.23
700000.0003	-1057.44
700000.0003	-1084.23
700000.0003	-1113.27
700000.0003	-1138.7
700000.0003	-1173.66
700000.0003	-1211
700000.0003	-1238.72
700000.0003	-1275.72
700000.0003	-1296.11
700000.0003	-1313.33
700000.0003	-1347.4
700000.0003	-1361.42
700000.0003	-1401.21
700000.0003	-1423.6
700000.0003	-1448.04
700000.0003	-1477.21
700000.0003	-1492.24
700000.0003	-1517.28
700000.0003	-1536.97
700000.0003	-1561.08
700000.0003	-1578
700000.0003	-1591.57
700000.0003	-1617.83
700000.0003	-1637.39
700000.0003	-1653.2
700000.0003	-1675.73
700000.0003	-1687.61
700000.0003	-1717.97
700000.0003	-1719.5
700000.0003	-1732.14
700000.0003	-1746.98
700000.0003	-1773.1
700000.0003	-1781.65
700000.0003	-1797.25
700000.0003	-1809.77
700000.0003	-1821.98
700000.0003	-1826.82
700000.0003	-1856.61
700000.0003	-1848.34
700000.0003	-1859.99
700000.0003	-1870.22
700000.0003	-1881.16
700000.0003	-1883.22
700000.0003	-1894.78
700000.0003	-1898.2
700000.0003	-1900.24
700000.0003	-1912.85
700000.0003	-1912.71
700000.0003	-1915.43
700000.0003	-1920.97
700000.0003	-1931.52
700000.0003	-1935.52
700000.0003	-1929.38
700000.0003	-1918.85
700000.0003	-1916.13
700000.0003	-1929.06
700000.0003	-1925.22
700000.0003	-1918.05
700000.0003	-1920.65
700000.0003	-1916.78
700000.0003	-1905.44
700000.0003	-1913.73
700000.0003	-1904.26
700000.0003	-1896.42
700000.0003	-1880.5
700000.0003	-1875.64
700000.0003	-1869.01
700000.0003	-1861.27
700000.0003	-1852.61
700000.0003	-1836.75
700000.0003	-1819.33
700000.0003	-1808.48
700000.0003	-1786.19
700000.0003	-1759.19
700000.0003	-1738.04
700000.0003	-1713.2
700000.0003	-1687.88
700000.0003	-1658.46
700000.0003	-1623.63
700000.0003	-1583.87
700000.0003	-1545.6
700000.0003	-1495.59
700000.0003	-1450.99
700000.0003	-1400.42
700000.0003	-1342.95
700000.0003	-1283.26
700000.0003	-1218.66
700000.0003	-1164.46
700000.0003	-1099.44
700000.0003	-1037.78
700000.0003	-971.618
700000.0003	-913.149
700000.0003	-846.557
700000.0003	-786.523
700000.0003	-732.53
700000.0003	-671.221
700000.0003	-615.384
700000.0003	-563.768
700000.0003	-511.914
700000.0003	-463.642
700000.0003	-419.404
700000.0003	-376.531
700000.0003	-336.989
700000.0003	-297.414
700000.0003	-265.187
700000.0003	-233.82
700000.0003	-204.562
700000.0003	-178.402
700000.0003	-155.342
700000.0003	-135.322
700000.0003	-115.646
700000.0003	-99.2554
700000.0003	-85.8514
700000.0003	-72.2455
700000.0003	-61.6321
700000.0003	-52.015
700000.0003	-43.8119
700000.0003	-37.4627
700000.0003	-31.5939
700000.0003	-26.4763
700000.0003	-22.5035
700000.0003	-18.5881
700000.0003	-15.628
700000.0003	-13.0887
700000.0003	-10.9646
700000.0003	-8.88512
700000.0003	-7.29376
700000.0003	-6.05397
700000.0003	-4.75861
700000.0003	-3.75682
700000.0003	-2.75102
700000.0003	-1.91124
700000.0003	-1.11244
700000.0003	-0.360729
700000.0003	0
700000.0003	0
700000.0003	0
700000.0003	0
700000.0003	0
700000.0003	0
700000.0003	0
700000.0003	0
700000.0003	0
700000.0003	0
700000.0003	0
700000.0003	0
700000.0003	0
700000.0003	0
700000.0003	0
700000.0003	0
700000.0003	0
700000.0003	0
700000.0003	0
700000.0003	0
700000.0003	0
700000.0003	0
700000.0003	0
700000.0003	0
700000.0003	0
700000.0003	0
700000.0003	0
700000.0003	0
700000.0003	0
700000.0003	0
700000.0003	0
700000.0003	0
700000.0003	0
700000.0003	0
700000.0003	0
700000.0003	0
700000.0003	0
700000.0003	0
700000.0003	0
700000.0003	0
700000.0003	0
700000.0003	0
700000.0003	0
700000.0003	0
700000.0003	0
700000.0003	0
700000.0003	0
700000.0003	0
700000.0003	0
700000.0003	0
700000.0003	0
700000.0003	0
700000.0003	0
700000.0003	0
700000.0003	0
700000.0003	0
700000.0003	0
700000.0003	0
700000.0003	0
700000.0003	0
700000.0003	0
700000.0003	0
700000.0003	0
700000.0003	0
700000.0003	0
700000.0003	0
700000.0003	0
700000.0003	0
700000.0003	0
700000.0003	0
700000.0003	0
700000.0003	0
700000.0003	0
700000.0003	0
700000.0003	0
700000.0003	0
700000.0003	0
700000.0003	0
700000.0003	0
700000.0003	0
700000.0003	0
700000.0003	0
700000.0003	0
700000.0003	0
700000.0003	0
700000.0003	0
700000.0003	0
700000.0003	0
700000.0003	0
700000.0003	0
700000.0003	0
700000.0003	0
700000.0003	0
700000.0003	0
700000.0003	0
700000.0003	0
700000.0003	0
700000.0003	0
700000.0003	0
700000.0003	0
700000.0003	-0.392335
700000.0003	-1.05282
700000.0003	-0.514369
700000.0003	-0.196111
700000.0003	-0.454436
700000.0003	1.29965
700000.0003	-1.12582
700000.0003	-3.06795
700000.0003	3.0808
700000.0003	-6.9035
700000.0003	2.57331
700000.0003	-2.04024
700000.0003	13.6844
700000.0003	1.7858
700000.0003	-5.27243
700000.0003	0.840352
700000.0003	0.319779
700000.0003	-5.80694
700000.0003	11.2981
700000.0003	4.48456
700000.0003	-13.9517
700000.0003	8.92981
700000.0003	11.5007
700000.0003	-16.0569
700000.0003	3.27645
700000.0003	-36.5448
700000.0003	7.7533
700000.0003	-24.6292
700000.0003	-1.22809
700000.0003	-7.42948
700000.0003	5.98016
700000.0003	-37.8381
700000.0003	5.00852
700000.0003	12.1478
700000.0003	-7.55941
700000.0003	-3.83982
700000.0003	-0.881478
700000.0003	5.60663
700000.0003	-3.229
700000.0003	-0.582992
700000.0003	0
700000.0003	0
700000.0003	0
700000.0003	0
700000.0003	0
700000.0003	0
700000.0003	0
700000.0003	0
700000.0003	0
700000.0003	0
700000.0003	0
700000.0003	0
700000.0003	0
700000.0003	0
700000.0003	0
700000.0003	0
700000.0003	0
700000.0003	0
700000.0003	0
700000.0003	0
700000.0003	0
700000.0003	0
700000.0003	0
700000.0003	0
700000.0003	0
700000.0003	0
700000.0003	0
700000.0003	0
700000.0003	0
700000.0003	0
700000.0003	0
700000.0003	0
700000.0003	0
700000.0003	0
700000.0003	0
700000.0003	0
700000.0003	0
700000.0003	0
700000.0003	0
700000.0003	0
700000.0003	0
700000.0003	0
700000.0003	0
700000.0003	0
700000.0003	0
700000.0003	0
700000.0003	0
700000.0003	0
700000.0003	0
700000.0003	0
700000.0003	0
700000.0003	0
700000.0003	0
700000.0003	0
700000.0003	0
700000.0003	0
700000.0003	0
700000.0003	0
700000.0003	0
700000.0003	0
700000.0003	0
700000.0003	0
700000.0003	0
700000.0003	0
700000.0003	0
700000.0003	0
700000.0003	0
700000.0003	0
700000.0003	0
700000.0003	0
700000.0003	0
700000.0003	0
700000.0003	0
700000.0003	0
700000.0003	0
700000.0003	0
700000.0003	0
700000.0003	0
700000.0003	0
700000.0003	0
700000.0003	0
700000.0003	0
700000.0003	0
700000.0003	0
700000.0003	0
700000.0003	0
700000.0003	0
700000.0003	0
700000.0003	0
700000.0003	0
700000.0003	0
700000.0003	0
700000.0003	0
700000.0003	0
700000.0003	0
700000.0003	0
700000.0003	0
700000.0003	0
700000.0003	0
700000.0003	0
700000.0003	-0.0595122
700000.0003	0.154369
700000.0003	-0.202219
700000.0003	0.224315
700000.0003	0.347721
700000.0003	0.863554
700000.0003	0.556371
700000.0003	-0.103435
700000.0003	0.213954
700000.0003	1.46562
700000.0003	0.941673
700000.0003	0.628551
700000.0003	1.1864
700000.0003	-0.233107
700000.0003	-1.28006
700000.0003	0.0665769
700000.0003	-1.5676
700000.0003	-1.96101
700000.0003	2.08737
700000.0003	2.8029
700000.0003	1.82441
700000.0003	1.31656
700000.0003	-1.14786
700000.0003	2.02975
700000.0003	1.24263
700000.0003	0.298629
700000.0003	-3.82352
700000.0003	1.65096
700000.0003	-1.97962
700000.0003	-3.0183
700000.0003	-3.13226
700000.0003	0.277101
700000.0003	2.49143
700000.0003	-4.43067
700000.0003	-2.94461
700000.0003	-2.00962
700000.0003	-3.41413
700000.0003	3.36274
700000.0003	1.35108
700000.0003	-2.87767
700000.0003	-4.07171
700000.0003	1.18987
700000.0003	-3.63154
700000.0003	-6.28885
700000.0003	-5.08998
700000.0003	-1.24161
700000.0003	1.26536
700000.0003	6.15164
700000.0003	6.75581
700000.0003	0.46191
700000.0003	5.46828
700000.0003	5.37506
700000.0003	-2.35895
700000.0003	-0.826791
700000.0003	0.479362
700000.0003	3.90298
700000.0003	0.805771
700000.0003	1.64239
700000.0003	1.29246
700000.0003	-4.22585
700000.0003	-1.56362
700000.0003	-0.266394
700000.0003	-0.538328
700000.0003	-2.4525
700000.0003	-6.34992
700000.0003	0.074387
700000.0003	2.6283
700000.0003	-6.29045
700000.0003	1.68253
700000.0003	5.6492
700000.0003	-0.450557
700000.0003	-7.33859
700000.0003	-4.11616
700000.0003	0.863426
700000.0003	-0.549994
700000.0003	3.97506
700000.0003	-1.38489
700000.0003	-0.463514
700000.0003	-0.12778
700000.0003	-0.885769
700000.0003	-3.22787
700000.0003	-1.86834
700000.0003	-6.06414
700000.0003	-0.500753
700000.0003	6.7131
700000.0003	-0.277121
700000.0003	1.06324
700000.0003	1.00602
700000.0003	1.97384
700000.0003	-3.30272
700000.0003	-2.14921
700000.0003	1.19138
700000.0003	0.08187
700000.0003	0.84872
700000.0003	-2.33108
700000.0003	-2.44475
700000.0003	1.83482
700000.0003	1.28085
700000.0003	1.06762
700000.0003	0.435988
700000.0003	-0.0986976
700000.0003	-1.02065
700000.0003	5.51072
700000.0003	0.915452
700000.0003	-6.15016
700000.0003	0.936949
700000.0003	-1.84391
700000.0003	0.787059
700000.0003	-0.968292
700000.0003	-1.43499
700000.0003	0.769231
700000.0003	0.19624
700000.0003	0.265147
700000.0003	-2.8026
700000.0003	-0.849982
700000.0003	-1.65711
700000.0003	0.708267
700000.0003	-3.03229
700000.0003	1.77523
700000.0003	0.566552
700000.0003	0.660172
700000.0003	0.951302
700000.0003	0.142032
700000.0003	0.823334
700000.0003	0.638367
700000.0003	1.35754
700000.0003	0.767901
700000.0003	0.423486
700000.0003	1.90353
700000.0003	0.0545023
700000.0003	0.0588835
700000.0003	-0.446115
700000.0003	0.0813183
700000.0003	0.141532
700000.0003	0.197304
700000.0003	-0.398858
700000.0003	0.268102
700000.0003	0.338766
700000.0003	0.541755
700000.0003	-0.232518
700000.0003	0.511019
700000.0003	0.00739808
700000.0003	-0.186834
700000.0003	-0.0295261
700000.0003	-0.139558
700000.0003	-0.263642
700000.0003	-0.0382173
700000.0003	-0.106836
700000.0003	-0.0705057
700000.0003	-0.273024
700000.0003	0.0870448
700000.0003	0.0892254
700000.0003	-0.0726627
700000.0003	0.124017
700000.0003	0.0167132
700000.0003	-0.00515803
700000.0003	0.0397225
700000.0003	-0.00580453
700000.0003	0.0182525
700000.0003	-0.000508141
700000.0003	0
700000.0003	0
700000.0003	0
700000.0003	0
700000.0003	0
700000.0003	0
700000.0003	0
700000.0003	0
700000.0003	0
700000.0003	0
700000.0003	0
700000.0003	0
700000.0003	0
700000.0003	0
700000.0003	0
700000.0003	0
700000.0003	0
700000.0003	0
700000.0003	0
700000.0003	0
700000.0003	0
700000.0003	0
700000.0003	0
700000.0003	0
700000.0003	0
700000.0003	0
700000.0003	0
700000.0003	0
700000.0003	0
700000.0003	0
700000.0003	0
700000.0003	0
700000.0003	0
700000.0003	0
700000.0003	0
700000.0003	0
700000.0003	0
700000.0003	0
700000.0003	0
700000.0003	0
700000.0003	0
700000.0003	0
700000.0003	0
700000.0003	0
700000.0003	0
700000.0003	0
700000.0003	0
700000.0003	0
700000.0003	0
700000.0003	0
700000.0003	0
700000.0003	0
700000.0003	0
700000.0003	0
700000.0003	0
700000.0003	0
700000.0003	0
700000.0003	0
700000.0003	0
700000.0003	0
700000.0003	0
700000.0003	0
700000.0003	0
700000.0003	0
700000.0003	0
700000.0003	0
700000.0003	0
700000.0003	0
700000.0003	0
700000.0003	0
700000.0003	0
700000.0003	0
700000.0003	0
700000.0003	0
700000.0003	0
700000.0003	0
700000.0003	0
700000.0003	0
700000.0003	0
700000.0003	0
700000.0003	0
700000.0003	0
700000.0003	0
700000.0003	0
700000.0003	0
700000.0003	0
700000.0003	0
700000.0003	0
700000.0003	0
700000.0003	0
700000.0003	0
700000.0003	0
700000.0003	0
700000.0003	0
700000.0003	0
700000.0003	0
700000.0003	0
700000.0003	0
700000.0003	0
700000.0003	0
