700000.0003	28.7984
700000.0003	101.662
700000.0003	203.25
700000.0003	343.857
700000.0003	531.443
700000.0003	781.503
700000.0003	1072.51
700000.0003	1431.19
700000.0003	1825.09
700000.0003	2291.02
700000.0003	2770.29
700000.0003	3310.17
700000.0003	3869.75
700000.0003	4449.2
700000.0003	5000.98
700000.0003	5523.56
700000.0003	5993.71
700000.0003	6374.16
700000.0003	6675.83
700000.0003	6873.79
700000.0003	7011.07
700000.0003	7115.17
700000.0003	7107.9
700000.0003	7045.5
700000.0003	6970.9
700000.0003	6786.83
700000.0003	6565.86
700000.0003	6350.98
700000.0003	6055.88
700000.0003	5748.18
700000.0003	5367.5
700000.0003	4981.14
700000.0003	4472.34
700000.0003	4020.72
700000.0003	3505.73
700000.0003	2963.77
700000.0003	2369.23
700000.0003	1737.18
700000.0003	1067.78
700000.0003	365.928
700000.0003	0
700000.0003	0
700000.0003	0
700000.0003	0
700000.0003	0
700000.0003	0
700000.0003	0
700000.0003	0
700000.0003	0
700000.0003	0
700000.0003	0
700000.0003	0
700000.0003	0
700000.0003	0
700000.0003	0
700000.0003	0
700000.0003	0
700000.0003	0
700000.0003	0
700000.0003	0
700000.0003	0
700000.0003	0
700000.0003	0
700000.0003	0
700000.0003	0
700000.0003	0
700000.0003	0
700000.0003	0
700000.0003	0
700000.0003	0
700000.0003	0
700000.0003	0
700000.0003	0
700000.0003	0
700000.0003	0
700000.0003	0
700000.0003	0
700000.0003	0
700000.0003	0
700000.0003	0
700000.0003	0
700000.0003	0
700000.0003	0
700000.0003	0
700000.0003	0
700000.0003	0
700000.0003	0
700000.0003	0
700000.0003	0
700000.0003	0
700000.0003	0
700000.0003	0
700000.0003	0
700000.0003	0
700000.0003	0
700000.0003	0
700000.0003	0
700000.0003	0
700000.0003	0
700000.0003	0
700000.0003	0
700000.0003	0
700000.0003	0
700000.0003	0
700000.0003	0
700000.0003	0
700000.0003	0
700000.0003	0
700000.0003	0
700000.0003	0
700000.0003	0
700000.0003	0
700000.0003	0
700000.0003	0
700000.0003	0
700000.0003	0
700000.0003	0
700000.0003	0
700000.0003	0
700000.0003	0
700000.0003	0
700000.0003	0
700000.0003	0
700000.0003	0
700000.0003	0
700000.0003	0
700000.0003	0
700000.0003	0
700000.0003	0
700000.0003	0
700000.0003	0
700000.0003	0
700000.0003	0
700000.0003	0
700000.0003	0
700000.0003	0
700000.0003	0
700000.0003	0
700000.0003	0
700000.0003	0
700000.0003	-23.5939
700000.0003	-70.472
700000.0003	-117.011
700000.0003	-163.417
700000.0003	-207.472
700000.0003	-250.935
700000.0003	-296.348
700000.0003	-339.446
700000.0003	-381.334
700000.0003	-425.929
700000.0003	-466.326
700000.0003	-505.995
700000.0003	-548.639
700000.0003	-589.203
700000.0003	-627.328
700000.0003	-665.421
700000.0003	-702.191
700000.0003	-743.783
700000.0003	-779.254
700000.0003	-813.384
700000.0003	-851.875
700000.0003	-885.885
700000.0003	-921.922
700000.0003	-956.138
700000.0003	-989.706
700000.0003	-1019.17
700000.0003	-1051.18
700000.0003	-1089.22
700000.0003	-1113.84
700000.0003	-1147.98
700000.0003	-1176.07
700000.0003	-1206.88
700000.0003	-1233.9
700000.0003	-1264.78
700000.0003	-1293.27
700000.0003	-1313.32
700000.0003	-1349.84
700000.0003	-1370.59
700000.0003	-1401.87
700000.0003	-1425.22
700000.0003	-1442.65
700000.0003	-1476.47
700000.0003	-1484.94
700000.0003	-1520.8
700000.0003	-1534.19
700000.0003	-1555.63
700000.0003	-1577.27
700000.0003	-1596.92
700000.0003	-1619.81
700000.0003	-1646.79
700000.0003	-1661.09
700000.0003	-1678.6
700000.0003	-1695.62
700000.0003	-1712.11
700000.0003	-1719.65
700000.0003	-1735.48
700000.0003	-1761.62
700000.0003	-1759.29
700000.0003	-1781.35
700000.0003	-1796.26
700000.0003	-1808.75
700000.0003	-1815.85
700000.0003	-1831.29
700000.0003	-1838.41
700000.0003	-1856.21
700000.0003	-1852.73
700000.0003	-1858.95
700000.0003	-1878.82
700000.0003	-1880.67
700000.0003	-1887.94
700000.0003	-1895.06
700000.0003	-1898.53
700000.0003	-1912.13
700000.0003	-1911.89
700000.0003	-1924.09
700000.0003	-1924.25
700000.0003	-1918.56
700000.0003	-1924.43
700000.0003	-1925.22
700000.0003	-1931.63
700000.0003	-1926.13
700000.0003	-1933.43
700000.0003	-1925.84
700000.0003	-1928.87
700000.0003	-1918.98
700000.0003	-1923.81
700000.0003	-1912.83
700000.0003	-1901.91
700000.0003	-1905.94
700000.0003	-1891.23
700000.0003	-1897.23
700000.0003	-1886.76
700000.0003	-1871.6
700000.0003	-1859.03
700000.0003	-1844.26
700000.0003	-1835.69
700000.0003	-1822.64
700000.0003	-1802.45
700000.0003	-1782.8
700000.0003	-1766.3
700000.0003	-1741.34
700000.0003	-1717.63
700000.0003	-1684.58
700000.0003	-1652.36
700000.0003	-1617.83
700000.0003	-1586.87
700000.0003	-1545.86
700000.0003	-1496.6
700000.0003	-1453.18
700000.0003	-1401.03
700000.0003	-1345.01
700000.0003	-1285.61
700000.0003	-1221.05
700000.0003	-1162.62
700000.0003	-1099.77
700000.0003	-1039.57
700000.0003	-974.32
700000.0003	-913.013
700000.0003	-848.669
700000.0003	-787.736
700000.0003	-729.696
700000.0003	-671.848
700000.0003	-616.621
700000.0003	-564.692
700000.0003	-511.184
700000.0003	-463.649
700000.0003	-420.207
700000.0003	-375.771
700000.0003	-336.416
700000.0003	-300.95
700000.0003	-266.001
700000.0003	-234.18
700000.0003	-205.47
700000.0003	-178.373
700000.0003	-155.704
700000.0003	-134.589
700000.0003	-116.006
700000.0003	-98.6434
700000.0003	-84.4358
700000.0003	-72.7133
700000.0003	-61.5222
700000.0003	-52.048
700000.0003	-44.2293
700000.0003	-37.1942
700000.0003	-31.6179
700000.0003	-26.4608
700000.0003	-22.456
700000.0003	-18.503
700000.0003	-15.7627
700000.0003	-13.1104
700000.0003	-11.0135
700000.0003	-9.02002
700000.0003	-7.61616
700000.0003	-5.93979
700000.0003	-4.84861
700000.0003	-3.74949
700000.0003	-2.76855
700000.0003	-1.89475
700000.0003	-1.12269
700000.0003	-0.364521
700000.0003	0
700000.0003	0
700000.0003	0
700000.0003	0
700000.0003	0
700000.0003	0
700000.0003	0
700000.0003	0
700000.0003	0
700000.0003	0
700000.0003	0
700000.0003	0
700000.0003	0
700000.0003	0
700000.0003	0
700000.0003	0
700000.0003	0
700000.0003	0
700000.0003	0
700000.0003	0
700000.0003	0
700000.0003	0
700000.0003	0
700000.0003	0
700000.0003	0
700000.0003	0
700000.0003	0
700000.0003	0
700000.0003	0
700000.0003	0
700000.0003	0
700000.0003	0
700000.0003	0
700000.0003	0
700000.0003	0
700000.0003	0
700000.0003	0
700000.0003	0
700000.0003	0
700000.0003	0
700000.0003	0
700000.0003	0
700000.0003	0
700000.0003	0
700000.0003	0
700000.0003	0
700000.0003	0
700000.0003	0
700000.0003	0
700000.0003	0
700000.0003	0
700000.0003	0
700000.0003	0
700000.0003	0
700000.0003	0
700000.0003	0
700000.0003	0
700000.0003	0
700000.0003	0
700000.0003	0
700000.0003	0
700000.0003	0
700000.0003	0
700000.0003	0
700000.0003	0
700000.0003	0
700000.0003	0
700000.0003	0
700000.0003	0
700000.0003	0
700000.0003	0
700000.0003	0
700000.0003	0
700000.0003	0
700000.0003	0
700000.0003	0
700000.0003	0
700000.0003	0
700000.0003	0
700000.0003	0
700000.0003	0
700000.0003	0
700000.0003	0
700000.0003	0
700000.0003	0
700000.0003	0
700000.0003	0
700000.0003	0
700000.0003	0
700000.0003	0
700000.0003	0
700000.0003	0
700000.0003	0
700000.0003	0
700000.0003	0
700000.0003	0
700000.0003	0
700000.0003	0
700000.0003	0
700000.0003	0
700000.0003	0.401316
700000.0003	-0.881904
700000.0003	0.108343
700000.0003	1.79677
700000.0003	4.12571
700000.0003	-5.21472
700000.0003	-0.930478
700000.0003	1.77598
700000.0003	2.24079
700000.0003	-5.7029
700000.0003	5.38716
700000.0003	6.2065
700000.0003	0.31068
700000.0003	-10.4238
700000.0003	8.21482
700000.0003	22.3934
700000.0003	-0.536019
700000.0003	28.9454
700000.0003	1.36768
700000.0003	-9.46963
700000.0003	-24.1191
700000.0003	-2.12034
700000.0003	3.23117
700000.0003	16.2727
700000.0003	29.5301
700000.0003	-34.6011
700000.0003	6.8731
700000.0003	-17.7613
700000.0003	-25.3651
700000.0003	21.7578
700000.0003	8.50163
700000.0003	-23.8945
700000.0003	-7.84211
700000.0003	-5.27774
700000.0003	-0.365524
700000.0003	2.44673
700000.0003	-2.70181
700000.0003	-1.75987
700000.0003	0.700357
700000.0003	-0.62212
700000.0003	0
700000.0003	0
700000.0003	0
700000.0003	0
700000.0003	0
700000.0003	0
700000.0003	0
700000.0003	0
700000.0003	0
700000.0003	0
700000.0003	0
700000.0003	0
700000.0003	0
700000.0003	0
700000.0003	0
700000.0003	0
700000.0003	0
700000.0003	0
700000.0003	0
700000.0003	0
700000.0003	0
700000.0003	0
700000.0003	0
700000.0003	0
700000.0003	0
700000.0003	0
700000.0003	0
700000.0003	0
700000.0003	0
700000.0003	0
700000.0003	0
700000.0003	0
700000.0003	0
700000.0003	0
700000.0003	0
700000.0003	0
700000.0003	0
700000.0003	0
700000.0003	0
700000.0003	0
700000.0003	0
700000.0003	0
700000.0003	0
700000.0003	0
700000.0003	0
700000.0003	0
700000.0003	0
700000.0003	0
700000.0003	0
700000.0003	0
700000.0003	0
700000.0003	0
700000.0003	0
700000.0003	0
700000.0003	0
700000.0003	0
700000.0003	0
700000.0003	0
700000.0003	0
700000.0003	0
700000.0003	0
700000.0003	0
700000.0003	0
700000.0003	0
700000.0003	0
700000.0003	0
700000.0003	0
700000.0003	0
700000.0003	0
700000.0003	0
700000.0003	0
700000.0003	0
700000.0003	0
700000.0003	0
700000.0003	0
700000.0003	0
700000.0003	0
700000.0003	0
700000.0003	0
700000.0003	0
700000.0003	0
700000.0003	0
700000.0003	0
700000.0003	0
700000.0003	0
700000.0003	0
700000.0003	0
700000.0003	0
700000.0003	0
700000.0003	0
700000.0003	0
700000.0003	0
700000.0003	0
700000.0003	0
700000.0003	0
700000.0003	0
700000.0003	0
700000.0003	0
700000.0003	0
700000.0003	0
700000.0003	0.105193
700000.0003	-0.205025
700000.0003	-0.312416
700000.0003	-0.0862995
700000.0003	-0.157147
700000.0003	-0.0394774
700000.0003	0.772276
700000.0003	-1.2328
700000.0003	0.331645
700000.0003	0.293003
700000.0003	1.34149
700000.0003	-1.39593
700000.0003	0.97645
700000.0003	-2.23572
700000.0003	-0.576158
700000.0003	-0.75908
700000.0003	-1.01904
700000.0003	1.26775
700000.0003	1.34868
700000.0003	-0.830383
700000.0003	2.89542
700000.0003	-1.2079
700000.0003	-3.33338
700000.0003	-0.0204667
700000.0003	-1.18815
700000.0003	-1.01049
700000.0003	-5.73529
700000.0003	-3.55565
700000.0003	0.0447212
700000.0003	-3.49481
700000.0003	3.55726
700000.0003	0.254832
700000.0003	2.70271
700000.0003	-1.12166
700000.0003	2.02386
700000.0003	-0.554794
700000.0003	3.35943
700000.0003	0.0290819
700000.0003	1.78925
700000.0003	-2.46502
700000.0003	-1.65654
700000.0003	6.70499
700000.0003	0.653271
700000.0003	2.71293
700000.0003	4.1758
700000.0003	-2.5817
700000.0003	2.14812
700000.0003	3.32759
700000.0003	-5.44877
700000.0003	4.43651
700000.0003	-0.567956
700000.0003	-2.25571
700000.0003	-2.74524
700000.0003	-1.42829
700000.0003	1.90249
700000.0003	0.465237
700000.0003	-2.74037
700000.0003	-2.54205
700000.0003	2.03421
700000.0003	1.41189
700000.0003	-1.71268
700000.0003	1.47412
700000.0003	-12.5708
700000.0003	-1.61441
700000.0003	6.68622
700000.0003	0.708623
700000.0003	-5.68024
700000.0003	-7.27509
700000.0003	9.31717
700000.0003	-6.96297
700000.0003	6.08048
700000.0003	-4.96535
700000.0003	1.00622
700000.0003	-2.2102
700000.0003	0.381983
700000.0003	4.89077
700000.0003	0.351593
700000.0003	4.26816
700000.0003	-1.35424
700000.0003	0.222823
700000.0003	-0.114004
700000.0003	1.7891
700000.0003	0.661674
700000.0003	-2.67038
700000.0003	-4.84737
700000.0003	0.472276
700000.0003	5.3131
700000.0003	4.6924
700000.0003	-4.66626
700000.0003	-1.40773
700000.0003	-2.3479
700000.0003	-2.5746
700000.0003	-1.44676
700000.0003	-0.839042
700000.0003	-1.75138
700000.0003	-5.67828
700000.0003	0.500009
700000.0003	-3.56359
700000.0003	-1.61613
700000.0003	-1.76589
700000.0003	0.995695
700000.0003	-0.953584
700000.0003	1.82747
700000.0003	-1.9276
700000.0003	2.40268
700000.0003	4.6754
700000.0003	3.5444
700000.0003	-3.05344
700000.0003	1.82677
700000.0003	-1.61168
700000.0003	-1.66651
700000.0003	-1.63413
700000.0003	1.29967
700000.0003	1.69255
700000.0003	0.114617
700000.0003	-2.78716
700000.0003	1.92239
700000.0003	3.06805
700000.0003	-0.58546
700000.0003	-1.18274
700000.0003	1.15795
700000.0003	-0.928533
700000.0003	-3.00771
700000.0003	1.23916
700000.0003	1.05504
700000.0003	0.0911096
700000.0003	-0.0459368
700000.0003	0.938719
700000.0003	-0.279032
700000.0003	1.16361
700000.0003	-0.653675
700000.0003	0.568389
700000.0003	-0.316298
700000.0003	1.03919
700000.0003	-0.491125
700000.0003	-0.349794
700000.0003	0.594446
700000.0003	-0.0324119
700000.0003	0.383587
700000.0003	-0.290563
700000.0003	0.310208
700000.0003	-0.149799
700000.0003	-0.0402392
700000.0003	0.472177
700000.0003	-0.205814
700000.0003	-0.131228
700000.0003	-0.256134
700000.0003	-0.0588973
700000.0003	-0.128169
700000.0003	-0.0814085
700000.0003	0.123825
700000.0003	0.154091
700000.0003	-0.0306341
700000.0003	0.096344
700000.0003	-0.0278368
700000.0003	-0.0606042
700000.0003	-0.0395633
700000.0003	-0.00664555
700000.0003	-0.00863185
700000.0003	0.000345163
700000.0003	0
700000.0003	0
700000.0003	0
700000.0003	0
700000.0003	0
700000.0003	0
700000.0003	0
700000.0003	0
700000.0003	0
700000.0003	0
700000.0003	0
700000.0003	0
700000.0003	0
700000.0003	0
700000.0003	0
700000.0003	0
700000.0003	0
700000.0003	0
700000.0003	0
700000.0003	0
700000.0003	0
700000.0003	0
700000.0003	0
700000.0003	0
700000.0003	0
700000.0003	0
700000.0003	0
700000.0003	0
700000.0003	0
700000.0003	0
700000.0003	0
700000.0003	0
700000.0003	0
700000.0003	0
700000.0003	0
700000.0003	0
700000.0003	0
700000.0003	0
700000.0003	0
700000.0003	0
700000.0003	0
700000.0003	0
700000.0003	0
700000.0003	0
700000.0003	0
700000.0003	0
700000.0003	0
700000.0003	0
700000.0003	0
700000.0003	0
700000.0003	0
700000.0003	0
700000.0003	0
700000.0003	0
700000.0003	0
700000.0003	0
700000.0003	0
700000.0003	0
700000.0003	0
700000.0003	0
700000.0003	0
700000.0003	0
700000.0003	0
700000.0003	0
700000.0003	0
700000.0003	0
700000.0003	0
700000.0003	0
700000.0003	0
700000.0003	0
700000.0003	0
700000.0003	0
700000.0003	0
700000.0003	0
700000.0003	0
700000.0003	0
700000.0003	0
700000.0003	0
700000.0003	0
700000.0003	0
700000.0003	0
700000.0003	0
700000.0003	0
700000.0003	0
700000.0003	0
700000.0003	0
700000.0003	0
700000.0003	0
700000.0003	0
700000.0003	0
700000.0003	0
700000.0003	0
700000.0003	0
700000.0003	0
700000.0003	0
700000.0003	0
700000.0003	0
700000.0003	0
700000.0003	0
700000.0003	0
