700000.0003	2959.95	2960.5	2964.49	2962.39	2960.28	2957.6	2960.55	2957.78	2956.21	2956.18	2955.94	2957.94	2961.25	2961.85	2960.58
700000.0003	1534.44	1537.45	1537.26	1534.95	1537.13	1533.84	1533.05	1535.29	1535.78	1530.27	1531.9	1533.66	1532.67	1533.91	1535.12
700000.0003	194.197	194.525	194.286	194.112	195.135	193.351	193.985	195.638	195.565	193.395	193.203	194.098	192.57	193.825	193.901
700000.0003	31.8794	32.6575	32.1033	32.6234	32.4313	32.3705	32.872	32.9326	31.6552	31.865	32.6298	32.358	32.1482	32.1937	32.1274
700000.0003	19.3294	19.1724	19.1007	19.6093	18.9073	19.6294	19.1597	19.4096	19.4862	19.0188	19.7144	19.2151	19.3434	19.2153	19.2929
700000.0003	16.5493	16.5377	16.752	16.7631	16.5932	16.4513	16.6659	16.7471	16.9395	16.6763	16.4498	16.936	16.8523	16.5374	16.5468
700000.0003	15.5713	15.5526	15.2339	15.2414	15.3479	15.4299	15.3996	15.0823	15.124	15.1146	15.1944	15.387	15.3805	15.3947	15.3842
700000.0003	14.3359	14.2359	14.5799	14.478	14.9127	14.4573	14.644	14.3286	14.4198	14.5161	14.4831	14.8076	14.8515	14.6874	14.9926
700000.0003	14.1581	13.7812	13.8346	13.8548	14.0523	13.9201	13.9097	13.7356	13.9323	13.9286	13.9157	13.6901	14.304	14.1286	14.0205
700000.0003	13.9171	13.9614	13.6096	13.7763	13.2438	13.6823	14.0153	13.4408	13.363	13.5048	13.6963	13.6246	13.5886	14.0652	14.019
700000.0003	13.3054	14.1311	13.6583	13.7749	13.7913	13.2116	13.6684	12.9295	13.2376	13.4918	13.4817	13.6663	13.4741	13.6149	13.5277
700000.0003	13.4167	13.4277	13.6702	13.3782	13.2135	13.3987	13.172	13.347	13.6759	13.2755	13.2237	13.1185	13.1908	12.9974	13.599
700000.0003	13.4882	13.1671	13.3428	13.428	13.5461	13.201	13.0503	13.3782	13.5025	13.156	13.1313	12.9817	13.0705	13.3393	13.0773
700000.0003	13.0075	13.3495	13.3847	13.4406	13.2461	13.1423	13.116	13.5167	13.0732	13.162	13.3752	13.1913	12.9722	13.0947	13.1515
700000.0003	13.7932	13.3701	13.3133	13.5133	13.2676	13.6001	13.3762	13.5788	13.5985	13.3637	13.39	13.3635	13.5108	13.065	13.4086
700000.0003	14.3072	14.279	13.9698	13.8409	13.9904	14.011	14.0826	14.1088	14.1108	14.0523	14.0178	13.5875	14.1861	14.2699	14.3331
700000.0003	15.3112	15.0677	15.1413	15.0195	15.1732	15.4077	14.871	15.3985	14.9604	14.8714	15.0267	15.3723	15.1428	15.3332	15.1465
700000.0003	16.7451	16.9457	16.6184	17.0991	16.8457	17.1347	16.9972	16.9931	16.994	16.76	17.1521	17.0676	16.8326	16.8132	17.266
700000.0003	19.7866	19.7842	19.2526	20.0813	20.0192	19.9577	19.8877	19.6345	19.82	19.7088	19.7658	19.814	19.6114	19.5257	19.9443
700000.0003	23.7979	23.7582	24.0013	24.1423	24.1808	23.9696	24.1871	24.0587	23.6019	24.0245	23.8969	23.7889	23.9052	24.0854	23.7783
700000.0003	30.7955	30.3903	30.7266	30.9433	30.8808	30.5831	30.5033	30.5289	30.8473	31.1116	30.5904	30.9624	30.8455	30.3276	30.4667
700000.0003	42.162	42.0638	42.3127	42.3293	42.148	41.6164	41.5424	41.9364	42.1148	42.2289	41.7358	41.9711	41.8177	41.6862	41.7439
700000.0003	67.2866	67.3539	67.2282	67.7452	67.3592	66.9008	67.0491	67.6168	67.771	67.2904	67.0374	67.8716	67.48	67.4356	67.7149
700000.0003	155.474	155.1	155.48	155.453	155.737	155.795	155.909	155.114	154.256	154.345	155.176	155.314	155.946	155.193	154.82
700000.0003	515.959	516.214	517.997	516.18	516.031	513.807	514.602	514.818	513.808	513.182	514.484	515.925	514.545	515.938	515.998
700000.0003	1363.18	1364.13	1363.46	1365.02	1362.05	1358.1	1361.52	1359.5	1360.42	1359.29	1358.11	1360.5	1360.76	1361.47	1362.16
700000.0003	2202.19	2203.65	2203.48	2203.96	2200.53	2201.54	2200.31	2199.26	2200.93	2200.09	2199.42	2198.24	2200.39	2201.41	2201.33
700000.0003	2644.89	2644.65	2645.04	2643.15	2642.38	2641.45	2640.79	2641.64	2639.87	2639.07	2636.91	2641.48	2642.61	2642.71	2640.78
700000.0003	2791.66	2789.14	2791.52	2789.98	2790.5	2789.1	2787.43	2787.32	2786.85	2784.71	2784.48	2788.83	2786.46	2789.85	2791.68
700000.0003	2835.93	2838.89	2839.02	2837.34	2836.42	2836.45	2835.65	2833.56	2832.68	2832.42	2834.79	2835.79	2835.35	2834.5	2837.67
700000.0003	2865	2869.61	2866.77	2863.87	2867.23	2866.9	2865.2	2861.23	2863.56	2863.24	2865.06	2863.19	2866.87	2865.7	2869.14
700000.0003	2897.69	2895.14	2894.11	2894.31	2894.51	2892.2	2892.06	2891.2	2891.79	2890.95	2889.85	2893.93	2892.55	2893.66	2892.63
700000.0003	2924.17	2921.46	2919.93	2921.18	2921.84	2918.62	2921.39	2921.64	2919.31	2916.34	2920.46	2921.34	2920.24	2918.64	2922.77
700000.0003	2948.3	2946.47	2950.5	2953.52	2945.12	2942.51	2949.5	2951.26	2945.47	2942.41	2947.95	2948.08	2947.02	2945.51	2950.44
700000.0003	2976.62	2972.11	2974.42	2979.11	2974.98	2972.65	2974.11	2976.3	2971.24	2970.35	2977.23	2971.94	2969.46	2974.67	2978.35
700000.0003	3001.46	3005.58	3004.38	2999.05	3000.34	3001.15	3001.97	3001.69	2997.55	2999.47	3001.71	3001.35	3000.93	2996.72	2998.77
700000.0003	3027	3032.04	3028.89	3026.46	3027.06	3029.22	3024.62	3026.39	3030.03	3027.06	3022.11	3023.86	3031.6	3029.13	3024.25
700000.0003	3054.73	3058.87	3054.65	3050.77	3055.49	3057.14	3053.35	3047.31	3052.06	3053.79	3052.15	3052.22	3054.98	3051.16	3052.14
700000.0003	3077.4	3082.53	3082.32	3076.84	3077.46	3081.65	3080.67	3074.38	3076.93	3076.45	3075.55	3078.77	3080.9	3080.08	3078.32
700000.0003	3096.19	3097.72	3100.91	3100.97	3096.46	3100.12	3094.48	3094.09	3093.95	3097.78	3094.66	3095.06	3097.11	3102.03	3097.69
700000.0003	0.90431	0.0203687	-0.0230489	-1.35348	0.534373	-0.622853	1.45789	0.777866	-0.99574	0.370681	1.00236	-0.516576	-0.0244353	-0.346265	0.890313
700000.0003	-1.65025	-0.22556	-0.409158	-0.937075	-0.045742	0.719333	0.290638	1.07537	-0.158023	-0.685525	0.133313	-0.97186	0.115147	0.110357	-0.547154
700000.0003	0.0823742	0.28362	0.500479	0.320461	-0.114946	-0.281915	-0.139347	-0.370641	-0.277022	0.211028	-0.141547	-0.104885	-0.103046	0.375492	-0.483575
700000.0003	0.137088	0.0102701	0.117162	-0.199761	-0.0414964	-0.0196356	-0.269143	0.142925	0.109018	-0.221595	0.101988	0.121825	-0.219992	-0.149238	-0.0304884
700000.0003	-0.20659	0.179859	-0.155823	-0.0847504	-0.0906077	0.216865	0.0506967	0.233504	-0.0365162	-0.214778	0.282464	-4.83004e-06	0.000216995	-0.149856	0.141947
700000.0003	-0.0889749	-0.116461	-0.136676	0.109477	0.118196	-0.160053	0.0381184	0.0716124	0.2297	0.139296	0.0276385	0.0876541	0.050683	0.0152701	-0.00334024
700000.0003	-0.0154018	0.0240167	-0.149363	0.0281881	-0.0878139	0.131572	0.115714	0.148014	-0.0548039	0.106444	-0.0178225	-0.0369648	0.096138	0.148396	-0.0910537
700000.0003	0.135523	0.191477	-0.0466136	-0.00786383	-0.0253794	-0.0608079	0.19264	0.0520674	0.143627	0.107295	-0.0733696	0.0495999	0.0641807	-0.0731128	-0.0585864
700000.0003	0.0753466	-0.0107153	0.00504653	-0.0412239	0.00550562	-0.0478624	-0.0395424	0.0140276	0.0518121	0.0740301	-0.0814541	-0.220151	-0.143134	0.164193	-0.0383976
700000.0003	-0.175834	0.0968051	0.162259	-0.122414	0.00443318	0.07314	0.0353955	0.331273	0.0082894	-0.0136927	0.119198	-0.0160351	0.0254476	0.20853	0.149297
700000.0003	0.00585115	0.0611324	0.0117107	-0.114207	-0.00469264	-0.153607	0.0260152	0.0856773	0.0181066	-0.033592	0.0157728	-0.0148717	-0.0117176	-0.0120844	-0.0777784
700000.0003	0.0452169	-0.0792697	0.0238978	0.0240205	0.00483395	-0.0982149	0.0408159	-0.0876772	-0.0419809	-0.191133	0.0573879	0.103739	-0.166193	-0.111396	-0.00157987
700000.0003	-0.109816	-0.0832956	0.00178634	0.119067	-0.0808918	-0.100669	0.0399554	0.0370592	0.0932096	0.101961	0.0408988	-0.0149265	-0.0137955	-0.0351299	-0.1585
700000.0003	0.134866	-0.0126427	0.0504225	0.0485927	0.0784651	-0.0633866	0.0567223	-0.04632	0.117619	-0.0920472	-0.0932837	0.122686	-0.00237905	-0.00268932	0.00501936
700000.0003	0.00173519	-0.106747	-0.104748	-0.00569823	-0.0508046	-0.0751787	0.0205385	-0.0337487	0.004401	-0.0553915	-0.0314813	0.212615	0.0842125	-0.249689	-0.0882404
700000.0003	-0.0382308	-0.121659	0.0768331	-0.151532	0.0146984	-0.158509	0.135341	0.156953	-0.0487755	-0.00215977	0.173192	0.0488456	-0.0476124	-0.0248787	-0.00156132
700000.0003	-0.131528	0.0064869	-0.0220809	-0.155042	-0.0775098	0.175218	0.0363078	0.0128531	0.0696453	0.336205	0.0266863	0.119712	-0.0345447	-0.13025	-0.109638
700000.0003	0.0488661	0.110484	0.00141245	-0.107646	0.138353	0.0382243	0.0660259	-0.0346684	0.0862113	0.0492848	-0.0902783	0.0618593	0.107671	0.004253	-0.311314
700000.0003	0.0123369	-0.0141622	-0.0452656	0.0260874	0.245994	0.0652019	0.00867797	0.0948057	0.00901158	-0.149772	0.294973	-0.0034732	0.026314	-0.0338733	-0.0485421
700000.0003	-0.00165946	0.143146	-0.00361601	-0.0312965	-0.0587933	-0.0230987	0.037187	-0.0207152	-0.288418	-0.000382099	-0.143981	0.102173	-0.0198509	0.0402075	-0.00717865
700000.0003	0.285602	-0.306198	0.0247546	-0.0395001	-0.022648	0.368691	-0.119074	0.149767	-0.0837517	-0.0901144	0.16207	0.0593675	-0.00232311	0.00113597	-0.166633
700000.0003	-0.224038	-0.364424	0.292611	-0.120121	-0.0255883	0.0369992	0.145712	-0.316441	0.237559	-0.255947	0.0659117	-0.178262	0.169797	0.020422	-0.0325062
700000.0003	-0.0648791	-0.0477722	-0.131045	-0.0469934	0.503307	0.0405414	-0.254426	-0.0348607	0.319947	-0.335291	0.0806785	-0.144322	0.0173543	-0.122277	-0.0540016
700000.0003	0.000191868	-0.164746	-0.258483	-0.500742	0.459793	0.00382025	-0.0787547	0.150256	-0.135054	0.136238	0.260973	-0.190686	-0.259956	0.142353	-0.303049
700000.0003	-0.21324	0.207977	0.16276	0.0701701	-0.582059	0.567405	-0.242953	-0.36914	0.2824	-0.573357	-0.218903	0.210831	-0.536648	0.430398	-0.70923
700000.0003	-0.0325284	-0.0755558	-0.422565	0.419429	0.170372	0.0550537	0.355837	-0.865044	-0.150861	-0.285121	-0.606366	-0.17665	0.196306	-0.0748374	0.261324
700000.0003	-1.14153	-0.331439	0.775301	-0.643965	-0.113615	0.15526	0.403913	0.454518	-0.138224	-0.293372	-0.569316	0.871366	0.0753176	1.95795	0.627245
700000.0003	-0.291595	0.148229	-0.660771	0.982515	-0.261785	-1.3341	-0.877528	-1.3395	0.154317	-0.516037	0.31243	-0.678072	-0.35027	0.607023	-0.449127
700000.0003	-0.169148	0.196745	0.438214	-0.642708	-0.168708	1.18566	-0.325574	-0.418005	0.504417	-0.249382	-0.964421	-0.797963	0.127131	-0.78585	0.278318
700000.0003	0.370174	0.369403	-0.240213	-0.421947	0.542232	0.562564	-0.0802895	0.370861	-0.275495	-0.0192598	0.0754978	-0.328881	-0.158025	0.189949	-0.820388
700000.0003	-0.41772	-0.45043	-0.248451	0.97861	0.0745517	0.830049	0.337591	0.0985801	-0.61268	-0.312013	-0.742221	0.198579	-0.366079	0.114691	-0.0250939
700000.0003	-0.927686	-0.0250478	0.167495	-0.157027	0.528643	0.557344	1.20819	-0.527995	-0.835022	-0.740806	-0.353188	-0.518555	-0.59227	0.0242303	-0.580603
700000.0003	0.280442	0.451152	0.0129761	-0.545632	-0.262006	0.117859	-0.133129	-0.878104	-1.13974	-0.485913	0.244098	-0.523507	0.184946	-0.431223	-0.377064
700000.0003	-1.16822	0.155031	0.667216	-0.101133	-0.628181	-0.622557	-1.09148	-0.507005	-0.39013	-0.042857	-1.33919	-0.512635	0.753146	0.0111136	-0.421957
700000.0003	1.20421	0.0320637	-0.804963	-0.178982	0.721	-0.939087	-1.57424	-1.5683	-0.737102	-0.313222	-0.504481	0.0183264	-0.781072	-1.13261	0.28279
700000.0003	1.02082	-0.00440181	-0.237304	-0.164118	-0.297732	-0.652999	-0.59523	-0.0685049	-1.40114	-2.26319	-0.278048	1.36778	-0.52435	-1.33602	-0.647591
700000.0003	-0.366702	-1.49154	-0.156531	-0.164546	-0.51475	0.163532	-1.18469	-1.07623	0.25276	0.118886	0.232474	-0.957479	-0.988308	0.373362	0.378208
700000.0003	-0.317807	0.427433	-0.418875	-0.74086	-0.115184	-0.2952	-1.43656	-1.40733	-1.25772	-0.280612	0.381572	1.38612	0.418859	-0.702232	-0.797579
700000.0003	-0.683048	1.19385	0.976344	-0.648694	-1.295	-1.48457	-0.862983	-0.0397632	-0.371356	-0.207799	-0.012718	0.095656	0.968969	0.0977518	-0.58061
700000.0003	0.544555	-0.433141	0.692641	0.657685	-1.26587	-1.50007	1.28135	-0.519027	-0.339821	0.416162	1.184	0.962229	-0.035987	-0.0867435	-0.116564
700000.0003	2912.41	2913.34	2914.28	2914.38	2915.14	2911.95	2912.05	2911.73	2907.27	2906.64	2910.52	2911.66	2912.29	2912.74	2912.32
700000.0003	1605.94	1607.27	1610.72	1607.92	1607.45	1606.11	1606.72	1607.85	1606.24	1604.11	1605.34	1606.29	1605.75	1607.19	1606.65
700000.0003	174.271	174.276	174.812	174.414	175.476	173.374	174.208	175.895	175.661	174.111	173.966	173.774	172.968	174.049	174.304
700000.0003	28.2836	28.208	28.7287	28.4473	28.5689	28.8702	28.5614	28.7036	27.7499	27.9208	28.0214	28.6465	28.3855	28.155	28.0474
700000.0003	18.2627	18.235	18.1738	18.6922	18.2758	19.0087	17.9982	18.1281	18.6167	18.0863	18.335	18.0919	18.8044	18.2696	18.1949
700000.0003	16.2392	16.2358	16.1288	16.2981	16.3287	16.1012	16.0106	16.1189	15.9423	15.9949	15.9191	16.2651	16.1465	16.1726	16.1393
700000.0003	15.323	15.0196	14.9387	14.8987	14.7761	15.0875	14.9371	15.1581	15.0839	14.878	14.7005	15.0518	15.2527	15.1687	15.247
700000.0003	14.1386	13.7883	14.1317	14.4036	14.5503	14.3483	14.4501	13.9504	14.3944	14.0226	14.1414	14.3213	14.2458	14.5843	14.4789
700000.0003	13.9034	13.9198	13.7599	13.8177	13.7351	13.6058	13.9184	13.8659	13.6568	13.7487	13.9343	14.0178	14.0145	13.9117	13.7868
700000.0003	13.5936	13.9675	13.5931	13.7747	13.3699	14.0052	13.7701	13.5833	13.6449	13.7441	13.4607	13.3969	13.5962	13.5579	13.9839
700000.0003	13.3891	13.6127	13.5608	13.8746	13.529	13.5623	13.4971	13.1717	13.1295	13.2112	13.2499	13.6047	13.5054	13.734	13.3262
700000.0003	13.3252	13.6069	13.5133	13.1374	12.9233	13.3539	13.3215	13.2318	13.0868	13.3358	13.2028	13.1578	13.573	13.4358	13.4436
700000.0003	13.1389	12.9267	13.1046	13.2642	13.2555	13.0704	13.2504	13.4616	13.3733	13.3304	13.2184	13.0082	13.1222	13.0314	13.4535
700000.0003	12.8777	13.5637	13.1416	13.537	13.49	13.4385	13.0364	13.2977	13.2148	13.1381	13.0555	13.2391	13.0308	13.252	13.5587
700000.0003	13.7617	13.2797	13.1476	13.355	13.5365	13.2658	13.393	13.6319	13.2097	13.2724	13.3013	13.2204	13.2375	13.2352	13.5589
700000.0003	14.2891	14.0903	13.882	13.7994	13.9457	13.9297	13.9781	14.151	14.4741	13.9235	13.8029	14.0672	14.1076	14.1049	14.4061
700000.0003	15.0597	14.9949	15.2475	15.1216	15.0509	15.498	14.7515	15.4135	15.3246	14.7969	14.867	15.3386	15.1942	15.2027	15.0207
700000.0003	16.6828	16.829	16.733	17.1631	16.7256	17.0229	17.0214	16.704	17.045	17.0074	17.1851	17.3222	17.0478	16.9353	16.8954
700000.0003	19.6174	19.8395	19.4695	19.5926	19.9281	19.9581	19.949	19.4004	19.8654	19.7427	19.5301	19.5392	19.4126	19.7773	19.6532
700000.0003	23.3991	23.787	23.8951	23.7575	23.9047	23.9438	24.3227	23.9215	23.4051	24.0013	23.9028	23.7085	23.6834	23.4969	23.6601
700000.0003	30.8028	30.3094	30.2587	30.1295	30.6642	30.2506	30.3543	30.3199	30.46	30.6617	30.342	30.4015	30.507	29.9099	30.5827
700000.0003	41.7542	41.7246	42.0558	41.9791	41.5463	40.9426	41.0665	42.2554	42.0244	41.7897	41.8543	41.6629	41.7199	41.3166	41.0968
700000.0003	66.6438	65.8523	66.2479	66.49	66.9518	66.7998	66.5307	66.2802	66.9976	66.4496	66.448	66.1106	66.1369	67.0501	67.2173
700000.0003	152.539	152.918	153.173	152.423	152.988	152.868	152.264	153.082	151.732	152.098	151.711	151.883	152.333	152.492	152.615
700000.0003	519.813	520.804	522.808	520.882	519.526	518.398	518.337	518.366	517.76	517.427	518.445	520.114	520.654	520.435	519.978
700000.0003	1364.93	1365.49	1363.8	1365.5	1364.87	1361.16	1361.32	1362.86	1362.02	1360.47	1359.86	1362.21	1363.19	1361.75	1360.81
700000.0003	2153.86	2155.15	2155.5	2158.28	2152.75	2155.11	2155.05	2153.96	2152.21	2150.19	2152.96	2150.05	2151.62	2152.45	2154.38
700000.0003	2588.1	2585.6	2586.07	2586.2	2586.49	2584.55	2583.83	2582.27	2583.35	2583.51	2581.39	2585.08	2586.85	2588.33	2583.84
700000.0003	2780.56	2779.99	2782.77	2778.72	2780.25	2778.74	2778.58	2777.77	2776.66	2778.63	2777.44	2779.41	2778.14	2778.48	2779.6
700000.0003	2865.24	2866.98	2868.54	2866.96	2865.34	2865.28	2865.69	2866.53	2864.17	2865.29	2866.61	2865.34	2865.59	2865.94	2867.23
700000.0003	2905.65	2908.49	2905.17	2905.26	2908.36	2905.6	2905.28	2903.68	2905.5	2904.66	2907.33	2904.76	2906.25	2905.74	2909.61
700000.0003	2929.94	2931.72	2932.06	2930.67	2932.77	2932.19	2931.99	2932.47	2933.64	2931.97	2929.9	2931.19	2931.32	2931.96	2930.79
700000.0003	2953.65	2953.83	2952.76	2952.47	2952.29	2955.1	2954.74	2953.65	2955.1	2955.42	2952.79	2955.13	2951.97	2954.48	2951.46
700000.0003	2975.32	2971.62	2973.98	2973.02	2968.76	2973.41	2971.58	2973.2	2971.16	2972.93	2973.98	2972.49	2973.77	2972.19	2972.55
700000.0003	2990.46	2989.17	2987.78	2993.21	2991.18	2990.63	2987.37	2989.31	2988.85	2988.37	2989.39	2989.01	2988.32	2992.99	2992.45
700000.0003	3007.22	3005.94	3006.5	3006.9	3008.32	3004.6	3008.9	3008.14	3006.46	3006.51	3007.92	3006.23	3007.04	3003.82	3006.56
700000.0003	3022.5	3024.37	3023.57	3024.86	3021.57	3021.93	3026.28	3024.87	3024.86	3024.15	3025	3026.1	3024.2	3023.78	3023.03
700000.0003	3045.22	3044.11	3043.85	3042.98	3044.63	3043.85	3043.42	3043.26	3042.64	3045.4	3043.73	3043.77	3043.62	3044.78	3045.29
700000.0003	3069.7	3071.34	3071.34	3070.55	3070.98	3071.68	3071.8	3068.61	3069.52	3068.11	3067.1	3068.89	3070.11	3069.19	3070.35
700000.0003	3084.07	3084.62	3085.02	3085.27	3084.47	3086.33	3082.12	3083.14	3085.14	3084.23	3082.29	3083.07	3084.49	3083.29	3081.99
