700000.0003	62.6595
700000.0003	113.138
700000.0003	192.878
700000.0003	314.197
700000.0003	479.219
700000.0003	698.972
700000.0003	961.349
700000.0003	1261.05
700000.0003	1590.6
700000.0003	1964.28
700000.0003	2396.62
700000.0003	2854.41
700000.0003	3300.34
700000.0003	3645.06
700000.0003	3802.93
700000.0003	3738.35
700000.0003	3456.9
700000.0003	3052.04
700000.0003	2596.14
700000.0003	2147.41
700000.0003	1727.28
700000.0003	1366.13
700000.0003	1058.38
700000.0003	809.6
700000.0003	615.772
700000.0003	461.972
700000.0003	350.662
700000.0003	262.902
700000.0003	200.737
700000.0003	150.531
700000.0003	114.828
700000.0003	91.3823
700000.0003	69.2055
700000.0003	55.9564
700000.0003	43.9261
700000.0003	32.8654
700000.0003	26.9541
700000.0003	21.9729
700000.0003	17.2327
700000.0003	13.6578
700000.0003	12.7153
700000.0003	9.89054
700000.0003	8.00494
700000.0003	7.55071
700000.0003	7.20822
700000.0003	4.02907
700000.0003	5.08729
700000.0003	5.1444
700000.0003	4.15227
700000.0003	1.75676
700000.0003	3.32447
700000.0003	3.92571
700000.0003	3.87927
700000.0003	0.64265
700000.0003	4.01619
700000.0003	2.79857
700000.0003	2.07937
700000.0003	3.49083
700000.0003	2.76372
700000.0003	1.69031
700000.0003	2.01147
700000.0003	1.58225
700000.0003	0.985017
700000.0003	0.0905139
700000.0003	2.3367
700000.0003	1.51891
700000.0003	1.05963
700000.0003	1.91753
700000.0003	0.801251
700000.0003	1.2476
700000.0003	1.04385
700000.0003	0.460121
700000.0003	0.234954
700000.0003	1.72303
700000.0003	1.92143
700000.0003	1.05457
700000.0003	0.537381
700000.0003	0.577057
700000.0003	0.983773
700000.0003	1.07956
700000.0003	1.47667
700000.0003	1.66564
700000.0003	1.22849
700000.0003	1.05732
700000.0003	0.865915
700000.0003	-0.0370819
700000.0003	-0.197509
700000.0003	-0.2786
700000.0003	-0.172179
700000.0003	0.0391454
700000.0003	0.171545
700000.0003	0.478508
700000.0003	1.04817
700000.0003	0.738657
700000.0003	0.761402
700000.0003	0.427267
700000.0003	0.365821
700000.0003	0.766278
700000.0003	0.594215
700000.0003	-0.528599
700000.0003	-0.0835848
700000.0003	-0.297716
700000.0003	-0.283259
700000.0003	0.643476
700000.0003	0.377486
700000.0003	-0.0900383
700000.0003	0.4053
700000.0003	1.28079
700000.0003	0.896896
700000.0003	-0.00897063
700000.0003	0.248606
700000.0003	0.16431
700000.0003	-0.207467
700000.0003	0.715179
700000.0003	0.110546
700000.0003	0.0259199
700000.0003	0.333783
700000.0003	-0.501994
700000.0003	-0.806872
700000.0003	0.199533
700000.0003	0.501203
700000.0003	0.0424143
700000.0003	1.58134
700000.0003	0.336687
700000.0003	-0.509293
700000.0003	0.870184
700000.0003	-0.678184
700000.0003	-0.0800594
700000.0003	-0.897211
700000.0003	-0.176932
700000.0003	0.109534
700000.0003	0.759408
700000.0003	0.288549
700000.0003	0.34618
700000.0003	0.101079
700000.0003	1.32999
700000.0003	-1.00702
700000.0003	-0.572738
700000.0003	-0.413309
700000.0003	-1.1413
700000.0003	-1.42162
700000.0003	0.215664
700000.0003	0.0842984
700000.0003	0.0277818
700000.0003	-0.327911
700000.0003	-0.730879
700000.0003	-0.0904921
700000.0003	-0.609956
700000.0003	-0.993291
700000.0003	-1.33168
700000.0003	-1.14544
700000.0003	-1.21382
700000.0003	-1.05871
700000.0003	-1.04869
700000.0003	-1.11997
700000.0003	-0.927745
700000.0003	-1.99916
700000.0003	-2.20202
700000.0003	-1.98147
700000.0003	-1.83004
700000.0003	-0.77034
700000.0003	-2.1656
700000.0003	-0.940762
700000.0003	-1.34185
700000.0003	-2.27499
700000.0003	-0.682367
700000.0003	-3.28372
700000.0003	-1.83259
700000.0003	-2.26546
700000.0003	-3.18906
700000.0003	-3.83702
700000.0003	-3.216
700000.0003	-2.77489
700000.0003	-2.93557
700000.0003	-2.74527
700000.0003	-2.96659
700000.0003	-3.06833
700000.0003	-4.44103
700000.0003	-3.84436
700000.0003	-3.34713
700000.0003	-4.77248
700000.0003	-5.41945
700000.0003	-4.94555
700000.0003	-4.98185
700000.0003	-4.87698
700000.0003	-4.89104
700000.0003	-5.08501
700000.0003	-6.12644
700000.0003	-5.13306
700000.0003	-5.06776
700000.0003	-6.27726
700000.0003	-6.91372
700000.0003	-7.09553
700000.0003	-8.03948
700000.0003	-5.85779
700000.0003	-8.23241
700000.0003	-8.92944
700000.0003	-8.5143
700000.0003	-10.2501
700000.0003	-9.68011
700000.0003	-10.9129
700000.0003	-11.0211
700000.0003	-12.4416
700000.0003	-10.2249
700000.0003	-11.303
700000.0003	-10.877
700000.0003	-14.0833
700000.0003	-14.3803
700000.0003	-13.4328
700000.0003	-16.2096
700000.0003	-16.5734
700000.0003	-17.4355
700000.0003	-19.0854
700000.0003	-19.702
700000.0003	-23.9354
700000.0003	-23.721
700000.0003	-23.3388
700000.0003	-26.1198
700000.0003	-30.4193
700000.0003	-33.8541
700000.0003	-35.7696
700000.0003	-40.3242
700000.0003	-43.1624
700000.0003	-48.9547
700000.0003	-53.4903
700000.0003	-60.4874
700000.0003	-67.7536
700000.0003	-77.3843
700000.0003	-88.973
700000.0003	-102.408
700000.0003	-116.518
700000.0003	-134.176
700000.0003	-156.6
700000.0003	-182.048
700000.0003	-212.098
700000.0003	-244.892
700000.0003	-285.991
700000.0003	-335.461
700000.0003	-391.248
700000.0003	-451.175
700000.0003	-522.086
700000.0003	-597.628
700000.0003	-681.637
700000.0003	-774.925
700000.0003	-864.676
700000.0003	-964.335
700000.0003	-1067.16
700000.0003	-1162.81
700000.0003	-1250.44
700000.0003	-1327.24
700000.0003	-1394.94
700000.0003	-1450.98
700000.0003	-1489.75
700000.0003	-1508.16
700000.0003	-1513.58
700000.0003	-1502.08
700000.0003	-1478.3
700000.0003	-1438.61
700000.0003	-1387.23
700000.0003	-1332.37
700000.0003	-1274.32
700000.0003	-1206.75
700000.0003	-1139.57
700000.0003	-1075.36
700000.0003	-1003.95
700000.0003	-936.748
700000.0003	-871.279
700000.0003	-801.703
700000.0003	-736.139
700000.0003	-674.397
700000.0003	-613.148
700000.0003	-550.44
700000.0003	-497.911
700000.0003	-442.698
700000.0003	-394.523
700000.0003	-348.057
700000.0003	-306.976
700000.0003	-268.088
700000.0003	-236.321
700000.0003	-205.617
700000.0003	-179.431
700000.0003	-154.852
700000.0003	-135.663
700000.0003	-120.83
700000.0003	-106.23
700000.0003	-94.8839
700000.0003	-84.8593
700000.0003	-76.0491
700000.0003	-69.2178
700000.0003	-65.1747
700000.0003	-60.9632
700000.0003	-56.967
700000.0003	-53.6191
700000.0003	-52.0686
700000.0003	-49.8765
700000.0003	-48.9282
700000.0003	-46.309
700000.0003	-45.3877
700000.0003	-43.4984
700000.0003	-44.4132
700000.0003	-42.342
700000.0003	-42.5982
700000.0003	-42.3257
700000.0003	-42.2949
700000.0003	-41.6967
700000.0003	-41.9391
700000.0003	-40.4342
700000.0003	-41.698
700000.0003	-40.6345
700000.0003	-40.5586
700000.0003	-42.1415
700000.0003	-41.1813
700000.0003	-41.951
700000.0003	-41.6378
700000.0003	-41.5607
700000.0003	-40.9014
700000.0003	-41.0239
700000.0003	-40.5759
700000.0003	-41.7149
700000.0003	-41.004
700000.0003	-41.8306
700000.0003	-41.6136
700000.0003	-41.9621
700000.0003	-41.1862
700000.0003	-40.9362
700000.0003	-40.4433
700000.0003	-40.6144
700000.0003	-41.4033
700000.0003	-40.2216
700000.0003	-40.18
700000.0003	-40.3356
700000.0003	-40.0227
700000.0003	-40.2541
700000.0003	-41.1469
700000.0003	-39.6748
700000.0003	-39.4377
700000.0003	-40.0368
700000.0003	-40.7208
700000.0003	-39.8749
700000.0003	-39.8909
700000.0003	-39.5318
700000.0003	-39.0911
700000.0003	-40.4119
700000.0003	-39.8633
700000.0003	-40.1415
700000.0003	-39.7905
700000.0003	-40.2284
700000.0003	-40.2085
700000.0003	-39.5395
700000.0003	-40.2203
700000.0003	-39.0087
700000.0003	-39.7506
700000.0003	-39.3544
700000.0003	-40.1235
700000.0003	-39.576
700000.0003	-40.9506
700000.0003	-39.8003
700000.0003	-40.2536
700000.0003	-40.3714
700000.0003	-39.8376
700000.0003	-39.4502
700000.0003	-39.5696
700000.0003	-39.7542
700000.0003	-39.7768
700000.0003	-39.0106
700000.0003	-38.643
700000.0003	-39.7952
700000.0003	-39.9813
700000.0003	-38.4225
700000.0003	-38.8458
700000.0003	-39.2302
700000.0003	-39.0639
700000.0003	-39.0042
700000.0003	-38.4611
700000.0003	-39.172
700000.0003	-39.0918
700000.0003	-39.3414
700000.0003	-39.4172
700000.0003	-38.8382
700000.0003	-37.7916
700000.0003	-38.046
700000.0003	-37.9334
700000.0003	-37.9901
700000.0003	-37.1089
700000.0003	-37.2365
700000.0003	-36.7963
700000.0003	-35.2091
700000.0003	-34.0998
700000.0003	-32.8803
700000.0003	-32.7429
700000.0003	-30.8679
700000.0003	-29.6949
700000.0003	-26.8661
700000.0003	-23.924
700000.0003	-20.1513
700000.0003	-15.1816
700000.0003	-6.44623
700000.0003	4.03577
700000.0003	17.6754
700000.0003	34.8334
700000.0003	0.846574
700000.0003	-0.30979
700000.0003	-0.133661
700000.0003	0.40734
700000.0003	-0.132908
700000.0003	0.542803
700000.0003	1.35373
700000.0003	-1.42467
700000.0003	-0.644524
700000.0003	0.0677111
700000.0003	3.95674
700000.0003	0.967251
700000.0003	0.537501
700000.0003	1.28069
700000.0003	-1.51682
700000.0003	2.39
700000.0003	-2.02482
700000.0003	2.79071
700000.0003	-1.314
700000.0003	-2.21772
700000.0003	-0.79151
700000.0003	-0.484561
700000.0003	-2.25178
700000.0003	-2.20007
700000.0003	1.0864
700000.0003	2.94257
700000.0003	-0.186927
700000.0003	0.336733
700000.0003	0.5557
700000.0003	-0.795205
700000.0003	0.338348
700000.0003	0.129032
700000.0003	-0.89239
700000.0003	2.07598
700000.0003	-0.21001
700000.0003	-1.25193
700000.0003	0.272809
700000.0003	-2.51448
700000.0003	0.207416
700000.0003	-0.188502
700000.0003	0.192721
700000.0003	0.210744
700000.0003	0.603747
700000.0003	1.24462
700000.0003	-0.239993
700000.0003	0.25043
700000.0003	-0.188722
700000.0003	-0.954917
700000.0003	0.526283
700000.0003	-0.188845
700000.0003	-0.375102
700000.0003	0.0149698
700000.0003	0.526875
700000.0003	-0.0671636
700000.0003	-0.663525
700000.0003	0.239951
700000.0003	-1.1042
700000.0003	0.99932
700000.0003	0.863174
700000.0003	0.163535
700000.0003	-0.481294
700000.0003	-0.598815
700000.0003	-1.08858
700000.0003	0.799807
700000.0003	0.0465495
700000.0003	0.102319
700000.0003	-0.171389
700000.0003	0.897645
700000.0003	-0.0398838
700000.0003	0.0525407
700000.0003	-0.620538
700000.0003	0.610346
700000.0003	-0.452121
700000.0003	-0.474973
700000.0003	-0.013268
700000.0003	0.321875
700000.0003	-0.463332
700000.0003	0.0327913
700000.0003	0.227246
700000.0003	0.989975
700000.0003	0.482317
700000.0003	0.0661375
700000.0003	0.390855
700000.0003	-0.76981
700000.0003	-0.456354
700000.0003	0.239095
700000.0003	0.183353
700000.0003	-0.378814
700000.0003	-0.525014
700000.0003	-0.585987
700000.0003	0.112888
700000.0003	-0.213651
700000.0003	0.295717
700000.0003	0.232593
700000.0003	-0.55594
700000.0003	0.602766
700000.0003	0.110129
700000.0003	-0.402868
700000.0003	-0.0840478
700000.0003	0.805224
700000.0003	0.0721934
700000.0003	0.88651
700000.0003	-0.0209779
700000.0003	-0.186275
700000.0003	0.149324
700000.0003	0.00262192
700000.0003	0.41097
700000.0003	-1.26791
700000.0003	-0.335039
700000.0003	0.169243
700000.0003	0.0643101
700000.0003	-0.382891
700000.0003	-0.0772385
700000.0003	1.20133
700000.0003	0.744826
700000.0003	0.19271
700000.0003	-0.0245941
700000.0003	-0.341281
700000.0003	0.260394
700000.0003	-0.89522
700000.0003	0.807635
700000.0003	0.272666
700000.0003	-0.782056
700000.0003	-0.49305
700000.0003	-0.8608
700000.0003	-0.448105
700000.0003	0.94417
700000.0003	0.957562
700000.0003	-1.15924
700000.0003	-0.213712
700000.0003	0.434949
700000.0003	0.0382627
700000.0003	-0.00295416
700000.0003	-0.474964
700000.0003	0.0871538
700000.0003	-0.614311
700000.0003	0.793581
700000.0003	0.549707
700000.0003	-0.729281
700000.0003	1.41976
700000.0003	0.205454
700000.0003	-0.409865
700000.0003	-1.26398
700000.0003	0.394826
700000.0003	0.771939
700000.0003	-0.260375
700000.0003	-0.163849
700000.0003	0.615002
700000.0003	0.77903
700000.0003	-0.485781
700000.0003	-1.18375
700000.0003	-0.244056
700000.0003	0.0772919
700000.0003	-0.412243
700000.0003	0.106117
700000.0003	0.7777
700000.0003	0.653366
700000.0003	-0.536783
700000.0003	-0.371589
700000.0003	0.134123
700000.0003	0.630298
700000.0003	0.0788019
700000.0003	-0.427556
700000.0003	-0.228835
700000.0003	-0.412401
700000.0003	-0.206595
700000.0003	0.289444
700000.0003	-0.44984
700000.0003	0.097794
700000.0003	-0.543542
700000.0003	0.214566
700000.0003	0.0223517
700000.0003	-0.015046
700000.0003	1.25746
700000.0003	0.763287
700000.0003	-0.319283
700000.0003	0.0937696
700000.0003	-1.08141
700000.0003	-0.801398
700000.0003	0.99071
700000.0003	-0.460793
700000.0003	-0.378626
700000.0003	-0.61084
700000.0003	0.907549
700000.0003	0.51039
700000.0003	1.01995
700000.0003	-1.1409
700000.0003	-1.03071
700000.0003	-0.217392
700000.0003	0.392944
700000.0003	1.8205
700000.0003	0.526555
700000.0003	0.213815
700000.0003	-1.00409
700000.0003	0.0521941
700000.0003	-0.177244
700000.0003	-0.490059
700000.0003	-0.66995
700000.0003	0.116717
700000.0003	-0.525962
700000.0003	1.00695
700000.0003	-0.255275
700000.0003	0.375634
700000.0003	-0.150956
700000.0003	-0.835608
700000.0003	1.09492
700000.0003	0.0177986
700000.0003	0.122718
700000.0003	-0.934723
700000.0003	0.207998
700000.0003	0.580553
700000.0003	-0.0210018
700000.0003	0.417117
700000.0003	-0.705072
700000.0003	0.600027
700000.0003	1.0591
700000.0003	0.208811
700000.0003	-1.17841
700000.0003	0.907291
700000.0003	0.47318
700000.0003	1.17749
700000.0003	-1.69281
700000.0003	-1.32194
700000.0003	-1.2231
700000.0003	0.797987
700000.0003	-0.875223
700000.0003	0.331851
700000.0003	1.45495
700000.0003	-0.329905
700000.0003	0.844819
700000.0003	-0.0260823
700000.0003	0.0246659
700000.0003	-0.221699
700000.0003	-1.40557
700000.0003	-0.922087
700000.0003	2.01968
700000.0003	0.733165
700000.0003	2.28548
700000.0003	-0.74432
700000.0003	-2.57158
700000.0003	1.2579
700000.0003	0.320112
700000.0003	-0.855705
700000.0003	-3.14873
700000.0003	2.67361
700000.0003	-0.759663
700000.0003	3.80918
700000.0003	-0.00711774
700000.0003	-0.0459549
700000.0003	0.570298
700000.0003	-1.80309
700000.0003	2.40122
700000.0003	-0.865813
700000.0003	-0.450921
700000.0003	-4.76757
700000.0003	1.53109
700000.0003	1.00872
700000.0003	-2.83179
700000.0003	-0.356712
700000.0003	-0.790991
700000.0003	1.89928
700000.0003	-3.08303
700000.0003	0.469987
700000.0003	1.39109
700000.0003	0.529039
700000.0003	-0.70679
700000.0003	0.0353622
700000.0003	-0.160155
700000.0003	2.66234
700000.0003	0.00548781
700000.0003	1.6021
700000.0003	2.17159
700000.0003	1.31411
700000.0003	0.392105
700000.0003	0.23329
700000.0003	-0.168894
700000.0003	-0.197767
700000.0003	-0.645645
700000.0003	0.120293
700000.0003	-1.32716
700000.0003	-0.721913
700000.0003	-0.871272
700000.0003	-0.195018
700000.0003	0.516087
700000.0003	-0.0770238
700000.0003	-0.637251
700000.0003	-0.199383
700000.0003	-0.31135
700000.0003	-0.584961
700000.0003	0.63592
700000.0003	-1.33267
700000.0003	0.303504
700000.0003	-0.642441
700000.0003	-0.299414
700000.0003	0.1302
700000.0003	0.142311
700000.0003	0.975252
700000.0003	-0.391813
700000.0003	0.25432
700000.0003	0.433744
700000.0003	-0.0609776
700000.0003	-0.353518
700000.0003	-0.850736
700000.0003	-0.379607
700000.0003	0.781638
700000.0003	0.709641
700000.0003	0.808025
700000.0003	0.280433
700000.0003	-0.333927
700000.0003	-0.0701184
700000.0003	0.241423
700000.0003	0.321683
700000.0003	0.327082
700000.0003	-0.466029
700000.0003	1.27448
700000.0003	0.567987
700000.0003	0.464965
700000.0003	-0.697101
700000.0003	0.462489
700000.0003	-0.640428
700000.0003	0.312096
700000.0003	0.0812705
700000.0003	-0.351516
700000.0003	0.0833896
700000.0003	0.158443
700000.0003	0.744217
700000.0003	-0.00583672
700000.0003	-0.51459
700000.0003	-0.165733
700000.0003	0.239813
700000.0003	0.812651
700000.0003	1.03765
700000.0003	-0.605765
700000.0003	0.157849
700000.0003	-0.214617
700000.0003	0.336222
700000.0003	0.333494
700000.0003	0.48926
700000.0003	0.0123408
700000.0003	0.0922048
700000.0003	0.407923
700000.0003	0.303777
700000.0003	-0.129014
700000.0003	-0.266
700000.0003	0.380164
700000.0003	-0.325999
700000.0003	-0.912332
700000.0003	-0.347569
700000.0003	0.521265
700000.0003	0.354432
700000.0003	-0.567336
700000.0003	0.335713
700000.0003	-0.173143
700000.0003	0.752571
700000.0003	0.416465
700000.0003	-0.347869
700000.0003	-0.351084
700000.0003	0.0666532
700000.0003	-0.349096
700000.0003	-1.10486
700000.0003	-0.322665
700000.0003	-0.044869
700000.0003	-0.0254787
700000.0003	0.166617
700000.0003	0.753298
700000.0003	0.181143
700000.0003	0.681916
700000.0003	0.921437
700000.0003	-0.467201
700000.0003	0.114771
700000.0003	-0.506671
700000.0003	0.116235
700000.0003	-0.433737
700000.0003	-0.522746
700000.0003	-0.0425802
700000.0003	-0.812813
700000.0003	-0.702304
700000.0003	0.476651
700000.0003	-0.233735
700000.0003	-0.704395
700000.0003	0.117655
700000.0003	-0.132234
700000.0003	0.342849
700000.0003	0.467956
700000.0003	-1.0086
700000.0003	-0.41356
700000.0003	-0.174167
700000.0003	-0.746963
700000.0003	-0.710807
700000.0003	-0.357602
700000.0003	-0.637161
700000.0003	-0.665885
700000.0003	-0.0253467
700000.0003	0.14267
700000.0003	-0.593123
700000.0003	-1.22242
700000.0003	-0.326577
700000.0003	-0.39593
700000.0003	-0.379319
700000.0003	0.144061
