700000.0003	2960.93	2958.68	2956.67	2961.16	2959.1	2959.25	2955.36	2960.3	2960.69	2956.97	2962.28	2956.14	2957.81	2956.27	2958.41
700000.0003	1535.95	1534.63	1532.17	1535.12	1533.12	1532.94	1533.36	1534.14	1535.04	1533.17	1533.68	1534.68	1534.35	1529.38	1532.33
700000.0003	193.526	195.162	195.276	193.232	194.321	194.298	194.406	194.3	194.788	193.739	195.057	193.865	193.664	193.807	193.085
700000.0003	32.1627	32.1768	31.9512	32.2962	31.8385	32.417	32.3456	32.3269	32.5762	32.1208	31.8585	32.5559	31.895	32.3528	32.0237
700000.0003	19.0858	19.2394	18.9075	19.1774	19.2486	19.5737	19.5918	19.361	19.6453	19.2208	19.7582	19.2899	19.0583	19.2373	19.107
700000.0003	16.4438	16.9518	16.9409	16.8155	16.8791	17.0024	16.6457	16.4336	16.5553	16.835	16.9113	16.9045	16.5025	17.2332	16.5113
700000.0003	15.5281	15.398	15.5786	15.3655	15.0073	14.8437	15.3944	15.2017	15.4687	15.2923	15.0987	15.611	15.4098	15.2003	15.3527
700000.0003	14.2054	14.7417	14.6536	14.3542	14.5138	14.3173	14.0989	14.7265	14.4505	14.4778	14.4496	14.2677	14.7503	14.6986	14.1354
700000.0003	13.8945	14.1365	14.0666	14.1241	13.8825	13.9777	14.6788	14.1811	14.0744	13.8533	13.7103	13.6061	14.2079	14.3924	14.1062
700000.0003	13.5837	13.8204	13.5032	14.1029	13.8399	13.9143	13.8972	13.8817	13.7755	13.512	13.6828	14.1154	13.8754	13.447	14.2014
700000.0003	13.3937	13.5754	13.6472	13.4304	13.7192	13.7795	13.5429	13.1236	13.4525	13.5847	13.7817	13.7171	13.6758	13.5106	13.4015
700000.0003	13.4217	13.2369	13.4497	13.307	13.4838	13.2656	13.4732	13.35	13.3044	12.9836	13.8053	13.2383	13.0613	13.7153	13.2142
700000.0003	13.4219	13.3348	13.263	13.3853	13.2405	13.097	13.3359	13.0493	13.3364	13.0871	13.1792	13.5191	13.3693	13.1049	13.0327
700000.0003	13.2494	13.2956	13.3681	13.269	13.4371	13.1105	13.5725	13.1221	13.2678	13.2182	13.2852	13.0533	13.0263	13.1366	12.9746
700000.0003	13.3985	13.5925	13.8166	13.0641	13.1262	13.4553	13.2867	13.1068	13.5278	13.1976	13.476	13.0281	13.0565	13.379	13.0934
700000.0003	13.9495	14.039	14.014	14.3146	13.8092	13.9952	14.2281	14.0147	13.9068	13.5753	14.1321	13.7369	13.6284	13.6776	13.9897
700000.0003	15.4567	15.1269	15.2958	15.0466	15.1206	14.9406	15.1328	15.5129	15.1989	14.9161	15.1308	14.9233	15.0117	15.3096	15.4353
700000.0003	17.1192	17.043	17.1391	17.0957	17.2095	17.0988	16.5929	16.8911	16.6485	17.0056	16.367	16.9043	16.9309	17.0726	17.0486
700000.0003	19.6633	19.9015	20.1355	19.8963	19.7254	19.5899	19.4788	19.8445	19.6011	19.8999	19.9033	19.5142	19.9026	19.8228	19.7913
700000.0003	24.2176	23.7419	24.3426	24.2696	23.8792	23.8428	24.2682	23.8406	24.0199	24.1213	23.8363	24.0249	24.5463	23.8276	23.7525
700000.0003	30.1481	30.8662	30.4531	30.7845	30.6842	30.8176	30.6834	30.4541	30.6221	30.947	30.6939	30.7493	30.6197	30.6616	30.5311
700000.0003	42.2179	42.1335	42.4334	42.32	41.4991	42.1027	41.701	42.0613	42.1498	42.0593	42.5	42.6678	42.236	41.6313	41.8772
700000.0003	67.7476	67.2577	67.7125	67.196	67.5953	67.0133	66.8314	67.0757	67.1931	67.7765	67.5808	66.9012	67.5865	67.1569	67.6331
700000.0003	155.789	155.515	154.046	155.633	155.298	155.423	154.847	155.429	155.495	156.259	155.691	155.775	155.422	155.191	155.11
700000.0003	517.408	514.54	514.148	516.823	516.035	515.174	513.512	516.212	516.218	516.596	515.752	516.004	516.611	514.316	515.652
700000.0003	1362.63	1361.18	1360.86	1360.25	1362.05	1361.82	1361.83	1362.29	1362.97	1361.97	1362.93	1362.1	1360.96	1360.37	1362.95
700000.0003	2203.24	2201.72	2200.02	2200.13	2202.04	2202.9	2198.29	2202.74	2201.98	2204.31	2201.47	2201.09	2200.16	2202.31	2201.3
700000.0003	2642.65	2640.9	2636.62	2640.52	2640.74	2642.33	2641.73	2643.59	2643.15	2642.7	2644.07	2642.48	2640.89	2640.33	2642.37
700000.0003	2791.37	2788.02	2783.89	2788.07	2789.25	2787.31	2784.78	2790.31	2792.45	2790.14	2789.33	2789.76	2788.94	2785.42	2787.5
700000.0003	2838.95	2831.21	2833.81	2837.82	2837.7	2831.83	2831.69	2841.35	2840.81	2833.92	2833.86	2838.77	2835.69	2832.45	2837.11
700000.0003	2867.24	2865.38	2863.7	2864.6	2866.62	2864.29	2867.33	2866.03	2865.59	2863.31	2866.54	2867.88	2863.5	2863.35	2864.43
700000.0003	2893.04	2890.78	2893.73	2891.46	2892.95	2893.59	2893.25	2893.66	2892.8	2896.1	2890.71	2892.01	2891.34	2894.35	2894.43
700000.0003	2920.57	2921.51	2918.09	2920.42	2919.14	2922	2919.55	2920.76	2919.83	2922.3	2917.73	2919.27	2920.94	2920.18	2920.48
700000.0003	2951.25	2946.91	2944.63	2945.77	2948.29	2948.27	2944.46	2948.33	2948.48	2944.57	2945.48	2949.77	2948.92	2947.41	2943.9
700000.0003	2978.22	2973.14	2970.45	2973.23	2976.95	2972.83	2969.3	2977.78	2975.79	2972.77	2970.26	2976.08	2973.6	2973.33	2977.77
700000.0003	3003.06	2998.77	3000.24	3000.75	3002.24	2997.99	2999.07	3004.2	2999.85	2997.57	3001.43	3001.7	3002.5	2999.14	3003.75
700000.0003	3028.93	3026.91	3026.2	3027.29	3024.69	3024.72	3028.64	3029.03	3029.15	3025.22	3026.67	3027.1	3026.71	3027.69	3029.44
700000.0003	3052.67	3052.5	3052.94	3053.92	3053.11	3052	3052.7	3053.13	3053.59	3053.52	3056.32	3050.84	3054.57	3055.66	3053.72
700000.0003	3079.25	3078.2	3078.83	3079.68	3078.39	3075.73	3078.02	3079.09	3078.74	3077.75	3083.19	3077.16	3075.21	3078.19	3081.1
700000.0003	3097.75	3097.57	3096.8	3096.63	3097.44	3095.66	3094.28	3100.49	3096.77	3096.99	3098.27	3097.77	3095.72	3093.75	3098.66
700000.0003	1.02928	-0.759131	0.334198	-0.374105	-0.312013	0.238131	0.061723	-0.849821	-0.0470647	-1.36553	-0.084395	-0.226188	0.291978	1.6447	0.391218
700000.0003	0.0897624	0.211398	-0.49951	-0.700405	1.37537	0.309078	-0.164629	0.215345	0.57977	-0.216071	-0.216831	0.452495	1.14199	-1.67444	0.188265
700000.0003	-0.0960442	-0.350992	-0.0878	0.120579	0.0544721	0.2026	-0.472389	0.632424	-0.0682992	0.194854	0.1629	0.0876946	-0.219487	-0.129443	-0.145004
700000.0003	0.0776966	0.26504	-0.145775	-0.137082	-0.0590732	-0.0783517	-0.0398804	0.146112	0.0580539	0.0491837	-0.0679022	-0.0808913	-0.170813	0.227065	0.118061
700000.0003	0.0117262	0.182826	-0.033772	-0.169808	0.215903	-0.0307193	-0.105232	-0.1158	0.0112467	0.31427	0.224547	0.0530437	0.0904021	0.080191	-0.00889558
700000.0003	0.0017718	-0.100128	-0.160403	-0.122066	-0.0471388	0.0911329	0.0390653	0.216782	-0.088099	0.123518	0.152929	0.00394017	-0.0231567	0.105557	0.0313038
700000.0003	0.0590172	-0.0346186	-0.0462908	-0.176007	0.00302289	-0.0864426	-0.102127	-0.0870787	0.306238	0.102404	-0.00312766	0.0349546	-0.203178	0.0031515	0.0103689
700000.0003	0.0850242	0.275745	-0.0171623	0.196882	0.147611	-0.133701	-0.113084	-0.160132	-0.0187911	0.215179	0.0533074	-0.118357	0.0688897	0.112867	-0.0995756
700000.0003	-0.033761	-0.0767603	-0.0440599	0.0811406	-0.0793602	0.10095	-0.0572057	-0.0570446	-0.109253	-0.0981784	-0.00203281	0.0683555	0.165291	-0.015765	-0.0422881
700000.0003	-0.0653501	-0.0137481	-0.00290688	0.0930451	-0.0376087	0.0871435	0.0691481	-0.152854	0.0954098	0.0420689	-0.121007	0.0118708	0.0533813	0.0971964	0.0312619
700000.0003	0.0355044	0.00813027	-0.0438247	0.134134	-0.020072	-0.0475047	-0.126403	-0.258715	-0.023193	0.0694334	0.142144	-0.119637	0.0625997	0.0420962	0.014478
700000.0003	0.176406	-0.00305716	0.00928704	0.103279	-0.082125	-0.0357206	0.067865	0.117366	0.0147445	-0.0398255	-0.251913	0.0727069	-0.0665527	0.0663076	-0.0364504
700000.0003	0.174907	-0.107167	-0.209626	-0.265937	-0.138211	0.0548402	-0.100031	-0.0052153	0.178885	0.059407	0.20928	0.0199573	0.184615	0.0275985	-0.0438304
700000.0003	0.0541936	0.115761	-0.0810069	-0.105671	0.208691	-0.176907	-0.0283333	-0.0713131	0.106176	0.199339	-0.0992303	-0.0452775	0.0718123	-0.106106	-0.16684
700000.0003	0.125858	0.0713744	-0.0451572	0.0857861	-0.0385512	0.00679843	-0.0334952	0.162747	-0.0629634	-0.115267	-0.0905362	-0.198473	-0.115568	0.0414124	0.0493244
700000.0003	0.143375	0.0374859	0.026069	0.0136623	-0.156066	-0.0404059	-0.0160165	-0.0374336	0.131561	-0.0898502	-0.0843488	0.0906501	-0.250823	0.00133879	0.109185
700000.0003	0.0776891	0.123913	0.0613077	-0.0539976	-0.0219711	-0.0913304	0.039329	-0.0515427	0.0582796	0.091416	-0.0983261	-0.125076	0.218261	-0.240249	-0.0466735
700000.0003	0.00721817	-0.0688989	0.0988031	0.0571612	0.0586517	-0.0205934	-0.0276309	0.0230639	0.0540881	0.0969235	-0.108709	-0.00387531	0.0911065	0.0700838	-0.121152
700000.0003	0.124211	0.236338	0.0693671	0.170636	-0.0161869	-0.105621	0.113919	0.136959	-0.0305372	0.236356	-0.0042239	0.102959	0.1383	0.0223846	0.218649
700000.0003	0.273114	0.000182332	0.1127	-0.0171334	0.0439848	-0.0958353	0.0341409	0.0526539	0.0932228	0.0679273	0.151548	-0.0486609	-0.0968984	-0.00610122	-0.0721316
700000.0003	0.197014	-0.0110866	-0.24204	0.174003	0.105188	-0.0157205	0.0527344	-0.033235	-0.0291761	0.0536588	0.136377	0.0542426	-0.00653503	0.141266	-0.0790473
700000.0003	0.205006	0.266923	0.208309	0.0188025	0.149314	0.0982027	-0.0563583	0.213897	0.02967	0.214044	0.280056	-0.116161	-0.0114549	0.156752	0.0932695
700000.0003	-0.346341	0.149289	-0.101279	0.0240408	0.0340436	-0.151781	0.0797314	0.221492	0.113342	0.163088	-0.251121	0.448704	-0.086343	-0.074311	0.184653
700000.0003	0.0877046	0.208745	0.260873	-0.530812	-0.273068	0.259231	0.237629	-0.296319	0.189276	0.189638	-0.0591841	0.0622047	-0.111995	-0.184947	0.0293657
700000.0003	-0.21106	-0.4283	0.541934	0.320289	-0.759828	0.811479	-0.751064	0.460707	-0.284516	-0.341493	-0.176068	0.129805	-0.416404	-0.00949558	0.279606
700000.0003	-0.052497	-0.177511	-0.298651	-0.775469	-0.06656	-0.665149	0.551202	-0.77145	0.445678	0.16328	0.154662	0.099215	0.597006	0.922686	0.512933
700000.0003	0.0338487	-0.0474526	-0.51974	-0.644633	-0.0503947	-0.612616	-0.258965	0.697368	0.201343	0.975929	0.345598	-0.0606078	0.2924	-0.179592	-0.380375
700000.0003	-0.401907	-0.0683858	0.520055	1.2602	-0.323425	0.332059	-0.069921	0.160206	-0.143022	1.09191	-0.0141782	-1.4196	0.409916	0.342908	0.268535
700000.0003	0.263483	1.59449	-0.13071	-0.011746	-0.16027	-0.447108	0.191087	-0.377032	-1.5723	-1.14219	0.174599	1.7669	0.372858	-0.26089	-0.319672
700000.0003	0.969189	1.07719	-0.708426	-0.21117	-0.337337	-0.163	-0.869538	-1.21333	-0.0161312	0.968395	0.973071	0.486269	0.0529302	0.125365	0.0869171
700000.0003	0.130613	1.10989	-0.752061	-0.548961	-0.788879	-0.145854	-0.7689	-0.748257	0.594699	0.504934	-0.353768	0.308435	0.735372	0.971844	-0.61038
700000.0003	-0.028168	-0.914751	-0.0344376	-0.578286	-0.928221	-0.612936	-0.643851	-0.162512	-0.340117	-0.223612	0.622156	0.493367	0.674492	0.255835	0.23635
700000.0003	0.0293816	-1.07283	-0.94849	-0.534613	-0.39822	-0.969547	0.212524	0.220716	-0.688398	-0.438314	1.59265	1.13857	-0.0901175	0.167208	0.860868
700000.0003	-0.960923	-0.585125	0.532779	-0.589736	-0.800103	-0.65935	-0.0367303	0.135207	-0.618818	0.0923341	-0.0184408	0.538161	0.689863	0.465218	0.243144
700000.0003	-0.594315	0.582249	0.553521	-0.774025	-0.210551	-0.0272806	0.118716	-0.954305	-0.212666	0.629162	0.0825969	0.211361	-0.248083	-0.362047	-0.736855
700000.0003	0.0597218	0.578632	-0.209506	-0.738716	-0.610627	0.732015	0.168569	0.74316	0.613654	0.0607727	-0.699469	-0.537955	0.395063	-0.239434	-0.258359
700000.0003	0.907774	0.380273	0.680168	0.469554	-0.641439	-0.622848	0.191622	-0.144073	0.887112	0.614561	0.182929	-0.49602	-0.264225	-0.24845	-0.281074
700000.0003	0.472118	-0.209455	0.696191	0.00619068	-0.277826	-0.641935	0.639065	0.797857	0.497762	-0.0369751	-0.149482	-0.507806	0.312301	0.919652	0.881662
700000.0003	0.147538	-0.327796	-0.291938	0.174964	0.165084	-0.215017	0.0995398	0.880665	-0.148177	0.764064	0.206115	-0.00444795	-0.159591	0.404211	0.730886
700000.0003	0.0587058	-0.423985	-0.059882	0.872979	-0.39884	-0.53859	0.0984677	0.377136	0.418188	-1.0247	-0.501845	-0.127878	-0.21062	0.756132	0.731341
700000.0003	2916.6	2911.59	2913.91	2913.85	2912.13	2910.93	2908.25	2912.1	2911.46	2911.33	2913.98	2913.34	2911.96	2912.1	2913.25
700000.0003	1606.5	1605.88	1602.9	1606.79	1603.69	1604.23	1603.61	1605.6	1605.76	1604.83	1605.96	1602.9	1603.76	1602.39	1606.74
700000.0003	174.13	174.826	174.811	173.935	174.526	174.164	174.484	174.227	175.928	174.574	175.236	173.905	173.913	173.092	174.59
700000.0003	28.3172	28.4294	28.1268	27.873	28.2549	28.5893	28.4146	28.5075	28.7201	28.3439	28.5466	28.3715	28.0922	28.1677	28.3537
700000.0003	18.4048	18.3742	18.0794	18.3205	18.2788	18.506	18.1281	18.0406	18.4427	18.5911	18.1779	18.1529	18.4317	17.8096	18.1972
700000.0003	16.1193	16.1867	16.1587	15.8014	16.3289	16.1167	15.9882	16.0819	16.3504	16.2371	16.256	15.8871	15.6817	16.2894	15.8896
700000.0003	15.3744	15.0498	15.0451	15.2322	14.8049	14.627	14.903	14.9386	14.976	14.9975	14.7161	14.9255	15.0075	14.8868	15.0091
700000.0003	14.356	14.6153	14.3076	14.0015	14.0847	14.255	13.7703	14.2849	14.2318	14.3391	14.3017	14.2371	14.644	14.5426	14.1491
700000.0003	13.981	13.9932	13.8345	13.9759	13.6105	13.8766	14.2344	13.4566	13.7148	13.8745	13.7816	13.7281	14.0681	13.9583	13.9636
700000.0003	13.5948	13.5756	13.4149	13.6412	13.6715	13.5069	13.4853	13.5545	13.7797	13.5318	13.4005	13.658	13.686	13.0619	13.5891
700000.0003	13.4352	13.3406	13.567	13.5352	13.5709	13.4956	13.6071	13.2459	13.3798	13.4975	13.7325	13.7112	13.2968	13.5191	13.3587
700000.0003	13.5248	12.8029	12.9685	13.4351	13.4764	13.0758	13.2737	13.3424	13.2982	13.3447	13.4692	13.3333	13.2907	13.5848	13.5362
700000.0003	13.3437	13.3715	13.312	13.0424	13.4429	13.2462	13.4132	13.3398	13.2514	13.197	13.5636	13.3171	13.1767	12.9794	13.3595
700000.0003	13.3597	13.4158	13.1182	12.8794	13.2393	13.1175	13.3426	13.0754	13.1627	13.4496	13.4146	13.1278	13.219	13.0925	13.2277
700000.0003	13.2497	13.5306	13.4052	13.0828	12.8982	13.5599	13.571	13.2551	13.557	13.0462	13.5778	13.6144	13.401	13.2304	13.0601
700000.0003	14.0037	13.9372	13.9614	13.9839	13.6473	14.2021	13.7294	14.0041	13.8352	14.0313	13.8253	13.6004	13.7425	13.9084	14.0184
700000.0003	15.2604	14.8471	15.241	14.8787	14.8597	14.7308	15.3884	15.1321	15.3784	14.9199	15.3206	14.9615	15.0441	15.1727	15.0958
700000.0003	16.8636	16.9236	16.8531	16.9614	16.9323	16.8935	16.8558	17.0889	16.821	16.7878	16.847	16.9989	16.8986	17.1055	16.4676
700000.0003	19.7117	19.9525	19.7281	19.7699	19.824	19.5183	19.7396	19.6795	19.7004	20.0975	19.615	19.4673	20.0211	19.9248	19.7254
700000.0003	23.825	23.565	23.8377	24.0374	23.8436	23.4492	23.7362	23.7043	24.0468	23.6154	23.986	23.4151	24.1764	23.7902	23.3025
700000.0003	30.3035	30.1542	30.1808	30.5605	31.0097	30.2143	30.1677	30.4041	30.2347	30.4884	30.4726	30.0876	29.8725	30.1395	30.2566
700000.0003	41.49	42.3199	41.7334	41.6435	40.9687	41.4977	41.6376	42.0499	42.1264	41.2431	42.1799	41.9122	42.2887	41.5577	41.5749
700000.0003	67.4227	67.0348	66.223	65.589	66.3058	65.7406	65.9336	66.5775	65.9404	66.909	67.0978	66.2495	66.4495	66.4134	66.6939
700000.0003	153.306	152.756	151.447	152.663	151.751	152.719	152.056	152.445	152.009	153.144	152.097	151.724	152.087	152.34	152.685
700000.0003	520.313	518.672	519.481	520.182	519.864	519.325	518.457	521.719	522.077	521.424	520.423	521.636	521.804	518.955	519.394
700000.0003	1362.98	1363.47	1362.71	1361.85	1362.77	1361.47	1363.05	1364.56	1363.16	1363.28	1363.04	1363.3	1361.93	1360.17	1363.99
700000.0003	2156.18	2153.62	2153.94	2153.51	2153.16	2152.4	2153.01	2153.77	2155.12	2156.53	2155.09	2153.5	2152.76	2154.82	2154.68
700000.0003	2584.64	2585.19	2583.01	2584.9	2585.51	2587.66	2585.85	2586.9	2588.62	2588.86	2589.82	2587.98	2586.65	2586.75	2586.48
700000.0003	2781.14	2781.04	2780.37	2778.9	2781.07	2782.3	2780.76	2781.8	2783.6	2783.61	2780.88	2778.58	2779.95	2782.4	2779.83
700000.0003	2869.88	2867.49	2870.37	2871.07	2869.75	2867.46	2868.77	2868.72	2871.06	2867.09	2867.29	2870.81	2870.22	2868.38	2868.53
700000.0003	2907.87	2910.97	2910.13	2909.01	2910.03	2908.05	2910.55	2910.12	2908.27	2908.78	2909.45	2911.29	2908.16	2907.33	2908.24
700000.0003	2933.92	2934.8	2934.63	2935.84	2934.47	2935.34	2935.47	2935.78	2935.23	2938.22	2936.64	2934.36	2934.55	2934.65	2935.52
700000.0003	2956.65	2956.82	2956.4	2959.22	2954.85	2956.86	2955.4	2955.66	2956.06	2955.47	2956.56	2953.8	2956.75	2956.33	2957.87
700000.0003	2978.43	2975.69	2975.97	2975.12	2974.61	2977.86	2974.52	2973.74	2973.9	2972.49	2974.9	2973.75	2975.72	2974.72	2975.5
700000.0003	2993.43	2992.34	2994.46	2989.25	2994.15	2992.65	2991.81	2992.9	2991.29	2991.86	2988.56	2992.41	2993.76	2993.13	2993.32
700000.0003	3009.35	3009.96	3008.82	3010.49	3009.47	3007.15	3009.45	3008.15	3009.52	3011.05	3009.27	3009.18	3007.83	3009.67	3009.37
700000.0003	3027.56	3025.15	3026.43	3026.84	3026.38	3024.13	3026.56	3026.74	3026.26	3024.92	3025.87	3027.29	3025	3024.81	3025.9
700000.0003	3044.66	3045.2	3044.78	3045.46	3045.08	3046.39	3044.88	3046.28	3045.12	3044.41	3045.73	3046.04	3045.97	3046.98	3042.82
700000.0003	3068.58	3071.64	3071.2	3070.64	3069.14	3068.05	3069.71	3069.03	3069.75	3070.9	3071.1	3068.85	3071.34	3071.13	3070.96
700000.0003	3084.05	3087.23	3084.11	3081.82	3085.97	3083.19	3084.71	3084.29	3084.78	3085.99	3083.7	3085.99	3083.78	3083.91	3086.05
