700000.0003	64.1232
700000.0003	114.802
700000.0003	193.587
700000.0003	314.162
700000.0003	482.666
700000.0003	700.678
700000.0003	962.824
700000.0003	1256.76
700000.0003	1591.46
700000.0003	1970.22
700000.0003	2390.38
700000.0003	2855.64
700000.0003	3299.29
700000.0003	3647.71
700000.0003	3810.54
700000.0003	3723.95
700000.0003	3451.79
700000.0003	3055.25
700000.0003	2595.83
700000.0003	2137.59
700000.0003	1731.56
700000.0003	1366.9
700000.0003	1059.1
700000.0003	807.014
700000.0003	616.074
700000.0003	457.32
700000.0003	348.083
700000.0003	263.988
700000.0003	201.737
700000.0003	152.62
700000.0003	116.225
700000.0003	92.0606
700000.0003	70.6814
700000.0003	55.5384
700000.0003	43.5526
700000.0003	35.003
700000.0003	27.8383
700000.0003	21.6889
700000.0003	16.5335
700000.0003	13.5734
700000.0003	9.56758
700000.0003	9.81955
700000.0003	8.16157
700000.0003	7.70297
700000.0003	6.59606
700000.0003	5.19076
700000.0003	4.30832
700000.0003	4.29079
700000.0003	3.48297
700000.0003	3.87747
700000.0003	2.00272
700000.0003	2.82512
700000.0003	2.87675
700000.0003	3.12668
700000.0003	2.67559
700000.0003	2.73263
700000.0003	2.4119
700000.0003	1.76891
700000.0003	3.02229
700000.0003	3.03324
700000.0003	1.07988
700000.0003	1.30506
700000.0003	1.801
700000.0003	2.38609
700000.0003	2.01666
700000.0003	2.11511
700000.0003	1.36594
700000.0003	2.60076
700000.0003	0.716941
700000.0003	2.0796
700000.0003	1.63221
700000.0003	0.58993
700000.0003	1.96828
700000.0003	-0.830291
700000.0003	1.04318
700000.0003	0.0607849
700000.0003	1.38264
700000.0003	-0.320663
700000.0003	0.778613
700000.0003	0.348676
700000.0003	0.581551
700000.0003	0.26966
700000.0003	1.18086
700000.0003	1.15853
700000.0003	1.29687
700000.0003	-0.468891
700000.0003	0.591073
700000.0003	1.1737
700000.0003	0.405445
700000.0003	0.734342
700000.0003	-0.330697
700000.0003	-0.107268
700000.0003	0.448521
700000.0003	0.121434
700000.0003	0.201569
700000.0003	-0.462926
700000.0003	0.0263018
700000.0003	1.71138
700000.0003	0.150651
700000.0003	0.674672
700000.0003	1.10237
700000.0003	0.48378
700000.0003	0.670971
700000.0003	-0.463505
700000.0003	-0.221396
700000.0003	-0.0452803
700000.0003	0.250674
700000.0003	0.300659
700000.0003	0.531015
700000.0003	0.806007
700000.0003	-0.31188
700000.0003	0.884396
700000.0003	-0.21061
700000.0003	1.26076
700000.0003	0.0659149
700000.0003	-0.403566
700000.0003	0.801847
700000.0003	0.596983
700000.0003	0.288048
700000.0003	-1.299
700000.0003	0.283929
700000.0003	0.363203
700000.0003	0.139143
700000.0003	-0.0938319
700000.0003	0.731998
700000.0003	0.43191
700000.0003	-0.0622967
700000.0003	-0.257646
700000.0003	0.979935
700000.0003	0.072477
700000.0003	0.074047
700000.0003	0.150406
700000.0003	-0.878783
700000.0003	-0.538377
700000.0003	-0.0148633
700000.0003	-0.424903
700000.0003	0.52353
700000.0003	-0.929861
700000.0003	0.265456
700000.0003	0.728917
700000.0003	0.169716
700000.0003	-0.203256
700000.0003	-0.163557
700000.0003	0.0410905
700000.0003	-0.560361
700000.0003	-0.683463
700000.0003	-0.0740931
700000.0003	-0.847249
700000.0003	-0.692408
700000.0003	-0.745938
700000.0003	-0.508978
700000.0003	-1.02214
700000.0003	-1.50792
700000.0003	-1.34195
700000.0003	-1.9023
700000.0003	-2.26811
700000.0003	-1.66609
700000.0003	-1.52147
700000.0003	-1.93931
700000.0003	-1.79464
700000.0003	-1.60851
700000.0003	-1.69287
700000.0003	-1.65361
700000.0003	-1.20819
700000.0003	-2.89432
700000.0003	-1.92091
700000.0003	-3.02144
700000.0003	-3.01853
700000.0003	-2.05428
700000.0003	-2.36696
700000.0003	-2.23421
700000.0003	-2.26578
700000.0003	-2.77341
700000.0003	-2.77991
700000.0003	-3.20622
700000.0003	-4.53893
700000.0003	-3.52205
700000.0003	-4.72698
700000.0003	-4.14597
700000.0003	-4.65031
700000.0003	-5.03183
700000.0003	-3.87529
700000.0003	-2.99059
700000.0003	-4.63896
700000.0003	-4.59176
700000.0003	-5.33389
700000.0003	-5.79703
700000.0003	-4.89989
700000.0003	-5.60868
700000.0003	-6.59218
700000.0003	-6.89902
700000.0003	-6.30438
700000.0003	-6.62446
700000.0003	-8.39187
700000.0003	-7.02336
700000.0003	-9.17253
700000.0003	-8.53369
700000.0003	-7.86987
700000.0003	-9.6945
700000.0003	-9.84616
700000.0003	-9.10033
700000.0003	-10.776
700000.0003	-10.7454
700000.0003	-10.1429
700000.0003	-12.3194
700000.0003	-13.0253
700000.0003	-12.5388
700000.0003	-14.46
700000.0003	-13.9056
700000.0003	-16.3758
700000.0003	-17.9459
700000.0003	-20.3587
700000.0003	-18.196
700000.0003	-19.1233
700000.0003	-21.3127
700000.0003	-24.1651
700000.0003	-23.9125
700000.0003	-28.5041
700000.0003	-29.5855
700000.0003	-32.5297
700000.0003	-36.862
700000.0003	-37.4013
700000.0003	-42.4849
700000.0003	-48.423
700000.0003	-53.3868
700000.0003	-60.0341
700000.0003	-68.8141
700000.0003	-76.6488
700000.0003	-87.8647
700000.0003	-103.188
700000.0003	-117.528
700000.0003	-136.237
700000.0003	-155.943
700000.0003	-182.515
700000.0003	-212.758
700000.0003	-248.182
700000.0003	-284.922
700000.0003	-336.615
700000.0003	-388.833
700000.0003	-452.083
700000.0003	-523.085
700000.0003	-596.098
700000.0003	-684.714
700000.0003	-773.049
700000.0003	-868.608
700000.0003	-964.947
700000.0003	-1067.72
700000.0003	-1161.42
700000.0003	-1250.76
700000.0003	-1326.63
700000.0003	-1396.67
700000.0003	-1449.83
700000.0003	-1492.07
700000.0003	-1512.89
700000.0003	-1509.56
700000.0003	-1495.88
700000.0003	-1477.12
700000.0003	-1437.21
700000.0003	-1388.19
700000.0003	-1337.25
700000.0003	-1274.26
700000.0003	-1205.9
700000.0003	-1139.63
700000.0003	-1075.19
700000.0003	-1005.9
700000.0003	-936.432
700000.0003	-868.422
700000.0003	-799.055
700000.0003	-739.711
700000.0003	-674.098
700000.0003	-610.322
700000.0003	-551.7
700000.0003	-491.685
700000.0003	-440.932
700000.0003	-394.177
700000.0003	-347.293
700000.0003	-305.268
700000.0003	-269.231
700000.0003	-235.112
700000.0003	-205.878
700000.0003	-180.339
700000.0003	-155.111
700000.0003	-136.084
700000.0003	-121.379
700000.0003	-106.896
700000.0003	-95.0809
700000.0003	-84.9038
700000.0003	-77.7718
700000.0003	-71.6677
700000.0003	-65.5788
700000.0003	-60.5559
700000.0003	-56.9764
700000.0003	-53.9167
700000.0003	-52.2149
700000.0003	-49.3662
700000.0003	-47.5173
700000.0003	-46.0783
700000.0003	-44.4012
700000.0003	-44.2464
700000.0003	-42.4174
700000.0003	-42.2886
700000.0003	-41.8549
700000.0003	-42.0279
700000.0003	-41.9669
700000.0003	-41.6565
700000.0003	-42.2275
700000.0003	-42.0249
700000.0003	-42.1697
700000.0003	-41.6924
700000.0003	-41.9228
700000.0003	-41.1059
700000.0003	-41.0598
700000.0003	-40.8695
700000.0003	-40.6258
700000.0003	-40.7085
700000.0003	-40.921
700000.0003	-40.6226
700000.0003	-41.1928
700000.0003	-41.3952
700000.0003	-40.2569
700000.0003	-40.7022
700000.0003	-40.5638
700000.0003	-41.5077
700000.0003	-41.0693
700000.0003	-41.0953
700000.0003	-40.9176
700000.0003	-40.4174
700000.0003	-40.7259
700000.0003	-40.1719
700000.0003	-40.0482
700000.0003	-40.0032
700000.0003	-40.0105
700000.0003	-39.6392
700000.0003	-40.3562
700000.0003	-39.7803
700000.0003	-40.7966
700000.0003	-40.4637
700000.0003	-40.4614
700000.0003	-41.2364
700000.0003	-41.075
700000.0003	-40.6844
700000.0003	-40.2493
700000.0003	-40.7768
700000.0003	-40.4303
700000.0003	-40.4352
700000.0003	-39.6369
700000.0003	-39.9782
700000.0003	-40.5478
700000.0003	-40.8342
700000.0003	-39.4863
700000.0003	-39.6539
700000.0003	-40.0528
700000.0003	-40.126
700000.0003	-39.9939
700000.0003	-40.1765
700000.0003	-40.0761
700000.0003	-40.0656
700000.0003	-39.499
700000.0003	-39.7207
700000.0003	-39.716
700000.0003	-39.3289
700000.0003	-39.5634
700000.0003	-39.1414
700000.0003	-39.1924
700000.0003	-39.4069
700000.0003	-39.5799
700000.0003	-39.963
700000.0003	-39.001
700000.0003	-38.8455
700000.0003	-39.7184
700000.0003	-40.0649
700000.0003	-38.7075
700000.0003	-39.632
700000.0003	-39.306
700000.0003	-38.5442
700000.0003	-39.0503
700000.0003	-39.2812
700000.0003	-38.2586
700000.0003	-38.4787
700000.0003	-37.9578
700000.0003	-37.9836
700000.0003	-37.8591
700000.0003	-37.7208
700000.0003	-37.2623
700000.0003	-35.6271
700000.0003	-35.8512
700000.0003	-35.2304
700000.0003	-34.8192
700000.0003	-33.6663
700000.0003	-32.9658
700000.0003	-31.1767
700000.0003	-28.522
700000.0003	-25.3663
700000.0003	-24.1466
700000.0003	-18.9578
700000.0003	-13.8452
700000.0003	-5.95929
700000.0003	4.36401
700000.0003	17.0506
700000.0003	35.793
700000.0003	0.505458
700000.0003	-1.24451
700000.0003	-0.187123
700000.0003	-0.630306
700000.0003	2.10322
700000.0003	-0.271274
700000.0003	1.17237
700000.0003	-1.38427
700000.0003	0.858007
700000.0003	-3.29299
700000.0003	0.106801
700000.0003	-2.34062
700000.0003	-1.56753
700000.0003	1.94688
700000.0003	2.13119
700000.0003	5.48009
700000.0003	-2.10528
700000.0003	1.71104
700000.0003	-2.09047
700000.0003	0.239468
700000.0003	-0.634648
700000.0003	-0.731807
700000.0003	-0.844712
700000.0003	0.943668
700000.0003	0.151293
700000.0003	-1.12616
700000.0003	0.0464958
700000.0003	1.8595
700000.0003	0.700323
700000.0003	-0.481836
700000.0003	0.119812
700000.0003	-0.118837
700000.0003	0.259474
700000.0003	-1.61764
700000.0003	-1.45135
700000.0003	0.742412
700000.0003	-0.415918
700000.0003	-0.620989
700000.0003	1.22605
700000.0003	0.220804
700000.0003	-1.16095
700000.0003	0.944665
700000.0003	-0.170174
700000.0003	-0.27604
700000.0003	0.139827
700000.0003	0.0356752
700000.0003	-0.136754
700000.0003	1.11986
700000.0003	-0.938258
700000.0003	0.255867
700000.0003	-0.75099
700000.0003	0.211806
700000.0003	1.06459
700000.0003	1.00991
700000.0003	0.0257213
700000.0003	-0.783468
700000.0003	-0.806081
700000.0003	0.093948
700000.0003	1.13652
700000.0003	-0.279496
700000.0003	0.559918
700000.0003	-0.243584
700000.0003	-0.437204
700000.0003	0.255193
700000.0003	0.345323
700000.0003	-0.253647
700000.0003	0.558398
700000.0003	-1.18724
700000.0003	-0.936698
700000.0003	-0.994089
700000.0003	0.283904
700000.0003	1.31831
700000.0003	0.0877582
700000.0003	0.515903
700000.0003	-0.114599
700000.0003	0.329776
700000.0003	-1.12878
700000.0003	0.380568
700000.0003	-0.365016
700000.0003	0.383293
700000.0003	0.453417
700000.0003	-0.583102
700000.0003	0.869548
700000.0003	-0.999315
700000.0003	0.598611
700000.0003	0.416185
700000.0003	0.142994
700000.0003	0.281219
700000.0003	-0.416061
700000.0003	0.238759
700000.0003	-0.0889717
700000.0003	-0.309407
700000.0003	-0.842202
700000.0003	0.0837248
700000.0003	-0.0576825
700000.0003	0.450557
700000.0003	-0.0319535
700000.0003	-0.365002
700000.0003	-0.0191392
700000.0003	1.01831
700000.0003	0.0358651
700000.0003	-0.119813
700000.0003	0.30427
700000.0003	0.49798
700000.0003	-0.913715
700000.0003	-0.84668
700000.0003	0.56901
700000.0003	0.26225
700000.0003	-1.43788
700000.0003	-0.292323
700000.0003	1.84049
700000.0003	-0.331164
700000.0003	-0.43362
700000.0003	-0.26828
700000.0003	0.648807
700000.0003	-0.224972
700000.0003	0.716203
700000.0003	-0.909283
700000.0003	0.859842
700000.0003	-1.0008
700000.0003	-0.140704
700000.0003	0.598885
700000.0003	0.510048
700000.0003	-0.525798
700000.0003	0.289273
700000.0003	0.571414
700000.0003	-0.229337
700000.0003	-0.460017
700000.0003	-0.52966
700000.0003	0.856301
700000.0003	0.345893
700000.0003	-0.409297
700000.0003	-0.653114
700000.0003	0.275071
700000.0003	-0.819646
700000.0003	0.470869
700000.0003	0.0522
700000.0003	0.789324
700000.0003	-0.120199
700000.0003	0.507865
700000.0003	-0.463177
700000.0003	-0.272965
700000.0003	0.532633
700000.0003	0.227229
700000.0003	-0.963637
700000.0003	0.663962
700000.0003	-0.0998672
700000.0003	-1.11559
700000.0003	-0.34002
700000.0003	0.599722
700000.0003	0.717498
700000.0003	0.37796
700000.0003	-0.546959
700000.0003	0.114051
700000.0003	0.116609
700000.0003	-0.268097
700000.0003	0.192465
700000.0003	-0.418004
700000.0003	-0.346384
700000.0003	0.591347
700000.0003	0.0308632
700000.0003	0.980544
700000.0003	-0.480707
700000.0003	-0.269397
700000.0003	0.0540235
700000.0003	-0.487456
700000.0003	-0.463875
700000.0003	-0.429588
700000.0003	0.878202
700000.0003	0.438305
700000.0003	-0.428671
700000.0003	-0.119996
700000.0003	-0.351962
700000.0003	0.446139
700000.0003	-0.101281
700000.0003	0.0808023
700000.0003	-0.334952
700000.0003	0.13442
700000.0003	0.385208
700000.0003	-0.786394
700000.0003	-0.577892
700000.0003	-1.34282
700000.0003	0.101537
700000.0003	0.286587
700000.0003	1.20405
700000.0003	0.429759
700000.0003	-0.38404
700000.0003	0.153011
700000.0003	0.0564343
700000.0003	-0.218854
700000.0003	1.04788
700000.0003	0.101138
700000.0003	0.282971
700000.0003	-0.949991
700000.0003	0.225453
700000.0003	-0.136867
700000.0003	-1.13018
700000.0003	0.906572
700000.0003	0.100792
700000.0003	-1.00116
700000.0003	0.571058
700000.0003	1.22709
700000.0003	-0.0864144
700000.0003	-0.205743
700000.0003	-1.03282
700000.0003	0.041106
700000.0003	0.357839
700000.0003	-0.717728
700000.0003	0.910139
700000.0003	-0.336008
700000.0003	-0.0393791
700000.0003	0.0420002
700000.0003	-1.1368
700000.0003	0.388786
700000.0003	-0.615808
700000.0003	-0.23584
700000.0003	-1.32265
700000.0003	1.59976
700000.0003	0.934352
700000.0003	-0.81824
700000.0003	0.69179
700000.0003	-0.944533
700000.0003	1.10767
700000.0003	0.762949
700000.0003	1.27537
700000.0003	-0.918949
700000.0003	0.604896
700000.0003	0.55854
700000.0003	-1.09338
700000.0003	0.320959
700000.0003	0.174087
700000.0003	-0.488581
700000.0003	0.622673
700000.0003	1.10302
700000.0003	-1.47095
700000.0003	-0.20159
700000.0003	-0.463889
700000.0003	-1.44074
700000.0003	0.959902
700000.0003	0.421885
700000.0003	-0.364744
700000.0003	0.901205
700000.0003	1.15302
700000.0003	-1.07959
700000.0003	-1.07677
700000.0003	1.27726
700000.0003	0.195682
700000.0003	1.7349
700000.0003	1.25179
700000.0003	-2.47277
700000.0003	-1.89131
700000.0003	-1.32908
700000.0003	0.807193
700000.0003	-1.74674
700000.0003	-0.747716
700000.0003	5.11487
700000.0003	-1.67773
700000.0003	2.76063
700000.0003	-1.97771
700000.0003	2.58217
700000.0003	0.849066
700000.0003	-1.47022
700000.0003	0.138978
700000.0003	-1.85324
700000.0003	-0.0535143
700000.0003	0.228431
700000.0003	-1.15087
700000.0003	-2.37594
700000.0003	-0.82429
700000.0003	-0.973877
700000.0003	-1.93448
700000.0003	3.02849
700000.0003	1.40415
700000.0003	0.144145
700000.0003	0.22798
700000.0003	0.151865
700000.0003	1.22618
700000.0003	0.395453
700000.0003	0.0210807
700000.0003	1.42694
700000.0003	0.591091
700000.0003	-0.937168
700000.0003	-0.56978
700000.0003	-0.950548
700000.0003	0.612787
700000.0003	-1.93455
700000.0003	0.36183
700000.0003	0.735865
700000.0003	-0.0911873
700000.0003	-0.27856
700000.0003	-0.0223927
700000.0003	-0.284859
700000.0003	-0.267338
700000.0003	-0.120928
700000.0003	0.241012
700000.0003	0.0319411
700000.0003	0.591955
700000.0003	-0.900321
700000.0003	0.251992
700000.0003	0.289741
700000.0003	0.0645059
700000.0003	0.691356
700000.0003	-0.647858
700000.0003	0.22844
700000.0003	0.652124
700000.0003	0.584128
700000.0003	0.372979
700000.0003	0.90442
700000.0003	0.292529
700000.0003	0.940085
700000.0003	-0.390048
700000.0003	-0.477109
700000.0003	-0.137769
700000.0003	0.254892
700000.0003	0.240634
700000.0003	0.0655972
700000.0003	-0.364948
700000.0003	-0.396642
700000.0003	-0.348552
700000.0003	-0.39614
700000.0003	0.392006
700000.0003	0.21274
700000.0003	0.491074
700000.0003	-0.466895
700000.0003	-0.782568
700000.0003	0.302465
700000.0003	-1.01687
700000.0003	-0.290613
700000.0003	-0.132799
700000.0003	-0.166235
700000.0003	0.385741
700000.0003	0.0117703
700000.0003	1.02424
700000.0003	0.680231
700000.0003	1.00868
700000.0003	0.00705396
700000.0003	-0.302819
700000.0003	-0.815493
700000.0003	0.644194
700000.0003	0.490569
700000.0003	0.416405
700000.0003	-0.546111
700000.0003	-0.39878
700000.0003	-0.715467
700000.0003	0.0680017
700000.0003	0.257453
700000.0003	0.553694
700000.0003	-0.468662
700000.0003	-0.569076
700000.0003	-0.633103
700000.0003	-0.0508203
700000.0003	-0.506199
700000.0003	0.173176
700000.0003	-0.469958
700000.0003	0.280779
700000.0003	0.125445
700000.0003	-0.622891
700000.0003	-0.418918
700000.0003	-0.615619
700000.0003	0.203334
700000.0003	0.0508222
700000.0003	0.0888848
700000.0003	-0.309137
700000.0003	-0.597742
700000.0003	0.34694
700000.0003	-0.225765
700000.0003	0.274154
700000.0003	0.301595
700000.0003	-0.87097
700000.0003	-0.146982
700000.0003	-0.695387
700000.0003	-0.126009
700000.0003	-0.385718
700000.0003	0.139146
700000.0003	0.313253
700000.0003	-0.589523
700000.0003	0.220633
700000.0003	-0.335926
700000.0003	-0.423823
700000.0003	-0.163528
700000.0003	0.451014
700000.0003	-0.326731
700000.0003	1.0035
700000.0003	0.259586
700000.0003	0.390497
700000.0003	0.125618
700000.0003	0.375253
700000.0003	0.759068
700000.0003	1.10631
700000.0003	-0.00138361
700000.0003	0.702915
700000.0003	-0.145763
700000.0003	0.0361678
700000.0003	-0.616824
700000.0003	-0.18588
700000.0003	-0.0336284
700000.0003	0.507175
700000.0003	-0.079372
700000.0003	0.117738
700000.0003	0.0775258
