700000.0003	28.411
700000.0003	100.384
700000.0003	202.981
700000.0003	343.636
700000.0003	532.596
700000.0003	776.862
700000.0003	1076.33
700000.0003	1436.89
700000.0003	1842.34
700000.0003	2301.86
700000.0003	2789.01
700000.0003	3315.03
700000.0003	3872.77
700000.0003	4438.07
700000.0003	5016
700000.0003	5535.52
700000.0003	6002.79
700000.0003	6365.01
700000.0003	6705.11
700000.0003	6909.65
700000.0003	7061.6
700000.0003	7134.33
700000.0003	7098.22
700000.0003	7045.46
700000.0003	6960.71
700000.0003	6767.9
700000.0003	6596.38
700000.0003	6324.1
700000.0003	6042.83
700000.0003	5762.18
700000.0003	5364.79
700000.0003	4961.54
700000.0003	4542.66
700000.0003	4033.53
700000.0003	3533.48
700000.0003	2960.45
700000.0003	2389.66
700000.0003	1731.78
700000.0003	1062.62
700000.0003	364.746
700000.0003	0
700000.0003	0
700000.0003	0
700000.0003	0
700000.0003	0
700000.0003	0
700000.0003	0
700000.0003	0
700000.0003	0
700000.0003	0
700000.0003	0
700000.0003	0
700000.0003	0
700000.0003	0
700000.0003	0
700000.0003	0
700000.0003	0
700000.0003	0
700000.0003	0
700000.0003	0
700000.0003	0
700000.0003	0
700000.0003	0
700000.0003	0
700000.0003	0
700000.0003	0
700000.0003	0
700000.0003	0
700000.0003	0
700000.0003	0
700000.0003	0
700000.0003	0
700000.0003	0
700000.0003	0
700000.0003	0
700000.0003	0
700000.0003	0
700000.0003	0
700000.0003	0
700000.0003	0
700000.0003	0
700000.0003	0
700000.0003	0
700000.0003	0
700000.0003	0
700000.0003	0
700000.0003	0
700000.0003	0
700000.0003	0
700000.0003	0
700000.0003	0
700000.0003	0
700000.0003	0
700000.0003	0
700000.0003	0
700000.0003	0
700000.0003	0
700000.0003	0
700000.0003	0
700000.0003	0
700000.0003	0
700000.0003	0
700000.0003	0
700000.0003	0
700000.0003	0
700000.0003	0
700000.0003	0
700000.0003	0
700000.0003	0
700000.0003	0
700000.0003	0
700000.0003	0
700000.0003	0
700000.0003	0
700000.0003	0
700000.0003	0
700000.0003	0
700000.0003	0
700000.0003	0
700000.0003	0
700000.0003	0
700000.0003	0
700000.0003	0
700000.0003	0
700000.0003	0
700000.0003	0
700000.0003	0
700000.0003	0
700000.0003	0
700000.0003	0
700000.0003	0
700000.0003	0
700000.0003	0
700000.0003	0
700000.0003	0
700000.0003	0
700000.0003	0
700000.0003	0
700000.0003	0
700000.0003	0
700000.0003	-23.4668
700000.0003	-70.1471
700000.0003	-117.044
700000.0003	-162.706
700000.0003	-207.431
700000.0003	-253.881
700000.0003	-295.261
700000.0003	-338.504
700000.0003	-380.521
700000.0003	-425.832
700000.0003	-468.814
700000.0003	-504.63
700000.0003	-545.43
700000.0003	-586.624
700000.0003	-622.196
700000.0003	-666.573
700000.0003	-701.174
700000.0003	-743.357
700000.0003	-781.788
700000.0003	-810.706
700000.0003	-848.725
700000.0003	-893.663
700000.0003	-918.778
700000.0003	-960.084
700000.0003	-987.358
700000.0003	-1023.99
700000.0003	-1050.02
700000.0003	-1084.95
700000.0003	-1118.45
700000.0003	-1144.47
700000.0003	-1178.26
700000.0003	-1203.91
700000.0003	-1237.21
700000.0003	-1259.45
700000.0003	-1299.72
700000.0003	-1317.63
700000.0003	-1340.5
700000.0003	-1370.77
700000.0003	-1404.99
700000.0003	-1428.84
700000.0003	-1452.48
700000.0003	-1473.02
700000.0003	-1494.14
700000.0003	-1525.19
700000.0003	-1536.99
700000.0003	-1561.53
700000.0003	-1579.47
700000.0003	-1598.16
700000.0003	-1612.4
700000.0003	-1634.72
700000.0003	-1663.09
700000.0003	-1667.53
700000.0003	-1693.38
700000.0003	-1699.17
700000.0003	-1718.11
700000.0003	-1731.64
700000.0003	-1754.36
700000.0003	-1774.62
700000.0003	-1778.53
700000.0003	-1794.05
700000.0003	-1797.04
700000.0003	-1827.35
700000.0003	-1834.21
700000.0003	-1827.16
700000.0003	-1851.79
700000.0003	-1861.67
700000.0003	-1864.57
700000.0003	-1883.71
700000.0003	-1882.67
700000.0003	-1888.88
700000.0003	-1899.26
700000.0003	-1900.15
700000.0003	-1907.4
700000.0003	-1910.3
700000.0003	-1916.94
700000.0003	-1923.76
700000.0003	-1922.37
700000.0003	-1926.84
700000.0003	-1935.72
700000.0003	-1925.08
700000.0003	-1922.53
700000.0003	-1923.55
700000.0003	-1932.42
700000.0003	-1924.19
700000.0003	-1918.81
700000.0003	-1928.61
700000.0003	-1917.98
700000.0003	-1891.06
700000.0003	-1906.05
700000.0003	-1892.32
700000.0003	-1898.95
700000.0003	-1876.68
700000.0003	-1870.03
700000.0003	-1862.57
700000.0003	-1851.68
700000.0003	-1825.91
700000.0003	-1822.85
700000.0003	-1797.34
700000.0003	-1782.71
700000.0003	-1768
700000.0003	-1737.53
700000.0003	-1720.71
700000.0003	-1689.5
700000.0003	-1656.21
700000.0003	-1615.54
700000.0003	-1584.59
700000.0003	-1546.15
700000.0003	-1495.9
700000.0003	-1449.27
700000.0003	-1394.95
700000.0003	-1341.79
700000.0003	-1284.44
700000.0003	-1219.85
700000.0003	-1165.47
700000.0003	-1096.14
700000.0003	-1035.67
700000.0003	-971.257
700000.0003	-909.465
700000.0003	-848.499
700000.0003	-790.336
700000.0003	-728.764
700000.0003	-672.121
700000.0003	-614.964
700000.0003	-562.05
700000.0003	-512.815
700000.0003	-465.63
700000.0003	-420.329
700000.0003	-377.511
700000.0003	-337.674
700000.0003	-299.154
700000.0003	-265.093
700000.0003	-234.549
700000.0003	-205.171
700000.0003	-179.392
700000.0003	-155.856
700000.0003	-134.403
700000.0003	-115.075
700000.0003	-99.365
700000.0003	-85.1075
700000.0003	-71.8458
700000.0003	-60.8302
700000.0003	-51.993
700000.0003	-44.1252
700000.0003	-36.5067
700000.0003	-31.4022
700000.0003	-26.1192
700000.0003	-22.2935
700000.0003	-18.586
700000.0003	-15.5073
700000.0003	-13.0899
700000.0003	-11.0427
700000.0003	-9.13179
700000.0003	-7.50001
700000.0003	-6.02005
700000.0003	-4.89523
700000.0003	-3.79387
700000.0003	-2.80332
700000.0003	-1.92392
700000.0003	-1.11027
700000.0003	-0.356748
700000.0003	0
700000.0003	0
700000.0003	0
700000.0003	0
700000.0003	0
700000.0003	0
700000.0003	0
700000.0003	0
700000.0003	0
700000.0003	0
700000.0003	0
700000.0003	0
700000.0003	0
700000.0003	0
700000.0003	0
700000.0003	0
700000.0003	0
700000.0003	0
700000.0003	0
700000.0003	0
700000.0003	0
700000.0003	0
700000.0003	0
700000.0003	0
700000.0003	0
700000.0003	0
700000.0003	0
700000.0003	0
700000.0003	0
700000.0003	0
700000.0003	0
700000.0003	0
700000.0003	0
700000.0003	0
700000.0003	0
700000.0003	0
700000.0003	0
700000.0003	0
700000.0003	0
700000.0003	0
700000.0003	0
700000.0003	0
700000.0003	0
700000.0003	0
700000.0003	0
700000.0003	0
700000.0003	0
700000.0003	0
700000.0003	0
700000.0003	0
700000.0003	0
700000.0003	0
700000.0003	0
700000.0003	0
700000.0003	0
700000.0003	0
700000.0003	0
700000.0003	0
700000.0003	0
700000.0003	0
700000.0003	0
700000.0003	0
700000.0003	0
700000.0003	0
700000.0003	0
700000.0003	0
700000.0003	0
700000.0003	0
700000.0003	0
700000.0003	0
700000.0003	0
700000.0003	0
700000.0003	0
700000.0003	0
700000.0003	0
700000.0003	0
700000.0003	0
700000.0003	0
700000.0003	0
700000.0003	0
700000.0003	0
700000.0003	0
700000.0003	0
700000.0003	0
700000.0003	0
700000.0003	0
700000.0003	0
700000.0003	0
700000.0003	0
700000.0003	0
700000.0003	0
700000.0003	0
700000.0003	0
700000.0003	0
700000.0003	0
700000.0003	0
700000.0003	0
700000.0003	0
700000.0003	0
700000.0003	0
700000.0003	0.0121449
700000.0003	0.990458
700000.0003	1.04043
700000.0003	-0.607625
700000.0003	-0.00860091
700000.0003	1.1843
700000.0003	-3.90924
700000.0003	-4.26947
700000.0003	-2.36873
700000.0003	10.8399
700000.0003	9.30251
700000.0003	-3.01952
700000.0003	6.58725
700000.0003	14.4911
700000.0003	-18.7416
700000.0003	-22.1741
700000.0003	-1.56463
700000.0003	6.31331
700000.0003	-9.80069
700000.0003	-2.61504
700000.0003	-11.7049
700000.0003	-43.7227
700000.0003	-22.0184
700000.0003	20.2885
700000.0003	21.1407
700000.0003	-31.2069
700000.0003	-43.2419
700000.0003	-1.23862
700000.0003	6.10229
700000.0003	20.2257
700000.0003	-7.58677
700000.0003	20.9207
700000.0003	-0.545318
700000.0003	5.12397
700000.0003	-0.0301449
700000.0003	15.1402
700000.0003	-6.85283
700000.0003	-3.64895
700000.0003	1.82388
700000.0003	-0.815384
700000.0003	0
700000.0003	0
700000.0003	0
700000.0003	0
700000.0003	0
700000.0003	0
700000.0003	0
700000.0003	0
700000.0003	0
700000.0003	0
700000.0003	0
700000.0003	0
700000.0003	0
700000.0003	0
700000.0003	0
700000.0003	0
700000.0003	0
700000.0003	0
700000.0003	0
700000.0003	0
700000.0003	0
700000.0003	0
700000.0003	0
700000.0003	0
700000.0003	0
700000.0003	0
700000.0003	0
700000.0003	0
700000.0003	0
700000.0003	0
700000.0003	0
700000.0003	0
700000.0003	0
700000.0003	0
700000.0003	0
700000.0003	0
700000.0003	0
700000.0003	0
700000.0003	0
700000.0003	0
700000.0003	0
700000.0003	0
700000.0003	0
700000.0003	0
700000.0003	0
700000.0003	0
700000.0003	0
700000.0003	0
700000.0003	0
700000.0003	0
700000.0003	0
700000.0003	0
700000.0003	0
700000.0003	0
700000.0003	0
700000.0003	0
700000.0003	0
700000.0003	0
700000.0003	0
700000.0003	0
700000.0003	0
700000.0003	0
700000.0003	0
700000.0003	0
700000.0003	0
700000.0003	0
700000.0003	0
700000.0003	0
700000.0003	0
700000.0003	0
700000.0003	0
700000.0003	0
700000.0003	0
700000.0003	0
700000.0003	0
700000.0003	0
700000.0003	0
700000.0003	0
700000.0003	0
700000.0003	0
700000.0003	0
700000.0003	0
700000.0003	0
700000.0003	0
700000.0003	0
700000.0003	0
700000.0003	0
700000.0003	0
700000.0003	0
700000.0003	0
700000.0003	0
700000.0003	0
700000.0003	0
700000.0003	0
700000.0003	0
700000.0003	0
700000.0003	0
700000.0003	0
700000.0003	0
700000.0003	0
700000.0003	-0.099332
700000.0003	0.147868
700000.0003	0.371901
700000.0003	-0.00765985
700000.0003	0.299647
700000.0003	-0.117375
700000.0003	1.22801
700000.0003	-1.36947
700000.0003	-0.942303
700000.0003	-0.181902
700000.0003	0.0488408
700000.0003	1.56011
700000.0003	-1.54848
700000.0003	1.94061
700000.0003	1.71303
700000.0003	-0.799316
700000.0003	-1.66732
700000.0003	-1.28687
700000.0003	-1.63548
700000.0003	-0.686865
700000.0003	-1.76192
700000.0003	2.53456
700000.0003	-2.57167
700000.0003	-0.23492
700000.0003	-1.89277
700000.0003	-4.46534
700000.0003	-1.01296
700000.0003	2.58249
700000.0003	0.22113
700000.0003	2.68832
700000.0003	0.850482
700000.0003	-0.71627
700000.0003	-0.448894
700000.0003	-0.573639
700000.0003	-4.3763
700000.0003	-1.58428
700000.0003	-1.42777
700000.0003	2.00337
700000.0003	7.22088
700000.0003	-1.11714
700000.0003	1.21833
700000.0003	6.01869
700000.0003	0.979984
700000.0003	-0.546011
700000.0003	2.00586
700000.0003	0.618453
700000.0003	4.29026
700000.0003	-0.458134
700000.0003	3.72735
700000.0003	-0.581063
700000.0003	7.07629
700000.0003	-3.45474
700000.0003	-7.09299
700000.0003	-1.52966
700000.0003	-1.29068
700000.0003	-3.03616
700000.0003	1.61916
700000.0003	-0.89748
700000.0003	5.89662
700000.0003	-6.32758
700000.0003	-1.63535
700000.0003	-2.81087
700000.0003	-3.68719
700000.0003	-0.272465
700000.0003	-2.33078
700000.0003	-1.973
700000.0003	7.85231
700000.0003	1.26606
700000.0003	0.67347
700000.0003	6.90632
700000.0003	-0.384332
700000.0003	-0.686095
700000.0003	-3.62687
700000.0003	6.66317
700000.0003	3.4678
700000.0003	-1.81313
700000.0003	-0.496236
700000.0003	2.05953
700000.0003	1.8689
700000.0003	2.68499
700000.0003	-2.52738
700000.0003	0.261018
700000.0003	2.86137
700000.0003	-4.60076
700000.0003	-5.41403
700000.0003	0.949436
700000.0003	1.08417
700000.0003	-4.14483
700000.0003	-0.828923
700000.0003	1.72059
700000.0003	3.16633
700000.0003	-0.00942728
700000.0003	4.28951
700000.0003	-0.713551
700000.0003	0.778951
700000.0003	0.48894
700000.0003	2.73258
700000.0003	2.23179
700000.0003	1.42669
700000.0003	-2.73973
700000.0003	5.90693
700000.0003	-3.64245
700000.0003	4.3029
700000.0003	3.54407
700000.0003	-2.03192
700000.0003	-6.10701
700000.0003	0.267832
700000.0003	2.27851
700000.0003	3.40041
700000.0003	-1.94207
700000.0003	-2.23161
700000.0003	2.3909
700000.0003	0.0796456
700000.0003	0.0741542
700000.0003	2.19791
700000.0003	4.4763
700000.0003	-2.32503
700000.0003	-0.917319
700000.0003	2.47053
700000.0003	-1.60552
700000.0003	2.08277
700000.0003	0.622723
700000.0003	1.05421
700000.0003	-0.531554
700000.0003	-0.837717
700000.0003	-0.793962
700000.0003	1.58075
700000.0003	-0.14057
700000.0003	-0.393555
700000.0003	0.39254
700000.0003	-0.458231
700000.0003	-0.606336
700000.0003	0.631973
700000.0003	-0.631962
700000.0003	0.341377
700000.0003	-0.207844
700000.0003	-0.937853
700000.0003	-0.0139423
700000.0003	0.0563409
700000.0003	-0.0390318
700000.0003	0.0364077
700000.0003	-0.651821
700000.0003	0.110621
700000.0003	0.12546
700000.0003	-0.358733
700000.0003	0.396615
700000.0003	0.177967
700000.0003	0.0166364
700000.0003	-0.0662752
700000.0003	-0.0278048
700000.0003	-0.0138401
700000.0003	-0.0544633
700000.0003	-0.0763703
700000.0003	-0.0677542
700000.0003	0.0931484
700000.0003	-0.016177
700000.0003	-0.0255406
700000.0003	-0.0162817
700000.0003	0.00445255
700000.0003	0.00521088
700000.0003	0
700000.0003	0
700000.0003	0
700000.0003	0
700000.0003	0
700000.0003	0
700000.0003	0
700000.0003	0
700000.0003	0
700000.0003	0
700000.0003	0
700000.0003	0
700000.0003	0
700000.0003	0
700000.0003	0
700000.0003	0
700000.0003	0
700000.0003	0
700000.0003	0
700000.0003	0
700000.0003	0
700000.0003	0
700000.0003	0
700000.0003	0
700000.0003	0
700000.0003	0
700000.0003	0
700000.0003	0
700000.0003	0
700000.0003	0
700000.0003	0
700000.0003	0
700000.0003	0
700000.0003	0
700000.0003	0
700000.0003	0
700000.0003	0
700000.0003	0
700000.0003	0
700000.0003	0
700000.0003	0
700000.0003	0
700000.0003	0
700000.0003	0
700000.0003	0
700000.0003	0
700000.0003	0
700000.0003	0
700000.0003	0
700000.0003	0
700000.0003	0
700000.0003	0
700000.0003	0
700000.0003	0
700000.0003	0
700000.0003	0
700000.0003	0
700000.0003	0
700000.0003	0
700000.0003	0
700000.0003	0
700000.0003	0
700000.0003	0
700000.0003	0
700000.0003	0
700000.0003	0
700000.0003	0
700000.0003	0
700000.0003	0
700000.0003	0
700000.0003	0
700000.0003	0
700000.0003	0
700000.0003	0
700000.0003	0
700000.0003	0
700000.0003	0
700000.0003	0
700000.0003	0
700000.0003	0
700000.0003	0
700000.0003	0
700000.0003	0
700000.0003	0
700000.0003	0
700000.0003	0
700000.0003	0
700000.0003	0
700000.0003	0
700000.0003	0
700000.0003	0
700000.0003	0
700000.0003	0
700000.0003	0
700000.0003	0
700000.0003	0
700000.0003	0
700000.0003	0
700000.0003	0
700000.0003	0
