700000.0003	2960.42	2957.23	2959.45	2956.55	2960.69	2957.33	2958.62	2959.82	2957.73	2954.91	2958.29	2958.81	2958.43	2954.26	2960.85
700000.0003	1534.73	1534.08	1531.91	1532.16	1533.12	1534.35	1534.76	1532.74	1529.23	1532.81	1530.95	1533.71	1531.06	1532	1532.42
700000.0003	195.061	194.433	193.592	194.145	193.32	193.338	193.249	193.986	193.788	192.654	193.985	193.136	193.285	193.93	193.984
700000.0003	32.3023	32.0273	32.2217	32.2458	32.1115	32.4396	32.0835	32.5626	32.4894	32.2188	32.4918	32.4208	32.9046	32.1738	32.4883
700000.0003	19.5812	19.5662	19.2916	19.0686	19.6269	19.77	19.554	19.5036	18.9643	19.026	19.2332	19.7762	19.1867	19.4257	19.2003
700000.0003	16.6834	16.4653	16.0934	16.4684	16.9277	16.417	16.6439	16.6025	17.2087	16.7663	16.5307	16.8174	16.4336	16.905	16.3435
700000.0003	15.4008	15.3619	14.9637	15.2731	15.7677	15.6478	15.3263	15.282	15.2566	15.5118	15.651	15.0823	15.386	15.2816	15.1684
700000.0003	14.6294	14.2464	15.0088	14.642	14.8059	14.6179	14.5285	14.4636	14.3606	14.5801	14.862	14.6774	14.3927	14.3811	14.4419
700000.0003	13.9527	14.083	14.3381	13.9269	14.4346	13.5154	14.1914	13.7947	13.5857	14.3798	14.2406	13.569	13.8271	14.0023	14.1609
700000.0003	13.9518	13.9354	13.8549	13.7	13.8138	13.5396	13.6006	14.0996	13.5111	13.6274	13.9363	13.7489	13.6159	13.4946	13.532
700000.0003	13.5837	13.2323	13.2502	13.2792	13.6852	13.5051	13.3546	13.6521	13.7073	13.7304	13.7286	13.8914	13.4352	13.5023	13.7296
700000.0003	13.3704	13.07	13.4259	13.38	13.7702	13.3927	13.5015	13.5253	13.2903	13.6039	13.2521	13.6662	13.4116	13.2394	13.621
700000.0003	13.0534	13.3291	13.7844	13.2067	13.3186	13.3415	13.601	13.2965	13.12	13.216	13.4166	13.3865	13.3615	13.2772	13.6027
700000.0003	13.2513	13.311	12.8583	13.5594	13.7269	13.2664	13.1151	13.4215	13.2192	13.2428	13.3187	13.5399	13.3703	13.3104	13.5407
700000.0003	13.3387	13.6111	13.3586	13.5386	13.6322	13.4304	13.5114	13.7289	13.5723	13.6135	13.2438	13.551	13.3741	13.2432	13.2399
700000.0003	13.9593	14.1294	14.0105	14.0497	13.7536	14.0523	14.0388	13.8898	14.0431	14.4114	14.1186	13.7382	13.9141	13.783	14.1114
700000.0003	15.4978	15.3815	15.2638	15.0847	15.4345	15.3733	15.0048	15.0951	15.3086	15.4062	15.3229	15.1103	15.1472	15.3089	15.2736
700000.0003	17.2913	16.8339	16.8476	16.6963	17.0035	17.0115	16.94	17.27	17.5255	16.9054	16.7475	17.3314	17.0147	17.1339	17.0981
700000.0003	20.0829	20.1041	19.835	19.4602	19.9118	20.1156	19.6869	19.7932	19.757	20.1337	19.9885	19.7602	19.9455	19.8739	19.9226
700000.0003	23.968	24.2608	24.1356	23.922	24.0578	24.3012	23.9926	24.0303	24.0677	24.1003	24.2341	24.2675	23.6721	23.7778	24.0299
700000.0003	30.6856	30.2446	31.1356	30.7592	31.0808	30.7051	30.6848	30.8157	30.5499	30.5796	30.3505	31.0683	31.3156	30.5884	30.0485
700000.0003	42.3261	42.2668	42.4999	42.2126	42.0113	41.5876	41.7095	41.6569	42.3044	41.2969	41.8568	41.6728	41.6903	41.8355	42.2889
700000.0003	67.8185	67.0026	67.8361	67.0807	67.1647	67.8686	67.5595	67.5378	67.2077	66.974	66.6967	67.5104	67.559	67.1623	68.1704
700000.0003	155.628	154.466	156.283	155.422	155.514	155.478	156.251	156.493	155.814	155.432	155.338	155.905	156.338	155.97	156.034
700000.0003	514.383	515.504	514.487	516.074	515.817	515.728	517.068	516.726	515.438	517.189	516.908	516.652	515.419	515.664	516.581
700000.0003	1360.38	1360.71	1360.59	1361.51	1362.15	1361.9	1364.61	1361.69	1363.84	1362.71	1362.46	1361.14	1360.39	1361.76	1362.33
700000.0003	2201.87	2200.77	2202.11	2197.93	2201.69	2201.92	2203.43	2202.46	2201.9	2199.84	2201.68	2198.6	2201.33	2201.42	2202.71
700000.0003	2638.26	2643.75	2642.52	2641.05	2639.93	2640.77	2644.73	2643.73	2640.43	2642.67	2640.22	2639.94	2640.04	2641.44	2641.91
700000.0003	2788.3	2788.04	2789.44	2788.41	2788.61	2787.14	2787.77	2788.99	2789.7	2788.88	2784.88	2787.79	2786.91	2788.21	2787.34
700000.0003	2836.69	2837.7	2834.04	2833.82	2835.8	2835.45	2836.85	2834.7	2835.94	2834.48	2836.03	2834.82	2834.31	2831.39	2836.98
700000.0003	2864.65	2865.27	2863.62	2865.85	2865.66	2863.18	2864.09	2867.51	2866.7	2865.1	2862.27	2865.73	2866.07	2864.03	2863.61
700000.0003	2893.4	2894.13	2890.75	2892.62	2891.77	2894.74	2889.37	2891.56	2894.91	2894.03	2892.15	2891.37	2892.62	2891.81	2891.73
700000.0003	2918.81	2922.87	2921.81	2917.66	2919.26	2919.49	2919.01	2919.86	2918.92	2919.63	2920.94	2919.43	2921.32	2918.47	2918.4
700000.0003	2943.44	2946.77	2948.29	2947.42	2946.23	2947.91	2946.42	2944.64	2945.62	2948.98	2946.66	2945.57	2947.37	2950.52	2946.42
700000.0003	2974.51	2975.18	2973.99	2973.1	2975.13	2972.37	2971.91	2972.37	2975.62	2972.85	2973.19	2975.98	2974.06	2972.54	2972.24
700000.0003	3002.08	3001.69	2997.47	2999.43	3002.7	3001.64	2995.88	3001.6	3004.45	2997.46	2998.61	3001.34	3006.16	2997.29	2999.2
700000.0003	3029.55	3028.21	3026.27	3027.32	3029.82	3025.69	3021.82	3027.47	3030.08	3026.13	3022.49	3030.02	3029.46	3025.3	3023.17
700000.0003	3057.81	3052.66	3050.2	3051.64	3056.54	3054.23	3048.39	3050.77	3052.49	3054.89	3051.94	3054.81	3052.82	3050.61	3050.74
700000.0003	3078.42	3078.04	3077.71	3079.75	3077.3	3076.01	3078.03	3077.49	3078.75	3077.1	3075.66	3078.67	3079.22	3078.02	3076.63
700000.0003	3098.99	3096.08	3094.21	3098.35	3096.83	3096.19	3096.05	3095.77	3095.35	3096.55	3095.81	3098.76	3094.41	3094.71	3097.6
700000.0003	-0.000103333	-0.780852	-0.913035	-0.205158	0.0184386	0.357228	-0.626137	-0.666599	-0.06719	1.0232	-0.33091	0.00437892	0.0700663	0.270188	0.183587
700000.0003	0.72769	0.496492	-0.960135	-0.801422	0.82368	2.00225	0.0407375	0.857467	0.210567	-0.173924	0.0207047	-0.275815	-0.0561667	0.136639	-0.5889
700000.0003	-0.413342	-0.572936	0.0990447	0.024779	-0.14233	0.0273293	0.529787	-0.457091	-0.282151	0.472325	-0.25977	0.126061	0.329704	-0.590449	0.0859647
700000.0003	0.199002	0.0864114	-0.185831	-0.00484451	0.368443	0.397893	-0.134883	0.143578	0.0878816	-0.104897	0.294149	-0.129073	0.0864136	0.0962106	0.174485
700000.0003	-0.142613	-0.035768	0.152186	-0.00494317	0.0989588	-0.171876	0.0417612	-0.361364	0.0034104	0.0103063	-0.0221406	-0.0542467	-0.0787925	-0.0356434	0.0689952
700000.0003	-0.0422383	-0.0759814	-0.0493179	0.132443	-0.0339614	0.00166544	-0.068931	-0.220855	0.0471407	-0.00680267	-0.0604064	-0.171516	0.0497123	-0.122763	0.0759266
700000.0003	0.110005	0.0734316	-0.140622	-0.330408	-0.0958942	0.0199038	0.0554899	0.02592	0.243988	0.0293992	-0.0128256	-0.00723371	-0.103247	-0.219229	0.242331
700000.0003	-0.115673	0.0689053	0.00765018	-0.0738374	0.00303185	-0.133072	0.246521	0.257016	0.0736862	-0.0634031	0.13701	0.308793	-0.115805	0.0171217	-0.0464886
700000.0003	0.124574	0.0557343	0.0191528	0.0744363	-0.145163	-0.139839	0.0193211	-0.0241964	-0.10336	0.0145349	0.178452	-0.115373	0.137671	0.00905183	-0.150461
700000.0003	-0.11495	0.0398012	-0.110469	0.197365	-0.0747794	-0.0295489	0.0704188	0.118844	0.112318	-0.0729575	0.00318033	0.197856	-0.0847467	-0.225721	0.15882
700000.0003	-0.193718	0.064244	-0.00592101	0.0628734	-0.0564527	-0.021414	-0.142974	-0.0683379	-0.0195233	-0.166198	-0.0254621	0.0976734	0.0143669	0.00118971	-0.236702
700000.0003	0.0582448	-0.150835	-0.119214	-0.0686523	0.013748	-0.129015	-0.130536	0.191593	-0.15879	0.103971	-0.0735708	0.00986711	0.0281214	-0.0538464	-0.00675145
700000.0003	-0.0564968	0.0252128	0.0919096	-0.162635	0.132718	-0.0789492	0.0149096	-0.107156	-0.0147264	0.0372073	-0.00282875	-0.172575	0.0591214	-0.248721	-0.0818302
700000.0003	0.0463834	-0.0222697	0.143965	-0.101589	-0.00705111	0.132474	-0.107303	-0.036575	0.140588	-0.0318912	-0.0395379	0.108719	0.0124919	-0.0964583	0.119549
700000.0003	0.00834553	0.0310017	-0.0818571	-0.179408	0.0154012	0.109249	0.0608259	0.0183379	0.0127591	-0.11583	0.0327332	-0.107012	0.117818	0.14078	0.0439272
700000.0003	-0.0831847	0.113918	0.219785	-0.0576033	0.122101	0.105373	0.00223407	-0.00588893	-0.014593	-0.0820108	0.0575799	-0.00201462	0.0998322	0.072065	0.0125638
700000.0003	-0.135916	0.044343	-0.174235	0.029383	0.00269194	0.0600666	0.0709568	-0.0191495	-0.0345867	0.110945	-0.157942	-0.043073	0.0071451	-0.0641275	0.0683769
700000.0003	0.0640025	-0.146013	0.105831	-0.214378	-0.107046	-0.205966	0.0441164	0.0467416	-0.121554	-0.0573724	-0.00369195	-0.121535	-0.0431509	0.0660141	-0.185143
700000.0003	0.220115	0.0929635	-0.14014	0.153197	0.0406053	-0.0999207	0.141212	-0.0538477	0.107002	0.161077	0.0100015	0.0142116	-0.0143293	-0.335065	0.148038
700000.0003	0.01241	-0.113411	-0.161906	0.105415	-0.203894	-0.0620262	0.147087	-0.0207268	-0.211322	0.057321	-0.0819827	0.176515	0.0269229	-0.112152	-0.0165934
700000.0003	0.115956	-0.0878293	0.18078	0.00475632	-0.129117	-0.289103	0.00874913	-0.211011	0.0201125	0.165338	-0.102067	-0.219167	0.0974457	0.306033	0.00126455
700000.0003	-0.0765232	0.233252	-0.127883	0.0692986	-0.0946969	-0.145519	-0.0153699	0.11589	-0.00805084	-0.0731389	0.164949	0.280388	0.00905806	0.27566	-0.073393
700000.0003	-0.262055	-0.0516946	0.0714304	-0.107639	-0.0178917	-0.256991	0.144506	-0.186362	-0.474233	-0.0118205	-0.385391	-0.174611	0.16028	0.00743995	0.326269
700000.0003	0.032333	0.100887	-0.206972	0.21533	0.352352	0.0207093	-0.357525	0.039652	0.263842	0.063335	0.0771267	-0.302581	-0.342343	0.123868	0.565555
700000.0003	-0.00366541	0.635968	0.784558	0.483981	-0.186036	0.351241	-0.548075	0.608728	-0.545022	-0.196787	0.00341916	-0.357076	-0.105318	0.436505	-0.6556
700000.0003	-0.666298	0.897113	0.529599	0.670357	0.422424	-1.34477	0.0633046	0.850976	-0.0900085	0.106526	-0.836112	0.105039	0.479941	-0.594755	0.333114
700000.0003	2.09	-0.336047	0.727293	-0.781333	-0.431397	0.383994	0.615582	0.306531	0.0534938	-0.862839	-0.673597	0.0411045	0.358435	-0.0388414	0.575602
700000.0003	-0.441865	0.0117325	-1.03891	-0.640492	-1.40325	-0.270816	-0.315655	1.16031	0.197455	-0.442531	0.295989	-1.14714	-0.374007	-0.893863	-0.839637
700000.0003	-0.644895	-1.02636	-1.16356	0.124907	-0.00715501	-0.318511	0.462072	-0.0669008	0.0110607	0.621092	0.584741	-0.457374	-0.0588415	-0.278621	0.0590631
700000.0003	-0.715919	-0.882954	-0.344505	-0.380296	-0.551055	0.394603	1.56839	0.557684	1.3551	0.53389	0.896832	0.470166	-0.179388	-0.668027	-0.430418
700000.0003	-0.609314	-0.489892	-0.276428	-0.209759	-0.161411	0.208492	-0.843048	0.860091	1.23886	1.06416	-0.439182	0.41283	0.0704731	-0.496866	-0.576091
700000.0003	0.0190197	-0.738177	-0.747091	-1.02102	0.0906979	0.797387	0.242036	-0.436953	0.793784	0.355596	0.90801	0.547861	0.516597	-0.471868	-0.304806
700000.0003	-1.1457	-0.92925	0.533275	-0.109972	-1.50729	-0.693427	0.298369	0.990707	-0.0316989	0.251145	0.940714	0.875724	0.604637	-0.304452	-0.69814
700000.0003	0.0867679	-1.20497	-0.86582	-0.599182	-0.144197	0.0371664	0.445561	0.49627	0.585599	-0.341711	0.869932	0.984058	-0.433623	-0.127688	-0.0426453
700000.0003	-0.862258	-0.424933	-0.497981	0.380704	0.624373	-0.170693	0.461639	0.303415	-0.0541023	-0.104369	0.158226	0.926185	0.299326	0.0203881	0.0182272
700000.0003	-0.528645	-0.00674707	0.231525	0.435565	-0.540165	0.0550365	0.222688	0.980465	-0.361737	0.0216039	-0.596007	-0.233144	-0.132076	-0.0767208	0.319753
700000.0003	-0.00236885	-0.319871	-0.148103	0.166094	0.66235	-0.0233155	-0.647827	0.117202	0.407076	1.30156	0.663479	-1.33714	0.402469	1.29791	0.57067
700000.0003	0.142219	1.08015	-0.115838	-1.01695	-0.28395	1.50006	0.146785	0.971184	-0.549075	-0.0878279	0.438909	0.718012	0.322738	0.370559	-0.195811
700000.0003	-0.266968	-1.23166	-0.338757	1.20552	1.11566	-0.0216224	0.298199	-0.87153	-0.351099	0.393932	-0.0108319	-0.0864434	0.483518	0.575787	0.401231
700000.0003	0.0268611	-0.653103	-0.0207235	-0.206674	0.501037	-0.491265	0.624187	-0.907454	0.23367	-0.206704	0.119716	0.530098	-0.898702	1.09373	0.38466
700000.0003	2913.55	2910.91	2913	2909.38	2911.06	2911.25	2909.2	2911.71	2909.04	2911.25	2913.99	2912.63	2914.07	2910.19	2914.2
700000.0003	1605.27	1607.41	1605.25	1606.01	1604.16	1604.63	1606.01	1605.28	1601.3	1602.45	1603.16	1606.63	1604.99	1604.47	1605.28
700000.0003	175.123	174.607	173.534	173.713	172.399	173.802	174.534	174.948	174.058	173.756	172.611	173.068	172.929	174.005	174.007
700000.0003	28.158	27.9759	28.2847	28.3795	28.6151	28.5579	28.5017	28.7371	28.4875	28.235	28.0222	28.5932	28.6601	28.6169	28.4426
700000.0003	18.1013	18.5752	17.864	18.1324	18.2725	18.2402	18.7377	18.1919	18.2644	17.8578	18.3539	18.3366	18.4181	18.3255	18.2452
700000.0003	15.7338	16.0872	15.9746	15.9203	16.5334	16.2781	16.1395	16.2794	16.0969	16.1344	16.1672	16.3791	16.1049	16.1318	15.8465
700000.0003	14.9777	15.257	14.9617	15.169	15.207	15.282	14.644	14.8448	15.029	15.1814	15.3185	15.1069	15.0524	14.8658	14.9678
700000.0003	14.2634	14.0582	14.5438	14.3631	14.9382	14.4866	14.2594	13.9971	14.4642	14.2241	14.7228	14.5109	14.1386	14.2444	14.3313
700000.0003	13.6883	14.0195	13.8638	13.87	13.918	13.9116	13.684	13.8801	13.399	13.9832	14.1172	13.9533	14.1383	13.7526	13.7005
700000.0003	13.4311	13.798	13.5498	13.3902	13.3446	13.3679	13.5327	13.6933	13.6978	13.5303	13.5832	13.6873	13.6297	13.3722	13.461
700000.0003	13.5864	13.4085	13.5509	13.3781	13.1865	13.4296	13.5449	13.364	13.6931	13.727	13.4731	13.3284	13.6564	13.4048	13.4853
700000.0003	13.4451	13.1656	13.2931	13.4916	13.3784	13.2802	13.5083	13.4525	13.4255	13.5816	13.2959	13.3651	13.2895	13.6207	13.5369
700000.0003	13.2099	13.3055	13.4503	13.0207	13.0705	13.1138	13.36	13.2984	13.0819	13.028	13.3896	13.4511	13.1024	13.1707	13.3727
700000.0003	13.2425	13.5921	13.193	13.2885	13.2998	13.5596	13.331	13.3257	13.0681	12.9299	13.2028	13.3075	13.3685	13.1085	13.0246
700000.0003	13.3318	13.5634	13.3227	13.6416	13.4062	13.542	13.4835	13.4724	13.3987	13.3741	13.3095	13.2652	13.3618	13.5455	13.2049
700000.0003	13.7381	13.8382	13.8864	13.9919	13.8913	13.876	13.9082	13.8873	13.8516	14.254	14.0469	13.7496	14.1124	13.9868	13.9667
700000.0003	15.199	14.9793	15.2282	15.1842	14.8981	15.054	15.0328	14.7952	15.2341	15.4607	15.4659	14.9589	15.1168	15.3617	15.208
700000.0003	17.1306	16.9143	16.8556	16.7756	16.9406	17.06	16.9455	17.1242	17.0034	17.123	16.8528	17.1194	16.9917	17.0539	17.027
700000.0003	19.1045	19.8905	19.8063	19.3003	19.7939	19.7737	19.6893	19.924	19.7754	20.0014	19.7034	19.6427	19.8473	19.551	19.8483
700000.0003	23.9494	24.1902	24.0561	23.8022	23.9087	23.8508	24.0366	24.3572	24.3569	23.9336	24.2333	23.8898	23.4707	23.8392	23.7839
700000.0003	30.5516	30.331	30.6886	30.5437	31.166	30.4075	30.5819	30.4631	30.233	30.1175	29.8651	30.1354	30.7375	30.3573	30.0637
700000.0003	42.2149	41.2958	42.0349	42.2742	41.7131	41.676	41.7733	41.2494	41.4332	41.1624	41.2902	41.4128	41.4503	41.6805	42.0239
700000.0003	66.8074	66.3497	66.2601	66.2937	67.3861	66.8537	66.2085	66.3539	66.3315	66.5544	66.6077	66.6382	66.4546	66.1101	66.6904
700000.0003	152.681	152.449	153.836	152.478	152.636	153.064	153.529	153.091	153.491	152.652	152.838	152.872	153.526	152.318	152.986
700000.0003	519.869	520.011	519.401	519.321	519.844	520.883	521.096	520.548	520.224	520.09	521.327	521.365	520.875	518.794	520.861
700000.0003	1361.48	1362.46	1362.51	1363.63	1361.79	1361.74	1363.14	1362.82	1364.54	1360.98	1361.02	1362.57	1363.28	1362.84	1363.72
700000.0003	2156	2155.34	2155.37	2152.11	2156.3	2157.62	2158.87	2154.83	2153.41	2152.82	2153.34	2151.23	2153.97	2154.14	2155.84
700000.0003	2583.4	2587.7	2585.36	2585.75	2584.27	2586.7	2585.24	2586.12	2585.33	2585.85	2584.46	2585.03	2582.69	2585.55	2585.83
700000.0003	2780.55	2779.58	2780.15	2779.32	2779.66	2779.89	2776.7	2779.62	2778.38	2778.16	2777.71	2779.32	2777.28	2780.85	2777.53
700000.0003	2867.11	2868.25	2866.15	2867.44	2866.12	2864.92	2869.27	2864.9	2867.47	2864.2	2866.77	2866.71	2867.51	2866.71	2869.78
700000.0003	2907.49	2905.7	2907.08	2905.81	2907.36	2906.34	2911.42	2907.7	2908.68	2908.94	2909.18	2908.18	2908.18	2907.25	2905.74
700000.0003	2934.02	2931.8	2932.35	2934.33	2933.29	2934.6	2932.44	2934.81	2935.58	2936.14	2934.21	2933.46	2935.25	2930.5	2932.59
700000.0003	2957.96	2955.51	2954.62	2955.04	2958.57	2954.85	2954.56	2956.89	2953.3	2955.55	2954.32	2956.49	2954.65	2954.27	2954.05
700000.0003	2973.46	2973.92	2974.66	2975.42	2972.32	2975.7	2971.84	2974.34	2971.49	2975.11	2974.07	2973.68	2975.2	2975.22	2974.41
700000.0003	2988.67	2991.05	2992.77	2989.77	2990.14	2991.49	2991.64	2991.61	2992.69	2993.03	2992.2	2991.46	2990.88	2993.39	2992.79
700000.0003	3006.73	3007.3	3006.82	3009.11	3007.89	3010.01	3009.72	3007.39	3009.44	3008.7	3011.01	3006.5	3009.49	3007.01	3008.29
700000.0003	3025.4	3026.56	3027.91	3024.97	3027.06	3024.47	3024.19	3025.73	3027.67	3021.66	3025.19	3024.98	3023.65	3025.86	3025.37
700000.0003	3045.67	3045.7	3044.58	3043.82	3045.02	3044.04	3042.55	3043.37	3044.31	3043.68	3044.6	3044.52	3042.99	3044.43	3043.7
700000.0003	3067.05	3070.38	3070.01	3068.95	3069.41	3069.21	3069.15	3069.41	3072.06	3071.82	3069.84	3069.49	3071.44	3068.97	3068.31
700000.0003	3085.33	3083.34	3080.99	3084.75	3085.96	3084.98	3086.5	3083.7	3085.16	3086.23	3083.32	3084.89	3081.31	3085.68	3082.29
