700000.0003	64.33
700000.0003	114.426
700000.0003	192.71
700000.0003	311.451
700000.0003	482.52
700000.0003	699.129
700000.0003	962.398
700000.0003	1259.41
700000.0003	1591.04
700000.0003	1967.27
700000.0003	2388.19
700000.0003	2862.98
700000.0003	3304.24
700000.0003	3649.9
700000.0003	3808.51
700000.0003	3734.59
700000.0003	3461.57
700000.0003	3052.27
700000.0003	2594.59
700000.0003	2135.29
700000.0003	1730.81
700000.0003	1365.38
700000.0003	1057.6
700000.0003	808.466
700000.0003	611.38
700000.0003	465.723
700000.0003	350.338
700000.0003	263.756
700000.0003	198.684
700000.0003	153.259
700000.0003	116.439
700000.0003	88.412
700000.0003	69.1143
700000.0003	55.7719
700000.0003	42.2524
700000.0003	33.8111
700000.0003	26.4129
700000.0003	21.3409
700000.0003	17.962
700000.0003	14.7259
700000.0003	11.6378
700000.0003	9.05073
700000.0003	8.33027
700000.0003	7.96543
700000.0003	6.63538
700000.0003	4.12675
700000.0003	4.34898
700000.0003	5.38096
700000.0003	4.68566
700000.0003	3.26969
700000.0003	3.60339
700000.0003	3.48558
700000.0003	3.29053
700000.0003	2.55324
700000.0003	3.41158
700000.0003	2.55904
700000.0003	3.8501
700000.0003	1.74422
700000.0003	2.27924
700000.0003	3.59586
700000.0003	2.24089
700000.0003	1.81334
700000.0003	1.70162
700000.0003	0.573765
700000.0003	0.751094
700000.0003	1.42536
700000.0003	0.945713
700000.0003	2.03442
700000.0003	1.01613
700000.0003	1.82396
700000.0003	1.22526
700000.0003	-0.85887
700000.0003	1.09843
700000.0003	0.75273
700000.0003	0.393472
700000.0003	0.685509
700000.0003	1.4835
700000.0003	1.96781
700000.0003	1.90136
700000.0003	1.39325
700000.0003	0.559748
700000.0003	0.0782312
700000.0003	1.17165
700000.0003	0.943718
700000.0003	-0.0806905
700000.0003	-0.471951
700000.0003	-0.224827
700000.0003	0.492517
700000.0003	0.518299
700000.0003	0.94834
700000.0003	0.394476
700000.0003	0.531099
700000.0003	0.98311
700000.0003	0.55164
700000.0003	0.517677
700000.0003	0.507056
700000.0003	-0.707664
700000.0003	0.772213
700000.0003	-1.01072
700000.0003	0.516152
700000.0003	1.45941
700000.0003	0.00697929
700000.0003	-0.114697
700000.0003	0.661503
700000.0003	1.65035
700000.0003	-0.0274549
700000.0003	0.168647
700000.0003	0.338355
700000.0003	0.617789
700000.0003	0.264861
700000.0003	-1.17913
700000.0003	-0.0054733
700000.0003	0.293132
700000.0003	0.392613
700000.0003	0.115402
700000.0003	0.613678
700000.0003	1.72863
700000.0003	-0.091048
700000.0003	-0.195128
700000.0003	0.20128
700000.0003	0.2323
700000.0003	-0.275451
700000.0003	-0.214535
700000.0003	-0.802294
700000.0003	0.823559
700000.0003	0.0661112
700000.0003	-1.01312
700000.0003	-0.97267
700000.0003	-0.763492
700000.0003	-0.0348079
700000.0003	-0.398944
700000.0003	0.199028
700000.0003	0.758953
700000.0003	0.457316
700000.0003	0.933872
700000.0003	0.939096
700000.0003	1.22952
700000.0003	-0.71492
700000.0003	-0.229553
700000.0003	-2.74146
700000.0003	-0.442553
700000.0003	-0.268088
700000.0003	-0.575635
700000.0003	0.486417
700000.0003	0.343915
700000.0003	-0.61226
700000.0003	-0.880594
700000.0003	-0.850443
700000.0003	-1.04777
700000.0003	-0.465475
700000.0003	-0.992926
700000.0003	-0.112204
700000.0003	-1.52644
700000.0003	-1.98379
700000.0003	-0.348501
700000.0003	-1.02171
700000.0003	-1.59519
700000.0003	-2.02672
700000.0003	-2.24379
700000.0003	-2.17594
700000.0003	-1.36535
700000.0003	-2.77974
700000.0003	-1.35658
700000.0003	-1.84719
700000.0003	-1.60839
700000.0003	-3.24483
700000.0003	-2.54593
700000.0003	-2.94316
700000.0003	-1.69493
700000.0003	-2.73441
700000.0003	-2.49023
700000.0003	-2.4629
700000.0003	-3.57173
700000.0003	-3.31105
700000.0003	-2.41351
700000.0003	-3.42684
700000.0003	-3.4729
700000.0003	-3.4571
700000.0003	-3.14358
700000.0003	-3.70373
700000.0003	-3.18303
700000.0003	-4.76332
700000.0003	-3.83492
700000.0003	-4.69643
700000.0003	-5.85733
700000.0003	-5.51857
700000.0003	-6.24766
700000.0003	-6.92996
700000.0003	-5.91478
700000.0003	-5.97021
700000.0003	-7.81382
700000.0003	-6.30088
700000.0003	-6.11576
700000.0003	-6.38104
700000.0003	-7.86519
700000.0003	-7.51404
700000.0003	-8.20637
700000.0003	-8.92217
700000.0003	-8.72504
700000.0003	-10.2702
700000.0003	-11.0035
700000.0003	-10.5899
700000.0003	-10.2544
700000.0003	-9.98312
700000.0003	-12.1368
700000.0003	-13.4849
700000.0003	-13.1543
700000.0003	-13.3988
700000.0003	-15.0089
700000.0003	-14.9009
700000.0003	-18.0707
700000.0003	-16.8092
700000.0003	-19.3084
700000.0003	-20.4974
700000.0003	-22.1506
700000.0003	-23.4744
700000.0003	-25.6073
700000.0003	-27.8115
700000.0003	-29.5203
700000.0003	-32.4241
700000.0003	-34.2983
700000.0003	-39.8576
700000.0003	-43.1249
700000.0003	-47.684
700000.0003	-54.3773
700000.0003	-60.7694
700000.0003	-67.7616
700000.0003	-74.8761
700000.0003	-87.932
700000.0003	-100.876
700000.0003	-117.903
700000.0003	-134.275
700000.0003	-157.962
700000.0003	-182.97
700000.0003	-213.07
700000.0003	-246.835
700000.0003	-289.305
700000.0003	-336.167
700000.0003	-391.936
700000.0003	-452.854
700000.0003	-524.006
700000.0003	-598.579
700000.0003	-685.296
700000.0003	-774.926
700000.0003	-867.257
700000.0003	-966.508
700000.0003	-1066.94
700000.0003	-1159.57
700000.0003	-1248.98
700000.0003	-1327.49
700000.0003	-1397.09
700000.0003	-1452.51
700000.0003	-1488.38
700000.0003	-1510.78
700000.0003	-1514.4
700000.0003	-1501.33
700000.0003	-1474.3
700000.0003	-1438.1
700000.0003	-1389.67
700000.0003	-1331.72
700000.0003	-1271.78
700000.0003	-1208.4
700000.0003	-1136.66
700000.0003	-1070.76
700000.0003	-1005.34
700000.0003	-937.912
700000.0003	-869.557
700000.0003	-804.393
700000.0003	-734.99
700000.0003	-673.543
700000.0003	-610.173
700000.0003	-553.108
700000.0003	-495.76
700000.0003	-443.176
700000.0003	-393.828
700000.0003	-345.965
700000.0003	-305.724
700000.0003	-269.048
700000.0003	-233.666
700000.0003	-204.111
700000.0003	-177.456
700000.0003	-155.98
700000.0003	-136.519
700000.0003	-120.145
700000.0003	-104.759
700000.0003	-95.0615
700000.0003	-85.2066
700000.0003	-75.7544
700000.0003	-70.1484
700000.0003	-64.7326
700000.0003	-60.8498
700000.0003	-57.9622
700000.0003	-54.158
700000.0003	-52.5211
700000.0003	-49.3719
700000.0003	-48.4152
700000.0003	-46.902
700000.0003	-45.0436
700000.0003	-43.8034
700000.0003	-43.0721
700000.0003	-41.9337
700000.0003	-41.8117
700000.0003	-41.7756
700000.0003	-41.4114
700000.0003	-40.9585
700000.0003	-41.1635
700000.0003	-41.4435
700000.0003	-41.9031
700000.0003	-41.6367
700000.0003	-40.7863
700000.0003	-41.2514
700000.0003	-41.426
700000.0003	-41.4466
700000.0003	-40.9678
700000.0003	-41.6478
700000.0003	-40.8173
700000.0003	-40.8385
700000.0003	-40.5433
700000.0003	-41.3104
700000.0003	-40.2298
700000.0003	-40.3767
700000.0003	-40.3985
700000.0003	-40.5408
700000.0003	-41.1423
700000.0003	-41.1053
700000.0003	-41.7366
700000.0003	-39.8008
700000.0003	-40.6108
700000.0003	-40.7163
700000.0003	-40.7224
700000.0003	-39.9732
700000.0003	-41.8354
700000.0003	-39.8726
700000.0003	-40.3049
700000.0003	-40.6418
700000.0003	-40.7257
700000.0003	-40.5177
700000.0003	-40.4705
700000.0003	-40.5442
700000.0003	-40.5072
700000.0003	-40.4475
700000.0003	-40.3663
700000.0003	-40.3717
700000.0003	-40.3879
700000.0003	-40.87
700000.0003	-40.7198
700000.0003	-39.9469
700000.0003	-39.4173
700000.0003	-40.5523
700000.0003	-40.6584
700000.0003	-39.8854
700000.0003	-39.3236
700000.0003	-39.8149
700000.0003	-40.1966
700000.0003	-40.0783
700000.0003	-39.8669
700000.0003	-39.2364
700000.0003	-40.529
700000.0003	-41.0176
700000.0003	-40.7964
700000.0003	-40.3736
700000.0003	-41.0237
700000.0003	-40.6411
700000.0003	-39.9071
700000.0003	-40.194
700000.0003	-40.4634
700000.0003	-39.73
700000.0003	-39.0824
700000.0003	-39.9611
700000.0003	-39.4305
700000.0003	-39.7174
700000.0003	-39.8471
700000.0003	-39.3963
700000.0003	-38.4126
700000.0003	-38.6326
700000.0003	-38.8147
700000.0003	-38.3265
700000.0003	-37.798
700000.0003	-38.7244
700000.0003	-38.5333
700000.0003	-37.9482
700000.0003	-38.2197
700000.0003	-37.7005
700000.0003	-37.5399
700000.0003	-36.3776
700000.0003	-36.2936
700000.0003	-35.7025
700000.0003	-34.711
700000.0003	-33.0708
700000.0003	-32.8188
700000.0003	-30.0588
700000.0003	-30.4539
700000.0003	-28.204
700000.0003	-23.7389
700000.0003	-20.5938
700000.0003	-14.0625
700000.0003	-6.30994
700000.0003	3.85941
700000.0003	17.342
700000.0003	34.8929
700000.0003	-0.910693
700000.0003	-0.100465
700000.0003	1.27522
700000.0003	-1.31184
700000.0003	0.412716
700000.0003	-0.648033
700000.0003	-1.28537
700000.0003	1.16427
700000.0003	0.232874
700000.0003	0.261499
700000.0003	2.256
700000.0003	-3.01573
700000.0003	-0.337202
700000.0003	0.677235
700000.0003	-3.15751
700000.0003	0.270705
700000.0003	0.888028
700000.0003	5.72763
700000.0003	1.39991
700000.0003	3.0266
700000.0003	-1.37439
700000.0003	-3.60215
700000.0003	-1.87862
700000.0003	-2.2505
700000.0003	-0.553064
700000.0003	-0.604158
700000.0003	-1.51622
700000.0003	3.36103
700000.0003	0.49011
700000.0003	-0.78995
700000.0003	-0.291373
700000.0003	0.111823
700000.0003	1.26608
700000.0003	0.0395389
700000.0003	-0.735266
700000.0003	0.155846
700000.0003	-1.92579
700000.0003	1.43703
700000.0003	-0.663331
700000.0003	0.68868
700000.0003	0.827133
700000.0003	0.80737
700000.0003	-0.4736
700000.0003	0.247304
700000.0003	-0.0605237
700000.0003	-0.163788
700000.0003	-0.768386
700000.0003	0.387159
700000.0003	0.292257
700000.0003	-0.705751
700000.0003	0.535147
700000.0003	-0.047425
700000.0003	-0.0320013
700000.0003	0.388153
700000.0003	-0.838901
700000.0003	-0.00147955
700000.0003	-0.562348
700000.0003	-0.0885896
700000.0003	-0.349047
700000.0003	1.462
700000.0003	-0.188813
700000.0003	0.442337
700000.0003	0.0537547
700000.0003	-0.720004
700000.0003	-0.972742
700000.0003	-0.00423698
700000.0003	0.638318
700000.0003	-0.464719
700000.0003	-0.425538
700000.0003	0.430519
700000.0003	0.862934
700000.0003	0.263588
700000.0003	-0.481987
700000.0003	-0.299159
700000.0003	0.757959
700000.0003	-0.0136809
700000.0003	-1.20102
700000.0003	-0.696697
700000.0003	-0.166116
700000.0003	0.752646
700000.0003	0.26029
700000.0003	0.475356
700000.0003	-0.243352
700000.0003	0.0629431
700000.0003	0.483025
700000.0003	-0.58667
700000.0003	-0.0681784
700000.0003	0.601664
700000.0003	0.12325
700000.0003	0.312912
700000.0003	-0.33124
700000.0003	-0.495486
700000.0003	-0.50162
700000.0003	0.918478
700000.0003	1.38248
700000.0003	-0.883595
700000.0003	-0.376994
700000.0003	-0.139634
700000.0003	0.17254
700000.0003	-0.442483
700000.0003	0.7534
700000.0003	-0.517305
700000.0003	-0.860015
700000.0003	0.129361
700000.0003	0.0964139
700000.0003	0.21453
700000.0003	0.024172
700000.0003	1.3201
700000.0003	-0.202654
700000.0003	-0.494688
700000.0003	-0.199333
700000.0003	0.135929
700000.0003	0.358335
700000.0003	-0.917923
700000.0003	0.749617
700000.0003	0.297315
700000.0003	0.0805065
700000.0003	-0.582514
700000.0003	0.0583994
700000.0003	-0.425137
700000.0003	0.154228
700000.0003	0.804082
700000.0003	0.105137
700000.0003	0.0587401
700000.0003	0.355204
700000.0003	-0.170818
700000.0003	0.0424882
700000.0003	-0.86917
700000.0003	-0.361381
700000.0003	-0.0220274
700000.0003	0.772457
700000.0003	-1.12551
700000.0003	0.014899
700000.0003	-0.0332265
700000.0003	0.437476
700000.0003	0.0760455
700000.0003	-0.641118
700000.0003	0.833559
700000.0003	-0.0944473
700000.0003	0.650842
700000.0003	-0.911169
700000.0003	-0.3739
700000.0003	1.34053
700000.0003	0.425945
700000.0003	-0.499758
700000.0003	-0.986723
700000.0003	0.619334
700000.0003	0.235432
700000.0003	-0.0433051
700000.0003	-0.299075
700000.0003	-0.258638
700000.0003	0.615736
700000.0003	0.440982
700000.0003	-0.0702258
700000.0003	0.509746
700000.0003	0.065733
700000.0003	0.111439
700000.0003	-0.849856
700000.0003	-1.16758
700000.0003	0.380959
700000.0003	0.576106
700000.0003	-0.31317
700000.0003	-0.796616
700000.0003	-0.350636
700000.0003	0.376415
700000.0003	0.327213
700000.0003	-0.555503
700000.0003	1.33024
700000.0003	-0.807218
700000.0003	-1.12896
700000.0003	0.0749662
700000.0003	0.197042
700000.0003	0.130276
700000.0003	1.10802
700000.0003	0.630407
700000.0003	-0.101636
700000.0003	0.0856483
700000.0003	-0.424025
700000.0003	0.307699
700000.0003	0.080621
700000.0003	-0.787972
700000.0003	0.358094
700000.0003	-0.33253
700000.0003	0.589177
700000.0003	0.268662
700000.0003	-0.567198
700000.0003	-0.728757
700000.0003	-0.338973
700000.0003	0.268402
700000.0003	-0.202636
700000.0003	-0.924422
700000.0003	-0.860334
700000.0003	0.48915
700000.0003	0.947241
700000.0003	0.538203
700000.0003	0.381649
700000.0003	-0.50567
700000.0003	0.0536072
700000.0003	-0.903631
700000.0003	0.75573
700000.0003	-0.222519
700000.0003	-0.180239
700000.0003	0.448557
700000.0003	-0.153547
700000.0003	0.348535
700000.0003	-0.992701
700000.0003	-0.954181
700000.0003	-1.01498
700000.0003	1.6945
700000.0003	0.884557
700000.0003	1.14409
700000.0003	0.578851
700000.0003	-1.02252
700000.0003	-0.579849
700000.0003	0.711623
700000.0003	0.231948
700000.0003	0.81607
700000.0003	0.114236
700000.0003	-0.152795
700000.0003	0.414122
700000.0003	-1.04485
700000.0003	0.151856
700000.0003	-0.270253
700000.0003	0.789628
700000.0003	-0.85532
700000.0003	0.258154
700000.0003	0.688931
700000.0003	-0.986441
700000.0003	1.10066
700000.0003	-0.382732
700000.0003	-0.862044
700000.0003	0.17733
700000.0003	1.73632
700000.0003	-1.58773
700000.0003	0.100241
700000.0003	0.716234
700000.0003	-0.494084
700000.0003	0.534432
700000.0003	0.669947
700000.0003	0.0169901
700000.0003	-2.54624
700000.0003	-0.328907
700000.0003	-0.704536
700000.0003	-1.08569
700000.0003	1.28727
700000.0003	4.19102
700000.0003	-1.86633
700000.0003	-1.16241
700000.0003	0.59142
700000.0003	2.21324
700000.0003	-2.03128
700000.0003	1.39284
700000.0003	0.252124
700000.0003	3.24081
700000.0003	-0.517095
700000.0003	-3.89842
700000.0003	0.921444
700000.0003	-0.0955547
700000.0003	-1.49142
700000.0003	2.43145
700000.0003	-2.33051
700000.0003	-0.904709
700000.0003	-0.838975
700000.0003	0.975416
700000.0003	-0.28606
700000.0003	-0.407781
700000.0003	0.531433
700000.0003	0.466026
700000.0003	1.98819
700000.0003	-0.690874
700000.0003	-0.180692
700000.0003	-2.93761
700000.0003	-0.297244
700000.0003	-0.403848
700000.0003	0.93123
700000.0003	0.972625
700000.0003	-1.11194
700000.0003	0.386758
700000.0003	0.771138
700000.0003	-0.84343
700000.0003	1.42174
700000.0003	0.112045
700000.0003	-0.47336
700000.0003	0.740755
700000.0003	0.331824
700000.0003	-0.14881
700000.0003	-0.714991
700000.0003	0.153517
700000.0003	-0.338491
700000.0003	0.309378
700000.0003	-0.873586
700000.0003	-0.0141614
700000.0003	0.568012
700000.0003	-0.58324
700000.0003	-0.246236
700000.0003	0.0866656
700000.0003	-0.278956
700000.0003	-0.376734
700000.0003	-0.563748
700000.0003	-0.729438
700000.0003	0.710043
700000.0003	0.150663
700000.0003	-0.796966
700000.0003	0.461483
700000.0003	-0.356896
700000.0003	0.240775
700000.0003	-0.165681
700000.0003	-0.40568
700000.0003	0.171225
700000.0003	-0.502191
700000.0003	0.0257821
700000.0003	0.566397
700000.0003	-0.308055
700000.0003	-0.311332
700000.0003	0.403408
700000.0003	-0.875987
700000.0003	0.121502
700000.0003	0.46852
700000.0003	0.401467
700000.0003	0.0860116
700000.0003	0.811102
700000.0003	0.555072
700000.0003	-0.0669736
700000.0003	-0.159527
700000.0003	0.0755467
700000.0003	0.293571
700000.0003	0.815208
700000.0003	0.300131
700000.0003	0.464958
700000.0003	-0.238701
700000.0003	-0.0183193
700000.0003	-0.37788
700000.0003	-0.639646
700000.0003	-1.27093
700000.0003	-0.969254
700000.0003	-0.489854
700000.0003	0.201675
700000.0003	-0.0294898
700000.0003	-0.239335
700000.0003	-0.415447
700000.0003	0.521027
700000.0003	0.153852
700000.0003	-0.549796
700000.0003	0.101849
700000.0003	-0.00521053
700000.0003	-0.0298594
700000.0003	0.519888
700000.0003	0.389864
700000.0003	-0.319589
700000.0003	-1.53733
700000.0003	-0.0474358
700000.0003	-0.139234
700000.0003	0.317971
700000.0003	0.297076
700000.0003	0.01072
700000.0003	0.309793
700000.0003	-0.820578
700000.0003	0.147766
700000.0003	-0.470229
700000.0003	0.249028
700000.0003	-0.375013
700000.0003	-0.257711
700000.0003	-0.358997
700000.0003	0.0193097
700000.0003	0.00745207
700000.0003	0.666048
700000.0003	0.252978
700000.0003	0.02014
700000.0003	0.0133112
700000.0003	-0.359583
700000.0003	0.358505
700000.0003	-0.609858
700000.0003	0.493922
700000.0003	-0.760217
700000.0003	-0.0107957
700000.0003	0.00581465
700000.0003	-1.27741
700000.0003	0.0953474
700000.0003	0.149278
700000.0003	-0.292866
700000.0003	0.651816
700000.0003	-0.0784163
700000.0003	-0.310298
700000.0003	0.130662
700000.0003	-0.242136
700000.0003	1.00273
700000.0003	0.378013
700000.0003	-0.252721
700000.0003	0.693398
700000.0003	0.401266
700000.0003	0.511046
700000.0003	0.786813
700000.0003	0.688841
700000.0003	1.28184
700000.0003	1.23228
700000.0003	0.614597
700000.0003	0.278503
700000.0003	1.15725
700000.0003	0.785715
700000.0003	-0.686057
