700000.0003	2961.9	2959.99	2958.24	2959.98	2959.52	2962	2961.32	2958.06	2962.67	2957.4	2962.3	2960.33	2956.92	2959.76	2957.93
700000.0003	1533.39	1532.71	1533.91	1535.92	1533.05	1533.88	1534.03	1534.77	1534.29	1534.22	1534.01	1532.7	1533.39	1535.5	1534.65
700000.0003	193.745	193.764	193.956	194.529	193.953	193.766	194.381	194.273	193.917	194.547	193.961	192.507	193.725	195.731	193.769
700000.0003	32.0101	32.3886	32.4541	32.3955	32.5845	32.2874	32.3253	32.0453	32.3206	32.0845	32.6539	32.211	32.1524	32.6816	32.2848
700000.0003	19.4563	19.2157	19.8108	19.3348	19.3582	19.4799	19.6617	19.4449	19.1023	19.5208	19.5122	19.0423	19.2963	19.2264	19.548
700000.0003	16.7158	16.7023	16.8643	16.1936	16.6112	16.7361	16.6458	16.5524	16.8945	16.5219	16.5427	16.6221	16.9505	16.5297	16.3168
700000.0003	15.1365	15.3216	15.6503	14.9607	15.1311	14.9489	15.1636	15.3143	15.0664	15.2954	15.0009	15.2993	15.3853	15.2853	14.7162
700000.0003	14.7117	14.5928	14.4999	14.5677	14.6344	14.2479	14.5087	14.6515	14.1223	14.3715	14.6576	14.5162	14.4722	14.2531	14.4053
700000.0003	13.8819	14.061	14.0018	13.9281	13.944	13.7958	14.0223	13.9701	13.6183	14.1558	13.8592	14.0284	13.6785	13.991	14.016
700000.0003	13.3474	13.8878	13.7781	13.7585	13.5978	13.4854	13.685	13.5436	13.3991	13.6674	13.9141	13.5527	13.4511	13.9332	13.7722
700000.0003	13.2544	12.9244	13.6819	13.3253	13.4642	13.7686	13.1617	13.4287	13.5364	13.3385	13.3396	13.3581	13.4619	13.5088	13.495
700000.0003	12.9663	13.119	13.0816	13.4491	13.769	13.261	13.4094	13.1176	13.1944	13.5819	12.8428	13.5602	13.093	13.1718	13.0891
700000.0003	13.2779	13.2842	12.9777	13.2655	13.5168	13.0845	13.3461	12.8019	13.0429	13.1352	13.1364	13.5741	13.29	13.3531	12.8824
700000.0003	13.7791	13.0653	13.1283	13.0075	13.1169	13.3234	13.3284	13.0919	12.9613	13.4046	13.0963	13.1728	13.2037	13.3041	13.3077
700000.0003	13.1546	13.3776	13.5293	13.1711	13.8733	13.4314	13.3049	13.4938	13.284	13.3793	13.7378	13.2655	13.2103	13.4927	13.444
700000.0003	14.3426	14.0452	14.2298	13.9284	13.9718	14.0116	14.1862	13.8536	13.9615	13.7937	13.7466	13.9684	13.5833	14.2423	13.7129
700000.0003	15.3603	15.3672	15.4582	15.4514	15.2587	14.948	15.0767	15.093	15.007	15.2377	15.3504	15.1424	14.8822	15.2856	15.3776
700000.0003	17.279	16.7976	17.0995	16.8111	16.8922	16.8685	17.0266	16.905	16.6296	17.3437	16.9263	16.9183	16.9324	17.1032	17.4579
700000.0003	19.801	19.9437	19.6503	19.6486	19.3514	19.3152	19.8346	19.9432	18.9822	19.957	19.9219	19.5854	19.6882	19.5651	20.0787
700000.0003	24.1082	24.0273	23.918	23.4934	24.076	24.2527	23.9797	24.0244	24.1003	24.547	24.46	23.7036	24.2003	23.991	23.7532
700000.0003	30.6853	30.5327	30.7502	30.8037	30.8229	30.7248	31.0516	30.4559	30.8938	30.4099	31.1979	30.1536	30.4078	30.381	30.5258
700000.0003	42.026	41.8533	41.9715	42.0113	42.2931	42.2705	41.8435	41.4341	42.3109	42.0526	42.1738	42.0347	41.9219	42.0319	42.0299
700000.0003	66.9567	67.2146	67.5486	67.5544	67.4916	67.4866	67.0795	66.9298	67.029	67.2256	67.7616	67.0643	67.585	67.7027	66.56
700000.0003	154.518	156.151	155.578	154.535	153.575	155.717	154.821	155.581	155.154	155.541	155.455	155.659	155.675	155.668	155.126
700000.0003	515.003	516.475	515.946	514.235	514.344	515.846	516.047	516.804	517.392	516.83	517.305	517.432	515.535	517.332	516.229
700000.0003	1360.83	1361.75	1359.62	1360.57	1361.87	1362.35	1365.03	1363.16	1359.62	1364.52	1362.46	1363.21	1364.48	1362.94	1363.16
700000.0003	2200.05	2201.69	2199.25	2199.71	2197.59	2200.15	2204.33	2204.41	2199.77	2203.64	2203.55	2203.34	2203.55	2204.18	2202.25
700000.0003	2642.64	2640.91	2639.43	2639.88	2640.06	2641.02	2643.47	2644.1	2640.36	2642.69	2644.11	2644.33	2643.62	2645.18	2640.47
700000.0003	2785.4	2786.64	2785.39	2787.18	2786.77	2787.89	2789.45	2786.94	2788.7	2792.99	2790.53	2789.82	2789.12	2790.58	2790.3
700000.0003	2832.19	2834.41	2831.22	2833.74	2833.33	2836.11	2837.81	2835.54	2834.5	2836.97	2839.94	2837.03	2838.74	2836.34	2837.63
700000.0003	2862.26	2862.87	2866.41	2864.12	2861.83	2861.78	2868.59	2863.94	2864.73	2867.25	2868.61	2867.14	2865.21	2866.27	2867.44
700000.0003	2893.12	2889.92	2890.44	2890.07	2892.48	2892.23	2893.8	2894	2892.54	2893.85	2892.7	2895.77	2892.56	2893.82	2894.05
700000.0003	2919.15	2921.51	2916.65	2918.19	2920.65	2921.22	2918.35	2920.31	2921.5	2919.9	2919.68	2922.1	2924.14	2918.68	2917.25
700000.0003	2947.34	2947.88	2945.01	2944.12	2948.02	2948.54	2946.87	2946.77	2948.47	2946.15	2946.69	2947.85	2949.92	2945.99	2946.01
700000.0003	2973.94	2974.1	2974.87	2974.12	2972.23	2974.9	2976.16	2976.35	2971.63	2972.44	2975.78	2975.68	2974.36	2972.93	2970.87
700000.0003	3003.31	2995.26	2998.92	3001.54	3004.6	3001.53	3000.27	3000.2	3001.28	3001.36	3004.69	3001.6	2994.85	2998.78	3003.36
700000.0003	3028.68	3026.85	3028.72	3027.11	3028.91	3027.35	3027.1	3031.35	3027.02	3026.64	3028.19	3028.43	3026.55	3025.22	3026.29
700000.0003	3053.08	3053.3	3054.57	3054.39	3056.47	3053.1	3053.02	3055.58	3055.98	3054.14	3052.21	3053.95	3054.17	3051.45	3053.56
700000.0003	3081.73	3077.53	3075.71	3079.71	3081.23	3079.54	3077.73	3078.96	3080.94	3080.73	3080.3	3079.94	3075.44	3075.57	3081.82
700000.0003	3096.47	3096.81	3098.48	3098	3096.69	3099.3	3098.21	3101.63	3096.01	3095.68	3100.64	3098.11	3097.46	3096.91	3096.47
700000.0003	0.333044	-0.113248	-0.151312	0.474362	-1.08913	1.1868	-0.569104	-0.13886	-0.472113	-1.0867	0.552305	0.231601	-0.153219	0.0713773	0.211948
700000.0003	-0.734992	0.916912	-0.15561	-0.445431	-0.894912	-0.351973	-0.404035	-0.432812	1.19168	-0.34234	-1.42535	0.277582	1.48477	0.911025	-0.440606
700000.0003	-0.0658759	0.194641	0.0543972	-0.255971	-0.386714	-0.475313	-0.242444	0.170622	0.310177	-0.134843	0.501052	-0.135789	-0.344772	0.117921	-0.271883
700000.0003	-0.0941218	-0.133808	0.00529485	0.297361	0.0633235	0.166919	-0.0142475	0.132749	-0.0151842	-0.073934	-0.0312609	-0.159701	0.0597473	-0.186845	0.177108
700000.0003	-0.123661	-0.153911	0.0604798	0.00762742	0.0879182	-0.0211666	-0.077182	0.0127509	-0.022234	-0.156436	-0.117802	0.0265448	-0.129111	0.121466	-0.166159
700000.0003	0.0854515	0.158022	-0.198602	0.0283567	-0.193126	-0.0736776	0.0786845	0.012388	0.0783881	-0.173957	0.0930811	-0.0153762	0.055226	-0.00635535	0.0883254
700000.0003	-0.0856903	-0.0786116	0.0714661	0.0920374	0.0988005	-0.123806	0.179154	-0.0225869	-0.110831	-0.0426964	0.104977	0.0202629	-0.0876763	0.0999209	-0.017029
700000.0003	0.0261249	-0.0758468	0.118257	0.00503709	0.135911	0.223991	0.165986	-0.228538	-0.00873856	-0.00863542	0.029957	0.0661344	-0.194796	0.120573	-0.121044
700000.0003	-0.155071	0.0546515	-0.0459639	0.00193509	0.0190367	0.0622664	0.102035	-0.00552432	-0.0250308	0.163423	-0.0384883	-0.084561	0.0495057	0.118999	-0.0390924
700000.0003	-0.114986	-0.0285065	-0.106141	0.0378696	0.17595	0.0445766	-0.157858	-0.074976	-0.0324488	-0.0785098	0.0718036	0.0725221	-0.0223172	-0.096759	0.138403
700000.0003	-0.121884	-0.206449	0.0905219	0.148877	-0.0720718	0.033816	-0.0507414	0.0301864	-0.0221736	0.0978212	0.0126105	0.0997909	-0.0116452	0.0501598	0.00821404
700000.0003	0.0339199	-0.0861792	0.0399951	-0.12189	-0.0402746	-0.0539395	-0.115707	-0.147395	-0.0184925	0.0128283	-0.00711975	0.0457892	-0.0227276	0.143307	0.0357312
700000.0003	-0.182276	-0.145202	-0.0939185	-0.192276	-0.156686	0.0507462	0.0088458	0.0449151	0.0884188	0.0496716	-0.04538	-0.0856287	0.228976	-0.015436	-0.129532
700000.0003	-0.0238849	0.0153548	-0.0513539	-0.109627	-0.0815684	-0.0782565	0.0303622	-0.0118655	0.0200422	0.0401201	0.0319987	-0.042546	0.057715	0.208739	-0.0173513
700000.0003	-0.0695282	-0.0201603	-0.0915242	0.0276692	0.0164143	-0.0882301	-0.203351	-0.0674719	0.0130267	0.0523731	-0.0378243	0.0843913	0.0815327	-0.136495	-0.127547
700000.0003	-0.0652574	-0.164084	-0.050198	-0.142675	-0.102647	-0.0587276	0.029178	0.0130365	0.0199701	-0.0193032	-0.259836	0.0301299	-0.120471	-0.0575765	0.0799777
700000.0003	0.0178478	0.0573071	-0.102903	0.083038	0.160915	0.0619497	-0.130398	0.0585452	-0.00858376	0.102041	-0.0205326	0.137647	-0.234648	-0.09479	-0.100412
700000.0003	-0.0119622	0.0441681	-0.0625403	0.0769775	0.0794085	0.080111	-0.194732	0.0502888	-0.00674923	0.0480351	0.0219658	-0.151082	-0.0574186	-0.0486788	-0.0364845
700000.0003	0.200506	0.0884373	0.0367913	-0.0635924	-0.137411	-0.167636	-0.0905196	0.0656111	0.1325	-0.181153	0.178805	-0.190763	-0.0956194	0.24415	-0.183051
700000.0003	-0.139958	0.119107	0.0925875	0.0198986	0.140704	0.087168	0.132765	0.0347626	0.325245	0.0814279	0.12909	-0.0760636	-0.101702	0.0360103	0.180348
700000.0003	0.17447	0.249337	0.0308566	0.176494	0.0444193	-0.00499574	0.179977	0.189778	-0.134471	0.110564	0.0936895	0.206446	-0.203902	0.218647	-0.111764
700000.0003	-0.212349	-0.185861	-0.289985	0.0798356	0.217958	-0.0189564	-0.185265	0.223627	-0.0521178	0.041522	-0.204661	0.0938158	-0.0376237	0.122381	-0.0716074
700000.0003	0.279652	-0.13083	-0.138173	-0.0808157	-0.0867598	-0.201355	-0.215206	0.0640826	0.0955262	0.0570285	-0.0568411	-0.268392	-0.0923734	0.0412379	-0.0821116
700000.0003	-0.0759893	0.283109	-0.384726	-0.0695751	-0.530446	0.273871	-0.40243	0.462089	-0.223151	-0.0924432	0.208814	-0.630695	-0.0825869	-0.107721	0.450792
700000.0003	-0.516838	0.702486	1.10569	0.644647	-0.72529	-0.537276	-0.250586	0.0639546	0.47399	0.158681	-0.660253	0.28174	-0.120416	-0.884976	0.218216
700000.0003	0.452231	-1.11931	-1.6998	0.977546	-0.26927	0.399017	-0.275712	0.624987	0.515617	-0.0470845	0.226851	0.486779	-1.06337	0.23762	-1.49801
700000.0003	-1.34726	-0.177239	1.08999	-0.438051	-0.0644924	-0.598316	-0.193185	0.887122	-0.456801	0.870135	-0.32004	-0.270097	0.155934	-0.216338	0.861435
700000.0003	-0.620923	-0.338747	0.621457	-0.299464	-0.972352	0.00843689	-0.680314	0.179011	0.97356	0.943135	0.133418	-0.6558	1.03158	1.15778	-0.355553
700000.0003	-0.18109	1.0089	-0.671474	-0.752746	0.203859	0.0253875	-0.591999	-0.959014	0.342976	-0.158778	0.496001	0.39492	1.06874	0.207964	-0.382948
700000.0003	1.73593	0.316463	0.519645	-0.312712	-1.20623	-0.844962	-0.648862	-0.450301	-0.819215	-0.041153	-0.0568205	0.247238	0.806906	0.950422	1.08808
700000.0003	0.589079	0.141616	0.620465	0.454772	0.0432425	-1.20719	-0.340019	0.173731	-0.959994	-0.754637	-0.227894	0.550916	0.463598	1.34927	1.92303
700000.0003	1.57813	0.362881	-0.266511	-0.118926	0.248476	-0.16136	-0.322777	-0.527237	-0.210543	-0.569565	0.41794	0.540677	0.74028	0.349131	1.39353
700000.0003	0.882179	0.472621	0.362286	0.0695029	-0.274771	-0.263706	-1.57981	-0.609648	0.129736	-0.13104	-0.518437	0.708493	1.25015	0.610581	0.212851
700000.0003	0.595198	1.41096	0.935949	-0.0271574	-0.581141	-0.297719	0.45133	-0.541946	-0.813318	-0.0467782	0.772979	-0.409485	0.345404	0.124974	0.628287
700000.0003	0.424369	0.128094	1.17387	0.811093	0.328324	0.0645692	-0.922678	0.00444333	0.266706	-0.389011	-0.0216812	-0.842246	0.538019	1.54041	0.917965
700000.0003	1.16841	1.09102	0.291313	0.0743279	0.378698	0.372977	-0.334335	0.284639	-0.320689	0.030182	0.256772	0.942632	-0.0262056	-0.110048	0.95019
700000.0003	0.302655	-0.0984045	0.0799232	0.429412	1.72744	1.05847	0.58562	0.838391	0.604709	-0.322738	-0.391395	0.155909	0.112366	0.101238	0.546792
700000.0003	-0.344942	-0.659657	1.37509	2.05216	0.833333	-0.139514	1.49055	0.844147	0.312876	-0.0719653	-0.187504	-0.137693	-0.25305	1.04214	0.198026
700000.0003	0.0711841	0.926079	1.52331	-0.432095	1.21249	1.70181	1.24105	0.038483	0.171343	0.342576	-0.0646136	0.488858	-0.41081	0.0416336	-0.217244
700000.0003	0.319061	0.0739535	0.43728	0.341473	0.273933	-0.241826	0.100302	0.66957	0.830671	-0.220771	-0.133963	-0.92961	1.29654	-0.911576	-0.706604
700000.0003	2912.46	2913.29	2910.47	2913.27	2912.78	2912.31	2913.28	2913.25	2914.68	2912.61	2912.69	2912.45	2913.01	2911.56	2911.69
700000.0003	1607.38	1607.26	1608.17	1605.23	1607.55	1606.87	1608.29	1609	1606.83	1608.23	1607.96	1605.33	1606.18	1606.58	1607.11
700000.0003	174.14	173.855	174.195	174.386	174.524	173.972	175.328	174.354	175.224	174.526	173.443	172.034	173.534	174.462	173.324
700000.0003	28.1856	28.3121	28.3161	28.3369	28.68	28.4171	28.7929	28.6919	28.5371	28.8909	28.481	27.4219	28.0976	28.1148	27.9737
700000.0003	18.6011	18.4145	18.5578	18.2148	18.2693	18.1894	18.5769	18.2139	18.2995	18.4247	18.3697	17.8845	18.3945	18.2474	18.2699
700000.0003	16.4264	16.2962	16.0957	16.136	16.3867	16.4963	16.1242	15.7957	16.2208	16.2756	16.2336	16.0623	16.1358	16.1182	15.7629
700000.0003	14.7349	14.8714	15.4035	15.0713	14.9242	14.5065	14.6388	14.9567	15.1742	14.8857	14.8143	14.9188	15.2009	14.9444	14.6302
700000.0003	14.4029	14.5285	14.4442	14.5433	14.4967	14.1277	14.4129	14.5067	14.0904	14.2771	14.1445	14.3277	14.4056	14.0687	14.4528
700000.0003	13.6821	13.785	14.0329	14.2072	13.8116	13.7524	13.4691	13.7982	13.5336	13.6402	13.8917	13.7979	14.044	14.2167	14.0607
700000.0003	13.512	13.4022	13.8709	13.7153	13.5991	13.6132	13.4939	13.4048	13.2525	13.6115	13.7614	13.6787	13.4956	13.7448	13.4789
700000.0003	13.2815	13.3949	13.6299	13.4099	13.2285	13.7995	13.1835	13.1752	13.2783	13.327	13.3682	13.2948	13.2792	13.5546	13.3875
700000.0003	13.0872	13.0868	13.2103	13.264	13.5252	13.4174	13.1155	13.1331	13.3431	13.6757	12.986	13.4826	12.834	12.9769	13.0539
700000.0003	13.0819	13.3891	13.2478	13.6932	13.4258	13.2184	13.036	12.9052	13.0452	13.0978	12.8223	13.3636	13.2208	13.2074	13.2833
700000.0003	13.4775	13.3706	13.3655	13.1558	13.115	13.0295	13.3043	13.3247	13.2155	13.2277	13.3501	13.3149	13.3973	13.2656	13.448
700000.0003	12.8665	13.1886	13.1598	13.2321	13.6406	13.3678	13.5082	13.406	13.101	13.2602	13.4701	13.0503	12.9653	13.2506	13.4126
700000.0003	14.3004	14.0692	14.2275	14.0686	13.7946	14.4004	13.8967	13.8382	13.7766	14.0365	13.8153	13.8116	13.5871	14.2514	13.9056
700000.0003	15.3246	15.3322	15.3956	15.3613	15.0998	14.9436	15.2411	15.1586	14.9005	15.4499	15.2106	15.1758	14.9726	15.1458	15.4082
700000.0003	17.0473	16.891	17.2888	17.0447	16.7815	16.9811	16.9122	16.9981	16.7106	16.9949	16.8809	16.8772	16.5986	16.8368	17.4633
700000.0003	19.5899	19.6579	19.7128	19.7843	19.488	19.4848	19.7091	19.7923	19.5607	19.8514	19.6403	19.588	19.5789	19.5823	19.4696
700000.0003	24.1619	23.7124	23.5999	23.5831	23.9067	24.097	23.8842	24.3604	24.0321	24.5736	23.7426	23.818	24.0074	23.6415	23.514
700000.0003	30.679	30.4141	30.5359	30.5116	30.3368	30.5171	30.616	30.3662	30.4671	30.1788	30.5598	30.3371	30.3083	30.4761	30.6587
700000.0003	41.5985	41.6786	41.7774	42.1109	42.396	41.9752	41.3291	41.1042	42.148	42.0932	41.4638	42.2218	41.4892	41.5065	41.7346
700000.0003	65.7425	65.9446	66.8185	66.7108	66.7805	66.2062	66.2737	66.8143	66.1716	66.3316	66.2332	66.0969	66.3086	66.6789	66.2314
700000.0003	152.216	153.461	153.352	152.755	151.204	153.148	152.558	152.611	153.034	152.39	152.811	152.213	152.958	152.645	151.927
700000.0003	519.403	520.37	519.748	518.297	519.196	519.685	520.182	521.667	522.206	521.563	521.97	520.998	519.972	521.369	520.979
700000.0003	1362.95	1363.39	1363.62	1362.64	1363.47	1362.93	1364.53	1363.86	1362.51	1365.37	1365.84	1366.44	1367.25	1364.65	1365.42
700000.0003	2155.45	2152.51	2149.96	2153.12	2152.04	2151.75	2154.06	2153.99	2153.61	2154.02	2153.63	2155.33	2154.29	2153.7	2153.42
700000.0003	2587.18	2586.74	2583.35	2584.41	2585.1	2586.43	2585.72	2585.86	2584.9	2583.52	2586.71	2586.93	2586.2	2588.6	2585.94
700000.0003	2779.07	2777.7	2778.68	2776.06	2777.24	2778.21	2778.06	2777.35	2779.13	2780.96	2778.9	2779.26	2780.9	2779.56	2779.7
700000.0003	2866.08	2865.78	2864.67	2866.03	2867.24	2866.4	2862.89	2867.26	2866.12	2865.03	2868.4	2866.66	2869.78	2869.31	2867.3
700000.0003	2906.25	2906.11	2908.64	2906.63	2907.56	2905.01	2907.56	2905.31	2906.25	2906.58	2907.23	2906.43	2905.54	2904.21	2907.51
700000.0003	2933.85	2931.35	2932.64	2932.83	2933.12	2933.08	2934.59	2933.65	2931.65	2933.55	2929.79	2931.53	2927.87	2932.02	2932.52
700000.0003	2953.47	2955.79	2954.5	2955.15	2951.11	2954.78	2954.09	2951.22	2952.83	2954.54	2950.51	2953.87	2953.33	2954.76	2953.28
700000.0003	2972.21	2973.71	2969.78	2971.69	2973.13	2971.74	2969.85	2970.72	2973.05	2970.5	2972.66	2971.98	2972.7	2972.78	2973.21
700000.0003	2990.07	2989.57	2991.23	2991.9	2988.49	2991.44	2990.74	2990.61	2990.29	2990.15	2989.2	2989.71	2990.85	2988.5	2988.4
700000.0003	3006.09	3008.42	3009.4	3009.47	3008.81	3008.96	3008.03	3004.97	3008.1	3006.01	3007.06	3005.02	3005.57	3005.85	3008.83
700000.0003	3025.95	3025.31	3027.34	3022.88	3027.02	3025.32	3023.31	3024.27	3021.68	3023.75	3025.17	3022.34	3024.23	3022.76	3024.59
700000.0003	3045.6	3045.39	3045.84	3043.08	3046.17	3040.78	3044.69	3045.93	3043.3	3043.28	3041.84	3045.14	3046.18	3043.26	3044.94
700000.0003	3071.8	3069.25	3069.36	3070.32	3070.53	3070	3071.63	3069.46	3069.21	3071.4	3069.23	3068.79	3069.27	3069.91	3071.77
700000.0003	3082.99	3083.64	3082.76	3086.55	3081.97	3087.91	3085.07	3085.97	3085.22	3083.39	3085.56	3084.59	3082.84	3087.31	3083.16
