700000.0003	0.0262355
700000.0003	0.0355697
700000.0003	0.0526303
700000.0003	0.0809261
700000.0003	0.123918
700000.0003	0.189211
700000.0003	0.279266
700000.0003	0.397594
700000.0003	0.549411
700000.0003	0.745365
700000.0003	0.989115
700000.0003	1.26172
700000.0003	1.60685
700000.0003	1.99259
700000.0003	2.41941
700000.0003	2.86723
700000.0003	3.35127
700000.0003	3.83338
700000.0003	4.29307
700000.0003	4.73983
700000.0003	5.20864
700000.0003	5.64587
700000.0003	6.06036
700000.0003	6.45514
700000.0003	6.83919
700000.0003	7.23277
700000.0003	7.57106
700000.0003	7.91481
700000.0003	8.25047
700000.0003	8.53608
700000.0003	8.81452
700000.0003	9.05771
700000.0003	9.26935
700000.0003	9.56825
700000.0003	9.73147
700000.0003	9.87596
700000.0003	10.0554
700000.0003	10.1559
700000.0003	10.2919
700000.0003	10.2662
700000.0003	10.1805
700000.0003	10.3366
700000.0003	10.2129
700000.0003	10.2229
700000.0003	10.2338
700000.0003	10.3698
700000.0003	10.3462
700000.0003	10.2104
700000.0003	10.3097
700000.0003	10.2873
700000.0003	10.2718
700000.0003	10.3768
700000.0003	10.2505
700000.0003	10.2917
700000.0003	10.3026
700000.0003	10.2966
700000.0003	10.2656
700000.0003	10.26
700000.0003	10.3473
700000.0003	10.3455
700000.0003	10.2679
700000.0003	10.3285
700000.0003	10.2979
700000.0003	10.2899
700000.0003	10.3416
700000.0003	10.3293
700000.0003	10.2964
700000.0003	10.3471
700000.0003	10.3324
700000.0003	10.332
700000.0003	10.3019
700000.0003	10.282
700000.0003	10.3443
700000.0003	10.3186
700000.0003	10.3186
700000.0003	10.3111
700000.0003	10.3623
700000.0003	10.3321
700000.0003	10.3435
700000.0003	10.3313
700000.0003	10.3123
700000.0003	10.3676
700000.0003	10.3628
700000.0003	10.354
700000.0003	10.3457
700000.0003	10.3882
700000.0003	10.3486
700000.0003	10.3648
700000.0003	10.4059
700000.0003	10.3392
700000.0003	10.3495
700000.0003	10.4194
700000.0003	10.4257
700000.0003	10.4485
700000.0003	10.3635
700000.0003	10.3611
700000.0003	10.3148
700000.0003	10.3544
700000.0003	10.428
700000.0003	10.3312
700000.0003	10.3131
700000.0003	10.3916
700000.0003	10.4112
700000.0003	10.4438
700000.0003	10.3616
700000.0003	10.3643
700000.0003	10.4232
700000.0003	10.3641
700000.0003	10.3645
700000.0003	10.4817
700000.0003	10.4077
700000.0003	10.3925
700000.0003	10.4704
700000.0003	10.435
700000.0003	10.386
700000.0003	10.4322
700000.0003	10.3921
700000.0003	10.4029
700000.0003	10.3752
700000.0003	10.4362
700000.0003	10.3722
700000.0003	10.4208
700000.0003	10.3501
700000.0003	10.4001
700000.0003	10.4285
700000.0003	10.4323
700000.0003	10.422
700000.0003	10.4596
700000.0003	10.436
700000.0003	10.4625
700000.0003	10.4385
700000.0003	10.4343
700000.0003	10.4138
700000.0003	10.4978
700000.0003	10.4309
700000.0003	10.5103
700000.0003	10.5359
700000.0003	10.4618
700000.0003	10.3886
700000.0003	10.4247
700000.0003	10.4681
700000.0003	10.4867
700000.0003	10.4672
700000.0003	10.4584
700000.0003	10.4086
700000.0003	10.433
700000.0003	10.3981
700000.0003	10.444
700000.0003	10.3313
700000.0003	10.3941
700000.0003	10.4175
700000.0003	10.3631
700000.0003	10.3035
700000.0003	10.2673
700000.0003	10.3095
700000.0003	10.241
700000.0003	10.2211
700000.0003	10.1265
700000.0003	10.1299
700000.0003	10.0712
700000.0003	10.066
700000.0003	10.0172
700000.0003	9.94641
700000.0003	9.90487
700000.0003	9.89377
700000.0003	9.87118
700000.0003	9.82106
700000.0003	9.73181
700000.0003	9.64091
700000.0003	9.64099
700000.0003	9.65583
700000.0003	9.53285
700000.0003	9.41896
700000.0003	9.37688
700000.0003	9.3586
700000.0003	9.28414
700000.0003	9.1946
700000.0003	9.17791
700000.0003	9.07899
700000.0003	8.97505
700000.0003	8.88322
700000.0003	8.85998
700000.0003	8.80879
700000.0003	8.71503
700000.0003	8.57879
700000.0003	8.52137
700000.0003	8.45321
700000.0003	8.389
700000.0003	8.35115
700000.0003	8.26026
700000.0003	8.17786
700000.0003	8.0564
700000.0003	7.98176
700000.0003	7.91872
700000.0003	7.82736
700000.0003	7.75631
700000.0003	7.64472
700000.0003	7.62152
700000.0003	7.44638
700000.0003	7.37918
700000.0003	7.31932
700000.0003	7.20181
700000.0003	7.11331
700000.0003	7.06739
700000.0003	6.96811
700000.0003	6.86126
700000.0003	6.75675
700000.0003	6.67438
700000.0003	6.58324
700000.0003	6.48778
700000.0003	6.39473
700000.0003	6.27153
700000.0003	6.20015
700000.0003	6.10093
700000.0003	6.04256
700000.0003	5.92443
700000.0003	5.82899
700000.0003	5.75134
700000.0003	5.60916
700000.0003	5.54927
700000.0003	5.4414
700000.0003	5.34897
700000.0003	5.28775
700000.0003	5.1705
700000.0003	5.06527
700000.0003	4.95478
700000.0003	4.88713
700000.0003	4.76912
700000.0003	4.68559
700000.0003	4.57482
700000.0003	4.47753
700000.0003	4.38948
700000.0003	4.27061
700000.0003	4.18143
700000.0003	4.07322
700000.0003	3.98322
700000.0003	3.88183
700000.0003	3.77031
700000.0003	3.64445
700000.0003	3.55935
700000.0003	3.43692
700000.0003	3.3375
700000.0003	3.21095
700000.0003	3.10239
700000.0003	2.98162
700000.0003	2.86339
700000.0003	2.73576
700000.0003	2.59511
700000.0003	2.46329
700000.0003	2.33287
700000.0003	2.19574
700000.0003	2.06371
700000.0003	1.92861
700000.0003	1.7995
700000.0003	1.6701
700000.0003	1.54005
700000.0003	1.41667
700000.0003	1.30064
700000.0003	1.18425
700000.0003	1.0796
700000.0003	0.979637
700000.0003	0.884066
700000.0003	0.79663
700000.0003	0.713201
700000.0003	0.634813
700000.0003	0.562176
700000.0003	0.499979
700000.0003	0.438861
700000.0003	0.385872
700000.0003	0.337128
700000.0003	0.291868
700000.0003	0.250602
700000.0003	0.216889
700000.0003	0.186298
700000.0003	0.159544
700000.0003	0.134876
700000.0003	0.114719
700000.0003	0.0973777
700000.0003	0.0821904
700000.0003	0.068309
700000.0003	0.0581603
700000.0003	0.0485036
700000.0003	0.0413075
700000.0003	0.0347283
700000.0003	0.0291659
700000.0003	0.0249294
700000.0003	0.0213346
700000.0003	0.018057
700000.0003	0.0154085
700000.0003	0.0135067
700000.0003	0.0116853
700000.0003	0.0102082
700000.0003	0.00918409
700000.0003	0.00792621
700000.0003	0.00720459
700000.0003	0.00673189
700000.0003	0.00612378
700000.0003	0.00574999
700000.0003	0.00544735
700000.0003	0.00542077
700000.0003	0.00524375
700000.0003	0.00506993
700000.0003	0.00507932
700000.0003	0.00500914
700000.0003	0.0049105
700000.0003	0.00470141
700000.0003	0.00481245
700000.0003	0.00470269
700000.0003	0.00462709
700000.0003	0.00459116
700000.0003	0.00462315
700000.0003	0.00455777
700000.0003	0.00451165
700000.0003	0.00448431
700000.0003	0.00438335
700000.0003	0.00443035
700000.0003	0.00439984
700000.0003	0.00441443
700000.0003	0.00431893
700000.0003	0.0043262
700000.0003	0.00427283
700000.0003	0.00427636
700000.0003	0.00421984
700000.0003	0.00420049
700000.0003	0.00422805
700000.0003	0.00418455
700000.0003	0.00424082
700000.0003	0.00420524
700000.0003	0.00418714
700000.0003	0.00414408
700000.0003	0.00419132
700000.0003	0.00413463
700000.0003	0.00421503
700000.0003	0.00409331
700000.0003	0.00413561
700000.0003	0.00415758
700000.0003	0.00408968
700000.0003	0.00410034
700000.0003	0.004109
700000.0003	0.0040966
700000.0003	0.00413822
700000.0003	0.00411271
700000.0003	0.00416685
700000.0003	0.00414081
700000.0003	0.00415312
700000.0003	0.00414162
700000.0003	0.00412442
700000.0003	0.00419264
700000.0003	0.0042182
700000.0003	0.00422266
700000.0003	0.00421559
700000.0003	0.00424432
700000.0003	0.00421059
700000.0003	0.00425682
700000.0003	0.00426503
700000.0003	0.00425303
700000.0003	0.00430115
700000.0003	0.00420163
700000.0003	0.004261
700000.0003	0.00433205
700000.0003	0.00437847
700000.0003	0.00441792
700000.0003	0.0043807
700000.0003	0.0044506
700000.0003	0.00452228
700000.0003	0.0044959
700000.0003	0.00458987
700000.0003	0.00461829
700000.0003	0.00459326
700000.0003	0.0046643
700000.0003	0.00473793
700000.0003	0.00472949
700000.0003	0.00484254
700000.0003	0.00490297
700000.0003	0.00495123
700000.0003	0.00501402
700000.0003	0.0051302
700000.0003	0.0052751
700000.0003	0.00539931
700000.0003	0.00547602
700000.0003	0.00567957
700000.0003	0.00567993
700000.0003	0.00582188
700000.0003	0.0058266
700000.0003	0.00610792
700000.0003	0.00644444
700000.0003	0.00650001
700000.0003	0.00687151
700000.0003	0.00710483
700000.0003	0.00776957
700000.0003	0.0082592
700000.0003	0.00851252
700000.0003	0.00921833
700000.0003	0.00986759
700000.0003	0.0106972
700000.0003	0.0120769
700000.0003	0.0131272
700000.0003	0.0154667
700000.0003	0.018107
700000.0003	0.0216539
700000.0003	6.29574e-05
700000.0003	1.41537e-05
700000.0003	-0.000194903
700000.0003	0.000428337
700000.0003	-4.5728e-05
700000.0003	0.00101031
700000.0003	-0.000244022
700000.0003	0.00100871
700000.0003	0.00145154
700000.0003	0.00124917
700000.0003	0.00317605
700000.0003	0.00349739
700000.0003	0.015355
700000.0003	-0.000815148
700000.0003	0.00796535
700000.0003	0.00478788
700000.0003	0.0172813
700000.0003	0.00858742
700000.0003	-0.0218236
700000.0003	0.0268763
700000.0003	0.0389157
700000.0003	0.005994
700000.0003	-0.0327617
700000.0003	0.0147315
700000.0003	-0.00763184
700000.0003	-0.0117276
700000.0003	-0.0049623
700000.0003	0.00939002
700000.0003	0.0541993
700000.0003	0.00561342
700000.0003	-0.00668924
700000.0003	-0.00831327
700000.0003	-0.0124002
700000.0003	0.0102901
700000.0003	-0.0405224
700000.0003	-0.035935
700000.0003	-0.013142
700000.0003	-0.0301301
700000.0003	-0.028677
700000.0003	-0.00365342
700000.0003	0.0505072
700000.0003	0.0677046
700000.0003	0.00566119
700000.0003	0.00372806
700000.0003	0.00160419
700000.0003	0.00547942
700000.0003	-0.00999938
700000.0003	0.0303465
700000.0003	-0.02396
700000.0003	-0.0146307
700000.0003	0.0379851
700000.0003	-0.00344538
700000.0003	-0.0289207
700000.0003	-0.0315522
700000.0003	0.0411397
700000.0003	-0.0127475
700000.0003	0.0509733
700000.0003	0.000967925
700000.0003	-0.00564964
700000.0003	-0.00850969
700000.0003	-0.00985268
700000.0003	-0.0388515
700000.0003	0.0306002
700000.0003	0.0272048
700000.0003	0.00762061
700000.0003	-0.0131667
700000.0003	-0.00514323
700000.0003	-0.0266241
700000.0003	-0.0235806
700000.0003	-0.0325548
700000.0003	0.00939858
700000.0003	-0.035703
700000.0003	-0.0109043
700000.0003	0.0173889
700000.0003	-0.000595625
700000.0003	-0.0078635
700000.0003	0.0495776
700000.0003	0.0164513
700000.0003	-0.0233356
700000.0003	-0.0319174
700000.0003	0.000697682
700000.0003	-0.0170249
700000.0003	-0.0756272
700000.0003	0.0104421
700000.0003	-0.00248299
700000.0003	-0.0284294
700000.0003	0.000984118
700000.0003	-0.0136967
700000.0003	-0.00153698
700000.0003	0.00688213
700000.0003	-0.0201732
700000.0003	0.0489608
700000.0003	-0.00974545
700000.0003	-0.0386786
700000.0003	0.00335989
700000.0003	0.0551898
700000.0003	-0.00467236
700000.0003	0.00503297
700000.0003	0.0103969
700000.0003	-0.0554598
700000.0003	0.0891545
700000.0003	-0.00502704
700000.0003	0.0266078
700000.0003	0.00895294
700000.0003	0.0211061
700000.0003	-0.0194374
700000.0003	0.0184447
700000.0003	0.0145629
700000.0003	0.0315527
700000.0003	-0.0200453
700000.0003	0.0143542
700000.0003	0.0267695
700000.0003	-0.0246456
700000.0003	0.0168292
700000.0003	0.0255052
700000.0003	0.0162391
700000.0003	0.0327382
700000.0003	-0.0331256
700000.0003	-0.0273743
700000.0003	0.0240332
700000.0003	-0.0236003
700000.0003	0.0117384
700000.0003	-0.0301803
700000.0003	-6.53012e-07
700000.0003	0.0094587
700000.0003	0.0139748
700000.0003	0.0180471
700000.0003	-0.0178044
700000.0003	0.00684953
700000.0003	0.000610153
700000.0003	-0.00174066
700000.0003	0.00340672
700000.0003	-0.00918475
700000.0003	0.0257362
700000.0003	0.00624398
700000.0003	-0.0137
700000.0003	0.0173031
700000.0003	0.00414475
700000.0003	-0.0211946
700000.0003	0.0209073
700000.0003	0.0246231
700000.0003	-0.0261511
700000.0003	0.0129868
700000.0003	0.0287691
700000.0003	-0.00912823
700000.0003	-0.000360515
700000.0003	-0.0262438
700000.0003	-0.0162909
700000.0003	-0.0277081
700000.0003	0.010657
700000.0003	-0.0147931
700000.0003	0.00595507
700000.0003	-0.0111544
700000.0003	0.00169999
700000.0003	-0.0124385
700000.0003	-0.0233859
700000.0003	-0.0372366
700000.0003	0.00187581
700000.0003	0.000419018
700000.0003	-8.03046e-05
700000.0003	-0.00272387
700000.0003	-0.0159172
700000.0003	0.0263721
700000.0003	0.0289301
700000.0003	0.0018148
700000.0003	-0.00725694
700000.0003	-0.0116953
700000.0003	-0.0134063
700000.0003	0.005015
700000.0003	0.0246408
700000.0003	-0.00423407
700000.0003	-0.0242621
700000.0003	0.0104995
700000.0003	0.00232267
700000.0003	0.00939287
700000.0003	-0.00969594
700000.0003	0.012119
700000.0003	0.0107216
700000.0003	-0.0379675
700000.0003	-0.00805637
700000.0003	0.0428211
700000.0003	0.0187727
700000.0003	0.00801572
700000.0003	-0.0207997
700000.0003	-0.0114625
700000.0003	-0.00167263
700000.0003	0.0228577
700000.0003	0.0377526
700000.0003	0.000625352
700000.0003	0.00256326
700000.0003	0.00210517
700000.0003	-0.0236987
700000.0003	0.00782213
700000.0003	0.00698753
700000.0003	0.000338928
700000.0003	0.0114154
700000.0003	-0.0215987
700000.0003	-0.0151032
700000.0003	-0.0225975
700000.0003	0.0151436
700000.0003	-0.00857243
700000.0003	0.00623627
700000.0003	0.0237405
700000.0003	-0.00503222
700000.0003	-0.0262821
700000.0003	-0.00417096
700000.0003	-0.0105566
700000.0003	-0.000242523
700000.0003	0.0105044
700000.0003	0.00250375
700000.0003	0.00336408
700000.0003	0.00899436
700000.0003	0.0244695
700000.0003	0.0199299
700000.0003	0.00841725
700000.0003	-0.00783988
700000.0003	-0.00522315
700000.0003	0.00989945
700000.0003	0.0172221
700000.0003	-0.0204693
700000.0003	-0.000262209
700000.0003	-0.010043
700000.0003	0.00287141
700000.0003	-0.0132515
700000.0003	-0.0017721
700000.0003	-0.0125859
700000.0003	-0.000719833
700000.0003	-0.00594922
700000.0003	0.0105685
700000.0003	-0.000242807
700000.0003	0.0112608
700000.0003	-0.00371108
700000.0003	-0.00424605
700000.0003	0.000242117
700000.0003	-0.00422578
700000.0003	-0.00347949
700000.0003	0.0112932
700000.0003	-0.00717167
700000.0003	-0.00192819
700000.0003	0.0076833
700000.0003	0.00522101
700000.0003	0.00904187
700000.0003	-0.00309638
700000.0003	0.00113018
700000.0003	-0.00201477
700000.0003	0.000322473
700000.0003	0.0047457
700000.0003	-0.00137643
700000.0003	0.00578444
700000.0003	-0.0145134
700000.0003	0.00330336
700000.0003	-0.00409835
700000.0003	0.00221551
700000.0003	0.00508142
700000.0003	0.00318274
700000.0003	0.000361609
700000.0003	-0.000121908
700000.0003	0.00121407
700000.0003	-0.000240999
700000.0003	0.0026085
700000.0003	0.00146844
700000.0003	0.00250424
700000.0003	-0.00135122
700000.0003	-0.00049196
700000.0003	-0.00172693
700000.0003	-0.00115855
700000.0003	6.5263e-05
700000.0003	-0.000551509
700000.0003	-0.000695667
700000.0003	0.000728148
700000.0003	-0.000287349
700000.0003	-0.00192385
700000.0003	-0.000873236
700000.0003	-0.000323693
700000.0003	-0.000395746
700000.0003	3.24185e-06
700000.0003	-0.000447592
700000.0003	0.000137368
700000.0003	-0.000600622
700000.0003	0.000398828
700000.0003	0.000183671
700000.0003	-2.21731e-05
700000.0003	-0.000233292
700000.0003	-7.36666e-06
700000.0003	9.20707e-05
700000.0003	0.000228705
700000.0003	2.97367e-05
700000.0003	-3.19242e-06
700000.0003	-6.47734e-05
700000.0003	-1.39324e-05
700000.0003	6.88202e-05
700000.0003	0.000136144
700000.0003	-6.62815e-05
700000.0003	-9.28098e-05
700000.0003	0.000152837
700000.0003	-1.68857e-05
700000.0003	1.4372e-05
700000.0003	6.98277e-07
700000.0003	-6.83087e-06
700000.0003	8.65432e-05
700000.0003	8.09551e-06
700000.0003	1.77199e-05
700000.0003	5.13036e-05
700000.0003	-1.33338e-05
700000.0003	-4.77132e-05
700000.0003	3.89498e-05
700000.0003	-3.40541e-05
700000.0003	6.39652e-06
700000.0003	-9.67241e-06
700000.0003	6.38291e-06
700000.0003	1.21033e-05
700000.0003	-3.2599e-05
700000.0003	8.56576e-06
700000.0003	-4.23599e-05
700000.0003	2.14684e-05
700000.0003	-5.04544e-06
700000.0003	4.18057e-06
700000.0003	1.78277e-06
700000.0003	2.38995e-05
700000.0003	5.90385e-06
700000.0003	-4.01128e-05
700000.0003	1.44411e-05
700000.0003	-9.25404e-05
700000.0003	-1.69206e-05
700000.0003	5.30093e-05
700000.0003	-1.93675e-05
700000.0003	-2.14735e-05
700000.0003	-1.9462e-05
700000.0003	1.12773e-05
700000.0003	1.54465e-05
700000.0003	7.98413e-06
700000.0003	1.10757e-05
700000.0003	-7.19871e-06
700000.0003	-1.63544e-05
700000.0003	6.27321e-05
700000.0003	-1.78127e-05
700000.0003	2.08696e-05
700000.0003	1.4413e-05
700000.0003	-4.40293e-05
700000.0003	3.77141e-06
700000.0003	6.49454e-06
700000.0003	-4.75058e-05
700000.0003	-1.41472e-05
700000.0003	3.61981e-05
700000.0003	1.36588e-05
700000.0003	5.23407e-05
700000.0003	2.45365e-05
700000.0003	1.24289e-06
700000.0003	4.3543e-05
700000.0003	-5.41314e-05
700000.0003	1.92137e-05
700000.0003	-3.20083e-05
700000.0003	-1.2556e-05
700000.0003	2.31065e-05
700000.0003	3.20772e-05
700000.0003	-2.23478e-05
700000.0003	-2.91896e-05
700000.0003	-4.21439e-06
700000.0003	5.37671e-05
700000.0003	-1.7606e-05
700000.0003	-1.08817e-05
700000.0003	1.56864e-05
700000.0003	8.04843e-08
700000.0003	-1.65474e-05
700000.0003	-7.19467e-06
700000.0003	-2.43596e-05
700000.0003	5.29109e-05
700000.0003	-3.13135e-05
700000.0003	4.29916e-05
700000.0003	2.58526e-05
700000.0003	4.05207e-05
700000.0003	1.47602e-05
700000.0003	-2.13563e-05
700000.0003	5.33036e-07
700000.0003	-4.13372e-08
700000.0003	5.40319e-05
700000.0003	-2.63767e-06
700000.0003	2.81289e-05
700000.0003	2.19851e-05
700000.0003	6.10456e-05
700000.0003	-3.85863e-05
700000.0003	-2.53583e-05
700000.0003	1.63668e-06
700000.0003	-1.9658e-05
700000.0003	-0.000125748
700000.0003	1.64047e-05
700000.0003	4.11763e-05
700000.0003	9.1902e-05
700000.0003	-7.8162e-06
700000.0003	-6.67505e-05
700000.0003	2.46092e-06
700000.0003	-0.000107976
700000.0003	-5.1568e-05
700000.0003	5.39662e-05
700000.0003	4.66947e-05
700000.0003	-4.43621e-05
700000.0003	0.000122573
700000.0003	0.000213275
700000.0003	0.000203146
700000.0003	-9.62428e-05
700000.0003	4.56468e-05
700000.0003	-0.000291978
700000.0003	0.000286619
700000.0003	0.000588936
700000.0003	0.000211969
700000.0003	0.00056548
700000.0003	-0.000137007
700000.0003	-0.000100856
700000.0003	-0.00115513
700000.0003	0.000324647
700000.0003	-0.00130865
700000.0003	-0.00174903
700000.0003	0.0080794
700000.0003	-0.00731296
700000.0003	-0.00144941
700000.0003	-0.0053354
700000.0003	0.00037274
700000.0003	-0.00244874
700000.0003	0.00705746
700000.0003	0.0117842
700000.0003	0.0111769
700000.0003	0.0308588
700000.0003	-0.030087
700000.0003	0.0230163
700000.0003	-0.0204461
700000.0003	-0.0196413
700000.0003	-0.00879119
700000.0003	0.0120592
700000.0003	0.0496193
700000.0003	-0.00616295
700000.0003	-0.012114
700000.0003	-0.0243992
700000.0003	-0.0283033
700000.0003	0.0202547
700000.0003	-0.0600738
700000.0003	-0.0449624
700000.0003	-0.00903986
700000.0003	-0.0387865
700000.0003	-0.0281314
700000.0003	-0.0113359
700000.0003	0.0390979
700000.0003	0.0612285
700000.0003	0.00500923
700000.0003	0.00111908
700000.0003	0.0128322
700000.0003	-0.0108329
700000.0003	-0.0202719
700000.0003	0.00608158
700000.0003	-0.0298657
700000.0003	-0.00322487
700000.0003	0.0308586
700000.0003	-0.00195868
700000.0003	-0.0112991
700000.0003	-0.0259954
700000.0003	0.0366733
700000.0003	-0.0252511
700000.0003	0.0579553
700000.0003	0.0104263
700000.0003	0.000835212
700000.0003	-0.00417605
700000.0003	-0.00935294
700000.0003	-0.025497
700000.0003	0.0303925
700000.0003	0.0307308
700000.0003	-0.00382417
700000.0003	-0.0049455
700000.0003	-0.00118705
700000.0003	-0.0207694
700000.0003	-0.0297792
700000.0003	-0.0293714
700000.0003	0.00311481
700000.0003	-0.039071
700000.0003	-0.0137809
700000.0003	0.0104014
700000.0003	0.0108353
700000.0003	-0.0046245
700000.0003	0.0316226
700000.0003	0.0201109
700000.0003	-0.0231984
700000.0003	-0.0286864
700000.0003	-0.0011642
700000.0003	-0.0248337
700000.0003	-0.0641955
700000.0003	-0.0102939
700000.0003	-0.00906859
700000.0003	-0.0335192
700000.0003	-0.00915064
700000.0003	-0.0204158
700000.0003	-0.008687
700000.0003	0.00641872
700000.0003	-0.0255887
700000.0003	0.0562327
700000.0003	-0.0156284
700000.0003	-0.029955
700000.0003	0.00767813
700000.0003	0.0448165
700000.0003	0.00375094
700000.0003	-0.0100488
700000.0003	0.0121406
700000.0003	-0.0475207
700000.0003	0.0744122
700000.0003	-0.000257521
700000.0003	0.0279362
700000.0003	0.00626171
700000.0003	0.0151748
700000.0003	-0.0186585
700000.0003	0.0110706
700000.0003	0.0140689
700000.0003	0.017491
700000.0003	-0.0303291
700000.0003	0.020486
700000.0003	0.0122932
700000.0003	-0.0160202
700000.0003	0.00507223
700000.0003	0.0206273
700000.0003	0.0108635
700000.0003	0.0214608
700000.0003	-0.0363097
700000.0003	-0.0367738
700000.0003	0.0256447
700000.0003	-0.0131575
700000.0003	0.0196281
700000.0003	-0.023913
700000.0003	0.000537089
700000.0003	0.0202487
700000.0003	0.0244941
700000.0003	0.0295544
700000.0003	-0.0155788
700000.0003	0.00794181
700000.0003	0.0119354
700000.0003	0.00604087
700000.0003	0.0101631
700000.0003	-0.0108989
700000.0003	0.0353467
700000.0003	0.00327272
700000.0003	-0.0158424
700000.0003	0.0221933
700000.0003	0.0151535
700000.0003	-0.0180364
700000.0003	0.00457565
700000.0003	0.0277655
700000.0003	-0.0249388
700000.0003	0.0130954
700000.0003	0.024879
700000.0003	-0.0188808
700000.0003	0.00727916
700000.0003	-0.0251414
700000.0003	-0.0128777
700000.0003	-0.0157256
700000.0003	0.00692161
700000.0003	-0.00836261
700000.0003	0.00450671
700000.0003	-0.00874753
700000.0003	0.00450932
700000.0003	0.0026467
700000.0003	-0.0359368
700000.0003	-0.0298566
700000.0003	0.0112267
700000.0003	-0.0049956
700000.0003	0.0216185
700000.0003	-0.00747421
700000.0003	-0.0169744
700000.0003	0.00447294
700000.0003	0.028855
700000.0003	-0.000192459
700000.0003	-0.0119085
700000.0003	-0.00366153
700000.0003	-0.0102334
700000.0003	-0.00503258
700000.0003	0.0224882
700000.0003	-0.0126204
700000.0003	-0.0242845
700000.0003	0.0149128
700000.0003	0.0159931
700000.0003	0.00188202
700000.0003	-0.0143306
700000.0003	0.0049551
700000.0003	0.0140502
700000.0003	-0.0257174
700000.0003	-0.00929195
700000.0003	0.0278723
700000.0003	0.0119191
700000.0003	3.57792e-05
700000.0003	-0.0101976
700000.0003	-0.021498
700000.0003	0.000148271
700000.0003	0.0232449
700000.0003	0.0438956
700000.0003	0.00329258
700000.0003	-0.0062219
700000.0003	0.00626757
700000.0003	-0.0172552
700000.0003	0.00863629
700000.0003	0.00493468
700000.0003	0.00245389
700000.0003	0.0184956
700000.0003	-0.0123444
700000.0003	-0.0147722
700000.0003	-0.0225954
700000.0003	0.0251575
700000.0003	-0.00637325
700000.0003	0.0118403
700000.0003	0.0214189
700000.0003	0.00197102
700000.0003	-0.0186335
700000.0003	-0.00262187
700000.0003	-0.0113433
700000.0003	-0.00189006
700000.0003	0.0174313
700000.0003	0.0110135
700000.0003	0.00462447
700000.0003	0.00365707
700000.0003	0.0192361
700000.0003	0.0207594
700000.0003	0.0118528
700000.0003	0.0057222
700000.0003	-0.0113434
700000.0003	0.000702551
700000.0003	0.0123941
700000.0003	-0.0173306
700000.0003	0.00624525
700000.0003	-0.0118918
700000.0003	-2.5578e-05
700000.0003	-0.0197949
700000.0003	-0.000175385
700000.0003	-0.0078743
700000.0003	0.00140399
700000.0003	-0.00314366
700000.0003	0.00906974
700000.0003	-0.00730856
700000.0003	0.00811348
700000.0003	-0.0010821
700000.0003	0.0029
700000.0003	0.000314217
700000.0003	-0.00170278
700000.0003	-0.00948154
700000.0003	0.00192578
700000.0003	0.00513175
700000.0003	0.00319392
700000.0003	0.00305073
700000.0003	0.00168268
700000.0003	0.00398859
700000.0003	0.00231725
700000.0003	0.00204047
700000.0003	-0.00560482
700000.0003	0.00990718
700000.0003	0.00128728
700000.0003	-0.00142016
700000.0003	0.00430461
700000.0003	-0.00737797
700000.0003	0.00509096
700000.0003	0.000932106
700000.0003	0.00668757
700000.0003	0.00323242
700000.0003	0.00313409
700000.0003	0.00171585
700000.0003	-0.00259793
700000.0003	-6.7221e-05
700000.0003	0.00207023
700000.0003	0.00213023
700000.0003	0.000955
700000.0003	0.000672816
700000.0003	0.00102323
700000.0003	0.00140666
700000.0003	0.00152831
700000.0003	0.000696995
700000.0003	-0.000542334
700000.0003	-0.00123477
700000.0003	-0.00120088
700000.0003	-0.000645303
700000.0003	0.000275129
700000.0003	0.000230286
700000.0003	-0.000346821
700000.0003	0.000843553
700000.0003	0.000532916
700000.0003	0.000226801
700000.0003	5.50437e-05
700000.0003	-0.000287944
700000.0003	0.000277338
700000.0003	-0.000475933
700000.0003	0.00054542
700000.0003	0.000144898
700000.0003	-0.000264152
700000.0003	0.000369105
700000.0003	-0.000111708
700000.0003	-0.000121441
700000.0003	-6.51147e-05
700000.0003	8.85412e-06
700000.0003	-2.29659e-05
700000.0003	5.59837e-07
700000.0003	-7.35488e-05
700000.0003	-8.1012e-06
700000.0003	4.79604e-05
700000.0003	6.7866e-05
700000.0003	-1.93898e-05
700000.0003	-5.35642e-05
700000.0003	3.44272e-05
700000.0003	8.28048e-06
700000.0003	2.68677e-06
700000.0003	1.32475e-06
700000.0003	1.40498e-05
700000.0003	2.36645e-05
700000.0003	-1.08189e-05
700000.0003	-2.46921e-05
700000.0003	9.63858e-05
700000.0003	-3.25716e-05
700000.0003	9.40739e-06
700000.0003	-0.000127429
700000.0003	-1.09549e-05
700000.0003	3.88205e-05
700000.0003	-2.72606e-05
700000.0003	6.68378e-05
700000.0003	1.63671e-05
700000.0003	-2.84515e-05
700000.0003	6.50991e-05
700000.0003	-2.40957e-05
700000.0003	4.77269e-05
700000.0003	7.79172e-05
700000.0003	-2.52876e-05
700000.0003	2.6315e-06
700000.0003	4.91161e-05
700000.0003	1.41612e-06
700000.0003	5.34888e-05
700000.0003	2.40855e-06
700000.0003	-4.04278e-05
700000.0003	3.18148e-05
700000.0003	8.08643e-05
700000.0003	6.79851e-05
700000.0003	2.96675e-05
700000.0003	9.36059e-06
700000.0003	1.29234e-06
700000.0003	-2.87424e-05
700000.0003	8.19327e-06
700000.0003	-9.60547e-06
700000.0003	-2.55902e-05
700000.0003	-9.99991e-05
700000.0003	-1.84601e-05
700000.0003	4.46988e-05
700000.0003	4.9768e-05
700000.0003	3.57433e-06
700000.0003	4.35291e-05
700000.0003	2.84978e-06
700000.0003	-8.77362e-06
700000.0003	9.89305e-06
700000.0003	-8.53791e-05
700000.0003	5.04379e-05
700000.0003	3.87087e-05
700000.0003	-9.48168e-06
700000.0003	-3.82273e-05
700000.0003	-7.49377e-05
700000.0003	1.55485e-05
700000.0003	-3.10878e-05
700000.0003	-1.19703e-05
700000.0003	3.47333e-05
700000.0003	-2.12024e-05
700000.0003	3.12588e-05
700000.0003	6.85438e-06
700000.0003	5.19102e-05
700000.0003	7.70633e-06
700000.0003	-2.22585e-05
700000.0003	-4.51887e-05
700000.0003	7.91302e-06
700000.0003	1.93138e-05
700000.0003	-5.94056e-05
700000.0003	5.47537e-05
700000.0003	0.000107678
700000.0003	-3.68876e-05
700000.0003	7.10008e-05
700000.0003	-2.35406e-05
700000.0003	-4.24059e-05
700000.0003	-2.27095e-05
700000.0003	-5.10973e-05
700000.0003	1.36034e-05
700000.0003	8.39477e-05
700000.0003	-6.19485e-05
700000.0003	-1.07264e-05
700000.0003	6.68103e-05
700000.0003	-1.69256e-05
700000.0003	-4.76176e-05
700000.0003	-0.000110221
700000.0003	-6.02323e-06
700000.0003	0.000192071
700000.0003	-1.14152e-05
700000.0003	2.03908e-05
700000.0003	1.049e-05
700000.0003	8.18438e-06
700000.0003	-2.25946e-05
700000.0003	1.71945e-05
700000.0003	1.93263e-05
700000.0003	0.000318688
700000.0003	2.70293e-05
700000.0003	-1.63525e-05
700000.0003	-0.000147682
700000.0003	7.65809e-05
700000.0003	-0.000174045
700000.0003	-0.000235219
700000.0003	-4.75467e-05
700000.0003	2.56568e-05
700000.0003	0.000142483
700000.0003	4.7274e-06
700000.0003	0.0179467
700000.0003	0.0238239
700000.0003	0.036728
700000.0003	0.060353
700000.0003	0.100808
700000.0003	0.167328
700000.0003	0.266423
700000.0003	0.410845
700000.0003	0.606045
700000.0003	0.876945
700000.0003	1.24798
700000.0003	1.75719
700000.0003	2.44581
700000.0003	3.33141
700000.0003	4.47218
700000.0003	5.82827
700000.0003	7.42823
700000.0003	9.27509
700000.0003	11.2824
700000.0003	13.3074
700000.0003	15.3148
700000.0003	16.9529
700000.0003	18.2384
700000.0003	18.9661
700000.0003	19.4974
700000.0003	19.7784
700000.0003	19.7013
700000.0003	19.5598
700000.0003	19.2166
700000.0003	18.9907
700000.0003	18.8667
700000.0003	18.4809
700000.0003	18.2031
700000.0003	18.0326
700000.0003	17.6921
700000.0003	17.4877
700000.0003	17.2206
700000.0003	16.959
700000.0003	16.7588
700000.0003	16.4294
700000.0003	15.9586
700000.0003	15.5956
700000.0003	15.3483
700000.0003	15.1794
700000.0003	14.8985
700000.0003	14.7498
700000.0003	14.3991
700000.0003	14.2755
700000.0003	14.0427
700000.0003	13.8745
700000.0003	13.695
700000.0003	13.5402
700000.0003	13.4685
700000.0003	13.3322
700000.0003	13.1929
700000.0003	13.0726
700000.0003	12.8954
700000.0003	12.8206
700000.0003	12.7322
700000.0003	12.6175
700000.0003	12.5887
700000.0003	12.4579
700000.0003	12.4408
700000.0003	12.3565
700000.0003	12.2273
700000.0003	12.147
700000.0003	12.1041
700000.0003	12.0761
700000.0003	11.9897
700000.0003	11.9596
700000.0003	11.8925
700000.0003	11.8096
700000.0003	11.8416
700000.0003	11.7736
700000.0003	11.7003
700000.0003	11.5624
700000.0003	11.6361
700000.0003	11.5203
700000.0003	11.4415
700000.0003	11.4341
700000.0003	11.364
700000.0003	11.3913
700000.0003	11.3665
700000.0003	11.2378
700000.0003	11.2608
700000.0003	11.2702
700000.0003	11.1332
700000.0003	11.2433
700000.0003	11.1908
700000.0003	11.0596
700000.0003	11.0875
700000.0003	11.0508
700000.0003	11.0226
700000.0003	11.0483
700000.0003	11.0309
700000.0003	10.991
700000.0003	10.9106
700000.0003	10.9566
700000.0003	10.9238
700000.0003	10.9362
700000.0003	10.9204
700000.0003	10.9362
700000.0003	10.9531
700000.0003	10.9131
700000.0003	10.8482
700000.0003	10.8296
700000.0003	10.8047
700000.0003	10.8543
700000.0003	10.745
700000.0003	10.7639
700000.0003	10.7623
700000.0003	10.7437
700000.0003	10.708
700000.0003	10.7594
700000.0003	10.817
700000.0003	10.7571
700000.0003	10.7618
700000.0003	10.6272
700000.0003	10.7011
700000.0003	10.6998
700000.0003	10.6015
700000.0003	10.6764
700000.0003	10.5905
700000.0003	10.7049
700000.0003	10.7214
700000.0003	10.629
700000.0003	10.6016
700000.0003	10.6046
700000.0003	10.6575
700000.0003	10.6693
700000.0003	10.6678
700000.0003	10.6521
700000.0003	10.62
700000.0003	10.5975
700000.0003	10.5726
700000.0003	10.7178
700000.0003	10.6933
700000.0003	10.6095
700000.0003	10.6115
700000.0003	10.5701
700000.0003	10.6567
700000.0003	10.6313
700000.0003	10.5928
700000.0003	10.6046
700000.0003	10.6158
700000.0003	10.547
700000.0003	10.6535
700000.0003	10.5327
700000.0003	10.5501
700000.0003	10.617
700000.0003	10.565
700000.0003	10.4519
700000.0003	10.4834
700000.0003	10.4086
700000.0003	10.3712
700000.0003	10.3674
700000.0003	10.3708
700000.0003	10.268
700000.0003	10.27
700000.0003	10.2156
700000.0003	10.2189
700000.0003	10.1976
700000.0003	10.1182
700000.0003	10.1045
700000.0003	10.0962
700000.0003	10.008
700000.0003	9.87845
700000.0003	9.98702
700000.0003	9.83668
700000.0003	9.83362
700000.0003	9.73987
700000.0003	9.72541
700000.0003	9.65039
700000.0003	9.56432
700000.0003	9.48314
700000.0003	9.4191
700000.0003	9.36339
700000.0003	9.317
700000.0003	9.24505
700000.0003	9.09618
700000.0003	9.10607
700000.0003	9.06311
700000.0003	9.01808
700000.0003	8.9341
700000.0003	8.82415
700000.0003	8.77494
700000.0003	8.68883
700000.0003	8.58526
700000.0003	8.57553
700000.0003	8.51204
700000.0003	8.46733
700000.0003	8.28929
700000.0003	8.23386
700000.0003	8.15757
700000.0003	8.14127
700000.0003	7.98215
700000.0003	7.91518
700000.0003	7.89589
700000.0003	7.70302
700000.0003	7.68213
700000.0003	7.56125
700000.0003	7.52488
700000.0003	7.45583
700000.0003	7.42472
700000.0003	7.32201
700000.0003	7.22389
700000.0003	7.15749
700000.0003	7.05557
700000.0003	6.98418
700000.0003	6.93537
700000.0003	6.81418
700000.0003	6.7671
700000.0003	6.68172
700000.0003	6.62155
700000.0003	6.51771
700000.0003	6.46828
700000.0003	6.38713
700000.0003	6.35608
700000.0003	6.24349
700000.0003	6.19747
700000.0003	6.10025
700000.0003	6.08488
700000.0003	6.00487
700000.0003	5.98164
700000.0003	5.8975
700000.0003	5.85364
700000.0003	5.82252
700000.0003	5.77471
700000.0003	5.7526
700000.0003	5.73619
700000.0003	5.65807
700000.0003	5.64129
700000.0003	5.59585
700000.0003	5.55474
700000.0003	5.53828
700000.0003	5.49265
700000.0003	5.4324
700000.0003	5.38123
700000.0003	5.30621
700000.0003	5.22603
700000.0003	5.12542
700000.0003	4.98164
700000.0003	4.82252
700000.0003	4.65894
700000.0003	4.47507
700000.0003	4.26557
700000.0003	4.02859
700000.0003	3.78775
700000.0003	3.54008
700000.0003	3.28852
700000.0003	3.03617
700000.0003	2.78596
700000.0003	2.55095
700000.0003	2.3304
700000.0003	2.12556
700000.0003	1.9277
700000.0003	1.74496
700000.0003	1.58037
700000.0003	1.425
700000.0003	1.28697
700000.0003	1.14954
700000.0003	1.03253
700000.0003	0.922492
700000.0003	0.824595
700000.0003	0.734342
700000.0003	0.651725
700000.0003	0.575768
700000.0003	0.506336
700000.0003	0.444846
700000.0003	0.389583
700000.0003	0.33949
700000.0003	0.294488
700000.0003	0.253828
700000.0003	0.219487
700000.0003	0.188394
700000.0003	0.160035
700000.0003	0.136096
700000.0003	0.114991
700000.0003	0.0972767
700000.0003	0.0819211
700000.0003	0.0687093
700000.0003	0.0574909
700000.0003	0.0485305
700000.0003	0.0408739
700000.0003	0.0338037
700000.0003	0.0284722
700000.0003	0.0236428
700000.0003	0.0201486
700000.0003	0.0171472
700000.0003	0.0144727
700000.0003	0.0124921
700000.0003	0.0108244
700000.0003	0.0094335
700000.0003	0.00836183
700000.0003	0.0074059
700000.0003	0.00679306
700000.0003	0.00627531
700000.0003	0.00582928
700000.0003	0.00546027
700000.0003	0.00526047
700000.0003	0.00515247
700000.0003	0.00501796
700000.0003	0.00494571
700000.0003	0.004896
700000.0003	0.00471275
700000.0003	0.00470732
700000.0003	0.00460591
700000.0003	0.0046493
700000.0003	0.00452159
700000.0003	0.004495
700000.0003	0.0044419
700000.0003	0.00440312
700000.0003	0.00435213
700000.0003	0.00433414
700000.0003	0.00433509
700000.0003	0.00430071
700000.0003	0.00425805
700000.0003	0.00426268
700000.0003	0.0042484
700000.0003	0.00419857
700000.0003	0.00421037
700000.0003	0.0041816
700000.0003	0.00418761
700000.0003	0.00416514
700000.0003	0.00413241
700000.0003	0.00416818
700000.0003	0.00417686
700000.0003	0.00407376
700000.0003	0.00413182
700000.0003	0.00416234
700000.0003	0.00412495
700000.0003	0.0041375
700000.0003	0.00408988
700000.0003	0.00408552
700000.0003	0.00416227
700000.0003	0.00410665
700000.0003	0.00412733
700000.0003	0.00408204
700000.0003	0.00409139
700000.0003	0.00413455
700000.0003	0.00409815
700000.0003	0.00414827
700000.0003	0.00411934
700000.0003	0.00411154
700000.0003	0.00415019
700000.0003	0.00413371
700000.0003	0.00416157
700000.0003	0.00413594
700000.0003	0.00416317
700000.0003	0.00413231
700000.0003	0.00420213
700000.0003	0.004219
700000.0003	0.00414217
700000.0003	0.00418923
700000.0003	0.00420214
700000.0003	0.00418203
700000.0003	0.00419046
700000.0003	0.00426636
700000.0003	0.00426172
700000.0003	0.00429474
700000.0003	0.00425479
700000.0003	0.00434587
700000.0003	0.00434309
700000.0003	0.00434614
700000.0003	0.00440666
700000.0003	0.00439028
700000.0003	0.0044193
700000.0003	0.00442928
700000.0003	0.00452099
700000.0003	0.00456568
700000.0003	0.00453827
700000.0003	0.00465224
700000.0003	0.00479837
700000.0003	0.00481833
700000.0003	0.00484694
700000.0003	0.00488643
700000.0003	0.00497256
700000.0003	0.00501425
700000.0003	0.00520367
700000.0003	0.00526601
700000.0003	0.00536859
700000.0003	0.0055514
700000.0003	0.00572226
700000.0003	0.0058498
700000.0003	0.00597616
700000.0003	0.00637065
700000.0003	0.0065848
700000.0003	0.00681726
700000.0003	0.00723558
700000.0003	0.0076779
700000.0003	0.00819176
700000.0003	0.00873599
700000.0003	0.00930362
700000.0003	0.00999454
700000.0003	0.0108057
700000.0003	0.0118562
700000.0003	0.0129289
700000.0003	0.0140328
700000.0003	0.0153323
700000.0003	0.0162957
