700000.0003	0.0258939
700000.0003	0.0354226
700000.0003	0.051945
700000.0003	0.0807228
700000.0003	0.124439
700000.0003	0.188404
700000.0003	0.276995
700000.0003	0.398159
700000.0003	0.551647
700000.0003	0.74798
700000.0003	0.984246
700000.0003	1.26779
700000.0003	1.6024
700000.0003	1.98748
700000.0003	2.41205
700000.0003	2.87764
700000.0003	3.33559
700000.0003	3.80964
700000.0003	4.29639
700000.0003	4.74425
700000.0003	5.19055
700000.0003	5.62978
700000.0003	6.06139
700000.0003	6.42213
700000.0003	6.85109
700000.0003	7.19083
700000.0003	7.54769
700000.0003	7.91044
700000.0003	8.24062
700000.0003	8.50859
700000.0003	8.81884
700000.0003	9.05409
700000.0003	9.33773
700000.0003	9.58913
700000.0003	9.73175
700000.0003	9.91716
700000.0003	10.0968
700000.0003	10.1441
700000.0003	10.2651
700000.0003	10.2624
700000.0003	10.2173
700000.0003	10.2742
700000.0003	10.2574
700000.0003	10.2376
700000.0003	10.3056
700000.0003	10.2825
700000.0003	10.2785
700000.0003	10.2748
700000.0003	10.267
700000.0003	10.2248
700000.0003	10.322
700000.0003	10.3115
700000.0003	10.2967
700000.0003	10.2815
700000.0003	10.3332
700000.0003	10.3164
700000.0003	10.3009
700000.0003	10.3026
700000.0003	10.2346
700000.0003	10.286
700000.0003	10.2472
700000.0003	10.3455
700000.0003	10.3071
700000.0003	10.367
700000.0003	10.3615
700000.0003	10.2292
700000.0003	10.2717
700000.0003	10.3759
700000.0003	10.332
700000.0003	10.3326
700000.0003	10.3393
700000.0003	10.3621
700000.0003	10.3567
700000.0003	10.2862
700000.0003	10.3871
700000.0003	10.3568
700000.0003	10.2977
700000.0003	10.3858
700000.0003	10.3321
700000.0003	10.3404
700000.0003	10.3801
700000.0003	10.4183
700000.0003	10.3704
700000.0003	10.3335
700000.0003	10.4006
700000.0003	10.3325
700000.0003	10.425
700000.0003	10.4002
700000.0003	10.3632
700000.0003	10.353
700000.0003	10.3366
700000.0003	10.3147
700000.0003	10.3922
700000.0003	10.2988
700000.0003	10.369
700000.0003	10.3703
700000.0003	10.3342
700000.0003	10.4811
700000.0003	10.3238
700000.0003	10.3316
700000.0003	10.3306
700000.0003	10.3583
700000.0003	10.4216
700000.0003	10.3814
700000.0003	10.3718
700000.0003	10.4347
700000.0003	10.4182
700000.0003	10.4775
700000.0003	10.3539
700000.0003	10.531
700000.0003	10.3681
700000.0003	10.4086
700000.0003	10.455
700000.0003	10.4808
700000.0003	10.425
700000.0003	10.4829
700000.0003	10.4105
700000.0003	10.4787
700000.0003	10.4615
700000.0003	10.3806
700000.0003	10.4158
700000.0003	10.3692
700000.0003	10.3604
700000.0003	10.413
700000.0003	10.4065
700000.0003	10.4488
700000.0003	10.417
700000.0003	10.4224
700000.0003	10.4441
700000.0003	10.4561
700000.0003	10.4387
700000.0003	10.4823
700000.0003	10.3802
700000.0003	10.437
700000.0003	10.497
700000.0003	10.4524
700000.0003	10.3996
700000.0003	10.4324
700000.0003	10.4451
700000.0003	10.4253
700000.0003	10.4324
700000.0003	10.4506
700000.0003	10.4549
700000.0003	10.4705
700000.0003	10.4376
700000.0003	10.4743
700000.0003	10.4328
700000.0003	10.3434
700000.0003	10.4037
700000.0003	10.3807
700000.0003	10.3086
700000.0003	10.3717
700000.0003	10.3137
700000.0003	10.256
700000.0003	10.3067
700000.0003	10.2271
700000.0003	10.1906
700000.0003	10.1782
700000.0003	10.1886
700000.0003	10.1185
700000.0003	10.0783
700000.0003	10.0147
700000.0003	9.98859
700000.0003	9.97565
700000.0003	9.89459
700000.0003	9.73339
700000.0003	9.74079
700000.0003	9.6957
700000.0003	9.73309
700000.0003	9.6245
700000.0003	9.56366
700000.0003	9.57997
700000.0003	9.47763
700000.0003	9.36294
700000.0003	9.32142
700000.0003	9.26159
700000.0003	9.23333
700000.0003	9.0844
700000.0003	9.02264
700000.0003	8.97248
700000.0003	8.883
700000.0003	8.82775
700000.0003	8.78335
700000.0003	8.68821
700000.0003	8.72335
700000.0003	8.57523
700000.0003	8.51047
700000.0003	8.38655
700000.0003	8.33811
700000.0003	8.30418
700000.0003	8.16346
700000.0003	8.03611
700000.0003	8.01286
700000.0003	7.95815
700000.0003	7.80075
700000.0003	7.68596
700000.0003	7.6634
700000.0003	7.5804
700000.0003	7.44149
700000.0003	7.40947
700000.0003	7.28829
700000.0003	7.2158
700000.0003	7.12086
700000.0003	7.04006
700000.0003	6.9346
700000.0003	6.83887
700000.0003	6.76064
700000.0003	6.68014
700000.0003	6.60017
700000.0003	6.49219
700000.0003	6.40588
700000.0003	6.33351
700000.0003	6.16117
700000.0003	6.14248
700000.0003	6.01036
700000.0003	5.94145
700000.0003	5.81792
700000.0003	5.73127
700000.0003	5.63323
700000.0003	5.56043
700000.0003	5.46861
700000.0003	5.35716
700000.0003	5.26035
700000.0003	5.13267
700000.0003	5.08009
700000.0003	4.95529
700000.0003	4.89051
700000.0003	4.74868
700000.0003	4.6621
700000.0003	4.59545
700000.0003	4.48308
700000.0003	4.37142
700000.0003	4.29508
700000.0003	4.18728
700000.0003	4.07717
700000.0003	3.97319
700000.0003	3.84824
700000.0003	3.7631
700000.0003	3.66907
700000.0003	3.54848
700000.0003	3.43642
700000.0003	3.32882
700000.0003	3.22189
700000.0003	3.10233
700000.0003	2.98209
700000.0003	2.845
700000.0003	2.73162
700000.0003	2.59516
700000.0003	2.46223
700000.0003	2.3312
700000.0003	2.19637
700000.0003	2.06455
700000.0003	1.92712
700000.0003	1.79054
700000.0003	1.67002
700000.0003	1.53697
700000.0003	1.41702
700000.0003	1.29813
700000.0003	1.18443
700000.0003	1.0784
700000.0003	0.97855
700000.0003	0.885067
700000.0003	0.794644
700000.0003	0.711898
700000.0003	0.633348
700000.0003	0.563417
700000.0003	0.500602
700000.0003	0.439518
700000.0003	0.385482
700000.0003	0.33614
700000.0003	0.291895
700000.0003	0.25307
700000.0003	0.216698
700000.0003	0.185494
700000.0003	0.157888
700000.0003	0.135653
700000.0003	0.11419
700000.0003	0.0972228
700000.0003	0.0810879
700000.0003	0.068754
700000.0003	0.0578069
700000.0003	0.0484833
700000.0003	0.0412532
700000.0003	0.0345709
700000.0003	0.0292507
700000.0003	0.0246809
700000.0003	0.0212115
700000.0003	0.0181389
700000.0003	0.0153202
700000.0003	0.0133047
700000.0003	0.011851
700000.0003	0.0101484
700000.0003	0.00917526
700000.0003	0.00796719
700000.0003	0.00731127
700000.0003	0.00673413
700000.0003	0.00622476
700000.0003	0.00580855
700000.0003	0.0055529
700000.0003	0.00536415
700000.0003	0.00522298
700000.0003	0.0051434
700000.0003	0.00513982
700000.0003	0.00501555
700000.0003	0.00487696
700000.0003	0.00482944
700000.0003	0.00471324
700000.0003	0.00469288
700000.0003	0.00465786
700000.0003	0.00458494
700000.0003	0.00456531
700000.0003	0.00448587
700000.0003	0.00447386
700000.0003	0.00446751
700000.0003	0.00439546
700000.0003	0.00436462
700000.0003	0.00436645
700000.0003	0.00434549
700000.0003	0.0042645
700000.0003	0.00425673
700000.0003	0.00424931
700000.0003	0.00421851
700000.0003	0.00415131
700000.0003	0.00427057
700000.0003	0.00417454
700000.0003	0.00420467
700000.0003	0.00416454
700000.0003	0.00416155
700000.0003	0.00419113
700000.0003	0.00416048
700000.0003	0.00417
700000.0003	0.0041462
700000.0003	0.00416609
700000.0003	0.00410273
700000.0003	0.00409625
700000.0003	0.00422208
700000.0003	0.00410051
700000.0003	0.00408765
700000.0003	0.00416334
700000.0003	0.00414099
700000.0003	0.00411814
700000.0003	0.00415768
700000.0003	0.00410245
700000.0003	0.00415992
700000.0003	0.00410461
700000.0003	0.0041614
700000.0003	0.0041843
700000.0003	0.00413454
700000.0003	0.00416698
700000.0003	0.00422374
700000.0003	0.00423019
700000.0003	0.00419015
700000.0003	0.00423679
700000.0003	0.00421877
700000.0003	0.00423954
700000.0003	0.00417131
700000.0003	0.00426027
700000.0003	0.00436478
700000.0003	0.00437944
700000.0003	0.00440118
700000.0003	0.00433255
700000.0003	0.00436806
700000.0003	0.00435533
700000.0003	0.00449586
700000.0003	0.00447377
700000.0003	0.00454914
700000.0003	0.00453608
700000.0003	0.00461862
700000.0003	0.00462077
700000.0003	0.00473623
700000.0003	0.00470755
700000.0003	0.00471594
700000.0003	0.00486564
700000.0003	0.00490084
700000.0003	0.00497306
700000.0003	0.00500367
700000.0003	0.00515812
700000.0003	0.00510141
700000.0003	0.00534974
700000.0003	0.0054471
700000.0003	0.00548473
700000.0003	0.00577677
700000.0003	0.00576336
700000.0003	0.00599915
700000.0003	0.00623285
700000.0003	0.00635589
700000.0003	0.00652057
700000.0003	0.00694124
700000.0003	0.00725769
700000.0003	0.00754171
700000.0003	0.0080067
700000.0003	0.00839778
700000.0003	0.00919899
700000.0003	0.00984431
700000.0003	0.0107894
700000.0003	0.0118418
700000.0003	0.0132394
700000.0003	0.01532
700000.0003	0.0177395
700000.0003	0.0212106
700000.0003	-0.00026013
700000.0003	-0.000181083
700000.0003	0.000212898
700000.0003	-9.88052e-05
700000.0003	0.000391678
700000.0003	-0.000315545
700000.0003	0.000432899
700000.0003	0.0020455
700000.0003	-2.0828e-05
700000.0003	-0.000332685
700000.0003	-0.000677966
700000.0003	0.0022582
700000.0003	-0.00243196
700000.0003	-0.00767711
700000.0003	0.00706312
700000.0003	-0.00140411
700000.0003	-0.00447651
700000.0003	0.015253
700000.0003	0.0140192
700000.0003	0.0188618
700000.0003	-0.000717683
700000.0003	0.0274233
700000.0003	-0.0218702
700000.0003	0.00246636
700000.0003	0.0180123
700000.0003	0.0154302
700000.0003	-0.00375848
700000.0003	-0.0264853
700000.0003	-0.000503861
700000.0003	0.0329738
700000.0003	0.0391622
700000.0003	0.00289645
700000.0003	0.0105932
700000.0003	0.00952861
700000.0003	-0.0114757
700000.0003	0.00377432
700000.0003	0.0252944
700000.0003	-0.0103165
700000.0003	-0.00373147
700000.0003	-0.0297812
700000.0003	-0.00575774
700000.0003	-0.020933
700000.0003	-0.00699173
700000.0003	-0.0137436
700000.0003	-0.0436264
700000.0003	-0.0405991
700000.0003	-0.00746298
700000.0003	-0.0206603
700000.0003	-0.00407554
700000.0003	-0.00655595
700000.0003	-0.00235108
700000.0003	-0.0117195
700000.0003	-0.00911346
700000.0003	0.0226557
700000.0003	0.00179829
700000.0003	0.0303228
700000.0003	0.0240058
700000.0003	-0.023412
700000.0003	0.00129069
700000.0003	-0.0415233
700000.0003	-0.0113143
700000.0003	-0.0159378
700000.0003	-0.0162861
700000.0003	-0.0168646
700000.0003	-0.00391785
700000.0003	0.0173973
700000.0003	0.00762121
700000.0003	0.0233739
700000.0003	-0.0153765
700000.0003	-0.00360906
700000.0003	-0.0025783
700000.0003	0.0138108
700000.0003	0.000870315
700000.0003	0.00444748
700000.0003	0.0266727
700000.0003	0.00125261
700000.0003	0.00520631
700000.0003	0.0176216
700000.0003	-0.0089746
700000.0003	-0.0309341
700000.0003	-0.0163147
700000.0003	-0.0302718
700000.0003	-0.0259503
700000.0003	-0.048433
700000.0003	-0.0153559
700000.0003	-0.00100269
700000.0003	0.00749696
700000.0003	-0.055143
700000.0003	-0.0119225
700000.0003	0.0438689
700000.0003	0.0264479
700000.0003	-0.00477898
700000.0003	-0.0214351
700000.0003	-0.032315
700000.0003	0.00694267
700000.0003	-0.0158755
700000.0003	-0.0333097
700000.0003	0.0105972
700000.0003	0.0272653
700000.0003	-0.0042007
700000.0003	-0.0184239
700000.0003	-0.00269582
700000.0003	0.0100375
700000.0003	-0.00538223
700000.0003	0.00675786
700000.0003	-0.0148892
700000.0003	-0.00550438
700000.0003	0.00453169
700000.0003	-0.00718929
700000.0003	0.0233671
700000.0003	0.0128936
700000.0003	-0.000977587
700000.0003	0.0204657
700000.0003	-0.00882966
700000.0003	-0.0465447
700000.0003	-0.00322715
700000.0003	0.0437826
700000.0003	-0.051766
700000.0003	0.0115183
700000.0003	-0.017849
700000.0003	-0.0101871
700000.0003	-0.0117883
700000.0003	-0.00217457
700000.0003	-0.0275807
700000.0003	0.01932
700000.0003	-0.0139535
700000.0003	0.0120645
700000.0003	-0.0395297
700000.0003	-0.00289906
700000.0003	-0.0212468
700000.0003	-0.00154374
700000.0003	0.0239283
700000.0003	0.0018801
700000.0003	-0.0248352
700000.0003	-0.00458827
700000.0003	0.00692085
700000.0003	0.0396974
700000.0003	0.00777732
700000.0003	-0.0521606
700000.0003	-7.63091e-05
700000.0003	-0.0178134
700000.0003	0.0315527
700000.0003	-0.00198228
700000.0003	0.0126051
700000.0003	-0.00370287
700000.0003	0.0491259
700000.0003	0.0236841
700000.0003	-0.0332744
700000.0003	-0.0015757
700000.0003	-0.0305074
700000.0003	0.00766403
700000.0003	0.0100294
700000.0003	-0.0121566
700000.0003	0.00931069
700000.0003	0.0378941
700000.0003	-0.0107204
700000.0003	0.00356309
700000.0003	-0.0142209
700000.0003	0.0115573
700000.0003	-0.0156468
700000.0003	0.0389388
700000.0003	0.0175785
700000.0003	-0.0157289
700000.0003	-0.0100822
700000.0003	-0.0166344
700000.0003	0.0264684
700000.0003	-0.00590171
700000.0003	0.0116734
700000.0003	-0.000353887
700000.0003	-0.0298835
700000.0003	0.000606313
700000.0003	-0.0405181
700000.0003	0.00602049
700000.0003	-0.0153695
700000.0003	-0.00412576
700000.0003	0.0148562
700000.0003	0.0351843
700000.0003	0.00964331
700000.0003	0.0139692
700000.0003	0.0313396
700000.0003	0.0116504
700000.0003	0.00924562
700000.0003	0.0422265
700000.0003	-0.0144727
700000.0003	0.0272219
700000.0003	-0.0324817
700000.0003	0.00948699
700000.0003	-0.035379
700000.0003	-0.00986501
700000.0003	0.00943168
700000.0003	-0.0236476
700000.0003	0.00810523
700000.0003	-0.0140919
700000.0003	-0.0139758
700000.0003	-0.0206711
700000.0003	-0.0200785
700000.0003	-0.00781534
700000.0003	-0.0102167
700000.0003	-0.00892131
700000.0003	0.000108992
700000.0003	-0.0107946
700000.0003	-0.000913097
700000.0003	-0.0103339
700000.0003	-0.00305019
700000.0003	0.0392023
700000.0003	-0.000409912
700000.0003	-0.0189716
700000.0003	0.00324017
700000.0003	0.0035458
700000.0003	-0.00781701
700000.0003	0.0208838
700000.0003	-0.0233633
700000.0003	0.0127198
700000.0003	0.00569775
700000.0003	0.00728942
700000.0003	-0.00172737
700000.0003	-0.000189778
700000.0003	0.00118714
700000.0003	-0.00582717
700000.0003	0.00710827
700000.0003	0.00761184
700000.0003	0.00338117
700000.0003	0.0136019
700000.0003	0.0062551
700000.0003	0.0185017
700000.0003	-0.00891314
700000.0003	-0.0083123
700000.0003	0.000410894
700000.0003	-0.00760444
700000.0003	-0.00459734
700000.0003	-0.0144092
700000.0003	0.00382074
700000.0003	-0.0163242
700000.0003	-0.0167288
700000.0003	-0.00755258
700000.0003	0.0075983
700000.0003	-0.00038079
700000.0003	-0.000281697
700000.0003	0.0105457
700000.0003	-0.00668193
700000.0003	0.0105414
700000.0003	-0.00385709
700000.0003	0.001278
700000.0003	0.010688
700000.0003	-0.00508334
700000.0003	0.000610625
700000.0003	-0.00503737
700000.0003	0.0122503
700000.0003	-0.00748833
700000.0003	-0.0116889
700000.0003	-0.00248826
700000.0003	0.000226798
700000.0003	0.0031419
700000.0003	-0.000187138
700000.0003	-0.00298768
700000.0003	0.0026173
700000.0003	0.00107274
700000.0003	4.57384e-05
700000.0003	0.00284895
700000.0003	-0.000314104
700000.0003	0.00690742
700000.0003	0.00167134
700000.0003	0.000385314
700000.0003	-0.000768158
700000.0003	0.000419531
700000.0003	0.0013426
700000.0003	0.000425209
700000.0003	-0.00129294
700000.0003	0.00147646
700000.0003	0.000665608
700000.0003	0.000693905
700000.0003	-2.81708e-05
700000.0003	-0.00105605
700000.0003	-0.000289696
700000.0003	0.000289184
700000.0003	-0.000750863
700000.0003	0.000152106
700000.0003	-0.000367183
700000.0003	0.000499028
700000.0003	0.000253009
700000.0003	-0.000184069
700000.0003	-0.000365838
700000.0003	6.54102e-05
700000.0003	0.000167318
700000.0003	0.000330497
700000.0003	0.000378903
700000.0003	-9.50931e-05
700000.0003	0.000129351
700000.0003	-0.000234519
700000.0003	0.000102389
700000.0003	-2.8187e-05
700000.0003	-8.5963e-05
700000.0003	2.70361e-05
700000.0003	1.76761e-05
700000.0003	9.77137e-06
700000.0003	-5.52051e-06
700000.0003	-7.28918e-06
700000.0003	-7.91439e-05
700000.0003	-3.41282e-05
700000.0003	2.88163e-05
700000.0003	-2.30942e-05
700000.0003	-5.95647e-05
700000.0003	-1.00482e-05
700000.0003	1.46973e-05
700000.0003	-1.35267e-05
700000.0003	-1.47385e-06
700000.0003	4.82901e-05
700000.0003	2.41208e-05
700000.0003	2.64851e-05
700000.0003	1.41968e-05
700000.0003	-4.03497e-05
700000.0003	-3.35479e-05
700000.0003	3.46688e-05
700000.0003	2.82027e-05
700000.0003	-5.36821e-05
700000.0003	5.28914e-06
700000.0003	-4.70241e-05
700000.0003	4.9532e-07
700000.0003	2.48457e-05
700000.0003	-6.93372e-06
700000.0003	2.1254e-06
700000.0003	-1.73849e-05
700000.0003	-4.99151e-05
700000.0003	5.54768e-06
700000.0003	-3.38617e-05
700000.0003	-2.70207e-06
700000.0003	1.96657e-05
700000.0003	9.71373e-06
700000.0003	-1.1294e-05
700000.0003	-4.88933e-05
700000.0003	-4.0214e-05
700000.0003	-2.0547e-05
700000.0003	-1.8124e-05
700000.0003	-6.00704e-06
700000.0003	-5.10167e-05
700000.0003	-8.19698e-06
700000.0003	4.70213e-05
700000.0003	-1.97388e-05
700000.0003	3.10303e-05
700000.0003	3.06843e-05
700000.0003	-5.18843e-06
700000.0003	5.52216e-06
700000.0003	-2.8541e-05
700000.0003	-5.35154e-05
700000.0003	1.89587e-05
700000.0003	-4.52192e-05
700000.0003	-4.07468e-05
700000.0003	-6.04827e-06
700000.0003	4.44869e-05
700000.0003	5.64145e-06
700000.0003	-3.8573e-05
700000.0003	1.70563e-05
700000.0003	-1.07492e-05
700000.0003	-5.44711e-06
700000.0003	1.1605e-05
700000.0003	-1.87512e-05
700000.0003	4.56139e-05
700000.0003	-9.43258e-06
700000.0003	-2.16491e-05
700000.0003	-5.57338e-06
700000.0003	-9.30383e-06
700000.0003	-4.04316e-08
700000.0003	-4.68894e-05
700000.0003	-3.45223e-05
700000.0003	8.40045e-06
700000.0003	-1.40748e-05
700000.0003	-1.20958e-05
700000.0003	2.8071e-05
700000.0003	4.23585e-05
700000.0003	-2.93315e-05
700000.0003	6.20805e-06
700000.0003	1.54879e-06
700000.0003	-9.85055e-05
700000.0003	3.76718e-05
700000.0003	-1.24424e-05
700000.0003	-6.63003e-06
700000.0003	6.18591e-05
700000.0003	-5.77132e-06
700000.0003	1.48929e-05
700000.0003	1.5695e-05
700000.0003	3.72948e-05
700000.0003	4.68607e-05
700000.0003	2.37293e-05
700000.0003	-2.89641e-06
700000.0003	2.30398e-05
700000.0003	4.96268e-05
700000.0003	9.53361e-05
700000.0003	-1.96564e-05
700000.0003	4.54138e-05
700000.0003	-2.87222e-05
700000.0003	-0.000116174
700000.0003	0.000242813
700000.0003	-0.000131232
700000.0003	-6.28521e-05
700000.0003	3.59049e-05
700000.0003	8.13391e-05
700000.0003	-1.04596e-05
700000.0003	0.00020652
700000.0003	-4.08274e-05
700000.0003	0.000571469
700000.0003	-5.62292e-06
700000.0003	5.91333e-05
700000.0003	0.000460735
700000.0003	0.000217666
700000.0003	-0.000422912
700000.0003	0.000841641
700000.0003	0.000127272
700000.0003	0.00130813
700000.0003	-0.00150677
700000.0003	-0.000222112
700000.0003	-0.000190145
700000.0003	-4.50216e-05
700000.0003	-0.00446847
700000.0003	-0.00393732
700000.0003	0.00636114
700000.0003	-0.00632288
700000.0003	-0.000972528
700000.0003	-5.72422e-05
700000.0003	-0.00256415
700000.0003	0.021832
700000.0003	-0.00328718
700000.0003	0.000393899
700000.0003	-0.00628919
700000.0003	-0.0153648
700000.0003	0.037152
700000.0003	0.0128131
700000.0003	0.00719769
700000.0003	-0.0234053
700000.0003	0.00594666
700000.0003	0.0506915
700000.0003	0.0266613
700000.0003	-0.0124722
700000.0003	-0.00490266
700000.0003	0.0025692
700000.0003	-0.0136008
700000.0003	0.00843372
700000.0003	0.0207207
700000.0003	-0.0207411
700000.0003	0.0109364
700000.0003	-0.0378652
700000.0003	-0.0184288
700000.0003	-0.015146
700000.0003	-0.00517923
700000.0003	-0.0172158
700000.0003	-0.0463466
700000.0003	-0.0486165
700000.0003	-0.0203761
700000.0003	-0.0225355
700000.0003	-0.0182029
700000.0003	0.00596356
700000.0003	0.00256115
700000.0003	-0.00875853
700000.0003	-0.00271024
700000.0003	0.0210278
700000.0003	-0.00132055
700000.0003	0.0275452
700000.0003	0.0195761
700000.0003	-0.0102815
700000.0003	0.00237056
700000.0003	-0.0371795
700000.0003	0.00177835
700000.0003	-0.00580503
700000.0003	-0.00234487
700000.0003	-0.0197555
700000.0003	0.0135247
700000.0003	0.00201204
700000.0003	0.0168266
700000.0003	0.0326345
700000.0003	-0.00502812
700000.0003	0.00167828
700000.0003	0.00360466
700000.0003	0.0291776
700000.0003	-0.0142241
700000.0003	-0.00575691
700000.0003	0.0210748
700000.0003	0.0208458
700000.0003	0.00685834
700000.0003	0.00664124
700000.0003	-0.0195522
700000.0003	-0.0209261
700000.0003	-0.00846109
700000.0003	-0.0207363
700000.0003	-0.0135323
700000.0003	-0.0364408
700000.0003	-0.0198187
700000.0003	-0.0152104
700000.0003	0.0210659
700000.0003	-0.0630042
700000.0003	-0.00130257
700000.0003	0.0567482
700000.0003	0.0320218
700000.0003	0.00359088
700000.0003	-0.0227201
700000.0003	-0.0323182
700000.0003	0.013763
700000.0003	-0.0169964
700000.0003	-0.0300458
700000.0003	0.0103924
700000.0003	0.0163605
700000.0003	-0.00930186
700000.0003	-0.0144982
700000.0003	-0.0155726
700000.0003	-0.00603248
700000.0003	0.00499074
700000.0003	-0.000991033
700000.0003	-0.0325421
700000.0003	-0.00481681
700000.0003	-0.000300472
700000.0003	-0.0125482
700000.0003	0.00817413
700000.0003	0.00772866
700000.0003	-0.0121951
700000.0003	0.0278158
700000.0003	-0.00713056
700000.0003	-0.060089
700000.0003	-0.0115258
700000.0003	0.0372494
700000.0003	-0.0634831
700000.0003	0.0317145
700000.0003	-0.0210252
700000.0003	0.000214172
700000.0003	-0.0228234
700000.0003	0.00347326
700000.0003	-0.0303021
700000.0003	0.033417
700000.0003	-0.00993106
700000.0003	-0.00267424
700000.0003	-0.0294659
700000.0003	-0.0106184
700000.0003	-0.0189012
700000.0003	-0.00873928
700000.0003	0.0217078
700000.0003	-0.0024234
700000.0003	-0.0175175
700000.0003	-0.00589313
700000.0003	0.00741449
700000.0003	0.0315146
700000.0003	0.00951764
700000.0003	-0.0467128
700000.0003	-0.0186212
700000.0003	-0.00292948
700000.0003	0.0327323
700000.0003	-0.0065185
700000.0003	0.0237083
700000.0003	0.00998575
700000.0003	0.044875
700000.0003	0.0243555
700000.0003	-0.0321757
700000.0003	-0.00565089
700000.0003	-0.0285523
700000.0003	0.00819288
700000.0003	0.0111511
700000.0003	0.00223018
700000.0003	0.00988812
700000.0003	0.0434269
700000.0003	-0.00227454
700000.0003	-0.000800263
700000.0003	-0.0190392
700000.0003	0.0137188
700000.0003	-0.023473
700000.0003	0.0235572
700000.0003	0.023374
700000.0003	-0.0145043
700000.0003	-0.0189906
700000.0003	-0.0200393
700000.0003	0.0261675
700000.0003	-0.014663
700000.0003	0.0119305
700000.0003	0.00933438
700000.0003	-0.0365462
700000.0003	0.00891588
700000.0003	-0.0305887
700000.0003	0.00507289
700000.0003	-0.0189937
700000.0003	-0.00965972
700000.0003	0.00656732
700000.0003	0.0279319
700000.0003	-0.00425942
700000.0003	0.0139002
700000.0003	0.0302806
700000.0003	-0.000545427
700000.0003	0.001502
700000.0003	0.0245297
700000.0003	-0.0136111
700000.0003	0.0189111
700000.0003	-0.0236646
700000.0003	0.00641808
700000.0003	-0.0323172
700000.0003	0.0144248
700000.0003	0.0202434
700000.0003	-0.0212444
700000.0003	0.00545485
700000.0003	-0.0112415
700000.0003	-0.00433495
700000.0003	-0.00477009
700000.0003	-0.0234476
700000.0003	0.013607
700000.0003	-0.00563788
700000.0003	-0.00667245
700000.0003	-0.000687092
700000.0003	0.0054374
700000.0003	0.0181042
700000.0003	-0.00513496
700000.0003	-0.00265165
700000.0003	0.0341852
700000.0003	0.00391781
700000.0003	-0.0182942
700000.0003	-0.00117658
700000.0003	0.00151643
700000.0003	-0.00984117
700000.0003	0.020352
700000.0003	-0.0168034
700000.0003	0.0158861
700000.0003	-0.00861248
700000.0003	0.00523507
700000.0003	0.00298986
700000.0003	-0.00534246
700000.0003	0.0098151
700000.0003	-0.00243788
700000.0003	-0.00129744
700000.0003	0.00609469
700000.0003	-1.05479e-05
700000.0003	0.0121357
700000.0003	-0.00207496
700000.0003	0.0204258
700000.0003	-0.0104869
700000.0003	-0.00432912
700000.0003	0.00249422
700000.0003	-0.00822288
700000.0003	-0.0131368
700000.0003	-0.0118213
700000.0003	0.0017121
700000.0003	-0.014147
700000.0003	-0.0099768
700000.0003	-0.00232526
700000.0003	0.00316288
700000.0003	-0.000950156
700000.0003	-0.0017294
700000.0003	0.00703293
700000.0003	0.00120846
700000.0003	-0.00151319
700000.0003	-0.00191826
700000.0003	0.0135494
700000.0003	0.00677805
700000.0003	-0.00381896
700000.0003	0.00235477
700000.0003	-0.0038853
700000.0003	0.00826423
700000.0003	-0.00729125
700000.0003	-0.000802295
700000.0003	-0.00102625
700000.0003	0.00202329
700000.0003	0.00436435
700000.0003	-0.00410115
700000.0003	-0.00497641
700000.0003	0.000138564
700000.0003	-0.00310521
700000.0003	0.0023022
700000.0003	0.00277358
700000.0003	0.000481341
700000.0003	0.00272338
700000.0003	0.00273456
700000.0003	-0.0022289
700000.0003	0.00048707
700000.0003	0.000464524
700000.0003	-0.0010978
700000.0003	-0.0013666
700000.0003	-0.000480316
700000.0003	0.00143617
700000.0003	-0.000925537
700000.0003	-0.000627176
700000.0003	-0.000731579
700000.0003	-0.000513872
700000.0003	0.000484702
700000.0003	0.00034088
700000.0003	-0.00102554
700000.0003	0.00050946
700000.0003	-0.000139602
700000.0003	-0.000346044
700000.0003	-2.46779e-05
700000.0003	0.00026083
700000.0003	0.000214507
700000.0003	0.000286015
700000.0003	0.000281253
700000.0003	0.000405479
700000.0003	7.95255e-05
700000.0003	-0.000137313
700000.0003	-6.32834e-05
700000.0003	-0.000112093
700000.0003	-3.39112e-05
700000.0003	-0.000105527
700000.0003	0.000164857
700000.0003	-2.46288e-05
700000.0003	-0.000107839
700000.0003	0.000103687
700000.0003	5.86801e-05
700000.0003	-2.26318e-05
700000.0003	4.797e-05
700000.0003	-7.43238e-05
700000.0003	-1.12108e-05
700000.0003	2.77932e-05
700000.0003	2.92549e-05
700000.0003	-2.15102e-06
700000.0003	-6.28436e-05
700000.0003	-1.85118e-05
700000.0003	-4.32361e-05
700000.0003	6.73773e-05
700000.0003	1.45833e-05
700000.0003	-2.70444e-05
700000.0003	1.88854e-05
700000.0003	-3.72003e-05
700000.0003	8.09226e-05
700000.0003	-4.7057e-05
700000.0003	-2.02065e-05
700000.0003	-4.88524e-05
700000.0003	1.59724e-05
700000.0003	-7.51196e-05
700000.0003	-4.75619e-06
700000.0003	-3.89093e-05
700000.0003	1.37747e-05
700000.0003	-2.64732e-05
700000.0003	-4.84477e-05
700000.0003	-1.95042e-05
700000.0003	-2.24251e-06
700000.0003	7.75672e-05
700000.0003	-7.35942e-05
700000.0003	1.93928e-05
700000.0003	1.9264e-05
700000.0003	1.84095e-05
700000.0003	5.79006e-06
700000.0003	-3.5718e-05
700000.0003	-8.02342e-06
700000.0003	-3.81065e-05
700000.0003	2.58237e-05
700000.0003	-9.28272e-06
700000.0003	-1.21807e-05
700000.0003	8.24702e-06
700000.0003	4.14791e-05
700000.0003	2.63629e-05
700000.0003	-1.55321e-05
700000.0003	-1.08564e-05
700000.0003	4.34214e-07
700000.0003	9.50488e-06
700000.0003	-3.51085e-05
700000.0003	-5.39e-05
700000.0003	-6.50969e-05
700000.0003	-2.29412e-05
700000.0003	-1.61748e-05
700000.0003	1.43934e-05
700000.0003	-7.63939e-06
700000.0003	-5.68087e-05
700000.0003	-3.68495e-05
700000.0003	-3.03728e-06
700000.0003	-9.27197e-06
700000.0003	3.08487e-06
700000.0003	4.10314e-05
700000.0003	-2.01444e-05
700000.0003	-3.90546e-05
700000.0003	-3.70688e-05
700000.0003	1.13316e-05
700000.0003	4.81567e-06
700000.0003	1.12089e-05
700000.0003	1.6017e-05
700000.0003	3.2069e-05
700000.0003	-6.26563e-05
700000.0003	-1.85257e-05
700000.0003	0.000139899
700000.0003	-4.51965e-05
700000.0003	-6.44201e-05
700000.0003	2.16702e-06
700000.0003	1.72658e-05
700000.0003	-1.29854e-05
700000.0003	-5.05212e-05
700000.0003	-2.98975e-05
700000.0003	-2.376e-05
700000.0003	7.05386e-06
700000.0003	6.0626e-05
700000.0003	5.21172e-05
700000.0003	-1.70267e-05
700000.0003	-5.68034e-06
700000.0003	7.24671e-05
700000.0003	-3.75266e-05
700000.0003	-3.79142e-05
700000.0003	-8.92439e-05
700000.0003	-7.57193e-06
700000.0003	-0.000102535
700000.0003	6.92244e-05
700000.0003	8.26804e-05
700000.0003	-0.000180717
700000.0003	-0.000202187
700000.0003	-2.54327e-05
700000.0003	-0.000123423
700000.0003	-0.000116567
700000.0003	-0.000172066
700000.0003	4.50221e-05
700000.0003	-8.30498e-05
700000.0003	-0.000102427
700000.0003	1.9016e-05
700000.0003	-0.00034494
700000.0003	2.69667e-05
700000.0003	0.0179934
700000.0003	0.0238208
700000.0003	0.0367577
700000.0003	0.0597835
700000.0003	0.100429
700000.0003	0.166357
700000.0003	0.265326
700000.0003	0.410496
700000.0003	0.60576
700000.0003	0.87889
700000.0003	1.24746
700000.0003	1.76097
700000.0003	2.4446
700000.0003	3.33984
700000.0003	4.4741
700000.0003	5.82416
700000.0003	7.45874
700000.0003	9.27133
700000.0003	11.2886
700000.0003	13.3333
700000.0003	15.3247
700000.0003	16.9779
700000.0003	18.211
700000.0003	19.0055
700000.0003	19.5409
700000.0003	19.6812
700000.0003	19.7053
700000.0003	19.5493
700000.0003	19.3505
700000.0003	19.0798
700000.0003	18.742
700000.0003	18.535
700000.0003	18.2028
700000.0003	17.9629
700000.0003	17.7899
700000.0003	17.4474
700000.0003	17.2118
700000.0003	16.8498
700000.0003	16.6374
700000.0003	16.3385
700000.0003	15.9834
700000.0003	15.7178
700000.0003	15.355
700000.0003	15.0239
700000.0003	14.8669
700000.0003	14.6787
700000.0003	14.4417
700000.0003	14.1948
700000.0003	14.0859
700000.0003	13.8408
700000.0003	13.7978
700000.0003	13.6199
700000.0003	13.5179
700000.0003	13.3256
700000.0003	13.1501
700000.0003	13.0994
700000.0003	12.968
700000.0003	12.9128
700000.0003	12.657
700000.0003	12.6589
700000.0003	12.5272
700000.0003	12.4686
700000.0003	12.3507
700000.0003	12.3717
700000.0003	12.365
700000.0003	12.1539
700000.0003	12.1106
700000.0003	12.0551
700000.0003	11.948
700000.0003	11.9282
700000.0003	11.8727
700000.0003	11.8397
700000.0003	11.7731
700000.0003	11.6757
700000.0003	11.667
700000.0003	11.6059
700000.0003	11.5992
700000.0003	11.5502
700000.0003	11.4612
700000.0003	11.411
700000.0003	11.4472
700000.0003	11.3117
700000.0003	11.3006
700000.0003	11.3116
700000.0003	11.3174
700000.0003	11.2448
700000.0003	11.2124
700000.0003	11.1821
700000.0003	11.1478
700000.0003	11.0465
700000.0003	11.1001
700000.0003	11.0148
700000.0003	11.068
700000.0003	11.0603
700000.0003	11.0422
700000.0003	11.0323
700000.0003	10.9492
700000.0003	11.0377
700000.0003	10.9185
700000.0003	10.9125
700000.0003	10.8369
700000.0003	10.8635
700000.0003	10.8808
700000.0003	10.8103
700000.0003	10.759
700000.0003	10.8005
700000.0003	10.8744
700000.0003	10.8683
700000.0003	10.7601
700000.0003	10.8776
700000.0003	10.7805
700000.0003	10.7824
700000.0003	10.7835
700000.0003	10.7922
700000.0003	10.7811
700000.0003	10.7665
700000.0003	10.7072
700000.0003	10.6976
700000.0003	10.7813
700000.0003	10.6283
700000.0003	10.6675
700000.0003	10.7564
700000.0003	10.7089
700000.0003	10.6868
700000.0003	10.7439
700000.0003	10.6415
700000.0003	10.5851
700000.0003	10.6826
700000.0003	10.6214
700000.0003	10.6726
700000.0003	10.6752
700000.0003	10.6926
700000.0003	10.632
700000.0003	10.6489
700000.0003	10.6438
700000.0003	10.6079
700000.0003	10.6428
700000.0003	10.627
700000.0003	10.6366
700000.0003	10.6447
700000.0003	10.6637
700000.0003	10.6357
700000.0003	10.5795
700000.0003	10.6954
700000.0003	10.6483
700000.0003	10.6318
700000.0003	10.5748
700000.0003	10.5477
700000.0003	10.581
700000.0003	10.5447
700000.0003	10.5108
700000.0003	10.524
700000.0003	10.5319
700000.0003	10.4485
700000.0003	10.4668
700000.0003	10.3808
700000.0003	10.3167
700000.0003	10.3079
700000.0003	10.218
700000.0003	10.2575
700000.0003	10.2035
700000.0003	10.1441
700000.0003	10.1621
700000.0003	10.1061
700000.0003	10.0551
700000.0003	9.9124
700000.0003	9.85697
700000.0003	9.84655
700000.0003	9.8679
700000.0003	9.74718
700000.0003	9.72889
700000.0003	9.70296
700000.0003	9.61834
700000.0003	9.58907
700000.0003	9.51902
700000.0003	9.4119
700000.0003	9.37268
700000.0003	9.26096
700000.0003	9.21979
700000.0003	9.17674
700000.0003	9.13376
700000.0003	9.06043
700000.0003	8.96013
700000.0003	8.89516
700000.0003	8.8366
700000.0003	8.77245
700000.0003	8.75383
700000.0003	8.61825
700000.0003	8.57302
700000.0003	8.5198
700000.0003	8.3736
700000.0003	8.34169
700000.0003	8.26922
700000.0003	8.17171
700000.0003	8.10647
700000.0003	8.00709
700000.0003	7.96232
700000.0003	7.90226
700000.0003	7.74545
700000.0003	7.7039
700000.0003	7.60283
700000.0003	7.52462
700000.0003	7.43693
700000.0003	7.37644
700000.0003	7.34041
700000.0003	7.19776
700000.0003	7.13408
700000.0003	7.02426
700000.0003	7.00227
700000.0003	6.91471
700000.0003	6.84762
700000.0003	6.728
700000.0003	6.68108
700000.0003	6.61538
700000.0003	6.52448
700000.0003	6.47391
700000.0003	6.39393
700000.0003	6.324
700000.0003	6.24545
700000.0003	6.20532
700000.0003	6.1592
700000.0003	6.08725
700000.0003	6.02954
700000.0003	5.96908
700000.0003	5.92205
700000.0003	5.85549
700000.0003	5.85509
700000.0003	5.77835
700000.0003	5.74111
700000.0003	5.71203
700000.0003	5.6812
700000.0003	5.65802
700000.0003	5.61797
700000.0003	5.55178
700000.0003	5.5438
700000.0003	5.49272
700000.0003	5.43127
700000.0003	5.37971
700000.0003	5.32183
700000.0003	5.21945
700000.0003	5.11883
700000.0003	4.98705
700000.0003	4.8381
700000.0003	4.66894
700000.0003	4.46688
700000.0003	4.26057
700000.0003	4.01457
700000.0003	3.78276
700000.0003	3.5348
700000.0003	3.28689
700000.0003	3.03171
700000.0003	2.79401
700000.0003	2.56077
700000.0003	2.33078
700000.0003	2.12613
700000.0003	1.92258
700000.0003	1.74595
700000.0003	1.57679
700000.0003	1.42435
700000.0003	1.2829
700000.0003	1.14965
700000.0003	1.03562
700000.0003	0.922668
700000.0003	0.823353
700000.0003	0.732508
700000.0003	0.651442
700000.0003	0.574679
700000.0003	0.508015
700000.0003	0.444293
700000.0003	0.38916
700000.0003	0.339008
700000.0003	0.293583
700000.0003	0.25525
700000.0003	0.218906
700000.0003	0.187384
700000.0003	0.160306
700000.0003	0.137651
700000.0003	0.115776
700000.0003	0.0973481
700000.0003	0.0818411
700000.0003	0.0687104
700000.0003	0.0577595
700000.0003	0.0485237
700000.0003	0.040065
700000.0003	0.0337208
700000.0003	0.0284999
700000.0003	0.0240352
700000.0003	0.0200778
700000.0003	0.0170036
700000.0003	0.014476
700000.0003	0.012482
700000.0003	0.0107856
700000.0003	0.0095507
700000.0003	0.00825547
700000.0003	0.00743421
700000.0003	0.00677091
700000.0003	0.00615486
700000.0003	0.0058594
700000.0003	0.00550798
700000.0003	0.00520566
700000.0003	0.00517424
700000.0003	0.00504195
700000.0003	0.00490038
700000.0003	0.00480884
700000.0003	0.00480211
700000.0003	0.00474444
700000.0003	0.00463301
700000.0003	0.00455633
700000.0003	0.00449636
700000.0003	0.00445135
700000.0003	0.00441764
700000.0003	0.00444169
700000.0003	0.00438526
700000.0003	0.00434929
700000.0003	0.00432545
700000.0003	0.00429056
700000.0003	0.00427874
700000.0003	0.00425758
700000.0003	0.00420621
700000.0003	0.00423519
700000.0003	0.00419879
700000.0003	0.00421732
700000.0003	0.00417884
700000.0003	0.00419471
700000.0003	0.00415219
700000.0003	0.00414534
700000.0003	0.0041291
700000.0003	0.00410547
700000.0003	0.00413641
700000.0003	0.00413082
700000.0003	0.00409868
700000.0003	0.00410137
700000.0003	0.00414735
700000.0003	0.00408108
700000.0003	0.00411905
700000.0003	0.00411063
700000.0003	0.00412768
700000.0003	0.00411959
700000.0003	0.00407469
700000.0003	0.00406341
700000.0003	0.00410289
700000.0003	0.00411558
700000.0003	0.00410603
700000.0003	0.0041246
700000.0003	0.00412738
700000.0003	0.00414526
700000.0003	0.00412311
700000.0003	0.00414277
700000.0003	0.00412286
700000.0003	0.00407954
700000.0003	0.00418739
700000.0003	0.00418309
700000.0003	0.00418568
700000.0003	0.00419747
700000.0003	0.00417783
700000.0003	0.00417909
700000.0003	0.00422188
700000.0003	0.00420578
700000.0003	0.00424483
700000.0003	0.00431178
700000.0003	0.0042756
700000.0003	0.00429596
700000.0003	0.00434875
700000.0003	0.00431658
700000.0003	0.00439483
700000.0003	0.00437032
700000.0003	0.00439941
700000.0003	0.00449319
700000.0003	0.00454652
700000.0003	0.00451696
700000.0003	0.00454479
700000.0003	0.00455793
700000.0003	0.00468974
700000.0003	0.00479635
700000.0003	0.00487569
700000.0003	0.00492934
700000.0003	0.00491834
700000.0003	0.00503495
700000.0003	0.00520487
700000.0003	0.00515362
700000.0003	0.00537832
700000.0003	0.00561105
700000.0003	0.00575908
700000.0003	0.00581925
700000.0003	0.00602338
700000.0003	0.00630252
700000.0003	0.00657863
700000.0003	0.00691631
700000.0003	0.00736696
700000.0003	0.00764307
700000.0003	0.00826303
700000.0003	0.0086122
700000.0003	0.00923368
700000.0003	0.00981155
700000.0003	0.010536
700000.0003	0.0118509
700000.0003	0.0125944
700000.0003	0.0138583
700000.0003	0.0150894
700000.0003	0.016445
