700000.0003	27.9554
700000.0003	101.553
700000.0003	202.758
700000.0003	343.075
700000.0003	533.081
700000.0003	767.096
700000.0003	1070.61
700000.0003	1430.24
700000.0003	1830.35
700000.0003	2287.55
700000.0003	2784.81
700000.0003	3300.18
700000.0003	3881.17
700000.0003	4426.47
700000.0003	4993.85
700000.0003	5522.6
700000.0003	5989.31
700000.0003	6356.69
700000.0003	6685.94
700000.0003	6895.22
700000.0003	7035.55
700000.0003	7108.43
700000.0003	7117.64
700000.0003	7036.3
700000.0003	6921.93
700000.0003	6798.27
700000.0003	6591.09
700000.0003	6349.91
700000.0003	6063.02
700000.0003	5698.88
700000.0003	5358.25
700000.0003	4966.16
700000.0003	4513.61
700000.0003	4053.27
700000.0003	3502.51
700000.0003	2979.47
700000.0003	2375.21
700000.0003	1755.56
700000.0003	1070.07
700000.0003	366.56
700000.0003	0
700000.0003	0
700000.0003	0
700000.0003	0
700000.0003	0
700000.0003	0
700000.0003	0
700000.0003	0
700000.0003	0
700000.0003	0
700000.0003	0
700000.0003	0
700000.0003	0
700000.0003	0
700000.0003	0
700000.0003	0
700000.0003	0
700000.0003	0
700000.0003	0
700000.0003	0
700000.0003	0
700000.0003	0
700000.0003	0
700000.0003	0
700000.0003	0
700000.0003	0
700000.0003	0
700000.0003	0
700000.0003	0
700000.0003	0
700000.0003	0
700000.0003	0
700000.0003	0
700000.0003	0
700000.0003	0
700000.0003	0
700000.0003	0
700000.0003	0
700000.0003	0
700000.0003	0
700000.0003	0
700000.0003	0
700000.0003	0
700000.0003	0
700000.0003	0
700000.0003	0
700000.0003	0
700000.0003	0
700000.0003	0
700000.0003	0
700000.0003	0
700000.0003	0
700000.0003	0
700000.0003	0
700000.0003	0
700000.0003	0
700000.0003	0
700000.0003	0
700000.0003	0
700000.0003	0
700000.0003	0
700000.0003	0
700000.0003	0
700000.0003	0
700000.0003	0
700000.0003	0
700000.0003	0
700000.0003	0
700000.0003	0
700000.0003	0
700000.0003	0
700000.0003	0
700000.0003	0
700000.0003	0
700000.0003	0
700000.0003	0
700000.0003	0
700000.0003	0
700000.0003	0
700000.0003	0
700000.0003	0
700000.0003	0
700000.0003	0
700000.0003	0
700000.0003	0
700000.0003	0
700000.0003	0
700000.0003	0
700000.0003	0
700000.0003	0
700000.0003	0
700000.0003	0
700000.0003	0
700000.0003	0
700000.0003	0
700000.0003	0
700000.0003	0
700000.0003	0
700000.0003	0
700000.0003	0
700000.0003	-23.6028
700000.0003	-70.015
700000.0003	-117.18
700000.0003	-163.414
700000.0003	-207.309
700000.0003	-252.406
700000.0003	-299.251
700000.0003	-340.672
700000.0003	-383.317
700000.0003	-422.03
700000.0003	-465.413
700000.0003	-510.008
700000.0003	-544.481
700000.0003	-588.729
700000.0003	-631.656
700000.0003	-665.218
700000.0003	-701.048
700000.0003	-743.117
700000.0003	-779.558
700000.0003	-816.287
700000.0003	-853.136
700000.0003	-888.318
700000.0003	-924.281
700000.0003	-956.259
700000.0003	-995.651
700000.0003	-1019.42
700000.0003	-1054.61
700000.0003	-1087.04
700000.0003	-1116.69
700000.0003	-1152.44
700000.0003	-1172.63
700000.0003	-1210.76
700000.0003	-1237.65
700000.0003	-1267.86
700000.0003	-1287.61
700000.0003	-1321.49
700000.0003	-1346.21
700000.0003	-1378.62
700000.0003	-1389.82
700000.0003	-1432.6
700000.0003	-1447.51
700000.0003	-1472.32
700000.0003	-1494.48
700000.0003	-1509.9
700000.0003	-1542.32
700000.0003	-1554.21
700000.0003	-1580.47
700000.0003	-1594.36
700000.0003	-1616.97
700000.0003	-1634.72
700000.0003	-1660.01
700000.0003	-1674.66
700000.0003	-1688.98
700000.0003	-1702.73
700000.0003	-1726.46
700000.0003	-1736.08
700000.0003	-1749.13
700000.0003	-1766.26
700000.0003	-1778.69
700000.0003	-1789.13
700000.0003	-1806.64
700000.0003	-1812.57
700000.0003	-1826.52
700000.0003	-1832.16
700000.0003	-1840.64
700000.0003	-1857.95
700000.0003	-1859.16
700000.0003	-1868.05
700000.0003	-1891.49
700000.0003	-1890.17
700000.0003	-1893.35
700000.0003	-1890.51
700000.0003	-1903.97
700000.0003	-1912.24
700000.0003	-1914.78
700000.0003	-1928.43
700000.0003	-1924.26
700000.0003	-1921.63
700000.0003	-1924.84
700000.0003	-1927.8
700000.0003	-1927.95
700000.0003	-1926.64
700000.0003	-1923.86
700000.0003	-1916.52
700000.0003	-1915.39
700000.0003	-1916.85
700000.0003	-1902.63
700000.0003	-1909.23
700000.0003	-1895.88
700000.0003	-1890.58
700000.0003	-1895.79
700000.0003	-1880.06
700000.0003	-1872.59
700000.0003	-1864.5
700000.0003	-1853.63
700000.0003	-1827.31
700000.0003	-1824.69
700000.0003	-1811.79
700000.0003	-1779.97
700000.0003	-1758.4
700000.0003	-1747.6
700000.0003	-1715.73
700000.0003	-1690.06
700000.0003	-1652.15
700000.0003	-1620.59
700000.0003	-1584.49
700000.0003	-1540.88
700000.0003	-1495.76
700000.0003	-1452.27
700000.0003	-1399.4
700000.0003	-1345.14
700000.0003	-1281.76
700000.0003	-1219.71
700000.0003	-1168.95
700000.0003	-1101.32
700000.0003	-1036.31
700000.0003	-972.072
700000.0003	-912.355
700000.0003	-848.197
700000.0003	-784.841
700000.0003	-726.06
700000.0003	-672.589
700000.0003	-616.023
700000.0003	-561.212
700000.0003	-512.004
700000.0003	-464.929
700000.0003	-418.75
700000.0003	-377.068
700000.0003	-337.424
700000.0003	-299.079
700000.0003	-265.601
700000.0003	-232.339
700000.0003	-205.072
700000.0003	-178.659
700000.0003	-155.214
700000.0003	-133.919
700000.0003	-116.341
700000.0003	-99.2495
700000.0003	-84.3417
700000.0003	-72.8655
700000.0003	-61.7214
700000.0003	-51.69
700000.0003	-44.3869
700000.0003	-37.0891
700000.0003	-31.1881
700000.0003	-26.7974
700000.0003	-22.6983
700000.0003	-18.8003
700000.0003	-16.0263
700000.0003	-13.3681
700000.0003	-10.9324
700000.0003	-9.03389
700000.0003	-7.40363
700000.0003	-6.11517
700000.0003	-4.7475
700000.0003	-3.75438
700000.0003	-2.76502
700000.0003	-1.90626
700000.0003	-1.11332
700000.0003	-0.369287
700000.0003	0
700000.0003	0
700000.0003	0
700000.0003	0
700000.0003	0
700000.0003	0
700000.0003	0
700000.0003	0
700000.0003	0
700000.0003	0
700000.0003	0
700000.0003	0
700000.0003	0
700000.0003	0
700000.0003	0
700000.0003	0
700000.0003	0
700000.0003	0
700000.0003	0
700000.0003	0
700000.0003	0
700000.0003	0
700000.0003	0
700000.0003	0
700000.0003	0
700000.0003	0
700000.0003	0
700000.0003	0
700000.0003	0
700000.0003	0
700000.0003	0
700000.0003	0
700000.0003	0
700000.0003	0
700000.0003	0
700000.0003	0
700000.0003	0
700000.0003	0
700000.0003	0
700000.0003	0
700000.0003	0
700000.0003	0
700000.0003	0
700000.0003	0
700000.0003	0
700000.0003	0
700000.0003	0
700000.0003	0
700000.0003	0
700000.0003	0
700000.0003	0
700000.0003	0
700000.0003	0
700000.0003	0
700000.0003	0
700000.0003	0
700000.0003	0
700000.0003	0
700000.0003	0
700000.0003	0
700000.0003	0
700000.0003	0
700000.0003	0
700000.0003	0
700000.0003	0
700000.0003	0
700000.0003	0
700000.0003	0
700000.0003	0
700000.0003	0
700000.0003	0
700000.0003	0
700000.0003	0
700000.0003	0
700000.0003	0
700000.0003	0
700000.0003	0
700000.0003	0
700000.0003	0
700000.0003	0
700000.0003	0
700000.0003	0
700000.0003	0
700000.0003	0
700000.0003	0
700000.0003	0
700000.0003	0
700000.0003	0
700000.0003	0
700000.0003	0
700000.0003	0
700000.0003	0
700000.0003	0
700000.0003	0
700000.0003	0
700000.0003	0
700000.0003	0
700000.0003	0
700000.0003	0
700000.0003	0
700000.0003	0.213631
700000.0003	0.318602
700000.0003	-2.19647
700000.0003	1.02622
700000.0003	0.146119
700000.0003	-4.67337
700000.0003	-3.6268
700000.0003	-2.19325
700000.0003	1.96651
700000.0003	7.45304
700000.0003	6.92668
700000.0003	-3.30473
700000.0003	-0.653867
700000.0003	-7.34354
700000.0003	-16.6925
700000.0003	16.9204
700000.0003	12.9211
700000.0003	3.02768
700000.0003	-2.56778
700000.0003	-11.6822
700000.0003	46.7401
700000.0003	-7.12883
700000.0003	-23.4032
700000.0003	-34.4662
700000.0003	-0.488529
700000.0003	-2.29475
700000.0003	-20.3594
700000.0003	-4.62187
700000.0003	-4.22977
700000.0003	-13.6886
700000.0003	-23.8157
700000.0003	-9.88315
700000.0003	-1.19575
700000.0003	4.04407
700000.0003	6.08026
700000.0003	13.4995
700000.0003	-8.54945
700000.0003	-7.47433
700000.0003	0.483244
700000.0003	-1.91314
700000.0003	0
700000.0003	0
700000.0003	0
700000.0003	0
700000.0003	0
700000.0003	0
700000.0003	0
700000.0003	0
700000.0003	0
700000.0003	0
700000.0003	0
700000.0003	0
700000.0003	0
700000.0003	0
700000.0003	0
700000.0003	0
700000.0003	0
700000.0003	0
700000.0003	0
700000.0003	0
700000.0003	0
700000.0003	0
700000.0003	0
700000.0003	0
700000.0003	0
700000.0003	0
700000.0003	0
700000.0003	0
700000.0003	0
700000.0003	0
700000.0003	0
700000.0003	0
700000.0003	0
700000.0003	0
700000.0003	0
700000.0003	0
700000.0003	0
700000.0003	0
700000.0003	0
700000.0003	0
700000.0003	0
700000.0003	0
700000.0003	0
700000.0003	0
700000.0003	0
700000.0003	0
700000.0003	0
700000.0003	0
700000.0003	0
700000.0003	0
700000.0003	0
700000.0003	0
700000.0003	0
700000.0003	0
700000.0003	0
700000.0003	0
700000.0003	0
700000.0003	0
700000.0003	0
700000.0003	0
700000.0003	0
700000.0003	0
700000.0003	0
700000.0003	0
700000.0003	0
700000.0003	0
700000.0003	0
700000.0003	0
700000.0003	0
700000.0003	0
700000.0003	0
700000.0003	0
700000.0003	0
700000.0003	0
700000.0003	0
700000.0003	0
700000.0003	0
700000.0003	0
700000.0003	0
700000.0003	0
700000.0003	0
700000.0003	0
700000.0003	0
700000.0003	0
700000.0003	0
700000.0003	0
700000.0003	0
700000.0003	0
700000.0003	0
700000.0003	0
700000.0003	0
700000.0003	0
700000.0003	0
700000.0003	0
700000.0003	0
700000.0003	0
700000.0003	0
700000.0003	0
700000.0003	0
700000.0003	0
700000.0003	-0.0355085
700000.0003	0.337021
700000.0003	-0.0225441
700000.0003	0.0918006
700000.0003	-0.109501
700000.0003	-0.637581
700000.0003	0.482685
700000.0003	-0.925866
700000.0003	-1.3483
700000.0003	-0.206106
700000.0003	1.16366
700000.0003	1.0559
700000.0003	-1.23788
700000.0003	0.944522
700000.0003	-1.68571
700000.0003	0.428207
700000.0003	-3.44667
700000.0003	-0.527606
700000.0003	0.911083
700000.0003	-4.74238
700000.0003	-1.26304
700000.0003	-1.97488
700000.0003	-3.45167
700000.0003	4.58065
700000.0003	-4.90994
700000.0003	-2.44185
700000.0003	1.62477
700000.0003	3.21138
700000.0003	0.233027
700000.0003	1.45613
700000.0003	-0.219474
700000.0003	-4.14062
700000.0003	0.87283
700000.0003	-0.0908762
700000.0003	1.80352
700000.0003	-4.6621
700000.0003	0.382213
700000.0003	-2.9951
700000.0003	3.83471
700000.0003	0.414262
700000.0003	5.42884
700000.0003	0.101077
700000.0003	1.35878
700000.0003	-0.862832
700000.0003	8.48194
700000.0003	-6.249
700000.0003	-3.67902
700000.0003	1.44522
700000.0003	-0.783244
700000.0003	0.157441
700000.0003	-4.00202
700000.0003	6.69469
700000.0003	-0.300748
700000.0003	-2.70624
700000.0003	-6.16627
700000.0003	1.76039
700000.0003	3.88255
700000.0003	2.81451
700000.0003	1.27971
700000.0003	1.27977
700000.0003	6.10605
700000.0003	-0.870926
700000.0003	2.36905
700000.0003	2.04958
700000.0003	2.47219
700000.0003	4.26187
700000.0003	4.43481
700000.0003	-3.76721
700000.0003	-3.50875
700000.0003	0.515529
700000.0003	-5.54893
700000.0003	0.197693
700000.0003	-0.536269
700000.0003	0.0228155
700000.0003	-3.56426
700000.0003	-2.12697
700000.0003	-3.7809
700000.0003	2.0381
700000.0003	-2.72362
700000.0003	0.00593187
700000.0003	-2.10939
700000.0003	8.44312
700000.0003	2.24899
700000.0003	2.1619
700000.0003	-1.90889
700000.0003	-1.05952
700000.0003	-3.83401
700000.0003	4.86698
700000.0003	2.26937
700000.0003	1.73083
700000.0003	1.28967
700000.0003	-0.551787
700000.0003	-3.9665
700000.0003	-1.31865
700000.0003	6.06783
700000.0003	0.418456
700000.0003	-0.746485
700000.0003	-0.489813
700000.0003	-0.463229
700000.0003	1.63126
700000.0003	2.0136
700000.0003	-1.98813
700000.0003	4.66998
700000.0003	1.30709
700000.0003	4.10072
700000.0003	-5.95751
700000.0003	4.5275
700000.0003	-2.14976
700000.0003	4.63705
700000.0003	-3.5834
700000.0003	-0.640829
700000.0003	4.00369
700000.0003	-0.27567
700000.0003	-0.451692
700000.0003	0.569636
700000.0003	-1.20989
700000.0003	-1.14842
700000.0003	0.645814
700000.0003	-2.83978
700000.0003	0.999317
700000.0003	0.964582
700000.0003	-1.10168
700000.0003	-1.17802
700000.0003	0.267307
700000.0003	-1.12019
700000.0003	-1.3303
700000.0003	0.208908
700000.0003	0.502453
700000.0003	-0.804478
700000.0003	0.0698512
700000.0003	-0.13269
700000.0003	-0.177627
700000.0003	-0.356981
700000.0003	-0.387087
700000.0003	1.13591
700000.0003	1.00513
700000.0003	0.5064
700000.0003	0.201077
700000.0003	0.275578
700000.0003	-0.874529
700000.0003	-0.85409
700000.0003	-0.00734634
700000.0003	-0.0348006
700000.0003	-0.0758914
700000.0003	-0.0732228
700000.0003	-0.114245
700000.0003	-0.0123595
700000.0003	0.0499477
700000.0003	-0.189879
700000.0003	-0.177983
700000.0003	-0.231741
700000.0003	0.0149287
700000.0003	-0.0230152
700000.0003	-0.164845
700000.0003	-0.0669589
700000.0003	0.00570498
700000.0003	0.0101203
700000.0003	-0.0278116
700000.0003	0.00349121
700000.0003	0.0011739
700000.0003	0
700000.0003	0
700000.0003	0
700000.0003	0
700000.0003	0
700000.0003	0
700000.0003	0
700000.0003	0
700000.0003	0
700000.0003	0
700000.0003	0
700000.0003	0
700000.0003	0
700000.0003	0
700000.0003	0
700000.0003	0
700000.0003	0
700000.0003	0
700000.0003	0
700000.0003	0
700000.0003	0
700000.0003	0
700000.0003	0
700000.0003	0
700000.0003	0
700000.0003	0
700000.0003	0
700000.0003	0
700000.0003	0
700000.0003	0
700000.0003	0
700000.0003	0
700000.0003	0
700000.0003	0
700000.0003	0
700000.0003	0
700000.0003	0
700000.0003	0
700000.0003	0
700000.0003	0
700000.0003	0
700000.0003	0
700000.0003	0
700000.0003	0
700000.0003	0
700000.0003	0
700000.0003	0
700000.0003	0
700000.0003	0
700000.0003	0
700000.0003	0
700000.0003	0
700000.0003	0
700000.0003	0
700000.0003	0
700000.0003	0
700000.0003	0
700000.0003	0
700000.0003	0
700000.0003	0
700000.0003	0
700000.0003	0
700000.0003	0
700000.0003	0
700000.0003	0
700000.0003	0
700000.0003	0
700000.0003	0
700000.0003	0
700000.0003	0
700000.0003	0
700000.0003	0
700000.0003	0
700000.0003	0
700000.0003	0
700000.0003	0
700000.0003	0
700000.0003	0
700000.0003	0
700000.0003	0
700000.0003	0
700000.0003	0
700000.0003	0
700000.0003	0
700000.0003	0
700000.0003	0
700000.0003	0
700000.0003	0
700000.0003	0
700000.0003	0
700000.0003	0
700000.0003	0
700000.0003	0
700000.0003	0
700000.0003	0
700000.0003	0
700000.0003	0
700000.0003	0
700000.0003	0
700000.0003	0
