700000.0003	63.7222
700000.0003	113.72
700000.0003	193.052
700000.0003	311.396
700000.0003	481.823
700000.0003	698.638
700000.0003	959.31
700000.0003	1256.89
700000.0003	1593.08
700000.0003	1969.11
700000.0003	2397.56
700000.0003	2856.84
700000.0003	3305.88
700000.0003	3648.13
700000.0003	3804.68
700000.0003	3724.82
700000.0003	3458.85
700000.0003	3053.82
700000.0003	2592.19
700000.0003	2139.77
700000.0003	1729.23
700000.0003	1363.44
700000.0003	1059.7
700000.0003	806.23
700000.0003	611.67
700000.0003	461.5
700000.0003	347.992
700000.0003	262.444
700000.0003	200.383
700000.0003	153.814
700000.0003	117.504
700000.0003	90.0236
700000.0003	70.1741
700000.0003	54.2596
700000.0003	43.3818
700000.0003	33.8573
700000.0003	27.7782
700000.0003	20.9046
700000.0003	18.2296
700000.0003	15.2452
700000.0003	11.3967
700000.0003	8.44706
700000.0003	9.01648
700000.0003	6.70912
700000.0003	3.72849
700000.0003	5.55785
700000.0003	3.40218
700000.0003	4.1336
700000.0003	4.44541
700000.0003	4.80838
700000.0003	4.62415
700000.0003	2.63535
700000.0003	3.96398
700000.0003	4.00024
700000.0003	2.52589
700000.0003	2.37616
700000.0003	1.77405
700000.0003	2.02139
700000.0003	1.99342
700000.0003	1.27245
700000.0003	1.74487
700000.0003	2.67472
700000.0003	1.82181
700000.0003	3.49981
700000.0003	1.53087
700000.0003	1.30299
700000.0003	1.81296
700000.0003	1.62872
700000.0003	0.761512
700000.0003	0.959918
700000.0003	1.10115
700000.0003	1.14925
700000.0003	1.10491
700000.0003	0.558434
700000.0003	1.05307
700000.0003	1.47727
700000.0003	0.900542
700000.0003	0.499725
700000.0003	2.0004
700000.0003	0.469254
700000.0003	0.641285
700000.0003	0.939292
700000.0003	0.752224
700000.0003	0.200445
700000.0003	1.71942
700000.0003	0.737101
700000.0003	-0.312813
700000.0003	0.382923
700000.0003	0.523699
700000.0003	0.47206
700000.0003	0.871538
700000.0003	-0.507171
700000.0003	-0.284584
700000.0003	1.39125
700000.0003	0.0928575
700000.0003	-0.0595565
700000.0003	0.591684
700000.0003	0.21072
700000.0003	-0.491531
700000.0003	0.725764
700000.0003	0.520127
700000.0003	0.262725
700000.0003	0.0765582
700000.0003	-0.703129
700000.0003	-0.344521
700000.0003	0.340903
700000.0003	-0.575266
700000.0003	1.26695
700000.0003	0.384668
700000.0003	0.214783
700000.0003	0.808003
700000.0003	1.39569
700000.0003	-0.198665
700000.0003	-0.164136
700000.0003	0.124515
700000.0003	0.0762217
700000.0003	0.565325
700000.0003	-0.25118
700000.0003	-0.456997
700000.0003	0.142427
700000.0003	-0.96784
700000.0003	0.328261
700000.0003	0.443855
700000.0003	0.880004
700000.0003	-0.307136
700000.0003	1.00981
700000.0003	0.262958
700000.0003	0.246563
700000.0003	0.770717
700000.0003	0.201774
700000.0003	-1.32854
700000.0003	-0.524698
700000.0003	-0.360858
700000.0003	0.0261533
700000.0003	-0.753664
700000.0003	-0.608651
700000.0003	0.295979
700000.0003	0.484861
700000.0003	0.286978
700000.0003	-0.0181218
700000.0003	0.0707572
700000.0003	-0.4116
700000.0003	-0.219647
700000.0003	0.457037
700000.0003	-0.681351
700000.0003	-0.532227
700000.0003	-0.62235
700000.0003	-1.40924
700000.0003	-0.179018
700000.0003	-0.747797
700000.0003	-0.950721
700000.0003	-1.41018
700000.0003	-0.721979
700000.0003	-1.3558
700000.0003	-1.47471
700000.0003	-0.663685
700000.0003	-1.99715
700000.0003	-1.8771
700000.0003	-1.77656
700000.0003	-2.3085
700000.0003	-1.35651
700000.0003	-2.10231
700000.0003	-1.2781
700000.0003	-1.86562
700000.0003	-1.44053
700000.0003	-1.87012
700000.0003	-0.584904
700000.0003	-3.49555
700000.0003	-2.97518
700000.0003	-2.84786
700000.0003	-3.9733
700000.0003	-3.40406
700000.0003	-3.44101
700000.0003	-2.27026
700000.0003	-3.4634
700000.0003	-2.83488
700000.0003	-3.8929
700000.0003	-3.91455
700000.0003	-3.63079
700000.0003	-3.25956
700000.0003	-3.51183
700000.0003	-4.69074
700000.0003	-4.56795
700000.0003	-5.85462
700000.0003	-3.86528
700000.0003	-5.89601
700000.0003	-5.34149
700000.0003	-6.34915
700000.0003	-4.58689
700000.0003	-6.36192
700000.0003	-6.96887
700000.0003	-6.74077
700000.0003	-7.11366
700000.0003	-7.97802
700000.0003	-7.63985
700000.0003	-8.82322
700000.0003	-6.87192
700000.0003	-8.80995
700000.0003	-9.60496
700000.0003	-10.2874
700000.0003	-11.1537
700000.0003	-8.62411
700000.0003	-9.99995
700000.0003	-10.6022
700000.0003	-12.307
700000.0003	-13.0564
700000.0003	-13.3177
700000.0003	-13.5482
700000.0003	-15.7251
700000.0003	-15.7063
700000.0003	-18.2673
700000.0003	-17.9708
700000.0003	-18.3992
700000.0003	-19.0306
700000.0003	-21.7869
700000.0003	-22.9248
700000.0003	-25.5521
700000.0003	-27.4729
700000.0003	-29.6917
700000.0003	-31.4554
700000.0003	-37.5114
700000.0003	-39.4031
700000.0003	-43.0869
700000.0003	-47.995
700000.0003	-53.0306
700000.0003	-60.8815
700000.0003	-69.1306
700000.0003	-76.8354
700000.0003	-87.2481
700000.0003	-101.693
700000.0003	-118.274
700000.0003	-135.509
700000.0003	-158.028
700000.0003	-181.813
700000.0003	-210.957
700000.0003	-248.87
700000.0003	-288.503
700000.0003	-337.306
700000.0003	-388.664
700000.0003	-453.216
700000.0003	-524.049
700000.0003	-601.211
700000.0003	-685.051
700000.0003	-774.935
700000.0003	-866.575
700000.0003	-968.035
700000.0003	-1063.46
700000.0003	-1154.48
700000.0003	-1247.28
700000.0003	-1330.48
700000.0003	-1395.71
700000.0003	-1449.93
700000.0003	-1490.87
700000.0003	-1509.77
700000.0003	-1511.46
700000.0003	-1500.02
700000.0003	-1477.53
700000.0003	-1434.83
700000.0003	-1391.76
700000.0003	-1330.33
700000.0003	-1274.67
700000.0003	-1203.73
700000.0003	-1141.06
700000.0003	-1073.72
700000.0003	-1002.3
700000.0003	-934.325
700000.0003	-867.479
700000.0003	-800.472
700000.0003	-734.804
700000.0003	-674.156
700000.0003	-612.405
700000.0003	-553.568
700000.0003	-498.391
700000.0003	-442.994
700000.0003	-395.242
700000.0003	-349.169
700000.0003	-307.988
700000.0003	-267.474
700000.0003	-232.545
700000.0003	-204.633
700000.0003	-178.13
700000.0003	-155.619
700000.0003	-136.784
700000.0003	-120.329
700000.0003	-106.62
700000.0003	-95.4269
700000.0003	-85.3201
700000.0003	-76.0285
700000.0003	-71.7405
700000.0003	-65.2485
700000.0003	-61.0706
700000.0003	-57.5966
700000.0003	-54.5704
700000.0003	-51.4467
700000.0003	-49.7142
700000.0003	-48.2186
700000.0003	-46.6069
700000.0003	-45.2371
700000.0003	-44.2983
700000.0003	-42.4298
700000.0003	-41.5076
700000.0003	-41.8764
700000.0003	-41.3113
700000.0003	-42.7554
700000.0003	-41.3409
700000.0003	-41.3487
700000.0003	-40.6011
700000.0003	-40.9237
700000.0003	-40.8903
700000.0003	-41.6591
700000.0003	-41.1176
700000.0003	-41.0391
700000.0003	-41.3382
700000.0003	-40.0509
700000.0003	-40.1665
700000.0003	-41.0288
700000.0003	-41.435
700000.0003	-40.9672
700000.0003	-40.7579
700000.0003	-39.8473
700000.0003	-40.5613
700000.0003	-40.3705
700000.0003	-39.9335
700000.0003	-40.8698
700000.0003	-40.9884
700000.0003	-40.6274
700000.0003	-39.7743
700000.0003	-40.5925
700000.0003	-40.7628
700000.0003	-40.2388
700000.0003	-40.1226
700000.0003	-39.8956
700000.0003	-40.6855
700000.0003	-40.9344
700000.0003	-41.6026
700000.0003	-40.324
700000.0003	-39.9585
700000.0003	-40.2686
700000.0003	-39.3142
700000.0003	-39.9626
700000.0003	-39.9595
700000.0003	-41.107
700000.0003	-39.4904
700000.0003	-39.8618
700000.0003	-40.4426
700000.0003	-39.9306
700000.0003	-40.4033
700000.0003	-40.4161
700000.0003	-40.3808
700000.0003	-40.378
700000.0003	-40.6737
700000.0003	-40.3791
700000.0003	-39.9567
700000.0003	-39.8429
700000.0003	-40.1402
700000.0003	-39.6201
700000.0003	-40.5325
700000.0003	-39.8753
700000.0003	-40.1275
700000.0003	-39.2468
700000.0003	-40.4577
700000.0003	-39.6698
700000.0003	-40.4219
700000.0003	-40.517
700000.0003	-39.9231
700000.0003	-39.8005
700000.0003	-39.4362
700000.0003	-39.7003
700000.0003	-39.9226
700000.0003	-40.3733
700000.0003	-38.4759
700000.0003	-39.3337
700000.0003	-39.2338
700000.0003	-38.5185
700000.0003	-39.0857
700000.0003	-38.573
700000.0003	-38.0751
700000.0003	-38.1707
700000.0003	-38.5033
700000.0003	-38.4407
700000.0003	-37.8256
700000.0003	-38.3445
700000.0003	-36.5382
700000.0003	-36.9059
700000.0003	-36.842
700000.0003	-35.9416
700000.0003	-34.7267
700000.0003	-35.0675
700000.0003	-33.2865
700000.0003	-32.731
700000.0003	-30.1448
700000.0003	-28.4984
700000.0003	-27.0401
700000.0003	-24.2733
700000.0003	-20.8159
700000.0003	-14.4518
700000.0003	-5.83848
700000.0003	4.22215
700000.0003	18.4012
700000.0003	35.8808
700000.0003	0.123239
700000.0003	-2.12275
700000.0003	-2.96868
700000.0003	0.515589
700000.0003	-2.09005
700000.0003	-1.44917
700000.0003	-0.757622
700000.0003	2.39558
700000.0003	-0.524292
700000.0003	0.0949514
700000.0003	-0.868022
700000.0003	-2.27928
700000.0003	0.601512
700000.0003	3.44797
700000.0003	2.72931
700000.0003	3.0113
700000.0003	-2.25637
700000.0003	4.40872
700000.0003	0.0243702
700000.0003	-6.00926
700000.0003	6.10522
700000.0003	-2.81179
700000.0003	1.64134
700000.0003	-1.43493
700000.0003	-0.562654
700000.0003	-0.578775
700000.0003	-1.61608
700000.0003	2.51366
700000.0003	-1.43072
700000.0003	-0.160366
700000.0003	-1.46035
700000.0003	1.71093
700000.0003	0.509964
700000.0003	0.571949
700000.0003	-0.870395
700000.0003	1.22036
700000.0003	-1.29838
700000.0003	0.140178
700000.0003	0.806213
700000.0003	-0.146353
700000.0003	0.521595
700000.0003	-0.525616
700000.0003	0.932431
700000.0003	-0.675736
700000.0003	-0.786897
700000.0003	1.62711
700000.0003	-0.481638
700000.0003	-0.421028
700000.0003	0.8498
700000.0003	0.296815
700000.0003	-0.35049
700000.0003	-0.535659
700000.0003	-0.0620229
700000.0003	-0.317165
700000.0003	0.0442483
700000.0003	-1.16092
700000.0003	-0.547778
700000.0003	1.68776
700000.0003	0.95978
700000.0003	-0.25374
700000.0003	0.403776
700000.0003	-1.84083
700000.0003	-0.349359
700000.0003	-0.0446039
700000.0003	0.395357
700000.0003	0.72572
700000.0003	0.358035
700000.0003	0.108841
700000.0003	0.461741
700000.0003	-0.763851
700000.0003	0.213239
700000.0003	-0.0928538
700000.0003	0.147954
700000.0003	-0.413891
700000.0003	0.403613
700000.0003	-0.236632
700000.0003	-0.255848
700000.0003	0.173993
700000.0003	0.0710805
700000.0003	-0.209287
700000.0003	-0.0140107
700000.0003	-1.07454
700000.0003	0.183635
700000.0003	0.993408
700000.0003	-0.0902449
700000.0003	0.0744919
700000.0003	-0.651559
700000.0003	0.655957
700000.0003	-1.12565
700000.0003	0.201712
700000.0003	-0.0169955
700000.0003	0.826521
700000.0003	1.28339
700000.0003	-0.201585
700000.0003	-1.14547
700000.0003	-0.50153
700000.0003	-0.0306378
700000.0003	-0.0627625
700000.0003	0.0585876
700000.0003	0.371914
700000.0003	0.528374
700000.0003	-0.4588
700000.0003	-0.0193377
700000.0003	0.0382368
700000.0003	0.463488
700000.0003	0.278122
700000.0003	-0.00759794
700000.0003	0.0178416
700000.0003	0.698249
700000.0003	0.012698
700000.0003	-0.273816
700000.0003	-0.525339
700000.0003	0.236709
700000.0003	0.560129
700000.0003	-0.404315
700000.0003	0.277876
700000.0003	-0.921863
700000.0003	0.53174
700000.0003	0.144946
700000.0003	-0.057271
700000.0003	-1.27512
700000.0003	0.125907
700000.0003	-1.09755
700000.0003	0.7862
700000.0003	-0.112796
700000.0003	-0.40337
700000.0003	-0.214221
700000.0003	0.291847
700000.0003	0.106504
700000.0003	0.560395
700000.0003	0.281888
700000.0003	-0.625414
700000.0003	0.552399
700000.0003	-0.257319
700000.0003	0.0560281
700000.0003	0.109506
700000.0003	0.999161
700000.0003	0.60877
700000.0003	-0.00842832
700000.0003	0.0743905
700000.0003	-0.305434
700000.0003	-0.817361
700000.0003	-0.802443
700000.0003	-0.714268
700000.0003	0.898633
700000.0003	0.610717
700000.0003	0.389913
700000.0003	-0.744221
700000.0003	-0.540247
700000.0003	-0.08242
700000.0003	-0.00340799
700000.0003	0.475683
700000.0003	0.76354
700000.0003	-0.580528
700000.0003	-0.754598
700000.0003	-0.0830281
700000.0003	1.16112
700000.0003	0.424558
700000.0003	-0.265696
700000.0003	-0.798377
700000.0003	-0.787814
700000.0003	0.00409608
700000.0003	0.552748
700000.0003	-0.513802
700000.0003	-0.453042
700000.0003	0.71403
700000.0003	0.886295
700000.0003	-0.356717
700000.0003	-0.576102
700000.0003	-0.0788436
700000.0003	0.556902
700000.0003	-0.0405754
700000.0003	0.457708
700000.0003	-0.756126
700000.0003	0.0693191
700000.0003	-0.21883
700000.0003	-0.184744
700000.0003	0.722046
700000.0003	0.35391
700000.0003	0.247529
700000.0003	0.844712
700000.0003	-0.93792
700000.0003	-0.739499
700000.0003	-0.709369
700000.0003	0.395013
700000.0003	-0.795065
700000.0003	0.537172
700000.0003	1.47986
700000.0003	0.936375
700000.0003	-0.310716
700000.0003	-0.536296
700000.0003	-0.510449
700000.0003	-0.925404
700000.0003	-0.37011
700000.0003	0.308233
700000.0003	0.275958
700000.0003	0.187312
700000.0003	0.363948
700000.0003	0.230604
700000.0003	-0.485854
700000.0003	-0.00415556
700000.0003	-0.872612
700000.0003	1.2773
700000.0003	-0.445508
700000.0003	0.113538
700000.0003	0.26712
700000.0003	0.409251
700000.0003	-0.559281
700000.0003	0.317264
700000.0003	-0.283902
700000.0003	-0.0149487
700000.0003	-0.474929
700000.0003	0.041365
700000.0003	0.268948
700000.0003	1.284
700000.0003	-0.483611
700000.0003	-0.712573
700000.0003	-0.0601693
700000.0003	-0.438565
700000.0003	0.644283
700000.0003	-0.0508231
700000.0003	-0.885365
700000.0003	1.05689
700000.0003	0.31294
700000.0003	0.142752
700000.0003	-0.272814
700000.0003	-0.499591
700000.0003	1.18415
700000.0003	-1.49305
700000.0003	0.0459246
700000.0003	0.571526
700000.0003	-0.0619922
700000.0003	1.1903
700000.0003	-1.82794
700000.0003	-0.377746
700000.0003	-1.52173
700000.0003	1.1814
700000.0003	0.584968
700000.0003	-0.87162
700000.0003	-1.44568
700000.0003	-0.871626
700000.0003	0.741066
700000.0003	0.772475
700000.0003	2.86565
700000.0003	1.92215
700000.0003	-0.493175
700000.0003	0.627495
700000.0003	2.57828
700000.0003	-0.760596
700000.0003	0.821452
700000.0003	1.00752
700000.0003	1.12261
700000.0003	0.893113
700000.0003	-0.553077
700000.0003	0.627301
700000.0003	-4.36589
700000.0003	1.20611
700000.0003	-2.55262
700000.0003	0.363262
700000.0003	0.543212
700000.0003	-1.36902
700000.0003	1.40337
700000.0003	1.608
700000.0003	0.0749236
700000.0003	-0.472511
700000.0003	-0.570664
700000.0003	1.07752
700000.0003	1.61106
700000.0003	2.69832
700000.0003	-0.283324
700000.0003	1.56678
700000.0003	-0.57587
700000.0003	-1.20232
700000.0003	0.355972
700000.0003	-0.0678385
700000.0003	-2.33882
700000.0003	-0.118121
700000.0003	-0.185312
700000.0003	0.576471
700000.0003	0.0297393
700000.0003	-1.10651
700000.0003	0.332501
700000.0003	-1.30637
700000.0003	-1.95871
700000.0003	-0.877886
700000.0003	0.673572
700000.0003	-0.642949
700000.0003	-0.0926301
700000.0003	0.838894
700000.0003	-0.0435037
700000.0003	-1.14355
700000.0003	-0.767029
700000.0003	-0.207721
700000.0003	0.127934
700000.0003	-0.066637
700000.0003	0.0475334
700000.0003	0.2876
700000.0003	-0.202767
700000.0003	0.054986
700000.0003	-0.532447
700000.0003	0.403482
700000.0003	-0.747338
700000.0003	0.442703
700000.0003	0.335049
700000.0003	0.0797852
700000.0003	-0.948786
700000.0003	0.148204
700000.0003	1.13979
700000.0003	0.550015
700000.0003	0.341028
700000.0003	0.96791
700000.0003	-0.922473
700000.0003	-0.567819
700000.0003	0.559647
700000.0003	-0.333062
700000.0003	-0.925874
700000.0003	-0.633901
700000.0003	-0.0204129
700000.0003	-1.01302
700000.0003	0.314264
700000.0003	-0.0304106
700000.0003	0.0682079
700000.0003	-0.644938
700000.0003	0.590832
700000.0003	0.126989
700000.0003	-0.00407912
700000.0003	-0.105385
700000.0003	-0.710074
700000.0003	0.266388
700000.0003	0.282165
700000.0003	0.09421
700000.0003	0.0302815
700000.0003	0.972365
700000.0003	-0.75304
700000.0003	0.0432721
700000.0003	0.226002
700000.0003	0.61944
700000.0003	0.66307
700000.0003	1.11219
700000.0003	0.290024
700000.0003	0.108859
700000.0003	-0.689013
700000.0003	-0.577096
700000.0003	-0.281272
700000.0003	0.343492
700000.0003	0.706665
700000.0003	-0.148514
700000.0003	-0.627487
700000.0003	-0.552652
700000.0003	0.7982
700000.0003	0.239151
700000.0003	-0.276698
700000.0003	-0.727879
700000.0003	-0.239281
700000.0003	-0.0120675
700000.0003	0.597955
700000.0003	-0.485821
700000.0003	-0.318308
700000.0003	0.204005
700000.0003	0.164142
700000.0003	0.0788255
700000.0003	0.016603
700000.0003	-0.294721
700000.0003	-0.0872236
700000.0003	0.696326
700000.0003	0.3039
700000.0003	0.39144
700000.0003	0.489103
700000.0003	0.297827
700000.0003	-0.0736522
700000.0003	0.486156
700000.0003	0.0891494
700000.0003	-0.0982867
700000.0003	0.822459
700000.0003	-0.487969
700000.0003	0.202584
700000.0003	0.172725
700000.0003	-0.364873
700000.0003	-0.267557
700000.0003	-0.929061
700000.0003	-0.348907
700000.0003	-0.241648
700000.0003	0.015423
700000.0003	0.618422
700000.0003	0.251701
700000.0003	-0.376016
700000.0003	0.427445
700000.0003	0.224558
700000.0003	-0.610719
700000.0003	-1.2212
700000.0003	0.251335
700000.0003	0.278038
700000.0003	-0.3186
700000.0003	0.578302
700000.0003	0.25845
700000.0003	-0.890234
700000.0003	0.933924
700000.0003	-0.188647
700000.0003	-0.203331
700000.0003	-0.79302
