700000.0003	1470803
700000.0003	1465527
700000.0003	1471174
700000.0003	1478649
700000.0003	1487662
700000.0003	1489751
700000.0003	1474514
700000.0003	1449144
700000.0003	1420742
700000.0003	1394396
700000.0003	1385928
700000.0003	1384124
700000.0003	1376850
700000.0003	1343494
700000.0003	1272344
700000.0003	1162525
700000.0003	1035045
700000.0003	901869
700000.0003	776545
700000.0003	668127
700000.0003	576614
700000.0003	497037
700000.0003	431325
700000.0003	373603
700000.0003	328791
700000.0003	290198
700000.0003	258533
700000.0003	232269
700000.0003	211825
700000.0003	194073
700000.0003	180060
700000.0003	168103
700000.0003	158327
700000.0003	149548
700000.0003	143287
700000.0003	136975
700000.0003	132558
700000.0003	128599
700000.0003	125795
700000.0003	123575
700000.0003	121603
700000.0003	120554
700000.0003	118736
700000.0003	117331
700000.0003	116161
700000.0003	115203
700000.0003	114410
700000.0003	113197
700000.0003	112497
700000.0003	111680
700000.0003	110667
700000.0003	110426
700000.0003	109448
700000.0003	108892
700000.0003	107571
700000.0003	108289
700000.0003	107150
700000.0003	106813
700000.0003	106224
700000.0003	105482
700000.0003	105293
700000.0003	104931
700000.0003	104458
700000.0003	103879
700000.0003	103930
700000.0003	103390
700000.0003	103541
700000.0003	103141
700000.0003	103169
700000.0003	102062
700000.0003	101461
700000.0003	101718
700000.0003	101726
700000.0003	101381
700000.0003	100971
700000.0003	100963
700000.0003	101356
700000.0003	100646
700000.0003	100504
700000.0003	100352
700000.0003	100553
700000.0003	99193
700000.0003	99104
700000.0003	99399
700000.0003	99789
700000.0003	99040
700000.0003	99289
700000.0003	99450
700000.0003	98559
700000.0003	98757
700000.0003	98791
700000.0003	98016
700000.0003	98380
700000.0003	98878
700000.0003	98642
700000.0003	98133
700000.0003	98316
700000.0003	98143
700000.0003	98269
700000.0003	97512
700000.0003	97529
700000.0003	97692
700000.0003	98152
700000.0003	98126
700000.0003	97877
700000.0003	97399
700000.0003	97409
700000.0003	97581
700000.0003	97219
700000.0003	97936
700000.0003	97660
700000.0003	97456
700000.0003	96973
700000.0003	96669
700000.0003	97644
700000.0003	97053
700000.0003	97701
700000.0003	97424
700000.0003	96821
700000.0003	96474
700000.0003	96763
700000.0003	97213
700000.0003	96254
700000.0003	97224
700000.0003	96963
700000.0003	96583
700000.0003	97151
700000.0003	96932
700000.0003	96446
700000.0003	97171
700000.0003	96782
700000.0003	97309
700000.0003	96456
700000.0003	96921
700000.0003	96893
700000.0003	97150
700000.0003	96807
700000.0003	97007
700000.0003	96894
700000.0003	97219
700000.0003	97165
700000.0003	96803
700000.0003	96150
700000.0003	97812
700000.0003	97102
700000.0003	97209
700000.0003	97943
700000.0003	97797
700000.0003	97841
700000.0003	97746
700000.0003	98184
700000.0003	98290
700000.0003	99255
700000.0003	99339
700000.0003	99096
700000.0003	100012
700000.0003	99983
700000.0003	100469
700000.0003	100654
700000.0003	101490
700000.0003	101438
700000.0003	102769
700000.0003	103072
700000.0003	103944
700000.0003	104392
700000.0003	104618
700000.0003	105421
700000.0003	105939
700000.0003	106770
700000.0003	107586
700000.0003	108124
700000.0003	108856
700000.0003	110350
700000.0003	110863
700000.0003	111722
700000.0003	112254
700000.0003	112799
700000.0003	114365
700000.0003	115325
700000.0003	116905
700000.0003	117605
700000.0003	118523
700000.0003	119921
700000.0003	120905
700000.0003	121418
700000.0003	123388
700000.0003	124627
700000.0003	126277
700000.0003	127527
700000.0003	129113
700000.0003	129866
700000.0003	131943
700000.0003	133954
700000.0003	135513
700000.0003	136511
700000.0003	139722
700000.0003	140813
700000.0003	142836
700000.0003	145274
700000.0003	146544
700000.0003	149188
700000.0003	151796
700000.0003	153620
700000.0003	155659
700000.0003	158324
700000.0003	161434
700000.0003	163959
700000.0003	166625
700000.0003	169808
700000.0003	172939
700000.0003	176816
700000.0003	179754
700000.0003	183752
700000.0003	187408
700000.0003	191538
700000.0003	195732
700000.0003	199856
700000.0003	205555
700000.0003	210183
700000.0003	214815
700000.0003	220895
700000.0003	226132
700000.0003	232344
700000.0003	239395
700000.0003	247788
700000.0003	254856
700000.0003	264593
700000.0003	273677
700000.0003	284011
700000.0003	294584
700000.0003	307766
700000.0003	320270
700000.0003	336830
700000.0003	351169
700000.0003	370098
700000.0003	390746
700000.0003	413107
700000.0003	436694
700000.0003	463991
700000.0003	493888
700000.0003	527815
700000.0003	561788
700000.0003	599992
700000.0003	642422
700000.0003	684269
700000.0003	730523
700000.0003	777930
700000.0003	826919
700000.0003	877379
700000.0003	925721
700000.0003	972492
700000.0003	1018961
700000.0003	1062377
700000.0003	1104615
700000.0003	1138815
700000.0003	1171837
700000.0003	1204332
700000.0003	1230327
700000.0003	1255651
700000.0003	1274106
700000.0003	1293960
700000.0003	1309900
700000.0003	1326611
700000.0003	1339256
700000.0003	1353375
700000.0003	1363548
700000.0003	1373219
700000.0003	1381509
700000.0003	1388987
700000.0003	1397781
700000.0003	1403426
700000.0003	1410324
700000.0003	1416632
700000.0003	1420068
700000.0003	1424179
700000.0003	1427396
700000.0003	1433132
700000.0003	1434599
700000.0003	1437480
700000.0003	1438324
700000.0003	1442574
700000.0003	1446338
700000.0003	1447484
700000.0003	1448429
700000.0003	1450059
700000.0003	1451061
700000.0003	1453866
700000.0003	1451084
700000.0003	1452683
700000.0003	1456295
700000.0003	1457808
700000.0003	1456066
700000.0003	1456652
700000.0003	1456389
700000.0003	1459691
700000.0003	1457031
700000.0003	1456714
700000.0003	1457964
700000.0003	1459835
700000.0003	1459945
700000.0003	1459571
700000.0003	1458160
700000.0003	1458368
700000.0003	1460091
700000.0003	1459568
700000.0003	1458921
700000.0003	1457700
700000.0003	1459641
700000.0003	1461643
700000.0003	1460833
700000.0003	1460396
700000.0003	1458236
700000.0003	1461452
700000.0003	1459783
700000.0003	1459700
700000.0003	1459316
700000.0003	1462568
700000.0003	1462766
700000.0003	1462014
700000.0003	1459666
700000.0003	1459271
700000.0003	1462579
700000.0003	1460509
700000.0003	1461545
700000.0003	1462538
700000.0003	1464023
700000.0003	1463123
700000.0003	1462253
700000.0003	1461594
700000.0003	1460525
700000.0003	1464210
700000.0003	1462355
700000.0003	1465229
700000.0003	1462872
700000.0003	1464579
700000.0003	1464037
700000.0003	1463834
700000.0003	1462830
700000.0003	1461337
700000.0003	1467686
700000.0003	1465453
700000.0003	1466405
700000.0003	1464635
700000.0003	1464633
700000.0003	1466237
700000.0003	1464152
700000.0003	1465770
700000.0003	1465789
700000.0003	1468077
700000.0003	1468519
700000.0003	1466911
700000.0003	1468015
700000.0003	1464819
700000.0003	1468058
700000.0003	1467162
700000.0003	1468685
700000.0003	1468959
700000.0003	1470259
700000.0003	1471016
700000.0003	1468160
700000.0003	1468753
700000.0003	1468927
700000.0003	1469312
700000.0003	1470379
700000.0003	1472164
700000.0003	1472012
700000.0003	1473289
700000.0003	1472540
700000.0003	1469894
700000.0003	1471272
700000.0003	1472967
700000.0003	1472212
700000.0003	1475194
700000.0003	1476879
700000.0003	1474903
700000.0003	1475148
700000.0003	1472960
700000.0003	1473812
700000.0003	1475252
700000.0003	1475533
700000.0003	1480952
700000.0003	1479304
700000.0003	1480395
700000.0003	1478297
700000.0003	1476985
700000.0003	1476879
700000.0003	1476348
700000.0003	1482044
700000.0003	1484724
700000.0003	1486957
700000.0003	1484512
700000.0003	1482799
700000.0003	1476671
700000.0003	1477235
700000.0003	1478808
700000.0003	1485904
700000.0003	1488789
700000.0003	1491205
700000.0003	1489022
700000.0003	1483400
