700000.0003	28.2794
700000.0003	99.9508
700000.0003	202.597
700000.0003	342.433
700000.0003	534.214
700000.0003	780.55
700000.0003	1071.05
700000.0003	1419.88
700000.0003	1832.79
700000.0003	2281.75
700000.0003	2771.79
700000.0003	3314.86
700000.0003	3877.16
700000.0003	4435.83
700000.0003	4997.25
700000.0003	5537.15
700000.0003	5958.95
700000.0003	6367.16
700000.0003	6660.18
700000.0003	6906.87
700000.0003	7082.18
700000.0003	7103.96
700000.0003	7079.52
700000.0003	7027.83
700000.0003	6909.88
700000.0003	6811.23
700000.0003	6594.14
700000.0003	6356.68
700000.0003	6040.66
700000.0003	5701.97
700000.0003	5358.72
700000.0003	4974.09
700000.0003	4521.87
700000.0003	4028.63
700000.0003	3505.61
700000.0003	2947.75
700000.0003	2371.58
700000.0003	1741.56
700000.0003	1072.13
700000.0003	364.458
700000.0003	0
700000.0003	0
700000.0003	0
700000.0003	0
700000.0003	0
700000.0003	0
700000.0003	0
700000.0003	0
700000.0003	0
700000.0003	0
700000.0003	0
700000.0003	0
700000.0003	0
700000.0003	0
700000.0003	0
700000.0003	0
700000.0003	0
700000.0003	0
700000.0003	0
700000.0003	0
700000.0003	0
700000.0003	0
700000.0003	0
700000.0003	0
700000.0003	0
700000.0003	0
700000.0003	0
700000.0003	0
700000.0003	0
700000.0003	0
700000.0003	0
700000.0003	0
700000.0003	0
700000.0003	0
700000.0003	0
700000.0003	0
700000.0003	0
700000.0003	0
700000.0003	0
700000.0003	0
700000.0003	0
700000.0003	0
700000.0003	0
700000.0003	0
700000.0003	0
700000.0003	0
700000.0003	0
700000.0003	0
700000.0003	0
700000.0003	0
700000.0003	0
700000.0003	0
700000.0003	0
700000.0003	0
700000.0003	0
700000.0003	0
700000.0003	0
700000.0003	0
700000.0003	0
700000.0003	0
700000.0003	0
700000.0003	0
700000.0003	0
700000.0003	0
700000.0003	0
700000.0003	0
700000.0003	0
700000.0003	0
700000.0003	0
700000.0003	0
700000.0003	0
700000.0003	0
700000.0003	0
700000.0003	0
700000.0003	0
700000.0003	0
700000.0003	0
700000.0003	0
700000.0003	0
700000.0003	0
700000.0003	0
700000.0003	0
700000.0003	0
700000.0003	0
700000.0003	0
700000.0003	0
700000.0003	0
700000.0003	0
700000.0003	0
700000.0003	0
700000.0003	0
700000.0003	0
700000.0003	0
700000.0003	0
700000.0003	0
700000.0003	0
700000.0003	0
700000.0003	0
700000.0003	0
700000.0003	0
700000.0003	-23.5272
700000.0003	-70.258
700000.0003	-117.2
700000.0003	-162.268
700000.0003	-207.51
700000.0003	-253.701
700000.0003	-296.339
700000.0003	-339.601
700000.0003	-382.844
700000.0003	-425.627
700000.0003	-465.232
700000.0003	-508.04
700000.0003	-547.066
700000.0003	-587.277
700000.0003	-629.038
700000.0003	-664.121
700000.0003	-705.279
700000.0003	-741.214
700000.0003	-780.659
700000.0003	-816.751
700000.0003	-852.725
700000.0003	-888.179
700000.0003	-922.982
700000.0003	-948.656
700000.0003	-990.482
700000.0003	-1031.82
700000.0003	-1052.02
700000.0003	-1088.5
700000.0003	-1117.82
700000.0003	-1153.62
700000.0003	-1185.03
700000.0003	-1208.93
700000.0003	-1235.6
700000.0003	-1269.82
700000.0003	-1287.44
700000.0003	-1317.69
700000.0003	-1340.96
700000.0003	-1376.23
700000.0003	-1401.19
700000.0003	-1423.14
700000.0003	-1449.04
700000.0003	-1474.06
700000.0003	-1491.47
700000.0003	-1507.78
700000.0003	-1535.24
700000.0003	-1556.59
700000.0003	-1577
700000.0003	-1599.04
700000.0003	-1613.43
700000.0003	-1638.13
700000.0003	-1654.32
700000.0003	-1669.33
700000.0003	-1700.9
700000.0003	-1706.38
700000.0003	-1726.69
700000.0003	-1742.66
700000.0003	-1754.48
700000.0003	-1768.79
700000.0003	-1779.62
700000.0003	-1781.1
700000.0003	-1812.15
700000.0003	-1820.2
700000.0003	-1839.04
700000.0003	-1844.53
700000.0003	-1852.99
700000.0003	-1857.85
700000.0003	-1874.42
700000.0003	-1869.78
700000.0003	-1884.08
700000.0003	-1904.05
700000.0003	-1893.93
700000.0003	-1897.61
700000.0003	-1905.85
700000.0003	-1918.5
700000.0003	-1914.39
700000.0003	-1927.33
700000.0003	-1928.13
700000.0003	-1918.18
700000.0003	-1925.6
700000.0003	-1930.24
700000.0003	-1927.48
700000.0003	-1925.16
700000.0003	-1922.73
700000.0003	-1926.43
700000.0003	-1913.24
700000.0003	-1912.94
700000.0003	-1902.25
700000.0003	-1912.52
700000.0003	-1912.16
700000.0003	-1899.11
700000.0003	-1887.64
700000.0003	-1878.79
700000.0003	-1879.13
700000.0003	-1851.96
700000.0003	-1855.54
700000.0003	-1839.55
700000.0003	-1825.53
700000.0003	-1805.24
700000.0003	-1782.65
700000.0003	-1761.07
700000.0003	-1742.15
700000.0003	-1717.63
700000.0003	-1689.21
700000.0003	-1658.44
700000.0003	-1616.8
700000.0003	-1585.72
700000.0003	-1541.66
700000.0003	-1499.78
700000.0003	-1452.23
700000.0003	-1396.16
700000.0003	-1340.33
700000.0003	-1287.27
700000.0003	-1224.99
700000.0003	-1162.78
700000.0003	-1099.54
700000.0003	-1035.76
700000.0003	-975.908
700000.0003	-908.646
700000.0003	-846.459
700000.0003	-790.319
700000.0003	-727.155
700000.0003	-671.007
700000.0003	-614.904
700000.0003	-562.686
700000.0003	-513.195
700000.0003	-464.723
700000.0003	-417.283
700000.0003	-375.574
700000.0003	-337.608
700000.0003	-299.171
700000.0003	-264.501
700000.0003	-233.112
700000.0003	-205.594
700000.0003	-179.458
700000.0003	-155.009
700000.0003	-135.468
700000.0003	-115.939
700000.0003	-99.706
700000.0003	-85.0071
700000.0003	-72.2562
700000.0003	-61.3825
700000.0003	-52.8087
700000.0003	-44.2965
700000.0003	-37.5953
700000.0003	-31.7119
700000.0003	-26.5536
700000.0003	-22.3195
700000.0003	-18.7101
700000.0003	-15.6059
700000.0003	-13.2386
700000.0003	-11.0027
700000.0003	-9.04385
700000.0003	-7.23782
700000.0003	-6.03795
700000.0003	-4.7994
700000.0003	-3.73025
700000.0003	-2.79511
700000.0003	-1.92961
700000.0003	-1.10679
700000.0003	-0.3664
700000.0003	0
700000.0003	0
700000.0003	0
700000.0003	0
700000.0003	0
700000.0003	0
700000.0003	0
700000.0003	0
700000.0003	0
700000.0003	0
700000.0003	0
700000.0003	0
700000.0003	0
700000.0003	0
700000.0003	0
700000.0003	0
700000.0003	0
700000.0003	0
700000.0003	0
700000.0003	0
700000.0003	0
700000.0003	0
700000.0003	0
700000.0003	0
700000.0003	0
700000.0003	0
700000.0003	0
700000.0003	0
700000.0003	0
700000.0003	0
700000.0003	0
700000.0003	0
700000.0003	0
700000.0003	0
700000.0003	0
700000.0003	0
700000.0003	0
700000.0003	0
700000.0003	0
700000.0003	0
700000.0003	0
700000.0003	0
700000.0003	0
700000.0003	0
700000.0003	0
700000.0003	0
700000.0003	0
700000.0003	0
700000.0003	0
700000.0003	0
700000.0003	0
700000.0003	0
700000.0003	0
700000.0003	0
700000.0003	0
700000.0003	0
700000.0003	0
700000.0003	0
700000.0003	0
700000.0003	0
700000.0003	0
700000.0003	0
700000.0003	0
700000.0003	0
700000.0003	0
700000.0003	0
700000.0003	0
700000.0003	0
700000.0003	0
700000.0003	0
700000.0003	0
700000.0003	0
700000.0003	0
700000.0003	0
700000.0003	0
700000.0003	0
700000.0003	0
700000.0003	0
700000.0003	0
700000.0003	0
700000.0003	0
700000.0003	0
700000.0003	0
700000.0003	0
700000.0003	0
700000.0003	0
700000.0003	0
700000.0003	0
700000.0003	0
700000.0003	0
700000.0003	0
700000.0003	0
700000.0003	0
700000.0003	0
700000.0003	0
700000.0003	0
700000.0003	0
700000.0003	0
700000.0003	0
700000.0003	0
700000.0003	0.0519362
700000.0003	-0.612681
700000.0003	1.3782
700000.0003	2.39768
700000.0003	0.192497
700000.0003	1.37839
700000.0003	-4.62698
700000.0003	-7.55843
700000.0003	-4.62302
700000.0003	2.46192
700000.0003	-5.79447
700000.0003	5.4653
700000.0003	-3.50371
700000.0003	-6.93958
700000.0003	13.7947
700000.0003	26.8417
700000.0003	0.87383
700000.0003	12.1151
700000.0003	-15.0152
700000.0003	9.37169
700000.0003	45.3848
700000.0003	-21.7676
700000.0003	6.59635
700000.0003	-20.9467
700000.0003	16.3905
700000.0003	4.15576
700000.0003	-7.62012
700000.0003	9.9783
700000.0003	9.01152
700000.0003	-9.68325
700000.0003	2.5638
700000.0003	-4.71706
700000.0003	-8.48154
700000.0003	3.72267
700000.0003	-5.39808
700000.0003	-7.53066
700000.0003	1.9446
700000.0003	2.80326
700000.0003	-3.91634
700000.0003	0.0395624
700000.0003	0
700000.0003	0
700000.0003	0
700000.0003	0
700000.0003	0
700000.0003	0
700000.0003	0
700000.0003	0
700000.0003	0
700000.0003	0
700000.0003	0
700000.0003	0
700000.0003	0
700000.0003	0
700000.0003	0
700000.0003	0
700000.0003	0
700000.0003	0
700000.0003	0
700000.0003	0
700000.0003	0
700000.0003	0
700000.0003	0
700000.0003	0
700000.0003	0
700000.0003	0
700000.0003	0
700000.0003	0
700000.0003	0
700000.0003	0
700000.0003	0
700000.0003	0
700000.0003	0
700000.0003	0
700000.0003	0
700000.0003	0
700000.0003	0
700000.0003	0
700000.0003	0
700000.0003	0
700000.0003	0
700000.0003	0
700000.0003	0
700000.0003	0
700000.0003	0
700000.0003	0
700000.0003	0
700000.0003	0
700000.0003	0
700000.0003	0
700000.0003	0
700000.0003	0
700000.0003	0
700000.0003	0
700000.0003	0
700000.0003	0
700000.0003	0
700000.0003	0
700000.0003	0
700000.0003	0
700000.0003	0
700000.0003	0
700000.0003	0
700000.0003	0
700000.0003	0
700000.0003	0
700000.0003	0
700000.0003	0
700000.0003	0
700000.0003	0
700000.0003	0
700000.0003	0
700000.0003	0
700000.0003	0
700000.0003	0
700000.0003	0
700000.0003	0
700000.0003	0
700000.0003	0
700000.0003	0
700000.0003	0
700000.0003	0
700000.0003	0
700000.0003	0
700000.0003	0
700000.0003	0
700000.0003	0
700000.0003	0
700000.0003	0
700000.0003	0
700000.0003	0
700000.0003	0
700000.0003	0
700000.0003	0
700000.0003	0
700000.0003	0
700000.0003	0
700000.0003	0
700000.0003	0
700000.0003	0
700000.0003	0.0387657
700000.0003	0.0677918
700000.0003	0.169407
700000.0003	0.527022
700000.0003	0.0269591
700000.0003	0.264357
700000.0003	-1.13967
700000.0003	-0.840043
700000.0003	-0.910933
700000.0003	0.063187
700000.0003	-1.73419
700000.0003	-0.164581
700000.0003	-2.22306
700000.0003	-2.03625
700000.0003	-0.918454
700000.0003	1.90874
700000.0003	-2.79639
700000.0003	-1.46992
700000.0003	0.169143
700000.0003	0.496952
700000.0003	0.974346
700000.0003	3.85687
700000.0003	-0.409143
700000.0003	0.874112
700000.0003	1.28403
700000.0003	2.99704
700000.0003	-3.4601
700000.0003	0.419715
700000.0003	-3.25639
700000.0003	-0.5018
700000.0003	-1.82731
700000.0003	-0.773571
700000.0003	-0.800385
700000.0003	4.1845
700000.0003	-0.15668
700000.0003	-1.14642
700000.0003	-1.8295
700000.0003	-1.32618
700000.0003	-0.474652
700000.0003	1.77144
700000.0003	-4.55915
700000.0003	-1.23158
700000.0003	-3.34015
700000.0003	-0.899513
700000.0003	-1.40585
700000.0003	-0.307047
700000.0003	0.422172
700000.0003	2.28942
700000.0003	-0.749245
700000.0003	0.0684305
700000.0003	-1.92117
700000.0003	5.46431
700000.0003	4.43042
700000.0003	3.87623
700000.0003	-2.21249
700000.0003	2.70388
700000.0003	-2.62126
700000.0003	0.868572
700000.0003	-1.23615
700000.0003	2.5519
700000.0003	-1.15733
700000.0003	-2.88319
700000.0003	0.73173
700000.0003	-3.33774
700000.0003	-1.75298
700000.0003	-4.51536
700000.0003	-3.18023
700000.0003	3.14731
700000.0003	-4.66057
700000.0003	-3.12096
700000.0003	-0.585169
700000.0003	-4.49731
700000.0003	-4.94113
700000.0003	-5.45515
700000.0003	3.56596
700000.0003	-1.01103
700000.0003	5.17752
700000.0003	-1.39799
700000.0003	-6.57374
700000.0003	-2.57926
700000.0003	0.505506
700000.0003	4.03556
700000.0003	-2.7298
700000.0003	-3.56085
700000.0003	0.613255
700000.0003	4.34693
700000.0003	-1.43927
700000.0003	2.33703
700000.0003	-0.395945
700000.0003	-1.90417
700000.0003	0.733776
700000.0003	1.93066
700000.0003	-6.79965
700000.0003	-0.764104
700000.0003	4.79586
700000.0003	2.17392
700000.0003	-2.64728
700000.0003	0.307704
700000.0003	2.54127
700000.0003	-2.74388
700000.0003	3.76317
700000.0003	-1.21936
700000.0003	-4.48165
700000.0003	5.43367
700000.0003	-0.721098
700000.0003	4.11686
700000.0003	2.00588
700000.0003	1.20149
700000.0003	-0.281617
700000.0003	0.950152
700000.0003	-3.22352
700000.0003	-2.50843
700000.0003	1.34041
700000.0003	-5.64066
700000.0003	-1.39517
700000.0003	-2.22864
700000.0003	-0.157577
700000.0003	2.35271
700000.0003	-0.532053
700000.0003	0.549668
700000.0003	-2.51688
700000.0003	-1.3291
700000.0003	-1.4246
700000.0003	0.0100067
700000.0003	-0.124595
700000.0003	0.1627
700000.0003	-0.687505
700000.0003	-0.608446
700000.0003	1.18732
700000.0003	-0.876996
700000.0003	-0.260698
700000.0003	-0.421224
700000.0003	0.726909
700000.0003	-0.854767
700000.0003	-0.77254
700000.0003	-0.250127
700000.0003	-0.0230936
700000.0003	-0.303215
700000.0003	0.799077
700000.0003	-0.33939
700000.0003	-0.10585
700000.0003	-0.0271214
700000.0003	-0.264598
700000.0003	-0.188347
700000.0003	-0.156125
700000.0003	-0.0315155
700000.0003	0.0673185
700000.0003	-0.317498
700000.0003	0.186119
700000.0003	-0.106164
700000.0003	-0.0673225
700000.0003	-0.0521018
700000.0003	0.0724543
700000.0003	-0.0216852
700000.0003	-0.0248342
700000.0003	-0.0460959
700000.0003	0.0585293
700000.0003	-0.00183726
700000.0003	0.0218485
700000.0003	-0.000628436
700000.0003	0
700000.0003	0
700000.0003	0
700000.0003	0
700000.0003	0
700000.0003	0
700000.0003	0
700000.0003	0
700000.0003	0
700000.0003	0
700000.0003	0
700000.0003	0
700000.0003	0
700000.0003	0
700000.0003	0
700000.0003	0
700000.0003	0
700000.0003	0
700000.0003	0
700000.0003	0
700000.0003	0
700000.0003	0
700000.0003	0
700000.0003	0
700000.0003	0
700000.0003	0
700000.0003	0
700000.0003	0
700000.0003	0
700000.0003	0
700000.0003	0
700000.0003	0
700000.0003	0
700000.0003	0
700000.0003	0
700000.0003	0
700000.0003	0
700000.0003	0
700000.0003	0
700000.0003	0
700000.0003	0
700000.0003	0
700000.0003	0
700000.0003	0
700000.0003	0
700000.0003	0
700000.0003	0
700000.0003	0
700000.0003	0
700000.0003	0
700000.0003	0
700000.0003	0
700000.0003	0
700000.0003	0
700000.0003	0
700000.0003	0
700000.0003	0
700000.0003	0
700000.0003	0
700000.0003	0
700000.0003	0
700000.0003	0
700000.0003	0
700000.0003	0
700000.0003	0
700000.0003	0
700000.0003	0
700000.0003	0
700000.0003	0
700000.0003	0
700000.0003	0
700000.0003	0
700000.0003	0
700000.0003	0
700000.0003	0
700000.0003	0
700000.0003	0
700000.0003	0
700000.0003	0
700000.0003	0
700000.0003	0
700000.0003	0
700000.0003	0
700000.0003	0
700000.0003	0
700000.0003	0
700000.0003	0
700000.0003	0
700000.0003	0
700000.0003	0
700000.0003	0
700000.0003	0
700000.0003	0
700000.0003	0
700000.0003	0
700000.0003	0
700000.0003	0
700000.0003	0
700000.0003	0
700000.0003	0
