700000.0003	1469455
700000.0003	1466446
700000.0003	1469999
700000.0003	1478352
700000.0003	1487916
700000.0003	1491363
700000.0003	1475522
700000.0003	1448884
700000.0003	1418006
700000.0003	1392888
700000.0003	1385031
700000.0003	1384845
700000.0003	1377197
700000.0003	1344582
700000.0003	1272853
700000.0003	1164548
700000.0003	1032460
700000.0003	900052
700000.0003	776122
700000.0003	668087
700000.0003	576537
700000.0003	496958
700000.0003	428352
700000.0003	374108
700000.0003	327677
700000.0003	290573
700000.0003	258934
700000.0003	232968
700000.0003	211563
700000.0003	193962
700000.0003	180080
700000.0003	168035
700000.0003	158595
700000.0003	149817
700000.0003	142643
700000.0003	137235
700000.0003	132659
700000.0003	129114
700000.0003	125752
700000.0003	122929
700000.0003	121547
700000.0003	120530
700000.0003	118895
700000.0003	117244
700000.0003	116622
700000.0003	115485
700000.0003	114090
700000.0003	112990
700000.0003	112799
700000.0003	112104
700000.0003	110743
700000.0003	110229
700000.0003	109392
700000.0003	109481
700000.0003	108146
700000.0003	107651
700000.0003	106978
700000.0003	106092
700000.0003	106503
700000.0003	105527
700000.0003	105453
700000.0003	104826
700000.0003	104681
700000.0003	104298
700000.0003	103967
700000.0003	102963
700000.0003	103662
700000.0003	103641
700000.0003	102597
700000.0003	102441
700000.0003	102187
700000.0003	101679
700000.0003	101918
700000.0003	101689
700000.0003	101098
700000.0003	101434
700000.0003	101333
700000.0003	100890
700000.0003	100425
700000.0003	100720
700000.0003	99777
700000.0003	99764
700000.0003	99436
700000.0003	98596
700000.0003	99212
700000.0003	99284
700000.0003	98869
700000.0003	99408
700000.0003	98615
700000.0003	98838
700000.0003	98790
700000.0003	98684
700000.0003	99041
700000.0003	98261
700000.0003	97986
700000.0003	98200
700000.0003	98538
700000.0003	98021
700000.0003	97523
700000.0003	97412
700000.0003	97177
700000.0003	97960
700000.0003	97517
700000.0003	97188
700000.0003	97880
700000.0003	98046
700000.0003	97590
700000.0003	97642
700000.0003	97890
700000.0003	96987
700000.0003	97237
700000.0003	96288
700000.0003	96869
700000.0003	96991
700000.0003	97025
700000.0003	96881
700000.0003	97190
700000.0003	96798
700000.0003	97255
700000.0003	96742
700000.0003	96896
700000.0003	96910
700000.0003	96852
700000.0003	96815
700000.0003	96681
700000.0003	96599
700000.0003	96430
700000.0003	96786
700000.0003	96918
700000.0003	97379
700000.0003	96829
700000.0003	97213
700000.0003	96695
700000.0003	96698
700000.0003	96809
700000.0003	96693
700000.0003	96969
700000.0003	97115
700000.0003	96966
700000.0003	97083
700000.0003	96804
700000.0003	96945
700000.0003	97417
700000.0003	97081
700000.0003	97099
700000.0003	97637
700000.0003	97306
700000.0003	97393
700000.0003	97885
700000.0003	98239
700000.0003	98248
700000.0003	98832
700000.0003	98715
700000.0003	99318
700000.0003	99865
700000.0003	99756
700000.0003	100522
700000.0003	100871
700000.0003	101189
700000.0003	101525
700000.0003	102051
700000.0003	102535
700000.0003	102970
700000.0003	103051
700000.0003	104555
700000.0003	105534
700000.0003	105207
700000.0003	106560
700000.0003	106435
700000.0003	107818
700000.0003	108572
700000.0003	109035
700000.0003	109607
700000.0003	110931
700000.0003	111146
700000.0003	112309
700000.0003	113146
700000.0003	114784
700000.0003	115185
700000.0003	116397
700000.0003	117444
700000.0003	118645
700000.0003	119511
700000.0003	120494
700000.0003	121897
700000.0003	123094
700000.0003	124560
700000.0003	125893
700000.0003	127457
700000.0003	129163
700000.0003	130302
700000.0003	131340
700000.0003	134237
700000.0003	135239
700000.0003	137147
700000.0003	138917
700000.0003	140759
700000.0003	142995
700000.0003	144824
700000.0003	146100
700000.0003	149482
700000.0003	151504
700000.0003	154424
700000.0003	156219
700000.0003	159073
700000.0003	161258
700000.0003	164604
700000.0003	166648
700000.0003	169884
700000.0003	173688
700000.0003	176198
700000.0003	179288
700000.0003	183340
700000.0003	187661
700000.0003	191573
700000.0003	195834
700000.0003	200505
700000.0003	204523
700000.0003	209954
700000.0003	215032
700000.0003	220844
700000.0003	226319
700000.0003	232621
700000.0003	240164
700000.0003	247325
700000.0003	254251
700000.0003	263333
700000.0003	273650
700000.0003	284978
700000.0003	295105
700000.0003	306494
700000.0003	320865
700000.0003	335993
700000.0003	351316
700000.0003	370144
700000.0003	390573
700000.0003	413248
700000.0003	437148
700000.0003	463417
700000.0003	494262
700000.0003	526841
700000.0003	562264
700000.0003	600831
700000.0003	641705
700000.0003	683430
700000.0003	731503
700000.0003	778282
700000.0003	827049
700000.0003	877516
700000.0003	925101
700000.0003	974608
700000.0003	1020310
700000.0003	1062691
700000.0003	1103316
700000.0003	1140137
700000.0003	1173294
700000.0003	1204555
700000.0003	1230244
700000.0003	1253420
700000.0003	1277410
700000.0003	1293820
700000.0003	1312371
700000.0003	1324013
700000.0003	1339863
700000.0003	1352414
700000.0003	1364613
700000.0003	1371757
700000.0003	1381951
700000.0003	1393077
700000.0003	1396293
700000.0003	1403627
700000.0003	1409696
700000.0003	1415779
700000.0003	1421494
700000.0003	1422519
700000.0003	1430883
700000.0003	1429605
700000.0003	1435810
700000.0003	1437779
700000.0003	1440814
700000.0003	1442987
700000.0003	1446305
700000.0003	1445335
700000.0003	1446881
700000.0003	1450453
700000.0003	1451675
700000.0003	1453803
700000.0003	1453263
700000.0003	1454398
700000.0003	1455254
700000.0003	1454333
700000.0003	1458048
700000.0003	1456909
700000.0003	1457115
700000.0003	1458161
700000.0003	1456987
700000.0003	1459077
700000.0003	1458236
700000.0003	1457936
700000.0003	1458759
700000.0003	1459924
700000.0003	1459624
700000.0003	1459024
700000.0003	1459552
700000.0003	1457536
700000.0003	1460486
700000.0003	1458291
700000.0003	1461285
700000.0003	1459674
700000.0003	1460390
700000.0003	1460485
700000.0003	1459203
700000.0003	1460391
700000.0003	1459011
700000.0003	1460781
700000.0003	1460127
700000.0003	1462128
700000.0003	1461597
700000.0003	1461710
700000.0003	1460090
700000.0003	1461778
700000.0003	1461196
700000.0003	1460382
700000.0003	1461247
700000.0003	1463527
700000.0003	1462962
700000.0003	1462958
700000.0003	1462132
700000.0003	1461062
700000.0003	1462380
700000.0003	1462954
700000.0003	1462142
700000.0003	1465632
700000.0003	1462751
700000.0003	1466360
700000.0003	1463292
700000.0003	1462871
700000.0003	1463163
700000.0003	1463553
700000.0003	1465417
700000.0003	1465759
700000.0003	1465686
700000.0003	1465185
700000.0003	1466449
700000.0003	1465481
700000.0003	1464186
700000.0003	1466036
700000.0003	1464956
700000.0003	1469225
700000.0003	1466941
700000.0003	1468307
700000.0003	1465734
700000.0003	1469123
700000.0003	1466991
700000.0003	1465296
700000.0003	1467739
700000.0003	1470162
700000.0003	1471005
700000.0003	1469128
700000.0003	1469970
700000.0003	1467198
700000.0003	1471345
700000.0003	1469524
700000.0003	1468642
700000.0003	1471881
700000.0003	1472774
700000.0003	1473577
700000.0003	1471930
700000.0003	1470550
700000.0003	1469835
700000.0003	1472729
700000.0003	1473148
700000.0003	1474330
700000.0003	1476736
700000.0003	1476092
700000.0003	1474085
700000.0003	1473115
700000.0003	1475165
700000.0003	1472108
700000.0003	1478071
700000.0003	1479896
700000.0003	1480170
700000.0003	1480382
700000.0003	1477317
700000.0003	1476218
700000.0003	1476781
700000.0003	1477688
700000.0003	1479344
700000.0003	1485204
700000.0003	1489269
700000.0003	1483696
700000.0003	1482417
700000.0003	1476766
700000.0003	1476710
700000.0003	1480247
700000.0003	1482475
700000.0003	1489865
700000.0003	1493613
700000.0003	1489227
700000.0003	1480825
