700000.0003	0.0259539
700000.0003	0.0355493
700000.0003	0.0528477
700000.0003	0.0806211
700000.0003	0.124861
700000.0003	0.189786
700000.0003	0.277257
700000.0003	0.3959
700000.0003	0.552942
700000.0003	0.74615
700000.0003	0.982271
700000.0003	1.27184
700000.0003	1.60764
700000.0003	1.98481
700000.0003	2.40906
700000.0003	2.87205
700000.0003	3.32179
700000.0003	3.81082
700000.0003	4.27743
700000.0003	4.75781
700000.0003	5.23292
700000.0003	5.63241
700000.0003	6.02589
700000.0003	6.42928
700000.0003	6.80442
700000.0003	7.23375
700000.0003	7.574
700000.0003	7.92248
700000.0003	8.20622
700000.0003	8.48843
700000.0003	8.80472
700000.0003	9.10404
700000.0003	9.32773
700000.0003	9.5164
700000.0003	9.68985
700000.0003	9.84267
700000.0003	10.0368
700000.0003	10.1455
700000.0003	10.2071
700000.0003	10.1855
700000.0003	10.2259
700000.0003	10.2955
700000.0003	10.3037
700000.0003	10.2253
700000.0003	10.2912
700000.0003	10.2966
700000.0003	10.2462
700000.0003	10.2372
700000.0003	10.2738
700000.0003	10.3658
700000.0003	10.2663
700000.0003	10.3097
700000.0003	10.2761
700000.0003	10.3416
700000.0003	10.2973
700000.0003	10.321
700000.0003	10.2639
700000.0003	10.2489
700000.0003	10.3106
700000.0003	10.2434
700000.0003	10.2909
700000.0003	10.277
700000.0003	10.3063
700000.0003	10.3488
700000.0003	10.3202
700000.0003	10.2629
700000.0003	10.3377
700000.0003	10.3723
700000.0003	10.325
700000.0003	10.3328
700000.0003	10.3494
700000.0003	10.3269
700000.0003	10.3591
700000.0003	10.3273
700000.0003	10.2987
700000.0003	10.34
700000.0003	10.4003
700000.0003	10.3889
700000.0003	10.3529
700000.0003	10.404
700000.0003	10.3315
700000.0003	10.3475
700000.0003	10.3058
700000.0003	10.2778
700000.0003	10.3027
700000.0003	10.3318
700000.0003	10.3028
700000.0003	10.3926
700000.0003	10.3388
700000.0003	10.3751
700000.0003	10.4002
700000.0003	10.3944
700000.0003	10.4561
700000.0003	10.3758
700000.0003	10.3396
700000.0003	10.3644
700000.0003	10.4752
700000.0003	10.3871
700000.0003	10.3494
700000.0003	10.3296
700000.0003	10.3478
700000.0003	10.3935
700000.0003	10.4306
700000.0003	10.3312
700000.0003	10.4744
700000.0003	10.4513
700000.0003	10.4829
700000.0003	10.436
700000.0003	10.4303
700000.0003	10.3838
700000.0003	10.3704
700000.0003	10.237
700000.0003	10.385
700000.0003	10.3727
700000.0003	10.421
700000.0003	10.3919
700000.0003	10.4171
700000.0003	10.4102
700000.0003	10.4233
700000.0003	10.4728
700000.0003	10.4685
700000.0003	10.4019
700000.0003	10.3854
700000.0003	10.3949
700000.0003	10.4104
700000.0003	10.3916
700000.0003	10.3914
700000.0003	10.4277
700000.0003	10.4663
700000.0003	10.5359
700000.0003	10.4228
700000.0003	10.4653
700000.0003	10.4606
700000.0003	10.4493
700000.0003	10.443
700000.0003	10.3876
700000.0003	10.4585
700000.0003	10.4821
700000.0003	10.4773
700000.0003	10.4566
700000.0003	10.4247
700000.0003	10.4291
700000.0003	10.5129
700000.0003	10.4482
700000.0003	10.4487
700000.0003	10.5058
700000.0003	10.4375
700000.0003	10.4205
700000.0003	10.4153
700000.0003	10.4081
700000.0003	10.3423
700000.0003	10.3567
700000.0003	10.3014
700000.0003	10.2819
700000.0003	10.2928
700000.0003	10.2031
700000.0003	10.2145
700000.0003	10.1573
700000.0003	10.1532
700000.0003	10.1097
700000.0003	10.0688
700000.0003	10.0305
700000.0003	9.98768
700000.0003	9.85336
700000.0003	9.89146
700000.0003	9.92375
700000.0003	9.75677
700000.0003	9.74806
700000.0003	9.67732
700000.0003	9.66606
700000.0003	9.61964
700000.0003	9.51616
700000.0003	9.43932
700000.0003	9.42294
700000.0003	9.28679
700000.0003	9.24627
700000.0003	9.15951
700000.0003	9.15668
700000.0003	9.0859
700000.0003	8.99815
700000.0003	8.9389
700000.0003	8.87603
700000.0003	8.76972
700000.0003	8.66189
700000.0003	8.61966
700000.0003	8.54448
700000.0003	8.46691
700000.0003	8.39997
700000.0003	8.29504
700000.0003	8.24507
700000.0003	8.15369
700000.0003	8.05926
700000.0003	8.04544
700000.0003	7.91002
700000.0003	7.84608
700000.0003	7.76345
700000.0003	7.66454
700000.0003	7.57847
700000.0003	7.47994
700000.0003	7.34477
700000.0003	7.3329
700000.0003	7.22865
700000.0003	7.16865
700000.0003	7.05838
700000.0003	6.96097
700000.0003	6.85322
700000.0003	6.78968
700000.0003	6.65099
700000.0003	6.58249
700000.0003	6.53382
700000.0003	6.38402
700000.0003	6.28343
700000.0003	6.19965
700000.0003	6.13122
700000.0003	6.01088
700000.0003	5.94602
700000.0003	5.84472
700000.0003	5.71313
700000.0003	5.63531
700000.0003	5.55072
700000.0003	5.44638
700000.0003	5.34523
700000.0003	5.24553
700000.0003	5.16428
700000.0003	5.03958
700000.0003	4.95105
700000.0003	4.83746
700000.0003	4.77862
700000.0003	4.69423
700000.0003	4.58019
700000.0003	4.47257
700000.0003	4.37308
700000.0003	4.29664
700000.0003	4.15939
700000.0003	4.09334
700000.0003	3.9856
700000.0003	3.88437
700000.0003	3.77207
700000.0003	3.65762
700000.0003	3.54793
700000.0003	3.44588
700000.0003	3.33527
700000.0003	3.21983
700000.0003	3.10282
700000.0003	2.96876
700000.0003	2.85738
700000.0003	2.72592
700000.0003	2.60195
700000.0003	2.47171
700000.0003	2.33105
700000.0003	2.19503
700000.0003	2.06757
700000.0003	1.92947
700000.0003	1.79592
700000.0003	1.66506
700000.0003	1.53776
700000.0003	1.42034
700000.0003	1.29627
700000.0003	1.18356
700000.0003	1.08306
700000.0003	0.976563
700000.0003	0.883109
700000.0003	0.79304
700000.0003	0.711136
700000.0003	0.63558
700000.0003	0.564047
700000.0003	0.496369
700000.0003	0.43789
700000.0003	0.385886
700000.0003	0.335295
700000.0003	0.290723
700000.0003	0.251392
700000.0003	0.217608
700000.0003	0.18653
700000.0003	0.158313
700000.0003	0.136052
700000.0003	0.114602
700000.0003	0.0971097
700000.0003	0.0816807
700000.0003	0.0686021
700000.0003	0.0576949
700000.0003	0.0492449
700000.0003	0.0410887
700000.0003	0.034798
700000.0003	0.0293973
700000.0003	0.0247624
700000.0003	0.0210502
700000.0003	0.0179565
700000.0003	0.0153593
700000.0003	0.0134822
700000.0003	0.0117245
700000.0003	0.0102246
700000.0003	0.008825
700000.0003	0.0081147
700000.0003	0.00731168
700000.0003	0.00669183
700000.0003	0.0062457
700000.0003	0.00588999
700000.0003	0.0055123
700000.0003	0.00543627
700000.0003	0.005175
700000.0003	0.00505382
700000.0003	0.00507205
700000.0003	0.00501953
700000.0003	0.00488679
700000.0003	0.00475389
700000.0003	0.00473506
700000.0003	0.00465314
700000.0003	0.00462447
700000.0003	0.0045769
700000.0003	0.00458945
700000.0003	0.00453877
700000.0003	0.00449054
700000.0003	0.00443781
700000.0003	0.00442398
700000.0003	0.00446158
700000.0003	0.00437276
700000.0003	0.00434395
700000.0003	0.0043273
700000.0003	0.00432487
700000.0003	0.00431729
700000.0003	0.00430801
700000.0003	0.00428818
700000.0003	0.00420807
700000.0003	0.00420818
700000.0003	0.00420853
700000.0003	0.00423827
700000.0003	0.00421495
700000.0003	0.0041406
700000.0003	0.00418072
700000.0003	0.00413189
700000.0003	0.00413874
700000.0003	0.00416318
700000.0003	0.00418798
700000.0003	0.00415417
700000.0003	0.00410417
700000.0003	0.00415281
700000.0003	0.00413957
700000.0003	0.00412325
700000.0003	0.00417644
700000.0003	0.00414059
700000.0003	0.00411934
700000.0003	0.0041298
700000.0003	0.00411031
700000.0003	0.00417121
700000.0003	0.00415795
700000.0003	0.00420987
700000.0003	0.00412821
700000.0003	0.00419139
700000.0003	0.00410985
700000.0003	0.00418517
700000.0003	0.00417957
700000.0003	0.00424091
700000.0003	0.00423703
700000.0003	0.00429493
700000.0003	0.00420893
700000.0003	0.00423486
700000.0003	0.0043325
700000.0003	0.00429792
700000.0003	0.00430872
700000.0003	0.00427314
700000.0003	0.00434169
700000.0003	0.00437794
700000.0003	0.00443979
700000.0003	0.00451508
700000.0003	0.00457357
700000.0003	0.00454328
700000.0003	0.00459912
700000.0003	0.00455365
700000.0003	0.00464526
700000.0003	0.00469271
700000.0003	0.00478066
700000.0003	0.00482638
700000.0003	0.00494181
700000.0003	0.00500563
700000.0003	0.00491776
700000.0003	0.00511492
700000.0003	0.00512165
700000.0003	0.00534866
700000.0003	0.0053257
700000.0003	0.00559973
700000.0003	0.00567648
700000.0003	0.00584673
700000.0003	0.00598188
700000.0003	0.00623159
700000.0003	0.00636032
700000.0003	0.00656703
700000.0003	0.00705539
700000.0003	0.00710422
700000.0003	0.00768298
700000.0003	0.00810115
700000.0003	0.00839562
700000.0003	0.00907049
700000.0003	0.00989756
700000.0003	0.010754
700000.0003	0.0120143
700000.0003	0.0134619
700000.0003	0.0153921
700000.0003	0.017993
700000.0003	0.0209061
700000.0003	0.000100116
700000.0003	-0.000376818
700000.0003	-0.000114366
700000.0003	-9.16414e-05
700000.0003	0.000955874
700000.0003	-0.000468841
700000.0003	3.76207e-05
700000.0003	0.000506083
700000.0003	0.00369701
700000.0003	-0.00192431
700000.0003	0.0041777
700000.0003	0.00411817
700000.0003	-0.00758164
700000.0003	-0.0118457
700000.0003	0.00529725
700000.0003	-0.00819067
700000.0003	0.00493085
700000.0003	-0.00915445
700000.0003	0.000411498
700000.0003	0.0157711
700000.0003	0.0110635
700000.0003	-0.0111358
700000.0003	-0.00649524
700000.0003	0.023252
700000.0003	0.0104022
700000.0003	0.0250426
700000.0003	-0.00156617
700000.0003	0.0189344
700000.0003	-0.00621282
700000.0003	0.000379457
700000.0003	0.00379081
700000.0003	0.0115284
700000.0003	-0.0199189
700000.0003	-0.00430351
700000.0003	-0.0168368
700000.0003	0.00972376
700000.0003	0.0294697
700000.0003	0.00556953
700000.0003	-0.056925
700000.0003	0.028328
700000.0003	0.0161795
700000.0003	0.00794083
700000.0003	-0.0130792
700000.0003	-0.0292534
700000.0003	-0.00507576
700000.0003	0.0234773
700000.0003	0.0133899
700000.0003	0.0639084
700000.0003	-0.0249295
700000.0003	0.0668932
700000.0003	-0.0128994
700000.0003	0.0158105
700000.0003	0.032357
700000.0003	0.00749186
700000.0003	-0.0380562
700000.0003	-0.00853303
700000.0003	-0.0166036
700000.0003	0.0362367
700000.0003	-0.0101689
700000.0003	-0.0043995
700000.0003	-0.0646345
700000.0003	0.0149575
700000.0003	-0.0399567
700000.0003	-0.00700378
700000.0003	-0.00785688
700000.0003	0.00219382
700000.0003	0.0432121
700000.0003	-0.031853
700000.0003	0.0238714
700000.0003	0.026865
700000.0003	-0.00455703
700000.0003	-0.00695679
700000.0003	0.0142424
700000.0003	-0.0519306
700000.0003	0.012816
700000.0003	-0.0160576
700000.0003	-0.0109382
700000.0003	0.0158522
700000.0003	-0.00424817
700000.0003	-0.0142972
700000.0003	0.0253185
700000.0003	-0.00640064
700000.0003	0.0171075
700000.0003	0.0030897
700000.0003	-0.00402318
700000.0003	0.00064094
700000.0003	-0.00624765
700000.0003	-0.016128
700000.0003	-0.00948642
700000.0003	0.0524184
700000.0003	0.0260289
700000.0003	0.0141058
700000.0003	0.0145963
700000.0003	0.0111521
700000.0003	0.0448316
700000.0003	-0.00248712
700000.0003	0.0209184
700000.0003	0.0015226
700000.0003	-0.00530561
700000.0003	-0.0208865
700000.0003	0.0079503
700000.0003	-0.0196942
700000.0003	0.00842725
700000.0003	-0.0261481
700000.0003	0.0120692
700000.0003	4.43606e-05
700000.0003	-0.00802461
700000.0003	0.00191668
700000.0003	0.0489346
700000.0003	0.00232266
700000.0003	-0.00494884
700000.0003	-0.000651731
700000.0003	0.00812391
700000.0003	-0.027098
700000.0003	-0.0378605
700000.0003	-0.0159108
700000.0003	-0.0373296
700000.0003	-0.0165204
700000.0003	-0.00370656
700000.0003	-0.0122868
700000.0003	0.0148728
700000.0003	-0.0108749
700000.0003	-0.014892
700000.0003	-0.00144411
700000.0003	-0.0241614
700000.0003	0.00972951
700000.0003	0.0155287
700000.0003	-0.0325788
700000.0003	-0.0426278
700000.0003	-0.0484465
700000.0003	-0.0271883
700000.0003	0.0555384
700000.0003	0.000209442
700000.0003	0.0066482
700000.0003	-0.00783846
700000.0003	0.003523
700000.0003	0.0250492
700000.0003	0.0147494
700000.0003	0.0426213
700000.0003	-0.0228474
700000.0003	-0.00279784
700000.0003	-0.0216976
700000.0003	0.00295255
700000.0003	-0.0530709
700000.0003	0.00869356
700000.0003	-0.022282
700000.0003	0.0493491
700000.0003	0.0339458
700000.0003	0.0242754
700000.0003	-0.00349622
700000.0003	0.0198755
700000.0003	0.00651605
700000.0003	0.0262746
700000.0003	0.0273089
700000.0003	0.0100041
700000.0003	-0.0171959
700000.0003	0.0408801
700000.0003	0.0237481
700000.0003	0.0104422
700000.0003	-0.00505423
700000.0003	-0.00598019
700000.0003	-0.0410859
700000.0003	0.000163591
700000.0003	-0.00961734
700000.0003	-0.0146355
700000.0003	-0.0328749
700000.0003	0.0373597
700000.0003	0.00620337
700000.0003	0.0336845
700000.0003	-0.0163984
700000.0003	0.020888
700000.0003	0.000729111
700000.0003	0.0158751
700000.0003	-0.0319398
700000.0003	0.00505885
700000.0003	0.0167856
700000.0003	0.0156781
700000.0003	0.0068822
700000.0003	0.0123874
700000.0003	-0.0118963
700000.0003	0.0352333
700000.0003	0.0105216
700000.0003	0.0190765
700000.0003	-0.00360304
700000.0003	0.0103387
700000.0003	0.00866815
700000.0003	-0.00437782
700000.0003	-0.00793437
700000.0003	-0.00636798
700000.0003	0.000187541
700000.0003	0.0103759
700000.0003	-0.015017
700000.0003	-0.0308914
700000.0003	-0.00675254
700000.0003	0.014832
700000.0003	-0.00899954
700000.0003	0.00306475
700000.0003	-0.00267294
700000.0003	0.02138
700000.0003	-0.00854992
700000.0003	0.00911927
700000.0003	0.00859455
700000.0003	-0.00364007
700000.0003	-0.00305168
700000.0003	-0.00134164
700000.0003	0.0113632
700000.0003	0.0202495
700000.0003	-0.00828405
700000.0003	0.00887617
700000.0003	0.018554
700000.0003	0.00924255
700000.0003	0.0142025
700000.0003	0.00739614
700000.0003	0.00668686
700000.0003	-0.00592455
700000.0003	-0.00479256
700000.0003	-0.0178442
700000.0003	0.00523028
700000.0003	0.0173385
700000.0003	-0.00274698
700000.0003	-0.00793895
700000.0003	-0.00732416
700000.0003	0.00370119
700000.0003	0.00696746
700000.0003	-0.00891674
700000.0003	0.00230781
700000.0003	0.00215077
700000.0003	-0.00069723
700000.0003	0.00168052
700000.0003	0.00266269
700000.0003	0.0036016
700000.0003	-0.00206608
700000.0003	0.00244104
700000.0003	-0.00875528
700000.0003	-0.00315924
700000.0003	0.00496099
700000.0003	0.00906359
700000.0003	0.00936271
700000.0003	0.00298566
700000.0003	0.00569989
700000.0003	0.000314497
700000.0003	0.00434462
700000.0003	0.0017049
700000.0003	-0.000583092
700000.0003	-0.00074977
700000.0003	-0.000645876
700000.0003	0.0041719
700000.0003	0.00377269
700000.0003	0.000168727
700000.0003	-0.0156617
700000.0003	-0.00467241
700000.0003	0.00121087
700000.0003	-0.00404444
700000.0003	0.00167802
700000.0003	0.00441279
700000.0003	0.000913009
700000.0003	-0.000351572
700000.0003	-0.00175532
700000.0003	0.0032465
700000.0003	-0.000575726
700000.0003	-0.00264263
700000.0003	0.00199364
700000.0003	0.00174666
700000.0003	-6.37178e-05
700000.0003	-0.000473899
700000.0003	-0.00147478
700000.0003	-0.0012564
700000.0003	0.00120128
700000.0003	0.000162072
700000.0003	-0.000576115
700000.0003	-0.00125758
700000.0003	0.000793924
700000.0003	0.000118231
700000.0003	0.000572166
700000.0003	-0.000294918
700000.0003	-0.00104777
700000.0003	0.000904127
700000.0003	0.000119773
700000.0003	-0.000649931
700000.0003	-0.000123325
700000.0003	0.00022998
700000.0003	-0.000188959
700000.0003	0.000340574
700000.0003	-0.000176926
700000.0003	0.000106071
700000.0003	-7.44436e-05
700000.0003	-4.125e-05
700000.0003	9.48066e-07
700000.0003	2.92672e-05
700000.0003	-0.000177949
700000.0003	-8.47202e-05
700000.0003	-0.000148101
700000.0003	-0.000123174
700000.0003	-3.44237e-05
700000.0003	2.1887e-06
700000.0003	5.44384e-05
700000.0003	2.3476e-05
700000.0003	3.84497e-05
700000.0003	-2.37827e-05
700000.0003	-2.46267e-05
700000.0003	-2.03594e-05
700000.0003	4.51748e-05
700000.0003	-1.06646e-06
700000.0003	5.50377e-05
700000.0003	1.84427e-05
700000.0003	2.60289e-05
700000.0003	3.01284e-06
700000.0003	4.3438e-05
700000.0003	-7.2513e-06
700000.0003	-3.88184e-05
700000.0003	4.41465e-06
700000.0003	5.17875e-05
700000.0003	-2.71793e-05
700000.0003	-1.22128e-06
700000.0003	-2.21279e-05
700000.0003	-2.24372e-05
700000.0003	1.01762e-05
700000.0003	-4.28152e-05
700000.0003	1.69604e-05
700000.0003	4.69125e-05
700000.0003	1.77751e-05
700000.0003	2.39212e-06
700000.0003	-6.39806e-06
700000.0003	1.65344e-05
700000.0003	-3.96817e-05
700000.0003	1.65624e-05
700000.0003	-5.24298e-06
700000.0003	5.56223e-05
700000.0003	-4.37321e-05
700000.0003	-2.00196e-05
700000.0003	9.64756e-06
700000.0003	-2.27926e-05
700000.0003	1.35363e-05
700000.0003	-2.23206e-05
700000.0003	-3.60457e-05
700000.0003	-1.42376e-05
700000.0003	-4.4823e-05
700000.0003	-1.35798e-05
700000.0003	-2.1851e-07
700000.0003	1.01658e-05
700000.0003	-5.74254e-05
700000.0003	-6.57833e-06
700000.0003	1.09305e-05
700000.0003	2.21621e-05
700000.0003	-3.31162e-05
700000.0003	-1.82344e-06
700000.0003	-2.62144e-05
700000.0003	-6.0187e-05
700000.0003	4.99751e-05
700000.0003	-9.16266e-05
700000.0003	3.17649e-06
700000.0003	4.24481e-05
700000.0003	-2.17389e-05
700000.0003	-4.41071e-06
700000.0003	2.40803e-05
700000.0003	-4.05589e-05
700000.0003	1.884e-06
700000.0003	3.04277e-05
700000.0003	4.4855e-06
700000.0003	1.77268e-05
700000.0003	-1.82952e-05
700000.0003	-4.08785e-07
700000.0003	4.04535e-05
700000.0003	-1.53507e-05
700000.0003	4.07547e-05
700000.0003	5.05304e-05
700000.0003	6.43527e-06
700000.0003	3.71329e-05
700000.0003	4.50207e-05
700000.0003	-7.50649e-08
700000.0003	8.15994e-05
700000.0003	-5.90438e-05
700000.0003	4.45525e-05
700000.0003	1.78961e-05
700000.0003	-7.41557e-06
700000.0003	3.25502e-05
700000.0003	-2.30238e-05
700000.0003	3.95655e-05
700000.0003	-1.07766e-05
700000.0003	2.7898e-05
700000.0003	-5.20732e-05
700000.0003	2.18421e-05
700000.0003	-4.18031e-05
700000.0003	5.08394e-05
700000.0003	-9.22009e-06
700000.0003	8.5425e-05
700000.0003	0.000103621
700000.0003	2.96436e-06
700000.0003	-2.27537e-05
700000.0003	-6.85665e-05
700000.0003	8.71495e-05
700000.0003	5.1165e-05
700000.0003	0.000101303
700000.0003	2.3772e-05
700000.0003	0.000136537
700000.0003	6.49183e-05
700000.0003	2.49328e-06
700000.0003	-2.27756e-05
700000.0003	5.0768e-05
700000.0003	-4.5882e-05
700000.0003	0.000160431
700000.0003	-0.000182182
700000.0003	0.000352145
700000.0003	0.000561212
700000.0003	4.69976e-05
700000.0003	0.000328731
700000.0003	-0.00119397
700000.0003	-0.00210208
700000.0003	-0.00137732
700000.0003	0.000808545
700000.0003	-0.00209209
700000.0003	0.00205675
700000.0003	-0.0015706
700000.0003	-0.0031008
700000.0003	0.00659233
700000.0003	0.0139749
700000.0003	0.000587258
700000.0003	0.00718139
700000.0003	-0.00962759
700000.0003	0.00644404
700000.0003	0.0332052
700000.0003	-0.0169612
700000.0003	0.00586328
700000.0003	-0.0185467
700000.0003	0.0158982
700000.0003	0.00426528
700000.0003	-0.00806553
700000.0003	0.0116155
700000.0003	0.0120702
700000.0003	-0.0154897
700000.0003	0.0052677
700000.0003	-0.00723586
700000.0003	-0.0174836
700000.0003	0.00878527
700000.0003	-0.0143905
700000.0003	-0.0228628
700000.0003	0.00986444
700000.0003	0.0137484
700000.0003	-0.0404524
700000.0003	0.00706718
700000.0003	0.0115583
700000.0003	-0.00970748
700000.0003	-0.0303281
700000.0003	-0.0372579
700000.0003	-0.00692602
700000.0003	0.00808704
700000.0003	0.0285644
700000.0003	0.0683274
700000.0003	-0.0256769
700000.0003	0.0631236
700000.0003	-0.0145717
700000.0003	0.00150945
700000.0003	0.0358096
700000.0003	0.00472371
700000.0003	-0.0344459
700000.0003	-0.0123554
700000.0003	-0.0212457
700000.0003	0.0310354
700000.0003	-0.0192621
700000.0003	-0.0065258
700000.0003	-0.0526255
700000.0003	0.0277555
700000.0003	-0.0508069
700000.0003	-0.00553193
700000.0003	-0.00211895
700000.0003	-0.00516626
700000.0003	0.051981
700000.0003	-0.0298952
700000.0003	0.0298307
700000.0003	0.0246246
700000.0003	-0.015373
700000.0003	-0.0102169
700000.0003	0.010447
700000.0003	-0.0493338
700000.0003	0.00976219
700000.0003	-0.0272375
700000.0003	-0.0224755
700000.0003	0.0217621
700000.0003	0.00483997
700000.0003	-0.010494
700000.0003	0.0272364
700000.0003	-0.0134988
700000.0003	0.0258506
700000.0003	0.0148462
700000.0003	-0.0115999
700000.0003	-0.00526098
700000.0003	-0.0197001
700000.0003	-0.0111995
700000.0003	0.00726051
700000.0003	0.0566298
700000.0003	0.0257185
700000.0003	0.0135189
700000.0003	0.019443
700000.0003	0.0135446
700000.0003	0.0573416
700000.0003	0.00246304
700000.0003	0.021364
700000.0003	0.0145668
700000.0003	0.00184016
700000.0003	-0.0325883
700000.0003	0.00461512
700000.0003	-0.0301971
700000.0003	0.00610242
700000.0003	-0.0140664
700000.0003	0.00185044
700000.0003	-0.0109413
700000.0003	-0.00274397
700000.0003	0.00262183
700000.0003	0.0550379
700000.0003	-0.00412428
700000.0003	-0.000943333
700000.0003	0.0160989
700000.0003	0.00837435
700000.0003	-0.0180841
700000.0003	-0.0430534
700000.0003	-0.0128474
700000.0003	-0.0227195
700000.0003	-0.0203009
700000.0003	-0.00823703
700000.0003	-0.00507945
700000.0003	0.00234837
700000.0003	0.00563839
700000.0003	-0.0229978
700000.0003	-0.00562854
700000.0003	-0.0177255
700000.0003	0.00445165
700000.0003	0.00544938
700000.0003	-0.0254325
700000.0003	-0.0482856
700000.0003	-0.0361803
700000.0003	-0.0169341
700000.0003	0.0470629
700000.0003	-0.000613593
700000.0003	0.0110498
700000.0003	-0.00626683
700000.0003	0.00192247
700000.0003	0.045469
700000.0003	-0.000791065
700000.0003	0.0255301
700000.0003	-0.0224266
700000.0003	-0.00464983
700000.0003	-0.01561
700000.0003	-0.0118275
700000.0003	-0.03276
700000.0003	-0.000697786
700000.0003	-0.0101214
700000.0003	0.0398484
700000.0003	0.025317
700000.0003	0.0248114
700000.0003	-0.00134381
700000.0003	0.0385644
700000.0003	0.003967
700000.0003	0.0417168
700000.0003	0.0357352
700000.0003	0.0151632
700000.0003	-0.0296848
700000.0003	0.0404166
700000.0003	0.0207616
700000.0003	-0.00183818
700000.0003	-0.00631783
700000.0003	-0.0111823
700000.0003	-0.0435438
700000.0003	0.00400098
700000.0003	-0.00889361
700000.0003	-0.01298
700000.0003	-0.0289298
700000.0003	0.0318782
700000.0003	-0.00368587
700000.0003	0.028539
700000.0003	0.00422516
700000.0003	0.0146552
700000.0003	0.00604731
700000.0003	0.00637493
700000.0003	-0.0312038
700000.0003	0.000945009
700000.0003	0.00831431
700000.0003	0.0127296
700000.0003	0.00856972
700000.0003	0.0032034
700000.0003	-0.0113323
700000.0003	0.0279255
700000.0003	0.00732954
700000.0003	0.0193674
700000.0003	0.00504859
700000.0003	0.00798794
700000.0003	0.00195059
700000.0003	-0.00217701
700000.0003	-0.0120819
700000.0003	0.00382683
700000.0003	-0.000310555
700000.0003	0.00942821
700000.0003	-0.0263986
700000.0003	-0.0209769
700000.0003	-0.017985
700000.0003	0.0101015
700000.0003	-0.0119771
700000.0003	0.0114361
700000.0003	-0.00363987
700000.0003	0.00509091
700000.0003	-0.0105695
700000.0003	0.00485424
700000.0003	0.0114158
700000.0003	-0.0028985
700000.0003	0.0127804
700000.0003	0.00652536
700000.0003	0.0165201
700000.0003	0.0114303
700000.0003	-0.0112565
700000.0003	0.0162694
700000.0003	0.0106573
700000.0003	0.0019646
700000.0003	0.0148904
700000.0003	0.016083
700000.0003	0.017475
700000.0003	-0.0111014
700000.0003	0.00307907
700000.0003	-0.015758
700000.0003	0.00404914
700000.0003	0.0192962
700000.0003	0.00750334
700000.0003	-0.00147248
700000.0003	-0.0111548
700000.0003	0.00742311
700000.0003	0.00948865
700000.0003	-0.00163205
700000.0003	-0.0112228
700000.0003	0.00363102
700000.0003	-0.00580185
700000.0003	0.0010238
700000.0003	0.0046506
700000.0003	-0.00172449
700000.0003	-0.00451939
700000.0003	0.0155069
700000.0003	0.00167878
700000.0003	-0.0104858
700000.0003	-0.00468271
700000.0003	0.00560437
700000.0003	-0.000645765
700000.0003	-0.00518063
700000.0003	0.00553492
700000.0003	-0.00743725
700000.0003	0.00234281
700000.0003	0.00859186
700000.0003	-0.0101133
700000.0003	0.00131694
700000.0003	-0.00745552
700000.0003	-0.00354479
700000.0003	-0.00210946
700000.0003	0.000489257
700000.0003	-0.00161983
700000.0003	0.0052931
700000.0003	0.00403841
700000.0003	-0.00206558
700000.0003	0.0086903
700000.0003	0.00212292
700000.0003	0.00332611
700000.0003	0.000244284
700000.0003	-0.00334253
700000.0003	0.000737465
700000.0003	-0.000757738
700000.0003	0.00339318
700000.0003	0.00175779
700000.0003	0.00183792
700000.0003	-2.11063e-05
700000.0003	0.000157176
700000.0003	-0.000201394
700000.0003	0.000821171
700000.0003	0.000709487
700000.0003	-0.00135388
700000.0003	0.000994025
700000.0003	0.000290817
700000.0003	0.00045067
700000.0003	-0.000765571
700000.0003	0.000890672
700000.0003	0.00079162
700000.0003	0.000248985
700000.0003	1.97357e-05
700000.0003	0.000291954
700000.0003	-0.000768164
700000.0003	0.000324247
700000.0003	9.92771e-05
700000.0003	2.49253e-05
700000.0003	0.000245327
700000.0003	0.000174276
700000.0003	0.000144921
700000.0003	2.94243e-05
700000.0003	-6.2016e-05
700000.0003	0.000305068
700000.0003	-0.000184528
700000.0003	0.000106894
700000.0003	7.08711e-05
700000.0003	5.78667e-05
700000.0003	-8.7509e-05
700000.0003	2.92927e-05
700000.0003	4.03455e-05
700000.0003	7.76914e-05
700000.0003	-0.000134032
700000.0003	1.42095e-06
700000.0003	-0.000110437
700000.0003	-5.1552e-06
700000.0003	1.90971e-05
700000.0003	9.86951e-06
700000.0003	-7.09132e-05
700000.0003	-9.3667e-07
700000.0003	-0.000118022
700000.0003	-4.2243e-06
700000.0003	3.13853e-06
700000.0003	-5.41556e-06
700000.0003	5.61354e-05
700000.0003	1.91118e-05
700000.0003	4.27829e-05
700000.0003	1.75642e-06
700000.0003	1.52412e-05
700000.0003	2.38739e-05
700000.0003	-5.16592e-05
700000.0003	-3.9696e-06
700000.0003	3.20199e-05
700000.0003	-4.12402e-06
700000.0003	1.25901e-05
700000.0003	-8.57613e-05
700000.0003	-4.93555e-05
700000.0003	6.4462e-05
700000.0003	-1.98261e-05
700000.0003	-5.64491e-05
700000.0003	5.83325e-05
700000.0003	6.2709e-06
700000.0003	-4.06223e-05
700000.0003	3.75763e-06
700000.0003	1.43547e-05
700000.0003	-7.0793e-05
700000.0003	9.50714e-06
700000.0003	1.58439e-05
700000.0003	-2.09025e-05
700000.0003	-3.53256e-05
700000.0003	-2.6548e-06
700000.0003	3.43463e-05
700000.0003	-3.33212e-05
700000.0003	-6.35332e-05
700000.0003	6.76942e-05
700000.0003	-4.75183e-05
700000.0003	2.64216e-05
700000.0003	1.13201e-05
700000.0003	2.30134e-05
700000.0003	3.98457e-05
700000.0003	3.0557e-05
700000.0003	-5.97004e-05
700000.0003	-3.64331e-05
700000.0003	-1.34679e-05
700000.0003	3.09012e-05
700000.0003	1.48448e-05
700000.0003	-1.45589e-05
700000.0003	-6.15059e-06
700000.0003	-6.38205e-05
700000.0003	3.26781e-05
700000.0003	-7.79928e-06
700000.0003	2.38079e-05
700000.0003	3.74712e-05
700000.0003	4.09755e-05
700000.0003	3.49752e-05
700000.0003	2.15547e-05
700000.0003	5.34639e-05
700000.0003	3.06299e-05
700000.0003	2.32142e-06
700000.0003	-1.90783e-05
700000.0003	2.43572e-05
700000.0003	6.67494e-05
700000.0003	9.0644e-05
700000.0003	-3.59517e-06
700000.0003	-2.35595e-05
700000.0003	-5.29857e-05
700000.0003	4.39981e-05
700000.0003	5.09961e-05
700000.0003	1.33141e-05
700000.0003	8.17689e-05
700000.0003	5.21041e-05
700000.0003	-2.69245e-05
700000.0003	-9.06508e-05
700000.0003	-6.30114e-05
700000.0003	9.11099e-05
700000.0003	1.29616e-05
700000.0003	-0.000125238
700000.0003	-6.97648e-06
700000.0003	-0.000112636
700000.0003	-3.85778e-05
700000.0003	8.71193e-05
700000.0003	-6.40171e-05
700000.0003	-0.000118398
700000.0003	3.04045e-05
700000.0003	4.41185e-05
700000.0003	7.40822e-05
700000.0003	-0.000203161
700000.0003	3.76875e-05
700000.0003	0.000105698
700000.0003	-0.000159371
700000.0003	0.000185808
700000.0003	0.000400462
700000.0003	0.000166793
700000.0003	-2.19347e-05
700000.0003	-0.00025943
700000.0003	0.000115129
700000.0003	0.0184533
700000.0003	0.024048
700000.0003	0.0365926
700000.0003	0.0607044
700000.0003	0.101173
700000.0003	0.165919
700000.0003	0.2659
700000.0003	0.408359
700000.0003	0.604663
700000.0003	0.876798
700000.0003	1.25048
700000.0003	1.76117
700000.0003	2.44681
700000.0003	3.34226
700000.0003	4.47776
700000.0003	5.83489
700000.0003	7.43067
700000.0003	9.27783
700000.0003	11.2888
700000.0003	13.337
700000.0003	15.2916
700000.0003	16.9656
700000.0003	18.1295
700000.0003	19.0412
700000.0003	19.4927
700000.0003	19.741
700000.0003	19.6649
700000.0003	19.5608
700000.0003	19.3469
700000.0003	19.0613
700000.0003	18.8538
700000.0003	18.5156
700000.0003	18.3131
700000.0003	17.9679
700000.0003	17.6982
700000.0003	17.4754
700000.0003	17.1984
700000.0003	16.9616
700000.0003	16.6374
700000.0003	16.2697
700000.0003	15.9891
700000.0003	15.7248
700000.0003	15.3792
700000.0003	15.1045
700000.0003	14.9161
700000.0003	14.6783
700000.0003	14.4474
700000.0003	14.2168
700000.0003	14.1622
700000.0003	13.9433
700000.0003	13.7155
700000.0003	13.5916
700000.0003	13.4302
700000.0003	13.4074
700000.0003	13.156
700000.0003	13.0468
700000.0003	12.9459
700000.0003	12.7704
700000.0003	12.8005
700000.0003	12.6659
700000.0003	12.6034
700000.0003	12.4758
700000.0003	12.4227
700000.0003	12.3085
700000.0003	12.2673
700000.0003	12.1016
700000.0003	12.1794
700000.0003	12.126
700000.0003	11.9436
700000.0003	11.9269
700000.0003	11.8567
700000.0003	11.7748
700000.0003	11.7959
700000.0003	11.7868
700000.0003	11.6927
700000.0003	11.7151
700000.0003	11.6155
700000.0003	11.5713
700000.0003	11.4994
700000.0003	11.4993
700000.0003	11.3482
700000.0003	11.3543
700000.0003	11.3223
700000.0003	11.1765
700000.0003	11.298
700000.0003	11.269
700000.0003	11.2106
700000.0003	11.2348
700000.0003	11.1198
700000.0003	11.1275
700000.0003	11.1014
700000.0003	11.085
700000.0003	11.1061
700000.0003	10.9936
700000.0003	10.9829
700000.0003	11.0112
700000.0003	10.9727
700000.0003	10.9542
700000.0003	10.8741
700000.0003	10.8766
700000.0003	10.8132
700000.0003	10.9271
700000.0003	10.7982
700000.0003	10.8438
700000.0003	10.8292
700000.0003	10.9005
700000.0003	10.7568
700000.0003	10.8269
700000.0003	10.8944
700000.0003	10.7232
700000.0003	10.801
700000.0003	10.7188
700000.0003	10.7018
700000.0003	10.7377
700000.0003	10.7061
700000.0003	10.7147
700000.0003	10.7395
700000.0003	10.6705
700000.0003	10.751
700000.0003	10.5942
700000.0003	10.6457
700000.0003	10.7085
700000.0003	10.6946
700000.0003	10.6843
700000.0003	10.6494
700000.0003	10.6557
700000.0003	10.5976
700000.0003	10.6553
700000.0003	10.6384
700000.0003	10.6686
700000.0003	10.6525
700000.0003	10.6891
700000.0003	10.5984
700000.0003	10.6191
700000.0003	10.642
700000.0003	10.6598
700000.0003	10.6497
700000.0003	10.669
700000.0003	10.6439
700000.0003	10.683
700000.0003	10.6641
700000.0003	10.6642
700000.0003	10.683
700000.0003	10.6357
700000.0003	10.5891
700000.0003	10.6103
700000.0003	10.5402
700000.0003	10.5036
700000.0003	10.5552
700000.0003	10.5536
700000.0003	10.5126
700000.0003	10.5189
700000.0003	10.4486
700000.0003	10.4842
700000.0003	10.4557
700000.0003	10.3773
700000.0003	10.3825
700000.0003	10.3706
700000.0003	10.2728
700000.0003	10.2422
700000.0003	10.2005
700000.0003	10.1599
700000.0003	10.0896
700000.0003	10.0507
700000.0003	10.0825
700000.0003	10.0342
700000.0003	9.91289
700000.0003	9.963
700000.0003	9.77078
700000.0003	9.81076
700000.0003	9.74513
700000.0003	9.68119
700000.0003	9.58572
700000.0003	9.56075
700000.0003	9.48185
700000.0003	9.44189
700000.0003	9.3821
700000.0003	9.38358
700000.0003	9.20047
700000.0003	9.17406
700000.0003	9.1157
700000.0003	9.03962
700000.0003	8.98772
700000.0003	8.89233
700000.0003	8.82974
700000.0003	8.7496
700000.0003	8.68416
700000.0003	8.61655
700000.0003	8.58168
700000.0003	8.5176
700000.0003	8.38883
700000.0003	8.26984
700000.0003	8.28193
700000.0003	8.16438
700000.0003	8.07376
700000.0003	8.01275
700000.0003	7.94741
700000.0003	7.89219
700000.0003	7.78856
700000.0003	7.67
700000.0003	7.64618
700000.0003	7.55335
700000.0003	7.48877
700000.0003	7.36967
700000.0003	7.32631
700000.0003	7.22789
700000.0003	7.15713
700000.0003	7.05605
700000.0003	6.96617
700000.0003	6.90017
700000.0003	6.8268
700000.0003	6.73715
700000.0003	6.67007
700000.0003	6.61401
700000.0003	6.55035
700000.0003	6.45968
700000.0003	6.4014
700000.0003	6.32679
700000.0003	6.27146
700000.0003	6.19673
700000.0003	6.14788
700000.0003	6.07233
700000.0003	6.00293
700000.0003	5.96464
700000.0003	5.9264
700000.0003	5.82903
700000.0003	5.81182
700000.0003	5.78481
700000.0003	5.77462
700000.0003	5.70823
700000.0003	5.65838
700000.0003	5.6456
700000.0003	5.60684
700000.0003	5.571
700000.0003	5.52567
700000.0003	5.4972
700000.0003	5.44254
700000.0003	5.38615
700000.0003	5.2897
700000.0003	5.23505
700000.0003	5.12425
700000.0003	4.98216
700000.0003	4.83862
700000.0003	4.65956
700000.0003	4.46155
700000.0003	4.25246
700000.0003	4.02407
700000.0003	3.783
700000.0003	3.54202
700000.0003	3.28532
700000.0003	3.04757
700000.0003	2.79343
700000.0003	2.56053
700000.0003	2.33661
700000.0003	2.11901
700000.0003	1.93059
700000.0003	1.7461
700000.0003	1.57713
700000.0003	1.42159
700000.0003	1.28401
700000.0003	1.1523
700000.0003	1.03441
700000.0003	0.925648
700000.0003	0.822711
700000.0003	0.736007
700000.0003	0.649904
700000.0003	0.575907
700000.0003	0.506962
700000.0003	0.445701
700000.0003	0.390079
700000.0003	0.339148
700000.0003	0.295254
700000.0003	0.25408
700000.0003	0.219519
700000.0003	0.186948
700000.0003	0.160141
700000.0003	0.135908
700000.0003	0.116023
700000.0003	0.0973988
700000.0003	0.0822198
700000.0003	0.0693326
700000.0003	0.0575506
700000.0003	0.048294
700000.0003	0.0403663
700000.0003	0.0338239
700000.0003	0.0286824
700000.0003	0.0240077
700000.0003	0.0200772
700000.0003	0.0168383
700000.0003	0.0147282
700000.0003	0.0124927
700000.0003	0.0108918
700000.0003	0.00946702
700000.0003	0.00837893
700000.0003	0.00755454
700000.0003	0.00683198
700000.0003	0.00629851
700000.0003	0.00583475
700000.0003	0.00544659
700000.0003	0.00517672
700000.0003	0.00516682
700000.0003	0.00499815
700000.0003	0.00488047
700000.0003	0.00482439
700000.0003	0.00480151
700000.0003	0.00466515
700000.0003	0.00463969
700000.0003	0.00457477
700000.0003	0.00450263
700000.0003	0.00448626
700000.0003	0.00449504
700000.0003	0.0043995
700000.0003	0.00439348
700000.0003	0.00430195
700000.0003	0.00429124
700000.0003	0.0042973
700000.0003	0.00428171
700000.0003	0.00429773
700000.0003	0.00423064
700000.0003	0.00421563
700000.0003	0.00417423
700000.0003	0.00417369
700000.0003	0.00416868
700000.0003	0.00414914
700000.0003	0.00416813
700000.0003	0.00416431
700000.0003	0.00415186
700000.0003	0.00412681
700000.0003	0.00414685
700000.0003	0.00414958
700000.0003	0.0040775
700000.0003	0.0041482
700000.0003	0.00413129
700000.0003	0.00410298
700000.0003	0.00412665
700000.0003	0.00411767
700000.0003	0.00410428
700000.0003	0.00410751
700000.0003	0.00409407
700000.0003	0.00411327
700000.0003	0.00414806
700000.0003	0.00412908
700000.0003	0.00410147
700000.0003	0.00412998
700000.0003	0.00406254
700000.0003	0.00413112
700000.0003	0.00414654
700000.0003	0.00413319
700000.0003	0.00414476
700000.0003	0.00415561
700000.0003	0.00415403
700000.0003	0.0041723
700000.0003	0.00417483
700000.0003	0.00417724
700000.0003	0.00424284
700000.0003	0.0041845
700000.0003	0.00423085
700000.0003	0.00426729
700000.0003	0.0042473
700000.0003	0.00428213
700000.0003	0.00431017
700000.0003	0.00430197
700000.0003	0.00432649
700000.0003	0.00430901
700000.0003	0.0043913
700000.0003	0.00445948
700000.0003	0.00441323
700000.0003	0.00446098
700000.0003	0.00444912
700000.0003	0.00449616
700000.0003	0.00467698
700000.0003	0.00462294
700000.0003	0.00468053
700000.0003	0.00475595
700000.0003	0.00483551
700000.0003	0.0048518
700000.0003	0.00494211
700000.0003	0.00506973
700000.0003	0.00522914
700000.0003	0.00531675
700000.0003	0.00543147
700000.0003	0.00556771
700000.0003	0.00572804
700000.0003	0.00598408
700000.0003	0.00604741
700000.0003	0.00637769
700000.0003	0.00652682
700000.0003	0.00687575
700000.0003	0.00740934
700000.0003	0.00768238
700000.0003	0.00824733
700000.0003	0.00877209
700000.0003	0.00909945
700000.0003	0.00993712
700000.0003	0.0108883
700000.0003	0.0118162
700000.0003	0.01294
700000.0003	0.014134
700000.0003	0.0151983
700000.0003	0.0162299
