700000.0003	62.3302
700000.0003	113.519
700000.0003	195.463
700000.0003	311.774
700000.0003	482.171
700000.0003	700.173
700000.0003	961.956
700000.0003	1257.78
700000.0003	1593.62
700000.0003	1964.77
700000.0003	2397.53
700000.0003	2858.2
700000.0003	3304.16
700000.0003	3655.19
700000.0003	3805.05
700000.0003	3731.37
700000.0003	3452.14
700000.0003	3057.71
700000.0003	2594.7
700000.0003	2145.16
700000.0003	1728.38
700000.0003	1363.83
700000.0003	1057.79
700000.0003	808.215
700000.0003	613.046
700000.0003	461.49
700000.0003	350.818
700000.0003	264.819
700000.0003	198.82
700000.0003	153.513
700000.0003	117.962
700000.0003	87.8256
700000.0003	69.311
700000.0003	55.5318
700000.0003	43.5996
700000.0003	33.8057
700000.0003	27.4116
700000.0003	21.4328
700000.0003	18.1694
700000.0003	15.8346
700000.0003	10.8916
700000.0003	10.1011
700000.0003	8.26499
700000.0003	6.84282
700000.0003	6.39072
700000.0003	6.30567
700000.0003	3.81454
700000.0003	3.38029
700000.0003	3.34371
700000.0003	4.26931
700000.0003	3.90683
700000.0003	3.08873
700000.0003	3.42313
700000.0003	2.45703
700000.0003	2.79121
700000.0003	2.3268
700000.0003	2.11857
700000.0003	2.30666
700000.0003	1.81849
700000.0003	3.63409
700000.0003	2.22582
700000.0003	1.65404
700000.0003	1.64864
700000.0003	1.55731
700000.0003	1.19246
700000.0003	2.20773
700000.0003	1.50926
700000.0003	1.54934
700000.0003	0.867951
700000.0003	1.81065
700000.0003	1.09999
700000.0003	0.745866
700000.0003	1.49087
700000.0003	0.586115
700000.0003	0.855262
700000.0003	1.20088
700000.0003	0.350127
700000.0003	0.176315
700000.0003	-0.246227
700000.0003	1.30329
700000.0003	0.685865
700000.0003	1.90088
700000.0003	1.36311
700000.0003	1.00908
700000.0003	0.54488
700000.0003	0.806369
700000.0003	-1.28451
700000.0003	-0.540299
700000.0003	0.232533
700000.0003	0.442918
700000.0003	0.447186
700000.0003	1.23616
700000.0003	0.691645
700000.0003	1.53062
700000.0003	0.539726
700000.0003	-0.280266
700000.0003	0.0290365
700000.0003	0.243276
700000.0003	0.667466
700000.0003	0.717955
700000.0003	0.035659
700000.0003	-0.184737
700000.0003	0.863987
700000.0003	0.496406
700000.0003	0.284818
700000.0003	-0.514544
700000.0003	0.898254
700000.0003	-0.486925
700000.0003	-0.790543
700000.0003	0.493443
700000.0003	0.0202186
700000.0003	0.274646
700000.0003	0.748532
700000.0003	-0.0711542
700000.0003	0.354907
700000.0003	-0.140474
700000.0003	1.07329
700000.0003	0.833351
700000.0003	-0.468254
700000.0003	-0.909483
700000.0003	1.25181
700000.0003	-0.472779
700000.0003	0.539249
700000.0003	0.0138558
700000.0003	-0.287729
700000.0003	0.065686
700000.0003	-0.343828
700000.0003	-0.162526
700000.0003	-0.0203841
700000.0003	-0.224598
700000.0003	-0.268286
700000.0003	-0.0861498
700000.0003	0.138087
700000.0003	-0.771069
700000.0003	-0.540425
700000.0003	0.47742
700000.0003	-0.188448
700000.0003	-0.484402
700000.0003	1.10064
700000.0003	0.424143
700000.0003	0.894181
700000.0003	-0.240483
700000.0003	-0.481262
700000.0003	0.0523682
700000.0003	-0.755686
700000.0003	-0.289721
700000.0003	-0.6829
700000.0003	-0.942013
700000.0003	-0.487404
700000.0003	-0.312425
700000.0003	-0.530126
700000.0003	-0.727236
700000.0003	-1.60413
700000.0003	-1.20761
700000.0003	-1.51201
700000.0003	-0.463143
700000.0003	-2.08219
700000.0003	-1.20926
700000.0003	-2.15147
700000.0003	-1.51158
700000.0003	-2.34377
700000.0003	-1.51742
700000.0003	-2.34544
700000.0003	-1.89299
700000.0003	-2.19725
700000.0003	-3.38166
700000.0003	-2.811
700000.0003	-1.76815
700000.0003	-1.73361
700000.0003	-1.27851
700000.0003	-2.17792
700000.0003	-3.10459
700000.0003	-2.91734
700000.0003	-2.71877
700000.0003	-4.58148
700000.0003	-3.45728
700000.0003	-3.89838
700000.0003	-3.25523
700000.0003	-3.53638
700000.0003	-4.24172
700000.0003	-4.64846
700000.0003	-3.87516
700000.0003	-4.82664
700000.0003	-5.87938
700000.0003	-5.38704
700000.0003	-5.09899
700000.0003	-5.22883
700000.0003	-5.91636
700000.0003	-7.06343
700000.0003	-7.42425
700000.0003	-5.34708
700000.0003	-6.3154
700000.0003	-6.35938
700000.0003	-6.06193
700000.0003	-6.74622
700000.0003	-7.17812
700000.0003	-9.37865
700000.0003	-8.96263
700000.0003	-9.39926
700000.0003	-8.3822
700000.0003	-9.04412
700000.0003	-10.809
700000.0003	-10.7883
700000.0003	-11.4662
700000.0003	-12.2187
700000.0003	-13.8907
700000.0003	-13.9119
700000.0003	-15.0693
700000.0003	-16.2177
700000.0003	-15.9069
700000.0003	-17.3699
700000.0003	-18.1243
700000.0003	-17.8944
700000.0003	-20.2459
700000.0003	-22.464
700000.0003	-22.8017
700000.0003	-24.6263
700000.0003	-28.3026
700000.0003	-30.2936
700000.0003	-32.794
700000.0003	-36.6836
700000.0003	-39.0329
700000.0003	-43.9733
700000.0003	-48.4083
700000.0003	-53.5869
700000.0003	-59.5171
700000.0003	-67.6443
700000.0003	-77.8091
700000.0003	-87.2951
700000.0003	-102.884
700000.0003	-117.557
700000.0003	-135.718
700000.0003	-155.874
700000.0003	-181.01
700000.0003	-213.386
700000.0003	-248.739
700000.0003	-289.113
700000.0003	-335.233
700000.0003	-390.533
700000.0003	-451.861
700000.0003	-519.899
700000.0003	-598.523
700000.0003	-684.629
700000.0003	-769.229
700000.0003	-867.969
700000.0003	-964.719
700000.0003	-1063.42
700000.0003	-1160.99
700000.0003	-1249.14
700000.0003	-1329.8
700000.0003	-1394.68
700000.0003	-1448.96
700000.0003	-1490.91
700000.0003	-1505.17
700000.0003	-1516.25
700000.0003	-1500.44
700000.0003	-1476.27
700000.0003	-1437.44
700000.0003	-1387.27
700000.0003	-1333.16
700000.0003	-1274.91
700000.0003	-1211.15
700000.0003	-1146.33
700000.0003	-1073.51
700000.0003	-1004.33
700000.0003	-939.034
700000.0003	-865.869
700000.0003	-803.678
700000.0003	-736.152
700000.0003	-671.551
700000.0003	-609.183
700000.0003	-550.723
700000.0003	-495.004
700000.0003	-440.093
700000.0003	-391.439
700000.0003	-345.629
700000.0003	-307.047
700000.0003	-268.342
700000.0003	-234.598
700000.0003	-205.125
700000.0003	-178.455
700000.0003	-155.338
700000.0003	-137.495
700000.0003	-120.211
700000.0003	-105.82
700000.0003	-94.3552
700000.0003	-84.5986
700000.0003	-77.317
700000.0003	-69.598
700000.0003	-65.2481
700000.0003	-61.3295
700000.0003	-56.8356
700000.0003	-53.6478
700000.0003	-51.096
700000.0003	-49.6663
700000.0003	-47.8162
700000.0003	-46.5872
700000.0003	-45.2316
700000.0003	-43.8605
700000.0003	-43.3174
700000.0003	-43.1182
700000.0003	-42.5736
700000.0003	-42.8528
700000.0003	-41.6162
700000.0003	-42.2171
700000.0003	-41.9932
700000.0003	-41.9006
700000.0003	-41.3018
700000.0003	-41.8265
700000.0003	-41.7401
700000.0003	-42.086
700000.0003	-41.2832
700000.0003	-40.8726
700000.0003	-41.3506
700000.0003	-41.3586
700000.0003	-41.4447
700000.0003	-40.7822
700000.0003	-40.1613
700000.0003	-40.4456
700000.0003	-41.1637
700000.0003	-41.4756
700000.0003	-40.7297
700000.0003	-41.1888
700000.0003	-41.3648
700000.0003	-40.9962
700000.0003	-40.9297
700000.0003	-41.533
700000.0003	-41.3841
700000.0003	-41.3012
700000.0003	-40.9686
700000.0003	-41.0614
700000.0003	-40.2726
700000.0003	-40.6477
700000.0003	-40.9042
700000.0003	-41.1602
700000.0003	-40.6838
700000.0003	-41.3245
700000.0003	-40.5223
700000.0003	-40.9814
700000.0003	-39.6989
700000.0003	-39.9461
700000.0003	-40.0301
700000.0003	-40.6965
700000.0003	-40.4389
700000.0003	-39.9469
700000.0003	-40.0437
700000.0003	-39.8344
700000.0003	-41.2115
700000.0003	-39.7807
700000.0003	-40.8739
700000.0003	-40.9385
700000.0003	-40.7967
700000.0003	-39.8433
700000.0003	-40.4789
700000.0003	-39.6984
700000.0003	-39.92
700000.0003	-40.373
700000.0003	-39.2459
700000.0003	-40.7507
700000.0003	-39.3459
700000.0003	-40.0513
700000.0003	-39.774
700000.0003	-40.8185
700000.0003	-41.018
700000.0003	-40.0623
700000.0003	-39.5584
700000.0003	-39.6721
700000.0003	-39.3621
700000.0003	-39.6676
700000.0003	-39.1214
700000.0003	-39.2025
700000.0003	-39.3574
700000.0003	-39.3425
700000.0003	-39.5533
700000.0003	-39.6832
700000.0003	-39.5038
700000.0003	-39.2843
700000.0003	-38.7501
700000.0003	-37.9193
700000.0003	-38.164
700000.0003	-38.035
700000.0003	-37.4213
700000.0003	-37.9636
700000.0003	-37.8835
700000.0003	-36.5798
700000.0003	-36.7814
700000.0003	-35.9325
700000.0003	-34.5833
700000.0003	-33.3909
700000.0003	-33.066
700000.0003	-32.0809
700000.0003	-29.8559
700000.0003	-28.1999
700000.0003	-23.7406
700000.0003	-20.2411
700000.0003	-14.4631
700000.0003	-5.72943
700000.0003	4.59841
700000.0003	18.05
700000.0003	34.3605
700000.0003	-1.27584
700000.0003	-0.927042
700000.0003	-0.174113
700000.0003	0.608976
700000.0003	-0.23592
700000.0003	-0.0907628
700000.0003	1.59497
700000.0003	0.880702
700000.0003	1.93689
700000.0003	3.3251
700000.0003	2.09814
700000.0003	2.86545
700000.0003	-0.689229
700000.0003	-7.06575
700000.0003	0.722313
700000.0003	-0.816856
700000.0003	-2.39581
700000.0003	-0.895247
700000.0003	-4.24454
700000.0003	2.552
700000.0003	5.23376
700000.0003	-4.95863
700000.0003	0.0182296
700000.0003	2.18357
700000.0003	1.36446
700000.0003	-0.0286808
700000.0003	-0.454574
700000.0003	-0.116047
700000.0003	0.416526
700000.0003	-0.572415
700000.0003	0.265622
700000.0003	-0.756847
700000.0003	-0.00387886
700000.0003	-0.805283
700000.0003	0.271038
700000.0003	1.01284
700000.0003	-0.367385
700000.0003	0.0554806
700000.0003	-0.0046582
700000.0003	-0.0315574
700000.0003	0.114426
700000.0003	0.632123
700000.0003	-0.864839
700000.0003	-0.580029
700000.0003	-0.42244
700000.0003	-0.44372
700000.0003	0.247538
700000.0003	1.11404
700000.0003	0.0982664
700000.0003	-0.570319
700000.0003	-0.505918
700000.0003	0.475461
700000.0003	1.46886
700000.0003	0.318993
700000.0003	-0.791233
700000.0003	-0.609281
700000.0003	-0.999435
700000.0003	-0.344749
700000.0003	-0.702908
700000.0003	1.0464
700000.0003	1.0735
700000.0003	-0.687063
700000.0003	0.385771
700000.0003	0.633452
700000.0003	-0.559735
700000.0003	0.124761
700000.0003	0.546956
700000.0003	-0.792454
700000.0003	-0.909573
700000.0003	-0.915895
700000.0003	0.822263
700000.0003	0.664184
700000.0003	0.40923
700000.0003	-0.157205
700000.0003	-0.163489
700000.0003	0.118485
700000.0003	-0.390357
700000.0003	0.655354
700000.0003	-0.246346
700000.0003	1.38264
700000.0003	-0.201571
700000.0003	-0.832232
700000.0003	-0.710455
700000.0003	1.27375
700000.0003	-0.820588
700000.0003	0.499946
700000.0003	0.12524
700000.0003	-0.476245
700000.0003	0.0997064
700000.0003	0.381167
700000.0003	0.0166368
700000.0003	0.159755
700000.0003	-0.834613
700000.0003	0.46582
700000.0003	0.190137
700000.0003	-0.319245
700000.0003	0.905046
700000.0003	-0.826172
700000.0003	-0.632137
700000.0003	0.514897
700000.0003	0.114537
700000.0003	-0.126816
700000.0003	-0.389632
700000.0003	0.419848
700000.0003	0.262291
700000.0003	0.392868
700000.0003	-0.230751
700000.0003	0.173459
700000.0003	-0.014862
700000.0003	0.332645
700000.0003	-0.329853
700000.0003	0.251056
700000.0003	0.529318
700000.0003	-0.516025
700000.0003	0.160538
700000.0003	0.0115956
700000.0003	-0.0308866
700000.0003	-0.715731
700000.0003	0.429186
700000.0003	0.682078
700000.0003	-0.291398
700000.0003	-0.158888
700000.0003	-0.299745
700000.0003	-1.09596
700000.0003	0.601794
700000.0003	-0.418648
700000.0003	-0.114712
700000.0003	-0.240902
700000.0003	0.231835
700000.0003	0.452125
700000.0003	0.323717
700000.0003	-0.11914
700000.0003	-0.873976
700000.0003	0.79299
700000.0003	0.0921227
700000.0003	-0.183359
700000.0003	-0.191196
700000.0003	0.292197
700000.0003	0.682338
700000.0003	-0.165804
700000.0003	1.15134
700000.0003	-0.790116
700000.0003	-0.210131
700000.0003	-1.00339
700000.0003	-0.444005
700000.0003	0.0898846
700000.0003	-0.54873
700000.0003	-0.198266
700000.0003	0.577213
700000.0003	-0.463355
700000.0003	-0.916726
700000.0003	0.43799
700000.0003	0.515217
700000.0003	0.247677
700000.0003	-0.113909
700000.0003	-0.0372442
700000.0003	1.08387
700000.0003	1.08369
700000.0003	-0.979414
700000.0003	0.447093
700000.0003	0.887983
700000.0003	-0.863877
700000.0003	-0.497193
700000.0003	-0.310741
700000.0003	-0.596427
700000.0003	0.567322
700000.0003	-0.31236
700000.0003	0.521208
700000.0003	0.813012
700000.0003	-0.462315
700000.0003	0.095595
700000.0003	-0.809087
700000.0003	-0.139217
700000.0003	0.0336881
700000.0003	0.440926
700000.0003	-0.265247
700000.0003	0.205758
700000.0003	-0.295122
700000.0003	0.0588731
700000.0003	-0.553422
700000.0003	0.207217
700000.0003	-0.256278
700000.0003	-0.00551441
700000.0003	0.336224
700000.0003	0.60425
700000.0003	0.704389
700000.0003	-0.530386
700000.0003	1.11822
700000.0003	0.5845
700000.0003	-0.735301
700000.0003	-0.238847
700000.0003	-0.374124
700000.0003	-1.24002
700000.0003	-0.172828
700000.0003	0.541388
700000.0003	0.252302
700000.0003	0.315472
700000.0003	0.0233579
700000.0003	0.779735
700000.0003	-0.715895
700000.0003	-0.107053
700000.0003	-0.164008
700000.0003	0.280674
700000.0003	0.754361
700000.0003	-0.358554
700000.0003	-0.552286
700000.0003	-0.669961
700000.0003	0.128042
700000.0003	1.29639
700000.0003	0.145139
700000.0003	-1.01376
700000.0003	1.28986
700000.0003	-0.549472
700000.0003	-0.79754
700000.0003	0.720194
700000.0003	0.0893236
700000.0003	0.0784499
700000.0003	0.00559356
700000.0003	-0.059145
700000.0003	-1.14506
700000.0003	-0.279227
700000.0003	0.149318
700000.0003	-0.0226271
700000.0003	1.23364
700000.0003	0.107229
700000.0003	-0.885224
700000.0003	-0.71093
700000.0003	-1.20576
700000.0003	-1.69691
700000.0003	1.8558
700000.0003	0.450778
700000.0003	-0.177168
700000.0003	0.0202572
700000.0003	0.788012
700000.0003	1.75706
700000.0003	0.0952514
700000.0003	2.48333
700000.0003	1.77733
700000.0003	0.239069
700000.0003	-2.65066
700000.0003	-0.683909
700000.0003	-0.513058
700000.0003	-1.18934
700000.0003	0.495401
700000.0003	0.789913
700000.0003	-1.75348
700000.0003	1.55684
700000.0003	1.42977
700000.0003	-0.505882
700000.0003	-2.02313
700000.0003	-0.877129
700000.0003	-0.588384
700000.0003	0.167274
700000.0003	0.770797
700000.0003	1.84395
700000.0003	0.207489
700000.0003	-0.903333
700000.0003	-2.72878
700000.0003	2.10904
700000.0003	-0.558133
700000.0003	-0.448328
700000.0003	-1.67788
700000.0003	-2.45289
700000.0003	2.0553
700000.0003	0.510083
700000.0003	2.47127
700000.0003	0.148098
700000.0003	-1.42283
700000.0003	1.33955
700000.0003	2.0139
700000.0003	0.227883
700000.0003	-2.27892
700000.0003	-2.04482
700000.0003	-2.39274
700000.0003	0.365213
700000.0003	-1.38097
700000.0003	-0.99062
700000.0003	-0.226679
700000.0003	1.63398
700000.0003	0.566257
700000.0003	-0.944879
700000.0003	2.09874
700000.0003	-0.288088
700000.0003	1.7833
700000.0003	0.0734012
700000.0003	-1.48019
700000.0003	-0.0129568
700000.0003	-0.0917256
700000.0003	-0.607842
700000.0003	0.629512
700000.0003	0.0581405
700000.0003	0.0566742
700000.0003	-0.348021
700000.0003	0.295624
700000.0003	0.634477
700000.0003	0.505843
700000.0003	0.168213
700000.0003	0.837461
700000.0003	0.924542
700000.0003	0.0161832
700000.0003	-0.112602
700000.0003	0.0885777
700000.0003	0.717561
700000.0003	0.868565
700000.0003	-0.0360581
700000.0003	0.100497
700000.0003	0.608418
700000.0003	-0.366394
700000.0003	-0.694745
700000.0003	-0.168262
700000.0003	-0.00936809
700000.0003	0.163656
700000.0003	-0.490427
700000.0003	-0.293718
700000.0003	0.438639
700000.0003	0.0607351
700000.0003	0.68986
700000.0003	0.524438
700000.0003	-0.28373
700000.0003	-0.224873
700000.0003	0.578426
700000.0003	0.207921
700000.0003	0.446467
700000.0003	0.0872379
700000.0003	-0.582906
700000.0003	-0.580285
700000.0003	-0.607996
700000.0003	0.667503
700000.0003	-0.509378
700000.0003	0.0450283
700000.0003	-0.109573
700000.0003	-0.543544
700000.0003	-0.905773
700000.0003	0.295408
700000.0003	0.47635
700000.0003	0.604801
700000.0003	0.535522
700000.0003	-0.427797
700000.0003	-0.717575
700000.0003	-0.134605
700000.0003	-0.356407
700000.0003	-0.0740047
700000.0003	0.176875
700000.0003	0.459562
700000.0003	0.592389
700000.0003	-0.259998
700000.0003	-0.199145
700000.0003	-0.754969
700000.0003	0.257746
700000.0003	-0.139246
700000.0003	0.0425497
700000.0003	0.502173
700000.0003	-0.00467136
700000.0003	0.402255
700000.0003	0.477333
700000.0003	-0.679442
700000.0003	0.541492
700000.0003	0.564453
700000.0003	0.621654
700000.0003	0.0785848
700000.0003	-1.66087
700000.0003	-0.752023
700000.0003	-0.705378
700000.0003	0.388541
700000.0003	0.104326
700000.0003	0.858354
700000.0003	-0.42214
700000.0003	-0.37399
700000.0003	-0.286641
700000.0003	-0.421322
700000.0003	-0.0702453
700000.0003	0.349429
700000.0003	-0.155552
700000.0003	0.384828
700000.0003	-0.658202
700000.0003	-0.626579
700000.0003	0.0254687
700000.0003	-1.15947
700000.0003	0.637064
700000.0003	-0.133777
700000.0003	-0.00497212
700000.0003	0.00131132
700000.0003	-0.39366
700000.0003	-1.0228
700000.0003	0.380151
700000.0003	0.925657
700000.0003	0.634759
700000.0003	-0.637229
700000.0003	0.650189
700000.0003	-0.437955
700000.0003	0.037907
700000.0003	0.760824
700000.0003	-0.0439315
700000.0003	0.829622
700000.0003	0.742276
700000.0003	-0.761211
700000.0003	0.135741
700000.0003	-0.175544
700000.0003	0.0930094
700000.0003	-0.275825
