700000.0003	0.0262364
700000.0003	0.0363003
700000.0003	0.0525807
700000.0003	0.0809691
700000.0003	0.124157
700000.0003	0.189252
700000.0003	0.276642
700000.0003	0.400356
700000.0003	0.550622
700000.0003	0.745417
700000.0003	0.982347
700000.0003	1.27239
700000.0003	1.6026
700000.0003	1.9813
700000.0003	2.41335
700000.0003	2.87315
700000.0003	3.33099
700000.0003	3.81248
700000.0003	4.30824
700000.0003	4.74853
700000.0003	5.20593
700000.0003	5.6192
700000.0003	6.04708
700000.0003	6.42531
700000.0003	6.83749
700000.0003	7.22936
700000.0003	7.5584
700000.0003	7.89185
700000.0003	8.22063
700000.0003	8.45871
700000.0003	8.80415
700000.0003	9.12467
700000.0003	9.29847
700000.0003	9.54635
700000.0003	9.74517
700000.0003	9.85608
700000.0003	10.0178
700000.0003	10.1157
700000.0003	10.2614
700000.0003	10.3325
700000.0003	10.2677
700000.0003	10.2182
700000.0003	10.2888
700000.0003	10.3547
700000.0003	10.2194
700000.0003	10.2465
700000.0003	10.2533
700000.0003	10.3202
700000.0003	10.2813
700000.0003	10.2204
700000.0003	10.2653
700000.0003	10.3527
700000.0003	10.2419
700000.0003	10.2946
700000.0003	10.3628
700000.0003	10.3085
700000.0003	10.2808
700000.0003	10.3029
700000.0003	10.3416
700000.0003	10.3427
700000.0003	10.3449
700000.0003	10.3245
700000.0003	10.2929
700000.0003	10.3774
700000.0003	10.3394
700000.0003	10.2882
700000.0003	10.3206
700000.0003	10.2591
700000.0003	10.2615
700000.0003	10.3178
700000.0003	10.291
700000.0003	10.271
700000.0003	10.3509
700000.0003	10.2899
700000.0003	10.3854
700000.0003	10.3684
700000.0003	10.4062
700000.0003	10.3309
700000.0003	10.3453
700000.0003	10.3717
700000.0003	10.3477
700000.0003	10.3321
700000.0003	10.3552
700000.0003	10.3567
700000.0003	10.3773
700000.0003	10.4194
700000.0003	10.3317
700000.0003	10.3823
700000.0003	10.3883
700000.0003	10.3464
700000.0003	10.4256
700000.0003	10.3427
700000.0003	10.4072
700000.0003	10.4043
700000.0003	10.3816
700000.0003	10.441
700000.0003	10.3935
700000.0003	10.3574
700000.0003	10.4039
700000.0003	10.4475
700000.0003	10.3428
700000.0003	10.3717
700000.0003	10.4115
700000.0003	10.3526
700000.0003	10.3522
700000.0003	10.4231
700000.0003	10.3426
700000.0003	10.3561
700000.0003	10.41
700000.0003	10.4423
700000.0003	10.4692
700000.0003	10.4073
700000.0003	10.4159
700000.0003	10.45
700000.0003	10.4839
700000.0003	10.3203
700000.0003	10.4005
700000.0003	10.4412
700000.0003	10.4552
700000.0003	10.4613
700000.0003	10.4346
700000.0003	10.4134
700000.0003	10.4163
700000.0003	10.4214
700000.0003	10.5036
700000.0003	10.4024
700000.0003	10.4408
700000.0003	10.4996
700000.0003	10.4219
700000.0003	10.3716
700000.0003	10.5075
700000.0003	10.3857
700000.0003	10.455
700000.0003	10.4757
700000.0003	10.4193
700000.0003	10.3952
700000.0003	10.4398
700000.0003	10.4381
700000.0003	10.504
700000.0003	10.4922
700000.0003	10.4999
700000.0003	10.57
700000.0003	10.5037
700000.0003	10.4266
700000.0003	10.4551
700000.0003	10.468
700000.0003	10.4331
700000.0003	10.4071
700000.0003	10.4196
700000.0003	10.3724
700000.0003	10.3114
700000.0003	10.3389
700000.0003	10.3889
700000.0003	10.2307
700000.0003	10.3074
700000.0003	10.2062
700000.0003	10.2287
700000.0003	10.1873
700000.0003	10.1247
700000.0003	10.0586
700000.0003	10.0273
700000.0003	10.036
700000.0003	9.88503
700000.0003	9.87651
700000.0003	9.86555
700000.0003	9.87527
700000.0003	9.79468
700000.0003	9.74702
700000.0003	9.66719
700000.0003	9.63976
700000.0003	9.54027
700000.0003	9.42452
700000.0003	9.44649
700000.0003	9.37305
700000.0003	9.29644
700000.0003	9.29521
700000.0003	9.15106
700000.0003	9.15052
700000.0003	9.03764
700000.0003	8.99083
700000.0003	8.93353
700000.0003	8.89205
700000.0003	8.81356
700000.0003	8.67027
700000.0003	8.64606
700000.0003	8.54748
700000.0003	8.52831
700000.0003	8.38252
700000.0003	8.38173
700000.0003	8.27611
700000.0003	8.13517
700000.0003	8.09707
700000.0003	8.02207
700000.0003	7.91569
700000.0003	7.86191
700000.0003	7.69776
700000.0003	7.6826
700000.0003	7.5563
700000.0003	7.50395
700000.0003	7.38872
700000.0003	7.31878
700000.0003	7.21155
700000.0003	7.11115
700000.0003	7.04667
700000.0003	6.95792
700000.0003	6.83283
700000.0003	6.77377
700000.0003	6.70581
700000.0003	6.57358
700000.0003	6.51638
700000.0003	6.38415
700000.0003	6.3032
700000.0003	6.17049
700000.0003	6.1299
700000.0003	5.9902
700000.0003	5.92611
700000.0003	5.80489
700000.0003	5.71357
700000.0003	5.61877
700000.0003	5.54958
700000.0003	5.45676
700000.0003	5.35938
700000.0003	5.2207
700000.0003	5.14911
700000.0003	5.05365
700000.0003	4.97853
700000.0003	4.86565
700000.0003	4.7674
700000.0003	4.68261
700000.0003	4.58246
700000.0003	4.48136
700000.0003	4.36843
700000.0003	4.27503
700000.0003	4.1709
700000.0003	4.07022
700000.0003	3.98604
700000.0003	3.86082
700000.0003	3.76338
700000.0003	3.65243
700000.0003	3.55198
700000.0003	3.45081
700000.0003	3.33042
700000.0003	3.21764
700000.0003	3.09427
700000.0003	2.98148
700000.0003	2.85824
700000.0003	2.72018
700000.0003	2.59847
700000.0003	2.47538
700000.0003	2.32387
700000.0003	2.1976
700000.0003	2.06909
700000.0003	1.92941
700000.0003	1.7964
700000.0003	1.66436
700000.0003	1.53924
700000.0003	1.42137
700000.0003	1.2991
700000.0003	1.18352
700000.0003	1.07864
700000.0003	0.976159
700000.0003	0.881649
700000.0003	0.79268
700000.0003	0.70937
700000.0003	0.634068
700000.0003	0.563469
700000.0003	0.499416
700000.0003	0.437546
700000.0003	0.386212
700000.0003	0.335958
700000.0003	0.290493
700000.0003	0.252205
700000.0003	0.216479
700000.0003	0.186329
700000.0003	0.158626
700000.0003	0.136296
700000.0003	0.114559
700000.0003	0.0969207
700000.0003	0.0817872
700000.0003	0.0681417
700000.0003	0.0577231
700000.0003	0.0489328
700000.0003	0.0413669
700000.0003	0.0345044
700000.0003	0.0294604
700000.0003	0.0248633
700000.0003	0.0209555
700000.0003	0.0180819
700000.0003	0.0153102
700000.0003	0.0133017
700000.0003	0.0116261
700000.0003	0.0102845
700000.0003	0.00910332
700000.0003	0.00823545
700000.0003	0.00736765
700000.0003	0.00668004
700000.0003	0.00619741
700000.0003	0.00589234
700000.0003	0.00553309
700000.0003	0.00533961
700000.0003	0.00514906
700000.0003	0.00517917
700000.0003	0.00500541
700000.0003	0.00497087
700000.0003	0.00494579
700000.0003	0.00481296
700000.0003	0.00475122
700000.0003	0.00475309
700000.0003	0.0047123
700000.0003	0.00461947
700000.0003	0.00455649
700000.0003	0.00450578
700000.0003	0.00450043
700000.0003	0.00442027
700000.0003	0.0044238
700000.0003	0.00438185
700000.0003	0.00439164
700000.0003	0.00435982
700000.0003	0.00434613
700000.0003	0.00430122
700000.0003	0.00430101
700000.0003	0.00427975
700000.0003	0.00425592
700000.0003	0.00421744
700000.0003	0.00418079
700000.0003	0.00422026
700000.0003	0.00425612
700000.0003	0.00416215
700000.0003	0.00415789
700000.0003	0.00416256
700000.0003	0.00418749
700000.0003	0.00412667
700000.0003	0.00414549
700000.0003	0.00414968
700000.0003	0.00411987
700000.0003	0.00408401
700000.0003	0.00407635
700000.0003	0.00415991
700000.0003	0.00411709
700000.0003	0.0041486
700000.0003	0.00413207
700000.0003	0.00410948
700000.0003	0.00413254
700000.0003	0.00411446
700000.0003	0.00409424
700000.0003	0.00418515
700000.0003	0.00421789
700000.0003	0.0041447
700000.0003	0.00420881
700000.0003	0.00417146
700000.0003	0.00415596
700000.0003	0.00419396
700000.0003	0.00421086
700000.0003	0.00425956
700000.0003	0.00427634
700000.0003	0.0042627
700000.0003	0.00431394
700000.0003	0.00433499
700000.0003	0.00428184
700000.0003	0.00436176
700000.0003	0.0043719
700000.0003	0.00437468
700000.0003	0.00445577
700000.0003	0.00436777
700000.0003	0.00447974
700000.0003	0.00455243
700000.0003	0.00450687
700000.0003	0.00455241
700000.0003	0.00469694
700000.0003	0.00461806
700000.0003	0.00465826
700000.0003	0.00479709
700000.0003	0.00483907
700000.0003	0.00494488
700000.0003	0.00496679
700000.0003	0.0050793
700000.0003	0.00511936
700000.0003	0.00525602
700000.0003	0.00526951
700000.0003	0.00541524
700000.0003	0.00561964
700000.0003	0.00577997
700000.0003	0.00591088
700000.0003	0.00611358
700000.0003	0.00617386
700000.0003	0.00638481
700000.0003	0.00660337
700000.0003	0.00690991
700000.0003	0.00721456
700000.0003	0.00763713
700000.0003	0.00794745
700000.0003	0.00866942
700000.0003	0.00916497
700000.0003	0.00967702
700000.0003	0.0111155
700000.0003	0.011871
700000.0003	0.0132738
700000.0003	0.0152969
700000.0003	0.0180091
700000.0003	0.0211912
700000.0003	0.000343618
700000.0003	-0.000226133
700000.0003	0.000223798
700000.0003	0.00030401
700000.0003	-0.000232394
700000.0003	4.30497e-05
700000.0003	-0.00179695
700000.0003	-0.00247861
700000.0003	4.73405e-05
700000.0003	-0.00127087
700000.0003	0.000607316
700000.0003	-0.00973077
700000.0003	-0.0027881
700000.0003	-0.00528467
700000.0003	-0.00878027
700000.0003	-0.00440722
700000.0003	0.0183065
700000.0003	0.0115753
700000.0003	-0.00447758
700000.0003	0.00341918
700000.0003	-0.00435983
700000.0003	0.0169752
700000.0003	0.00147623
700000.0003	-0.0274467
700000.0003	-0.0129027
700000.0003	0.0102417
700000.0003	0.0115741
700000.0003	-0.0332765
700000.0003	0.0316677
700000.0003	0.0343451
700000.0003	-0.0160181
700000.0003	-0.0102474
700000.0003	0.0105567
700000.0003	0.0399392
700000.0003	-0.0257386
700000.0003	0.0371757
700000.0003	0.0498592
700000.0003	0.000794843
700000.0003	0.0210665
700000.0003	-0.00396211
700000.0003	-0.00434426
700000.0003	0.0472929
700000.0003	0.0604447
700000.0003	-0.0252225
700000.0003	-0.0230826
700000.0003	0.0363191
700000.0003	-0.000989039
700000.0003	-0.000170457
700000.0003	-0.0405132
700000.0003	0.0139299
700000.0003	-0.0403151
700000.0003	-0.0206818
700000.0003	-0.0172973
700000.0003	0.00858377
700000.0003	0.008231
700000.0003	0.0532749
700000.0003	-0.0167918
700000.0003	-0.0549972
700000.0003	0.0690227
700000.0003	0.00770945
700000.0003	0.0347512
700000.0003	-0.02718
700000.0003	-0.0136339
700000.0003	0.0549394
700000.0003	-0.015742
700000.0003	0.0135735
700000.0003	-0.00694934
700000.0003	-0.0429826
700000.0003	-0.00850202
700000.0003	-0.0326019
700000.0003	0.0129453
700000.0003	0.0227368
700000.0003	-0.00163741
700000.0003	0.00414827
700000.0003	-0.00142151
700000.0003	0.0148736
700000.0003	-0.0255419
700000.0003	-0.0186594
700000.0003	-0.0257261
700000.0003	-0.000220578
700000.0003	-0.0183406
700000.0003	0.00793917
700000.0003	0.062895
700000.0003	0.0237483
700000.0003	-0.0411519
700000.0003	0.0370328
700000.0003	0.00441533
700000.0003	0.0285697
700000.0003	0.00427223
700000.0003	0.0461951
700000.0003	0.0232653
700000.0003	-0.013879
700000.0003	0.00855585
700000.0003	-0.0125176
700000.0003	0.0408959
700000.0003	0.00990567
700000.0003	0.0281542
700000.0003	-0.0437613
700000.0003	0.0339879
700000.0003	0.00516843
700000.0003	0.0187254
700000.0003	0.014898
700000.0003	0.0118277
700000.0003	0.0245316
700000.0003	0.0171119
700000.0003	0.0101487
700000.0003	0.0094623
700000.0003	0.0330136
700000.0003	0.0488349
700000.0003	0.00640328
700000.0003	-0.000683442
700000.0003	0.0209095
700000.0003	0.00292209
700000.0003	-0.00560391
700000.0003	-0.00855451
700000.0003	0.00459817
700000.0003	0.00133946
700000.0003	0.00902421
700000.0003	0.0282251
700000.0003	0.00267672
700000.0003	0.0263617
700000.0003	0.027386
700000.0003	0.024724
700000.0003	0.000483608
700000.0003	-0.00251089
700000.0003	0.00699225
700000.0003	-0.00855456
700000.0003	-0.039224
700000.0003	-0.0462989
700000.0003	0.0160003
700000.0003	-0.00492852
700000.0003	-0.04036
700000.0003	-0.0161565
700000.0003	0.00890081
700000.0003	0.0342734
700000.0003	-0.000426617
700000.0003	-0.00124831
700000.0003	-0.0174512
700000.0003	0.0136079
700000.0003	0.0231457
700000.0003	-0.0108572
700000.0003	0.0215267
700000.0003	-6.09508e-05
700000.0003	0.0102929
700000.0003	-0.010593
700000.0003	-0.0121236
700000.0003	0.024928
700000.0003	-0.0515729
700000.0003	0.0175686
700000.0003	-0.00954287
700000.0003	-0.00254178
700000.0003	-0.0117654
700000.0003	0.00277241
700000.0003	-0.00453782
700000.0003	-0.0399896
700000.0003	-0.0329692
700000.0003	0.0354686
700000.0003	-0.00955599
700000.0003	0.0125667
700000.0003	-0.00208195
700000.0003	-0.010252
700000.0003	0.0298339
700000.0003	-0.00953526
700000.0003	0.0314422
700000.0003	0.0152815
700000.0003	0.00628287
700000.0003	-0.0169307
700000.0003	-0.016439
700000.0003	-0.0164461
700000.0003	0.00305394
700000.0003	-0.000618144
700000.0003	-0.0373146
700000.0003	-0.012245
700000.0003	-0.0190881
700000.0003	-0.00267164
700000.0003	0.00109275
700000.0003	-0.0365176
700000.0003	0.046267
700000.0003	-0.0149429
700000.0003	-0.00947069
700000.0003	-0.013552
700000.0003	0.0103782
700000.0003	-0.0162479
700000.0003	-0.0185441
700000.0003	0.0142391
700000.0003	0.0160335
700000.0003	0.0207199
700000.0003	0.00712282
700000.0003	0.0168009
700000.0003	0.00764134
700000.0003	0.0178864
700000.0003	-0.0134417
700000.0003	0.0237716
700000.0003	0.00436642
700000.0003	-0.00907314
700000.0003	0.0320263
700000.0003	-0.0240255
700000.0003	-0.0217089
700000.0003	-0.009738
700000.0003	0.0149727
700000.0003	-0.0170998
700000.0003	-0.00919042
700000.0003	-0.00167768
700000.0003	-0.00410636
700000.0003	0.00283194
700000.0003	-0.0121823
700000.0003	0.0126653
700000.0003	0.0131706
700000.0003	0.0145331
700000.0003	-0.00516614
700000.0003	-0.0214412
700000.0003	0.0118374
700000.0003	-0.00395398
700000.0003	-0.0103013
700000.0003	-0.00290935
700000.0003	0.00288145
700000.0003	0.0132471
700000.0003	-0.00780485
700000.0003	0.01395
700000.0003	0.0205746
700000.0003	-0.0120423
700000.0003	-0.0072499
700000.0003	-0.00733188
700000.0003	0.0112752
700000.0003	0.0002148
700000.0003	0.00350103
700000.0003	0.00470227
700000.0003	-0.00427739
700000.0003	-0.0220215
700000.0003	0.00130556
700000.0003	0.00222302
700000.0003	-0.00921094
700000.0003	-0.00383782
700000.0003	0.00372221
700000.0003	0.00293889
700000.0003	0.00535825
700000.0003	0.0034162
700000.0003	0.00765484
700000.0003	-0.000415432
700000.0003	0.00502088
700000.0003	0.00871593
700000.0003	0.00355646
700000.0003	0.0171579
700000.0003	-0.00401447
700000.0003	-0.00271105
700000.0003	0.00304496
700000.0003	-0.00198727
700000.0003	0.00327651
700000.0003	0.0028825
700000.0003	0.00299583
700000.0003	0.00737077
700000.0003	0.00224874
700000.0003	-0.00099472
700000.0003	0.000455068
700000.0003	0.00191908
700000.0003	0.00323209
700000.0003	0.000557239
700000.0003	-0.00119763
700000.0003	0.00147846
700000.0003	0.00175781
700000.0003	-0.00106421
700000.0003	0.000470398
700000.0003	0.000970196
700000.0003	0.000636888
700000.0003	-0.000985483
700000.0003	0.00160305
700000.0003	0.000599315
700000.0003	-0.000459673
700000.0003	-0.000353054
700000.0003	-0.000285147
700000.0003	-0.0012245
700000.0003	0.000167733
700000.0003	-8.0224e-05
700000.0003	0.000939782
700000.0003	0.000238546
700000.0003	-0.000583266
700000.0003	0.000581962
700000.0003	3.38225e-05
700000.0003	0.000366285
700000.0003	-4.4455e-07
700000.0003	0.000295827
700000.0003	0.000141479
700000.0003	-0.000306796
700000.0003	-0.000205438
700000.0003	-0.000221314
700000.0003	-0.00017756
700000.0003	-8.04036e-05
700000.0003	0.000246518
700000.0003	0.000189233
700000.0003	-8.72918e-05
700000.0003	0.00014587
700000.0003	8.64531e-05
700000.0003	7.23546e-06
700000.0003	1.46195e-05
700000.0003	-4.15182e-05
700000.0003	3.70782e-05
700000.0003	-2.61492e-06
700000.0003	1.07505e-05
700000.0003	-0.000127096
700000.0003	3.58123e-06
700000.0003	-6.55767e-05
700000.0003	-1.69876e-05
700000.0003	-4.57009e-05
700000.0003	-9.03567e-06
700000.0003	1.19333e-05
700000.0003	-7.01473e-05
700000.0003	-4.87921e-05
700000.0003	-2.13545e-05
700000.0003	-6.36128e-07
700000.0003	-6.32941e-05
700000.0003	-4.75482e-06
700000.0003	-1.3031e-05
700000.0003	-3.18963e-05
700000.0003	-2.36755e-05
700000.0003	-2.82931e-05
700000.0003	-2.11022e-05
700000.0003	5.37076e-05
700000.0003	-8.85771e-06
700000.0003	-1.47782e-05
700000.0003	-1.61408e-05
700000.0003	4.63354e-06
700000.0003	5.04969e-06
700000.0003	-2.66226e-05
700000.0003	2.20887e-06
700000.0003	7.01902e-06
700000.0003	2.18937e-05
700000.0003	4.36737e-05
700000.0003	-1.92868e-05
700000.0003	1.37267e-05
700000.0003	1.01177e-06
700000.0003	9.71375e-06
700000.0003	-6.23858e-06
700000.0003	-3.2832e-05
700000.0003	-8.90706e-06
700000.0003	3.93346e-05
700000.0003	-2.26096e-05
700000.0003	2.04717e-05
700000.0003	-6.86273e-06
700000.0003	-4.27093e-05
700000.0003	-4.08544e-05
700000.0003	3.10847e-05
700000.0003	-5.56004e-05
700000.0003	4.27849e-06
700000.0003	-1.50085e-05
700000.0003	-2.12083e-05
700000.0003	-8.04276e-06
700000.0003	8.03754e-06
700000.0003	-1.01219e-05
700000.0003	-3.44175e-05
700000.0003	-5.40126e-06
700000.0003	-6.06603e-06
700000.0003	1.38714e-06
700000.0003	-2.68702e-05
700000.0003	8.91945e-06
700000.0003	4.01923e-05
700000.0003	2.63995e-05
700000.0003	1.56712e-06
700000.0003	1.96259e-05
700000.0003	-2.35132e-05
700000.0003	1.78092e-07
700000.0003	4.21456e-05
700000.0003	-2.74067e-06
700000.0003	1.6268e-06
700000.0003	1.36028e-05
700000.0003	2.67825e-06
700000.0003	1.04491e-05
700000.0003	-1.04998e-06
700000.0003	4.08799e-05
700000.0003	-1.8716e-06
700000.0003	3.21715e-06
700000.0003	-1.93616e-05
700000.0003	3.09814e-05
700000.0003	6.49523e-06
700000.0003	4.89616e-06
700000.0003	6.93387e-05
700000.0003	-1.46168e-05
700000.0003	1.59e-05
700000.0003	5.7405e-05
700000.0003	3.68598e-05
700000.0003	2.0699e-05
700000.0003	1.10939e-06
700000.0003	2.55398e-05
700000.0003	-4.98148e-06
700000.0003	-6.5756e-05
700000.0003	-1.89408e-06
700000.0003	-8.03465e-05
700000.0003	0.0001172
700000.0003	6.94578e-05
700000.0003	8.90841e-05
700000.0003	6.30754e-05
700000.0003	-5.80987e-05
700000.0003	5.69611e-05
700000.0003	0.000121855
700000.0003	-2.32941e-05
700000.0003	-0.000153469
700000.0003	6.36859e-05
700000.0003	-7.23843e-05
700000.0003	-0.000112159
700000.0003	-8.87234e-07
700000.0003	0.000121857
700000.0003	-0.000104215
700000.0003	-0.000111691
700000.0003	-0.000308571
700000.0003	-0.000335834
700000.0003	-0.000248478
700000.0003	0.000113731
700000.0003	0.000157363
700000.0003	0.00177393
700000.0003	-0.000651851
700000.0003	-0.000887827
700000.0003	-0.00113381
700000.0003	0.00193256
700000.0003	-0.00138751
700000.0003	-0.00166282
700000.0003	0.00317384
700000.0003	0.00413626
700000.0003	0.0139436
700000.0003	0.00163855
700000.0003	-0.00238808
700000.0003	-0.0153195
700000.0003	0.00633108
700000.0003	0.0371332
700000.0003	-0.0230886
700000.0003	-0.0227829
700000.0003	0.00360894
700000.0003	0.0149796
700000.0003	0.0204572
700000.0003	-0.0414996
700000.0003	0.0169236
700000.0003	0.0404391
700000.0003	-0.0279869
700000.0003	-0.00382078
700000.0003	0.011972
700000.0003	0.0326802
700000.0003	-0.0505891
700000.0003	0.0265274
700000.0003	0.0453549
700000.0003	-3.47802e-05
700000.0003	0.0175773
700000.0003	-0.00176069
700000.0003	0.00908032
700000.0003	0.0441068
700000.0003	0.0498263
700000.0003	-0.0209938
700000.0003	-0.0241175
700000.0003	0.0491231
700000.0003	0.0125991
700000.0003	-0.0251675
700000.0003	-0.0230103
700000.0003	0.0148052
700000.0003	-0.0494969
700000.0003	-0.033192
700000.0003	-0.0108464
700000.0003	0.0120569
700000.0003	-0.00638921
700000.0003	0.0386065
700000.0003	-0.0193366
700000.0003	-0.0571046
700000.0003	0.0627712
700000.0003	0.00742745
700000.0003	0.0173271
700000.0003	-0.0309025
700000.0003	-0.0140442
700000.0003	0.0486467
700000.0003	-0.000953169
700000.0003	0.00906216
700000.0003	-0.0275519
700000.0003	-0.0659137
700000.0003	-0.00749892
700000.0003	-0.0299956
700000.0003	0.00619671
700000.0003	0.0214683
700000.0003	0.00124043
700000.0003	0.00788774
700000.0003	0.00354398
700000.0003	0.0251229
700000.0003	-0.0348392
700000.0003	-0.0144297
700000.0003	-0.0208182
700000.0003	0.00436463
700000.0003	-0.0288374
700000.0003	0.0093302
700000.0003	0.0709532
700000.0003	0.0343316
700000.0003	-0.0417587
700000.0003	0.0429536
700000.0003	0.025099
700000.0003	0.0267776
700000.0003	-0.00167945
700000.0003	0.0535842
700000.0003	0.0294743
700000.0003	-0.0140538
700000.0003	0.0210939
700000.0003	-0.0244125
700000.0003	0.0395286
700000.0003	0.0178715
700000.0003	0.0318545
700000.0003	-0.0406781
700000.0003	0.0336665
700000.0003	0.00834478
700000.0003	0.017596
700000.0003	0.0184668
700000.0003	0.0154056
700000.0003	0.0148111
700000.0003	0.0133118
700000.0003	-0.000901298
700000.0003	0.022351
700000.0003	0.0147103
700000.0003	0.0545064
700000.0003	0.00663289
700000.0003	0.0113226
700000.0003	0.00369832
700000.0003	0.00252976
700000.0003	-0.0105187
700000.0003	-0.00237371
700000.0003	0.00359445
700000.0003	-0.00420418
700000.0003	0.0110644
700000.0003	0.0252521
700000.0003	-0.00511964
700000.0003	0.0257613
700000.0003	0.0344091
700000.0003	0.0216949
700000.0003	-0.0114785
700000.0003	-0.00812507
700000.0003	0.00261315
700000.0003	-0.00360128
700000.0003	-0.028757
700000.0003	-0.0328104
700000.0003	0.0246623
700000.0003	-0.00563548
700000.0003	-0.0421079
700000.0003	-0.0278683
700000.0003	0.0195097
700000.0003	0.0357
700000.0003	0.0102384
700000.0003	0.00596223
700000.0003	-0.0291053
700000.0003	0.00811348
700000.0003	0.0223823
700000.0003	-0.00348777
700000.0003	0.0297656
700000.0003	0.00640505
700000.0003	-0.000171209
700000.0003	-0.0160419
700000.0003	-0.0152141
700000.0003	-0.000611202
700000.0003	-0.0435327
700000.0003	0.00666787
700000.0003	-0.00832855
700000.0003	-0.0142056
700000.0003	-0.00786172
700000.0003	0.00836695
700000.0003	0.00745211
700000.0003	-0.0324925
700000.0003	-0.0359704
700000.0003	0.0464029
700000.0003	-0.00800208
700000.0003	0.0113401
700000.0003	0.0005585
700000.0003	-0.000180604
700000.0003	0.0321214
700000.0003	-0.0248837
700000.0003	0.0298495
700000.0003	0.00150203
700000.0003	0.0117776
700000.0003	-0.0202612
700000.0003	-0.0085525
700000.0003	-0.0162719
700000.0003	0.00836522
700000.0003	-0.00197022
700000.0003	-0.0342117
700000.0003	-0.019566
700000.0003	-0.0121052
700000.0003	0.00253962
700000.0003	0.00184093
700000.0003	-0.027876
700000.0003	0.0554714
700000.0003	-0.00519304
700000.0003	-0.0139477
700000.0003	-0.0195883
700000.0003	0.0155537
700000.0003	-0.0169382
700000.0003	-0.0123303
700000.0003	0.0299383
700000.0003	0.00821603
700000.0003	0.0163236
700000.0003	0.014018
700000.0003	0.0101935
700000.0003	-0.00160223
700000.0003	0.0137775
700000.0003	-0.00197941
700000.0003	0.027392
700000.0003	0.00264931
700000.0003	-0.0141232
700000.0003	0.0384012
700000.0003	-0.0322311
700000.0003	-0.0214743
700000.0003	-0.00110381
700000.0003	0.0198913
700000.0003	-0.0118576
700000.0003	0.00483339
700000.0003	0.00107282
700000.0003	-0.0105401
700000.0003	0.00789321
700000.0003	-0.00678689
700000.0003	0.0123745
700000.0003	0.0232857
700000.0003	0.0110007
700000.0003	-0.00711203
700000.0003	-0.0166493
700000.0003	0.0160068
700000.0003	-0.00111453
700000.0003	-0.0019977
700000.0003	0.000691326
700000.0003	0.00178076
700000.0003	0.0120982
700000.0003	-0.00459715
700000.0003	0.0135708
700000.0003	0.00586779
700000.0003	-0.00826614
700000.0003	-0.00932693
700000.0003	-0.00759365
700000.0003	0.0100466
700000.0003	0.00113361
700000.0003	0.00709114
700000.0003	-0.00193185
700000.0003	-0.000435599
700000.0003	-0.0184702
700000.0003	-0.00509588
700000.0003	-0.000482255
700000.0003	-0.0041714
700000.0003	0.00239815
700000.0003	-0.00515495
700000.0003	0.00140857
700000.0003	0.00321845
700000.0003	0.00723063
700000.0003	0.00724221
700000.0003	-0.00776431
700000.0003	0.0032476
700000.0003	0.00149097
700000.0003	0.000812646
700000.0003	0.0105443
700000.0003	-0.00330991
700000.0003	-0.00222045
700000.0003	-0.000573261
700000.0003	0.00317178
700000.0003	0.00406422
700000.0003	0.00274821
700000.0003	0.00169639
700000.0003	0.00329198
700000.0003	-0.00226084
700000.0003	-0.00230428
700000.0003	0.00150086
700000.0003	-0.00138925
700000.0003	0.000446892
700000.0003	-0.0003331
700000.0003	-0.000102907
700000.0003	0.000922234
700000.0003	-0.000577901
700000.0003	-0.00137563
700000.0003	-0.000545804
700000.0003	0.000689938
700000.0003	0.00126623
700000.0003	-0.000137706
700000.0003	0.00262891
700000.0003	-0.00128495
700000.0003	-0.00142913
700000.0003	0.00100883
700000.0003	0.000552736
700000.0003	0.00124048
700000.0003	-0.000469443
700000.0003	-0.000453943
700000.0003	-0.000184167
700000.0003	0.000280852
700000.0003	-0.000968477
700000.0003	0.000138574
700000.0003	-0.000278919
700000.0003	-0.000114664
700000.0003	-0.000133577
700000.0003	0.000268949
700000.0003	0.000104164
700000.0003	0.000450404
700000.0003	6.9307e-05
700000.0003	2.57784e-05
700000.0003	-8.46109e-05
700000.0003	2.11552e-05
700000.0003	0.000172883
700000.0003	5.66702e-05
700000.0003	0.000138019
700000.0003	-2.76711e-05
700000.0003	-9.71981e-05
700000.0003	3.3864e-05
700000.0003	0.00012197
700000.0003	1.02528e-05
700000.0003	4.85863e-05
700000.0003	0.000116458
700000.0003	7.16445e-05
700000.0003	9.05731e-05
700000.0003	-3.8589e-05
700000.0003	3.70717e-05
700000.0003	1.0356e-05
700000.0003	0.000140671
700000.0003	0.00010047
700000.0003	-2.57924e-05
700000.0003	3.05549e-06
700000.0003	9.75977e-05
700000.0003	2.00275e-05
700000.0003	1.41562e-05
700000.0003	3.17595e-05
700000.0003	4.20724e-06
700000.0003	5.66234e-05
700000.0003	-1.78966e-05
700000.0003	-2.80953e-05
700000.0003	8.29781e-05
700000.0003	5.12845e-05
700000.0003	2.45038e-06
700000.0003	8.23661e-06
700000.0003	-4.4453e-05
700000.0003	-5.29479e-06
700000.0003	4.85798e-05
700000.0003	-6.90107e-05
700000.0003	-8.17544e-06
700000.0003	6.16302e-05
700000.0003	-3.66673e-05
700000.0003	3.10931e-06
700000.0003	4.41068e-06
700000.0003	3.41499e-05
700000.0003	-4.01594e-05
700000.0003	-7.38139e-06
700000.0003	9.03337e-06
700000.0003	1.06752e-05
700000.0003	3.61572e-05
700000.0003	4.84909e-05
700000.0003	-5.61878e-05
700000.0003	5.04463e-05
700000.0003	-7.91028e-05
700000.0003	-6.52921e-05
700000.0003	-8.58249e-06
700000.0003	4.31608e-05
700000.0003	1.58613e-06
700000.0003	-0.000102086
700000.0003	-2.86951e-05
700000.0003	-5.74702e-05
700000.0003	-4.84025e-05
700000.0003	-7.14034e-05
700000.0003	1.81334e-05
700000.0003	-6.9896e-05
700000.0003	1.75212e-05
700000.0003	-7.05912e-06
700000.0003	-1.01606e-06
700000.0003	-2.77801e-05
700000.0003	-2.08367e-06
700000.0003	1.86696e-05
700000.0003	1.64537e-05
700000.0003	6.56954e-05
700000.0003	-4.0833e-05
700000.0003	1.5189e-05
700000.0003	9.41044e-05
700000.0003	1.04664e-05
700000.0003	-9.41852e-07
700000.0003	4.90986e-06
700000.0003	-2.66898e-05
700000.0003	-5.51293e-05
700000.0003	3.31169e-05
700000.0003	7.55754e-05
700000.0003	3.81512e-05
700000.0003	-2.56696e-05
700000.0003	-1.98479e-05
700000.0003	3.14674e-05
700000.0003	-2.80203e-05
700000.0003	-6.64928e-05
700000.0003	-2.79655e-07
700000.0003	4.63753e-05
700000.0003	-8.56966e-05
700000.0003	1.38143e-05
700000.0003	-6.9058e-08
700000.0003	-8.57252e-05
700000.0003	-4.76898e-05
700000.0003	-0.000179274
700000.0003	-4.97839e-05
700000.0003	-0.000170263
700000.0003	-1.46209e-05
700000.0003	-3.01258e-05
700000.0003	3.64137e-05
700000.0003	9.89816e-05
700000.0003	7.93797e-06
700000.0003	3.22595e-05
700000.0003	0.000117077
700000.0003	-4.33592e-05
700000.0003	0.000164881
700000.0003	-2.483e-05
700000.0003	-1.65756e-05
700000.0003	7.97707e-05
700000.0003	0.0001492
700000.0003	-3.11187e-05
700000.0003	-0.000222934
700000.0003	0.000172229
700000.0003	0.000151188
700000.0003	0.000208193
700000.0003	0.01827
700000.0003	0.0243828
700000.0003	0.0371734
700000.0003	0.0603812
700000.0003	0.10169
700000.0003	0.1675
700000.0003	0.265691
700000.0003	0.407685
700000.0003	0.603721
700000.0003	0.880752
700000.0003	1.24437
700000.0003	1.75827
700000.0003	2.44876
700000.0003	3.34373
700000.0003	4.45608
700000.0003	5.82664
700000.0003	7.44239
700000.0003	9.29583
700000.0003	11.3005
700000.0003	13.3383
700000.0003	15.2885
700000.0003	16.9389
700000.0003	18.2365
700000.0003	19.0434
700000.0003	19.4943
700000.0003	19.6855
700000.0003	19.6906
700000.0003	19.4935
700000.0003	19.337
700000.0003	19.033
700000.0003	18.8144
700000.0003	18.6258
700000.0003	18.2273
700000.0003	17.8872
700000.0003	17.7824
700000.0003	17.4538
700000.0003	17.2797
700000.0003	17.0022
700000.0003	16.6524
700000.0003	16.3612
700000.0003	16.0277
700000.0003	15.7368
700000.0003	15.3337
700000.0003	15.2092
700000.0003	14.8362
700000.0003	14.677
700000.0003	14.3351
700000.0003	14.1885
700000.0003	14.0899
700000.0003	13.8414
700000.0003	13.7662
700000.0003	13.5761
700000.0003	13.3941
700000.0003	13.2883
700000.0003	13.1842
700000.0003	13.1209
700000.0003	12.9232
700000.0003	12.8754
700000.0003	12.7041
700000.0003	12.5909
700000.0003	12.5062
700000.0003	12.469
700000.0003	12.3272
700000.0003	12.3446
700000.0003	12.3554
700000.0003	12.1493
700000.0003	12.0913
700000.0003	12.0654
700000.0003	11.9684
700000.0003	11.8843
700000.0003	11.7808
700000.0003	11.7758
700000.0003	11.7176
700000.0003	11.6954
700000.0003	11.6512
700000.0003	11.6671
700000.0003	11.6025
700000.0003	11.508
700000.0003	11.4326
700000.0003	11.5527
700000.0003	11.3533
700000.0003	11.3614
700000.0003	11.2913
700000.0003	11.3498
700000.0003	11.23
700000.0003	11.2022
700000.0003	11.1765
700000.0003	11.1681
700000.0003	11.1216
700000.0003	11.0901
700000.0003	11.1843
700000.0003	11.0654
700000.0003	11.1212
700000.0003	11.1013
700000.0003	11.0905
700000.0003	11.0267
700000.0003	11.0652
700000.0003	11.015
700000.0003	10.9423
700000.0003	10.9445
700000.0003	10.8936
700000.0003	10.9082
700000.0003	10.8297
700000.0003	10.8197
700000.0003	10.8334
700000.0003	10.8593
700000.0003	10.8392
700000.0003	10.8108
700000.0003	10.819
700000.0003	10.8467
700000.0003	10.7846
700000.0003	10.7354
700000.0003	10.7353
700000.0003	10.7705
700000.0003	10.8263
700000.0003	10.7211
700000.0003	10.6493
700000.0003	10.7159
700000.0003	10.7611
700000.0003	10.7712
700000.0003	10.6927
700000.0003	10.7077
700000.0003	10.6592
700000.0003	10.6528
700000.0003	10.594
700000.0003	10.6395
700000.0003	10.715
700000.0003	10.6998
700000.0003	10.617
700000.0003	10.5846
700000.0003	10.7201
700000.0003	10.6759
700000.0003	10.6451
700000.0003	10.6397
700000.0003	10.5551
700000.0003	10.6656
700000.0003	10.6799
700000.0003	10.6476
700000.0003	10.6405
700000.0003	10.6815
700000.0003	10.622
700000.0003	10.6726
700000.0003	10.6023
700000.0003	10.6374
700000.0003	10.6393
700000.0003	10.6283
700000.0003	10.582
700000.0003	10.5748
700000.0003	10.5521
700000.0003	10.5354
700000.0003	10.5548
700000.0003	10.4657
700000.0003	10.461
700000.0003	10.4099
700000.0003	10.4215
700000.0003	10.3857
700000.0003	10.3411
700000.0003	10.3775
700000.0003	10.2863
700000.0003	10.2027
700000.0003	10.2911
700000.0003	10.1856
700000.0003	10.0171
700000.0003	10.1023
700000.0003	10.0751
700000.0003	9.97668
700000.0003	9.96766
700000.0003	9.90483
700000.0003	9.80323
700000.0003	9.7685
700000.0003	9.71584
700000.0003	9.62777
700000.0003	9.6377
700000.0003	9.61244
700000.0003	9.51927
700000.0003	9.45724
700000.0003	9.35068
700000.0003	9.32966
700000.0003	9.21488
700000.0003	9.17685
700000.0003	9.01226
700000.0003	8.97182
700000.0003	8.99779
700000.0003	8.86794
700000.0003	8.81279
700000.0003	8.77976
700000.0003	8.67263
700000.0003	8.61808
700000.0003	8.56585
700000.0003	8.45368
700000.0003	8.39109
700000.0003	8.3172
700000.0003	8.26831
700000.0003	8.19017
700000.0003	8.09599
700000.0003	8.04334
700000.0003	7.98134
700000.0003	7.81738
700000.0003	7.7934
700000.0003	7.67869
700000.0003	7.59548
700000.0003	7.51823
700000.0003	7.43201
700000.0003	7.37184
700000.0003	7.28031
700000.0003	7.24633
700000.0003	7.16878
700000.0003	7.06504
700000.0003	6.99446
700000.0003	6.9183
700000.0003	6.81611
700000.0003	6.76837
700000.0003	6.65061
700000.0003	6.6361
700000.0003	6.51341
700000.0003	6.46029
700000.0003	6.36503
700000.0003	6.32428
700000.0003	6.24735
700000.0003	6.19632
700000.0003	6.14884
700000.0003	6.07675
700000.0003	6.0158
700000.0003	5.9616
700000.0003	5.9336
700000.0003	5.85774
700000.0003	5.80485
700000.0003	5.78766
700000.0003	5.74963
700000.0003	5.68515
700000.0003	5.66005
700000.0003	5.62254
700000.0003	5.6062
700000.0003	5.57194
700000.0003	5.53925
700000.0003	5.50152
700000.0003	5.44883
700000.0003	5.39129
700000.0003	5.28603
700000.0003	5.2142
700000.0003	5.09895
700000.0003	4.98012
700000.0003	4.83392
700000.0003	4.65982
700000.0003	4.46303
700000.0003	4.26289
700000.0003	4.02464
700000.0003	3.79054
700000.0003	3.54225
700000.0003	3.2824
700000.0003	3.04165
700000.0003	2.78648
700000.0003	2.56307
700000.0003	2.33395
700000.0003	2.12072
700000.0003	1.92208
700000.0003	1.74382
700000.0003	1.57959
700000.0003	1.42034
700000.0003	1.28262
700000.0003	1.15489
700000.0003	1.03391
700000.0003	0.922936
700000.0003	0.822943
700000.0003	0.733433
700000.0003	0.648899
700000.0003	0.57566
700000.0003	0.50727
700000.0003	0.445361
700000.0003	0.391067
700000.0003	0.340233
700000.0003	0.294951
700000.0003	0.253147
700000.0003	0.218199
700000.0003	0.187983
700000.0003	0.159966
700000.0003	0.13712
700000.0003	0.115413
700000.0003	0.0975147
700000.0003	0.0816438
700000.0003	0.0691164
700000.0003	0.0581841
700000.0003	0.0482497
700000.0003	0.0399417
700000.0003	0.0337766
700000.0003	0.0285606
700000.0003	0.0236071
700000.0003	0.0200226
700000.0003	0.0169443
700000.0003	0.0146287
700000.0003	0.0124565
700000.0003	0.0107727
700000.0003	0.00944067
700000.0003	0.00826372
700000.0003	0.00746997
700000.0003	0.0067838
700000.0003	0.00627179
700000.0003	0.00589684
700000.0003	0.00544577
700000.0003	0.00520795
700000.0003	0.00517556
700000.0003	0.00500127
700000.0003	0.004958
700000.0003	0.004854
700000.0003	0.00476501
700000.0003	0.00467866
700000.0003	0.00461655
700000.0003	0.00451496
700000.0003	0.00450391
700000.0003	0.00446777
700000.0003	0.00440643
700000.0003	0.00437896
700000.0003	0.00437784
700000.0003	0.00433025
700000.0003	0.00433246
700000.0003	0.00429962
700000.0003	0.00431302
700000.0003	0.0042632
700000.0003	0.00422616
700000.0003	0.00421771
700000.0003	0.00423173
700000.0003	0.00417025
700000.0003	0.00417704
700000.0003	0.00417628
700000.0003	0.00417781
700000.0003	0.0041408
700000.0003	0.00412663
700000.0003	0.00418068
700000.0003	0.00411914
700000.0003	0.00412609
700000.0003	0.00408678
700000.0003	0.00408504
700000.0003	0.00411065
700000.0003	0.00411945
700000.0003	0.00410032
700000.0003	0.00411097
700000.0003	0.0041712
700000.0003	0.00408669
700000.0003	0.00407251
700000.0003	0.00409599
700000.0003	0.00411158
700000.0003	0.00408647
700000.0003	0.00413567
700000.0003	0.00412937
700000.0003	0.00412123
700000.0003	0.0041444
700000.0003	0.00409074
700000.0003	0.00409841
700000.0003	0.00413103
700000.0003	0.00415611
700000.0003	0.00413601
700000.0003	0.00410359
700000.0003	0.00417897
700000.0003	0.00419308
700000.0003	0.00421451
700000.0003	0.00418899
700000.0003	0.0042354
700000.0003	0.00419311
700000.0003	0.00426514
700000.0003	0.0042413
700000.0003	0.00435052
700000.0003	0.00429224
700000.0003	0.00432676
700000.0003	0.00439466
700000.0003	0.00440779
700000.0003	0.00436645
700000.0003	0.0044788
700000.0003	0.0044951
700000.0003	0.00453668
700000.0003	0.00454358
700000.0003	0.00458676
700000.0003	0.00460946
700000.0003	0.00468981
700000.0003	0.00473479
700000.0003	0.00487776
700000.0003	0.00494628
700000.0003	0.00495969
700000.0003	0.00502113
700000.0003	0.0052134
700000.0003	0.00527122
700000.0003	0.0053653
700000.0003	0.00557098
700000.0003	0.00561505
700000.0003	0.0059327
700000.0003	0.00608671
700000.0003	0.00634017
700000.0003	0.00655112
700000.0003	0.00690888
700000.0003	0.00730492
700000.0003	0.00776002
700000.0003	0.00832399
700000.0003	0.00871784
700000.0003	0.00922113
700000.0003	0.00998519
700000.0003	0.0109214
700000.0003	0.0118338
700000.0003	0.0127773
700000.0003	0.0139114
700000.0003	0.015214
700000.0003	0.0164315
