700000.0003	1474772
700000.0003	1468038
700000.0003	1470097
700000.0003	1478688
700000.0003	1488835
700000.0003	1488767
700000.0003	1475382
700000.0003	1448525
700000.0003	1419432
700000.0003	1395177
700000.0003	1387082
700000.0003	1384560
700000.0003	1375556
700000.0003	1343930
700000.0003	1271269
700000.0003	1165460
700000.0003	1035818
700000.0003	901132
700000.0003	777717
700000.0003	669954
700000.0003	574981
700000.0003	497240
700000.0003	429324
700000.0003	375123
700000.0003	329429
700000.0003	290340
700000.0003	258501
700000.0003	233268
700000.0003	211331
700000.0003	194813
700000.0003	179822
700000.0003	168563
700000.0003	157374
700000.0003	149845
700000.0003	143549
700000.0003	137545
700000.0003	133544
700000.0003	129584
700000.0003	126316
700000.0003	123447
700000.0003	121532
700000.0003	120018
700000.0003	118646
700000.0003	118334
700000.0003	116540
700000.0003	115381
700000.0003	114063
700000.0003	113329
700000.0003	112543
700000.0003	111988
700000.0003	110722
700000.0003	110094
700000.0003	109351
700000.0003	108266
700000.0003	108617
700000.0003	107277
700000.0003	107905
700000.0003	106322
700000.0003	105996
700000.0003	105144
700000.0003	105159
700000.0003	104691
700000.0003	104212
700000.0003	104304
700000.0003	104216
700000.0003	103671
700000.0003	103373
700000.0003	102852
700000.0003	102888
700000.0003	102544
700000.0003	102503
700000.0003	101639
700000.0003	102053
700000.0003	101848
700000.0003	101285
700000.0003	101143
700000.0003	100827
700000.0003	100166
700000.0003	100335
700000.0003	100230
700000.0003	99932
700000.0003	99797
700000.0003	99696
700000.0003	99244
700000.0003	99562
700000.0003	99007
700000.0003	98784
700000.0003	99139
700000.0003	98769
700000.0003	99227
700000.0003	99030
700000.0003	98645
700000.0003	98147
700000.0003	98099
700000.0003	97676
700000.0003	98531
700000.0003	97512
700000.0003	97789
700000.0003	97708
700000.0003	97680
700000.0003	97721
700000.0003	97293
700000.0003	97927
700000.0003	97465
700000.0003	97257
700000.0003	97006
700000.0003	97326
700000.0003	97296
700000.0003	97676
700000.0003	96900
700000.0003	97477
700000.0003	97428
700000.0003	97200
700000.0003	97010
700000.0003	97155
700000.0003	97564
700000.0003	96863
700000.0003	97455
700000.0003	97177
700000.0003	96725
700000.0003	97045
700000.0003	97068
700000.0003	97145
700000.0003	97180
700000.0003	97013
700000.0003	96478
700000.0003	96544
700000.0003	97408
700000.0003	97520
700000.0003	97005
700000.0003	96620
700000.0003	96954
700000.0003	97338
700000.0003	96882
700000.0003	97347
700000.0003	97359
700000.0003	96955
700000.0003	96608
700000.0003	97448
700000.0003	96517
700000.0003	96560
700000.0003	97005
700000.0003	96825
700000.0003	97006
700000.0003	96731
700000.0003	97656
700000.0003	97492
700000.0003	97972
700000.0003	97885
700000.0003	98176
700000.0003	98459
700000.0003	98782
700000.0003	98614
700000.0003	99618
700000.0003	98876
700000.0003	99493
700000.0003	99925
700000.0003	100832
700000.0003	101314
700000.0003	101761
700000.0003	101628
700000.0003	102507
700000.0003	102400
700000.0003	103560
700000.0003	104365
700000.0003	104993
700000.0003	105237
700000.0003	105896
700000.0003	106766
700000.0003	107300
700000.0003	107838
700000.0003	108788
700000.0003	109362
700000.0003	110329
700000.0003	111862
700000.0003	112913
700000.0003	112693
700000.0003	113585
700000.0003	114915
700000.0003	115693
700000.0003	116952
700000.0003	117889
700000.0003	120017
700000.0003	121285
700000.0003	122102
700000.0003	123008
700000.0003	124700
700000.0003	125763
700000.0003	127937
700000.0003	128673
700000.0003	130069
700000.0003	131422
700000.0003	133779
700000.0003	135240
700000.0003	137477
700000.0003	138456
700000.0003	140899
700000.0003	142908
700000.0003	144437
700000.0003	146875
700000.0003	149184
700000.0003	151062
700000.0003	154123
700000.0003	155879
700000.0003	158864
700000.0003	161283
700000.0003	163404
700000.0003	167329
700000.0003	170331
700000.0003	172813
700000.0003	176512
700000.0003	180587
700000.0003	183173
700000.0003	187615
700000.0003	190311
700000.0003	195146
700000.0003	199916
700000.0003	204121
700000.0003	209933
700000.0003	215085
700000.0003	220108
700000.0003	227156
700000.0003	232997
700000.0003	240787
700000.0003	247135
700000.0003	254632
700000.0003	263279
700000.0003	273385
700000.0003	283006
700000.0003	294759
700000.0003	306811
700000.0003	320527
700000.0003	336432
700000.0003	350611
700000.0003	369632
700000.0003	390045
700000.0003	413074
700000.0003	437923
700000.0003	464071
700000.0003	493012
700000.0003	525814
700000.0003	561081
700000.0003	599147
700000.0003	639715
700000.0003	684441
700000.0003	731023
700000.0003	778195
700000.0003	826920
700000.0003	875947
700000.0003	924775
700000.0003	972437
700000.0003	1019041
700000.0003	1062325
700000.0003	1102580
700000.0003	1139077
700000.0003	1173581
700000.0003	1204003
700000.0003	1230571
700000.0003	1253123
700000.0003	1274186
700000.0003	1294351
700000.0003	1311215
700000.0003	1327695
700000.0003	1339937
700000.0003	1353583
700000.0003	1360698
700000.0003	1372633
700000.0003	1381918
700000.0003	1390210
700000.0003	1398527
700000.0003	1403540
700000.0003	1411511
700000.0003	1415374
700000.0003	1420153
700000.0003	1422418
700000.0003	1425881
700000.0003	1433735
700000.0003	1435718
700000.0003	1438185
700000.0003	1440001
700000.0003	1443034
700000.0003	1444911
700000.0003	1445967
700000.0003	1446852
700000.0003	1451530
700000.0003	1451265
700000.0003	1453023
700000.0003	1452582
700000.0003	1454388
700000.0003	1455971
700000.0003	1456007
700000.0003	1455201
700000.0003	1456703
700000.0003	1457098
700000.0003	1460167
700000.0003	1458446
700000.0003	1456882
700000.0003	1459254
700000.0003	1457661
700000.0003	1458775
700000.0003	1459245
700000.0003	1458192
700000.0003	1458675
700000.0003	1460916
700000.0003	1460556
700000.0003	1458473
700000.0003	1458135
700000.0003	1459247
700000.0003	1460801
700000.0003	1459446
700000.0003	1460738
700000.0003	1459451
700000.0003	1462847
700000.0003	1460104
700000.0003	1459556
700000.0003	1459169
700000.0003	1461532
700000.0003	1460865
700000.0003	1462052
700000.0003	1462089
700000.0003	1460085
700000.0003	1463342
700000.0003	1461676
700000.0003	1460943
700000.0003	1460054
700000.0003	1463401
700000.0003	1463722
700000.0003	1462688
700000.0003	1463605
700000.0003	1461575
700000.0003	1463462
700000.0003	1463224
700000.0003	1461470
700000.0003	1462726
700000.0003	1466158
700000.0003	1464449
700000.0003	1466707
700000.0003	1462111
700000.0003	1462910
700000.0003	1464931
700000.0003	1466367
700000.0003	1463780
700000.0003	1465714
700000.0003	1466796
700000.0003	1466345
700000.0003	1466503
700000.0003	1464264
700000.0003	1466008
700000.0003	1466457
700000.0003	1468269
700000.0003	1468283
700000.0003	1465762
700000.0003	1468754
700000.0003	1468871
700000.0003	1467066
700000.0003	1467930
700000.0003	1467922
700000.0003	1470104
700000.0003	1470397
700000.0003	1470090
700000.0003	1468867
700000.0003	1469163
700000.0003	1470624
700000.0003	1470989
700000.0003	1470901
700000.0003	1471843
700000.0003	1472252
700000.0003	1472596
700000.0003	1472660
700000.0003	1472227
700000.0003	1471123
700000.0003	1473113
700000.0003	1474706
700000.0003	1475840
700000.0003	1476097
700000.0003	1473172
700000.0003	1474468
700000.0003	1476497
700000.0003	1475551
700000.0003	1475486
700000.0003	1478886
700000.0003	1479915
700000.0003	1480467
700000.0003	1476868
700000.0003	1477412
700000.0003	1477608
700000.0003	1479290
700000.0003	1481937
700000.0003	1481912
700000.0003	1486635
700000.0003	1484512
700000.0003	1482289
700000.0003	1479294
700000.0003	1478212
700000.0003	1479908
700000.0003	1484794
700000.0003	1489400
700000.0003	1490018
700000.0003	1489173
700000.0003	1479284
