700000.0003	2955.82	2959.77	2960.97	2958.74	2958.19	2956.51	2957.5	2960.63	2955.37	2956.27	2959.6	2957.69	2955.9	2957.29	2957.28
700000.0003	1530.23	1533.26	1534.2	1533.42	1534.38	1531.4	1531.62	1532.15	1531.45	1533.37	1531.93	1534.38	1530.71	1531.95	1530.68
700000.0003	195.042	193.406	192.327	195.564	194.949	193.408	193.701	193.56	194.375	193.39	193.931	194.523	194.182	194.24	192.505
700000.0003	32.1929	32.106	31.9017	32.6811	32.4155	32.3329	32.3903	32.1367	32.563	32.4121	32.002	32.2842	32.181	31.8699	31.7854
700000.0003	19.2518	19.447	19.1586	19.3759	19.4677	19.1256	19.1605	18.7961	18.9448	19.2973	19.1818	19.14	19.0893	19.3901	19.5511
700000.0003	16.9186	16.6936	16.6022	16.8109	16.6607	16.8231	16.5739	16.6661	16.544	16.7147	16.6177	16.8178	16.7228	16.6012	16.6464
700000.0003	15.3036	15.2417	15.0927	15.1897	15.2881	15.1164	15.6338	15.3971	15.4675	15.6675	15.1388	15.304	15.0633	15.104	15.5811
700000.0003	14.4535	14.4948	14.4326	14.4324	14.2287	13.9928	14.3189	14.4426	14.6866	14.7379	14.2187	14.6471	14.4519	14.1186	14.6248
700000.0003	14.2241	14.0034	13.9465	13.9201	13.8898	13.7354	13.7573	14.2779	14.1908	13.9982	13.8448	14.0484	14.1978	14.0109	14.1829
700000.0003	13.9247	13.8634	13.8972	13.504	13.5571	14.0506	13.6373	13.9198	13.3964	14.0388	13.5889	13.6705	13.9846	13.7069	13.974
700000.0003	13.4834	13.6379	13.3277	13.3109	13.8815	13.5371	13.5171	13.567	13.5877	13.9765	13.36	13.5417	13.7242	13.438	13.7354
700000.0003	13.4757	13.6693	13.256	13.4539	13.6285	13.6357	13.6472	13.4824	13.2935	13.1595	13.3704	13.6001	13.3868	13.6202	13.3218
700000.0003	13.2966	13.3836	13.1618	13.2208	13.3774	13.6121	13.3489	13.4734	13.1473	13.3285	13.1813	13.6615	13.0647	13.2366	13.0596
700000.0003	13.4818	13.1979	13.2977	13.3703	13.3424	13.0957	13.2537	12.888	13.0009	13.4952	13.359	13.2886	13.4032	13.4168	13.5956
700000.0003	13.4897	13.4039	13.6488	13.6667	13.381	13.3863	13.2807	13.2901	13.2831	13.2147	13.3133	13.6179	13.584	13.3732	13.652
700000.0003	14.2827	13.9906	13.9998	14.1666	13.9472	14.2773	13.5009	13.8566	14.0118	13.558	14.1892	14.0183	14.1864	14.1177	13.9969
700000.0003	14.9016	15.4583	15.3592	15.1387	14.9551	15.1025	15.0996	14.8651	15.0241	14.697	15.0471	15.1562	15.1975	14.7253	15.3906
700000.0003	16.5512	17.0299	17.3131	17.1734	16.5614	16.6943	17.0241	17.1431	17.2524	17.0739	17.1189	17.2355	16.9381	16.7513	16.7339
700000.0003	19.3279	19.9621	20.2279	19.8717	19.9647	19.5176	19.944	19.8851	20.1502	19.743	19.8979	20.1228	19.8465	19.8096	19.4608
700000.0003	23.9233	24.166	24.2122	24.3631	24.037	23.7837	24.113	24.057	23.8295	24.0512	23.8691	24.4421	24.1111	23.9815	24.2725
700000.0003	30.717	30.965	30.5616	30.5468	30.5571	30.6873	30.2661	30.383	29.8939	30.591	30.4018	31.1252	30.2801	30.8019	30.5682
700000.0003	42.0479	42.9164	42.2345	42.9206	42.1061	42.0892	41.7751	41.3143	41.8181	41.8168	42.1359	41.9519	41.9521	42.2084	41.9034
700000.0003	67.2953	67.8383	67.4451	66.891	67.0928	66.9864	66.6951	67.0145	67.0915	67.3321	67.911	67.1427	67.4487	67.745	67.0192
700000.0003	155.818	155.572	155.691	155.37	155.82	155.122	155.146	154.897	157.247	155.541	155.431	155.028	156.065	154.261	156.223
700000.0003	516.764	517.218	515.682	516.881	515.867	515.107	515.224	518.482	516.394	515.66	516.832	517.765	515.666	516.538	515.576
700000.0003	1363.77	1361.45	1363.46	1359.64	1362.21	1360.86	1361.56	1364.93	1365.43	1362.74	1362.97	1362.52	1363.21	1362.94	1361.77
700000.0003	2202.86	2202.91	2201.58	2200	2199.65	2203.24	2203.06	2202.13	2203.59	2203.65	2203.73	2202.43	2200.81	2199.81	2202.41
700000.0003	2641.05	2643.65	2642.61	2638.86	2642.7	2641.75	2644.06	2642.09	2644.77	2643.27	2640.47	2642.01	2642.32	2642.93	2642.75
700000.0003	2788.65	2785.65	2788.45	2789.61	2787.62	2785.87	2790.29	2792.12	2790.23	2789.97	2788.2	2788.2	2788.31	2788.06	2790.04
700000.0003	2838.58	2832.04	2833.65	2838.2	2835.34	2830.33	2836.71	2839.85	2838.73	2835.32	2834.91	2837.07	2833.13	2835.55	2838.19
700000.0003	2867.93	2861.58	2863.56	2867.22	2866.5	2861.74	2864.49	2869.83	2867.18	2864.64	2866.63	2865.91	2861.32	2862.63	2869.1
700000.0003	2890.41	2889.91	2891.43	2894.51	2891.76	2892.65	2893.43	2896.4	2892.01	2892.24	2890.05	2895.6	2891.66	2893.27	2894.47
700000.0003	2921.9	2919.15	2917.86	2918.81	2922.12	2917.95	2918.48	2919.49	2921.32	2921.33	2918.56	2918.74	2920.93	2920.21	2919.88
700000.0003	2945.17	2947.77	2944.9	2944.44	2947.4	2948.32	2948.27	2946.52	2946.96	2945.15	2945.5	2945.96	2948.23	2949.05	2944.23
700000.0003	2969.92	2973.68	2975.27	2970.89	2970.13	2975.37	2977.75	2970.56	2972.42	2975.97	2976.83	2968.12	2972.89	2975.95	2973.33
700000.0003	2996.86	3001.77	3003.02	2996.72	2996.76	3002.88	3002.78	2997.24	2998.72	3004	2998.24	2995.97	3001.83	3005.05	2997.92
700000.0003	3025.15	3030.39	3026.21	3021.42	3027.51	3032.05	3025.81	3023.11	3025.01	3030.8	3024.01	3024.4	3026.81	3028.83	3025.32
700000.0003	3053.04	3055.88	3054.7	3051.27	3051.22	3054.89	3053.94	3052.68	3053.29	3052.04	3051.89	3051.39	3054.21	3052.01	3047.49
700000.0003	3074.47	3076.97	3078.14	3080.47	3078	3076.34	3078.99	3077.12	3076.83	3077.14	3078.96	3076.11	3076.5	3078.8	3079.04
700000.0003	3095.86	3094.75	3099.01	3099.99	3095.73	3093.47	3097.83	3095.2	3093.35	3097.85	3097.13	3096.16	3093.12	3094.83	3096.21
700000.0003	1.26842	0.60432	-0.532427	0.0685699	0.295534	-0.275586	-0.799072	-0.210551	-0.174075	1.03218	0.86199	1.22554	0.284827	-0.387334	0.061455
700000.0003	0.00342242	-0.946433	-0.0382875	1.68883	0.475452	-0.72989	0.0709928	-0.164868	0.117136	0.573608	0.591848	0.224378	0.550402	-0.6005	1.1604
700000.0003	0.0594245	0.0908679	-0.22203	-0.163776	-0.338897	0.122095	-0.000381363	0.0782906	-0.634627	0.265608	-0.0341065	0.236827	0.30239	0.148031	-0.176872
700000.0003	0.155944	0.111436	-0.127866	-0.0808821	0.0410142	0.10826	0.0685728	-0.0817855	-0.226559	-0.158229	0.0273694	0.0826744	-0.152372	-0.0459585	0.131145
700000.0003	-0.113074	-0.0711203	0.0174287	-0.152901	0.0592312	0.105564	0.169227	0.0919194	0.210148	0.0765178	-0.150707	0.0368104	0.00640073	0.087978	-0.0110028
700000.0003	0.123327	-0.0150587	0.092831	0.0642541	-0.31129	0.15772	0.242888	0.0155706	-0.0597825	-0.1028	-0.0317321	-0.133069	0.0266155	-0.122262	-0.134298
700000.0003	0.00901033	0.0566696	0.00723633	0.122085	-0.122858	0.0260757	0.0964899	-0.00265679	0.125003	0.101133	0.215597	0.0694766	-0.16295	-0.0694351	-0.0211686
700000.0003	-0.0607482	0.153302	0.143016	0.284587	-0.167716	0.0851121	-0.0949263	-0.0678674	-0.094232	0.113426	0.0781583	-0.115727	0.153128	-0.0231646	-0.0922084
700000.0003	0.094826	0.120688	-0.0905433	0.0689019	0.0339103	-0.0408615	0.106931	-0.0594847	-0.0995343	0.00720832	0.0610015	-0.127019	0.0140003	0.0836262	0.0430048
700000.0003	-0.0286239	0.152488	-0.0322618	-0.12298	-0.0138225	0.161858	0.137732	-0.0551474	-0.0630071	0.0706666	-0.232069	0.0208586	0.0496786	-0.0880861	-0.0577318
700000.0003	0.147689	0.0652561	-0.130722	0.10357	-0.0426313	-0.0766461	0.0303626	-0.0546845	-0.242395	-0.00573055	0.19022	-0.122948	0.07115	0.108109	0.00862797
700000.0003	-0.0595617	0.0398815	-0.00380979	-0.117295	-0.0543387	0.0415623	0.119721	-0.174191	-0.231741	-0.0128324	-0.0380889	0.158538	-0.00538921	0.069162	0.103478
700000.0003	-0.0891468	-0.109761	-0.0825412	-0.0714302	0.0765845	-0.180435	-0.0851893	-0.0800414	0.0560797	0.123058	-0.0371354	-0.0406133	0.0332042	-0.1004	0.0904732
700000.0003	-0.0100677	-0.0393068	-0.00649427	-0.065604	0.165458	-0.0465817	-0.0286276	0.19213	0.0125828	-0.0842336	0.144582	0.269781	0.0398789	-0.0669881	0.133171
700000.0003	-0.0104576	-0.0705895	-0.263019	-0.137256	-0.0898758	-0.172054	0.0571108	0.18423	-0.130133	-0.149012	-0.173437	0.0749855	0.23641	0.154545	0.0117245
700000.0003	0.0567732	-0.0350197	-0.0807456	0.035713	-0.055846	-0.0068829	-0.00393325	-0.0150399	0.0421355	0.0235962	0.0162232	-0.152504	0.0409635	0.182115	0.150905
700000.0003	-0.186716	0.0338629	-0.261225	0.0021481	0.0440107	0.00195836	0.128288	0.0569553	-0.148564	0.0139416	0.162136	0.0421468	-0.00121827	-0.131812	-0.0569022
700000.0003	-0.233848	0.00377569	0.189052	0.293317	0.0796572	0.0521388	0.205934	-0.0185784	0.101329	0.00928777	-0.13542	0.147173	-0.0148881	0.173946	-0.0973528
700000.0003	-0.0395875	-0.0613416	0.190791	0.118115	-0.0102136	-0.00676785	-0.00672173	0.280247	-0.00434224	-0.147663	-0.0005121	0.0551667	-0.158761	-0.246137	0.14092
700000.0003	-0.169689	0.0590221	0.139702	0.0284685	0.0908752	0.0976303	-0.0121644	-0.113728	0.0171249	0.116738	0.0937855	0.0802727	-0.073271	0.141601	0.109857
700000.0003	0.272496	0.121058	0.292606	-0.11336	0.0126292	0.108432	-0.274758	-0.0343878	-0.023778	-0.116906	-0.223545	0.0665357	-0.000174215	0.0435857	-0.0186294
700000.0003	0.236443	-0.0519421	-0.1246	0.0287057	-0.00487747	0.0244204	-0.105674	0.00646466	-0.180661	-0.0184512	-0.158121	0.0812598	0.0826664	-0.00490865	0.106572
700000.0003	0.432394	0.278639	-0.133744	-0.198261	-0.0906615	0.097392	0.0256517	-0.280347	0.126144	-0.0018506	-0.150827	-0.0485692	0.0669129	-0.0457426	-0.106511
700000.0003	0.319529	-0.546428	0.383626	-0.0869102	-0.0874566	-0.100087	-0.372346	0.16364	0.0244076	0.194634	0.370156	0.214704	-0.0987026	-0.193498	0.109362
700000.0003	0.212593	-0.444916	-0.412707	0.315443	-0.190599	-0.481153	0.781887	-0.372112	0.0424036	0.170216	0.345395	-0.387	-0.545478	0.342706	-0.112114
700000.0003	-0.155184	0.729757	0.423948	-0.783536	-0.18268	-0.407612	-1.58035	-0.258977	-0.479681	0.0451058	-1.46936	0.723043	-0.480094	0.393676	-0.295134
700000.0003	-0.231361	0.814328	1.34341	0.00690711	-1.47124	-0.441931	-0.136946	-0.743219	0.570589	-0.369091	-0.439238	0.177517	0.10683	-0.571979	0.107187
700000.0003	-0.156467	-0.484418	0.28249	0.390485	-1.28678	0.355347	0.733167	-0.574716	0.70103	0.789823	0.410351	-0.596659	-0.31144	0.950283	-0.000906001
700000.0003	0.175611	-0.353161	0.379853	-0.170839	-1.26938	0.296179	0.747893	1.11276	-0.333588	0.719866	-0.712835	0.919506	0.676265	-0.570625	-0.743361
700000.0003	-0.0045854	0.606131	-1.34256	0.157215	-0.30947	-1.26291	-0.512611	0.318256	-0.861668	0.704167	0.634055	0.474288	-0.869511	-0.111198	0.482816
700000.0003	0.117531	-0.0298889	-1.92367	-0.971542	0.0918344	-0.081587	-1.01732	-1.2261	0.12384	0.560205	1.04007	0.316719	-0.0977643	-1.26747	-0.410798
700000.0003	-0.652543	-1.15701	-0.886791	0.0530034	-0.387446	-1.11275	-1.47824	-0.125314	0.588516	-0.58735	-0.0654485	0.134781	0.0266842	-0.231413	-1.15302
700000.0003	-0.231041	-0.443396	-1.12318	-0.941362	0.344601	-0.744441	0.012898	-0.576022	-0.506805	0.0636411	0.00454298	1.01381	-0.366591	-0.63531	-1.05204
700000.0003	-0.441443	-0.492003	-0.427835	-2.18781	0.20008	0.822306	-0.802475	-1.59285	0.734141	0.763317	-0.344029	0.332461	-0.0191264	-0.476917	-0.118785
700000.0003	-0.00350645	-0.358822	-0.796076	-0.577953	-0.594835	-0.364676	-0.297401	-0.642118	-0.202028	0.485592	0.162073	0.272633	0.907402	-0.0774187	-0.365784
700000.0003	0.44556	-0.805561	-1.07197	-0.150723	-0.732826	-1.35213	-0.445981	0.490717	-0.533124	0.383037	0.325565	-0.371745	-0.182749	-0.313271	1.00082
700000.0003	0.514957	0.510686	-0.699111	-0.624747	-2.14567	-0.932069	-0.176289	0.0823745	-0.542626	-0.919668	0.580094	0.051784	-0.436438	-0.143508	0.256139
700000.0003	0.016012	0.129378	1.08289	-0.378907	-1.30925	-1.08639	-0.220213	-0.898118	-0.861694	-0.126921	0.401785	-0.251064	-0.573072	0.675389	-0.45613
700000.0003	-0.242312	0.872858	0.45636	-0.813734	-0.705327	-0.312756	-0.352558	-0.986928	0.441525	0.0588724	0.141319	-0.721977	-0.0957309	-0.432336	0.577218
700000.0003	0.61658	0.411357	-0.614487	-0.490793	-0.336945	-1.19785	-0.392256	-0.262311	0.485429	-0.238414	0.301251	0.411258	-0.563248	0.196291	0.233088
700000.0003	2909.41	2911.36	2909.77	2912.72	2909.4	2909.77	2909.37	2912.14	2911.21	2910.06	2910.75	2909.03	2908.77	2909.74	2910.59
700000.0003	1603.61	1604.82	1609.29	1605.22	1606.89	1604.43	1604.4	1602.46	1600.46	1605.39	1603.93	1605.27	1602.51	1603.58	1603.02
700000.0003	174.458	174.56	172.1	176.006	175.407	173.556	174.152	171.947	174.383	174.211	173.071	174.388	174.55	173.505	173.499
700000.0003	28.1565	28.7659	27.9463	28.5822	28.2306	28.5392	28.5115	28.2909	28.2838	28.5034	27.8743	28.109	28.4946	27.7825	28.1674
700000.0003	18.3293	18.326	18.4524	18.6155	18.6514	18.2832	18.3134	18.0612	17.6334	18.1085	18.2912	18.0293	18.0608	18.5675	18.0834
700000.0003	16.0323	15.9628	16.173	15.9831	16.2532	16.0203	16.0177	16.4455	16.1197	16.3084	15.9892	16.6375	16.1406	16.1504	15.9144
700000.0003	14.7593	14.4629	14.9068	14.9387	14.844	15.0338	15.1927	14.9454	14.8302	15.1494	14.7625	15.1409	14.9503	14.949	14.6966
700000.0003	13.8741	14.1516	14.2973	14.3785	14.1726	14.1465	14.4025	14.3853	14.4251	14.6718	13.9621	14.3048	14.6224	14.2682	14.5482
700000.0003	14.1504	14.1792	13.9866	13.8866	13.7775	13.5002	13.7436	13.99	13.834	13.5737	13.703	13.9555	13.7186	13.853	14.1506
700000.0003	14.0156	13.7218	13.4623	13.2915	13.9954	13.7152	13.4612	13.6188	13.6285	13.7244	13.2289	13.3941	13.9259	13.727	14.0026
700000.0003	13.4644	13.5376	13.6558	13.552	13.3074	13.6935	13.3962	13.1639	13.734	13.9069	13.2966	13.5732	13.3726	13.4467	14.1393
700000.0003	13.6553	13.1868	13.1632	13.3594	13.6508	13.5182	13.4125	13.6807	13.4306	13.4719	13.3866	13.2809	13.3168	13.0759	13.1572
700000.0003	13.2638	13.4537	13.2322	13.1675	13.1976	13.3186	13.4611	13.4004	13.1316	13.4361	13.2316	13.5768	13.2099	13.2926	13.0363
700000.0003	13.5008	13.0086	13.4044	13.4924	13.3527	13.1143	13.3652	13.1357	13.1651	13.4486	13.1971	13.0946	13.4759	13.2426	13.6093
700000.0003	13.53	13.4415	13.5519	13.4027	13.4247	13.0466	13.5413	13.2323	13.3972	12.9711	13.4983	13.7905	13.4828	13.1204	14.004
700000.0003	14.3951	14.0432	14.5168	14.0351	14.0431	14.3715	13.669	13.7873	13.8432	13.7797	14.0659	14.0949	13.8637	14.0684	13.8291
700000.0003	14.7657	15.3954	15.4995	15.0106	14.9382	14.9695	15.5356	14.7921	14.6655	14.7711	15.2823	15.2198	15.0953	15.1657	15.4003
700000.0003	16.9462	16.7652	16.9914	17.2259	16.9192	16.5697	17.0905	16.8158	16.8818	16.7935	16.6766	17.0158	16.853	16.9036	16.8377
700000.0003	19.1584	19.6795	20.0478	19.5515	19.8978	19.9333	19.8759	20.0103	19.7947	19.6776	19.7473	19.8945	20.007	19.6762	19.5199
700000.0003	23.7783	24.3219	24.2767	24.0492	23.8532	24.1876	23.6549	23.8263	23.5764	23.7031	23.6734	24.3321	23.8283	23.9078	24.3245
700000.0003	30.6451	30.6862	30.4603	30.3742	30.3203	30.0588	30.4574	30.0108	30.0606	30.3649	30.3104	30.094	30.066	30.2309	30.406
700000.0003	41.9646	42.5536	42.266	41.7459	41.5026	41.1761	41.5615	41.4036	41.6175	41.7136	41.3035	41.6694	41.9651	42.3829	41.5054
700000.0003	66.3479	66.52	66.9045	66.4399	66.5125	66.3731	65.9778	66.4048	66.5689	65.9552	66.6972	66.3093	66.5755	66.8269	66.314
700000.0003	152.564	153.126	152.406	153.138	152.437	152.476	152.868	152.974	153.513	153.552	152.369	152.308	153.683	151.824	153.414
700000.0003	520.416	520.883	519.958	519.74	521.017	521.116	520.868	522.364	521.578	520.414	520.81	521.476	520.163	520.86	519.974
700000.0003	1365.98	1363.57	1365.26	1361.32	1361.92	1363.71	1362.68	1367.48	1366.86	1365.22	1365.49	1363.24	1365.13	1363.23	1364.1
700000.0003	2153.72	2153.39	2155.91	2154.56	2153.19	2154.99	2154.68	2155.04	2155.45	2155.34	2154.28	2155.56	2154.18	2154.48	2152.23
700000.0003	2585.96	2585.51	2584.59	2585.03	2588.47	2585.73	2587.39	2586.13	2588.12	2586.75	2585.25	2584.56	2583.27	2585.94	2586.27
700000.0003	2779.57	2779.51	2779.04	2779.22	2779.31	2779.68	2778.63	2778.49	2778.62	2780.19	2780.3	2777.19	2781.22	2778.52	2778.39
700000.0003	2865.14	2866.07	2867.71	2868.59	2865.77	2865.95	2866.57	2867.63	2868.98	2867.09	2864.49	2867.49	2868.05	2866.48	2865.98
700000.0003	2906.38	2908.09	2907.32	2905.95	2906.19	2906.14	2907.2	2907.51	2906.92	2906.49	2909.06	2907.58	2905.37	2905.55	2906.83
700000.0003	2930.46	2930.9	2931.17	2932.81	2932.12	2933.76	2932.21	2932.37	2930.9	2933.71	2931.4	2934.52	2931.09	2932.35	2935.73
700000.0003	2955.6	2954.68	2954.5	2952.87	2954.17	2950.66	2952.6	2953.51	2954.56	2954.01	2953.02	2953.27	2954.51	2953.25	2953.73
700000.0003	2972	2973.11	2973.21	2972.32	2973.09	2971.55	2972.01	2973.33	2972.9	2970.71	2971.95	2972.47	2974.17	2971.48	2971.28
700000.0003	2991.06	2988.63	2987.96	2990.04	2988.71	2989.42	2991.07	2988.71	2988.33	2988.87	2992.59	2988.22	2988.88	2990.13	2989.48
700000.0003	3007.76	3005.74	3005.63	3005.66	3005.12	3005.17	3007.69	3005.61	3005.19	3006.52	3006.74	3006.84	3006.49	3008.32	3009.18
700000.0003	3021.83	3023.79	3022.97	3021.25	3023.46	3025.18	3020.28	3023.34	3023.47	3025.38	3021.55	3023.8	3022.61	3025.52	3023.45
700000.0003	3042.64	3043.59	3043.44	3042.55	3043.61	3044.93	3043.14	3043.18	3043.12	3044.17	3041.81	3043.48	3043.37	3042.44	3039.26
700000.0003	3068.28	3069.06	3069.04	3069.35	3066.91	3067.44	3069.07	3067.16	3068.36	3067.21	3068.46	3067.38	3067.53	3067.58	3069.16
700000.0003	3084.3	3083.49	3082.61	3083.99	3083.15	3082.01	3084	3080.69	3084.05	3083.87	3084.58	3081.39	3082.76	3083.46	3083.41
