700000.0003	2957.23	2955.66	2958.79	2957.95	2959.24	2960.82	2961.62	2959.04	2961.8	2958.68	2956.83	2956.63	2958.6	2959.87	2960.2
700000.0003	1532.91	1529.12	1533.94	1531.89	1533.53	1531.71	1535.64	1532.84	1537.85	1535.54	1531.86	1532.84	1531.82	1532.46	1533.83
700000.0003	193.222	193.21	194.188	192.719	194.265	192.777	194.701	192.849	195.04	195.099	194.44	193.667	193.993	193.854	195.153
700000.0003	31.9103	31.9877	32.4966	32.5842	32.0289	32.0007	32.4241	32.3663	32.0783	32.6816	32.2733	32.3609	32.2872	32.3806	32.5337
700000.0003	19.6361	19.0181	19.8166	19.5691	19.3438	19.1586	19.39	19.3922	19.4864	19.426	18.9635	18.9101	19.0306	19.5606	19.3209
700000.0003	16.6822	16.6051	16.695	17.0225	16.7415	16.6159	16.5686	16.6204	16.7077	16.8676	16.735	16.5019	16.8306	16.9464	16.721
700000.0003	15.1289	14.8754	15.3098	15.4889	15.5063	15.483	15.4678	15.4642	15.4479	15.0807	15.456	15.2056	15.3491	15.6317	15.1978
700000.0003	14.2055	14.5813	14.5778	14.6688	14.3536	14.243	15.004	14.6382	14.3231	14.3121	14.2535	14.8103	14.4679	14.7152	14.4498
700000.0003	13.9451	14.0293	14.0416	14.0059	13.9454	14.0329	13.8448	14.2204	13.8519	13.9773	14.0431	14.3548	14.2391	14.4408	14.0596
700000.0003	13.8533	13.8696	13.5579	13.5879	13.4261	13.7931	13.2996	13.9275	13.613	13.8199	14.019	13.5015	13.698	14.058	13.7952
700000.0003	13.7545	13.5525	13.5823	13.0869	13.1295	13.7835	13.5203	13.5262	13.4427	13.6883	13.6146	13.206	13.5951	13.8373	13.737
700000.0003	13.4151	13.628	13.3591	13.3133	13.1519	13.3279	13.1392	13.4389	13.4044	13.3904	13.6201	13.7426	13.4857	13.5032	13.4814
700000.0003	13.3085	13.1914	13.4754	13.235	13.4757	13.2622	13.4039	13.3352	13.62	13.4189	13.4586	13.6538	13.5088	13.2313	13.2775
700000.0003	13.5031	13.3886	13.413	13.3424	13.5955	13.3691	13.2868	12.996	13.6007	13.6925	13.1674	13.1768	13.1591	13.1015	13.2292
700000.0003	13.3043	13.1947	13.3425	13.4777	13.3071	13.6328	13.6763	13.7037	13.5325	13.5169	13.4205	13.5345	13.7975	13.0219	13.6205
700000.0003	13.7483	13.7061	13.9558	14.095	13.8839	13.8882	14.044	13.7842	13.6531	14.2729	13.9931	14.0374	14.0666	14.3345	13.8379
700000.0003	14.7566	15.0104	14.8472	15.056	14.9762	15.389	15.4308	15.0584	14.9302	15.2576	15.2258	15.1783	15.063	14.8858	15.1143
700000.0003	16.8324	16.9929	16.8471	17.0014	16.8638	16.8706	17.0841	17.0699	17.11	17.0347	16.9806	16.5502	17.025	16.9662	16.8296
700000.0003	20.1747	19.8964	19.9593	19.9115	19.8792	19.5908	19.6627	19.8203	20.0062	19.8179	19.5072	20.1943	19.921	20.0265	19.9309
700000.0003	24.1264	23.7782	23.9968	23.9032	23.8601	24.2006	24.0778	24.0764	23.9988	23.435	24.0386	24.0705	23.8498	23.8181	24.3443
700000.0003	30.9039	30.2332	30.1254	30.3276	30.4941	30.5452	30.6344	30.559	30.5444	30.6646	30.9496	31.0988	30.8595	30.6191	30.5826
700000.0003	42.5465	42.1988	41.9322	42.2582	41.8221	42.5603	41.6009	41.8113	42.461	42.2387	42.6226	42.0743	41.5388	41.9345	42.2197
700000.0003	67.4162	67.3804	67.7983	67.5279	66.8143	67.8862	67.5613	66.9051	67.638	67.2709	67.3655	67.7909	67.3886	67.7289	67.1544
700000.0003	155.613	155.549	155.402	155.384	154.197	155.659	155.42	155.907	155.061	154.68	155.109	156.246	155.132	154.601	154.28
700000.0003	515.057	514.286	514.202	515.943	514.579	515.211	514.756	516.646	516.4	517.333	514.329	517.653	515.337	516.145	514.356
700000.0003	1360.71	1358.9	1361.17	1360.96	1362.22	1359.61	1361.87	1360.99	1363.41	1361.32	1364.98	1363.86	1361.5	1360.18	1361.41
700000.0003	2200.73	2200.35	2200.47	2201.02	2199.3	2198.85	2201.35	2200.81	2203.91	2204.25	2200.65	2202.93	2201.61	2198.71	2202.49
700000.0003	2641.21	2641.6	2639.51	2642.27	2640.2	2640.14	2639.66	2645.09	2643.19	2641.97	2644.28	2642.5	2639.96	2641.25	2643.32
700000.0003	2790.27	2784.64	2786.5	2788.65	2789.64	2783.36	2789.47	2789.06	2790.06	2789.74	2786.9	2790.3	2790.08	2790.41	2788.88
700000.0003	2837.42	2835.97	2833.07	2832.87	2836.18	2836.62	2834.95	2835.59	2837.6	2833.98	2838.02	2837.53	2837.24	2834.26	2837.34
700000.0003	2863.15	2865	2865.96	2864.59	2866.06	2863.02	2865.85	2865.01	2869.6	2866.18	2863.37	2865.41	2869.47	2868.56	2864.14
700000.0003	2893.68	2892.63	2891.22	2889.28	2893.55	2894.95	2893.05	2889.89	2895.41	2895.36	2895.21	2892.78	2894.31	2891.91	2892.91
700000.0003	2920.49	2918.2	2918.76	2918.75	2919.94	2920.05	2918.87	2921.15	2923.32	2919.32	2920.95	2922.87	2923.06	2920.26	2917.68
700000.0003	2947.91	2943.8	2945.89	2949.02	2946	2944.75	2945.21	2950.65	2947.96	2946.77	2946.9	2951.86	2947.65	2944.57	2948.97
700000.0003	2977.9	2971.78	2970.71	2971.92	2975.14	2972.35	2975.5	2975.3	2974.22	2970.86	2977.49	2976.8	2973.63	2969.22	2976.64
700000.0003	3000.67	2998.41	3000.16	3002.56	3000.06	2998.74	2999.55	3002.69	3004.45	3000.89	2999.87	3003.6	3000.41	3000.41	2999.8
700000.0003	3030.15	3027.69	3024.91	3025.5	3027.21	3028.88	3029.71	3027.32	3026.61	3026.49	3028.21	3027.71	3029.12	3026.65	3024.71
700000.0003	3054.73	3054.33	3052.01	3052.86	3054.29	3053.35	3053.23	3052.55	3054.33	3053.32	3052.78	3053.69	3056.03	3050.72	3052.64
700000.0003	3077.3	3077.15	3076.92	3078.54	3080.31	3079.37	3077.11	3078.82	3082.09	3078.07	3076.64	3075.85	3082.56	3078.64	3076.99
700000.0003	3096.1	3096.69	3094.46	3096.42	3098.67	3098.57	3096.08	3097.33	3100.66	3094.72	3096.68	3096.43	3100.79	3095.15	3097.45
700000.0003	0.38721	-0.370338	-0.228192	-0.836705	0.397406	0.229633	-0.568537	0.154083	0.766566	-1.12744	-1.0852	-0.873222	-0.695519	0.187313	-1.072
700000.0003	0.518834	0.00988027	0.984546	-0.846263	-0.435451	-0.0713867	0.159197	-0.60742	0.226831	0.142029	-0.536721	0.472124	-0.182108	0.754617	-0.417805
700000.0003	0.159885	0.10666	-0.276283	-0.206395	-0.278104	0.0947311	0.585936	-0.0256992	0.179142	0.0638998	0.060776	0.135971	0.528835	0.313127	-0.0428025
700000.0003	-0.0700221	-0.136709	0.0218535	-0.271161	-0.107984	0.00368628	-0.103968	-0.0858185	0.1472	-0.13032	-0.113202	0.0091459	-0.184322	0.179942	-0.050086
700000.0003	-0.0371777	-0.0774622	-0.178617	-0.0795291	-0.0519425	-0.18514	0.0165977	-0.0712463	0.102712	-0.108358	-0.124487	-0.193512	0.200822	0.0346558	-0.0262649
700000.0003	-0.00322954	-0.0401949	0.00870859	0.139202	-0.235944	-0.0540901	-0.0741208	-0.0961705	-0.210509	-0.134087	-0.0645475	0.188854	0.0557888	-0.0616647	0.118693
700000.0003	-0.142684	-0.0403558	0.0590965	0.0823889	-0.0534939	0.180083	0.0165365	-0.171665	-0.0920614	-0.0332009	0.0472974	0.107214	-0.0294724	-0.0114265	-0.0216862
700000.0003	0.0855581	-0.0315845	-0.23713	0.0103824	-0.0205033	-0.0796538	-0.156388	-0.0306756	0.0416273	0.0433824	-0.0531842	0.0170396	0.241361	0.116929	-0.0405624
700000.0003	0.0845584	0.194614	-0.0396599	-0.0488956	-0.120681	-0.0528197	-0.0879626	0.12996	-0.263856	-0.206103	-0.0255187	0.0518495	0.0865877	-0.074884	0.124858
700000.0003	0.115261	0.0128588	0.042782	-0.0172234	-0.247225	-0.117321	0.0248204	-0.13757	-0.0151965	0.0216333	-0.0686076	0.059306	0.159871	0.164077	0.150676
700000.0003	0.0308027	0.0271201	0.0242808	-0.00951127	0.209414	0.0349948	0.0586425	0.0220418	-0.0528373	0.050131	-0.277544	0.0475938	0.120934	0.131565	-0.124766
700000.0003	-0.00240662	0.0502317	-0.110642	0.0226829	-0.215354	-0.176367	0.0283537	-0.123833	0.188994	-0.0602894	-0.0334228	-0.146329	-0.154505	-0.0508283	-0.0979254
700000.0003	0.0979946	-0.0797003	-0.0521002	0.0629707	0.0345361	-0.0367507	-0.0198081	-0.077219	-0.0731193	0.0199964	0.0994417	0.0670627	0.0927762	0.213028	0.0654486
700000.0003	-0.171798	-0.0162445	0.18346	-0.233147	-0.0101882	0.116508	-0.0764198	-0.0380832	0.19092	-0.101019	-0.0944342	-0.224363	-0.0155364	0.123755	0.0346688
700000.0003	0.0236292	0.00397079	0.0902053	-0.199784	-0.0487419	-0.131696	0.0370663	-0.0205198	0.0912231	0.0252089	0.0203528	0.0971844	-0.144582	0.128508	0.0575588
700000.0003	0.105176	-0.14073	0.0612957	-0.096203	0.12616	0.0536339	-0.0458187	0.0142833	0.0052277	-0.080423	0.0230941	-0.0448907	-0.171535	0.187813	-0.263336
700000.0003	-0.0255114	0.159479	-0.0598063	0.0366431	0.228305	-0.0854507	0.102983	0.0196767	0.141314	-0.0528359	0.0964339	-0.046805	0.113607	-0.129704	-0.108648
700000.0003	0.069828	-0.0789177	-0.0234104	0.0458523	0.100111	-0.0737143	-0.124294	0.0102906	0.0885685	-0.00377619	-0.137908	-0.0948768	0.0233863	-0.149839	-0.0572864
700000.0003	-0.097994	0.109413	-0.106576	0.150407	0.240266	0.0110218	0.0707153	-0.109835	-0.229175	0.00645629	-0.0813317	0.136479	0.0877841	-0.235604	0.117387
700000.0003	0.168323	0.0151262	-0.135642	0.145089	-0.0614121	0.097329	-0.117491	0.00110342	-0.0632821	0.268203	0.0170663	-0.137944	-0.175477	-0.0429837	0.0305671
700000.0003	0.087496	0.0234336	-0.0569062	-0.0378015	-0.114769	0.278332	-0.0524671	-0.111343	-0.104456	-0.220145	0.11177	0.0305804	0.0370292	0.0438616	-0.156866
700000.0003	0.108175	0.00191145	0.340331	-0.0845283	-0.0557455	0.180721	0.17382	-0.0905212	-0.419311	-0.0694171	-0.259688	0.0117431	-0.093506	-0.0531573	0.0864107
700000.0003	-0.00852943	-0.188879	-0.0563262	0.00679927	-0.169726	0.0452741	-0.454378	0.261892	0.322643	-0.197602	-0.129069	0.133849	-0.330341	0.143205	-0.163666
700000.0003	-0.260094	-0.174566	0.248061	-0.365802	0.491391	0.0258259	-0.14274	-0.102487	-0.225343	-0.286311	-0.63772	0.291468	0.157862	0.315121	-0.190601
700000.0003	-0.321592	-0.348177	-0.0233906	0.72062	-0.578396	-0.418952	-0.0244487	-0.196967	-0.14252	-0.527652	0.0108156	0.210708	0.830852	-0.592249	-0.318491
700000.0003	0.898769	0.839244	-1.27892	-1.30738	-0.0870255	0.266938	0.767307	-1.13062	0.193074	-0.0195463	0.0806584	-0.238845	-0.169776	0.168559	0.581858
700000.0003	-0.102112	-0.219276	1.13529	-0.250355	0.326292	0.858287	-0.369282	-0.234599	-0.857114	0.752468	0.296868	0.128988	0.441687	1.42494	-0.047994
700000.0003	0.805666	-0.476718	0.473157	0.0700931	0.603355	-1.0579	1.41866	-0.326157	-0.232974	-0.612233	-0.41562	1.09466	0.648764	-0.821296	-0.720948
700000.0003	-0.100289	-0.63935	-1.69548	0.833267	0.750758	-0.208214	-1.43788	-1.17937	-0.846128	0.0178426	-0.938247	-0.127895	-0.33437	-0.133031	-0.443388
700000.0003	-0.275203	0.970578	0.478867	-0.527807	0.615349	-0.808386	-1.29164	-0.870695	-0.527795	-1.31839	-1.07875	-0.455297	-0.30451	-0.898826	-1.37263
700000.0003	0.184051	-0.545738	-0.356858	-0.00791107	0.461619	0.600273	-0.981384	-0.125323	-0.796083	-1.22343	-0.498174	-0.89422	-1.10744	-0.214856	0.691216
700000.0003	0.00270898	-0.55042	0.483455	-0.901676	-0.676479	0.389178	0.458843	-0.278058	-0.779821	0.284484	0.263169	-0.831944	-0.981391	-1.54821	0.430284
700000.0003	-1.06141	-0.730185	-0.0660547	-0.0476063	-0.281805	-0.174181	-0.0015339	-0.121827	-0.365336	-0.196461	-0.308591	-0.657599	-1.10132	0.353309	-0.337068
700000.0003	0.0712458	-0.699933	-0.702229	0.0467029	1.17668	-0.0786367	-0.606073	-0.503208	-0.123651	-0.633332	-0.131744	-0.935921	-0.087986	0.0701979	0.411426
700000.0003	0.553001	0.457347	-0.507061	-0.846182	-0.724449	-0.509941	0.431092	0.402595	-0.242985	-0.994308	-1.00977	-0.13781	0.0644155	-0.882953	-0.105395
700000.0003	0.0777708	-0.0436165	-0.814409	-0.441485	0.695934	-0.00198011	-0.355902	-0.858559	0.214781	0.297323	-0.208615	-0.745315	-0.708557	-0.873439	-0.604649
700000.0003	0.176454	-0.845777	-0.100753	0.374623	0.0264261	-0.37172	-0.347047	-0.894622	-0.396752	0.153161	-0.26483	0.0272439	-0.807066	-0.976507	-1.68053
700000.0003	-1.57388	0.0740337	0.536375	0.517614	0.00549003	-0.419413	-0.774346	0.324659	-0.956106	-0.475719	-0.790413	-0.0344689	-0.646051	-1.30863	-0.723385
700000.0003	-1.262	0.649959	0.559017	0.296799	0.0346165	-0.00640858	0.0362455	-0.672175	-0.873681	-0.516494	-0.922804	-1.16445	-0.606637	-0.623976	-0.493567
700000.0003	-1.42329	0.795665	0.312206	0.143899	0.168485	0.0509204	0.560909	-0.0976405	0.304136	-2.76082	-1.27014	-1.09768	-0.858239	1.03115	0.17685
700000.0003	2911.94	2912.13	2912.92	2911.6	2912.12	2915.39	2914.39	2913.55	2914.17	2914.36	2910.86	2911.7	2911.6	2915.06	2913.72
700000.0003	1604.18	1602.07	1605.05	1604.51	1607.31	1605.03	1605.59	1605.95	1608.38	1606.18	1604.21	1605.38	1606.07	1604.63	1603.97
700000.0003	172.362	172.052	174.187	173.59	173.695	172.086	173.326	172.69	174.587	174.791	174.258	173.27	173.69	174.29	174.431
700000.0003	28.7039	28.1341	28.1598	28.4345	28.0549	28.1522	28.2497	28.3687	27.797	28.3421	28.8628	28.4754	28.3984	28.4535	28.6004
700000.0003	18.6233	18.284	18.6953	18.5138	18.5353	18.2173	18.2067	18.1872	18.5073	17.9645	18.0077	18.2994	17.8827	18.3007	18.196
700000.0003	15.9903	16.2902	16.1579	16.1707	16.2684	16.0416	15.9701	16.0476	15.8032	15.9096	16.1072	16.1072	16.6306	16.4942	16.3292
700000.0003	14.5556	14.4666	14.9773	14.8491	14.8949	15.0006	14.9547	15.3064	15.2015	14.8089	15.1432	15.0118	15.1486	15.1022	15.3533
700000.0003	14.1166	14.376	14.598	14.3391	14.1361	14.2598	14.6951	14.5194	14.3487	14.158	13.9812	14.2821	14.3032	14.2231	14.5322
700000.0003	13.8778	13.6509	13.7746	13.8562	14.1389	13.9826	13.795	14.0692	13.9888	13.9207	13.9908	14.0776	13.6506	14.0711	14.0436
700000.0003	13.6807	13.7387	13.6783	13.4957	13.7737	13.5156	13.5527	13.6075	13.5846	13.5545	13.4383	13.5676	13.7957	13.7455	13.6175
700000.0003	13.617	13.5645	13.4722	13.2566	13.3662	13.4134	13.1646	13.4962	13.0252	13.8405	13.5187	13.7655	13.3803	13.8231	13.8001
700000.0003	13.4155	13.1696	13.4877	13.1872	13.0384	13.1197	13.2832	13.4315	13.2062	13.3361	13.5861	13.486	13.1707	13.021	13.4858
700000.0003	13.3031	13.3978	13.1719	13.3271	13.226	13.487	13.5253	13.4512	13.5374	13.5645	13.3275	13.4861	12.959	13.2445	13.3281
700000.0003	13.4365	13.9068	13.1742	13.2555	13.4445	13.0816	13.4841	13.17	13.5312	13.4763	13.068	13.0932	13.0873	12.9358	13.1461
700000.0003	13.3215	13.4145	13.4612	13.2472	13.2134	13.5199	13.6449	13.3445	13.2175	13.3872	13.3403	13.1933	13.5456	13.1644	13.6013
700000.0003	14.0908	13.9396	14.172	13.8246	13.9439	14.0856	13.7834	13.7356	13.5496	13.8865	13.794	14.143	14.1587	14.3423	14.0061
700000.0003	14.7762	15.3356	14.8283	15.0404	15.2731	15.0436	15.0256	15.1062	14.9594	15.3279	15.0061	15.5245	15.0665	15.0233	15.2755
700000.0003	16.9253	16.8543	16.6754	16.9248	16.7616	17.2565	17.1844	17.0228	16.6197	16.8893	16.9078	17.0467	16.8866	16.9675	16.9699
700000.0003	19.7658	19.6193	19.6997	19.7635	19.9221	19.7162	19.7325	19.907	19.8273	19.5858	19.4618	19.9327	19.8144	19.6235	19.3703
700000.0003	23.837	23.5669	23.8093	23.6692	23.8552	24.4077	23.4814	23.9429	23.9762	23.5558	23.7878	24.3429	23.9914	23.6516	23.8887
700000.0003	30.1368	30.6645	30.3419	30.1122	30.3996	30.6663	30.6609	30.0365	30.0497	30.4886	30.6968	30.6205	30.8916	30.6184	30.5919
700000.0003	42.5	41.6314	41.801	41.234	41.793	42.0679	41.9087	42.0878	41.8884	41.7385	41.895	41.967	41.876	41.7912	41.8441
700000.0003	66.4592	66.0629	66.4856	66.4425	66.3791	66.0405	67.0693	66.271	66.0098	66.1058	66.0264	66.0513	66.5766	66.7303	65.8125
700000.0003	151.633	152.473	153.506	152.05	152.246	152.711	153.045	152.781	152.569	152.738	153.22	154.143	153.22	151.549	151.226
700000.0003	519.567	518.899	518.403	520.315	519.63	518.872	519.752	519.786	520.049	521.626	519.225	521.69	520.066	520.117	519.811
700000.0003	1362.63	1360.81	1363.1	1361.71	1361.38	1362.63	1362.29	1362.81	1365.27	1363.34	1365.09	1364.98	1363.04	1361.94	1360.66
700000.0003	2152.48	2152.4	2154.13	2153.95	2153.3	2153.14	2153.35	2155.32	2155.37	2156.67	2154.42	2155.84	2152.38	2149.99	2153.86
700000.0003	2585.36	2586.07	2585.26	2586.5	2584.47	2585.71	2585.57	2585.83	2585.27	2587.24	2586.91	2585.86	2584.99	2584.26	2583.59
700000.0003	2780.23	2777.55	2781.05	2778.58	2781.08	2775.41	2782.85	2778.31	2779.31	2782.13	2780.69	2781.34	2780.04	2781.38	2780.74
700000.0003	2866.75	2866.26	2867.68	2864.55	2869.74	2868.76	2867.79	2867.06	2868.11	2866.67	2867.98	2867.77	2867.03	2868.25	2870.73
700000.0003	2905.79	2908.79	2905.96	2911.12	2905.83	2908.6	2908.25	2909.44	2909.36	2907.14	2905.85	2910.52	2908.82	2905.41	2906.81
700000.0003	2933.47	2932.6	2932.66	2935.37	2930.45	2936.15	2931.95	2935.08	2934.41	2933.31	2935.41	2929.76	2932.86	2933.04	2931.64
700000.0003	2954.15	2955.71	2953.42	2953.37	2953.42	2958.42	2955.09	2953.93	2954.55	2954.91	2956.46	2954.43	2956.53	2955.54	2952.29
700000.0003	2972.97	2971.74	2974.05	2972.53	2975.83	2973.51	2972.86	2973.62	2973.94	2974.26	2972.59	2974.26	2973.51	2975.62	2974.68
700000.0003	2991.97	2990.95	2992.96	2991.53	2994.23	2989.25	2992.9	2991.53	2992.56	2990.86	2991.5	2992.64	2989.77	2989.65	2992.87
700000.0003	3006.86	3007.89	3010.64	3007.44	3008.76	3005.01	3008.7	3009.68	3010.6	3009.36	3005.44	3008.79	3006.74	3008.86	3006.63
700000.0003	3025.09	3026.16	3024.63	3024.72	3023.05	3026	3025.18	3025.25	3022.47	3025.49	3026.82	3025.2	3026.03	3026.42	3024.74
700000.0003	3047.47	3044.83	3043.97	3043.82	3045.65	3045.07	3043.86	3043.38	3042.03	3044.33	3046.56	3045.85	3043.55	3043.2	3046.18
700000.0003	3069.69	3069.96	3068.63	3070.88	3069.95	3069.56	3070.37	3071.74	3069.88	3070.31	3069.35	3068.09	3073.26	3069.68	3070.33
700000.0003	3083.31	3083.19	3082.78	3085.17	3084.65	3085.11	3083.98	3084.15	3086.77	3083.34	3084.59	3085.93	3087.44	3083.26	3083.25
