700000.0003	2959.11	2960.8	2960.69	2961.23	2960.35	2960.73	2956.44	2957.53	2960.55	2964.18	2959.89	2961.33	2959.4	2958.86	2957.87
700000.0003	1533.13	1533.85	1532.04	1533.03	1534.08	1531.75	1533.53	1533.55	1534.45	1533.84	1537.13	1533.52	1535.13	1531.55	1532.64
700000.0003	193.101	193.328	193.974	193.716	193.515	193.595	193.958	192.294	193.353	195.284	194.508	193.93	193.618	192.611	194.687
700000.0003	32.3566	32.8164	32.1094	32.0237	32.3604	32.1611	32.1844	32.341	32.0522	32.4015	32.5437	32.6857	32.1325	31.6306	32.6797
700000.0003	19.2152	19.2196	19.4551	19.4397	19.4655	19.4857	18.9053	19.5729	19.0558	19.5512	19.2638	19.1365	19.5816	18.9965	19.2232
700000.0003	17.3478	16.6005	16.5673	16.7499	16.5483	16.756	16.8182	17.0336	16.4735	16.6244	16.5692	17.1419	16.8028	16.6065	16.4976
700000.0003	15.5265	15.3926	14.9178	14.9603	15.2739	15.2478	15.0455	15.1527	15.6152	15.4332	15.2706	15.6545	15.3715	15.1026	15.6074
700000.0003	14.3191	14.6886	14.4742	14.4728	14.6613	14.2136	14.5915	14.6893	14.612	14.427	14.3861	14.7772	14.5096	14.429	14.2891
700000.0003	13.9193	14.1555	14.2477	13.9622	13.9162	13.7922	14.077	14.124	13.8368	14.1553	13.905	13.9024	14.0235	14.3582	13.7935
700000.0003	13.7283	13.6434	13.6812	13.6632	13.5095	13.7906	13.182	13.9826	13.8555	13.6304	13.6101	13.7932	13.8187	14.0323	13.5519
700000.0003	13.7998	13.5494	13.2114	13.5168	13.4754	13.5509	13.389	13.3944	13.4092	13.8328	13.623	13.4245	13.8149	13.6565	13.2793
700000.0003	13.3451	13.4742	13.0876	13.1477	13.252	13.6026	13.3007	13.4376	13.3829	13.4046	13.5486	13.2447	13.5208	13.4028	13.6455
700000.0003	13.3688	13.4937	13.16	13.75	13.0465	12.8859	13.375	13.3645	13.3803	13.4579	13.1337	13.3845	13.2856	13.162	13.1938
700000.0003	13.238	13.6053	12.9856	13.368	13.0623	13.3716	13.1177	13.0888	13.0746	13.1667	12.9097	13.0437	12.991	13.5199	13.349
700000.0003	13.3759	13.4814	13.0091	13.5291	13.3462	13.6502	13.0668	13.1752	13.1631	13.4976	13.1353	13.5239	13.3014	13.2483	13.4865
700000.0003	13.7929	14.0222	14.3734	13.9729	13.9145	14.1216	13.7045	13.8009	13.9611	13.6211	13.8887	14.0747	13.7462	13.8441	13.8079
700000.0003	15.2462	15.2305	14.9523	15.1084	15.1487	15.3424	15.2283	15.7046	14.8979	14.9921	14.8599	15.261	15.0316	15.055	15.4138
700000.0003	17.2029	16.8646	16.833	16.8891	17.3416	16.7247	16.8396	17.1971	16.645	17.0065	17.049	16.8183	16.7551	16.9466	16.8212
700000.0003	19.6101	19.9798	19.6318	20.4081	19.3794	19.7543	19.7483	20.1519	19.7891	19.7033	19.8278	19.7365	19.4869	19.6743	19.7236
700000.0003	23.8468	23.8948	24.0244	24.3767	23.9359	24.2438	24.4032	23.6732	23.9423	23.983	24.0362	24.0211	24.5241	23.6606	24.0639
700000.0003	30.3029	30.7842	30.6827	30.4905	30.2838	30.5719	30.7218	30.8695	29.9996	30.4039	30.7865	30.6518	31.0916	30.3752	30.3248
700000.0003	42.0813	42.4744	42.5754	42.2205	41.6367	42.1137	41.7168	42.1686	41.698	41.9787	41.7997	42.5852	42.0587	42.1528	42.0913
700000.0003	67.688	67.8272	67.6448	67.2175	66.9228	66.9416	67.1897	67.0387	67.4156	67.6237	67.4795	67.0784	67.6083	68.2084	67.6326
700000.0003	156.52	156.579	155.798	155.968	155.162	155.334	155.631	155.977	155.31	155.507	155.724	154.797	156.056	156.024	156.181
700000.0003	517.358	516.462	517.482	517.474	516.369	516.936	515.939	517.014	516.012	515.652	517.158	514.034	515.685	514.642	518.216
700000.0003	1362.37	1363.34	1362.48	1362.9	1363.65	1364.88	1362.74	1361.48	1366.1	1361.53	1362.9	1360.8	1359.57	1362.6	1363.18
700000.0003	2202.18	2201.36	2203.51	2202.6	2206.49	2203.08	2202.78	2206.27	2204.02	2203.57	2201.57	2201.92	2199.39	2200.98	2199.87
700000.0003	2643.73	2644.62	2643.28	2643.64	2643.33	2643.54	2643.93	2644.07	2646.13	2643.26	2641.84	2640.23	2640.1	2640.54	2642.11
700000.0003	2787.94	2791.07	2790.88	2791.37	2788.92	2790.5	2788.31	2790.67	2791.75	2791.88	2788.92	2786.37	2784.64	2789.11	2791.05
700000.0003	2836.97	2836.27	2837.05	2838.11	2837.66	2838.54	2838.23	2836.14	2836.36	2836.86	2837.51	2835.31	2833.76	2836.68	2837.57
700000.0003	2864.63	2867.83	2867.22	2869.06	2864.26	2865.42	2867.96	2869.06	2866.97	2864.81	2865.54	2866.66	2865.97	2865.21	2865.16
700000.0003	2894.76	2889.64	2893.22	2895.82	2897.77	2895.28	2894.93	2890.45	2893.44	2896.91	2894.62	2891.12	2891.54	2893.44	2895.46
700000.0003	2918.24	2924.24	2926.16	2919.68	2919.87	2921.23	2922.28	2922.24	2921.31	2919.16	2918.33	2922.63	2923.82	2920.67	2915.87
700000.0003	2947.73	2946.98	2948.67	2948.82	2949.76	2949.51	2947.48	2946.07	2947.29	2949.89	2949.05	2944.2	2948.51	2949.42	2946.29
700000.0003	2973.81	2972.64	2974.95	2977.48	2975.77	2973.84	2974.51	2977.84	2974.15	2973.29	2974.03	2976.38	2973.33	2975.01	2975.98
700000.0003	3001.62	2998.52	3003.41	3006.07	3002.21	2997.38	3002.75	3005.5	2999.77	2998.35	3002.09	3004.93	3002.58	2996.89	3003.06
700000.0003	3030.84	3024.99	3027.51	3029.27	3030.74	3024.08	3028.39	3030.56	3028.72	3024.67	3029.21	3028.95	3028.05	3027.99	3029.85
700000.0003	3052.25	3055	3055.01	3053.89	3054.33	3053.08	3055.75	3053.88	3053.77	3054.4	3054.59	3053.29	3056.56	3055.76	3053.61
700000.0003	3078.92	3080.39	3080.84	3078.02	3080.19	3081.7	3078.23	3075.11	3078.36	3082.06	3079.31	3077.44	3082	3077.8	3079.17
700000.0003	3098.97	3098.8	3098.61	3097.02	3098.11	3096.37	3095.44	3095.52	3100.18	3100.91	3095.69	3095.14	3100.07	3097.94	3096.68
700000.0003	0.848179	-1.53494	-0.71097	-0.0375746	-0.228583	0.234951	0.252982	0.155804	-0.849193	0.114982	-0.152169	-2.6624	-0.605046	0.306973	-0.246266
700000.0003	-2.01842	1.50257	0.26095	0.320494	-0.921231	-0.315099	-1.05645	-0.469833	0.0288072	0.446835	-0.537569	0.952438	-0.624723	0.298254	1.05492
700000.0003	-0.15889	-0.249908	-0.0575013	0.176137	-0.330468	0.279972	-0.0881278	0.0102492	-0.175753	-0.29199	0.161942	0.339077	-0.64067	-0.184389	-0.0371515
700000.0003	0.0580893	-0.026306	0.0732579	0.101867	0.131169	-0.0506831	-0.372966	-0.303155	-0.148784	0.0614759	-0.139516	-0.0204988	0.0954945	-0.112384	-0.108041
700000.0003	0.213044	0.02228	-0.112883	-0.0183153	0.00863304	-0.0972033	-0.0678163	-0.21785	-0.142466	-0.0154925	0.0597027	-0.173882	0.0525485	0.17713	0.152864
700000.0003	-0.124302	0.0828975	-0.147838	-0.0619691	-0.142039	-0.00558423	-0.0934481	0.0109708	-0.286969	-0.0510005	-0.00746464	0.127657	0.0523093	-0.0418464	0.110569
700000.0003	-0.00425848	-0.201649	-0.0551165	-0.0583339	-0.189021	-0.00906985	-0.0844001	-0.0439601	-0.0551127	-0.0813041	-0.0407713	-0.250528	-0.0202497	-0.00239902	-0.00456552
700000.0003	0.0257953	-0.227996	0.0075012	0.0772302	0.0314941	-0.0546188	0.195339	0.071658	-0.0632226	-0.0509078	-0.0102789	-0.0342721	0.0249353	0.0192415	0.146215
700000.0003	0.0065946	-0.0449545	0.0495795	0.0275578	-0.0893736	0.0697493	0.185544	0.0769053	0.152667	-0.095441	0.0231058	-0.0715797	0.317526	-0.0302352	-0.0966444
700000.0003	0.0971486	-0.00379453	0.167387	0.0726006	0.148573	0.110121	0.0960827	0.0741416	0.0453696	0.113682	-0.00738998	0.0436197	0.168674	-0.00787031	-0.0374965
700000.0003	0.0155632	0.0914076	-0.107663	-0.0199627	-0.165286	-0.121424	-0.0690658	0.055616	0.0719043	-0.0518347	0.231933	-0.0310321	0.171173	0.0299884	0.0574552
700000.0003	0.103402	0.0138785	0.00692042	-0.0341383	0.0899599	0.0817675	0.00895694	-0.0693571	-0.0466823	0.0349752	0.0245485	-0.00418251	0.00994342	0.000669493	0.0637011
700000.0003	-0.177071	-0.0176759	0.112171	0.178112	-0.0171284	0.00863065	-0.115837	-0.000772852	0.0421614	-0.00833534	0.0956507	-0.0869072	-0.00640772	0.0335118	0.0404259
700000.0003	0.0739378	0.163521	0.000620549	-0.101065	0.211853	-0.115182	0.164829	-0.00359622	0.109962	0.0605433	-0.0844065	0.195226	0.0602041	0.101029	-0.0976989
700000.0003	-0.0407798	-0.0509243	0.115106	0.0555675	-0.0742302	-0.118417	-0.00981374	0.158567	-0.06701	0.0537177	0.0979368	0.129752	0.349562	0.088463	0.0357892
700000.0003	-0.0811192	-0.0701362	0.12554	0.114608	-0.148411	-0.0116077	0.173013	0.00567803	0.212227	-0.0419211	0.0308014	-0.243262	-0.112641	-0.0513855	0.0876862
700000.0003	-0.075322	-0.0578856	-0.183541	0.0493177	0.00639127	-0.106108	0.0490499	-0.0305868	0.181424	0.0925204	-0.0930002	-0.199842	-0.0389	0.0355229	0.0403649
700000.0003	0.182175	0.162305	0.0381869	0.0362701	0.167565	-0.04584	-0.0415301	-0.111521	0.155489	0.102867	0.144798	0.125433	0.060493	0.0563622	0.357391
700000.0003	-0.0350039	0.0738079	-0.0546994	-0.00128458	0.0853825	0.288911	-0.0360315	-0.0418389	0.0565593	0.221951	0.0769835	0.0176159	0.0374641	0.0781972	-0.0565969
700000.0003	0.0697126	0.00192145	0.0946017	-0.117549	-0.0801384	0.0483685	-0.023509	0.093054	0.0615685	0.286852	-0.133927	0.0327581	0.0468994	-0.00640038	0.0374373
700000.0003	-0.1597	-0.0741819	0.140496	0.00410011	-0.0776718	-0.213784	0.089035	-0.0428992	0.223956	0.255924	0.178074	0.195686	-0.0738718	-0.121461	-0.164565
700000.0003	-0.231488	0.0312735	0.0185356	-0.189833	0.0890692	-0.178088	-0.387409	0.188006	0.073903	-0.0363446	0.0110091	0.213489	0.0303323	-0.0522736	0.15606
700000.0003	-0.0179926	0.0780172	-0.0938531	-0.021123	-0.202342	-0.0258033	-0.0946088	-0.423348	0.168952	-0.217974	0.113351	0.291657	0.00524581	0.226226	0.0014145
700000.0003	0.321392	-0.0260438	0.0247471	-0.239095	-0.0901194	0.247439	-0.13052	0.346059	0.544799	0.0401858	0.0140991	0.11733	-0.466692	0.20821	-0.209184
700000.0003	-0.0981363	0.177621	0.00256008	-0.449734	-0.486177	-0.251757	-0.652695	0.668737	-0.165562	0.45718	-0.360249	-0.121526	-0.264759	0.341058	-0.153374
700000.0003	-0.616779	0.238308	-0.0756372	0.397686	-0.317389	-0.0939509	0.606061	-0.18709	0.342456	-0.885647	0.374979	-0.716145	-1.65719	-0.729235	-0.713234
700000.0003	-0.526452	-1.10059	-0.529367	0.256101	-0.0989357	1.7608	-0.377613	-0.212604	-0.0285548	-0.25674	-0.482695	-0.781847	0.544219	-0.0643398	-0.129557
700000.0003	-0.861883	-0.390406	-0.490517	-0.67182	-0.386304	-0.46845	-0.405951	-0.698452	0.942349	1.39203	0.116562	0.411754	0.486972	0.0209508	-0.93996
700000.0003	-0.53853	0.238085	0.524605	-0.0444797	-0.0916968	-1.15731	-1.36426	-0.183185	-0.469124	0.420528	2.5314	1.30648	0.122583	-0.0708405	-1.33812
700000.0003	-0.278839	1.11571	-0.0561605	-1.17084	-0.336213	0.0218317	-0.599806	-0.969606	-0.750845	1.43997	1.59459	0.424726	-0.597242	-0.730832	-1.07212
700000.0003	-1.22535	-0.198098	0.373164	0.880332	0.308488	-0.966423	-1.09751	-0.617428	1.05722	0.389107	-0.0614421	0.266733	0.16955	0.0924642	-0.204451
700000.0003	0.359609	1.73919	-0.0583431	-1.0158	-1.06196	0.295709	1.55791	0.398863	-0.359208	-0.110793	0.990974	1.04644	-1.3948	-1.14589	-0.339227
700000.0003	-0.660169	-0.388734	-0.580082	0.62562	0.177546	0.257804	0.847198	0.453451	0.110658	-0.131991	-0.447443	-0.126711	0.589197	-0.549814	-0.000478223
700000.0003	0.300521	-1.22309	-0.674053	-0.762954	0.0167296	0.107576	1.34949	0.362659	-0.00801928	0.521094	-0.0617036	0.0345289	-0.392426	-0.719404	-0.69727
700000.0003	-0.521764	-1.06665	-0.593412	-0.78228	-0.464318	0.738356	1.11772	0.385934	0.0248523	0.503922	0.421336	0.229425	-0.220809	-0.289385	-0.492249
700000.0003	-0.825409	-1.48452	-1.06599	0.0824143	0.233592	-0.194023	0.259173	0.797842	0.789033	0.487942	1.14338	0.302501	-0.125573	0.517014	0.0738683
700000.0003	0.261568	-0.687632	-1.60355	-1.05594	-0.116182	0.276069	-0.34121	1.17639	1.01209	0.494943	0.453849	0.384937	1.25159	-0.995702	-0.733759
700000.0003	0.44594	-1.07923	-1.29266	-0.348671	-0.58054	-0.748589	-1.4527	0.417953	2.33047	0.506396	-0.524776	0.486575	-0.00986937	-0.141825	0.226917
700000.0003	-0.00464672	0.0105702	0.687909	-1.19113	-1.6302	-0.784503	-0.350865	0.462844	0.74205	0.138071	-0.101653	-0.846581	0.0344729	-0.368163	-0.478732
700000.0003	0.0919581	0.679218	0.607562	-0.670748	-0.000378097	-0.808714	-0.916953	0.484522	-0.0686983	0.439688	0.409226	-0.749508	-1.26573	0.0633537	-0.187597
700000.0003	2910.47	2912.05	2911.37	2910.39	2911.29	2911.11	2907.49	2907.47	2910.83	2910.76	2910.43	2911.84	2907.67	2908.86	2908.29
700000.0003	1605.83	1607.87	1607.08	1609.49	1604.73	1604.68	1606.49	1605.09	1607.22	1607.6	1610.66	1607.73	1607.18	1605.43	1606.5
700000.0003	173.932	173.498	174.133	174.941	173.715	173.582	174.338	172.515	173.923	174.983	174.957	174.124	174.186	172.674	174.922
700000.0003	28.3024	28.5871	28.0978	28.0963	28.0525	28.0553	28.4405	28.4002	28.1948	27.9322	28.5742	28.2418	28.2338	28.3148	28.7446
700000.0003	18.2604	18.4879	18.7062	18.2394	18.5296	18.3415	17.9895	18.4017	18.2501	18.3448	18.0108	18.3722	18.5692	18.3704	18.3447
700000.0003	16.3277	15.9268	16.395	16.3653	16.0048	15.8546	16.4146	16.2682	16.3097	15.7122	16.2492	16.2282	16.1975	16.31	15.8308
700000.0003	15.3379	14.9962	14.8035	14.6505	15.0624	14.9818	14.6247	14.8776	15.1179	14.8125	15.0839	15.3009	15.0698	14.7486	15.4369
700000.0003	14.045	14.3628	14.1487	14.3553	14.2992	14.0249	14.3868	14.2807	14.5608	14.2377	14.42	14.3897	14.4432	14.3546	14.1901
700000.0003	13.9695	13.914	14.4051	13.8453	13.5824	13.9181	13.9304	14.2496	13.8093	13.7026	13.661	13.8261	14.0234	13.9723	13.736
700000.0003	13.6528	13.5396	13.4861	13.3536	13.4887	13.4764	13.7317	13.7679	13.4199	13.6532	13.7363	13.8287	13.6642	13.5256	13.4142
700000.0003	13.527	13.3904	13.0192	13.4688	13.3217	13.5276	13.7232	13.4714	13.5246	13.7955	13.5476	13.2284	13.4073	13.4849	13.5036
700000.0003	13.0128	13.6193	13.6345	13.4617	13.0656	13.619	13.5663	13.3876	13.0574	13.3476	13.5442	13.2727	13.414	13.4903	13.6865
700000.0003	13.2703	13.1541	13.1043	13.3347	12.9491	13.022	13.4382	13.1596	13.3768	13.4827	13.4262	12.9801	13.1675	13.3591	12.8234
700000.0003	13.2081	13.2371	13.2912	13.3121	13.3146	13.1439	13.556	13.2691	13.1617	13.0851	12.7359	13.4287	12.9487	12.8397	13.1353
700000.0003	13.4008	13.1991	12.9113	13.3487	13.5703	13.534	13.0216	13.172	13.1278	13.4031	13.1122	13.3904	13.3254	13.2072	13.3578
700000.0003	13.8284	13.9687	14.2439	14.0805	13.6361	13.8151	13.7039	14.0617	13.9165	13.8565	13.8488	13.7249	13.7903	14.0569	13.5425
700000.0003	15.1497	14.9653	14.8123	14.9795	14.9774	15.1456	15.2648	15.5521	15.3081	14.9239	14.9003	15.2026	15.123	14.9026	15.1468
700000.0003	16.8594	17.087	17.0386	16.7704	17.1801	16.7564	16.653	16.849	16.6686	17.1337	16.8681	17.0115	16.672	16.8257	16.7595
700000.0003	19.5824	19.7623	19.7082	20.1067	19.6159	19.7582	19.7663	19.9938	19.6084	19.6686	19.5555	19.4663	19.5399	19.5308	19.418
700000.0003	23.9121	24.0709	24.3426	23.934	23.6718	23.9249	23.9096	23.578	23.8282	23.8799	24.201	23.9182	24.2264	23.8459	24.0551
700000.0003	30.5596	30.5998	30.6301	30.1597	30.3585	30.4034	30.4796	30.2849	30.2399	30.3258	30.2656	30.2744	30.4876	30.5978	30.0814
700000.0003	41.5542	41.574	41.9941	41.5871	41.5234	42.0322	41.2543	41.1608	41.8786	41.8607	41.732	41.8935	41.8525	41.8189	41.7209
700000.0003	66.7831	66.4169	66.4872	66.5495	66.7562	66.0652	66.0553	66.7657	66.7624	66.5332	66.0971	66.2923	66.1812	66.3698	66.932
700000.0003	153.552	153.71	152.927	153.23	151.348	152.356	152.333	154.01	152.646	153.164	151.385	151.904	152.996	153.501	153.204
700000.0003	521.397	520.861	520.741	521.51	520.458	521.083	520.906	522.109	521.29	518.619	518.849	518.908	521.067	520.547	522.407
700000.0003	1364.36	1363.25	1364.09	1365.45	1365.6	1365.63	1363.81	1365.58	1365.65	1361.45	1362.95	1364.15	1361.83	1365.05	1365.13
700000.0003	2151.8	2152.71	2155.2	2156.35	2158.44	2156.35	2158.56	2158.98	2156.11	2155.52	2153.23	2152.56	2153.74	2152.88	2152.72
700000.0003	2589.33	2584.63	2583.93	2585.43	2583.12	2586.46	2587.08	2586.99	2589.45	2586.7	2585.64	2582.56	2582.63	2582.77	2584.55
700000.0003	2776.66	2780.39	2781.16	2776.81	2779.51	2778.96	2777.83	2780.15	2778.63	2777.17	2775.76	2778.76	2777.22	2779.02	2777.7
700000.0003	2866.34	2867.5	2866.22	2866.66	2867.98	2868.25	2865.51	2863.76	2862.94	2865.42	2865.51	2864.34	2867.09	2867	2868.41
700000.0003	2904.83	2905.98	2906.42	2904.85	2904.72	2904.67	2907.37	2905.89	2902.82	2905.72	2905.91	2907.42	2906.68	2905.38	2906.87
700000.0003	2931.67	2926.95	2929.98	2932.59	2933.52	2929.96	2932.28	2929.05	2931.71	2931.78	2931.19	2933.6	2930.82	2930.42	2933.5
700000.0003	2954.07	2953.17	2952.87	2952.1	2952.98	2953.57	2951.47	2954.2	2953.72	2952.05	2951.43	2953.09	2953.29	2953.75	2950.97
700000.0003	2970.23	2972.49	2972.06	2970.58	2969.72	2973.63	2972.5	2971.25	2970.03	2972.09	2971.09	2969.22	2973.83	2973.26	2968.91
700000.0003	2987.04	2988.66	2986.53	2990.77	2988.91	2990.17	2990.22	2988.31	2990.85	2990.85	2992.03	2986.15	2986.89	2989.46	2989.33
700000.0003	3005.75	3003.54	3006.09	3006.39	3005.61	3006.24	3007.44	3008.15	3007.3	3004.21	3006.38	3007.37	3005.6	3005.42	3006.34
700000.0003	3026.27	3023.95	3022.55	3022.22	3024.2	3021.94	3022.71	3025.07	3025.39	3021.31	3025.09	3024.38	3022.67	3024.04	3022.84
700000.0003	3043.57	3044.05	3042.54	3042.36	3044.4	3043.45	3044.71	3044.34	3043.18	3044.24	3042.41	3045.68	3045.56	3045.9	3044.03
700000.0003	3069.73	3068.39	3071.25	3069.08	3067.69	3069.16	3070.63	3069.35	3068.24	3073.29	3070.97	3071.3	3069.79	3069.41	3072.15
700000.0003	3083.77	3084.05	3084.25	3084.28	3083.31	3082.8	3082.61	3083.13	3084.07	3085.24	3085.01	3083.77	3085.15	3083.58	3083.87
