700000.0003	0.0264535
700000.0003	0.035493
700000.0003	0.0525227
700000.0003	0.0806365
700000.0003	0.12383
700000.0003	0.188776
700000.0003	0.278281
700000.0003	0.39919
700000.0003	0.551072
700000.0003	0.748487
700000.0003	0.983574
700000.0003	1.26967
700000.0003	1.60223
700000.0003	1.98637
700000.0003	2.4125
700000.0003	2.86789
700000.0003	3.3347
700000.0003	3.80943
700000.0003	4.27703
700000.0003	4.76426
700000.0003	5.20556
700000.0003	5.63327
700000.0003	6.01857
700000.0003	6.42886
700000.0003	6.83806
700000.0003	7.21712
700000.0003	7.55644
700000.0003	7.91341
700000.0003	8.25025
700000.0003	8.54069
700000.0003	8.83778
700000.0003	9.07758
700000.0003	9.33624
700000.0003	9.49435
700000.0003	9.76642
700000.0003	9.89598
700000.0003	10.027
700000.0003	10.1131
700000.0003	10.2232
700000.0003	10.2603
700000.0003	10.2508
700000.0003	10.2544
700000.0003	10.2333
700000.0003	10.2445
700000.0003	10.3136
700000.0003	10.2973
700000.0003	10.29
700000.0003	10.2893
700000.0003	10.2881
700000.0003	10.2506
700000.0003	10.2736
700000.0003	10.3776
700000.0003	10.3087
700000.0003	10.2947
700000.0003	10.2642
700000.0003	10.312
700000.0003	10.2811
700000.0003	10.4163
700000.0003	10.412
700000.0003	10.2953
700000.0003	10.2709
700000.0003	10.3079
700000.0003	10.3101
700000.0003	10.336
700000.0003	10.3217
700000.0003	10.2766
700000.0003	10.3252
700000.0003	10.2785
700000.0003	10.2688
700000.0003	10.3032
700000.0003	10.3398
700000.0003	10.3598
700000.0003	10.3138
700000.0003	10.2922
700000.0003	10.3466
700000.0003	10.2881
700000.0003	10.3555
700000.0003	10.3877
700000.0003	10.3336
700000.0003	10.3986
700000.0003	10.3168
700000.0003	10.3626
700000.0003	10.3568
700000.0003	10.4045
700000.0003	10.4135
700000.0003	10.3455
700000.0003	10.3858
700000.0003	10.416
700000.0003	10.3321
700000.0003	10.3449
700000.0003	10.3748
700000.0003	10.3163
700000.0003	10.4238
700000.0003	10.3996
700000.0003	10.3961
700000.0003	10.3815
700000.0003	10.4017
700000.0003	10.3925
700000.0003	10.3909
700000.0003	10.2924
700000.0003	10.3883
700000.0003	10.418
700000.0003	10.4788
700000.0003	10.4099
700000.0003	10.3442
700000.0003	10.3611
700000.0003	10.4237
700000.0003	10.4555
700000.0003	10.3935
700000.0003	10.4172
700000.0003	10.4483
700000.0003	10.4081
700000.0003	10.5076
700000.0003	10.4345
700000.0003	10.4259
700000.0003	10.3882
700000.0003	10.3934
700000.0003	10.4116
700000.0003	10.4766
700000.0003	10.4343
700000.0003	10.446
700000.0003	10.4146
700000.0003	10.4237
700000.0003	10.3885
700000.0003	10.4338
700000.0003	10.3788
700000.0003	10.4661
700000.0003	10.4737
700000.0003	10.4458
700000.0003	10.4603
700000.0003	10.5171
700000.0003	10.4637
700000.0003	10.4857
700000.0003	10.4309
700000.0003	10.4138
700000.0003	10.497
700000.0003	10.4619
700000.0003	10.4118
700000.0003	10.4631
700000.0003	10.4381
700000.0003	10.4693
700000.0003	10.4635
700000.0003	10.4846
700000.0003	10.4368
700000.0003	10.4958
700000.0003	10.3715
700000.0003	10.4892
700000.0003	10.4008
700000.0003	10.3977
700000.0003	10.3206
700000.0003	10.3464
700000.0003	10.3373
700000.0003	10.2959
700000.0003	10.3013
700000.0003	10.2473
700000.0003	10.2541
700000.0003	10.138
700000.0003	9.9984
700000.0003	10.1229
700000.0003	10.092
700000.0003	10.0394
700000.0003	10.0045
700000.0003	9.91765
700000.0003	9.97951
700000.0003	9.80312
700000.0003	9.78764
700000.0003	9.8592
700000.0003	9.70653
700000.0003	9.65557
700000.0003	9.5925
700000.0003	9.52901
700000.0003	9.48353
700000.0003	9.44059
700000.0003	9.39108
700000.0003	9.3483
700000.0003	9.30514
700000.0003	9.22613
700000.0003	9.11754
700000.0003	9.06732
700000.0003	8.89494
700000.0003	8.92096
700000.0003	8.76152
700000.0003	8.80162
700000.0003	8.65888
700000.0003	8.66128
700000.0003	8.54968
700000.0003	8.50116
700000.0003	8.40222
700000.0003	8.30517
700000.0003	8.20443
700000.0003	8.12819
700000.0003	8.11188
700000.0003	7.97136
700000.0003	7.93495
700000.0003	7.81267
700000.0003	7.74653
700000.0003	7.6397
700000.0003	7.58962
700000.0003	7.49256
700000.0003	7.3896
700000.0003	7.3113
700000.0003	7.19748
700000.0003	7.10515
700000.0003	7.04156
700000.0003	6.94765
700000.0003	6.86465
700000.0003	6.75324
700000.0003	6.66189
700000.0003	6.61215
700000.0003	6.4605
700000.0003	6.37088
700000.0003	6.31493
700000.0003	6.20351
700000.0003	6.10549
700000.0003	6.05547
700000.0003	5.93656
700000.0003	5.84606
700000.0003	5.73087
700000.0003	5.6395
700000.0003	5.53848
700000.0003	5.45809
700000.0003	5.33902
700000.0003	5.24192
700000.0003	5.15592
700000.0003	5.06833
700000.0003	4.96437
700000.0003	4.84921
700000.0003	4.77339
700000.0003	4.68374
700000.0003	4.57639
700000.0003	4.46842
700000.0003	4.37391
700000.0003	4.2951
700000.0003	4.18893
700000.0003	4.07411
700000.0003	3.97063
700000.0003	3.86276
700000.0003	3.77228
700000.0003	3.67707
700000.0003	3.5469
700000.0003	3.45084
700000.0003	3.33592
700000.0003	3.22321
700000.0003	3.09968
700000.0003	2.96762
700000.0003	2.85147
700000.0003	2.73742
700000.0003	2.59414
700000.0003	2.47165
700000.0003	2.33163
700000.0003	2.19906
700000.0003	2.06201
700000.0003	1.92723
700000.0003	1.79554
700000.0003	1.66782
700000.0003	1.53648
700000.0003	1.41442
700000.0003	1.29658
700000.0003	1.1851
700000.0003	1.07856
700000.0003	0.974906
700000.0003	0.88417
700000.0003	0.792099
700000.0003	0.712254
700000.0003	0.636075
700000.0003	0.564825
700000.0003	0.498281
700000.0003	0.437523
700000.0003	0.383203
700000.0003	0.334528
700000.0003	0.291913
700000.0003	0.252013
700000.0003	0.218481
700000.0003	0.185248
700000.0003	0.158899
700000.0003	0.135167
700000.0003	0.114501
700000.0003	0.096952
700000.0003	0.0818345
700000.0003	0.0683854
700000.0003	0.0581165
700000.0003	0.0486982
700000.0003	0.0405628
700000.0003	0.0348694
700000.0003	0.0290403
700000.0003	0.0249586
700000.0003	0.0210105
700000.0003	0.0180214
700000.0003	0.0154111
700000.0003	0.0131615
700000.0003	0.0116909
700000.0003	0.0102249
700000.0003	0.00906348
700000.0003	0.00821092
700000.0003	0.00743989
700000.0003	0.0065929
700000.0003	0.00618312
700000.0003	0.00595737
700000.0003	0.00557146
700000.0003	0.00536618
700000.0003	0.00527162
700000.0003	0.00510674
700000.0003	0.00506764
700000.0003	0.00510199
700000.0003	0.0047892
700000.0003	0.00481169
700000.0003	0.00475959
700000.0003	0.00467012
700000.0003	0.00463194
700000.0003	0.00461641
700000.0003	0.00456152
700000.0003	0.00451936
700000.0003	0.00448084
700000.0003	0.00446078
700000.0003	0.00442585
700000.0003	0.00436044
700000.0003	0.00435683
700000.0003	0.00435068
700000.0003	0.00437153
700000.0003	0.00429893
700000.0003	0.00427937
700000.0003	0.00424176
700000.0003	0.00427623
700000.0003	0.00418903
700000.0003	0.00423762
700000.0003	0.00418553
700000.0003	0.00421195
700000.0003	0.00422515
700000.0003	0.00419987
700000.0003	0.00420798
700000.0003	0.00415416
700000.0003	0.00413918
700000.0003	0.00415264
700000.0003	0.00411058
700000.0003	0.00411592
700000.0003	0.00412723
700000.0003	0.00416519
700000.0003	0.00407374
700000.0003	0.00417676
700000.0003	0.00410363
700000.0003	0.00409631
700000.0003	0.00413888
700000.0003	0.00411468
700000.0003	0.00412785
700000.0003	0.00413882
700000.0003	0.00413953
700000.0003	0.00408095
700000.0003	0.00425361
700000.0003	0.00416727
700000.0003	0.00414997
700000.0003	0.00421289
700000.0003	0.00425877
700000.0003	0.00421012
700000.0003	0.00419398
700000.0003	0.0042808
700000.0003	0.00417511
700000.0003	0.00426225
700000.0003	0.00430527
700000.0003	0.00432025
700000.0003	0.00431961
700000.0003	0.00437683
700000.0003	0.00439152
700000.0003	0.00447338
700000.0003	0.00438461
700000.0003	0.00451018
700000.0003	0.0044826
700000.0003	0.00460591
700000.0003	0.00460377
700000.0003	0.00457182
700000.0003	0.00473781
700000.0003	0.00479624
700000.0003	0.00477492
700000.0003	0.00474989
700000.0003	0.00487836
700000.0003	0.00502042
700000.0003	0.00506606
700000.0003	0.00514556
700000.0003	0.00528574
700000.0003	0.00533076
700000.0003	0.00536347
700000.0003	0.00564274
700000.0003	0.00562608
700000.0003	0.00588669
700000.0003	0.00594715
700000.0003	0.00617809
700000.0003	0.00630702
700000.0003	0.00662892
700000.0003	0.00688249
700000.0003	0.00722072
700000.0003	0.00773015
700000.0003	0.00792018
700000.0003	0.00845458
700000.0003	0.00888899
700000.0003	0.00985689
700000.0003	0.0106976
700000.0003	0.011985
700000.0003	0.0135076
700000.0003	0.0156909
700000.0003	0.0179896
700000.0003	0.0212912
700000.0003	1.55247e-05
700000.0003	-4.36167e-05
700000.0003	-0.000142547
700000.0003	-0.000348383
700000.0003	-0.000264606
700000.0003	-0.000732512
700000.0003	-0.000246928
700000.0003	0.000736585
700000.0003	0.0019564
700000.0003	0.00166159
700000.0003	-0.00237428
700000.0003	0.000162319
700000.0003	0.00537506
700000.0003	0.00903082
700000.0003	-0.00997687
700000.0003	0.00497132
700000.0003	5.30003e-05
700000.0003	-0.00373664
700000.0003	0.0100877
700000.0003	0.00254683
700000.0003	-0.00435152
700000.0003	0.0300376
700000.0003	-0.00688996
700000.0003	0.0180794
700000.0003	0.00462134
700000.0003	-0.00626502
700000.0003	-0.0168031
700000.0003	0.0229514
700000.0003	0.0157704
700000.0003	-0.00341298
700000.0003	0.0460097
700000.0003	0.0232179
700000.0003	0.00657252
700000.0003	-0.0175828
700000.0003	-0.00643479
700000.0003	-0.000929539
700000.0003	0.0210615
700000.0003	0.00255878
700000.0003	0.0351611
700000.0003	0.0215373
700000.0003	0.000235174
700000.0003	0.0315309
700000.0003	-0.0187775
700000.0003	0.00425924
700000.0003	0.0225547
700000.0003	-0.00676008
700000.0003	-0.00614799
700000.0003	-0.0580438
700000.0003	0.0491602
700000.0003	-0.00080436
700000.0003	-0.0391637
700000.0003	-0.0153999
700000.0003	0.0158659
700000.0003	0.0136815
700000.0003	0.0188587
700000.0003	-0.030995
700000.0003	-0.0321463
700000.0003	-0.00592884
700000.0003	-0.0014194
700000.0003	-0.00249816
700000.0003	0.0260305
700000.0003	-0.0416433
700000.0003	-0.0191396
700000.0003	-0.00526182
700000.0003	-0.012338
700000.0003	0.0114133
700000.0003	-0.0351403
700000.0003	-0.026926
700000.0003	0.000243224
700000.0003	0.00335321
700000.0003	-0.0523769
700000.0003	-0.0542278
700000.0003	0.0261826
700000.0003	-0.0433552
700000.0003	0.00296178
700000.0003	-0.0317706
700000.0003	-0.037825
700000.0003	0.021726
700000.0003	0.023519
700000.0003	-0.021071
700000.0003	-0.0111714
700000.0003	0.0104281
700000.0003	-0.0240099
700000.0003	0.00507576
700000.0003	0.00743516
700000.0003	-0.0167007
700000.0003	-0.0105088
700000.0003	-0.00968283
700000.0003	0.057721
700000.0003	-0.0568312
700000.0003	-0.0194346
700000.0003	0.000781817
700000.0003	-0.0302797
700000.0003	0.0373107
700000.0003	-0.057128
700000.0003	-0.0032652
700000.0003	0.0160498
700000.0003	0.0286352
700000.0003	0.0250928
700000.0003	-0.0172566
700000.0003	-0.012566
700000.0003	-0.0356657
700000.0003	0.0097199
700000.0003	0.0136839
700000.0003	0.0130849
700000.0003	-0.0182572
700000.0003	-0.0417068
700000.0003	-0.0362719
700000.0003	0.0155974
700000.0003	-0.0225848
700000.0003	0.0161283
700000.0003	0.00216587
700000.0003	-0.0397635
700000.0003	-0.0611022
700000.0003	-0.0217661
700000.0003	-0.0220663
700000.0003	0.0376929
700000.0003	-0.00895043
700000.0003	0.00575193
700000.0003	0.000848173
700000.0003	0.0462551
700000.0003	0.028552
700000.0003	-0.00583047
700000.0003	0.0352782
700000.0003	0.00101179
700000.0003	-0.00493304
700000.0003	-0.0219133
700000.0003	-0.014998
700000.0003	-0.0235711
700000.0003	0.0312845
700000.0003	0.0242917
700000.0003	-0.0402922
700000.0003	0.0218171
700000.0003	-0.05259
700000.0003	0.00720859
700000.0003	0.0214807
700000.0003	-0.0172605
700000.0003	0.0118636
700000.0003	0.0311245
700000.0003	-0.0232212
700000.0003	0.0083557
700000.0003	-0.0312701
700000.0003	-0.0251926
700000.0003	-0.0299337
700000.0003	-0.0126325
700000.0003	0.00558292
700000.0003	-0.0323774
700000.0003	-0.0590844
700000.0003	-0.0264705
700000.0003	-0.0103661
700000.0003	0.00429212
700000.0003	-0.0231347
700000.0003	0.000279588
700000.0003	-0.015192
700000.0003	0.022663
700000.0003	0.032661
700000.0003	-0.0430213
700000.0003	0.0114057
700000.0003	0.00974684
700000.0003	0.0171474
700000.0003	0.0292445
700000.0003	-0.004177
700000.0003	-0.00471872
700000.0003	-0.0288972
700000.0003	0.0140487
700000.0003	-0.016987
700000.0003	0.0294851
700000.0003	0.0185339
700000.0003	0.00362309
700000.0003	-0.0120197
700000.0003	-0.000253342
700000.0003	0.00235438
700000.0003	0.0218924
700000.0003	-0.05565
700000.0003	0.0198518
700000.0003	-0.0155486
700000.0003	0.00506758
700000.0003	-0.0358698
700000.0003	-0.00701602
700000.0003	0.0220682
700000.0003	-0.0160328
700000.0003	0.0338047
700000.0003	0.00031029
700000.0003	0.0227443
700000.0003	0.00222699
700000.0003	0.00136347
700000.0003	0.00856124
700000.0003	-0.00668407
700000.0003	0.00668675
700000.0003	-0.0110691
700000.0003	-0.0315383
700000.0003	-0.00478368
700000.0003	-0.00199009
700000.0003	0.00410581
700000.0003	-0.015978
700000.0003	0.0101533
700000.0003	-0.0126123
700000.0003	-0.0143127
700000.0003	0.0210181
700000.0003	-0.00356512
700000.0003	0.00232297
700000.0003	-0.0231999
700000.0003	-0.00603985
700000.0003	0.0217721
700000.0003	0.00821917
700000.0003	0.00256519
700000.0003	-0.00462827
700000.0003	0.0166024
700000.0003	-0.00965509
700000.0003	-0.000164608
700000.0003	-0.00731912
700000.0003	-0.00853624
700000.0003	-0.0105734
700000.0003	-0.0143465
700000.0003	-0.0196521
700000.0003	0.0167695
700000.0003	0.00598375
700000.0003	0.0113231
700000.0003	0.00570726
700000.0003	-0.00307639
700000.0003	-0.0163128
700000.0003	0.00358846
700000.0003	0.00740548
700000.0003	-0.00302775
700000.0003	-0.00314014
700000.0003	0.00229014
700000.0003	-0.00188748
700000.0003	0.00687783
700000.0003	-0.0129017
700000.0003	-0.00738325
700000.0003	0.00648967
700000.0003	0.00421196
700000.0003	-0.00223483
700000.0003	-0.00396074
700000.0003	0.00826552
700000.0003	0.0124932
700000.0003	-0.0103606
700000.0003	-0.0046778
700000.0003	0.00747081
700000.0003	-0.00277954
700000.0003	0.00125391
700000.0003	-0.000244484
700000.0003	0.0010526
700000.0003	-0.00362022
700000.0003	-0.00143635
700000.0003	-0.00618511
700000.0003	-0.00157806
700000.0003	0.00416243
700000.0003	0.000273266
700000.0003	0.0014071
700000.0003	0.000671583
700000.0003	0.0045334
700000.0003	-0.000365552
700000.0003	0.00163095
700000.0003	0.00182105
700000.0003	-0.00105819
700000.0003	0.00102799
700000.0003	-0.00162768
700000.0003	-0.00141691
700000.0003	0.00086798
700000.0003	0.00211975
700000.0003	0.00115473
700000.0003	0.00263826
700000.0003	-0.000742143
700000.0003	-0.00292541
700000.0003	-0.000535753
700000.0003	-0.00169493
700000.0003	0.00115693
700000.0003	0.00082702
700000.0003	0.000117645
700000.0003	-0.00046985
700000.0003	7.06393e-05
700000.0003	0.000996123
700000.0003	0.000567902
700000.0003	0.00074138
700000.0003	1.21936e-05
700000.0003	-0.000138902
700000.0003	-0.000294453
700000.0003	-0.000413735
700000.0003	-9.97188e-06
700000.0003	0.000127242
700000.0003	-0.000686082
700000.0003	-0.000310411
700000.0003	0.000109865
700000.0003	0.00050584
700000.0003	-0.000114613
700000.0003	-0.000439463
700000.0003	9.85251e-05
700000.0003	0.000159514
700000.0003	0.000147725
700000.0003	3.09605e-06
700000.0003	-9.07196e-05
700000.0003	4.05811e-05
700000.0003	6.2915e-06
700000.0003	5.26111e-05
700000.0003	6.58739e-06
700000.0003	6.13452e-05
700000.0003	5.3099e-05
700000.0003	-1.04202e-05
700000.0003	6.20055e-05
700000.0003	2.70038e-05
700000.0003	5.33188e-05
700000.0003	3.41187e-05
700000.0003	1.19638e-05
700000.0003	1.62169e-05
700000.0003	1.09207e-05
700000.0003	-2.08838e-05
700000.0003	4.36821e-05
700000.0003	-8.23869e-06
700000.0003	6.21653e-05
700000.0003	6.50745e-06
700000.0003	3.152e-06
700000.0003	1.44433e-05
700000.0003	-3.90434e-05
700000.0003	4.37797e-05
700000.0003	-3.35401e-05
700000.0003	-4.56087e-05
700000.0003	2.16071e-05
700000.0003	4.3946e-05
700000.0003	7.22952e-05
700000.0003	1.96564e-05
700000.0003	-5.41258e-05
700000.0003	4.67647e-05
700000.0003	4.83672e-05
700000.0003	2.004e-05
700000.0003	1.79266e-05
700000.0003	2.83748e-05
700000.0003	1.95555e-05
700000.0003	-1.35542e-05
700000.0003	-1.05428e-05
700000.0003	2.35645e-05
700000.0003	1.12074e-05
700000.0003	2.67997e-05
700000.0003	2.54197e-05
700000.0003	-6.41404e-05
700000.0003	-7.66885e-06
700000.0003	-5.38157e-06
700000.0003	-1.39699e-05
700000.0003	5.51303e-05
700000.0003	2.32983e-05
700000.0003	-1.11102e-05
700000.0003	1.68271e-06
700000.0003	-1.71913e-06
700000.0003	-3.98551e-05
700000.0003	1.65048e-05
700000.0003	-7.88128e-06
700000.0003	5.68608e-05
700000.0003	3.36709e-05
700000.0003	-2.83966e-05
700000.0003	2.12973e-05
700000.0003	-2.70265e-05
700000.0003	-1.80575e-05
700000.0003	3.838e-05
700000.0003	2.62649e-06
700000.0003	-1.27939e-05
700000.0003	-2.9148e-05
700000.0003	9.29344e-06
700000.0003	-5.20087e-05
700000.0003	4.8449e-05
700000.0003	1.8385e-05
700000.0003	-3.6237e-05
700000.0003	-5.09001e-05
700000.0003	-3.38521e-05
700000.0003	-1.15587e-05
700000.0003	5.59999e-05
700000.0003	-2.01092e-05
700000.0003	-1.90434e-05
700000.0003	1.35378e-05
700000.0003	-7.39132e-06
700000.0003	9.6154e-05
700000.0003	2.50131e-06
700000.0003	-2.13955e-05
700000.0003	1.13732e-05
700000.0003	-2.8773e-05
700000.0003	-2.42021e-05
700000.0003	-1.456e-05
700000.0003	3.25741e-05
700000.0003	1.1981e-05
700000.0003	3.91732e-05
700000.0003	-4.36737e-05
700000.0003	-8.69325e-06
700000.0003	-1.40203e-05
700000.0003	-8.26674e-05
700000.0003	-4.28724e-05
700000.0003	-2.00829e-05
700000.0003	-1.11379e-05
700000.0003	-6.16882e-05
700000.0003	4.72198e-05
700000.0003	-5.71263e-05
700000.0003	6.20687e-05
700000.0003	4.98883e-05
700000.0003	-5.584e-05
700000.0003	4.1736e-05
700000.0003	-0.000123558
700000.0003	-9.88418e-05
700000.0003	0.000212246
700000.0003	-2.87925e-05
700000.0003	8.90602e-05
700000.0003	-4.90947e-06
700000.0003	-6.58585e-05
700000.0003	-0.000223678
700000.0003	-0.000229125
700000.0003	-0.000131787
700000.0003	0.000155979
700000.0003	-0.000126519
700000.0003	6.40147e-05
700000.0003	-0.000589995
700000.0003	-0.00262028
700000.0003	-0.00201518
700000.0003	0.00290155
700000.0003	-0.000414347
700000.0003	-0.000499732
700000.0003	0.00415273
700000.0003	0.00210465
700000.0003	-0.000255708
700000.0003	-0.00496682
700000.0003	0.00925011
700000.0003	0.00446154
700000.0003	0.0116916
700000.0003	0.0155255
700000.0003	0.00751908
700000.0003	0.018003
700000.0003	0.0214419
700000.0003	0.0184909
700000.0003	0.00509123
700000.0003	-0.00489307
700000.0003	-0.0186575
700000.0003	0.00069964
700000.0003	0.045817
700000.0003	0.0156515
700000.0003	0.0303991
700000.0003	0.0382043
700000.0003	0.0141996
700000.0003	-0.0139397
700000.0003	-0.0150893
700000.0003	0.000419755
700000.0003	0.0107943
700000.0003	-0.00579342
700000.0003	0.0516905
700000.0003	0.0220476
700000.0003	0.00266313
700000.0003	0.0339482
700000.0003	-0.0276432
700000.0003	-0.0064596
700000.0003	0.0160536
700000.0003	-0.000222559
700000.0003	-0.00605689
700000.0003	-0.0551548
700000.0003	0.0439596
700000.0003	0.00464015
700000.0003	-0.0384699
700000.0003	-0.00265704
700000.0003	0.0183763
700000.0003	0.0166157
700000.0003	0.00547311
700000.0003	-0.0533516
700000.0003	-0.0345324
700000.0003	-0.00132903
700000.0003	-0.0106874
700000.0003	-0.0112608
700000.0003	0.0159181
700000.0003	-0.036559
700000.0003	-0.00616159
700000.0003	-0.0109067
700000.0003	-0.00265829
700000.0003	0.0065515
700000.0003	-0.0274158
700000.0003	-0.0282311
700000.0003	0.00626804
700000.0003	0.00594527
700000.0003	-0.0442292
700000.0003	-0.0671927
700000.0003	0.019876
700000.0003	-0.0573647
700000.0003	-0.00851335
700000.0003	-0.026766
700000.0003	-0.0536058
700000.0003	0.0204831
700000.0003	0.00930441
700000.0003	-0.0136637
700000.0003	-0.0126364
700000.0003	0.00735779
700000.0003	-0.0212401
700000.0003	0.00338853
700000.0003	-0.00622751
700000.0003	-0.0074001
700000.0003	0.00189558
700000.0003	-0.0254104
700000.0003	0.0726197
700000.0003	-0.0552173
700000.0003	-0.0106138
700000.0003	-0.00280942
700000.0003	-0.0361242
700000.0003	0.0443765
700000.0003	-0.0644144
700000.0003	0.0120828
700000.0003	0.0120537
700000.0003	0.028966
700000.0003	0.0268523
700000.0003	-0.0217437
700000.0003	-0.0161038
700000.0003	-0.0383964
700000.0003	0.0162045
700000.0003	0.0156449
700000.0003	0.0131259
700000.0003	0.0115183
700000.0003	-0.0487362
700000.0003	-0.0519788
700000.0003	0.00232357
700000.0003	-0.0272676
700000.0003	0.0135589
700000.0003	-0.00132609
700000.0003	-0.0243249
700000.0003	-0.0581866
700000.0003	-0.0213672
700000.0003	-0.0326154
700000.0003	0.0367128
700000.0003	-0.0181536
700000.0003	0.00082439
700000.0003	0.00153067
700000.0003	0.0375604
700000.0003	0.0310101
700000.0003	-0.00230018
700000.0003	0.0248177
700000.0003	0.00725367
700000.0003	-0.0126146
700000.0003	-0.00884294
700000.0003	-0.0269188
700000.0003	-0.0252464
700000.0003	0.0154559
700000.0003	0.0249268
700000.0003	-0.0238781
700000.0003	-0.00351272
700000.0003	-0.0528291
700000.0003	0.0229682
700000.0003	0.0108071
700000.0003	-0.0108015
700000.0003	0.0189586
700000.0003	0.0337221
700000.0003	-0.0359509
700000.0003	0.0184228
700000.0003	-0.0201831
700000.0003	-0.00946451
700000.0003	-0.00852963
700000.0003	-0.0250568
700000.0003	-0.000633562
700000.0003	-0.0327684
700000.0003	-0.0625444
700000.0003	-0.0393673
700000.0003	-0.00649477
700000.0003	0.00519568
700000.0003	-0.0323349
700000.0003	-0.0172779
700000.0003	-0.0145787
700000.0003	0.0114098
700000.0003	0.0239273
700000.0003	-0.0559502
700000.0003	0.0147021
700000.0003	0.0189136
700000.0003	0.0238489
700000.0003	0.0169525
700000.0003	-0.0168459
700000.0003	0.0106339
700000.0003	-0.0309788
700000.0003	0.0143524
700000.0003	-0.00867091
700000.0003	0.0155875
700000.0003	0.0173173
700000.0003	-0.0170535
700000.0003	-0.00805226
700000.0003	-0.00772877
700000.0003	-0.000987321
700000.0003	0.0259407
700000.0003	-0.0492844
700000.0003	0.0208169
700000.0003	-0.0155212
700000.0003	0.00836861
700000.0003	-0.0189194
700000.0003	-0.0036585
700000.0003	0.0301673
700000.0003	-0.0195224
700000.0003	0.046275
700000.0003	-0.00360499
700000.0003	0.0253169
700000.0003	-0.00603541
700000.0003	-0.00580488
700000.0003	0.0115251
700000.0003	-0.0113145
700000.0003	0.00750379
700000.0003	-0.0110007
700000.0003	-0.0301428
700000.0003	-0.00171972
700000.0003	-0.0138051
700000.0003	0.00892129
700000.0003	-0.0245064
700000.0003	0.00459218
700000.0003	-0.00919029
700000.0003	-0.0302394
700000.0003	0.0173974
700000.0003	-0.00715773
700000.0003	0.00256834
700000.0003	-0.0193603
700000.0003	0.00401917
700000.0003	0.017316
700000.0003	0.00528639
700000.0003	-0.00125736
700000.0003	-0.00724448
700000.0003	0.0185474
700000.0003	-0.00226122
700000.0003	0.00919741
700000.0003	-0.00584479
700000.0003	-0.016446
700000.0003	-0.0135277
700000.0003	-0.0157575
700000.0003	-0.0103033
700000.0003	0.0179844
700000.0003	0.00148697
700000.0003	0.00960883
700000.0003	0.00697931
700000.0003	-0.00383715
700000.0003	-0.0146793
700000.0003	0.00788689
700000.0003	0.0041049
700000.0003	0.00742287
700000.0003	-0.00715221
700000.0003	-0.00566304
700000.0003	-0.00373266
700000.0003	0.00307036
700000.0003	-0.0127111
700000.0003	-0.0101055
700000.0003	0.0102493
700000.0003	0.0138042
700000.0003	-0.00593328
700000.0003	-0.00321888
700000.0003	0.00745016
700000.0003	0.0122233
700000.0003	-0.00404243
700000.0003	-0.00437621
700000.0003	0.00191662
700000.0003	0.00840898
700000.0003	0.00606333
700000.0003	-0.000956078
700000.0003	0.00246747
700000.0003	0.00263981
700000.0003	0.00332286
700000.0003	-0.00200249
700000.0003	0.0046297
700000.0003	0.0041063
700000.0003	0.0022937
700000.0003	-0.000242156
700000.0003	-0.00212744
700000.0003	0.00124125
700000.0003	0.000645505
700000.0003	-0.00449709
700000.0003	0.00608308
700000.0003	-0.00231962
700000.0003	0.00320859
700000.0003	0.0023571
700000.0003	-0.0012046
700000.0003	0.000605939
700000.0003	0.00147895
700000.0003	0.000972807
700000.0003	0.000957222
700000.0003	0.00202907
700000.0003	0.00183433
700000.0003	-0.000826087
700000.0003	0.000976814
700000.0003	0.000136134
700000.0003	-3.37874e-05
700000.0003	0.000631375
700000.0003	0.000547497
700000.0003	0.000991124
700000.0003	0.000364691
700000.0003	0.000519377
700000.0003	-0.000710959
700000.0003	-0.000834801
700000.0003	-0.000489834
700000.0003	-0.000623773
700000.0003	-2.18723e-05
700000.0003	0.000359914
700000.0003	-0.00021939
700000.0003	0.000379041
700000.0003	0.000457632
700000.0003	0.000422322
700000.0003	0.00030217
700000.0003	0.000198342
700000.0003	8.95007e-05
700000.0003	-8.67673e-05
700000.0003	-6.51228e-05
700000.0003	-7.37566e-05
700000.0003	4.40743e-06
700000.0003	0.000168275
700000.0003	-1.33955e-05
700000.0003	1.88343e-05
700000.0003	0.000102671
700000.0003	-0.000118689
700000.0003	-1.9886e-05
700000.0003	7.77501e-05
700000.0003	-1.91742e-05
700000.0003	1.477e-05
700000.0003	-3.2442e-05
700000.0003	7.63539e-06
700000.0003	-5.93625e-05
700000.0003	-2.26131e-05
700000.0003	7.74845e-05
700000.0003	-4.74629e-05
700000.0003	2.67448e-05
700000.0003	-3.50623e-05
700000.0003	-1.71508e-05
700000.0003	-3.96217e-05
700000.0003	-5.36097e-05
700000.0003	4.47074e-05
700000.0003	2.83584e-05
700000.0003	-2.66569e-05
700000.0003	-7.72391e-05
700000.0003	-6.27334e-05
700000.0003	-5.56211e-07
700000.0003	2.05921e-05
700000.0003	-1.1991e-05
700000.0003	9.73304e-06
700000.0003	2.91022e-05
700000.0003	-3.87283e-06
700000.0003	-1.31599e-05
700000.0003	-3.17268e-05
700000.0003	-6.97445e-06
700000.0003	4.2962e-05
700000.0003	-9.29717e-06
700000.0003	-2.27982e-05
700000.0003	-1.42159e-05
700000.0003	-1.60679e-05
700000.0003	2.22145e-05
700000.0003	5.61237e-05
700000.0003	-5.94645e-05
700000.0003	-1.21235e-05
700000.0003	3.43924e-05
700000.0003	2.97554e-06
700000.0003	-3.14687e-05
700000.0003	-4.47293e-05
700000.0003	1.88983e-05
700000.0003	1.01942e-05
700000.0003	-5.25015e-05
700000.0003	6.4739e-06
700000.0003	2.87554e-05
700000.0003	1.80633e-05
700000.0003	2.01242e-05
700000.0003	-4.15229e-05
700000.0003	-3.00459e-05
700000.0003	-2.92489e-05
700000.0003	-7.39471e-05
700000.0003	1.28513e-05
700000.0003	-4.83354e-05
700000.0003	1.26346e-05
700000.0003	1.45608e-05
700000.0003	-9.29062e-06
700000.0003	2.91557e-05
700000.0003	-3.63036e-06
700000.0003	-4.50767e-05
700000.0003	-2.10856e-05
700000.0003	-9.34197e-05
700000.0003	6.96705e-06
700000.0003	4.05809e-05
700000.0003	-5.49498e-05
700000.0003	-2.04601e-05
700000.0003	1.85993e-05
700000.0003	-6.85331e-05
700000.0003	-1.21002e-05
700000.0003	1.97538e-05
700000.0003	-4.80153e-05
700000.0003	-2.89001e-05
700000.0003	6.19259e-05
700000.0003	6.17923e-05
700000.0003	-7.80176e-05
700000.0003	-5.93278e-05
700000.0003	2.56067e-07
700000.0003	-4.88944e-05
700000.0003	8.02915e-06
700000.0003	6.79227e-06
700000.0003	-5.53063e-05
700000.0003	-8.61076e-05
700000.0003	-8.89602e-05
700000.0003	-0.000149558
700000.0003	-5.1269e-05
700000.0003	-2.28097e-05
700000.0003	-0.000133712
700000.0003	6.09317e-05
700000.0003	-0.00015266
700000.0003	-2.24729e-05
700000.0003	-7.87274e-05
700000.0003	-4.28451e-05
700000.0003	0.000138679
700000.0003	-5.27184e-05
700000.0003	-5.36861e-05
700000.0003	-4.97348e-05
700000.0003	-0.000236835
700000.0003	-0.000225469
700000.0003	-0.000112562
700000.0003	-4.1019e-06
700000.0003	5.65559e-05
700000.0003	-0.000427583
700000.0003	0.00059183
700000.0003	0.0181083
700000.0003	0.0236488
700000.0003	0.0364291
700000.0003	0.0602188
700000.0003	0.102018
700000.0003	0.166889
700000.0003	0.268006
700000.0003	0.408313
700000.0003	0.605442
700000.0003	0.880543
700000.0003	1.25166
700000.0003	1.76742
700000.0003	2.44865
700000.0003	3.3475
700000.0003	4.45922
700000.0003	5.8367
700000.0003	7.44272
700000.0003	9.26219
700000.0003	11.2774
700000.0003	13.3221
700000.0003	15.2509
700000.0003	16.9366
700000.0003	18.2389
700000.0003	19.037
700000.0003	19.5225
700000.0003	19.6378
700000.0003	19.6749
700000.0003	19.4271
700000.0003	19.3114
700000.0003	19.0227
700000.0003	18.7843
700000.0003	18.5442
700000.0003	18.2406
700000.0003	17.9451
700000.0003	17.7222
700000.0003	17.5439
700000.0003	17.2312
700000.0003	16.9485
700000.0003	16.668
700000.0003	16.2934
700000.0003	15.9803
700000.0003	15.6932
700000.0003	15.3899
700000.0003	15.1062
700000.0003	14.8927
700000.0003	14.6538
700000.0003	14.4056
700000.0003	14.224
700000.0003	14.0501
700000.0003	13.9207
700000.0003	13.7672
700000.0003	13.6392
700000.0003	13.4806
700000.0003	13.3399
700000.0003	13.164
700000.0003	13.0904
700000.0003	12.9831
700000.0003	12.9413
700000.0003	12.8118
700000.0003	12.6756
700000.0003	12.5826
700000.0003	12.4255
700000.0003	12.4349
700000.0003	12.286
700000.0003	12.3915
700000.0003	12.17
700000.0003	12.0485
700000.0003	12.0368
700000.0003	11.9673
700000.0003	11.9078
700000.0003	11.9165
700000.0003	11.7971
700000.0003	11.7928
700000.0003	11.6598
700000.0003	11.7097
700000.0003	11.5581
700000.0003	11.5471
700000.0003	11.5149
700000.0003	11.416
700000.0003	11.5169
700000.0003	11.3972
700000.0003	11.4443
700000.0003	11.4302
700000.0003	11.3736
700000.0003	11.3165
700000.0003	11.2788
700000.0003	11.1658
700000.0003	11.2503
700000.0003	11.0883
700000.0003	11.0893
700000.0003	11.0507
700000.0003	11.0341
700000.0003	11.0774
700000.0003	11.0777
700000.0003	10.9919
700000.0003	11.0175
700000.0003	10.9213
700000.0003	10.8783
700000.0003	10.9022
700000.0003	10.8524
700000.0003	10.8824
700000.0003	10.9117
700000.0003	10.9148
700000.0003	10.8647
700000.0003	10.8335
700000.0003	10.8056
700000.0003	10.7985
700000.0003	10.847
700000.0003	10.7904
700000.0003	10.8973
700000.0003	10.8267
700000.0003	10.8114
700000.0003	10.7705
700000.0003	10.7328
700000.0003	10.7265
700000.0003	10.6699
700000.0003	10.6664
700000.0003	10.708
700000.0003	10.706
700000.0003	10.6723
700000.0003	10.694
700000.0003	10.6325
700000.0003	10.6758
700000.0003	10.6197
700000.0003	10.7028
700000.0003	10.6806
700000.0003	10.6661
700000.0003	10.6746
700000.0003	10.6882
700000.0003	10.6651
700000.0003	10.6904
700000.0003	10.6326
700000.0003	10.6257
700000.0003	10.5799
700000.0003	10.5305
700000.0003	10.6898
700000.0003	10.5925
700000.0003	10.6386
700000.0003	10.6836
700000.0003	10.5893
700000.0003	10.6824
700000.0003	10.5588
700000.0003	10.5915
700000.0003	10.6393
700000.0003	10.6698
700000.0003	10.5148
700000.0003	10.548
700000.0003	10.5165
700000.0003	10.5574
700000.0003	10.5188
700000.0003	10.5408
700000.0003	10.512
700000.0003	10.4692
700000.0003	10.473
700000.0003	10.3918
700000.0003	10.4306
700000.0003	10.316
700000.0003	10.2904
700000.0003	10.2895
700000.0003	10.3173
700000.0003	10.2253
700000.0003	10.1322
700000.0003	10.094
700000.0003	10.0677
700000.0003	9.99017
700000.0003	9.94373
700000.0003	9.96118
700000.0003	9.90076
700000.0003	9.79511
700000.0003	9.71363
700000.0003	9.67454
700000.0003	9.6419
700000.0003	9.60538
700000.0003	9.52102
700000.0003	9.49141
700000.0003	9.45873
700000.0003	9.38065
700000.0003	9.33582
700000.0003	9.22244
700000.0003	9.16631
700000.0003	9.08548
700000.0003	8.98627
700000.0003	8.98956
700000.0003	8.85587
700000.0003	8.81545
700000.0003	8.74107
700000.0003	8.71779
700000.0003	8.68259
700000.0003	8.55424
700000.0003	8.45524
700000.0003	8.39036
700000.0003	8.27329
700000.0003	8.23387
700000.0003	8.17616
700000.0003	8.09188
700000.0003	7.99484
700000.0003	7.88971
700000.0003	7.87756
700000.0003	7.77648
700000.0003	7.66386
700000.0003	7.64036
700000.0003	7.5205
700000.0003	7.47509
700000.0003	7.35253
700000.0003	7.30082
700000.0003	7.23652
700000.0003	7.12186
700000.0003	7.03987
700000.0003	6.97799
700000.0003	6.88977
700000.0003	6.80634
700000.0003	6.78889
700000.0003	6.69892
700000.0003	6.6141
700000.0003	6.53527
700000.0003	6.49685
700000.0003	6.4104
700000.0003	6.32305
700000.0003	6.25159
700000.0003	6.19193
700000.0003	6.15606
700000.0003	6.07009
700000.0003	6.01502
700000.0003	5.96467
700000.0003	5.91458
700000.0003	5.87025
700000.0003	5.80598
700000.0003	5.79738
700000.0003	5.73662
700000.0003	5.71062
700000.0003	5.65418
700000.0003	5.6357
700000.0003	5.62171
700000.0003	5.5633
700000.0003	5.52695
700000.0003	5.50339
700000.0003	5.45535
700000.0003	5.38733
700000.0003	5.30984
700000.0003	5.22228
700000.0003	5.12538
700000.0003	4.99083
700000.0003	4.82937
700000.0003	4.66641
700000.0003	4.46226
700000.0003	4.26052
700000.0003	4.01848
700000.0003	3.78912
700000.0003	3.53892
700000.0003	3.2883
700000.0003	3.03306
700000.0003	2.79243
700000.0003	2.55816
700000.0003	2.33649
700000.0003	2.12093
700000.0003	1.93109
700000.0003	1.7444
700000.0003	1.57829
700000.0003	1.428
700000.0003	1.28487
700000.0003	1.1526
700000.0003	1.03427
700000.0003	0.925491
700000.0003	0.825776
700000.0003	0.731957
700000.0003	0.652155
700000.0003	0.576013
700000.0003	0.506338
700000.0003	0.447197
700000.0003	0.389893
700000.0003	0.3396
700000.0003	0.294188
700000.0003	0.25518
700000.0003	0.219089
700000.0003	0.188691
700000.0003	0.160142
700000.0003	0.137006
700000.0003	0.11586
700000.0003	0.0977207
700000.0003	0.0820792
700000.0003	0.0693183
700000.0003	0.0580089
700000.0003	0.0481349
700000.0003	0.0404402
700000.0003	0.0337477
700000.0003	0.0286329
700000.0003	0.0240601
700000.0003	0.019927
700000.0003	0.0171481
700000.0003	0.0144701
700000.0003	0.0124391
700000.0003	0.0109505
700000.0003	0.00949802
700000.0003	0.00832067
700000.0003	0.00751538
700000.0003	0.00684904
700000.0003	0.00624532
700000.0003	0.00579195
700000.0003	0.00548239
700000.0003	0.00518314
700000.0003	0.00511969
700000.0003	0.00495375
700000.0003	0.00493687
700000.0003	0.0048878
700000.0003	0.0047776
700000.0003	0.00473546
700000.0003	0.004613
700000.0003	0.00454316
700000.0003	0.00454898
700000.0003	0.00449945
700000.0003	0.00448817
700000.0003	0.00445604
700000.0003	0.0043699
700000.0003	0.004277
700000.0003	0.00432551
700000.0003	0.0043052
700000.0003	0.00424704
700000.0003	0.00425518
700000.0003	0.00424626
700000.0003	0.00422369
700000.0003	0.00417486
700000.0003	0.00413872
700000.0003	0.00420474
700000.0003	0.00416195
700000.0003	0.00413214
700000.0003	0.00411863
700000.0003	0.00412791
700000.0003	0.0041173
700000.0003	0.00411251
700000.0003	0.00414419
700000.0003	0.00411606
700000.0003	0.00411942
700000.0003	0.0040878
700000.0003	0.00412482
700000.0003	0.00409122
700000.0003	0.00407734
700000.0003	0.00409777
700000.0003	0.00409817
700000.0003	0.00412121
700000.0003	0.0040782
700000.0003	0.0041422
700000.0003	0.00412239
700000.0003	0.00413876
700000.0003	0.00412892
700000.0003	0.00411826
700000.0003	0.00410503
700000.0003	0.00415742
700000.0003	0.00414701
700000.0003	0.00418118
700000.0003	0.00411204
700000.0003	0.00414384
700000.0003	0.00415477
700000.0003	0.00416188
700000.0003	0.00418548
700000.0003	0.00420931
700000.0003	0.00418898
700000.0003	0.00423168
700000.0003	0.00425275
700000.0003	0.00426851
700000.0003	0.0042955
700000.0003	0.00431041
700000.0003	0.00434184
700000.0003	0.0043189
700000.0003	0.00438997
700000.0003	0.00439209
700000.0003	0.00441789
700000.0003	0.00445042
700000.0003	0.00446299
700000.0003	0.00451564
700000.0003	0.00450319
700000.0003	0.00463719
700000.0003	0.00463058
700000.0003	0.00466883
700000.0003	0.00469893
700000.0003	0.00485187
700000.0003	0.00490845
700000.0003	0.00500875
700000.0003	0.00504945
700000.0003	0.00520419
700000.0003	0.00532759
700000.0003	0.00541069
700000.0003	0.00558003
700000.0003	0.00570761
700000.0003	0.00583324
700000.0003	0.00612573
700000.0003	0.00624924
700000.0003	0.0066159
700000.0003	0.0069225
700000.0003	0.00731424
700000.0003	0.00757911
700000.0003	0.00817706
700000.0003	0.00845617
700000.0003	0.00926076
700000.0003	0.0099885
700000.0003	0.0108817
700000.0003	0.0117372
700000.0003	0.0128476
700000.0003	0.0139127
700000.0003	0.0150642
700000.0003	0.0165678
