700000.0003	28.5135
700000.0003	101.161
700000.0003	200.893
700000.0003	344.588
700000.0003	532.482
700000.0003	774.621
700000.0003	1070.1
700000.0003	1430.4
700000.0003	1836.32
700000.0003	2286.53
700000.0003	2778.19
700000.0003	3295.06
700000.0003	3859.64
700000.0003	4447.89
700000.0003	4997.42
700000.0003	5545.99
700000.0003	5994.19
700000.0003	6412.73
700000.0003	6668.79
700000.0003	6884.58
700000.0003	7020.77
700000.0003	7084.46
700000.0003	7144.34
700000.0003	7064.05
700000.0003	6928.72
700000.0003	6776.68
700000.0003	6557.65
700000.0003	6322.21
700000.0003	6080.25
700000.0003	5729.89
700000.0003	5348.46
700000.0003	4965.5
700000.0003	4536.32
700000.0003	4041.76
700000.0003	3547.84
700000.0003	2954.19
700000.0003	2363.11
700000.0003	1746.07
700000.0003	1072.43
700000.0003	367.18
700000.0003	0
700000.0003	0
700000.0003	0
700000.0003	0
700000.0003	0
700000.0003	0
700000.0003	0
700000.0003	0
700000.0003	0
700000.0003	0
700000.0003	0
700000.0003	0
700000.0003	0
700000.0003	0
700000.0003	0
700000.0003	0
700000.0003	0
700000.0003	0
700000.0003	0
700000.0003	0
700000.0003	0
700000.0003	0
700000.0003	0
700000.0003	0
700000.0003	0
700000.0003	0
700000.0003	0
700000.0003	0
700000.0003	0
700000.0003	0
700000.0003	0
700000.0003	0
700000.0003	0
700000.0003	0
700000.0003	0
700000.0003	0
700000.0003	0
700000.0003	0
700000.0003	0
700000.0003	0
700000.0003	0
700000.0003	0
700000.0003	0
700000.0003	0
700000.0003	0
700000.0003	0
700000.0003	0
700000.0003	0
700000.0003	0
700000.0003	0
700000.0003	0
700000.0003	0
700000.0003	0
700000.0003	0
700000.0003	0
700000.0003	0
700000.0003	0
700000.0003	0
700000.0003	0
700000.0003	0
700000.0003	0
700000.0003	0
700000.0003	0
700000.0003	0
700000.0003	0
700000.0003	0
700000.0003	0
700000.0003	0
700000.0003	0
700000.0003	0
700000.0003	0
700000.0003	0
700000.0003	0
700000.0003	0
700000.0003	0
700000.0003	0
700000.0003	0
700000.0003	0
700000.0003	0
700000.0003	0
700000.0003	0
700000.0003	0
700000.0003	0
700000.0003	0
700000.0003	0
700000.0003	0
700000.0003	0
700000.0003	0
700000.0003	0
700000.0003	0
700000.0003	0
700000.0003	0
700000.0003	0
700000.0003	0
700000.0003	0
700000.0003	0
700000.0003	0
700000.0003	0
700000.0003	0
700000.0003	0
700000.0003	-23.6799
700000.0003	-70.0606
700000.0003	-116.488
700000.0003	-162.426
700000.0003	-207.093
700000.0003	-251.122
700000.0003	-294.382
700000.0003	-339.199
700000.0003	-379.797
700000.0003	-426.627
700000.0003	-466.725
700000.0003	-509.241
700000.0003	-551.549
700000.0003	-590.659
700000.0003	-630.319
700000.0003	-665.389
700000.0003	-703.1
700000.0003	-743.526
700000.0003	-777.856
700000.0003	-813.319
700000.0003	-851.532
700000.0003	-887.091
700000.0003	-917.627
700000.0003	-960.031
700000.0003	-990.954
700000.0003	-1022.27
700000.0003	-1054.48
700000.0003	-1084.14
700000.0003	-1117.99
700000.0003	-1149.09
700000.0003	-1179.33
700000.0003	-1202.22
700000.0003	-1236.35
700000.0003	-1264.85
700000.0003	-1288.39
700000.0003	-1320.84
700000.0003	-1349.18
700000.0003	-1373.69
700000.0003	-1403.55
700000.0003	-1417.99
700000.0003	-1443.02
700000.0003	-1465.22
700000.0003	-1494.45
700000.0003	-1508.6
700000.0003	-1533.79
700000.0003	-1562.32
700000.0003	-1579.97
700000.0003	-1606.53
700000.0003	-1610.49
700000.0003	-1643.68
700000.0003	-1658.95
700000.0003	-1673.13
700000.0003	-1693.66
700000.0003	-1713.67
700000.0003	-1721.35
700000.0003	-1741.46
700000.0003	-1748.37
700000.0003	-1756.67
700000.0003	-1787.15
700000.0003	-1791.79
700000.0003	-1802.25
700000.0003	-1822.13
700000.0003	-1835.98
700000.0003	-1825.63
700000.0003	-1857.19
700000.0003	-1854.04
700000.0003	-1863.32
700000.0003	-1875.3
700000.0003	-1882.5
700000.0003	-1899.45
700000.0003	-1900.09
700000.0003	-1892.92
700000.0003	-1905.03
700000.0003	-1907.24
700000.0003	-1917.35
700000.0003	-1926.43
700000.0003	-1927.9
700000.0003	-1931.37
700000.0003	-1921.18
700000.0003	-1922.11
700000.0003	-1926.96
700000.0003	-1926.07
700000.0003	-1927.07
700000.0003	-1920.85
700000.0003	-1928.08
700000.0003	-1914.67
700000.0003	-1913.83
700000.0003	-1910.46
700000.0003	-1903.6
700000.0003	-1904.88
700000.0003	-1886.31
700000.0003	-1881.34
700000.0003	-1874
700000.0003	-1859.46
700000.0003	-1842.59
700000.0003	-1831.16
700000.0003	-1818.75
700000.0003	-1801.87
700000.0003	-1780.83
700000.0003	-1768.04
700000.0003	-1744.87
700000.0003	-1715.51
700000.0003	-1692.21
700000.0003	-1656.23
700000.0003	-1624.42
700000.0003	-1579.65
700000.0003	-1542.36
700000.0003	-1499.95
700000.0003	-1450.61
700000.0003	-1394.4
700000.0003	-1343.11
700000.0003	-1289.92
700000.0003	-1225.07
700000.0003	-1162.93
700000.0003	-1098.55
700000.0003	-1037.04
700000.0003	-976.529
700000.0003	-914.553
700000.0003	-847.559
700000.0003	-788.849
700000.0003	-726.791
700000.0003	-669.07
700000.0003	-614.139
700000.0003	-564.229
700000.0003	-511.683
700000.0003	-467.327
700000.0003	-419.819
700000.0003	-377.995
700000.0003	-337.228
700000.0003	-298.579
700000.0003	-265.359
700000.0003	-233.749
700000.0003	-205.315
700000.0003	-178.597
700000.0003	-156.254
700000.0003	-133.952
700000.0003	-116.174
700000.0003	-98.7434
700000.0003	-85.2375
700000.0003	-72.1259
700000.0003	-61.9898
700000.0003	-51.9418
700000.0003	-44.6638
700000.0003	-37.8079
700000.0003	-31.5343
700000.0003	-26.8307
700000.0003	-22.5255
700000.0003	-18.6549
700000.0003	-15.7233
700000.0003	-13.2454
700000.0003	-10.9782
700000.0003	-9.07858
700000.0003	-7.38107
700000.0003	-6.06146
700000.0003	-4.84712
700000.0003	-3.74493
700000.0003	-2.70853
700000.0003	-1.88408
700000.0003	-1.10745
700000.0003	-0.369481
700000.0003	0
700000.0003	0
700000.0003	0
700000.0003	0
700000.0003	0
700000.0003	0
700000.0003	0
700000.0003	0
700000.0003	0
700000.0003	0
700000.0003	0
700000.0003	0
700000.0003	0
700000.0003	0
700000.0003	0
700000.0003	0
700000.0003	0
700000.0003	0
700000.0003	0
700000.0003	0
700000.0003	0
700000.0003	0
700000.0003	0
700000.0003	0
700000.0003	0
700000.0003	0
700000.0003	0
700000.0003	0
700000.0003	0
700000.0003	0
700000.0003	0
700000.0003	0
700000.0003	0
700000.0003	0
700000.0003	0
700000.0003	0
700000.0003	0
700000.0003	0
700000.0003	0
700000.0003	0
700000.0003	0
700000.0003	0
700000.0003	0
700000.0003	0
700000.0003	0
700000.0003	0
700000.0003	0
700000.0003	0
700000.0003	0
700000.0003	0
700000.0003	0
700000.0003	0
700000.0003	0
700000.0003	0
700000.0003	0
700000.0003	0
700000.0003	0
700000.0003	0
700000.0003	0
700000.0003	0
700000.0003	0
700000.0003	0
700000.0003	0
700000.0003	0
700000.0003	0
700000.0003	0
700000.0003	0
700000.0003	0
700000.0003	0
700000.0003	0
700000.0003	0
700000.0003	0
700000.0003	0
700000.0003	0
700000.0003	0
700000.0003	0
700000.0003	0
700000.0003	0
700000.0003	0
700000.0003	0
700000.0003	0
700000.0003	0
700000.0003	0
700000.0003	0
700000.0003	0
700000.0003	0
700000.0003	0
700000.0003	0
700000.0003	0
700000.0003	0
700000.0003	0
700000.0003	0
700000.0003	0
700000.0003	0
700000.0003	0
700000.0003	0
700000.0003	0
700000.0003	0
700000.0003	0
700000.0003	0
700000.0003	0.103701
700000.0003	0.846672
700000.0003	-0.171836
700000.0003	-1.18836
700000.0003	1.24224
700000.0003	-1.27509
700000.0003	0.427713
700000.0003	-1.04056
700000.0003	8.12201
700000.0003	-6.44104
700000.0003	0.342913
700000.0003	-0.155467
700000.0003	-2.64404
700000.0003	-3.03193
700000.0003	-1.59837
700000.0003	0.496049
700000.0003	4.96261
700000.0003	-7.59864
700000.0003	4.25601
700000.0003	-13.0614
700000.0003	7.03647
700000.0003	12.0062
700000.0003	-28.9296
700000.0003	-10.1451
700000.0003	0.207811
700000.0003	26.9334
700000.0003	-15.2603
700000.0003	1.96709
700000.0003	43.139
700000.0003	20.1839
700000.0003	-4.13119
700000.0003	2.621
700000.0003	12.0199
700000.0003	2.61381
700000.0003	3.81848
700000.0003	-2.67591
700000.0003	-10.3846
700000.0003	9.43132
700000.0003	-1.39702
700000.0003	0.109919
700000.0003	0
700000.0003	0
700000.0003	0
700000.0003	0
700000.0003	0
700000.0003	0
700000.0003	0
700000.0003	0
700000.0003	0
700000.0003	0
700000.0003	0
700000.0003	0
700000.0003	0
700000.0003	0
700000.0003	0
700000.0003	0
700000.0003	0
700000.0003	0
700000.0003	0
700000.0003	0
700000.0003	0
700000.0003	0
700000.0003	0
700000.0003	0
700000.0003	0
700000.0003	0
700000.0003	0
700000.0003	0
700000.0003	0
700000.0003	0
700000.0003	0
700000.0003	0
700000.0003	0
700000.0003	0
700000.0003	0
700000.0003	0
700000.0003	0
700000.0003	0
700000.0003	0
700000.0003	0
700000.0003	0
700000.0003	0
700000.0003	0
700000.0003	0
700000.0003	0
700000.0003	0
700000.0003	0
700000.0003	0
700000.0003	0
700000.0003	0
700000.0003	0
700000.0003	0
700000.0003	0
700000.0003	0
700000.0003	0
700000.0003	0
700000.0003	0
700000.0003	0
700000.0003	0
700000.0003	0
700000.0003	0
700000.0003	0
700000.0003	0
700000.0003	0
700000.0003	0
700000.0003	0
700000.0003	0
700000.0003	0
700000.0003	0
700000.0003	0
700000.0003	0
700000.0003	0
700000.0003	0
700000.0003	0
700000.0003	0
700000.0003	0
700000.0003	0
700000.0003	0
700000.0003	0
700000.0003	0
700000.0003	0
700000.0003	0
700000.0003	0
700000.0003	0
700000.0003	0
700000.0003	0
700000.0003	0
700000.0003	0
700000.0003	0
700000.0003	0
700000.0003	0
700000.0003	0
700000.0003	0
700000.0003	0
700000.0003	0
700000.0003	0
700000.0003	0
700000.0003	0
700000.0003	0
700000.0003	0
700000.0003	-0.0205677
700000.0003	0.139212
700000.0003	0.0354556
700000.0003	-0.213272
700000.0003	0.229463
700000.0003	0.126503
700000.0003	1.31168
700000.0003	0.335295
700000.0003	0.946479
700000.0003	-0.262977
700000.0003	0.345972
700000.0003	-0.260604
700000.0003	0.27843
700000.0003	0.829726
700000.0003	3.25158
700000.0003	-2.25118
700000.0003	-1.21677
700000.0003	-3.12619
700000.0003	1.32874
700000.0003	-0.287825
700000.0003	-2.69025
700000.0003	1.82522
700000.0003	-1.69985
700000.0003	-0.286788
700000.0003	1.58481
700000.0003	1.64252
700000.0003	1.61285
700000.0003	-1.96275
700000.0003	-0.0903507
700000.0003	-2.11567
700000.0003	-0.985962
700000.0003	4.55773
700000.0003	-0.76804
700000.0003	0.603917
700000.0003	3.64502
700000.0003	1.29687
700000.0003	3.99986
700000.0003	6.78656
700000.0003	0.758871
700000.0003	-0.272643
700000.0003	4.18902
700000.0003	-5.78421
700000.0003	1.89886
700000.0003	0.502479
700000.0003	2.28899
700000.0003	3.90825
700000.0003	2.59254
700000.0003	-2.64897
700000.0003	-1.48519
700000.0003	7.24133
700000.0003	1.52133
700000.0003	-1.74843
700000.0003	8.77114
700000.0003	2.74903
700000.0003	1.74639
700000.0003	5.57461
700000.0003	4.11811
700000.0003	1.93898
700000.0003	0.102089
700000.0003	-0.995332
700000.0003	-3.14068
700000.0003	1.56957
700000.0003	-10.4828
700000.0003	-5.77535
700000.0003	3.55818
700000.0003	1.70234
700000.0003	3.26369
700000.0003	-1.77777
700000.0003	-3.63909
700000.0003	1.62107
700000.0003	2.31226
700000.0003	-6.82216
700000.0003	2.27593
700000.0003	3.73625
700000.0003	-0.759626
700000.0003	2.39413
700000.0003	6.19417
700000.0003	-1.69096
700000.0003	-0.2131
700000.0003	1.57429
700000.0003	1.10341
700000.0003	-3.52068
700000.0003	5.97918
700000.0003	-2.92879
700000.0003	1.68095
700000.0003	1.58203
700000.0003	1.06118
700000.0003	-1.24452
700000.0003	-7.33401
700000.0003	3.89481
700000.0003	1.46544
700000.0003	1.79394
700000.0003	3.00412
700000.0003	0.987754
700000.0003	-4.2754
700000.0003	1.30236
700000.0003	6.49498
700000.0003	4.07415
700000.0003	1.52192
700000.0003	-1.04661
700000.0003	-1.66027
700000.0003	5.1665
700000.0003	-3.49494
700000.0003	-0.949355
700000.0003	-2.93138
700000.0003	1.47622
700000.0003	0.622614
700000.0003	0.247025
700000.0003	1.15941
700000.0003	-2.64378
700000.0003	-0.592472
700000.0003	-0.708429
700000.0003	0.330484
700000.0003	-0.638142
700000.0003	-2.46075
700000.0003	-2.51382
700000.0003	1.02364
700000.0003	-1.70436
700000.0003	-1.43664
700000.0003	-0.822131
700000.0003	-0.202662
700000.0003	-0.857101
700000.0003	0.142413
700000.0003	0.796191
700000.0003	0.87674
700000.0003	-0.293285
700000.0003	-0.340594
700000.0003	-0.0250354
700000.0003	-0.41245
700000.0003	-1.19324
700000.0003	0.0788262
700000.0003	1.02302
700000.0003	-0.59962
700000.0003	-0.401715
700000.0003	-1.28001
700000.0003	-0.323866
700000.0003	-0.280594
700000.0003	0.305655
700000.0003	0.443677
700000.0003	0.201027
700000.0003	-0.0569416
700000.0003	-0.299384
700000.0003	0.344853
700000.0003	0.240642
700000.0003	0.233744
700000.0003	0.0934344
700000.0003	-0.0722261
700000.0003	-0.0293286
700000.0003	0.0453244
700000.0003	0.138318
700000.0003	0.0626312
700000.0003	-0.129891
700000.0003	0.136889
700000.0003	0.00102748
700000.0003	-0.0287896
700000.0003	0.0147401
700000.0003	-0.0440848
700000.0003	0.000487561
700000.0003	0.00982279
700000.0003	0.00474841
700000.0003	0
700000.0003	0
700000.0003	0
700000.0003	0
700000.0003	0
700000.0003	0
700000.0003	0
700000.0003	0
700000.0003	0
700000.0003	0
700000.0003	0
700000.0003	0
700000.0003	0
700000.0003	0
700000.0003	0
700000.0003	0
700000.0003	0
700000.0003	0
700000.0003	0
700000.0003	0
700000.0003	0
700000.0003	0
700000.0003	0
700000.0003	0
700000.0003	0
700000.0003	0
700000.0003	0
700000.0003	0
700000.0003	0
700000.0003	0
700000.0003	0
700000.0003	0
700000.0003	0
700000.0003	0
700000.0003	0
700000.0003	0
700000.0003	0
700000.0003	0
700000.0003	0
700000.0003	0
700000.0003	0
700000.0003	0
700000.0003	0
700000.0003	0
700000.0003	0
700000.0003	0
700000.0003	0
700000.0003	0
700000.0003	0
700000.0003	0
700000.0003	0
700000.0003	0
700000.0003	0
700000.0003	0
700000.0003	0
700000.0003	0
700000.0003	0
700000.0003	0
700000.0003	0
700000.0003	0
700000.0003	0
700000.0003	0
700000.0003	0
700000.0003	0
700000.0003	0
700000.0003	0
700000.0003	0
700000.0003	0
700000.0003	0
700000.0003	0
700000.0003	0
700000.0003	0
700000.0003	0
700000.0003	0
700000.0003	0
700000.0003	0
700000.0003	0
700000.0003	0
700000.0003	0
700000.0003	0
700000.0003	0
700000.0003	0
700000.0003	0
700000.0003	0
700000.0003	0
700000.0003	0
700000.0003	0
700000.0003	0
700000.0003	0
700000.0003	0
700000.0003	0
700000.0003	0
700000.0003	0
700000.0003	0
700000.0003	0
700000.0003	0
700000.0003	0
700000.0003	0
700000.0003	0
700000.0003	0
