700000.0003	1471601
700000.0003	1466194
700000.0003	1468593
700000.0003	1479421
700000.0003	1488307
700000.0003	1489560
700000.0003	1476362
700000.0003	1449229
700000.0003	1418161
700000.0003	1396091
700000.0003	1387026
700000.0003	1384485
700000.0003	1374053
700000.0003	1345351
700000.0003	1273658
700000.0003	1163838
700000.0003	1035422
700000.0003	901436
700000.0003	776346
700000.0003	668745
700000.0003	574398
700000.0003	496932
700000.0003	430963
700000.0003	375592
700000.0003	328367
700000.0003	289669
700000.0003	258493
700000.0003	232540
700000.0003	212386
700000.0003	193912
700000.0003	179786
700000.0003	168161
700000.0003	158420
700000.0003	149912
700000.0003	143477
700000.0003	137091
700000.0003	132305
700000.0003	129035
700000.0003	126109
700000.0003	123521
700000.0003	121703
700000.0003	119819
700000.0003	118703
700000.0003	117286
700000.0003	116667
700000.0003	115056
700000.0003	114539
700000.0003	113173
700000.0003	112277
700000.0003	111206
700000.0003	111113
700000.0003	109928
700000.0003	109191
700000.0003	108851
700000.0003	108297
700000.0003	107676
700000.0003	107258
700000.0003	106874
700000.0003	106669
700000.0003	105863
700000.0003	105725
700000.0003	104797
700000.0003	105189
700000.0003	104574
700000.0003	103459
700000.0003	102969
700000.0003	103161
700000.0003	103601
700000.0003	102868
700000.0003	102419
700000.0003	102103
700000.0003	102095
700000.0003	101928
700000.0003	101319
700000.0003	101639
700000.0003	101025
700000.0003	100788
700000.0003	100593
700000.0003	100440
700000.0003	100309
700000.0003	99992
700000.0003	99629
700000.0003	99296
700000.0003	99358
700000.0003	99392
700000.0003	99443
700000.0003	99397
700000.0003	99167
700000.0003	99029
700000.0003	98949
700000.0003	98869
700000.0003	98872
700000.0003	98451
700000.0003	98700
700000.0003	98364
700000.0003	98325
700000.0003	98107
700000.0003	98254
700000.0003	98712
700000.0003	98085
700000.0003	98162
700000.0003	97562
700000.0003	97599
700000.0003	97876
700000.0003	97871
700000.0003	97712
700000.0003	97366
700000.0003	96977
700000.0003	97417
700000.0003	97174
700000.0003	97492
700000.0003	97214
700000.0003	96868
700000.0003	96721
700000.0003	97017
700000.0003	97561
700000.0003	96922
700000.0003	96768
700000.0003	96927
700000.0003	96943
700000.0003	97663
700000.0003	96926
700000.0003	97158
700000.0003	97135
700000.0003	97157
700000.0003	96421
700000.0003	96670
700000.0003	96624
700000.0003	97254
700000.0003	97098
700000.0003	96711
700000.0003	95979
700000.0003	96746
700000.0003	96900
700000.0003	97143
700000.0003	97209
700000.0003	96708
700000.0003	96437
700000.0003	96638
700000.0003	96457
700000.0003	97035
700000.0003	96427
700000.0003	97122
700000.0003	97225
700000.0003	96979
700000.0003	97123
700000.0003	97430
700000.0003	97770
700000.0003	97375
700000.0003	98512
700000.0003	98423
700000.0003	98588
700000.0003	99073
700000.0003	99818
700000.0003	99861
700000.0003	99883
700000.0003	100502
700000.0003	100731
700000.0003	101142
700000.0003	101417
700000.0003	101989
700000.0003	102463
700000.0003	103024
700000.0003	104133
700000.0003	104575
700000.0003	104752
700000.0003	105592
700000.0003	106508
700000.0003	107040
700000.0003	107673
700000.0003	108179
700000.0003	108748
700000.0003	109450
700000.0003	110186
700000.0003	111127
700000.0003	112395
700000.0003	113149
700000.0003	114137
700000.0003	115301
700000.0003	116006
700000.0003	117137
700000.0003	118194
700000.0003	119657
700000.0003	120451
700000.0003	122033
700000.0003	123334
700000.0003	124788
700000.0003	126542
700000.0003	127004
700000.0003	129359
700000.0003	130232
700000.0003	131994
700000.0003	133794
700000.0003	135522
700000.0003	137232
700000.0003	138815
700000.0003	140909
700000.0003	141830
700000.0003	144963
700000.0003	146792
700000.0003	148408
700000.0003	151500
700000.0003	153623
700000.0003	155091
700000.0003	158682
700000.0003	160999
700000.0003	163776
700000.0003	166744
700000.0003	169992
700000.0003	173510
700000.0003	176986
700000.0003	178936
700000.0003	183116
700000.0003	186307
700000.0003	191505
700000.0003	196144
700000.0003	200117
700000.0003	205504
700000.0003	209514
700000.0003	214541
700000.0003	220413
700000.0003	226692
700000.0003	233163
700000.0003	239854
700000.0003	247824
700000.0003	255108
700000.0003	263648
700000.0003	273791
700000.0003	283446
700000.0003	295706
700000.0003	306663
700000.0003	320488
700000.0003	336153
700000.0003	351703
700000.0003	370554
700000.0003	390076
700000.0003	412548
700000.0003	436789
700000.0003	463800
700000.0003	493889
700000.0003	527040
700000.0003	562454
700000.0003	600164
700000.0003	641496
700000.0003	684002
700000.0003	729562
700000.0003	778462
700000.0003	828168
700000.0003	877190
700000.0003	923971
700000.0003	973035
700000.0003	1020418
700000.0003	1062629
700000.0003	1101006
700000.0003	1138999
700000.0003	1172946
700000.0003	1204554
700000.0003	1232249
700000.0003	1253218
700000.0003	1275567
700000.0003	1293081
700000.0003	1311193
700000.0003	1325967
700000.0003	1338666
700000.0003	1351666
700000.0003	1364646
700000.0003	1373289
700000.0003	1382276
700000.0003	1391412
700000.0003	1397927
700000.0003	1403555
700000.0003	1409978
700000.0003	1413793
700000.0003	1420199
700000.0003	1426993
700000.0003	1427187
700000.0003	1431979
700000.0003	1435628
700000.0003	1436637
700000.0003	1440282
700000.0003	1442163
700000.0003	1444138
700000.0003	1448983
700000.0003	1448609
700000.0003	1447069
700000.0003	1452616
700000.0003	1452317
700000.0003	1454922
700000.0003	1454758
700000.0003	1454578
700000.0003	1454513
700000.0003	1458383
700000.0003	1455443
700000.0003	1458306
700000.0003	1455408
700000.0003	1458806
700000.0003	1461586
700000.0003	1457751
700000.0003	1457346
700000.0003	1456709
700000.0003	1459469
700000.0003	1460907
700000.0003	1458514
700000.0003	1458111
700000.0003	1459985
700000.0003	1461876
700000.0003	1457951
700000.0003	1458356
700000.0003	1457158
700000.0003	1461423
700000.0003	1463003
700000.0003	1460013
700000.0003	1458574
700000.0003	1460705
700000.0003	1460880
700000.0003	1459303
700000.0003	1460546
700000.0003	1459425
700000.0003	1462353
700000.0003	1463442
700000.0003	1461710
700000.0003	1460684
700000.0003	1459176
700000.0003	1462237
700000.0003	1462525
700000.0003	1462836
700000.0003	1460553
700000.0003	1464814
700000.0003	1462549
700000.0003	1463139
700000.0003	1461144
700000.0003	1461398
700000.0003	1464361
700000.0003	1465001
700000.0003	1462844
700000.0003	1464432
700000.0003	1464411
700000.0003	1464463
700000.0003	1464209
700000.0003	1461255
700000.0003	1466186
700000.0003	1465214
700000.0003	1467678
700000.0003	1465375
700000.0003	1465123
700000.0003	1464319
700000.0003	1466632
700000.0003	1465519
700000.0003	1467056
700000.0003	1465863
700000.0003	1469101
700000.0003	1470286
700000.0003	1465314
700000.0003	1466675
700000.0003	1465769
700000.0003	1468953
700000.0003	1470469
700000.0003	1468164
700000.0003	1469288
700000.0003	1471101
700000.0003	1470173
700000.0003	1468174
700000.0003	1467905
700000.0003	1469761
700000.0003	1473343
700000.0003	1471671
700000.0003	1473294
700000.0003	1472296
700000.0003	1471832
700000.0003	1471186
700000.0003	1470944
700000.0003	1473353
700000.0003	1474023
700000.0003	1476262
700000.0003	1477182
700000.0003	1474624
700000.0003	1474732
700000.0003	1472394
700000.0003	1476185
700000.0003	1474379
700000.0003	1478161
700000.0003	1480622
700000.0003	1482439
700000.0003	1479858
700000.0003	1476276
700000.0003	1474484
700000.0003	1478032
700000.0003	1480436
700000.0003	1484489
700000.0003	1484645
700000.0003	1488500
700000.0003	1483834
700000.0003	1478358
700000.0003	1475147
700000.0003	1478862
700000.0003	1483861
700000.0003	1490191
700000.0003	1490225
700000.0003	1492114
700000.0003	1481625
