700000.0003	64.0224
700000.0003	116.367
700000.0003	194.156
700000.0003	314.465
700000.0003	481.313
700000.0003	699.284
700000.0003	962.957
700000.0003	1254.6
700000.0003	1592.7
700000.0003	1967.71
700000.0003	2398.32
700000.0003	2856.56
700000.0003	3308.04
700000.0003	3650.52
700000.0003	3804.52
700000.0003	3725.76
700000.0003	3450.36
700000.0003	3054.02
700000.0003	2591.29
700000.0003	2141.47
700000.0003	1726.28
700000.0003	1362.05
700000.0003	1054.26
700000.0003	809.418
700000.0003	610.797
700000.0003	462.832
700000.0003	347.742
700000.0003	264.618
700000.0003	200.705
700000.0003	150.937
700000.0003	117.821
700000.0003	91.1408
700000.0003	69.8938
700000.0003	54.656
700000.0003	42.5842
700000.0003	33.8044
700000.0003	28.0678
700000.0003	22.8606
700000.0003	16.1624
700000.0003	14.1049
700000.0003	11.9166
700000.0003	8.44231
700000.0003	8.40497
700000.0003	8.00204
700000.0003	5.637
700000.0003	5.36367
700000.0003	4.07518
700000.0003	4.25178
700000.0003	4.43954
700000.0003	3.62604
700000.0003	3.48993
700000.0003	4.26126
700000.0003	2.62045
700000.0003	4.00825
700000.0003	2.92792
700000.0003	2.94461
700000.0003	2.78588
700000.0003	1.91428
700000.0003	1.16257
700000.0003	1.3227
700000.0003	1.57255
700000.0003	1.38078
700000.0003	1.96782
700000.0003	1.9577
700000.0003	1.21812
700000.0003	2.97415
700000.0003	2.44407
700000.0003	2.18163
700000.0003	0.451113
700000.0003	0.351145
700000.0003	0.432152
700000.0003	0.920367
700000.0003	2.05276
700000.0003	2.47892
700000.0003	0.693153
700000.0003	0.397162
700000.0003	1.09345
700000.0003	0.801432
700000.0003	0.181863
700000.0003	0.79005
700000.0003	0.482268
700000.0003	1.18735
700000.0003	0.71454
700000.0003	0.263207
700000.0003	0.265521
700000.0003	-0.490624
700000.0003	0.539526
700000.0003	0.867329
700000.0003	1.7143
700000.0003	-0.409049
700000.0003	-0.0819026
700000.0003	0.689525
700000.0003	0.248283
700000.0003	0.200633
700000.0003	0.208223
700000.0003	-0.260455
700000.0003	0.116119
700000.0003	0.543662
700000.0003	0.118291
700000.0003	1.48415
700000.0003	1.48192
700000.0003	-0.217776
700000.0003	0.703263
700000.0003	0.326805
700000.0003	0.551663
700000.0003	-0.0296677
700000.0003	-0.208309
700000.0003	0.874584
700000.0003	0.554136
700000.0003	0.0497623
700000.0003	-0.0130144
700000.0003	0.296811
700000.0003	0.291733
700000.0003	0.667676
700000.0003	-0.445659
700000.0003	-0.571526
700000.0003	0.686414
700000.0003	-0.293388
700000.0003	-0.970036
700000.0003	0.262737
700000.0003	0.0561606
700000.0003	0.364899
700000.0003	-0.0554443
700000.0003	1.32423
700000.0003	0.715108
700000.0003	0.745321
700000.0003	-1.34137
700000.0003	0.215045
700000.0003	-0.296919
700000.0003	-0.77312
700000.0003	-0.202649
700000.0003	0.213099
700000.0003	0.450215
700000.0003	-0.241802
700000.0003	-0.663919
700000.0003	-0.562618
700000.0003	-0.254952
700000.0003	0.565517
700000.0003	0.690974
700000.0003	-0.0436617
700000.0003	-0.856371
700000.0003	-0.332994
700000.0003	-0.738253
700000.0003	-0.181628
700000.0003	1.17302
700000.0003	-0.290423
700000.0003	-0.821521
700000.0003	-0.972842
700000.0003	-0.247528
700000.0003	-1.32829
700000.0003	-1.07774
700000.0003	-2.3326
700000.0003	-0.952152
700000.0003	0.274958
700000.0003	-1.1293
700000.0003	-1.06743
700000.0003	-1.24206
700000.0003	-2.46732
700000.0003	-1.82282
700000.0003	-2.44362
700000.0003	-2.06411
700000.0003	-1.98475
700000.0003	-1.89049
700000.0003	-1.38633
700000.0003	-2.01409
700000.0003	-1.91384
700000.0003	-2.99042
700000.0003	-2.28385
700000.0003	-2.80345
700000.0003	-2.37198
700000.0003	-1.81577
700000.0003	-2.79855
700000.0003	-2.48315
700000.0003	-3.12316
700000.0003	-3.299
700000.0003	-3.43554
700000.0003	-2.27092
700000.0003	-3.53642
700000.0003	-5.24458
700000.0003	-4.95243
700000.0003	-5.20539
700000.0003	-4.17677
700000.0003	-4.24898
700000.0003	-5.39795
700000.0003	-5.0704
700000.0003	-4.97016
700000.0003	-5.66985
700000.0003	-6.38778
700000.0003	-5.23374
700000.0003	-5.60226
700000.0003	-5.49908
700000.0003	-5.68264
700000.0003	-6.96042
700000.0003	-7.00449
700000.0003	-6.56446
700000.0003	-8.66755
700000.0003	-8.29319
700000.0003	-8.51373
700000.0003	-10.0199
700000.0003	-9.89021
700000.0003	-9.76101
700000.0003	-10.8104
700000.0003	-11.2132
700000.0003	-12.8222
700000.0003	-12.8663
700000.0003	-13.9976
700000.0003	-14.9425
700000.0003	-13.2369
700000.0003	-14.774
700000.0003	-15.5698
700000.0003	-16.5755
700000.0003	-16.6171
700000.0003	-18.4839
700000.0003	-19.282
700000.0003	-21.3438
700000.0003	-23.189
700000.0003	-24.8344
700000.0003	-28.0515
700000.0003	-30.4503
700000.0003	-31.0221
700000.0003	-36.4526
700000.0003	-38.8061
700000.0003	-44.1312
700000.0003	-48.4945
700000.0003	-55.4508
700000.0003	-60.3199
700000.0003	-67.8025
700000.0003	-77.2268
700000.0003	-88.6906
700000.0003	-101.06
700000.0003	-117.736
700000.0003	-134.991
700000.0003	-156.476
700000.0003	-184.905
700000.0003	-212.84
700000.0003	-247.348
700000.0003	-290.152
700000.0003	-336.537
700000.0003	-390.203
700000.0003	-452.123
700000.0003	-521.248
700000.0003	-598.636
700000.0003	-686.245
700000.0003	-773.018
700000.0003	-866.533
700000.0003	-965.072
700000.0003	-1066.26
700000.0003	-1163.27
700000.0003	-1248.46
700000.0003	-1325.83
700000.0003	-1398.1
700000.0003	-1448.04
700000.0003	-1487.29
700000.0003	-1514.16
700000.0003	-1510.49
700000.0003	-1503.69
700000.0003	-1477.48
700000.0003	-1432.26
700000.0003	-1387.68
700000.0003	-1331.24
700000.0003	-1270.65
700000.0003	-1208.7
700000.0003	-1144.71
700000.0003	-1075.11
700000.0003	-1004.44
700000.0003	-938.884
700000.0003	-868.386
700000.0003	-801.61
700000.0003	-737.266
700000.0003	-673.025
700000.0003	-611.866
700000.0003	-551.594
700000.0003	-496.099
700000.0003	-443.498
700000.0003	-393.919
700000.0003	-345.837
700000.0003	-305.001
700000.0003	-265.913
700000.0003	-234.435
700000.0003	-205.913
700000.0003	-180.616
700000.0003	-157.05
700000.0003	-138.97
700000.0003	-119.424
700000.0003	-105.654
700000.0003	-94.1591
700000.0003	-85.129
700000.0003	-75.859
700000.0003	-69.9919
700000.0003	-64.2582
700000.0003	-61.7557
700000.0003	-56.349
700000.0003	-54.0646
700000.0003	-52.1032
700000.0003	-49.1457
700000.0003	-48.5018
700000.0003	-46.0534
700000.0003	-44.587
700000.0003	-42.9883
700000.0003	-42.5061
700000.0003	-42.5333
700000.0003	-41.8571
700000.0003	-43.0879
700000.0003	-41.5411
700000.0003	-41.3124
700000.0003	-42.2749
700000.0003	-41.5632
700000.0003	-40.3867
700000.0003	-42.053
700000.0003	-41.3175
700000.0003	-40.5991
700000.0003	-41.2344
700000.0003	-40.9621
700000.0003	-40.1835
700000.0003	-40.5839
700000.0003	-41.0591
700000.0003	-40.0119
700000.0003	-41.0474
700000.0003	-40.938
700000.0003	-40.6736
700000.0003	-41.0487
700000.0003	-41.2103
700000.0003	-40.3818
700000.0003	-40.6175
700000.0003	-40.1834
700000.0003	-40.9967
700000.0003	-39.7508
700000.0003	-39.2813
700000.0003	-39.7717
700000.0003	-39.7733
700000.0003	-40.7242
700000.0003	-40.8944
700000.0003	-41.0345
700000.0003	-40.4948
700000.0003	-39.8885
700000.0003	-40.148
700000.0003	-40.6666
700000.0003	-39.859
700000.0003	-40.0177
700000.0003	-40.5363
700000.0003	-40.6062
700000.0003	-41.3489
700000.0003	-41.1932
700000.0003	-40.7384
700000.0003	-40.7936
700000.0003	-40.4428
700000.0003	-40.2916
700000.0003	-40.5244
700000.0003	-41.0062
700000.0003	-40.2661
700000.0003	-40.2634
700000.0003	-40.0918
700000.0003	-39.3706
700000.0003	-40.0034
700000.0003	-39.8466
700000.0003	-39.3958
700000.0003	-38.9603
700000.0003	-39.479
700000.0003	-40.0409
700000.0003	-39.3328
700000.0003	-39.4722
700000.0003	-40.5277
700000.0003	-38.9933
700000.0003	-39.4812
700000.0003	-40.0058
700000.0003	-39.7664
700000.0003	-39.0045
700000.0003	-39.3088
700000.0003	-39.4687
700000.0003	-39.6853
700000.0003	-39.2787
700000.0003	-38.8572
700000.0003	-38.8837
700000.0003	-39.2724
700000.0003	-38.8053
700000.0003	-38.9085
700000.0003	-39.1083
700000.0003	-37.7751
700000.0003	-38.072
700000.0003	-38.195
700000.0003	-37.4881
700000.0003	-37.4297
700000.0003	-36.8974
700000.0003	-37.5702
700000.0003	-36.2813
700000.0003	-35.0416
700000.0003	-36.0336
700000.0003	-34.2867
700000.0003	-33.1307
700000.0003	-31.8481
700000.0003	-30.4815
700000.0003	-28.7888
700000.0003	-27.1687
700000.0003	-23.1543
700000.0003	-18.8232
700000.0003	-13.2827
700000.0003	-4.82404
700000.0003	3.47284
700000.0003	17.7898
700000.0003	35.3985
700000.0003	-0.903825
700000.0003	0.449829
700000.0003	-0.133814
700000.0003	0.515368
700000.0003	-0.44507
700000.0003	-1.78517
700000.0003	-0.543101
700000.0003	-1.78957
700000.0003	-0.222677
700000.0003	2.79546
700000.0003	-0.669733
700000.0003	5.23044
700000.0003	1.08725
700000.0003	-0.970792
700000.0003	2.56261
700000.0003	-1.1761
700000.0003	-2.97634
700000.0003	-1.38326
700000.0003	4.03296
700000.0003	-4.08546
700000.0003	-2.5775
700000.0003	1.15357
700000.0003	1.79242
700000.0003	-0.117029
700000.0003	-0.762756
700000.0003	1.278
700000.0003	0.650183
700000.0003	0.601361
700000.0003	-1.05307
700000.0003	-1.29371
700000.0003	0.85936
700000.0003	0.38506
700000.0003	-1.28207
700000.0003	-0.651713
700000.0003	0.761131
700000.0003	-1.19946
700000.0003	1.57151
700000.0003	-0.276069
700000.0003	0.304504
700000.0003	-0.279568
700000.0003	-1.88753
700000.0003	2.4511
700000.0003	-0.468154
700000.0003	1.04852
700000.0003	-0.309672
700000.0003	-0.725692
700000.0003	-0.81807
700000.0003	0.96127
700000.0003	-0.19604
700000.0003	-0.890694
700000.0003	0.266574
700000.0003	0.223977
700000.0003	-0.512209
700000.0003	0.134507
700000.0003	-0.347488
700000.0003	0.000246365
700000.0003	0.672467
700000.0003	0.400704
700000.0003	0.25094
700000.0003	0.191164
700000.0003	-0.334118
700000.0003	0.532444
700000.0003	-0.227234
700000.0003	-0.201116
700000.0003	-0.545703
700000.0003	-0.302551
700000.0003	0.76818
700000.0003	0.19457
700000.0003	0.191796
700000.0003	0.623919
700000.0003	-0.845187
700000.0003	-0.108913
700000.0003	0.0211198
700000.0003	0.33562
700000.0003	-0.657649
700000.0003	0.0310935
700000.0003	0.559212
700000.0003	-1.51141
700000.0003	0.110428
700000.0003	0.0125071
700000.0003	-0.00756683
700000.0003	0.573657
700000.0003	1.34991
700000.0003	-0.408935
700000.0003	-0.529237
700000.0003	-0.18745
700000.0003	-0.222513
700000.0003	-0.746424
700000.0003	0.169766
700000.0003	0.326149
700000.0003	0.286482
700000.0003	0.191007
700000.0003	-0.204719
700000.0003	0.402446
700000.0003	-0.532109
700000.0003	0.671492
700000.0003	-0.258619
700000.0003	0.051931
700000.0003	0.625728
700000.0003	0.975259
700000.0003	-0.784167
700000.0003	-0.54952
700000.0003	-0.56744
700000.0003	-0.746722
700000.0003	-0.0794004
700000.0003	0.928474
700000.0003	0.238435
700000.0003	-0.841039
700000.0003	0.186011
700000.0003	0.933841
700000.0003	0.727489
700000.0003	-0.69198
700000.0003	-0.00590363
700000.0003	0.157044
700000.0003	-0.0215778
700000.0003	-0.749428
700000.0003	0.996665
700000.0003	-0.516862
700000.0003	0.590508
700000.0003	-0.129016
700000.0003	-0.851423
700000.0003	0.381432
700000.0003	-0.0081386
700000.0003	-0.646399
700000.0003	-0.612361
700000.0003	-0.0165378
700000.0003	0.246543
700000.0003	-0.367066
700000.0003	0.184992
700000.0003	0.423698
700000.0003	0.420087
700000.0003	0.105408
700000.0003	0.558274
700000.0003	-0.216917
700000.0003	-0.157676
700000.0003	-0.982875
700000.0003	0.62964
700000.0003	-0.61854
700000.0003	1.12511
700000.0003	0.352215
700000.0003	-0.0645078
700000.0003	-1.00502
700000.0003	0.147064
700000.0003	0.0401988
700000.0003	-0.623028
700000.0003	0.0770573
700000.0003	0.491059
700000.0003	0.244094
700000.0003	0.152829
700000.0003	0.182117
700000.0003	-0.252656
700000.0003	0.603292
700000.0003	-0.549992
700000.0003	0.146562
700000.0003	0.0969475
700000.0003	-0.0041232
700000.0003	0.524226
700000.0003	-0.210977
700000.0003	0.583556
700000.0003	-1.17723
700000.0003	-0.0341293
700000.0003	-0.730157
700000.0003	-1.48947
700000.0003	0.596294
700000.0003	-0.256604
700000.0003	0.809963
700000.0003	1.49224
700000.0003	0.511859
700000.0003	-0.560726
700000.0003	-0.562488
700000.0003	-0.604743
700000.0003	-0.390394
700000.0003	-0.374702
700000.0003	0.490315
700000.0003	-0.185946
700000.0003	-0.36119
700000.0003	0.184865
700000.0003	-0.236992
700000.0003	0.791686
700000.0003	0.0358341
700000.0003	0.472002
700000.0003	0.0184652
700000.0003	0.297748
700000.0003	0.346088
700000.0003	0.143434
700000.0003	-0.851397
700000.0003	-0.198663
700000.0003	-0.496991
700000.0003	0.194806
700000.0003	-0.607249
700000.0003	0.799619
700000.0003	-0.351629
700000.0003	0.0403991
700000.0003	1.02827
700000.0003	0.88997
700000.0003	0.100994
700000.0003	-1.54702
700000.0003	-1.07222
700000.0003	0.913179
700000.0003	-0.683213
700000.0003	0.16171
700000.0003	1.07692
700000.0003	0.642495
700000.0003	0.254432
700000.0003	-0.952053
700000.0003	-0.479231
700000.0003	0.0110675
700000.0003	0.363028
700000.0003	0.0946707
700000.0003	-0.155022
700000.0003	-0.684571
700000.0003	1.0892
700000.0003	-0.45643
700000.0003	0.767377
700000.0003	0.61573
700000.0003	-0.0218035
700000.0003	-0.188698
700000.0003	-0.755161
700000.0003	0.605023
700000.0003	0.381014
700000.0003	-1.70408
700000.0003	0.101424
700000.0003	0.820448
700000.0003	-1.0447
700000.0003	0.406694
700000.0003	0.896156
700000.0003	0.353565
700000.0003	0.656552
700000.0003	-0.203674
700000.0003	-0.400884
700000.0003	-0.00618797
700000.0003	-0.693534
700000.0003	0.275056
700000.0003	-0.842605
700000.0003	1.10197
700000.0003	-0.100776
700000.0003	-0.943891
700000.0003	-1.57896
700000.0003	-0.66879
700000.0003	0.140987
700000.0003	0.282111
700000.0003	1.22777
700000.0003	1.86613
700000.0003	-3.08392
700000.0003	1.89606
700000.0003	1.00727
700000.0003	0.572096
700000.0003	-1.18287
700000.0003	2.26559
700000.0003	-0.135541
700000.0003	0.665222
700000.0003	-2.83672
700000.0003	-0.30531
700000.0003	-1.02612
700000.0003	-0.520723
700000.0003	1.86177
700000.0003	-1.9323
700000.0003	0.365457
700000.0003	3.7197
700000.0003	0.704362
700000.0003	-0.878848
700000.0003	2.75013
700000.0003	-0.832308
700000.0003	-1.05528
700000.0003	0.959419
700000.0003	0.00351989
700000.0003	-2.43677
700000.0003	-0.860456
700000.0003	-2.75098
700000.0003	-0.943115
700000.0003	-0.66044
700000.0003	3.55335
700000.0003	-0.0448653
700000.0003	0.885575
700000.0003	0.656308
700000.0003	0.613144
700000.0003	-0.41214
700000.0003	-0.915079
700000.0003	-0.652806
700000.0003	0.132115
700000.0003	-1.20599
700000.0003	-0.575
700000.0003	-0.568702
700000.0003	-1.22473
700000.0003	0.685977
700000.0003	0.07296
700000.0003	-1.25525
700000.0003	-0.461563
700000.0003	-1.42877
700000.0003	0.760382
700000.0003	0.158964
700000.0003	-0.202215
700000.0003	-0.483643
700000.0003	1.23271
700000.0003	0.114155
700000.0003	-0.472018
700000.0003	0.112858
700000.0003	0.349105
700000.0003	0.235121
700000.0003	0.185899
700000.0003	0.0403105
700000.0003	0.00478251
700000.0003	-0.161411
700000.0003	-0.0605604
700000.0003	-0.462527
700000.0003	-0.0847351
700000.0003	0.356665
700000.0003	0.606419
700000.0003	1.06074
700000.0003	0.740176
700000.0003	0.566528
700000.0003	0.636921
700000.0003	-0.310477
700000.0003	-0.172201
700000.0003	0.0556445
700000.0003	-0.990981
700000.0003	-0.331328
700000.0003	-0.908745
700000.0003	0.193302
700000.0003	-0.157632
700000.0003	0.437835
700000.0003	-0.141723
700000.0003	0.583794
700000.0003	0.270064
700000.0003	0.24487
700000.0003	0.0197707
700000.0003	0.215299
700000.0003	-0.0691615
700000.0003	-0.246324
700000.0003	-0.0895283
700000.0003	-0.335552
700000.0003	0.188076
700000.0003	-0.698164
700000.0003	0.299289
700000.0003	-0.690366
700000.0003	-0.632839
700000.0003	0.0897919
700000.0003	0.911807
700000.0003	0.0430354
700000.0003	-0.0174203
700000.0003	0.787521
700000.0003	0.485443
700000.0003	0.866413
700000.0003	0.808302
700000.0003	0.477873
700000.0003	0.238464
700000.0003	0.159982
700000.0003	0.128445
700000.0003	0.0418389
700000.0003	-0.901724
700000.0003	-0.188247
700000.0003	-0.412563
700000.0003	-0.651488
700000.0003	-0.0228826
700000.0003	-0.508332
700000.0003	0.231672
700000.0003	-0.37482
700000.0003	0.504771
700000.0003	0.539701
700000.0003	-0.655056
700000.0003	-0.285218
700000.0003	0.187052
700000.0003	0.410456
700000.0003	-0.198644
700000.0003	-0.0703973
700000.0003	0.248747
700000.0003	-0.0149343
700000.0003	-0.0633499
700000.0003	-0.377857
700000.0003	0.297212
700000.0003	0.361618
700000.0003	0.178892
700000.0003	-0.740003
700000.0003	-0.793661
700000.0003	0.662626
700000.0003	0.670631
700000.0003	-0.309885
700000.0003	0.737103
700000.0003	0.101636
700000.0003	0.678325
700000.0003	-0.279891
700000.0003	0.138923
700000.0003	-0.255371
700000.0003	0.426487
700000.0003	0.27502
700000.0003	0.525837
700000.0003	0.564182
700000.0003	-0.225063
700000.0003	-0.0197161
700000.0003	0.529182
700000.0003	-0.0848643
700000.0003	-0.21301
700000.0003	-0.309254
700000.0003	0.108569
700000.0003	-0.90339
700000.0003	0.0149888
700000.0003	-0.184067
700000.0003	-0.0280426
700000.0003	0.698222
700000.0003	-0.563855
