700000.0003	64.0352
700000.0003	113.667
700000.0003	195.124
700000.0003	315.478
700000.0003	482.367
700000.0003	699.03
700000.0003	958.917
700000.0003	1259.92
700000.0003	1590.53
700000.0003	1967.2
700000.0003	2396.88
700000.0003	2855.82
700000.0003	3301.54
700000.0003	3647.54
700000.0003	3806.95
700000.0003	3726.49
700000.0003	3459.57
700000.0003	3047.06
700000.0003	2590.96
700000.0003	2142.52
700000.0003	1728.09
700000.0003	1365.78
700000.0003	1056.52
700000.0003	805.518
700000.0003	614.277
700000.0003	462.758
700000.0003	351.879
700000.0003	260.856
700000.0003	198.627
700000.0003	151.564
700000.0003	116.382
700000.0003	90.1017
700000.0003	67.777
700000.0003	55.2855
700000.0003	44.3163
700000.0003	34.084
700000.0003	26.9657
700000.0003	21.7732
700000.0003	17.9278
700000.0003	13.9008
700000.0003	11.898
700000.0003	9.10946
700000.0003	7.97041
700000.0003	6.11192
700000.0003	6.55761
700000.0003	3.51117
700000.0003	5.34882
700000.0003	3.99509
700000.0003	3.94447
700000.0003	3.14066
700000.0003	3.34173
700000.0003	3.35273
700000.0003	3.84925
700000.0003	4.23875
700000.0003	2.30959
700000.0003	2.64903
700000.0003	2.58806
700000.0003	1.03635
700000.0003	2.32789
700000.0003	1.36895
700000.0003	1.90611
700000.0003	1.84052
700000.0003	1.67131
700000.0003	2.56325
700000.0003	2.02784
700000.0003	2.12012
700000.0003	0.928931
700000.0003	1.21688
700000.0003	-0.12336
700000.0003	0.373109
700000.0003	1.07256
700000.0003	-0.425627
700000.0003	1.80143
700000.0003	1.47795
700000.0003	1.09259
700000.0003	1.65652
700000.0003	-0.0232747
700000.0003	1.57351
700000.0003	0.36334
700000.0003	1.09297
700000.0003	0.0637469
700000.0003	1.36526
700000.0003	0.468517
700000.0003	0.584323
700000.0003	0.405694
700000.0003	-0.121515
700000.0003	0.508215
700000.0003	1.17893
700000.0003	0.253748
700000.0003	1.03262
700000.0003	0.526236
700000.0003	0.32344
700000.0003	0.400432
700000.0003	-0.11882
700000.0003	0.351536
700000.0003	-0.316388
700000.0003	0.602832
700000.0003	1.52696
700000.0003	-1.00401
700000.0003	1.18963
700000.0003	1.1071
700000.0003	0.597744
700000.0003	0.435954
700000.0003	0.110617
700000.0003	0.218567
700000.0003	-0.0102479
700000.0003	0.545764
700000.0003	-0.0470985
700000.0003	1.38471
700000.0003	-0.760252
700000.0003	-0.449646
700000.0003	-0.467909
700000.0003	0.221969
700000.0003	-0.273291
700000.0003	0.0641656
700000.0003	0.465113
700000.0003	0.261652
700000.0003	-0.0297537
700000.0003	1.26483
700000.0003	0.211505
700000.0003	0.248379
700000.0003	0.548429
700000.0003	-0.0789302
700000.0003	0.170004
700000.0003	0.544253
700000.0003	-0.140429
700000.0003	0.0857017
700000.0003	-0.802485
700000.0003	0.800775
700000.0003	-0.148812
700000.0003	0.42945
700000.0003	0.0602453
700000.0003	0.783843
700000.0003	-0.163376
700000.0003	0.315418
700000.0003	-0.537414
700000.0003	-0.823736
700000.0003	-0.705188
700000.0003	0.486009
700000.0003	-1.12872
700000.0003	-0.808562
700000.0003	0.801194
700000.0003	0.161037
700000.0003	0.075608
700000.0003	-0.433961
700000.0003	-0.851612
700000.0003	-0.00838714
700000.0003	-1.50025
700000.0003	-1.55652
700000.0003	-0.213427
700000.0003	-0.364948
700000.0003	-0.952738
700000.0003	-1.44837
700000.0003	-1.71556
700000.0003	-1.8305
700000.0003	-1.19982
700000.0003	-1.23507
700000.0003	-1.98346
700000.0003	-0.932872
700000.0003	-1.12191
700000.0003	-0.988161
700000.0003	-2.05988
700000.0003	-2.19002
700000.0003	-2.36465
700000.0003	-1.14052
700000.0003	-1.99401
700000.0003	-2.15756
700000.0003	-2.47068
700000.0003	-2.01505
700000.0003	-2.76516
700000.0003	-3.62653
700000.0003	-3.83773
700000.0003	-2.96943
700000.0003	-3.65692
700000.0003	-2.97633
700000.0003	-4.15707
700000.0003	-3.17392
700000.0003	-3.87989
700000.0003	-4.40933
700000.0003	-3.72703
700000.0003	-5.45722
700000.0003	-3.66532
700000.0003	-3.24853
700000.0003	-5.08157
700000.0003	-5.21494
700000.0003	-5.47578
700000.0003	-5.68458
700000.0003	-5.75739
700000.0003	-6.26773
700000.0003	-6.67263
700000.0003	-6.33792
700000.0003	-6.2335
700000.0003	-6.36364
700000.0003	-7.49135
700000.0003	-7.79355
700000.0003	-8.66902
700000.0003	-8.79938
700000.0003	-8.0833
700000.0003	-8.58446
700000.0003	-9.59157
700000.0003	-10.6827
700000.0003	-9.35616
700000.0003	-10.8901
700000.0003	-12.235
700000.0003	-12.4013
700000.0003	-11.8153
700000.0003	-12.7875
700000.0003	-15.3156
700000.0003	-16.0904
700000.0003	-14.6126
700000.0003	-16.2579
700000.0003	-17.3205
700000.0003	-18.7705
700000.0003	-18.831
700000.0003	-21.3081
700000.0003	-23.4124
700000.0003	-26.0388
700000.0003	-27.4841
700000.0003	-30.2396
700000.0003	-31.814
700000.0003	-34.9682
700000.0003	-39.9173
700000.0003	-43.3327
700000.0003	-47.6694
700000.0003	-54.1041
700000.0003	-59.6934
700000.0003	-68.5982
700000.0003	-78.0568
700000.0003	-88.686
700000.0003	-101.068
700000.0003	-118.744
700000.0003	-135.995
700000.0003	-158.089
700000.0003	-183.46
700000.0003	-215.321
700000.0003	-247.178
700000.0003	-288.618
700000.0003	-335.998
700000.0003	-389.621
700000.0003	-453.706
700000.0003	-524.11
700000.0003	-600.153
700000.0003	-686.051
700000.0003	-770.499
700000.0003	-870.983
700000.0003	-966.692
700000.0003	-1063.08
700000.0003	-1158.03
700000.0003	-1249.96
700000.0003	-1329.49
700000.0003	-1402.59
700000.0003	-1454.16
700000.0003	-1490.87
700000.0003	-1513.39
700000.0003	-1516.01
700000.0003	-1502.23
700000.0003	-1477.77
700000.0003	-1434.4
700000.0003	-1388.32
700000.0003	-1335.78
700000.0003	-1274.23
700000.0003	-1208.78
700000.0003	-1142.54
700000.0003	-1073.42
700000.0003	-1001.56
700000.0003	-935.199
700000.0003	-865.33
700000.0003	-801.947
700000.0003	-736.311
700000.0003	-672.121
700000.0003	-611.477
700000.0003	-551.438
700000.0003	-492.928
700000.0003	-440.273
700000.0003	-394.858
700000.0003	-347.88
700000.0003	-305.714
700000.0003	-266.12
700000.0003	-234.203
700000.0003	-203.639
700000.0003	-177.671
700000.0003	-155.421
700000.0003	-135.18
700000.0003	-119.678
700000.0003	-107.181
700000.0003	-93.3025
700000.0003	-84.2099
700000.0003	-76.8206
700000.0003	-69.6758
700000.0003	-63.8613
700000.0003	-59.3626
700000.0003	-57.1192
700000.0003	-54.2182
700000.0003	-52.6596
700000.0003	-49.253
700000.0003	-47.3458
700000.0003	-46.3185
700000.0003	-45.0354
700000.0003	-43.4345
700000.0003	-43.0966
700000.0003	-43.2078
700000.0003	-42.0717
700000.0003	-42.7818
700000.0003	-42.1362
700000.0003	-41.339
700000.0003	-42.2584
700000.0003	-41.2783
700000.0003	-41.4707
700000.0003	-40.5179
700000.0003	-40.5525
700000.0003	-40.483
700000.0003	-40.6039
700000.0003	-40.7112
700000.0003	-40.6922
700000.0003	-40.0151
700000.0003	-39.2489
700000.0003	-41.02
700000.0003	-40.4523
700000.0003	-41.096
700000.0003	-40.6776
700000.0003	-40.6203
700000.0003	-41.0226
700000.0003	-40.4834
700000.0003	-39.6403
700000.0003	-40.0284
700000.0003	-39.1829
700000.0003	-39.7207
700000.0003	-39.8763
700000.0003	-40.6512
700000.0003	-40.3779
700000.0003	-39.7964
700000.0003	-40.3317
700000.0003	-40.2436
700000.0003	-39.4356
700000.0003	-39.8532
700000.0003	-39.9096
700000.0003	-39.5714
700000.0003	-40.606
700000.0003	-39.8365
700000.0003	-40.4559
700000.0003	-40.3032
700000.0003	-39.7187
700000.0003	-39.4641
700000.0003	-40.307
700000.0003	-39.9547
700000.0003	-39.983
700000.0003	-40.1672
700000.0003	-40.3785
700000.0003	-40.3296
700000.0003	-40.156
700000.0003	-39.6684
700000.0003	-39.5557
700000.0003	-39.4018
700000.0003	-39.3745
700000.0003	-39.3243
700000.0003	-39.5339
700000.0003	-39.2565
700000.0003	-39.5118
700000.0003	-39.5944
700000.0003	-38.2588
700000.0003	-38.8945
700000.0003	-38.4934
700000.0003	-39.4501
700000.0003	-38.8927
700000.0003	-39.6241
700000.0003	-39.9152
700000.0003	-39.0288
700000.0003	-39.0298
700000.0003	-38.436
700000.0003	-39.9309
700000.0003	-39.3892
700000.0003	-38.6453
700000.0003	-38.8643
700000.0003	-39.8681
700000.0003	-39.0554
700000.0003	-38.8472
700000.0003	-38.7342
700000.0003	-39.1995
700000.0003	-38.6749
700000.0003	-38.7575
700000.0003	-37.6981
700000.0003	-36.9919
700000.0003	-38.1667
700000.0003	-36.3244
700000.0003	-36.4134
700000.0003	-36.4178
700000.0003	-35.1651
700000.0003	-34.0823
700000.0003	-33.9525
700000.0003	-32.5364
700000.0003	-31.761
700000.0003	-28.7993
700000.0003	-28.0867
700000.0003	-23.2822
700000.0003	-19.8352
700000.0003	-13.3843
700000.0003	-5.13582
700000.0003	3.59875
700000.0003	17.6949
700000.0003	34.1197
700000.0003	-0.662529
700000.0003	-0.318983
700000.0003	0.271967
700000.0003	1.62192
700000.0003	0.665356
700000.0003	-1.16835
700000.0003	1.12839
700000.0003	0.389163
700000.0003	-1.90551
700000.0003	-1.72882
700000.0003	1.36807
700000.0003	-0.193063
700000.0003	1.79852
700000.0003	-1.23352
700000.0003	2.34074
700000.0003	2.13376
700000.0003	1.79565
700000.0003	-2.58027
700000.0003	-1.76624
700000.0003	4.53289
700000.0003	-1.78711
700000.0003	-2.19623
700000.0003	-2.37185
700000.0003	1.18443
700000.0003	1.30266
700000.0003	0.979511
700000.0003	2.56433
700000.0003	-1.34466
700000.0003	0.811352
700000.0003	-1.87068
700000.0003	-0.113532
700000.0003	-0.999967
700000.0003	0.0840085
700000.0003	0.670774
700000.0003	0.506125
700000.0003	-0.294233
700000.0003	0.0632457
700000.0003	0.838182
700000.0003	-0.136843
700000.0003	-1.42245
700000.0003	-1.34076
700000.0003	1.38008
700000.0003	-0.508076
700000.0003	-0.595236
700000.0003	1.25357
700000.0003	-0.205673
700000.0003	0.256897
700000.0003	-0.980737
700000.0003	-0.136947
700000.0003	-1.22964
700000.0003	0.584982
700000.0003	-0.147474
700000.0003	-0.0911847
700000.0003	0.765653
700000.0003	0.149098
700000.0003	0.925902
700000.0003	0.148989
700000.0003	0.152031
700000.0003	0.0526342
700000.0003	-1.31007
700000.0003	0.744143
700000.0003	0.468653
700000.0003	-1.47558
700000.0003	-0.0639691
700000.0003	-0.246217
700000.0003	0.590566
700000.0003	0.431005
700000.0003	-0.0514817
700000.0003	-0.178233
700000.0003	-0.142032
700000.0003	-0.781263
700000.0003	-0.232354
700000.0003	1.05074
700000.0003	0.18692
700000.0003	-0.157194
700000.0003	0.453083
700000.0003	0.112829
700000.0003	-1.32685
700000.0003	0.96266
700000.0003	-0.213454
700000.0003	-1.16283
700000.0003	0.558279
700000.0003	-0.0110105
700000.0003	0.462815
700000.0003	0.644891
700000.0003	0.727243
700000.0003	-0.65007
700000.0003	-0.748947
700000.0003	-0.225419
700000.0003	-0.0115613
700000.0003	0.461936
700000.0003	-0.74419
700000.0003	1.00314
700000.0003	0.0147097
700000.0003	-0.254941
700000.0003	1.0465
700000.0003	0.057161
700000.0003	-0.255479
700000.0003	-0.682233
700000.0003	0.0260465
700000.0003	-0.195708
700000.0003	-0.283241
700000.0003	0.0870302
700000.0003	-0.0598361
700000.0003	0.310602
700000.0003	-0.765571
700000.0003	-0.0162286
700000.0003	0.50161
700000.0003	-0.152354
700000.0003	1.0708
700000.0003	-0.0671539
700000.0003	-0.268467
700000.0003	-0.0540352
700000.0003	0.110864
700000.0003	-0.0263777
700000.0003	0.240524
700000.0003	0.236114
700000.0003	-0.0483105
700000.0003	0.675144
700000.0003	0.538936
700000.0003	-0.281583
700000.0003	-0.499852
700000.0003	-1.34227
700000.0003	-0.643323
700000.0003	0.13556
700000.0003	0.0933246
700000.0003	0.502371
700000.0003	-0.291348
700000.0003	0.333945
700000.0003	0.631884
700000.0003	-0.371764
700000.0003	0.556871
700000.0003	0.576143
700000.0003	-0.4703
700000.0003	-0.00456512
700000.0003	-0.365096
700000.0003	-1.06974
700000.0003	-0.205071
700000.0003	-0.184501
700000.0003	-0.380705
700000.0003	-0.0261814
700000.0003	0.896706
700000.0003	0.859737
700000.0003	-0.21041
700000.0003	0.11821
700000.0003	0.420573
700000.0003	-0.138538
700000.0003	-0.466798
700000.0003	-0.756636
700000.0003	-0.448573
700000.0003	0.572825
700000.0003	0.563911
700000.0003	-0.798724
700000.0003	0.212254
700000.0003	1.07836
700000.0003	0.729147
700000.0003	-0.659121
700000.0003	-0.677398
700000.0003	0.686153
700000.0003	-0.697144
700000.0003	0.54856
700000.0003	-0.276038
700000.0003	1.02772
700000.0003	0.219172
700000.0003	-0.963926
700000.0003	-0.107835
700000.0003	0.306755
700000.0003	-1.15514
700000.0003	1.04745
700000.0003	0.340253
700000.0003	-0.329922
700000.0003	-0.56607
700000.0003	0.256466
700000.0003	0.244545
700000.0003	-0.44492
700000.0003	1.39007
700000.0003	0.0309709
700000.0003	-0.98323
700000.0003	-0.11018
700000.0003	-0.618083
700000.0003	-0.25968
700000.0003	-0.531611
700000.0003	0.226055
700000.0003	0.0592905
700000.0003	0.676302
700000.0003	0.0682687
700000.0003	1.36576
700000.0003	-0.320224
700000.0003	-0.0451086
700000.0003	-0.5819
700000.0003	0.337646
700000.0003	-0.376612
700000.0003	-0.287311
700000.0003	0.0536188
700000.0003	0.4603
700000.0003	0.21679
700000.0003	-0.850714
700000.0003	0.276106
700000.0003	-0.164706
700000.0003	-0.362457
700000.0003	0.179737
700000.0003	1.24416
700000.0003	0.732419
700000.0003	-0.350678
700000.0003	-0.507292
700000.0003	-1.06335
700000.0003	-1.25628
700000.0003	-1.1297
700000.0003	0.967715
700000.0003	1.00563
700000.0003	0.464327
700000.0003	-0.289957
700000.0003	1.64157
700000.0003	-0.740122
700000.0003	-0.225673
700000.0003	0.129081
700000.0003	1.53402
700000.0003	-0.402201
700000.0003	0.924247
700000.0003	-0.057538
700000.0003	-1.17373
700000.0003	-0.498948
700000.0003	0.570716
700000.0003	0.907233
700000.0003	0.6301
700000.0003	-1.5755
700000.0003	-0.507563
700000.0003	0.372538
700000.0003	-0.633109
700000.0003	-0.535627
700000.0003	0.0763085
700000.0003	-1.15738
700000.0003	-0.990803
700000.0003	-1.60789
700000.0003	-0.0989367
700000.0003	2.08572
700000.0003	0.305706
700000.0003	-1.17757
700000.0003	2.10209
700000.0003	0.899652
700000.0003	-0.914608
700000.0003	1.93853
700000.0003	0.673652
700000.0003	1.97042
700000.0003	-0.00191708
700000.0003	1.22552
700000.0003	-0.74044
700000.0003	-2.28721
700000.0003	-0.637563
700000.0003	-1.07976
700000.0003	0.134458
700000.0003	-3.21422
700000.0003	-2.51759
700000.0003	-1.26478
700000.0003	0.198938
700000.0003	0.294938
700000.0003	2.38027
700000.0003	2.02589
700000.0003	0.301133
700000.0003	-1.35593
700000.0003	-4.24775
700000.0003	-0.260049
700000.0003	-0.562587
700000.0003	-0.907356
700000.0003	1.53657
700000.0003	0.70742
700000.0003	2.97496
700000.0003	0.470398
700000.0003	5.18988
700000.0003	-0.162986
700000.0003	0.17984
700000.0003	-0.35791
700000.0003	-1.30607
700000.0003	-0.567518
700000.0003	0.130031
700000.0003	-1.81908
700000.0003	0.550752
700000.0003	-0.798254
700000.0003	-0.610635
700000.0003	0.68156
700000.0003	1.18966
700000.0003	1.24082
700000.0003	0.417651
700000.0003	-0.202979
700000.0003	-2.36189
700000.0003	-1.2065
700000.0003	0.217916
700000.0003	-0.218542
700000.0003	1.20719
700000.0003	0.510146
700000.0003	-0.366941
700000.0003	0.892428
700000.0003	0.178621
700000.0003	0.902905
700000.0003	-0.123819
700000.0003	0.314588
700000.0003	-0.652328
700000.0003	-0.540104
700000.0003	-0.20512
700000.0003	-0.496238
700000.0003	-0.61269
700000.0003	0.343376
700000.0003	-0.846468
700000.0003	0.229842
700000.0003	0.547767
700000.0003	0.666479
700000.0003	-0.150838
700000.0003	0.393102
700000.0003	0.765469
700000.0003	-0.345692
700000.0003	0.208771
700000.0003	-0.384085
700000.0003	-0.237707
700000.0003	-0.407883
700000.0003	-0.166045
700000.0003	-0.147571
700000.0003	-0.320931
700000.0003	-0.373883
700000.0003	-0.0289621
700000.0003	0.0332935
700000.0003	0.2926
700000.0003	0.166909
700000.0003	0.389048
700000.0003	0.724804
700000.0003	-0.572034
700000.0003	0.0196122
700000.0003	-0.34632
700000.0003	0.00652526
700000.0003	0.754549
700000.0003	-0.657736
700000.0003	0.275361
700000.0003	0.394324
700000.0003	0.334325
700000.0003	-0.760427
700000.0003	-0.270788
700000.0003	-0.265931
700000.0003	0.864593
700000.0003	0.0547148
700000.0003	0.0658146
700000.0003	0.627928
700000.0003	-0.131636
700000.0003	-0.0945962
700000.0003	0.0738761
700000.0003	-0.53259
700000.0003	-0.259301
700000.0003	0.114062
700000.0003	-0.319176
700000.0003	-0.986012
700000.0003	-0.60329
700000.0003	-0.458503
700000.0003	-0.355528
700000.0003	-0.0298677
700000.0003	0.145137
700000.0003	0.226471
700000.0003	0.569526
700000.0003	0.191062
700000.0003	0.367835
700000.0003	-0.876652
700000.0003	0.00087575
700000.0003	-0.628863
700000.0003	-0.354997
700000.0003	0.190602
700000.0003	-0.0396797
700000.0003	-0.681238
700000.0003	-0.587224
700000.0003	-0.136615
700000.0003	0.513603
700000.0003	0.695958
700000.0003	-0.22355
700000.0003	0.340973
700000.0003	0.163714
700000.0003	1.1089
700000.0003	0.509684
700000.0003	-0.786528
700000.0003	-0.180238
700000.0003	0.0806056
700000.0003	0.387857
700000.0003	0.466031
700000.0003	-0.515603
700000.0003	-1.04072
700000.0003	0.28915
700000.0003	0.775548
700000.0003	0.815273
700000.0003	0.191579
700000.0003	0.285237
700000.0003	0.101382
700000.0003	0.747267
700000.0003	0.212349
700000.0003	0.0118701
700000.0003	-1.11827
700000.0003	-0.342753
700000.0003	-0.367062
700000.0003	-0.275476
700000.0003	0.833497
700000.0003	0.306025
700000.0003	-1.27423
700000.0003	-0.621653
700000.0003	-0.125604
700000.0003	0.151633
700000.0003	0.277741
