700000.0003	28.7269
700000.0003	101.061
700000.0003	200.802
700000.0003	349.36
700000.0003	531.684
700000.0003	772.109
700000.0003	1069.92
700000.0003	1426
700000.0003	1851.34
700000.0003	2283.92
700000.0003	2785.22
700000.0003	3316.58
700000.0003	3898
700000.0003	4438.3
700000.0003	5004.21
700000.0003	5522.48
700000.0003	5991.67
700000.0003	6387.14
700000.0003	6673.61
700000.0003	6886.16
700000.0003	7020.43
700000.0003	7067.9
700000.0003	7103.23
700000.0003	7080.35
700000.0003	6939.55
700000.0003	6769.91
700000.0003	6574.37
700000.0003	6347
700000.0003	6042.49
700000.0003	5742.79
700000.0003	5398.66
700000.0003	4933.3
700000.0003	4549.44
700000.0003	4038.98
700000.0003	3520.33
700000.0003	2966.93
700000.0003	2369.74
700000.0003	1742.33
700000.0003	1062.41
700000.0003	367.818
700000.0003	0
700000.0003	0
700000.0003	0
700000.0003	0
700000.0003	0
700000.0003	0
700000.0003	0
700000.0003	0
700000.0003	0
700000.0003	0
700000.0003	0
700000.0003	0
700000.0003	0
700000.0003	0
700000.0003	0
700000.0003	0
700000.0003	0
700000.0003	0
700000.0003	0
700000.0003	0
700000.0003	0
700000.0003	0
700000.0003	0
700000.0003	0
700000.0003	0
700000.0003	0
700000.0003	0
700000.0003	0
700000.0003	0
700000.0003	0
700000.0003	0
700000.0003	0
700000.0003	0
700000.0003	0
700000.0003	0
700000.0003	0
700000.0003	0
700000.0003	0
700000.0003	0
700000.0003	0
700000.0003	0
700000.0003	0
700000.0003	0
700000.0003	0
700000.0003	0
700000.0003	0
700000.0003	0
700000.0003	0
700000.0003	0
700000.0003	0
700000.0003	0
700000.0003	0
700000.0003	0
700000.0003	0
700000.0003	0
700000.0003	0
700000.0003	0
700000.0003	0
700000.0003	0
700000.0003	0
700000.0003	0
700000.0003	0
700000.0003	0
700000.0003	0
700000.0003	0
700000.0003	0
700000.0003	0
700000.0003	0
700000.0003	0
700000.0003	0
700000.0003	0
700000.0003	0
700000.0003	0
700000.0003	0
700000.0003	0
700000.0003	0
700000.0003	0
700000.0003	0
700000.0003	0
700000.0003	0
700000.0003	0
700000.0003	0
700000.0003	0
700000.0003	0
700000.0003	0
700000.0003	0
700000.0003	0
700000.0003	0
700000.0003	0
700000.0003	0
700000.0003	0
700000.0003	0
700000.0003	0
700000.0003	0
700000.0003	0
700000.0003	0
700000.0003	0
700000.0003	0
700000.0003	0
700000.0003	0
700000.0003	-23.6006
700000.0003	-70.5574
700000.0003	-116.894
700000.0003	-162.304
700000.0003	-208.855
700000.0003	-253.598
700000.0003	-295.321
700000.0003	-341.299
700000.0003	-382.95
700000.0003	-425.018
700000.0003	-463.632
700000.0003	-508.859
700000.0003	-552.229
700000.0003	-591.439
700000.0003	-628.274
700000.0003	-663.569
700000.0003	-701.834
700000.0003	-743.978
700000.0003	-779.783
700000.0003	-813.539
700000.0003	-850.909
700000.0003	-885.765
700000.0003	-923.934
700000.0003	-960.44
700000.0003	-995.763
700000.0003	-1021.82
700000.0003	-1065.18
700000.0003	-1077.9
700000.0003	-1113.05
700000.0003	-1142.55
700000.0003	-1174.63
700000.0003	-1204.55
700000.0003	-1224.86
700000.0003	-1268.25
700000.0003	-1299.58
700000.0003	-1310.84
700000.0003	-1346.1
700000.0003	-1365.96
700000.0003	-1392.04
700000.0003	-1425.03
700000.0003	-1442.91
700000.0003	-1473.22
700000.0003	-1489.31
700000.0003	-1516.03
700000.0003	-1533.52
700000.0003	-1556.27
700000.0003	-1577.07
700000.0003	-1600.93
700000.0003	-1614.17
700000.0003	-1636.89
700000.0003	-1669.12
700000.0003	-1676.83
700000.0003	-1697.2
700000.0003	-1704.96
700000.0003	-1708.17
700000.0003	-1740.59
700000.0003	-1753.38
700000.0003	-1765.94
700000.0003	-1787.67
700000.0003	-1794.56
700000.0003	-1808.47
700000.0003	-1810.86
700000.0003	-1827.38
700000.0003	-1845.43
700000.0003	-1840.72
700000.0003	-1849
700000.0003	-1870.23
700000.0003	-1873.63
700000.0003	-1879.45
700000.0003	-1894.39
700000.0003	-1899.12
700000.0003	-1900.5
700000.0003	-1910.29
700000.0003	-1905.89
700000.0003	-1918.96
700000.0003	-1927.29
700000.0003	-1932.78
700000.0003	-1926.91
700000.0003	-1909.62
700000.0003	-1926.21
700000.0003	-1926.9
700000.0003	-1941.6
700000.0003	-1927.13
700000.0003	-1922.25
700000.0003	-1915.76
700000.0003	-1925.36
700000.0003	-1911.16
700000.0003	-1917.16
700000.0003	-1895.75
700000.0003	-1887.99
700000.0003	-1888.39
700000.0003	-1880.95
700000.0003	-1869.09
700000.0003	-1859.98
700000.0003	-1847.7
700000.0003	-1840.48
700000.0003	-1821.03
700000.0003	-1809.15
700000.0003	-1788.22
700000.0003	-1766.3
700000.0003	-1736.08
700000.0003	-1711.76
700000.0003	-1687.39
700000.0003	-1661.04
700000.0003	-1629.42
700000.0003	-1584.88
700000.0003	-1547.12
700000.0003	-1503.68
700000.0003	-1450.71
700000.0003	-1395.43
700000.0003	-1339.85
700000.0003	-1284.01
700000.0003	-1225.57
700000.0003	-1162.12
700000.0003	-1101.84
700000.0003	-1033.72
700000.0003	-974.702
700000.0003	-907.304
700000.0003	-843.528
700000.0003	-787.963
700000.0003	-729.149
700000.0003	-672.267
700000.0003	-618.194
700000.0003	-562.045
700000.0003	-511.952
700000.0003	-463.028
700000.0003	-418.809
700000.0003	-376.26
700000.0003	-336.785
700000.0003	-299.69
700000.0003	-265.995
700000.0003	-233.737
700000.0003	-205.986
700000.0003	-178.246
700000.0003	-154.677
700000.0003	-134.193
700000.0003	-115.501
700000.0003	-99.6849
700000.0003	-84.986
700000.0003	-72.7671
700000.0003	-61.7157
700000.0003	-52.6006
700000.0003	-44.0925
700000.0003	-36.9295
700000.0003	-31.3679
700000.0003	-26.0731
700000.0003	-22.342
700000.0003	-18.7269
700000.0003	-15.7547
700000.0003	-13.1408
700000.0003	-10.8547
700000.0003	-8.94094
700000.0003	-7.50251
700000.0003	-5.96201
700000.0003	-4.85431
700000.0003	-3.78141
700000.0003	-2.78008
700000.0003	-1.9364
700000.0003	-1.09171
700000.0003	-0.368718
700000.0003	0
700000.0003	0
700000.0003	0
700000.0003	0
700000.0003	0
700000.0003	0
700000.0003	0
700000.0003	0
700000.0003	0
700000.0003	0
700000.0003	0
700000.0003	0
700000.0003	0
700000.0003	0
700000.0003	0
700000.0003	0
700000.0003	0
700000.0003	0
700000.0003	0
700000.0003	0
700000.0003	0
700000.0003	0
700000.0003	0
700000.0003	0
700000.0003	0
700000.0003	0
700000.0003	0
700000.0003	0
700000.0003	0
700000.0003	0
700000.0003	0
700000.0003	0
700000.0003	0
700000.0003	0
700000.0003	0
700000.0003	0
700000.0003	0
700000.0003	0
700000.0003	0
700000.0003	0
700000.0003	0
700000.0003	0
700000.0003	0
700000.0003	0
700000.0003	0
700000.0003	0
700000.0003	0
700000.0003	0
700000.0003	0
700000.0003	0
700000.0003	0
700000.0003	0
700000.0003	0
700000.0003	0
700000.0003	0
700000.0003	0
700000.0003	0
700000.0003	0
700000.0003	0
700000.0003	0
700000.0003	0
700000.0003	0
700000.0003	0
700000.0003	0
700000.0003	0
700000.0003	0
700000.0003	0
700000.0003	0
700000.0003	0
700000.0003	0
700000.0003	0
700000.0003	0
700000.0003	0
700000.0003	0
700000.0003	0
700000.0003	0
700000.0003	0
700000.0003	0
700000.0003	0
700000.0003	0
700000.0003	0
700000.0003	0
700000.0003	0
700000.0003	0
700000.0003	0
700000.0003	0
700000.0003	0
700000.0003	0
700000.0003	0
700000.0003	0
700000.0003	0
700000.0003	0
700000.0003	0
700000.0003	0
700000.0003	0
700000.0003	0
700000.0003	0
700000.0003	0
700000.0003	0
700000.0003	0
700000.0003	-0.22643
700000.0003	0.616603
700000.0003	-0.516081
700000.0003	-3.45322
700000.0003	-1.32955
700000.0003	-8.63412
700000.0003	1.9073
700000.0003	4.81738
700000.0003	0.380851
700000.0003	-0.967353
700000.0003	4.31725
700000.0003	8.92667
700000.0003	-20.4486
700000.0003	0.04695
700000.0003	16.642
700000.0003	-6.5446
700000.0003	-16.7403
700000.0003	1.56232
700000.0003	-7.17088
700000.0003	15.0961
700000.0003	-3.19517
700000.0003	-19.6589
700000.0003	-36.0193
700000.0003	-17.2411
700000.0003	-18.9229
700000.0003	-6.50283
700000.0003	-19.6277
700000.0003	39.7182
700000.0003	14.9994
700000.0003	-15.7543
700000.0003	-25.8497
700000.0003	-0.62338
700000.0003	-0.424406
700000.0003	-14.1075
700000.0003	-10.236
700000.0003	-13.8973
700000.0003	3.01736
700000.0003	-0.434387
700000.0003	-3.42783
700000.0003	1.34921
700000.0003	0
700000.0003	0
700000.0003	0
700000.0003	0
700000.0003	0
700000.0003	0
700000.0003	0
700000.0003	0
700000.0003	0
700000.0003	0
700000.0003	0
700000.0003	0
700000.0003	0
700000.0003	0
700000.0003	0
700000.0003	0
700000.0003	0
700000.0003	0
700000.0003	0
700000.0003	0
700000.0003	0
700000.0003	0
700000.0003	0
700000.0003	0
700000.0003	0
700000.0003	0
700000.0003	0
700000.0003	0
700000.0003	0
700000.0003	0
700000.0003	0
700000.0003	0
700000.0003	0
700000.0003	0
700000.0003	0
700000.0003	0
700000.0003	0
700000.0003	0
700000.0003	0
700000.0003	0
700000.0003	0
700000.0003	0
700000.0003	0
700000.0003	0
700000.0003	0
700000.0003	0
700000.0003	0
700000.0003	0
700000.0003	0
700000.0003	0
700000.0003	0
700000.0003	0
700000.0003	0
700000.0003	0
700000.0003	0
700000.0003	0
700000.0003	0
700000.0003	0
700000.0003	0
700000.0003	0
700000.0003	0
700000.0003	0
700000.0003	0
700000.0003	0
700000.0003	0
700000.0003	0
700000.0003	0
700000.0003	0
700000.0003	0
700000.0003	0
700000.0003	0
700000.0003	0
700000.0003	0
700000.0003	0
700000.0003	0
700000.0003	0
700000.0003	0
700000.0003	0
700000.0003	0
700000.0003	0
700000.0003	0
700000.0003	0
700000.0003	0
700000.0003	0
700000.0003	0
700000.0003	0
700000.0003	0
700000.0003	0
700000.0003	0
700000.0003	0
700000.0003	0
700000.0003	0
700000.0003	0
700000.0003	0
700000.0003	0
700000.0003	0
700000.0003	0
700000.0003	0
700000.0003	0
700000.0003	0
700000.0003	0.0261512
700000.0003	0.0558017
700000.0003	0.19038
700000.0003	-0.200054
700000.0003	0.0235367
700000.0003	-0.395673
700000.0003	0.363994
700000.0003	0.601655
700000.0003	-0.0390346
700000.0003	-1.33749
700000.0003	-0.943613
700000.0003	-0.677884
700000.0003	1.50307
700000.0003	1.28847
700000.0003	1.44936
700000.0003	-0.789094
700000.0003	-2.01409
700000.0003	0.682127
700000.0003	3.60506
700000.0003	0.161382
700000.0003	-1.47672
700000.0003	0.487217
700000.0003	-2.51975
700000.0003	-1.91703
700000.0003	2.25849
700000.0003	-1.49126
700000.0003	-0.370863
700000.0003	-0.434295
700000.0003	-3.44039
700000.0003	-1.85818
700000.0003	4.00164
700000.0003	-0.567844
700000.0003	-1.11682
700000.0003	-3.58401
700000.0003	1.98335
700000.0003	2.48812
700000.0003	-4.30063
700000.0003	-6.87284
700000.0003	2.33659
700000.0003	2.13813
700000.0003	1.60506
700000.0003	1.24475
700000.0003	-4.65778
700000.0003	-1.61256
700000.0003	-1.39003
700000.0003	-6.44495
700000.0003	-0.517411
700000.0003	-1.14181
700000.0003	-1.17704
700000.0003	1.67699
700000.0003	0.0673003
700000.0003	4.22577
700000.0003	4.76314
700000.0003	-3.06217
700000.0003	-5.6161
700000.0003	-0.859049
700000.0003	5.90367
700000.0003	1.05385
700000.0003	-2.16711
700000.0003	2.52348
700000.0003	-0.159328
700000.0003	-4.16683
700000.0003	6.27531
700000.0003	0.89186
700000.0003	-0.557323
700000.0003	3.65564
700000.0003	3.99067
700000.0003	-2.42032
700000.0003	-1.24984
700000.0003	-6.48079
700000.0003	1.38464
700000.0003	0.86148
700000.0003	-0.161608
700000.0003	3.2012
700000.0003	-1.60016
700000.0003	2.24388
700000.0003	-1.68944
700000.0003	-0.632271
700000.0003	5.42967
700000.0003	-1.42211
700000.0003	2.81036
700000.0003	-2.34814
700000.0003	4.53351
700000.0003	1.63377
700000.0003	0.548253
700000.0003	-0.318194
700000.0003	-1.00101
700000.0003	0.887074
700000.0003	-0.127039
700000.0003	6.91575
700000.0003	-7.1125
700000.0003	-0.721039
700000.0003	-6.4179
700000.0003	3.44315
700000.0003	-4.55579
700000.0003	-1.17973
700000.0003	-3.80666
700000.0003	3.14823
700000.0003	-1.70235
700000.0003	-0.170278
700000.0003	1.53279
700000.0003	-5.36664
700000.0003	-2.2041
700000.0003	0.194801
700000.0003	-5.20278
700000.0003	-3.57323
700000.0003	1.49789
700000.0003	3.88084
700000.0003	-0.881107
700000.0003	1.23173
700000.0003	-1.5267
700000.0003	0.147807
700000.0003	-3.19589
700000.0003	2.2328
700000.0003	-0.814324
700000.0003	2.64513
700000.0003	-1.55484
700000.0003	-0.183372
700000.0003	-2.63113
700000.0003	1.2284
700000.0003	0.40474
700000.0003	-1.08544
700000.0003	2.25781
700000.0003	2.0708
700000.0003	2.09226
700000.0003	1.82031
700000.0003	0.286498
700000.0003	-0.807666
700000.0003	-0.618188
700000.0003	0.618382
700000.0003	-1.05453
700000.0003	0.220451
700000.0003	0.0537066
700000.0003	0.582198
700000.0003	0.577226
700000.0003	1.14893
700000.0003	-0.650087
700000.0003	0.333979
700000.0003	-0.367764
700000.0003	-0.469691
700000.0003	0.269178
700000.0003	-0.164538
700000.0003	0.193332
700000.0003	0.0113268
700000.0003	-0.0827345
700000.0003	0.00609499
700000.0003	-0.217063
700000.0003	0.26754
700000.0003	-0.263702
700000.0003	-0.0453488
700000.0003	-0.0631504
700000.0003	-0.11521
700000.0003	-0.0200001
700000.0003	0.0739449
700000.0003	-0.0668923
700000.0003	-0.0317618
700000.0003	-0.0200346
700000.0003	0.00286907
700000.0003	-0.0224106
700000.0003	0.00437981
700000.0003	0
700000.0003	0
700000.0003	0
700000.0003	0
700000.0003	0
700000.0003	0
700000.0003	0
700000.0003	0
700000.0003	0
700000.0003	0
700000.0003	0
700000.0003	0
700000.0003	0
700000.0003	0
700000.0003	0
700000.0003	0
700000.0003	0
700000.0003	0
700000.0003	0
700000.0003	0
700000.0003	0
700000.0003	0
700000.0003	0
700000.0003	0
700000.0003	0
700000.0003	0
700000.0003	0
700000.0003	0
700000.0003	0
700000.0003	0
700000.0003	0
700000.0003	0
700000.0003	0
700000.0003	0
700000.0003	0
700000.0003	0
700000.0003	0
700000.0003	0
700000.0003	0
700000.0003	0
700000.0003	0
700000.0003	0
700000.0003	0
700000.0003	0
700000.0003	0
700000.0003	0
700000.0003	0
700000.0003	0
700000.0003	0
700000.0003	0
700000.0003	0
700000.0003	0
700000.0003	0
700000.0003	0
700000.0003	0
700000.0003	0
700000.0003	0
700000.0003	0
700000.0003	0
700000.0003	0
700000.0003	0
700000.0003	0
700000.0003	0
700000.0003	0
700000.0003	0
700000.0003	0
700000.0003	0
700000.0003	0
700000.0003	0
700000.0003	0
700000.0003	0
700000.0003	0
700000.0003	0
700000.0003	0
700000.0003	0
700000.0003	0
700000.0003	0
700000.0003	0
700000.0003	0
700000.0003	0
700000.0003	0
700000.0003	0
700000.0003	0
700000.0003	0
700000.0003	0
700000.0003	0
700000.0003	0
700000.0003	0
700000.0003	0
700000.0003	0
700000.0003	0
700000.0003	0
700000.0003	0
700000.0003	0
700000.0003	0
700000.0003	0
700000.0003	0
700000.0003	0
700000.0003	0
700000.0003	0
