700000.0003	63.2813
700000.0003	114.158
700000.0003	194.207
700000.0003	314.541
700000.0003	483.059
700000.0003	695.886
700000.0003	961.284
700000.0003	1262.77
700000.0003	1592.16
700000.0003	1967.62
700000.0003	2396.3
700000.0003	2856.95
700000.0003	3299.05
700000.0003	3646.34
700000.0003	3811.59
700000.0003	3735.16
700000.0003	3453.19
700000.0003	3055.02
700000.0003	2595.4
700000.0003	2145.09
700000.0003	1726.7
700000.0003	1365.52
700000.0003	1059.17
700000.0003	808.594
700000.0003	608.393
700000.0003	462.335
700000.0003	349.722
700000.0003	262.678
700000.0003	198.83
700000.0003	152.831
700000.0003	118.247
700000.0003	91.2208
700000.0003	69.9067
700000.0003	53.45
700000.0003	42.1374
700000.0003	34.4461
700000.0003	28.3538
700000.0003	20.6798
700000.0003	18.1243
700000.0003	13.3849
700000.0003	11.0215
700000.0003	10.5751
700000.0003	7.94758
700000.0003	6.23202
700000.0003	7.16734
700000.0003	6.61208
700000.0003	3.006
700000.0003	5.2432
700000.0003	4.3179
700000.0003	4.33
700000.0003	3.09778
700000.0003	3.44145
700000.0003	2.3508
700000.0003	3.77032
700000.0003	1.90485
700000.0003	2.76718
700000.0003	3.20326
700000.0003	2.18997
700000.0003	1.79515
700000.0003	1.65167
700000.0003	1.94842
700000.0003	0.871126
700000.0003	0.891657
700000.0003	1.12032
700000.0003	1.48142
700000.0003	2.35508
700000.0003	1.32947
700000.0003	1.11013
700000.0003	1.2794
700000.0003	1.21482
700000.0003	1.34846
700000.0003	1.76073
700000.0003	1.47863
700000.0003	0.851531
700000.0003	0.949003
700000.0003	2.34728
700000.0003	0.680779
700000.0003	0.891708
700000.0003	1.16715
700000.0003	1.17654
700000.0003	0.617536
700000.0003	1.07996
700000.0003	0.849734
700000.0003	0.755035
700000.0003	0.528666
700000.0003	0.458552
700000.0003	0.0252113
700000.0003	0.0200844
700000.0003	1.15117
700000.0003	0.738841
700000.0003	-0.624262
700000.0003	-0.579298
700000.0003	0.907301
700000.0003	1.15005
700000.0003	-0.308835
700000.0003	1.01128
700000.0003	0.0195937
700000.0003	0.960757
700000.0003	0.223023
700000.0003	0.558451
700000.0003	-0.570566
700000.0003	0.383177
700000.0003	-0.224502
700000.0003	-0.154302
700000.0003	-0.816667
700000.0003	0.430705
700000.0003	0.457814
700000.0003	0.877431
700000.0003	0.673217
700000.0003	0.529597
700000.0003	0.699675
700000.0003	0.36618
700000.0003	0.156994
700000.0003	0.198696
700000.0003	-0.123842
700000.0003	-0.47018
700000.0003	-0.642259
700000.0003	0.93445
700000.0003	-1.15374
700000.0003	-0.571402
700000.0003	-0.422799
700000.0003	0.000941665
700000.0003	0.653454
700000.0003	0.860123
700000.0003	-0.0889234
700000.0003	1.11112
700000.0003	-0.38204
700000.0003	0.201368
700000.0003	0.977682
700000.0003	-0.528808
700000.0003	0.0835368
700000.0003	0.324777
700000.0003	0.281557
700000.0003	-0.544761
700000.0003	-0.0846227
700000.0003	0.317342
700000.0003	-0.777281
700000.0003	0.529323
700000.0003	-0.15435
700000.0003	-1.06313
700000.0003	-0.712267
700000.0003	1.09976
700000.0003	0.357587
700000.0003	0.0997067
700000.0003	-0.931132
700000.0003	-1.05417
700000.0003	0.1467
700000.0003	-1.56263
700000.0003	-1.3846
700000.0003	-1.37426
700000.0003	-0.614353
700000.0003	-0.54229
700000.0003	-0.413798
700000.0003	-2.09855
700000.0003	-1.0314
700000.0003	-1.1968
700000.0003	-1.55369
700000.0003	-2.0849
700000.0003	-1.18885
700000.0003	-1.91392
700000.0003	-0.97262
700000.0003	-1.23564
700000.0003	-0.934042
700000.0003	-0.893556
700000.0003	-2.84568
700000.0003	-3.20456
700000.0003	-2.856
700000.0003	-2.88184
700000.0003	-3.3667
700000.0003	-2.24134
700000.0003	-2.09992
700000.0003	-3.54434
700000.0003	-2.30841
700000.0003	-4.2104
700000.0003	-2.96135
700000.0003	-2.12766
700000.0003	-3.59419
700000.0003	-3.87966
700000.0003	-4.00099
700000.0003	-4.42188
700000.0003	-4.34155
700000.0003	-4.25709
700000.0003	-3.87984
700000.0003	-4.62038
700000.0003	-5.2861
700000.0003	-4.64678
700000.0003	-6.68431
700000.0003	-5.13582
700000.0003	-5.82481
700000.0003	-7.48
700000.0003	-6.20161
700000.0003	-7.53619
700000.0003	-6.2308
700000.0003	-6.6879
700000.0003	-7.95256
700000.0003	-7.70935
700000.0003	-10.1285
700000.0003	-8.56637
700000.0003	-10.1031
700000.0003	-8.74123
700000.0003	-8.90377
700000.0003	-8.73278
700000.0003	-10.1732
700000.0003	-11.3339
700000.0003	-11.9473
700000.0003	-13.716
700000.0003	-13.408
700000.0003	-14.9761
700000.0003	-15.6644
700000.0003	-16.5575
700000.0003	-18.1379
700000.0003	-18.7121
700000.0003	-19.7972
700000.0003	-20.4663
700000.0003	-21.5152
700000.0003	-23.172
700000.0003	-24.3127
700000.0003	-27.2138
700000.0003	-29.0752
700000.0003	-30.7442
700000.0003	-35.9161
700000.0003	-40.0393
700000.0003	-43.6136
700000.0003	-47.0801
700000.0003	-53.517
700000.0003	-61.0276
700000.0003	-65.3032
700000.0003	-77.6328
700000.0003	-87.201
700000.0003	-101.355
700000.0003	-117.783
700000.0003	-136.634
700000.0003	-156.612
700000.0003	-183.479
700000.0003	-214.897
700000.0003	-247.251
700000.0003	-289.183
700000.0003	-335.986
700000.0003	-392.158
700000.0003	-453.745
700000.0003	-520.642
700000.0003	-599.596
700000.0003	-680.609
700000.0003	-772.9
700000.0003	-865.157
700000.0003	-965.011
700000.0003	-1063.4
700000.0003	-1154.37
700000.0003	-1242.81
700000.0003	-1326.75
700000.0003	-1399.03
700000.0003	-1450.86
700000.0003	-1490.93
700000.0003	-1510.01
700000.0003	-1516.36
700000.0003	-1499.35
700000.0003	-1476.88
700000.0003	-1434.76
700000.0003	-1386.95
700000.0003	-1333.94
700000.0003	-1272.63
700000.0003	-1208.27
700000.0003	-1143.04
700000.0003	-1074.82
700000.0003	-1005.65
700000.0003	-937.847
700000.0003	-867.855
700000.0003	-803.053
700000.0003	-734.629
700000.0003	-674.977
700000.0003	-610.938
700000.0003	-554.527
700000.0003	-498.951
700000.0003	-444.781
700000.0003	-394.057
700000.0003	-350.519
700000.0003	-305.888
700000.0003	-269.087
700000.0003	-234.371
700000.0003	-204.268
700000.0003	-179.052
700000.0003	-154.543
700000.0003	-137.073
700000.0003	-118.494
700000.0003	-104.852
700000.0003	-94.8033
700000.0003	-85.6246
700000.0003	-77.6216
700000.0003	-70.3346
700000.0003	-64.8448
700000.0003	-61.2993
700000.0003	-57.9628
700000.0003	-54.0607
700000.0003	-51.3862
700000.0003	-49.1967
700000.0003	-47.0186
700000.0003	-46.1736
700000.0003	-44.2358
700000.0003	-45.0933
700000.0003	-42.6449
700000.0003	-41.5234
700000.0003	-41.6963
700000.0003	-41.5957
700000.0003	-40.5576
700000.0003	-41.2994
700000.0003	-41.274
700000.0003	-41.7778
700000.0003	-42.0229
700000.0003	-41.8096
700000.0003	-40.6802
700000.0003	-40.9782
700000.0003	-41.6096
700000.0003	-41.5773
700000.0003	-40.7399
700000.0003	-40.8884
700000.0003	-40.8568
700000.0003	-40.771
700000.0003	-41.2549
700000.0003	-40.8705
700000.0003	-41.8716
700000.0003	-40.7489
700000.0003	-40.5191
700000.0003	-40.4056
700000.0003	-41.018
700000.0003	-40.9271
700000.0003	-41.6911
700000.0003	-40.6572
700000.0003	-40.7869
700000.0003	-40.3781
700000.0003	-40.6462
700000.0003	-40.8428
700000.0003	-40.78
700000.0003	-40.8713
700000.0003	-40.2712
700000.0003	-40.6103
700000.0003	-40.1303
700000.0003	-39.95
700000.0003	-40.9416
700000.0003	-40.7025
700000.0003	-39.8985
700000.0003	-40.573
700000.0003	-40.2791
700000.0003	-39.9038
700000.0003	-39.9266
700000.0003	-40.1389
700000.0003	-40.3711
700000.0003	-40.7551
700000.0003	-41.6334
700000.0003	-40.0123
700000.0003	-40.9035
700000.0003	-40.1283
700000.0003	-40.0351
700000.0003	-40.5234
700000.0003	-39.6964
700000.0003	-39.9954
700000.0003	-40.3162
700000.0003	-40.8376
700000.0003	-40.9871
700000.0003	-41.216
700000.0003	-40.1158
700000.0003	-40.7536
700000.0003	-39.6664
700000.0003	-40.9353
700000.0003	-40.4105
700000.0003	-39.6323
700000.0003	-39.7501
700000.0003	-40.8253
700000.0003	-40.2379
700000.0003	-40.2417
700000.0003	-39.323
700000.0003	-39.9517
700000.0003	-38.9216
700000.0003	-39.1248
700000.0003	-39.171
700000.0003	-39.0954
700000.0003	-38.6229
700000.0003	-38.1254
700000.0003	-38.4675
700000.0003	-39.035
700000.0003	-37.7577
700000.0003	-37.6492
700000.0003	-37.9032
700000.0003	-36.9062
700000.0003	-36.1682
700000.0003	-36.5717
700000.0003	-35.3986
700000.0003	-36.4762
700000.0003	-34.2514
700000.0003	-33.2522
700000.0003	-32.2505
700000.0003	-31.2979
700000.0003	-28.5276
700000.0003	-26.964
700000.0003	-24.747
700000.0003	-20.2741
700000.0003	-14.1108
700000.0003	-6.42392
700000.0003	5.60459
700000.0003	16.871
700000.0003	35.3374
700000.0003	-0.00473436
700000.0003	-0.379297
700000.0003	0.428306
700000.0003	-0.0386387
700000.0003	-0.294067
700000.0003	-0.831761
700000.0003	0.508118
700000.0003	-0.405651
700000.0003	-3.4129
700000.0003	0.510752
700000.0003	-0.988021
700000.0003	0.518908
700000.0003	0.839149
700000.0003	-0.502045
700000.0003	-0.216644
700000.0003	-0.854467
700000.0003	2.31024
700000.0003	0.876024
700000.0003	1.52594
700000.0003	0.63093
700000.0003	2.62164
700000.0003	-3.68811
700000.0003	-0.528942
700000.0003	0.061913
700000.0003	-0.23104
700000.0003	-2.19975
700000.0003	1.90496
700000.0003	-0.877437
700000.0003	-0.116564
700000.0003	0.986929
700000.0003	0.769564
700000.0003	0.862246
700000.0003	-1.07946
700000.0003	0.779595
700000.0003	0.222955
700000.0003	-0.168793
700000.0003	-0.633009
700000.0003	-0.393758
700000.0003	1.12739
700000.0003	-0.395369
700000.0003	0.226677
700000.0003	0.172292
700000.0003	0.455064
700000.0003	-1.48406
700000.0003	-0.250772
700000.0003	-0.206318
700000.0003	0.495086
700000.0003	0.698768
700000.0003	-0.311964
700000.0003	0.164864
700000.0003	0.0217062
700000.0003	-0.651672
700000.0003	-0.282688
700000.0003	-0.229375
700000.0003	1.05914
700000.0003	0.896855
700000.0003	-0.434855
700000.0003	-0.312909
700000.0003	-0.724195
700000.0003	-0.145033
700000.0003	0.658339
700000.0003	0.365403
700000.0003	-0.272375
700000.0003	-0.477733
700000.0003	-0.0559414
700000.0003	-0.183075
700000.0003	-0.213827
700000.0003	0.584331
700000.0003	0.376196
700000.0003	0.746082
700000.0003	-1.64342
700000.0003	-0.490386
700000.0003	0.122383
700000.0003	0.102007
700000.0003	0.391794
700000.0003	0.379757
700000.0003	-0.695855
700000.0003	-0.0799717
700000.0003	-0.13907
700000.0003	0.300216
700000.0003	0.171642
700000.0003	-0.00459738
700000.0003	0.615884
700000.0003	-0.461272
700000.0003	-0.127207
700000.0003	-0.418494
700000.0003	0.634038
700000.0003	0.155252
700000.0003	-0.439468
700000.0003	-0.272131
700000.0003	-0.18161
700000.0003	0.656994
700000.0003	-0.0876447
700000.0003	-0.50869
700000.0003	0.533257
700000.0003	0.45804
700000.0003	-0.936929
700000.0003	-0.431167
700000.0003	0.46213
700000.0003	-0.000279941
700000.0003	-0.0696961
700000.0003	-0.372724
700000.0003	0.196084
700000.0003	0.127883
700000.0003	0.029973
700000.0003	0.652241
700000.0003	0.746319
700000.0003	-0.487922
700000.0003	0.106448
700000.0003	-0.716992
700000.0003	0.734033
700000.0003	-0.524676
700000.0003	0.251121
700000.0003	0.165769
700000.0003	-0.12432
700000.0003	-0.244449
700000.0003	0.166448
700000.0003	0.264677
700000.0003	0.273729
700000.0003	-0.145211
700000.0003	-0.320974
700000.0003	0.25908
700000.0003	-0.135015
700000.0003	-0.356829
700000.0003	0.0843229
700000.0003	-0.0123971
700000.0003	-0.92341
700000.0003	0.111568
700000.0003	0.953046
700000.0003	0.111476
700000.0003	-0.123208
700000.0003	-0.695279
700000.0003	-0.145829
700000.0003	0.517501
700000.0003	0.441501
700000.0003	-0.906878
700000.0003	0.59331
700000.0003	0.144401
700000.0003	-0.625982
700000.0003	0.599464
700000.0003	0.925724
700000.0003	0.0548552
700000.0003	0.265832
700000.0003	-0.639023
700000.0003	-0.352135
700000.0003	-0.190878
700000.0003	0.497233
700000.0003	-0.0155213
700000.0003	0.324382
700000.0003	-0.795172
700000.0003	-1.19869
700000.0003	1.05052
700000.0003	-0.104554
700000.0003	0.69559
700000.0003	-0.0316454
700000.0003	-0.314299
700000.0003	0.571019
700000.0003	-0.368063
700000.0003	-0.527246
700000.0003	0.301073
700000.0003	-0.134041
700000.0003	0.303811
700000.0003	-0.423423
700000.0003	0.67417
700000.0003	0.202279
700000.0003	1.51839
700000.0003	-0.0580281
700000.0003	-0.991674
700000.0003	0.173383
700000.0003	-0.25178
700000.0003	0.510086
700000.0003	-1.02659
700000.0003	-0.164028
700000.0003	0.257139
700000.0003	-0.801872
700000.0003	-0.110248
700000.0003	-0.291955
700000.0003	0.21606
700000.0003	-0.15625
700000.0003	0.693198
700000.0003	-0.353612
700000.0003	-0.647474
700000.0003	-0.242151
700000.0003	0.13842
700000.0003	1.06919
700000.0003	-0.0898664
700000.0003	-0.614408
700000.0003	0.610569
700000.0003	0.552198
700000.0003	-0.0449863
700000.0003	-0.600109
700000.0003	-1.04049
700000.0003	0.472248
700000.0003	0.331171
700000.0003	-0.538293
700000.0003	-0.536421
700000.0003	-1.11418
700000.0003	1.09211
700000.0003	0.426137
700000.0003	0.917752
700000.0003	0.683921
700000.0003	0.327377
700000.0003	0.0558666
700000.0003	-0.159071
700000.0003	-1.72436
700000.0003	0.0509132
700000.0003	0.166483
700000.0003	1.89869
700000.0003	0.581935
700000.0003	0.732093
700000.0003	-0.00507225
700000.0003	-0.586456
700000.0003	0.909311
700000.0003	-1.10156
700000.0003	-0.338486
700000.0003	-1.21425
700000.0003	-0.0603233
700000.0003	0.375182
700000.0003	0.585357
700000.0003	-0.335954
700000.0003	-0.0488667
700000.0003	-1.09996
700000.0003	-0.0874746
700000.0003	0.137294
700000.0003	0.947249
700000.0003	0.12479
700000.0003	-0.671605
700000.0003	-0.750388
700000.0003	-0.60521
700000.0003	-1.03779
700000.0003	-0.502998
700000.0003	1.02432
700000.0003	0.837443
700000.0003	1.18242
700000.0003	-0.650297
700000.0003	-0.874886
700000.0003	-0.894926
700000.0003	0.795835
700000.0003	1.44909
700000.0003	0.841355
700000.0003	0.0178236
700000.0003	-0.699836
700000.0003	-0.661326
700000.0003	0.516049
700000.0003	-0.516305
700000.0003	-0.956071
700000.0003	-2.88079
700000.0003	-0.544627
700000.0003	0.212999
700000.0003	1.66245
700000.0003	2.0459
700000.0003	-2.74729
700000.0003	-0.557661
700000.0003	1.39736
700000.0003	-2.16356
700000.0003	3.54942
700000.0003	1.18629
700000.0003	-1.7437
700000.0003	-1.68214
700000.0003	-0.905726
700000.0003	1.66613
700000.0003	-0.445027
700000.0003	2.16089
700000.0003	-0.287183
700000.0003	-0.423893
700000.0003	-1.00993
700000.0003	-0.128347
700000.0003	-0.0735031
700000.0003	-0.173881
700000.0003	-1.69893
700000.0003	-1.40314
700000.0003	1.73174
700000.0003	-0.0444149
700000.0003	0.934321
700000.0003	0.644006
700000.0003	0.11652
700000.0003	0.955379
700000.0003	-2.10305
700000.0003	0.0557712
700000.0003	0.718346
700000.0003	0.528312
700000.0003	-1.64994
700000.0003	-0.432432
700000.0003	0.306167
700000.0003	-0.979474
700000.0003	-0.486891
700000.0003	0.00911066
700000.0003	1.08596
700000.0003	1.06106
700000.0003	0.248776
700000.0003	-0.0882112
700000.0003	0.59398
700000.0003	0.36157
700000.0003	0.235933
700000.0003	1.20294
700000.0003	0.538506
700000.0003	0.592543
700000.0003	0.494569
700000.0003	0.495459
700000.0003	0.413614
700000.0003	1.58878
700000.0003	1.22809
700000.0003	0.646777
700000.0003	0.346424
700000.0003	0.774991
700000.0003	0.225129
700000.0003	-0.305501
700000.0003	-0.398316
700000.0003	-0.295376
700000.0003	0.592815
700000.0003	-0.143426
700000.0003	-0.46411
700000.0003	0.331642
700000.0003	-0.505924
700000.0003	-0.276373
700000.0003	-0.397085
700000.0003	1.13264
700000.0003	-0.210063
700000.0003	0.525449
700000.0003	-0.22811
700000.0003	-0.310098
700000.0003	-0.242981
700000.0003	0.158903
700000.0003	-0.407069
700000.0003	0.0562923
700000.0003	0.709278
700000.0003	-0.0141909
700000.0003	-0.189633
700000.0003	-0.399805
700000.0003	0.0268619
700000.0003	0.420142
700000.0003	0.664968
700000.0003	-0.410446
700000.0003	-0.173842
700000.0003	-0.179345
700000.0003	0.437332
700000.0003	-0.215946
700000.0003	-0.525086
700000.0003	0.812287
700000.0003	-0.410291
700000.0003	0.115753
700000.0003	-0.110843
700000.0003	-0.107169
700000.0003	-0.196343
700000.0003	-0.466223
700000.0003	-0.163569
700000.0003	-0.13492
700000.0003	-0.034653
700000.0003	-0.305863
700000.0003	-0.28567
700000.0003	0.0279757
700000.0003	-0.527915
700000.0003	-0.194617
700000.0003	-0.529849
700000.0003	-0.295953
700000.0003	0.482189
700000.0003	-0.0938712
700000.0003	1.03866
700000.0003	-0.709071
700000.0003	-0.236885
700000.0003	-0.555255
700000.0003	0.445752
700000.0003	-0.756272
700000.0003	-0.313759
700000.0003	-0.741541
700000.0003	0.275996
700000.0003	0.464407
700000.0003	-0.522727
700000.0003	-0.4017
700000.0003	0.938972
700000.0003	-0.550147
700000.0003	-0.366881
700000.0003	-0.266327
700000.0003	-0.162808
700000.0003	0.241427
700000.0003	0.121198
700000.0003	-0.543733
700000.0003	-1.16945
700000.0003	-0.152535
700000.0003	-0.165078
700000.0003	-0.251701
700000.0003	0.149455
700000.0003	-0.685775
700000.0003	0.0336642
700000.0003	0.381041
700000.0003	0.364549
700000.0003	0.27875
700000.0003	-0.357758
700000.0003	-0.636985
700000.0003	0.816013
700000.0003	0.318478
700000.0003	0.436466
700000.0003	0.593755
700000.0003	0.391179
700000.0003	0.245653
700000.0003	0.872162
700000.0003	-0.793741
700000.0003	0.14452
700000.0003	0.242434
700000.0003	0.513371
