700000.0003	0.026092
700000.0003	0.0357887
700000.0003	0.0527976
700000.0003	0.0806387
700000.0003	0.125024
700000.0003	0.18831
700000.0003	0.278079
700000.0003	0.398539
700000.0003	0.553015
700000.0003	0.748161
700000.0003	0.980529
700000.0003	1.27182
700000.0003	1.60638
700000.0003	1.99425
700000.0003	2.41752
700000.0003	2.87635
700000.0003	3.33345
700000.0003	3.8175
700000.0003	4.28717
700000.0003	4.75137
700000.0003	5.19831
700000.0003	5.65627
700000.0003	6.04646
700000.0003	6.4697
700000.0003	6.83887
700000.0003	7.23277
700000.0003	7.60217
700000.0003	7.92973
700000.0003	8.227
700000.0003	8.57287
700000.0003	8.77773
700000.0003	9.11913
700000.0003	9.34855
700000.0003	9.51753
700000.0003	9.69512
700000.0003	9.89929
700000.0003	9.96326
700000.0003	10.1227
700000.0003	10.1526
700000.0003	10.3018
700000.0003	10.3389
700000.0003	10.2352
700000.0003	10.2523
700000.0003	10.311
700000.0003	10.3064
700000.0003	10.2862
700000.0003	10.2573
700000.0003	10.2461
700000.0003	10.2441
700000.0003	10.2825
700000.0003	10.2687
700000.0003	10.3186
700000.0003	10.2898
700000.0003	10.3285
700000.0003	10.2886
700000.0003	10.2791
700000.0003	10.2827
700000.0003	10.2051
700000.0003	10.3112
700000.0003	10.3364
700000.0003	10.2939
700000.0003	10.3229
700000.0003	10.3476
700000.0003	10.3279
700000.0003	10.319
700000.0003	10.3551
700000.0003	10.3047
700000.0003	10.2371
700000.0003	10.3238
700000.0003	10.3328
700000.0003	10.3294
700000.0003	10.3102
700000.0003	10.2493
700000.0003	10.3199
700000.0003	10.3597
700000.0003	10.2876
700000.0003	10.2726
700000.0003	10.3108
700000.0003	10.4102
700000.0003	10.361
700000.0003	10.4042
700000.0003	10.3479
700000.0003	10.285
700000.0003	10.3215
700000.0003	10.4003
700000.0003	10.414
700000.0003	10.3894
700000.0003	10.3791
700000.0003	10.4281
700000.0003	10.3538
700000.0003	10.4131
700000.0003	10.3865
700000.0003	10.4464
700000.0003	10.326
700000.0003	10.3705
700000.0003	10.2779
700000.0003	10.3356
700000.0003	10.3968
700000.0003	10.3889
700000.0003	10.3292
700000.0003	10.4278
700000.0003	10.4376
700000.0003	10.3282
700000.0003	10.3721
700000.0003	10.4121
700000.0003	10.3789
700000.0003	10.4688
700000.0003	10.4137
700000.0003	10.4435
700000.0003	10.3992
700000.0003	10.4443
700000.0003	10.4124
700000.0003	10.4557
700000.0003	10.3647
700000.0003	10.3699
700000.0003	10.4231
700000.0003	10.458
700000.0003	10.4645
700000.0003	10.363
700000.0003	10.4191
700000.0003	10.4197
700000.0003	10.4697
700000.0003	10.4603
700000.0003	10.4472
700000.0003	10.5043
700000.0003	10.4844
700000.0003	10.3954
700000.0003	10.3495
700000.0003	10.5034
700000.0003	10.3897
700000.0003	10.51
700000.0003	10.4992
700000.0003	10.3994
700000.0003	10.5464
700000.0003	10.4338
700000.0003	10.3391
700000.0003	10.4671
700000.0003	10.4514
700000.0003	10.4562
700000.0003	10.51
700000.0003	10.4788
700000.0003	10.417
700000.0003	10.5331
700000.0003	10.4833
700000.0003	10.3872
700000.0003	10.48
700000.0003	10.4797
700000.0003	10.4729
700000.0003	10.4203
700000.0003	10.4632
700000.0003	10.3909
700000.0003	10.2999
700000.0003	10.2986
700000.0003	10.3395
700000.0003	10.1701
700000.0003	10.2318
700000.0003	10.1878
700000.0003	10.1758
700000.0003	10.2044
700000.0003	10.0828
700000.0003	10.1106
700000.0003	10.0484
700000.0003	9.97461
700000.0003	9.97256
700000.0003	9.88108
700000.0003	9.86606
700000.0003	9.82744
700000.0003	9.68657
700000.0003	9.68125
700000.0003	9.6582
700000.0003	9.60375
700000.0003	9.47915
700000.0003	9.38834
700000.0003	9.30807
700000.0003	9.42894
700000.0003	9.33306
700000.0003	9.16604
700000.0003	9.09926
700000.0003	9.0744
700000.0003	8.9491
700000.0003	8.87953
700000.0003	8.83855
700000.0003	8.74147
700000.0003	8.65164
700000.0003	8.64598
700000.0003	8.51139
700000.0003	8.48824
700000.0003	8.35954
700000.0003	8.28564
700000.0003	8.23278
700000.0003	8.15374
700000.0003	8.04954
700000.0003	8.01657
700000.0003	7.9247
700000.0003	7.76959
700000.0003	7.72399
700000.0003	7.65846
700000.0003	7.52438
700000.0003	7.5513
700000.0003	7.37335
700000.0003	7.29156
700000.0003	7.19392
700000.0003	7.13506
700000.0003	7.01351
700000.0003	6.92201
700000.0003	6.8669
700000.0003	6.80024
700000.0003	6.64841
700000.0003	6.60723
700000.0003	6.56502
700000.0003	6.40846
700000.0003	6.29753
700000.0003	6.22571
700000.0003	6.10422
700000.0003	5.99006
700000.0003	5.9108
700000.0003	5.80635
700000.0003	5.71788
700000.0003	5.65205
700000.0003	5.53917
700000.0003	5.48404
700000.0003	5.35739
700000.0003	5.2827
700000.0003	5.15011
700000.0003	5.05203
700000.0003	4.97189
700000.0003	4.85489
700000.0003	4.77664
700000.0003	4.69807
700000.0003	4.56999
700000.0003	4.48892
700000.0003	4.35946
700000.0003	4.29287
700000.0003	4.16744
700000.0003	4.05582
700000.0003	3.99505
700000.0003	3.87703
700000.0003	3.77636
700000.0003	3.6702
700000.0003	3.55526
700000.0003	3.43391
700000.0003	3.33339
700000.0003	3.21666
700000.0003	3.08881
700000.0003	2.99599
700000.0003	2.86546
700000.0003	2.7257
700000.0003	2.5992
700000.0003	2.46333
700000.0003	2.33197
700000.0003	2.20099
700000.0003	2.06164
700000.0003	1.93087
700000.0003	1.80371
700000.0003	1.66267
700000.0003	1.53639
700000.0003	1.41697
700000.0003	1.29883
700000.0003	1.18279
700000.0003	1.07791
700000.0003	0.979288
700000.0003	0.882438
700000.0003	0.793873
700000.0003	0.71012
700000.0003	0.631272
700000.0003	0.563467
700000.0003	0.496391
700000.0003	0.438783
700000.0003	0.385325
700000.0003	0.335828
700000.0003	0.292003
700000.0003	0.25163
700000.0003	0.216901
700000.0003	0.186674
700000.0003	0.158251
700000.0003	0.135631
700000.0003	0.114161
700000.0003	0.0971713
700000.0003	0.0816542
700000.0003	0.0690726
700000.0003	0.0578235
700000.0003	0.0483285
700000.0003	0.041704
700000.0003	0.0347006
700000.0003	0.0288907
700000.0003	0.0249116
700000.0003	0.0211467
700000.0003	0.0182374
700000.0003	0.0154368
700000.0003	0.0132921
700000.0003	0.0118145
700000.0003	0.0103204
700000.0003	0.00904607
700000.0003	0.00814385
700000.0003	0.00728189
700000.0003	0.00679285
700000.0003	0.00612478
700000.0003	0.00589004
700000.0003	0.0055022
700000.0003	0.00543785
700000.0003	0.00517934
700000.0003	0.00513141
700000.0003	0.00502179
700000.0003	0.00499774
700000.0003	0.00486181
700000.0003	0.00489944
700000.0003	0.00485204
700000.0003	0.00470485
700000.0003	0.00465224
700000.0003	0.00461189
700000.0003	0.00456266
700000.0003	0.0045485
700000.0003	0.00450361
700000.0003	0.00446154
700000.0003	0.0044765
700000.0003	0.0043296
700000.0003	0.00446121
700000.0003	0.00439775
700000.0003	0.00433856
700000.0003	0.00426378
700000.0003	0.00433088
700000.0003	0.00434276
700000.0003	0.00424783
700000.0003	0.00425968
700000.0003	0.00422483
700000.0003	0.00425096
700000.0003	0.00422352
700000.0003	0.00426345
700000.0003	0.00418293
700000.0003	0.00417657
700000.0003	0.00418183
700000.0003	0.00415037
700000.0003	0.00414499
700000.0003	0.00414683
700000.0003	0.00417415
700000.0003	0.0041881
700000.0003	0.0041162
700000.0003	0.004162
700000.0003	0.00411276
700000.0003	0.00415688
700000.0003	0.00407501
700000.0003	0.00409804
700000.0003	0.00413437
700000.0003	0.00416414
700000.0003	0.00415299
700000.0003	0.00413775
700000.0003	0.00415303
700000.0003	0.00415337
700000.0003	0.00426262
700000.0003	0.004153
700000.0003	0.00419519
700000.0003	0.00422271
700000.0003	0.00423659
700000.0003	0.00424208
700000.0003	0.00423253
700000.0003	0.00431476
700000.0003	0.00427616
700000.0003	0.00432417
700000.0003	0.00430026
700000.0003	0.00437095
700000.0003	0.0043374
700000.0003	0.00434418
700000.0003	0.00440943
700000.0003	0.00440942
700000.0003	0.00447807
700000.0003	0.00453793
700000.0003	0.00454093
700000.0003	0.00453485
700000.0003	0.00467936
700000.0003	0.00470174
700000.0003	0.00471684
700000.0003	0.00479813
700000.0003	0.00479291
700000.0003	0.0049626
700000.0003	0.0049324
700000.0003	0.00506516
700000.0003	0.0051656
700000.0003	0.00526714
700000.0003	0.00524213
700000.0003	0.00548267
700000.0003	0.00539153
700000.0003	0.00572696
700000.0003	0.00586204
700000.0003	0.00581639
700000.0003	0.00621435
700000.0003	0.00643404
700000.0003	0.00654642
700000.0003	0.00681961
700000.0003	0.00720654
700000.0003	0.00747945
700000.0003	0.00807383
700000.0003	0.00845942
700000.0003	0.00902115
700000.0003	0.00979093
700000.0003	0.0107726
700000.0003	0.0119219
700000.0003	0.0134031
700000.0003	0.0152345
700000.0003	0.01792
700000.0003	0.0209696
700000.0003	-0.000278779
700000.0003	8.01649e-05
700000.0003	0.000169486
700000.0003	-0.000240348
700000.0003	-6.41233e-05
700000.0003	0.000286779
700000.0003	-0.000274838
700000.0003	0.00244017
700000.0003	0.000954893
700000.0003	0.00100278
700000.0003	-0.00177434
700000.0003	-0.00242931
700000.0003	0.011581
700000.0003	0.00579377
700000.0003	5.09508e-05
700000.0003	-0.0132296
700000.0003	0.00679557
700000.0003	-0.0028106
700000.0003	0.0096502
700000.0003	0.0132483
700000.0003	0.00891103
700000.0003	0.0389307
700000.0003	-0.00510128
700000.0003	0.00557831
700000.0003	-5.5408e-05
700000.0003	0.00346228
700000.0003	0.0312623
700000.0003	-0.0178563
700000.0003	0.0384052
700000.0003	-0.0232484
700000.0003	0.0524304
700000.0003	-0.0307367
700000.0003	0.0484031
700000.0003	-0.0334894
700000.0003	0.0142139
700000.0003	0.0280105
700000.0003	-0.00847848
700000.0003	-0.00185221
700000.0003	-0.0128228
700000.0003	-0.0109748
700000.0003	-0.0727221
700000.0003	0.0223617
700000.0003	-0.0102472
700000.0003	0.0186765
700000.0003	-0.0236794
700000.0003	0.0225277
700000.0003	0.00882021
700000.0003	0.0175931
700000.0003	0.00904819
700000.0003	-0.00574057
700000.0003	-0.0620935
700000.0003	0.0461561
700000.0003	0.0326932
700000.0003	0.0320422
700000.0003	0.0200294
700000.0003	0.0277098
700000.0003	0.00120289
700000.0003	-0.0205723
700000.0003	0.0218878
700000.0003	-0.000246094
700000.0003	-0.0376948
700000.0003	-0.00901158
700000.0003	0.0178621
700000.0003	-0.00976973
700000.0003	0.0381944
700000.0003	-0.0550349
700000.0003	-0.0323921
700000.0003	-0.00582573
700000.0003	-0.00515398
700000.0003	0.00796821
700000.0003	0.0132242
700000.0003	-0.0035638
700000.0003	0.0191453
700000.0003	-0.0443134
700000.0003	-0.0124497
700000.0003	-0.0256532
700000.0003	-0.0103721
700000.0003	-0.0320383
700000.0003	-0.0248052
700000.0003	0.00369729
700000.0003	-0.00107103
700000.0003	-0.0296958
700000.0003	-0.0374585
700000.0003	-0.0475
700000.0003	-0.0093079
700000.0003	0.0559245
700000.0003	-0.00271532
700000.0003	-0.00286101
700000.0003	-0.00350522
700000.0003	0.0107078
700000.0003	-0.0230938
700000.0003	-0.0276996
700000.0003	0.00476905
700000.0003	0.0373055
700000.0003	-0.0196011
700000.0003	-0.00375029
700000.0003	-0.00987449
700000.0003	-0.0245955
700000.0003	0.025411
700000.0003	-0.0393384
700000.0003	0.00612819
700000.0003	0.00826406
700000.0003	-0.02196
700000.0003	0.0266656
700000.0003	-0.0155717
700000.0003	0.0309987
700000.0003	0.0119396
700000.0003	-0.0198879
700000.0003	0.0139407
700000.0003	-0.00102793
700000.0003	0.0120286
700000.0003	-0.00369017
700000.0003	-0.022955
700000.0003	0.000108475
700000.0003	-0.00456429
700000.0003	0.0347067
700000.0003	0.0448065
700000.0003	-0.0340295
700000.0003	0.00217744
700000.0003	0.018511
700000.0003	-0.0105734
700000.0003	-0.0238493
700000.0003	0.0259562
700000.0003	-0.0105727
700000.0003	0.017337
700000.0003	-0.0092802
700000.0003	-0.0240719
700000.0003	0.010775
700000.0003	0.0181875
700000.0003	-0.0208622
700000.0003	-0.00596656
700000.0003	-8.72662e-05
700000.0003	0.030006
700000.0003	0.0484578
700000.0003	-0.0293328
700000.0003	0.0179334
700000.0003	0.00303322
700000.0003	0.00749715
700000.0003	-0.0202364
700000.0003	0.0280793
700000.0003	-0.00107457
700000.0003	-0.00811067
700000.0003	0.0037575
700000.0003	-0.0091496
700000.0003	-0.00840424
700000.0003	-0.0471029
700000.0003	-0.0303684
700000.0003	0.0130834
700000.0003	-0.0146177
700000.0003	0.00822915
700000.0003	0.0566343
700000.0003	0.0124183
700000.0003	0.0167964
700000.0003	0.0139234
700000.0003	0.0341241
700000.0003	-0.0023244
700000.0003	-0.0294059
700000.0003	-0.0233199
700000.0003	0.0530106
700000.0003	0.0431512
700000.0003	0.00779211
700000.0003	-0.0136359
700000.0003	-0.0149123
700000.0003	0.0156725
700000.0003	-0.0168086
700000.0003	0.0277827
700000.0003	-0.0248118
700000.0003	0.0412266
700000.0003	0.0131813
700000.0003	-0.0190136
700000.0003	0.011606
700000.0003	-0.00985053
700000.0003	0.0290235
700000.0003	0.0422157
700000.0003	-0.0199075
700000.0003	0.0208855
700000.0003	-0.00661364
700000.0003	0.0228815
700000.0003	0.0260671
700000.0003	-0.0115616
700000.0003	0.0245809
700000.0003	-0.0209873
700000.0003	0.00631334
700000.0003	0.013448
700000.0003	0.0126004
700000.0003	-0.0333764
700000.0003	0.0234924
700000.0003	0.0219777
700000.0003	-0.033283
700000.0003	-0.0100867
700000.0003	-0.0140323
700000.0003	-0.0149173
700000.0003	-0.0226818
700000.0003	-6.83436e-05
700000.0003	0.00847989
700000.0003	0.00844751
700000.0003	0.0125969
700000.0003	-0.0179793
700000.0003	0.00653747
700000.0003	-0.000534846
700000.0003	-0.0324866
700000.0003	0.0324453
700000.0003	-0.0241923
700000.0003	-0.0134982
700000.0003	0.000243796
700000.0003	-0.00584755
700000.0003	0.0226366
700000.0003	0.00240305
700000.0003	-0.0102349
700000.0003	0.00901712
700000.0003	-0.0216992
700000.0003	0.0060775
700000.0003	-0.0113535
700000.0003	-0.0103713
700000.0003	0.021454
700000.0003	-0.0104403
700000.0003	-0.000439415
700000.0003	0.0108186
700000.0003	0.00848103
700000.0003	0.0106367
700000.0003	0.000703892
700000.0003	-0.000280362
700000.0003	0.00424139
700000.0003	-0.0161133
700000.0003	-0.00225312
700000.0003	-0.0171796
700000.0003	-0.000448785
700000.0003	-0.000401995
700000.0003	-0.0149154
700000.0003	0.0100752
700000.0003	-0.00644402
700000.0003	-0.0111535
700000.0003	-0.00526573
700000.0003	0.00990229
700000.0003	0.00407663
700000.0003	0.00583123
700000.0003	0.00799244
700000.0003	-0.010015
700000.0003	-0.0139094
700000.0003	0.00141378
700000.0003	0.000580268
700000.0003	0.00710506
700000.0003	0.0017621
700000.0003	0.0050052
700000.0003	0.00267329
700000.0003	0.00205449
700000.0003	-0.0044712
700000.0003	0.00151926
700000.0003	0.00160327
700000.0003	0.00527
700000.0003	-0.00374209
700000.0003	9.08706e-06
700000.0003	-0.00246087
700000.0003	0.000909322
700000.0003	-0.000515735
700000.0003	-0.00232958
700000.0003	-0.00286006
700000.0003	-0.0011772
700000.0003	-0.00215682
700000.0003	-0.00222613
700000.0003	-0.000292179
700000.0003	0.000663329
700000.0003	-0.00161322
700000.0003	-0.00206224
700000.0003	-0.000494773
700000.0003	0.000601922
700000.0003	-0.000170935
700000.0003	0.000320711
700000.0003	-0.000267485
700000.0003	-0.00143754
700000.0003	-0.000302162
700000.0003	0.000183871
700000.0003	0.000165074
700000.0003	0.000355957
700000.0003	-0.00055716
700000.0003	2.46003e-05
700000.0003	9.0762e-05
700000.0003	-0.00023547
700000.0003	-0.000318608
700000.0003	-0.00060954
700000.0003	-0.000367855
700000.0003	-6.47474e-05
700000.0003	0.000252091
700000.0003	-0.000398054
700000.0003	-0.000204176
700000.0003	9.81577e-06
700000.0003	-0.000160251
700000.0003	0.00028006
700000.0003	3.15829e-05
700000.0003	0.000246215
700000.0003	0.000106259
700000.0003	5.0409e-06
700000.0003	-2.1465e-05
700000.0003	-6.02583e-05
700000.0003	-1.97453e-05
700000.0003	6.38445e-06
700000.0003	1.80445e-05
700000.0003	-3.44517e-05
700000.0003	3.25956e-05
700000.0003	5.4398e-05
700000.0003	-4.17037e-05
700000.0003	4.94241e-05
700000.0003	-0.000108816
700000.0003	1.28621e-05
700000.0003	5.34397e-05
700000.0003	-1.72306e-05
700000.0003	4.62372e-06
700000.0003	2.10762e-05
700000.0003	3.59408e-06
700000.0003	1.5168e-05
700000.0003	-7.11212e-05
700000.0003	-3.5834e-05
700000.0003	-5.96383e-05
700000.0003	-3.38828e-05
700000.0003	-5.94398e-07
700000.0003	-2.61781e-05
700000.0003	-4.44341e-05
700000.0003	1.50264e-05
700000.0003	6.57105e-05
700000.0003	-2.77122e-05
700000.0003	-1.815e-05
700000.0003	-1.97173e-05
700000.0003	2.90009e-05
700000.0003	4.12169e-05
700000.0003	5.73572e-05
700000.0003	-2.61467e-05
700000.0003	3.799e-05
700000.0003	2.75853e-05
700000.0003	7.45664e-06
700000.0003	-9.13024e-06
700000.0003	1.97542e-05
700000.0003	6.49978e-06
700000.0003	-1.0934e-05
700000.0003	-1.94122e-05
700000.0003	-2.15077e-05
700000.0003	-3.57172e-05
700000.0003	1.57385e-06
700000.0003	-4.41211e-05
700000.0003	2.17338e-05
700000.0003	3.16361e-05
700000.0003	-2.00273e-05
700000.0003	1.50429e-06
700000.0003	-3.25771e-05
700000.0003	1.54288e-05
700000.0003	1.76528e-06
700000.0003	2.97239e-05
700000.0003	2.80149e-07
700000.0003	2.82448e-05
700000.0003	6.47685e-05
700000.0003	1.33544e-05
700000.0003	3.21875e-05
700000.0003	-5.05521e-06
700000.0003	-1.65105e-05
700000.0003	1.77459e-05
700000.0003	-3.4372e-05
700000.0003	6.83533e-06
700000.0003	1.81307e-05
700000.0003	-2.57513e-05
700000.0003	-1.16682e-05
700000.0003	-3.67705e-05
700000.0003	-2.23627e-05
700000.0003	-5.88854e-06
700000.0003	3.50756e-05
700000.0003	4.07566e-05
700000.0003	9.95473e-06
700000.0003	-5.31748e-05
700000.0003	-6.01678e-06
700000.0003	2.71926e-06
700000.0003	4.71126e-05
700000.0003	1.19114e-05
700000.0003	4.80563e-05
700000.0003	2.36768e-05
700000.0003	-2.35489e-05
700000.0003	4.66911e-06
700000.0003	-1.24767e-05
700000.0003	-2.89976e-05
700000.0003	-4.78227e-05
700000.0003	1.45728e-05
700000.0003	6.17569e-05
700000.0003	-2.07783e-05
700000.0003	2.43286e-05
700000.0003	1.87201e-05
700000.0003	4.95728e-05
700000.0003	-3.61274e-05
700000.0003	6.65234e-05
700000.0003	2.86175e-05
700000.0003	6.10873e-05
700000.0003	-8.62663e-05
700000.0003	-1.8129e-05
700000.0003	-7.08656e-05
700000.0003	-0.000135194
700000.0003	-3.81652e-06
700000.0003	0.000134053
700000.0003	3.51964e-05
700000.0003	9.21514e-05
700000.0003	-3.83162e-05
700000.0003	0.000143847
700000.0003	-9.61334e-07
700000.0003	-8.19787e-05
700000.0003	8.11658e-06
700000.0003	-6.82415e-05
700000.0003	-0.000323686
700000.0003	-0.00013719
700000.0003	-0.000218953
700000.0003	0.000520059
700000.0003	0.000552325
700000.0003	0.0023736
700000.0003	0.000172535
700000.0003	0.0002647
700000.0003	-0.00302862
700000.0003	0.00529138
700000.0003	0.00230708
700000.0003	0.000437118
700000.0003	0.00163975
700000.0003	0.0080557
700000.0003	-0.00301479
700000.0003	-0.00276478
700000.0003	-0.0105993
700000.0003	0.00253022
700000.0003	-0.00749403
700000.0003	0.0131507
700000.0003	0.0213277
700000.0003	0.0144387
700000.0003	0.00287148
700000.0003	0.00573875
700000.0003	-0.0127382
700000.0003	0.0248948
700000.0003	0.0185361
700000.0003	0.035186
700000.0003	-0.0195948
700000.0003	0.0479587
700000.0003	-0.0395559
700000.0003	0.0301406
700000.0003	-0.0521726
700000.0003	0.0164595
700000.0003	0.0096868
700000.0003	-0.026684
700000.0003	-0.0211101
700000.0003	-0.0118358
700000.0003	0.00802648
700000.0003	-0.062284
700000.0003	0.0196772
700000.0003	-0.00713433
700000.0003	0.0142884
700000.0003	-0.0127267
700000.0003	0.0147416
700000.0003	0.0127933
700000.0003	0.0161794
700000.0003	0.00821786
700000.0003	0.00903403
700000.0003	-0.0518856
700000.0003	0.032046
700000.0003	0.0324885
700000.0003	0.0460116
700000.0003	0.0393438
700000.0003	0.0426323
700000.0003	0.0115317
700000.0003	-0.024142
700000.0003	0.0169574
700000.0003	0.0101622
700000.0003	-0.0286232
700000.0003	-0.010279
700000.0003	0.0134387
700000.0003	-0.00632015
700000.0003	0.0330106
700000.0003	-0.051353
700000.0003	-0.0396229
700000.0003	0.00190082
700000.0003	-0.0185506
700000.0003	0.000481948
700000.0003	0.00025406
700000.0003	-0.00195875
700000.0003	0.0348242
700000.0003	-0.0501674
700000.0003	-0.0258161
700000.0003	-0.0202295
700000.0003	-0.0131339
700000.0003	-0.0261031
700000.0003	-0.014873
700000.0003	0.0121427
700000.0003	-0.000170714
700000.0003	-0.03363
700000.0003	-0.0338403
700000.0003	-0.0389569
700000.0003	-0.0143307
700000.0003	0.0595622
700000.0003	-0.00983099
700000.0003	-0.00194004
700000.0003	0.00196857
700000.0003	0.0191271
700000.0003	-0.0153526
700000.0003	-0.0341271
700000.0003	-0.0046409
700000.0003	0.0471711
700000.0003	-0.0227701
700000.0003	-0.00857557
700000.0003	-0.00538231
700000.0003	-0.0113961
700000.0003	0.0319402
700000.0003	-0.0197176
700000.0003	0.00803621
700000.0003	0.00876491
700000.0003	-0.0197786
700000.0003	0.0247083
700000.0003	-0.0325781
700000.0003	0.0255468
700000.0003	0.0140392
700000.0003	-0.018859
700000.0003	0.00941254
700000.0003	0.0159847
700000.0003	0.00446733
700000.0003	-0.00704307
700000.0003	-0.0377843
700000.0003	-0.0106887
700000.0003	-0.0159248
700000.0003	0.0460544
700000.0003	0.0350231
700000.0003	-0.0328789
700000.0003	0.00136555
700000.0003	0.0244882
700000.0003	-0.00332449
700000.0003	-0.0336359
700000.0003	0.0338178
700000.0003	0.00337487
700000.0003	0.0100724
700000.0003	0.00417122
700000.0003	-0.0288947
700000.0003	-0.00872698
700000.0003	0.0271788
700000.0003	-0.0145882
700000.0003	-0.020298
700000.0003	0.00269654
700000.0003	0.0288194
700000.0003	0.0474507
700000.0003	-0.0144879
700000.0003	0.0277975
700000.0003	0.0136845
700000.0003	0.00399769
700000.0003	-0.0203861
700000.0003	0.0222422
700000.0003	-0.00295361
700000.0003	-0.00962143
700000.0003	-0.00123182
700000.0003	-0.00967465
700000.0003	-0.0255519
700000.0003	-0.0466807
700000.0003	-0.0362127
700000.0003	0.0127652
700000.0003	-0.0336302
700000.0003	0.0137569
700000.0003	0.0575569
700000.0003	-0.00752817
700000.0003	0.0179794
700000.0003	-0.000911359
700000.0003	0.0388614
700000.0003	-0.00977522
700000.0003	-0.0350547
700000.0003	-0.0188174
700000.0003	0.0380115
700000.0003	0.0506363
700000.0003	0.00930497
700000.0003	-0.0170541
700000.0003	-0.0163913
700000.0003	0.0171178
700000.0003	-0.0276098
700000.0003	0.0173285
700000.0003	-0.0237647
700000.0003	0.0415234
700000.0003	0.012725
700000.0003	-0.00707803
700000.0003	0.0159835
700000.0003	-0.0180605
700000.0003	0.0300623
700000.0003	0.0265159
700000.0003	-0.0238186
700000.0003	0.0190158
700000.0003	-0.0271249
700000.0003	0.0315529
700000.0003	0.0312351
700000.0003	-0.0064844
700000.0003	0.00940521
700000.0003	-0.0300082
700000.0003	0.00608549
700000.0003	0.0119904
700000.0003	0.0125191
700000.0003	-0.0337987
700000.0003	0.0277665
700000.0003	0.0218948
700000.0003	-0.0337278
700000.0003	-0.00780152
700000.0003	-0.00592147
700000.0003	-0.00712386
700000.0003	-0.0172602
700000.0003	0.016435
700000.0003	0.00838031
700000.0003	0.0120837
700000.0003	0.0268845
700000.0003	-0.00891109
700000.0003	0.0056851
700000.0003	0.00300771
700000.0003	-0.0288289
700000.0003	0.0326584
700000.0003	-0.0164702
700000.0003	-0.00476586
700000.0003	0.00479346
700000.0003	-0.017032
700000.0003	0.0359386
700000.0003	0.0141418
700000.0003	-0.00780808
700000.0003	0.00558573
700000.0003	-0.0247377
700000.0003	0.00311836
700000.0003	-0.000591908
700000.0003	-0.00620517
700000.0003	0.0202407
700000.0003	-0.0130886
700000.0003	7.39913e-05
700000.0003	0.00329744
700000.0003	0.00899134
700000.0003	0.0137126
700000.0003	-0.00058656
700000.0003	-0.00718598
700000.0003	0.00523802
700000.0003	-0.00489539
700000.0003	-0.00368517
700000.0003	-0.0176354
700000.0003	-0.00243132
700000.0003	-0.00166538
700000.0003	-0.00827016
700000.0003	0.00181833
700000.0003	-0.0044516
700000.0003	-0.0119259
700000.0003	-0.0029819
700000.0003	0.0112787
700000.0003	0.00740376
700000.0003	-0.000324678
700000.0003	0.00194546
700000.0003	-0.00462373
700000.0003	-0.00620402
700000.0003	0.000884014
700000.0003	-0.000405732
700000.0003	-0.0104494
700000.0003	0.00248714
700000.0003	-0.000302136
700000.0003	0.00831725
700000.0003	-0.00297313
700000.0003	0.000725895
700000.0003	0.00173801
700000.0003	-0.00225527
700000.0003	-0.00309528
700000.0003	0.00383472
700000.0003	0.00173267
700000.0003	-0.00108147
700000.0003	0.00265313
700000.0003	-0.000246373
700000.0003	-0.00231727
700000.0003	0.00363726
700000.0003	-0.00294966
700000.0003	-0.00123947
700000.0003	0.00163776
700000.0003	0.00198429
700000.0003	-0.00174592
700000.0003	0.00330307
700000.0003	-0.00102407
700000.0003	0.00169016
700000.0003	0.000965012
700000.0003	0.00157628
700000.0003	0.000918923
700000.0003	0.000442096
700000.0003	-0.00106289
700000.0003	-0.000794497
700000.0003	-0.000885171
700000.0003	0.00157578
700000.0003	-0.000220491
700000.0003	0.000410586
700000.0003	-2.08047e-05
700000.0003	0.000389844
700000.0003	-8.37512e-05
700000.0003	0.000674326
700000.0003	-0.000738889
700000.0003	7.72046e-05
700000.0003	2.02321e-05
700000.0003	0.000256521
700000.0003	0.000286142
700000.0003	0.00018058
700000.0003	0.000322687
700000.0003	-0.000129144
700000.0003	3.6932e-05
700000.0003	-9.26022e-05
700000.0003	-5.1001e-05
700000.0003	-3.84352e-05
700000.0003	0.000172247
700000.0003	0.000116888
700000.0003	-9.38581e-05
700000.0003	-6.18101e-05
700000.0003	-1.04145e-05
700000.0003	-1.70325e-05
700000.0003	0.000139592
700000.0003	-2.70026e-05
700000.0003	-3.51477e-05
700000.0003	1.96574e-05
700000.0003	0.000115002
700000.0003	6.0716e-05
700000.0003	0.000150567
700000.0003	2.71259e-05
700000.0003	2.72511e-06
700000.0003	3.2787e-05
700000.0003	-6.90241e-05
700000.0003	2.55199e-05
700000.0003	0.000105571
700000.0003	6.7981e-05
700000.0003	6.90411e-05
700000.0003	-1.34193e-05
700000.0003	1.55048e-06
700000.0003	1.63702e-05
700000.0003	-3.36825e-05
700000.0003	6.06172e-05
700000.0003	2.6594e-05
700000.0003	-5.55874e-05
700000.0003	8.77051e-05
700000.0003	-1.90824e-05
700000.0003	2.56534e-05
700000.0003	-9.40753e-06
700000.0003	-4.40701e-05
700000.0003	-3.48767e-05
700000.0003	1.43583e-05
700000.0003	-8.14198e-05
700000.0003	2.02472e-05
700000.0003	-8.7937e-05
700000.0003	-3.88898e-06
700000.0003	-3.80143e-05
700000.0003	-4.56e-05
700000.0003	-2.67031e-05
700000.0003	-1.90559e-05
700000.0003	-3.5248e-05
700000.0003	-1.30605e-05
700000.0003	-1.24475e-05
700000.0003	3.08199e-05
700000.0003	9.43353e-06
700000.0003	-4.27772e-05
700000.0003	2.19775e-05
700000.0003	6.21408e-07
700000.0003	-4.37013e-06
700000.0003	1.22385e-05
700000.0003	2.20607e-05
700000.0003	3.69127e-06
700000.0003	1.76482e-05
700000.0003	4.73819e-06
700000.0003	2.24391e-05
700000.0003	-3.24929e-05
700000.0003	-3.12697e-07
700000.0003	-1.5362e-05
700000.0003	-5.97017e-05
700000.0003	-2.4215e-05
700000.0003	1.79145e-05
700000.0003	3.73039e-05
700000.0003	-6.20492e-05
700000.0003	3.0085e-05
700000.0003	5.41714e-05
700000.0003	3.87967e-05
700000.0003	1.16726e-05
700000.0003	2.03456e-05
700000.0003	6.1923e-06
700000.0003	-6.27621e-05
700000.0003	5.23501e-06
700000.0003	-4.70892e-05
700000.0003	-3.30098e-05
700000.0003	3.00985e-05
700000.0003	1.81206e-05
700000.0003	1.268e-05
700000.0003	-4.77577e-05
700000.0003	-3.08051e-05
700000.0003	2.23791e-05
700000.0003	-2.00234e-05
700000.0003	0.000107424
700000.0003	1.00676e-05
700000.0003	6.19032e-05
700000.0003	7.64719e-05
700000.0003	4.05736e-06
700000.0003	2.04484e-05
700000.0003	0.000135283
700000.0003	9.75345e-05
700000.0003	1.91408e-05
700000.0003	-4.31416e-05
700000.0003	-4.49748e-05
700000.0003	6.73155e-06
700000.0003	9.17368e-05
700000.0003	-5.86445e-05
700000.0003	-8.70085e-05
700000.0003	-7.33828e-05
700000.0003	5.57297e-05
700000.0003	6.1288e-05
700000.0003	3.13672e-05
700000.0003	0.000108372
700000.0003	3.93771e-05
700000.0003	-0.000254475
700000.0003	7.90343e-06
700000.0003	-0.000358249
700000.0003	-2.12596e-05
700000.0003	-5.64842e-05
700000.0003	0.0184381
700000.0003	0.0240279
700000.0003	0.0371694
700000.0003	0.0608333
700000.0003	0.101781
700000.0003	0.166852
700000.0003	0.267965
700000.0003	0.407282
700000.0003	0.605599
700000.0003	0.8812
700000.0003	1.25419
700000.0003	1.75806
700000.0003	2.45224
700000.0003	3.32955
700000.0003	4.47245
700000.0003	5.84487
700000.0003	7.43561
700000.0003	9.30821
700000.0003	11.2659
700000.0003	13.4137
700000.0003	15.2917
700000.0003	16.8937
700000.0003	18.2175
700000.0003	19.0902
700000.0003	19.5054
700000.0003	19.6643
700000.0003	19.7139
700000.0003	19.5945
700000.0003	19.3641
700000.0003	19.0843
700000.0003	18.8751
700000.0003	18.4966
700000.0003	18.3139
700000.0003	17.9857
700000.0003	17.6798
700000.0003	17.4767
700000.0003	17.1983
700000.0003	16.946
700000.0003	16.6656
700000.0003	16.4282
700000.0003	16.1209
700000.0003	15.6661
700000.0003	15.3707
700000.0003	15.1378
700000.0003	14.8157
700000.0003	14.7435
700000.0003	14.4748
700000.0003	14.2855
700000.0003	14.0001
700000.0003	13.8934
700000.0003	13.7489
700000.0003	13.6554
700000.0003	13.4847
700000.0003	13.2571
700000.0003	13.1524
700000.0003	13.1329
700000.0003	12.9728
700000.0003	12.7272
700000.0003	12.7848
700000.0003	12.6307
700000.0003	12.6213
700000.0003	12.5682
700000.0003	12.4344
700000.0003	12.255
700000.0003	12.262
700000.0003	12.2334
700000.0003	12.0573
700000.0003	12.0695
700000.0003	11.9061
700000.0003	11.949
700000.0003	11.8688
700000.0003	11.8599
700000.0003	11.6702
700000.0003	11.7307
700000.0003	11.6452
700000.0003	11.4944
700000.0003	11.5466
700000.0003	11.5141
700000.0003	11.505
700000.0003	11.4842
700000.0003	11.434
700000.0003	11.3543
700000.0003	11.25
700000.0003	11.2406
700000.0003	11.2737
700000.0003	11.2692
700000.0003	11.2356
700000.0003	11.212
700000.0003	11.1793
700000.0003	11.1483
700000.0003	11.1043
700000.0003	11.1584
700000.0003	11.1045
700000.0003	11.0251
700000.0003	11.0152
700000.0003	10.9603
700000.0003	10.9834
700000.0003	10.9204
700000.0003	10.9236
700000.0003	10.9416
700000.0003	10.9068
700000.0003	10.9163
700000.0003	10.8492
700000.0003	10.8561
700000.0003	10.8809
700000.0003	10.8588
700000.0003	10.8352
700000.0003	10.8561
700000.0003	10.8699
700000.0003	10.7318
700000.0003	10.8224
700000.0003	10.8267
700000.0003	10.7683
700000.0003	10.7428
700000.0003	10.7126
700000.0003	10.7517
700000.0003	10.7547
700000.0003	10.6647
700000.0003	10.6222
700000.0003	10.6306
700000.0003	10.6991
700000.0003	10.7279
700000.0003	10.6318
700000.0003	10.6845
700000.0003	10.7389
700000.0003	10.637
700000.0003	10.6637
700000.0003	10.6016
700000.0003	10.6049
700000.0003	10.658
700000.0003	10.7532
700000.0003	10.7
700000.0003	10.544
700000.0003	10.7089
700000.0003	10.6478
700000.0003	10.5711
700000.0003	10.5808
700000.0003	10.6862
700000.0003	10.6493
700000.0003	10.5929
700000.0003	10.5764
700000.0003	10.6596
700000.0003	10.6328
700000.0003	10.6416
700000.0003	10.5838
700000.0003	10.6621
700000.0003	10.5941
700000.0003	10.5388
700000.0003	10.6314
700000.0003	10.5856
700000.0003	10.4864
700000.0003	10.4426
700000.0003	10.415
700000.0003	10.4627
700000.0003	10.3303
700000.0003	10.3856
700000.0003	10.4093
700000.0003	10.3658
700000.0003	10.301
700000.0003	10.1898
700000.0003	10.215
700000.0003	10.1399
700000.0003	10.1116
700000.0003	10.0786
700000.0003	10.1393
700000.0003	9.97691
700000.0003	9.91174
700000.0003	9.90552
700000.0003	9.82007
700000.0003	9.75501
700000.0003	9.71573
700000.0003	9.70455
700000.0003	9.64971
700000.0003	9.54326
700000.0003	9.49317
700000.0003	9.48082
700000.0003	9.3683
700000.0003	9.31006
700000.0003	9.24931
700000.0003	9.16244
700000.0003	9.03856
700000.0003	9.06581
700000.0003	8.97887
700000.0003	8.88799
700000.0003	8.87138
700000.0003	8.74163
700000.0003	8.66038
700000.0003	8.60272
700000.0003	8.50262
700000.0003	8.43428
700000.0003	8.4159
700000.0003	8.33753
700000.0003	8.2381
700000.0003	8.13657
700000.0003	8.04155
700000.0003	8.01516
700000.0003	7.92277
700000.0003	7.82192
700000.0003	7.78383
700000.0003	7.70059
700000.0003	7.67287
700000.0003	7.52087
700000.0003	7.43317
700000.0003	7.39464
700000.0003	7.25144
700000.0003	7.23151
700000.0003	7.16869
700000.0003	7.03958
700000.0003	7.01162
700000.0003	6.94393
700000.0003	6.85038
700000.0003	6.75964
700000.0003	6.65872
700000.0003	6.58015
700000.0003	6.52195
700000.0003	6.48547
700000.0003	6.38859
700000.0003	6.34819
700000.0003	6.28018
700000.0003	6.21187
700000.0003	6.13352
700000.0003	6.08474
700000.0003	6.03608
700000.0003	5.9599
700000.0003	5.91661
700000.0003	5.86605
700000.0003	5.82195
700000.0003	5.78007
700000.0003	5.73307
700000.0003	5.71896
700000.0003	5.65704
700000.0003	5.63633
700000.0003	5.62264
700000.0003	5.56667
700000.0003	5.52204
700000.0003	5.50276
700000.0003	5.44388
700000.0003	5.39148
700000.0003	5.32595
700000.0003	5.2292
700000.0003	5.10793
700000.0003	4.98027
700000.0003	4.84383
700000.0003	4.65355
700000.0003	4.47488
700000.0003	4.25434
700000.0003	4.03111
700000.0003	3.80007
700000.0003	3.53274
700000.0003	3.28943
700000.0003	3.03036
700000.0003	2.79535
700000.0003	2.56021
700000.0003	2.33927
700000.0003	2.1283
700000.0003	1.93252
700000.0003	1.74299
700000.0003	1.58043
700000.0003	1.42459
700000.0003	1.28232
700000.0003	1.15169
700000.0003	1.03795
700000.0003	0.924023
700000.0003	0.823803
700000.0003	0.732109
700000.0003	0.650667
700000.0003	0.575241
700000.0003	0.506523
700000.0003	0.444767
700000.0003	0.389872
700000.0003	0.3399
700000.0003	0.295646
700000.0003	0.256418
700000.0003	0.21923
700000.0003	0.188256
700000.0003	0.160487
700000.0003	0.137336
700000.0003	0.114526
700000.0003	0.0977401
700000.0003	0.0825853
700000.0003	0.0689856
700000.0003	0.0577852
700000.0003	0.0481895
700000.0003	0.0401492
700000.0003	0.0339257
700000.0003	0.028466
700000.0003	0.0238613
700000.0003	0.0199688
700000.0003	0.0170338
700000.0003	0.0147904
700000.0003	0.0124977
700000.0003	0.0109411
700000.0003	0.00937833
700000.0003	0.00836486
700000.0003	0.00747578
700000.0003	0.00674183
700000.0003	0.00625586
700000.0003	0.00573959
700000.0003	0.00543396
700000.0003	0.00522292
700000.0003	0.00508435
700000.0003	0.00494741
700000.0003	0.00497377
700000.0003	0.00479739
700000.0003	0.00476664
700000.0003	0.00470031
700000.0003	0.00455822
700000.0003	0.00460777
700000.0003	0.00453199
700000.0003	0.00448443
700000.0003	0.00444619
700000.0003	0.00439538
700000.0003	0.00436028
700000.0003	0.00435345
700000.0003	0.00432783
700000.0003	0.00429913
700000.0003	0.00426146
700000.0003	0.0042861
700000.0003	0.00419443
700000.0003	0.00418237
700000.0003	0.00420337
700000.0003	0.00420363
700000.0003	0.00418343
700000.0003	0.00417332
700000.0003	0.00415881
700000.0003	0.00415186
700000.0003	0.00414386
700000.0003	0.00410711
700000.0003	0.00412887
700000.0003	0.00412288
700000.0003	0.00415453
700000.0003	0.00410789
700000.0003	0.00412821
700000.0003	0.00413373
700000.0003	0.00408018
700000.0003	0.00412034
700000.0003	0.00413782
700000.0003	0.00407206
700000.0003	0.00409448
700000.0003	0.00412435
700000.0003	0.00416128
700000.0003	0.0041347
700000.0003	0.00415062
700000.0003	0.00413842
700000.0003	0.00416451
700000.0003	0.00412956
700000.0003	0.00413238
700000.0003	0.00416005
700000.0003	0.00417556
700000.0003	0.00418236
700000.0003	0.00419884
700000.0003	0.00416348
700000.0003	0.00418981
700000.0003	0.0041958
700000.0003	0.00422015
700000.0003	0.00419465
700000.0003	0.00422657
700000.0003	0.0042211
700000.0003	0.0042467
700000.0003	0.00427328
700000.0003	0.00428341
700000.0003	0.00433539
700000.0003	0.00430404
700000.0003	0.0043642
700000.0003	0.00438562
700000.0003	0.00443578
700000.0003	0.00445154
700000.0003	0.00450104
700000.0003	0.00454641
700000.0003	0.0045334
700000.0003	0.00463886
700000.0003	0.00465009
700000.0003	0.00467047
700000.0003	0.00476303
700000.0003	0.00479485
700000.0003	0.00485594
700000.0003	0.00493579
700000.0003	0.00498401
700000.0003	0.00514553
700000.0003	0.00524433
700000.0003	0.0055169
700000.0003	0.00546348
700000.0003	0.0057083
700000.0003	0.00595613
700000.0003	0.00605837
700000.0003	0.00627749
700000.0003	0.00651985
700000.0003	0.00688105
700000.0003	0.00739138
700000.0003	0.00770329
700000.0003	0.00809604
700000.0003	0.00857193
700000.0003	0.0092988
700000.0003	0.0101296
700000.0003	0.0108069
700000.0003	0.011659
700000.0003	0.0128415
700000.0003	0.0137131
700000.0003	0.0151383
700000.0003	0.0165477
