700000.0003	2961.45	2959.81	2962.3	2961.12	2961.14	2960.66	2961.94	2959	2958.52	2957.08	2956.38	2958.23	2956.52	2959.51	2955.92
700000.0003	1535.44	1533.96	1534.98	1534.81	1537.69	1535.44	1534.37	1532.75	1533.8	1531.65	1531.66	1532.78	1533.67	1533.75	1533.79
700000.0003	195.103	193.284	194.025	194.035	194.863	194.622	193.957	193.975	194.65	194.18	194.014	195.136	195.143	194.099	195.598
700000.0003	32.9141	32.4567	32.5219	32.1842	32.7344	32.3774	32.3969	32.1642	32.0435	32.9129	32.7161	32.8209	32.0485	32.223	32.1895
700000.0003	19.2278	18.9558	19.5215	19.5564	19.8687	19.317	19.6891	19.5082	19.4146	19.2324	19.2901	19.1159	19.1763	19.0496	19.3399
700000.0003	16.75	16.4469	16.7063	16.7767	16.5928	16.7389	16.62	16.9728	16.8306	16.9383	16.5042	16.5912	16.2594	16.6557	16.7578
700000.0003	14.9131	15.2032	15.2154	15.3661	15.4149	15.1133	15.4703	15.4734	14.8477	15.4034	15.3837	15.2281	15.3384	15.3735	15.3751
700000.0003	14.0171	14.1657	14.6682	14.3824	14.5057	14.8735	14.6577	14.8187	14.6052	14.463	14.644	14.3446	14.4781	14.6558	14.3622
700000.0003	13.9694	14.1615	13.9438	13.6841	14.1016	14.0668	14.3001	13.9948	14.1291	13.8631	13.8884	13.8628	14.3478	14.0305	13.7265
700000.0003	13.6069	13.835	13.9437	13.2799	13.3806	13.85	13.6505	13.5134	13.5608	13.4043	13.5978	14.0298	13.9894	13.588	13.4712
700000.0003	13.4909	13.4863	13.8064	13.2584	13.4514	13.7137	13.2886	13.568	13.3723	13.9923	13.5046	13.5135	13.2277	13.4846	13.5137
700000.0003	13.5247	13.2989	13.2912	13.551	13.6637	13.5809	13.2876	13.2511	13.654	13.2095	13.3869	13.5377	13.3148	13.3398	13.4112
700000.0003	13.1698	13.061	13.2066	13.3392	13.5512	13.5546	13.1171	13.5365	13.6103	13.2434	13.2963	13.3006	13.3058	13.7799	13.3196
700000.0003	13.4123	13.1881	13.1673	13.0494	13.3142	13.5399	13.2593	13.1801	13.2931	13.4445	13.173	13.2016	13.4585	13.1829	13.2525
700000.0003	13.426	13.3808	13.1761	13.2999	13.4084	13.3128	13.0858	14.0468	13.1441	13.5128	13.5491	13.3892	13.8477	13.4963	13.2085
700000.0003	14.2014	14.1662	13.9271	13.9132	14.0075	14.0906	13.9415	14.0583	13.9135	13.9045	14.193	13.9114	14.3193	14.1422	14.123
700000.0003	15.1691	14.8619	15.2922	14.8507	15.1399	14.9612	14.8731	15.3461	15.4088	15.0467	15.1663	14.9721	15.0447	15.0739	14.9755
700000.0003	17.1443	16.5561	16.5881	16.8447	17.2134	16.8583	17.1834	17.1762	17.0188	16.933	16.8503	17.2079	16.7876	17.0207	17.1173
700000.0003	19.8114	19.5965	19.2624	19.7412	19.6663	19.9555	19.979	19.3056	20.1398	19.9439	19.4558	19.8533	19.8173	19.7966	19.8867
700000.0003	23.7955	24.25	23.9489	24.0647	24.3492	24.1372	24.0723	23.5892	23.7129	24.4435	23.7523	23.8402	24.1733	24.0188	23.8316
700000.0003	30.4424	30.2715	30.786	30.4999	30.5614	30.472	30.2859	30.2788	30.643	30.7871	31.1917	30.6616	30.7186	30.6611	29.9923
700000.0003	42.0607	42.1737	41.8567	42.4492	42.2243	41.9981	42.2241	41.9239	42.2124	42.2229	42.3202	42.7332	42.3361	42.0196	41.7407
700000.0003	67.4323	67.9526	66.9981	67.1078	67.3444	67.491	67.3567	67.091	67.1271	67.0645	67.5435	67.4993	67.9193	66.8772	67.9535
700000.0003	155.899	155.192	154.574	154.965	155.005	155.888	155.084	156.032	155.725	155.311	155.535	156.331	155.407	155.056	155.407
700000.0003	517.101	515.465	515.566	516.442	517.366	515.445	515.433	516.409	516.034	514.775	514.456	513.244	516.621	514.19	518.061
700000.0003	1361.35	1360.71	1362.02	1362.01	1363.72	1362.19	1359.01	1361.87	1362.62	1358.92	1360.14	1360.72	1358.38	1363.79	1361.51
700000.0003	2198.46	2202.16	2200.03	2200.56	2203.7	2199.74	2200.83	2202.14	2201.27	2202.23	2198.31	2200.6	2200.63	2200.9	2202.24
700000.0003	2642.18	2638.74	2639.4	2641.6	2642.54	2643.59	2641.56	2645.82	2644.29	2640.82	2637.38	2639.51	2642.37	2641.67	2643.05
700000.0003	2787.18	2785.03	2788.72	2787.85	2791.32	2789.89	2787.7	2789.46	2788.77	2786.84	2787.14	2788	2785.52	2786.52	2788.14
700000.0003	2835.42	2832.3	2835.53	2833.08	2835.54	2836.88	2838.59	2835.38	2834.16	2833	2837.2	2833.98	2829.08	2835.74	2836.02
700000.0003	2861.24	2860.72	2864.27	2868.73	2862.39	2864.94	2868.17	2865.36	2862.58	2864.65	2864.26	2862.12	2862.64	2866.8	2865.42
700000.0003	2890.17	2889.81	2894.76	2891.37	2890.87	2893.02	2894.68	2890.89	2891.76	2891.37	2893.37	2890.52	2889.77	2891.89	2892.47
700000.0003	2916.84	2917.66	2920.77	2918.64	2919.41	2920.58	2923.22	2919.61	2917.8	2919.8	2917.87	2916.79	2916.01	2921.3	2920.18
700000.0003	2944.93	2942.14	2947.3	2950.58	2944.48	2944.77	2949.4	2949.33	2943.96	2945.29	2946.81	2946.55	2941.95	2946.54	2948.91
700000.0003	2975.76	2971.42	2971.79	2975.36	2971.76	2972.85	2976.68	2978.2	2970.55	2969.5	2973.4	2973.92	2969.86	2970.38	2977.03
700000.0003	3006.82	2997.69	2995.73	2999.06	3005.98	3000.61	3001.03	3000.99	3000.88	2997.67	3000.21	3000.35	2997.12	2996.05	2999.39
700000.0003	3031.42	3026.66	3027.14	3023.45	3030.57	3026.44	3026.74	3030.78	3030.61	3022.49	3021.78	3026.41	3029.31	3024.59	3021.54
700000.0003	3052.21	3056.76	3049.83	3053.44	3055.11	3056.9	3054.05	3053.68	3053.99	3052.47	3051.25	3049.87	3051.85	3052.54	3052.41
700000.0003	3077.66	3080.82	3081.63	3077.38	3077.32	3082.08	3082.31	3079.7	3078.06	3077.66	3075.82	3074.75	3078.9	3077.71	3074.86
700000.0003	3097.44	3097.7	3098.94	3097.1	3100.88	3098.78	3098.92	3098.22	3098.29	3096.27	3093.95	3091.82	3095.44	3097.92	3097.13
700000.0003	0.277994	0.29497	1.3661	-1.66976	0.025359	-0.959791	-0.434992	0.84405	-0.453612	1.07428	2.86616	-0.134149	0.485915	-0.419293	-1.05255
700000.0003	-0.589008	-0.318438	-0.216238	-0.254164	-1.37257	-0.663249	-0.696965	-0.0483993	1.28244	0.522472	0.0589098	-0.248865	-0.364954	0.0469503	-0.607261
700000.0003	-0.0814554	-0.412992	-0.519997	0.146952	-0.122582	-0.056658	-0.124856	-0.392459	0.337144	-0.0174034	-0.0632669	-0.577589	0.155302	0.18099	0.117144
700000.0003	0.0137028	0.0296789	0.134377	0.0885605	-0.09813	0.0623682	-0.0647857	0.0915041	0.0798919	-0.0615667	0.234604	-0.0828383	0.176047	0.0810057	-0.0682562
700000.0003	-0.0267567	0.0336718	-0.501501	0.0155004	0.0747326	0.0453873	0.0515654	0.167676	-0.0302573	0.151216	-0.148221	0.0909904	0.114755	0.1147	0.016664
700000.0003	-0.128788	-0.204774	-0.0897206	-0.0152205	0.0886554	-0.00774893	-0.0713338	-0.0541966	0.15832	-0.024375	-0.185051	0.0190185	-0.156288	-0.00884615	0.207392
700000.0003	-0.13131	0.14007	-0.00318034	0.0839166	0.0481064	-0.172226	0.235068	0.0404879	0.113087	-0.148962	-0.0863621	0.0482612	-0.0819198	0.180242	0.163375
700000.0003	0.0915212	-0.0693091	0.0989453	-0.165956	0.110572	-0.126639	-0.0496617	0.0299805	0.0969798	-0.0704302	0.000748296	0.149736	0.0297366	0.0161374	0.095516
700000.0003	-0.153101	0.0200733	-0.0760272	0.0211484	-0.133281	0.179789	0.0518559	0.11895	0.052414	0.0611988	-0.0412162	-0.0465744	0.0435149	-0.00747337	-0.065209
700000.0003	-0.118008	-0.171725	0.196027	-0.00294624	0.157177	-0.0475169	-0.0732989	0.0497236	-0.00157354	-0.112955	0.170894	0.136133	-0.0220855	-0.03245	0.074475
700000.0003	-0.126869	0.00423709	-0.0890832	-0.0970108	0.259296	-0.122288	-0.0346474	0.0539955	0.0250581	-0.0687019	-0.110287	-0.0865922	0.0492724	-0.055512	0.134348
700000.0003	0.14259	0.00221516	0.0750545	0.123642	-0.0443253	-0.161679	0.0233661	-0.115119	0.00344495	0.00306046	0.107178	-0.00768209	0.0857969	-0.1161	0.0867875
700000.0003	0.110047	0.0607675	-0.0132183	-0.08237	0.111051	-0.00232858	-0.0354072	-0.125713	0.0190687	0.132223	-0.00799437	0.202557	0.176317	0.0997749	-0.0399767
700000.0003	0.0631865	0.0802665	-0.0617571	0.0280105	0.0375471	-0.10364	-0.112794	0.169059	0.00403423	0.0885704	-0.0866782	0.129271	0.179375	-0.126304	-0.151676
700000.0003	0.0420518	0.139702	0.085546	0.0533667	0.0203069	0.0892552	-0.0677729	-0.101246	-0.0202927	0.180478	-0.111449	-0.302662	-0.0733078	0.0602633	-0.0969942
700000.0003	-0.0430285	0.0689558	0.0635999	-0.067947	0.049447	-0.0440043	-0.094752	0.0870821	0.135196	0.0213096	-0.0822177	-0.0563531	-0.11273	0.168891	-0.176753
700000.0003	0.00771589	0.185381	0.0921379	-0.210119	-0.0367757	-0.169385	0.150172	0.0823222	0.032666	0.167603	0.0794725	-0.193189	0.110906	-0.0848685	-0.0914329
700000.0003	0.0433641	-0.14547	-0.0860598	-0.123623	0.138622	0.109035	0.0224948	-0.103613	-0.0132142	0.0534479	-0.121716	0.111537	0.110618	0.0137256	0.101981
700000.0003	-0.0303837	0.006742	0.0796738	-0.00698397	0.0396663	-0.0129831	-0.148677	-0.127718	0.0331185	-0.251297	0.235304	0.1609	-0.154424	0.0190904	-0.128514
700000.0003	-0.0959572	0.223181	0.0816235	0.159734	-0.0105004	-0.0167129	-0.0273	0.0743569	0.153235	0.207716	-0.262122	0.0348519	-0.0536203	0.0176361	0.152902
700000.0003	-0.187776	-0.0653655	-0.0176686	-0.0322969	-0.172476	0.00646225	0.0571746	0.215448	-0.184634	0.098343	-0.00959556	0.0814252	0.16573	-0.199359	-0.026347
700000.0003	0.102743	-0.14085	-0.0594692	0.0391557	0.123047	-0.27558	0.277743	-0.188475	0.203039	0.200059	-0.115628	0.0790482	-0.129497	0.235833	-0.0106682
700000.0003	0.32391	-0.0793865	-0.206858	0.301807	-0.0967037	0.0636305	0.283594	0.0749476	0.221674	0.22631	-0.0560585	-0.00902323	0.0924959	-0.0620478	0.0506707
700000.0003	-0.0682275	-0.24039	0.137844	-0.732933	-0.446897	0.177401	0.348365	0.0919167	0.509021	-0.365977	-0.534239	-0.259466	0.340239	-0.137601	0.302648
700000.0003	0.192723	0.396178	1.36807	-0.332991	0.338797	-0.44892	0.276249	-0.275312	1.0281	-0.371247	-0.0492611	-0.40036	0.21018	0.360398	0.279669
700000.0003	0.608076	0.879585	-0.00324387	0.548914	-1.28625	1.09479	0.5156	-0.552817	-0.161766	1.33719	0.167859	-0.518825	0.4299	0.827872	-0.990554
700000.0003	0.157131	-0.101342	0.633217	-0.660165	0.591962	0.242407	-0.768375	0.621992	0.468533	0.0939416	-0.0466152	0.835363	-0.153053	-0.321905	-0.532393
700000.0003	0.361889	2.15267	-0.130485	-0.810767	-0.124352	0.120291	-0.562416	-0.401459	0.285798	-1.10284	0.0940832	0.444386	0.301003	-0.115824	-0.433934
700000.0003	0.846847	0.304617	0.0200417	0.232753	0.0105241	1.2033	-0.680966	-1.11183	0.263824	0.245084	-0.519574	-0.376536	-0.324476	0.398982	-0.00225081
700000.0003	-0.115474	1.06442	0.614064	0.0177285	-0.221531	0.442226	0.0366891	0.265681	-0.107768	0.479652	-0.174267	-0.174061	0.453494	-0.861202	0.35315
700000.0003	0.289118	-0.520698	-0.327982	-0.627345	-0.545347	0.531135	0.359557	-0.630022	0.193724	-0.588226	0.35037	0.517743	-0.398925	0.382186	-0.031691
700000.0003	-0.345363	-0.111319	-0.986163	0.0216066	-0.710914	-0.603561	0.185571	0.62264	-0.306923	0.0471108	0.766351	-0.418329	0.477825	0.0381445	-0.915521
700000.0003	-1.21349	-0.295079	-0.143846	0.277136	-0.614651	-0.840582	0.18134	0.423177	-0.156548	0.0882729	-0.044086	0.25155	-0.681454	1.10144	0.175732
700000.0003	0.60205	-0.986318	-0.16809	-0.291964	0.443949	-0.628085	-0.056265	-0.375341	-1.11173	-0.182658	-0.0208894	0.271329	-0.556984	-1.02553	1.22008
700000.0003	0.674267	-0.810277	-0.761831	-0.297591	0.595628	-0.631541	-0.829344	-0.282997	-0.150573	-0.0339365	-0.200219	-0.564986	-0.610374	-0.661063	0.735434
700000.0003	0.604192	1.41376	-0.0377677	-0.141713	-0.0984813	-0.347684	-0.380216	-0.381608	-1.39326	-0.951557	-0.710888	-0.055613	-0.0649389	-0.976106	-1.4497
700000.0003	0.455595	1.10476	0.728862	-0.272985	0.255114	-0.191301	-1.49101	-0.501766	-0.351897	-1.00295	-0.737027	-1.25846	-0.0217322	-0.171757	-0.434652
700000.0003	1.12452	0.680361	0.285219	-0.766741	-0.696325	-0.197114	-0.0919573	-1.26131	-0.534418	-0.586827	-0.525051	0.171976	-0.415894	-0.924203	0.566426
700000.0003	-0.0382745	0.165604	-0.528335	-0.517936	-0.868335	-0.64118	-0.254494	-0.957639	-0.0900025	0.13204	-1.31286	0.37874	0.547159	0.461988	1.08157
700000.0003	-0.0349464	0.668246	0.283549	0.567405	-1.85061	-0.639951	-0.193097	-0.997852	-0.231396	0.269268	0.526273	-0.147286	-0.430953	1.27751	0.0924922
700000.0003	2915.46	2913.69	2915.37	2915.34	2913.71	2914.81	2915.1	2916.37	2913.84	2912.49	2910.31	2909.86	2908.5	2911.02	2910.86
700000.0003	1604.86	1606.44	1608.37	1607.8	1607.52	1606.01	1604.31	1604.02	1605.3	1605.87	1603.6	1603.86	1603.87	1604.24	1603.66
700000.0003	174.312	173.405	174.341	174.653	173.89	175.048	174.518	173.443	174.625	173.11	173.627	174.917	176.201	174.578	174.263
700000.0003	28.4111	28.0756	28.8443	28.0506	28.5756	28.238	28.2498	27.7052	28.5359	28.6576	28.1384	28.4541	27.8584	27.6964	28.4618
700000.0003	17.9533	17.8002	18.4126	18.5789	18.6808	18.2462	18.2834	18.5497	18.3458	18.473	18.228	18.21	17.8152	18.098	18.3475
700000.0003	16.1999	16.135	16.0226	16.0327	16.1951	16.1216	15.777	16.1441	16.3027	16.1347	16.1447	16.0866	16.0846	16.3213	16.0181
700000.0003	14.6794	14.667	15.1012	15.2651	15.1242	14.9406	15.1255	15.189	14.8689	14.7688	14.9057	15.1052	15.1197	14.706	14.9642
700000.0003	14.1917	13.9342	14.3461	14.1822	14.4734	14.6183	14.671	14.8754	14.7728	14.4517	14.4602	14.5268	13.8849	14.1713	14.1408
700000.0003	13.9404	14.1625	13.7839	14.0289	13.8777	13.9677	14.2281	13.7705	14.1448	13.8562	13.5815	13.697	13.7415	13.6613	13.7366
700000.0003	13.6772	13.6784	13.3438	13.0103	13.2107	13.4903	13.4233	13.4186	13.6735	13.1623	13.4509	13.827	13.6622	13.2078	13.7392
700000.0003	13.5437	13.4437	13.6017	13.3293	13.3928	13.2246	13.1779	13.6278	13.3916	13.4042	13.7273	13.4832	13.3316	13.6387	13.4895
700000.0003	13.3648	13.2915	13.146	13.1172	13.3376	13.3644	13.0679	13.1252	13.3425	13.2971	13.2013	13.1413	13.5141	13.3209	13.3833
700000.0003	13.2946	13.3312	13.6043	13.354	13.3943	13.4581	13.203	13.1957	13.4213	13.1165	13.1974	13.5095	13.3472	13.6356	13.0538
700000.0003	13.4027	12.9765	13.4222	13.1391	13.4268	13.391	13.5818	13.1611	13.1165	13.3281	13.145	13.0596	13.2872	13.0552	13.2596
700000.0003	13.2012	13.214	13.0054	13.5116	13.284	13.5571	13.1607	13.857	13.4424	13.3026	13.5449	13.3046	13.7744	13.5692	13.8128
700000.0003	14.1911	13.9574	14.0771	13.8807	14.0245	14.0897	13.9124	13.7843	13.9558	14.1767	14.1017	14.0368	14.3812	14.1616	14.1965
700000.0003	14.9925	15.1325	15.3447	15.1755	15.3595	15.415	15.1251	15.2746	15.1804	15.0979	15.3192	15.4123	15.3679	15.2127	14.8819
700000.0003	16.6042	16.5807	16.826	16.9377	17.2975	17.1135	16.9163	17.182	17.1204	17.1158	16.8897	17.1742	16.9503	16.968	17.2813
700000.0003	19.5187	19.4159	18.9987	19.5169	19.5753	19.3525	20.0094	19.5279	19.5497	19.5456	19.3092	19.763	19.2938	19.4156	19.5789
700000.0003	23.7873	24.2138	23.6344	23.9698	24.4271	24.1035	23.9154	23.6338	23.7989	23.462	23.8714	24.0797	24.1453	24.0599	23.7977
700000.0003	30.5988	29.9189	30.3426	29.9986	30.114	30.2742	30.4366	30.142	30.3919	30.181	31.0468	30.4504	30.8575	30.5586	30.1141
700000.0003	41.7995	41.7811	41.9183	42.0605	42.0628	41.9591	41.9205	41.4143	42.0413	42.0303	42.2995	41.8243	42.2964	41.9019	41.0833
700000.0003	66.5904	67.014	66.8001	67.05	66.7763	66.9372	66.4156	66.2816	66.2522	66.0685	67.0948	66.3963	66.6999	66.116	66.8399
700000.0003	153.438	153.2	151.579	151.615	151.785	152.996	153.618	154.049	152.498	152.683	153.25	152.892	153.228	152.401	152.816
700000.0003	520.923	519.556	521.52	520.791	520.862	519.281	521.057	519.773	520.517	519.835	517.845	519.253	521.38	519.307	521.432
700000.0003	1363.6	1362.99	1362.4	1363.24	1364.58	1362.16	1361.15	1362.87	1363.33	1361.37	1361.18	1360.36	1361.35	1365.22	1362.66
700000.0003	2154.21	2153.22	2150.33	2154.28	2152.45	2152.81	2152.67	2154.48	2151.48	2153.51	2153.04	2154	2153.92	2155.57	2157.08
700000.0003	2586.49	2585.99	2586.65	2584.99	2585.59	2586.53	2587.49	2586.91	2586.72	2586.37	2582.82	2584.8	2583.93	2584.62	2586.7
700000.0003	2777.91	2777.09	2778.35	2777.84	2780.89	2780.1	2776.46	2776.75	2779	2778.44	2777.53	2778.01	2779.75	2776.29	2777.66
700000.0003	2866.39	2865.21	2866.29	2866.13	2867.92	2869.72	2867.83	2865.89	2864.54	2864.36	2865.02	2864.41	2862.93	2865.87	2864.58
700000.0003	2905.66	2906.73	2906.51	2908.9	2905.5	2906.37	2908.72	2908.54	2906.82	2905.53	2905.97	2906.86	2907.8	2905.7	2905.36
700000.0003	2931.73	2933.12	2933.44	2931.5	2932.66	2931.29	2932	2931.08	2932.11	2931.49	2934.38	2934.16	2931.14	2933.17	2933.27
700000.0003	2952.16	2954.7	2954.95	2952.22	2956.54	2954.73	2953.96	2952.55	2955.17	2954.85	2953.91	2952.69	2954.97	2954.47	2954.83
700000.0003	2974.6	2972.15	2972.83	2975.27	2972.23	2973.57	2972.7	2973.41	2973.63	2974.16	2971.75	2971.93	2974.58	2973.73	2973.26
700000.0003	2992.36	2992.03	2992.22	2992.19	2986.96	2989.94	2989	2991.91	2988.3	2990	2991.24	2991.73	2990.72	2991.12	2992.98
700000.0003	3009.91	3006.67	3008.01	3008.13	3006.2	3007.32	3006.42	3006.71	3005.98	3006.98	3010.62	3008.14	3006.14	3011.01	3010.98
700000.0003	3025.18	3024.5	3025.91	3023.12	3026.5	3024.45	3024.48	3026.03	3025.94	3022.77	3023.51	3026.86	3024.99	3025.57	3023.55
700000.0003	3043.86	3045.57	3042.36	3045.65	3046.01	3043.33	3044.76	3043.41	3046.72	3046.3	3043.84	3044.91	3045.79	3043.11	3043.38
700000.0003	3070.84	3072.15	3070.76	3070.13	3069.69	3071.25	3071.01	3069.59	3069.3	3070.77	3070.7	3067.49	3073.04	3067.97	3070.94
700000.0003	3083.61	3085.89	3084.36	3083.15	3086.49	3085.16	3087.43	3086.72	3086.12	3084.02	3083.16	3084.22	3083.43	3087.29	3086.53
