700000.0003	0.0263195
700000.0003	0.0353024
700000.0003	0.0525218
700000.0003	0.0817818
700000.0003	0.123899
700000.0003	0.189491
700000.0003	0.277434
700000.0003	0.398936
700000.0003	0.551112
700000.0003	0.747415
700000.0003	0.981268
700000.0003	1.26623
700000.0003	1.60822
700000.0003	1.99246
700000.0003	2.41971
700000.0003	2.8741
700000.0003	3.35244
700000.0003	3.81602
700000.0003	4.27391
700000.0003	4.73224
700000.0003	5.20127
700000.0003	5.6573
700000.0003	6.04734
700000.0003	6.45292
700000.0003	6.86347
700000.0003	7.22669
700000.0003	7.53611
700000.0003	7.93372
700000.0003	8.21224
700000.0003	8.49004
700000.0003	8.86903
700000.0003	9.08715
700000.0003	9.34545
700000.0003	9.57001
700000.0003	9.80948
700000.0003	9.91509
700000.0003	10.0137
700000.0003	10.1771
700000.0003	10.2779
700000.0003	10.2467
700000.0003	10.2984
700000.0003	10.2868
700000.0003	10.2699
700000.0003	10.2838
700000.0003	10.2874
700000.0003	10.3104
700000.0003	10.2785
700000.0003	10.3499
700000.0003	10.2315
700000.0003	10.2572
700000.0003	10.2753
700000.0003	10.2343
700000.0003	10.329
700000.0003	10.2667
700000.0003	10.3324
700000.0003	10.2293
700000.0003	10.2358
700000.0003	10.2028
700000.0003	10.2702
700000.0003	10.4147
700000.0003	10.3504
700000.0003	10.3768
700000.0003	10.2681
700000.0003	10.323
700000.0003	10.2227
700000.0003	10.3204
700000.0003	10.28
700000.0003	10.3022
700000.0003	10.333
700000.0003	10.4119
700000.0003	10.2808
700000.0003	10.4013
700000.0003	10.328
700000.0003	10.3942
700000.0003	10.3811
700000.0003	10.3689
700000.0003	10.3539
700000.0003	10.312
700000.0003	10.3754
700000.0003	10.3193
700000.0003	10.3263
700000.0003	10.3303
700000.0003	10.3508
700000.0003	10.3384
700000.0003	10.3385
700000.0003	10.4464
700000.0003	10.3597
700000.0003	10.3852
700000.0003	10.3833
700000.0003	10.3682
700000.0003	10.4172
700000.0003	10.3725
700000.0003	10.3653
700000.0003	10.4077
700000.0003	10.4385
700000.0003	10.3779
700000.0003	10.41
700000.0003	10.3909
700000.0003	10.4289
700000.0003	10.3165
700000.0003	10.3585
700000.0003	10.3675
700000.0003	10.502
700000.0003	10.3601
700000.0003	10.4519
700000.0003	10.4183
700000.0003	10.3946
700000.0003	10.4026
700000.0003	10.4055
700000.0003	10.36
700000.0003	10.4207
700000.0003	10.4441
700000.0003	10.4281
700000.0003	10.3291
700000.0003	10.4357
700000.0003	10.3959
700000.0003	10.3654
700000.0003	10.419
700000.0003	10.502
700000.0003	10.414
700000.0003	10.4063
700000.0003	10.3814
700000.0003	10.5169
700000.0003	10.4835
700000.0003	10.4179
700000.0003	10.4905
700000.0003	10.3727
700000.0003	10.4132
700000.0003	10.4585
700000.0003	10.4137
700000.0003	10.4873
700000.0003	10.439
700000.0003	10.4505
700000.0003	10.5063
700000.0003	10.5434
700000.0003	10.4603
700000.0003	10.462
700000.0003	10.5072
700000.0003	10.4454
700000.0003	10.4389
700000.0003	10.5083
700000.0003	10.4846
700000.0003	10.4912
700000.0003	10.4966
700000.0003	10.4584
700000.0003	10.4155
700000.0003	10.3988
700000.0003	10.4232
700000.0003	10.4006
700000.0003	10.3293
700000.0003	10.3353
700000.0003	10.3029
700000.0003	10.34
700000.0003	10.2822
700000.0003	10.1968
700000.0003	10.2392
700000.0003	10.2243
700000.0003	10.0898
700000.0003	10.1133
700000.0003	10.1214
700000.0003	9.994
700000.0003	10.0312
700000.0003	9.97745
700000.0003	9.88381
700000.0003	9.88137
700000.0003	9.85259
700000.0003	9.86267
700000.0003	9.69524
700000.0003	9.71697
700000.0003	9.58274
700000.0003	9.59051
700000.0003	9.46527
700000.0003	9.46729
700000.0003	9.3913
700000.0003	9.32066
700000.0003	9.29183
700000.0003	9.16029
700000.0003	9.12165
700000.0003	9.085
700000.0003	8.99563
700000.0003	8.88512
700000.0003	8.83556
700000.0003	8.7674
700000.0003	8.72506
700000.0003	8.64993
700000.0003	8.59689
700000.0003	8.45256
700000.0003	8.39023
700000.0003	8.34669
700000.0003	8.18291
700000.0003	8.1386
700000.0003	8.08931
700000.0003	7.95561
700000.0003	7.9225
700000.0003	7.76957
700000.0003	7.7832
700000.0003	7.6987
700000.0003	7.53926
700000.0003	7.47005
700000.0003	7.38384
700000.0003	7.27819
700000.0003	7.18618
700000.0003	7.0949
700000.0003	7.06183
700000.0003	6.96257
700000.0003	6.86986
700000.0003	6.76394
700000.0003	6.64816
700000.0003	6.57006
700000.0003	6.50295
700000.0003	6.36389
700000.0003	6.29439
700000.0003	6.22989
700000.0003	6.10487
700000.0003	6.02011
700000.0003	5.92965
700000.0003	5.86608
700000.0003	5.75264
700000.0003	5.63454
700000.0003	5.54969
700000.0003	5.45132
700000.0003	5.38273
700000.0003	5.23064
700000.0003	5.15265
700000.0003	5.06089
700000.0003	4.95165
700000.0003	4.86278
700000.0003	4.74995
700000.0003	4.68724
700000.0003	4.56588
700000.0003	4.47471
700000.0003	4.38765
700000.0003	4.29226
700000.0003	4.18825
700000.0003	4.05918
700000.0003	3.96958
700000.0003	3.85442
700000.0003	3.76931
700000.0003	3.66076
700000.0003	3.55077
700000.0003	3.45488
700000.0003	3.33647
700000.0003	3.21726
700000.0003	3.09472
700000.0003	2.96582
700000.0003	2.85027
700000.0003	2.72566
700000.0003	2.59988
700000.0003	2.47127
700000.0003	2.33136
700000.0003	2.19354
700000.0003	2.06559
700000.0003	1.93181
700000.0003	1.79959
700000.0003	1.66652
700000.0003	1.53873
700000.0003	1.41818
700000.0003	1.29837
700000.0003	1.18683
700000.0003	1.08135
700000.0003	0.976068
700000.0003	0.882913
700000.0003	0.795055
700000.0003	0.711053
700000.0003	0.635423
700000.0003	0.564654
700000.0003	0.498967
700000.0003	0.43902
700000.0003	0.384795
700000.0003	0.335556
700000.0003	0.291756
700000.0003	0.252735
700000.0003	0.216595
700000.0003	0.186524
700000.0003	0.158728
700000.0003	0.134405
700000.0003	0.114196
700000.0003	0.0971548
700000.0003	0.0819095
700000.0003	0.0685561
700000.0003	0.05792
700000.0003	0.0491775
700000.0003	0.0407477
700000.0003	0.0343797
700000.0003	0.0291215
700000.0003	0.0244586
700000.0003	0.0209117
700000.0003	0.0181568
700000.0003	0.0156692
700000.0003	0.0134226
700000.0003	0.011609
700000.0003	0.0101641
700000.0003	0.00881343
700000.0003	0.00808058
700000.0003	0.00725344
700000.0003	0.0067873
700000.0003	0.00628422
700000.0003	0.00574735
700000.0003	0.00543268
700000.0003	0.00530241
700000.0003	0.00525247
700000.0003	0.00509826
700000.0003	0.00503906
700000.0003	0.00497575
700000.0003	0.00484132
700000.0003	0.00487785
700000.0003	0.00472383
700000.0003	0.00466708
700000.0003	0.00467741
700000.0003	0.00457235
700000.0003	0.00454442
700000.0003	0.00446115
700000.0003	0.0044642
700000.0003	0.00440919
700000.0003	0.00436257
700000.0003	0.00440877
700000.0003	0.00433685
700000.0003	0.00431177
700000.0003	0.00435156
700000.0003	0.00428421
700000.0003	0.00422558
700000.0003	0.00430548
700000.0003	0.00422189
700000.0003	0.00419383
700000.0003	0.00423824
700000.0003	0.00422366
700000.0003	0.00421504
700000.0003	0.00418306
700000.0003	0.00421986
700000.0003	0.00415991
700000.0003	0.00415632
700000.0003	0.00415356
700000.0003	0.00417038
700000.0003	0.00415382
700000.0003	0.00418168
700000.0003	0.00412641
700000.0003	0.00412598
700000.0003	0.00412872
700000.0003	0.00415137
700000.0003	0.00408579
700000.0003	0.00406184
700000.0003	0.00413446
700000.0003	0.00407712
700000.0003	0.00414837
700000.0003	0.00410293
700000.0003	0.00413383
700000.0003	0.00414077
700000.0003	0.00419181
700000.0003	0.00418487
700000.0003	0.00419523
700000.0003	0.00415985
700000.0003	0.00422511
700000.0003	0.00417899
700000.0003	0.00421497
700000.0003	0.00423109
700000.0003	0.00427579
700000.0003	0.00424096
700000.0003	0.00432797
700000.0003	0.00429115
700000.0003	0.00432736
700000.0003	0.00434084
700000.0003	0.00435144
700000.0003	0.00431735
700000.0003	0.004462
700000.0003	0.00447177
700000.0003	0.00454436
700000.0003	0.00462231
700000.0003	0.00459707
700000.0003	0.00464844
700000.0003	0.00464761
700000.0003	0.00466145
700000.0003	0.00473271
700000.0003	0.00476557
700000.0003	0.00488771
700000.0003	0.00492687
700000.0003	0.00510095
700000.0003	0.00502565
700000.0003	0.00512557
700000.0003	0.00525904
700000.0003	0.00541447
700000.0003	0.00553413
700000.0003	0.00582485
700000.0003	0.00571666
700000.0003	0.00603065
700000.0003	0.00611514
700000.0003	0.006471
700000.0003	0.00662366
700000.0003	0.006907
700000.0003	0.00718174
700000.0003	0.00759849
700000.0003	0.00791779
700000.0003	0.00841368
700000.0003	0.00917793
700000.0003	0.00971506
700000.0003	0.0106464
700000.0003	0.0118233
700000.0003	0.0135598
700000.0003	0.015818
700000.0003	0.0178889
700000.0003	0.0213312
700000.0003	-0.000127682
700000.0003	-3.28631e-05
700000.0003	-4.08107e-05
700000.0003	-0.00029718
700000.0003	0.00112161
700000.0003	0.000468259
700000.0003	-0.00185392
700000.0003	0.000623936
700000.0003	0.0013278
700000.0003	-0.00199062
700000.0003	-0.00457734
700000.0003	-0.00254442
700000.0003	0.000982337
700000.0003	0.000415071
700000.0003	-0.00411481
700000.0003	-0.00809695
700000.0003	0.00644618
700000.0003	-0.0039814
700000.0003	0.00617412
700000.0003	0.00283316
700000.0003	-0.00863894
700000.0003	0.00376224
700000.0003	0.00411281
700000.0003	-0.00222872
700000.0003	-0.0139424
700000.0003	-0.0238075
700000.0003	0.004358
700000.0003	-0.00689497
700000.0003	-0.0328097
700000.0003	-0.00113968
700000.0003	0.00268785
700000.0003	-0.00707062
700000.0003	-0.00982657
700000.0003	0.0167585
700000.0003	0.0144557
700000.0003	0.0309287
700000.0003	0.00757669
700000.0003	-0.0273793
700000.0003	0.00930751
700000.0003	-0.00804704
700000.0003	0.017443
700000.0003	0.00263842
700000.0003	0.0107633
700000.0003	0.0601106
700000.0003	-0.0490028
700000.0003	-0.0225878
700000.0003	0.00336007
700000.0003	-0.0497511
700000.0003	0.0393036
700000.0003	0.00659937
700000.0003	-0.0133946
700000.0003	0.0618216
700000.0003	-0.0628293
700000.0003	0.0383962
700000.0003	-0.00385399
700000.0003	0.0206181
700000.0003	-0.0433444
700000.0003	-0.0179578
700000.0003	0.0166573
700000.0003	0.0260736
700000.0003	0.0214398
700000.0003	0.025977
700000.0003	0.0189316
700000.0003	0.0106355
700000.0003	-0.0235569
700000.0003	-0.00138408
700000.0003	-0.0270513
700000.0003	0.0173785
700000.0003	0.00904291
700000.0003	0.0218719
700000.0003	0.00710471
700000.0003	-0.0136267
700000.0003	-0.0295244
700000.0003	0.0137154
700000.0003	-0.00249303
700000.0003	0.00846107
700000.0003	0.0460488
700000.0003	-0.0221262
700000.0003	0.0346316
700000.0003	0.0377548
700000.0003	-0.0324233
700000.0003	-0.00783457
700000.0003	-0.00131664
700000.0003	-0.00294894
700000.0003	-0.016779
700000.0003	-0.0136446
700000.0003	-0.0294282
700000.0003	-0.0247641
700000.0003	-0.00245318
700000.0003	0.00166092
700000.0003	0.0274741
700000.0003	-0.0252899
700000.0003	-0.0217761
700000.0003	-0.0308623
700000.0003	-0.000724599
700000.0003	0.00878633
700000.0003	-0.0097743
700000.0003	-0.0243784
700000.0003	0.0265775
700000.0003	-0.00397592
700000.0003	0.0156021
700000.0003	-0.0190429
700000.0003	0.00107657
700000.0003	0.035153
700000.0003	-0.00739644
700000.0003	0.0117928
700000.0003	-0.0280044
700000.0003	0.00652717
700000.0003	0.015249
700000.0003	0.0416851
700000.0003	-0.0273407
700000.0003	-0.0255108
700000.0003	-0.0315326
700000.0003	0.00292097
700000.0003	-0.0253015
700000.0003	0.0403668
700000.0003	0.005273
700000.0003	0.0158678
700000.0003	0.0104135
700000.0003	0.0519061
700000.0003	-0.0245088
700000.0003	-0.0192942
700000.0003	0.0212132
700000.0003	0.0483239
700000.0003	0.00505477
700000.0003	-0.0582474
700000.0003	-0.0163311
700000.0003	-0.0203636
700000.0003	0.0211601
700000.0003	-0.0263379
700000.0003	-0.0170433
700000.0003	0.0317777
700000.0003	-0.011239
700000.0003	-0.00381075
700000.0003	0.0175345
700000.0003	-0.00976396
700000.0003	-0.0620477
700000.0003	-0.0200147
700000.0003	-0.00347211
700000.0003	0.0237676
700000.0003	0.00367174
700000.0003	-0.010167
700000.0003	0.0161002
700000.0003	-0.000242335
700000.0003	-0.0350761
700000.0003	-0.00743937
700000.0003	0.0213165
700000.0003	0.000605538
700000.0003	0.0148567
700000.0003	-0.0321412
700000.0003	-0.0282758
700000.0003	-0.0333298
700000.0003	0.00908428
700000.0003	0.0228047
700000.0003	-0.0134696
700000.0003	0.0101559
700000.0003	-0.0292463
700000.0003	-0.0330111
700000.0003	0.0112888
700000.0003	0.0211254
700000.0003	-0.00660057
700000.0003	-0.0125217
700000.0003	0.00773642
700000.0003	-0.0186588
700000.0003	0.0624027
700000.0003	0.0372905
700000.0003	0.0205119
700000.0003	-0.010807
700000.0003	0.0231978
700000.0003	0.00274769
700000.0003	0.022416
700000.0003	-0.00186791
700000.0003	-0.00218954
700000.0003	0.00438433
700000.0003	-0.00218623
700000.0003	-0.0123646
700000.0003	-0.0123498
700000.0003	0.0113263
700000.0003	-0.00680887
700000.0003	0.00798591
700000.0003	0.00216423
700000.0003	0.00686144
700000.0003	-0.00955998
700000.0003	-0.0284795
700000.0003	0.00724917
700000.0003	0.00837855
700000.0003	-0.00857867
700000.0003	-0.0139476
700000.0003	0.0170439
700000.0003	-0.030309
700000.0003	0.0253482
700000.0003	-0.0157442
700000.0003	-0.0045457
700000.0003	-0.0378105
700000.0003	-0.00954308
700000.0003	0.0164099
700000.0003	-0.00158901
700000.0003	0.0157605
700000.0003	-0.015098
700000.0003	0.021433
700000.0003	-0.00828067
700000.0003	-0.0260246
700000.0003	-0.00590867
700000.0003	0.00731344
700000.0003	0.00216973
700000.0003	-0.0152272
700000.0003	-0.00567946
700000.0003	-0.0162208
700000.0003	0.00169489
700000.0003	-0.00831598
700000.0003	0.00196173
700000.0003	-0.00195132
700000.0003	-0.0176066
700000.0003	-0.0211214
700000.0003	-0.00861976
700000.0003	0.00444799
700000.0003	0.00397574
700000.0003	-0.00671334
700000.0003	0.00287156
700000.0003	-0.00873067
700000.0003	-0.00923204
700000.0003	-0.00798407
700000.0003	0.00743223
700000.0003	0.00140355
700000.0003	-0.00620026
700000.0003	0.00749178
700000.0003	-0.00290814
700000.0003	-0.000388408
700000.0003	0.00329823
700000.0003	0.00705933
700000.0003	-0.000441772
700000.0003	0.00406246
700000.0003	0.00561556
700000.0003	-0.00263399
700000.0003	-0.00432785
700000.0003	-0.00930912
700000.0003	-0.00203072
700000.0003	0.00238708
700000.0003	0.00783141
700000.0003	-0.00295982
700000.0003	0.00211752
700000.0003	-0.00886483
700000.0003	0.00473226
700000.0003	0.00551531
700000.0003	-0.00646599
700000.0003	-0.00199518
700000.0003	0.00665741
700000.0003	-0.00327464
700000.0003	1.56086e-05
700000.0003	-0.00783283
700000.0003	-0.00559854
700000.0003	-0.00020512
700000.0003	0.00341045
700000.0003	0.00638502
700000.0003	-0.000809578
700000.0003	-0.000222034
700000.0003	-0.00243533
700000.0003	0.00266364
700000.0003	0.000980835
700000.0003	-0.000757736
700000.0003	-0.000665567
700000.0003	-0.00475532
700000.0003	0.00218019
700000.0003	0.00394519
700000.0003	-0.00121233
700000.0003	6.03667e-05
700000.0003	0.00132057
700000.0003	0.000658332
700000.0003	0.00045909
700000.0003	-0.000645364
700000.0003	0.000448871
700000.0003	-0.000385876
700000.0003	-0.000417769
700000.0003	-0.000865584
700000.0003	-0.000236869
700000.0003	-0.000550033
700000.0003	4.74247e-05
700000.0003	-0.00111503
700000.0003	-0.000533141
700000.0003	-0.000160816
700000.0003	-0.000168008
700000.0003	-0.000340964
700000.0003	-7.99712e-05
700000.0003	-0.000379893
700000.0003	-9.38414e-07
700000.0003	-0.000203699
700000.0003	0.00010757
700000.0003	0.000154367
700000.0003	0.000208182
700000.0003	-9.43238e-06
700000.0003	-8.67498e-05
700000.0003	-0.00011007
700000.0003	-0.00020913
700000.0003	-4.88783e-05
700000.0003	-2.33181e-05
700000.0003	6.69942e-05
700000.0003	5.01033e-05
700000.0003	4.29862e-05
700000.0003	3.03141e-05
700000.0003	-1.70091e-06
700000.0003	5.86804e-06
700000.0003	2.7461e-05
700000.0003	-4.28044e-05
700000.0003	-1.75538e-05
700000.0003	9.3448e-05
700000.0003	-3.22474e-07
700000.0003	3.48452e-05
700000.0003	-4.85712e-07
700000.0003	1.1499e-05
700000.0003	-2.0323e-05
700000.0003	-2.15248e-05
700000.0003	-4.45245e-05
700000.0003	-1.67686e-05
700000.0003	-3.85394e-05
700000.0003	-2.2475e-05
700000.0003	1.00624e-05
700000.0003	-5.26355e-05
700000.0003	1.38971e-06
700000.0003	-7.16481e-06
700000.0003	2.95781e-05
700000.0003	-1.14533e-05
700000.0003	3.73182e-05
700000.0003	-3.19266e-05
700000.0003	2.07574e-05
700000.0003	-3.92671e-05
700000.0003	6.52171e-05
700000.0003	-2.14961e-05
700000.0003	-1.60335e-05
700000.0003	2.86475e-05
700000.0003	-2.05967e-05
700000.0003	-1.91601e-06
700000.0003	2.77816e-05
700000.0003	4.34124e-06
700000.0003	-8.93331e-06
700000.0003	6.2538e-07
700000.0003	1.59648e-05
700000.0003	5.05312e-05
700000.0003	-1.02022e-05
700000.0003	-1.82204e-05
700000.0003	-1.50656e-05
700000.0003	3.44109e-06
700000.0003	-1.58219e-05
700000.0003	4.04003e-07
700000.0003	-2.86411e-05
700000.0003	-2.36037e-05
700000.0003	-1.34312e-05
700000.0003	-3.43573e-05
700000.0003	3.34521e-05
700000.0003	4.75552e-05
700000.0003	2.66011e-05
700000.0003	-2.31741e-05
700000.0003	-3.07152e-05
700000.0003	-6.68548e-06
700000.0003	-6.588e-05
700000.0003	1.9635e-05
700000.0003	4.26885e-05
700000.0003	-8.8306e-06
700000.0003	1.79246e-05
700000.0003	-8.76326e-06
700000.0003	-3.37171e-05
700000.0003	3.345e-05
700000.0003	3.47556e-05
700000.0003	-5.5059e-06
700000.0003	5.48952e-05
700000.0003	-1.45085e-05
700000.0003	4.30696e-05
700000.0003	-6.26626e-06
700000.0003	1.05879e-05
700000.0003	-1.08556e-05
700000.0003	-2.0969e-06
700000.0003	-7.36212e-05
700000.0003	-2.06218e-05
700000.0003	-1.19961e-05
700000.0003	6.47773e-06
700000.0003	-5.4764e-06
700000.0003	1.66843e-05
700000.0003	-5.71021e-05
700000.0003	1.7754e-05
700000.0003	-5.70798e-05
700000.0003	-6.89752e-05
700000.0003	1.43219e-05
700000.0003	6.02474e-05
700000.0003	2.68475e-06
700000.0003	3.22664e-05
700000.0003	5.18094e-05
700000.0003	0.000135396
700000.0003	-0.000114601
700000.0003	8.64009e-05
700000.0003	-9.91958e-06
700000.0003	-0.000188411
700000.0003	8.85534e-05
700000.0003	0.000118252
700000.0003	5.08376e-06
700000.0003	5.95251e-05
700000.0003	4.11577e-05
700000.0003	-2.24798e-05
700000.0003	-3.56517e-05
700000.0003	-0.000284032
700000.0003	-3.01204e-05
700000.0003	-0.000196508
700000.0003	-0.000228543
700000.0003	6.98199e-05
700000.0003	-0.000183754
700000.0003	0.000176575
700000.0003	0.000518973
700000.0003	3.09434e-05
700000.0003	-0.000270791
700000.0003	-0.000493154
700000.0003	-0.00110561
700000.0003	-0.00187747
700000.0003	-0.00264092
700000.0003	0.00339079
700000.0003	0.0073703
700000.0003	-0.0010533
700000.0003	-0.00895272
700000.0003	-0.00522031
700000.0003	0.012443
700000.0003	-0.0146788
700000.0003	-0.00654973
700000.0003	-0.0103311
700000.0003	-0.0102368
700000.0003	-0.00788608
700000.0003	0.0146586
700000.0003	0.0115127
700000.0003	0.0214651
700000.0003	-0.0132795
700000.0003	0.000820405
700000.0003	-0.017888
700000.0003	-0.0305796
700000.0003	0.000247584
700000.0003	-0.0142223
700000.0003	0.000791739
700000.0003	-0.00983728
700000.0003	0.000238046
700000.0003	0.0193577
700000.0003	0.0495136
700000.0003	0.0120449
700000.0003	-0.0231114
700000.0003	0.0137218
700000.0003	-0.00663728
700000.0003	0.0339444
700000.0003	0.0131859
700000.0003	0.0193425
700000.0003	0.055533
700000.0003	-0.0353541
700000.0003	-0.0207487
700000.0003	-0.00254746
700000.0003	-0.0526099
700000.0003	0.019267
700000.0003	0.00922711
700000.0003	-0.0124579
700000.0003	0.0509344
700000.0003	-0.0657713
700000.0003	0.0359026
700000.0003	-0.0144327
700000.0003	0.0166343
700000.0003	-0.0499051
700000.0003	-0.0230266
700000.0003	0.0145383
700000.0003	0.0174231
700000.0003	0.019589
700000.0003	0.0217877
700000.0003	0.028379
700000.0003	0.0116367
700000.0003	-0.0182075
700000.0003	-0.00621941
700000.0003	-0.019246
700000.0003	0.0186444
700000.0003	0.0236758
700000.0003	0.00177796
700000.0003	0.000660635
700000.0003	-0.0201924
700000.0003	-0.0368958
700000.0003	0.00991571
700000.0003	-0.00172536
700000.0003	0.00989335
700000.0003	0.0429671
700000.0003	-0.0284726
700000.0003	0.0276031
700000.0003	0.0306282
700000.0003	-0.0161804
700000.0003	-0.0088154
700000.0003	0.0101384
700000.0003	-0.000533905
700000.0003	-0.00051156
700000.0003	-0.0147988
700000.0003	-0.0314088
700000.0003	-0.0160516
700000.0003	-0.0100898
700000.0003	0.0102115
700000.0003	0.0276497
700000.0003	-0.0273697
700000.0003	-0.015951
700000.0003	-0.0325622
700000.0003	0.0027499
700000.0003	0.0177854
700000.0003	-0.0186278
700000.0003	-0.0136079
700000.0003	0.0198128
700000.0003	-0.0130203
700000.0003	0.0220557
700000.0003	-0.0160451
700000.0003	-0.00723737
700000.0003	0.0318871
700000.0003	-0.0171869
700000.0003	0.012463
700000.0003	-0.0274837
700000.0003	-0.00990302
700000.0003	0.0138166
700000.0003	0.0305428
700000.0003	-0.0167645
700000.0003	-0.0352451
700000.0003	-0.032316
700000.0003	0.00713162
700000.0003	-0.0288534
700000.0003	0.0355498
700000.0003	0.0218522
700000.0003	0.0241563
700000.0003	0.0117624
700000.0003	0.041529
700000.0003	-0.00669159
700000.0003	0.00933114
700000.0003	0.0193815
700000.0003	0.0556228
700000.0003	-0.00415141
700000.0003	-0.0550766
700000.0003	-0.016454
700000.0003	-0.01968
700000.0003	0.0215783
700000.0003	-0.0128248
700000.0003	-0.0233988
700000.0003	0.0181868
700000.0003	-0.0174523
700000.0003	-0.00405534
700000.0003	0.0124345
700000.0003	-0.0141604
700000.0003	-0.0598282
700000.0003	-0.0134962
700000.0003	-0.000349382
700000.0003	-0.00721368
700000.0003	0.0022422
700000.0003	-0.0159695
700000.0003	0.0166679
700000.0003	0.00282267
700000.0003	-0.0338831
700000.0003	-0.00873907
700000.0003	0.0190045
700000.0003	-0.00503757
700000.0003	0.0105711
700000.0003	-0.0250013
700000.0003	-0.019766
700000.0003	-0.0305253
700000.0003	0.0248912
700000.0003	0.0158336
700000.0003	-0.012841
700000.0003	0.0167007
700000.0003	-0.0336959
700000.0003	-0.0368722
700000.0003	0.0142094
700000.0003	0.00898738
700000.0003	-0.0084672
700000.0003	-0.0269566
700000.0003	0.00902145
700000.0003	-0.0012752
700000.0003	0.0509819
700000.0003	0.0397521
700000.0003	0.0194578
700000.0003	-0.00828172
700000.0003	0.0199245
700000.0003	0.0162878
700000.0003	0.0267732
700000.0003	0.00332598
700000.0003	0.0100666
700000.0003	0.00633377
700000.0003	-0.000717189
700000.0003	-0.0149396
700000.0003	-0.0097619
700000.0003	0.0197983
700000.0003	-0.0147733
700000.0003	0.0130614
700000.0003	-0.00849287
700000.0003	0.00939742
700000.0003	-0.00805326
700000.0003	-0.0166184
700000.0003	0.00831956
700000.0003	0.0063202
700000.0003	-0.00866126
700000.0003	0.000649282
700000.0003	0.0154337
700000.0003	-0.0276643
700000.0003	0.0196356
700000.0003	-0.021534
700000.0003	-0.0156054
700000.0003	-0.037257
700000.0003	-0.00872246
700000.0003	0.0175558
700000.0003	0.00720704
700000.0003	0.0107368
700000.0003	-0.0123491
700000.0003	0.0100559
700000.0003	0.0051841
700000.0003	-0.0151258
700000.0003	-0.00352135
700000.0003	0.0109609
700000.0003	0.00649593
700000.0003	-0.0219362
700000.0003	0.00396116
700000.0003	-0.0242549
700000.0003	0.00473164
700000.0003	-0.00875527
700000.0003	0.00679731
700000.0003	0.00345935
700000.0003	-0.0079252
700000.0003	-0.00303614
700000.0003	-0.0114747
700000.0003	-0.0122993
700000.0003	-0.00167315
700000.0003	-0.0168063
700000.0003	0.00291538
700000.0003	-0.00786338
700000.0003	-0.00346987
700000.0003	-0.0136461
700000.0003	-0.000602572
700000.0003	0.00162411
700000.0003	0.0030188
700000.0003	0.00603693
700000.0003	-0.00451144
700000.0003	-0.00225712
700000.0003	0.00228107
700000.0003	0.010396
700000.0003	0.00657434
700000.0003	-0.00211059
700000.0003	0.0111342
700000.0003	0.0064256
700000.0003	-0.0115042
700000.0003	-0.0060178
700000.0003	0.00328248
700000.0003	0.00333852
700000.0003	0.00460387
700000.0003	-0.00376562
700000.0003	0.00761801
700000.0003	-0.00572162
700000.0003	0.00405625
700000.0003	0.00142953
700000.0003	-0.00645677
700000.0003	0.00964405
700000.0003	-0.00198513
700000.0003	-0.00707296
700000.0003	-0.000285669
700000.0003	-0.00250307
700000.0003	0.000704808
700000.0003	-0.00142824
700000.0003	0.00512201
700000.0003	-0.00170632
700000.0003	0.00129925
700000.0003	-0.00256574
700000.0003	0.00306308
700000.0003	0.00333691
700000.0003	-0.0033209
700000.0003	0.0018595
700000.0003	0.00416724
700000.0003	-0.00135323
700000.0003	0.000413254
700000.0003	0.00161168
700000.0003	0.00144609
700000.0003	0.00139201
700000.0003	0.00138104
700000.0003	0.0012941
700000.0003	-0.000762517
700000.0003	3.6452e-05
700000.0003	0.00184647
700000.0003	0.000147512
700000.0003	0.000204757
700000.0003	0.000513235
700000.0003	0.000510991
700000.0003	-0.000797867
700000.0003	0.000774583
700000.0003	-0.000190908
700000.0003	0.00013817
700000.0003	-0.000525817
700000.0003	-0.000181433
700000.0003	1.60451e-05
700000.0003	0.000315218
700000.0003	-8.66543e-06
700000.0003	4.33833e-05
700000.0003	-9.23163e-06
700000.0003	2.77671e-05
700000.0003	0.000132194
700000.0003	-0.000114396
700000.0003	-1.06121e-05
700000.0003	2.13618e-05
700000.0003	-0.000125078
700000.0003	-7.0282e-05
700000.0003	-2.17563e-05
700000.0003	-2.10292e-05
700000.0003	-5.38431e-05
700000.0003	8.10338e-05
700000.0003	-8.6482e-05
700000.0003	3.26973e-05
700000.0003	-0.000154701
700000.0003	-0.000162099
700000.0003	-8.9272e-05
700000.0003	1.69745e-06
700000.0003	-2.05889e-06
700000.0003	1.14997e-05
700000.0003	2.30435e-06
700000.0003	-4.05043e-05
700000.0003	4.73332e-05
700000.0003	4.02781e-06
700000.0003	7.06493e-05
700000.0003	-3.13186e-05
700000.0003	3.81217e-06
700000.0003	-6.32539e-06
700000.0003	-6.11398e-05
700000.0003	-2.41306e-05
700000.0003	-2.30452e-05
700000.0003	-4.74936e-05
700000.0003	2.67619e-05
700000.0003	3.08212e-06
700000.0003	2.16989e-05
700000.0003	-3.95125e-05
700000.0003	-7.7086e-05
700000.0003	-2.41711e-05
700000.0003	-5.60298e-05
700000.0003	4.64877e-06
700000.0003	-6.38103e-05
700000.0003	4.22437e-05
700000.0003	1.6401e-05
700000.0003	1.18662e-06
700000.0003	3.63706e-05
700000.0003	2.89221e-05
700000.0003	-2.88551e-05
700000.0003	6.1127e-06
700000.0003	1.84686e-05
700000.0003	2.2646e-05
700000.0003	1.87651e-06
700000.0003	-6.69107e-05
700000.0003	-4.85821e-05
700000.0003	6.5663e-05
700000.0003	3.09155e-05
700000.0003	-1.96687e-05
700000.0003	3.30824e-05
700000.0003	-1.1036e-05
700000.0003	-3.68469e-06
700000.0003	3.67698e-05
700000.0003	-6.67955e-05
700000.0003	2.40651e-05
700000.0003	-2.1896e-05
700000.0003	1.78014e-05
700000.0003	4.61501e-05
700000.0003	-5.86871e-05
700000.0003	8.70691e-06
700000.0003	3.69876e-06
700000.0003	-3.52807e-06
700000.0003	3.69335e-05
700000.0003	5.73824e-06
700000.0003	-9.04601e-05
700000.0003	-7.96688e-06
700000.0003	-2.14104e-05
700000.0003	1.71744e-05
700000.0003	1.52045e-05
700000.0003	3.37616e-05
700000.0003	-6.15832e-07
700000.0003	6.59076e-05
700000.0003	2.97809e-05
700000.0003	9.2218e-06
700000.0003	4.98748e-05
700000.0003	-0.00010899
700000.0003	-6.09257e-05
700000.0003	8.5035e-05
700000.0003	-6.15612e-05
700000.0003	5.73762e-05
700000.0003	-0.000131763
700000.0003	-4.29883e-05
700000.0003	-1.3712e-05
700000.0003	-2.15449e-06
700000.0003	4.10843e-05
700000.0003	-5.03537e-05
700000.0003	4.09544e-05
700000.0003	-0.000100941
700000.0003	3.45744e-05
700000.0003	3.37807e-06
700000.0003	8.98601e-06
700000.0003	-6.19318e-05
700000.0003	2.79575e-05
700000.0003	-0.000122661
700000.0003	-0.00015283
700000.0003	0.000102292
700000.0003	-5.08677e-05
700000.0003	-7.50329e-05
700000.0003	7.98909e-06
700000.0003	0.000114812
700000.0003	0.00010363
700000.0003	-0.000179316
700000.0003	6.91231e-07
700000.0003	-0.00019196
700000.0003	-5.15771e-05
700000.0003	-0.000177817
700000.0003	-0.000190948
700000.0003	5.52233e-05
700000.0003	0.018187
700000.0003	0.0236084
700000.0003	0.0367863
700000.0003	0.0601547
700000.0003	0.101329
700000.0003	0.167037
700000.0003	0.26605
700000.0003	0.409538
700000.0003	0.606605
700000.0003	0.876533
700000.0003	1.25167
700000.0003	1.75962
700000.0003	2.44357
700000.0003	3.35437
700000.0003	4.46607
700000.0003	5.83617
700000.0003	7.45687
700000.0003	9.29416
700000.0003	11.2726
700000.0003	13.3377
700000.0003	15.329
700000.0003	16.9536
700000.0003	18.2354
700000.0003	19.0275
700000.0003	19.5768
700000.0003	19.7271
700000.0003	19.685
700000.0003	19.5838
700000.0003	19.3419
700000.0003	19.0625
700000.0003	18.783
700000.0003	18.523
700000.0003	18.2733
700000.0003	17.8697
700000.0003	17.7615
700000.0003	17.4587
700000.0003	17.3281
700000.0003	16.85
700000.0003	16.6487
700000.0003	16.3563
700000.0003	15.9285
700000.0003	15.6373
700000.0003	15.3256
700000.0003	15.1321
700000.0003	14.8642
700000.0003	14.6439
700000.0003	14.4119
700000.0003	14.3411
700000.0003	14.0565
700000.0003	13.864
700000.0003	13.7899
700000.0003	13.5597
700000.0003	13.4999
700000.0003	13.2559
700000.0003	13.1751
700000.0003	12.968
700000.0003	12.8948
700000.0003	12.7517
700000.0003	12.7788
700000.0003	12.7645
700000.0003	12.5472
700000.0003	12.4773
700000.0003	12.3748
700000.0003	12.3161
700000.0003	12.2195
700000.0003	12.1173
700000.0003	12.1262
700000.0003	12.0388
700000.0003	11.9256
700000.0003	11.9192
700000.0003	11.8577
700000.0003	11.8396
700000.0003	11.7267
700000.0003	11.7368
700000.0003	11.7163
700000.0003	11.6546
700000.0003	11.528
700000.0003	11.4965
700000.0003	11.4892
700000.0003	11.4556
700000.0003	11.386
700000.0003	11.2831
700000.0003	11.3557
700000.0003	11.2486
700000.0003	11.3049
700000.0003	11.2694
700000.0003	11.2454
700000.0003	11.0885
700000.0003	11.1537
700000.0003	11.0544
700000.0003	11.1288
700000.0003	11.0833
700000.0003	11.0005
700000.0003	11.0481
700000.0003	11.0377
700000.0003	10.9897
700000.0003	10.9587
700000.0003	11.0443
700000.0003	10.9727
700000.0003	10.8315
700000.0003	10.8546
700000.0003	10.8582
700000.0003	10.9141
700000.0003	10.8798
700000.0003	10.8471
700000.0003	10.8335
700000.0003	10.7927
700000.0003	10.8565
700000.0003	10.8176
700000.0003	10.7565
700000.0003	10.8475
700000.0003	10.8163
700000.0003	10.784
700000.0003	10.7491
700000.0003	10.7671
700000.0003	10.7721
700000.0003	10.7243
700000.0003	10.7067
700000.0003	10.6806
700000.0003	10.7238
700000.0003	10.6291
700000.0003	10.6874
700000.0003	10.71
700000.0003	10.6665
700000.0003	10.6522
700000.0003	10.666
700000.0003	10.5986
700000.0003	10.7098
700000.0003	10.7211
700000.0003	10.653
700000.0003	10.6591
700000.0003	10.6982
700000.0003	10.58
700000.0003	10.7378
700000.0003	10.6834
700000.0003	10.6146
700000.0003	10.6383
700000.0003	10.6393
700000.0003	10.6751
700000.0003	10.6145
700000.0003	10.647
700000.0003	10.6699
700000.0003	10.6064
700000.0003	10.601
700000.0003	10.5657
700000.0003	10.6162
700000.0003	10.6473
700000.0003	10.573
700000.0003	10.5418
700000.0003	10.5689
700000.0003	10.4897
700000.0003	10.4727
700000.0003	10.4572
700000.0003	10.4573
700000.0003	10.4651
700000.0003	10.3927
700000.0003	10.3611
700000.0003	10.3833
700000.0003	10.2767
700000.0003	10.2648
700000.0003	10.1877
700000.0003	10.1839
700000.0003	10.1089
700000.0003	10.0487
700000.0003	10.1065
700000.0003	10.0195
700000.0003	9.96377
700000.0003	9.87055
700000.0003	9.83877
700000.0003	9.74703
700000.0003	9.78245
700000.0003	9.62593
700000.0003	9.63691
700000.0003	9.5239
700000.0003	9.53546
700000.0003	9.38133
700000.0003	9.41785
700000.0003	9.32993
700000.0003	9.27163
700000.0003	9.20349
700000.0003	9.14634
700000.0003	9.07983
700000.0003	8.89345
700000.0003	8.94003
700000.0003	8.85517
700000.0003	8.76708
700000.0003	8.68008
700000.0003	8.61269
700000.0003	8.6038
700000.0003	8.44728
700000.0003	8.37425
700000.0003	8.34998
700000.0003	8.2117
700000.0003	8.17589
700000.0003	8.05932
700000.0003	8.03172
700000.0003	7.98018
700000.0003	7.86101
700000.0003	7.74316
700000.0003	7.70091
700000.0003	7.62265
700000.0003	7.53051
700000.0003	7.45249
700000.0003	7.37856
700000.0003	7.27811
700000.0003	7.21797
700000.0003	7.16317
700000.0003	7.05706
700000.0003	7.01452
700000.0003	6.91992
700000.0003	6.80844
700000.0003	6.7657
700000.0003	6.70932
700000.0003	6.59818
700000.0003	6.5412
700000.0003	6.45075
700000.0003	6.40687
700000.0003	6.32985
700000.0003	6.2375
700000.0003	6.18915
700000.0003	6.10505
700000.0003	6.0952
700000.0003	5.99194
700000.0003	5.95875
700000.0003	5.88908
700000.0003	5.86597
700000.0003	5.82993
700000.0003	5.77575
700000.0003	5.76089
700000.0003	5.6919
700000.0003	5.66136
700000.0003	5.62293
700000.0003	5.608
700000.0003	5.57949
700000.0003	5.53179
700000.0003	5.49215
700000.0003	5.44934
700000.0003	5.39194
700000.0003	5.29957
700000.0003	5.21694
700000.0003	5.12181
700000.0003	4.98407
700000.0003	4.84065
700000.0003	4.66373
700000.0003	4.47591
700000.0003	4.25379
700000.0003	4.03064
700000.0003	3.787
700000.0003	3.53666
700000.0003	3.289
700000.0003	3.03885
700000.0003	2.79647
700000.0003	2.55475
700000.0003	2.33549
700000.0003	2.12245
700000.0003	1.93061
700000.0003	1.74435
700000.0003	1.57572
700000.0003	1.42563
700000.0003	1.28273
700000.0003	1.15224
700000.0003	1.03088
700000.0003	0.921578
700000.0003	0.82352
700000.0003	0.730711
700000.0003	0.649614
700000.0003	0.573449
700000.0003	0.505283
700000.0003	0.446119
700000.0003	0.38942
700000.0003	0.338595
700000.0003	0.295385
700000.0003	0.253871
700000.0003	0.220224
700000.0003	0.187914
700000.0003	0.16067
700000.0003	0.136294
700000.0003	0.115208
700000.0003	0.0972862
700000.0003	0.0819979
700000.0003	0.0688224
700000.0003	0.0575673
700000.0003	0.0480987
700000.0003	0.0405028
700000.0003	0.0335262
700000.0003	0.0283375
700000.0003	0.0237749
700000.0003	0.0200666
700000.0003	0.0168404
700000.0003	0.0143611
700000.0003	0.0124896
700000.0003	0.0108347
700000.0003	0.00948911
700000.0003	0.00842894
700000.0003	0.00740374
700000.0003	0.00677124
700000.0003	0.006241
700000.0003	0.0058049
700000.0003	0.00538778
700000.0003	0.00515485
700000.0003	0.00507103
700000.0003	0.00503299
700000.0003	0.00491344
700000.0003	0.00484683
700000.0003	0.00477121
700000.0003	0.00469701
700000.0003	0.004607
700000.0003	0.00456253
700000.0003	0.00449239
700000.0003	0.00448256
700000.0003	0.00443622
700000.0003	0.0044338
700000.0003	0.0044283
700000.0003	0.00435969
700000.0003	0.00429326
700000.0003	0.0042977
700000.0003	0.00427636
700000.0003	0.00423175
700000.0003	0.00422421
700000.0003	0.00421913
700000.0003	0.0042036
700000.0003	0.00414527
700000.0003	0.00414449
700000.0003	0.00414893
700000.0003	0.00414048
700000.0003	0.00415644
700000.0003	0.00415737
700000.0003	0.00413173
700000.0003	0.00410139
700000.0003	0.00412996
700000.0003	0.00408473
700000.0003	0.00407594
700000.0003	0.00413789
700000.0003	0.00410983
700000.0003	0.00411094
700000.0003	0.00407714
700000.0003	0.00410868
700000.0003	0.00409986
700000.0003	0.00406796
700000.0003	0.00409737
700000.0003	0.00408486
700000.0003	0.00411434
700000.0003	0.0040783
700000.0003	0.00411686
700000.0003	0.00411394
700000.0003	0.00410262
700000.0003	0.00414289
700000.0003	0.00411521
700000.0003	0.00411673
700000.0003	0.00410617
700000.0003	0.00414749
700000.0003	0.00418572
700000.0003	0.00416913
700000.0003	0.00419354
700000.0003	0.00415319
700000.0003	0.00420488
700000.0003	0.00422684
700000.0003	0.00424599
700000.0003	0.00423561
700000.0003	0.00419871
700000.0003	0.00432635
700000.0003	0.00428533
700000.0003	0.00432051
700000.0003	0.00433405
700000.0003	0.0043534
700000.0003	0.00441151
700000.0003	0.00446209
700000.0003	0.00447743
700000.0003	0.00450315
700000.0003	0.00456038
700000.0003	0.00462076
700000.0003	0.00463441
700000.0003	0.0046818
700000.0003	0.00475811
700000.0003	0.00474598
700000.0003	0.00486275
700000.0003	0.00497119
700000.0003	0.00496943
700000.0003	0.00508717
700000.0003	0.00520033
700000.0003	0.00539013
700000.0003	0.00550492
700000.0003	0.00570612
700000.0003	0.00577914
700000.0003	0.0060495
700000.0003	0.00634167
700000.0003	0.00653025
700000.0003	0.00691698
700000.0003	0.00722139
700000.0003	0.00770558
700000.0003	0.00817389
700000.0003	0.00874035
700000.0003	0.00913468
700000.0003	0.00980523
700000.0003	0.0105711
700000.0003	0.0116269
700000.0003	0.0129359
700000.0003	0.0138643
700000.0003	0.015212
700000.0003	0.0162536
