700000.0003	28.0095
700000.0003	100.557
700000.0003	200.615
700000.0003	344.262
700000.0003	527.803
700000.0003	777.082
700000.0003	1071.84
700000.0003	1425.33
700000.0003	1836.27
700000.0003	2295.66
700000.0003	2770.81
700000.0003	3321.17
700000.0003	3862.1
700000.0003	4455.02
700000.0003	5022.86
700000.0003	5547.95
700000.0003	6004.63
700000.0003	6388.74
700000.0003	6646.6
700000.0003	6889.55
700000.0003	7056.61
700000.0003	7118.11
700000.0003	7109.46
700000.0003	7031.65
700000.0003	6941.93
700000.0003	6777.39
700000.0003	6610.14
700000.0003	6337.19
700000.0003	6030.41
700000.0003	5723.18
700000.0003	5354.53
700000.0003	4984.98
700000.0003	4527.45
700000.0003	4036.29
700000.0003	3518.61
700000.0003	2971.15
700000.0003	2380.82
700000.0003	1737.24
700000.0003	1066.8
700000.0003	365.375
700000.0003	0
700000.0003	0
700000.0003	0
700000.0003	0
700000.0003	0
700000.0003	0
700000.0003	0
700000.0003	0
700000.0003	0
700000.0003	0
700000.0003	0
700000.0003	0
700000.0003	0
700000.0003	0
700000.0003	0
700000.0003	0
700000.0003	0
700000.0003	0
700000.0003	0
700000.0003	0
700000.0003	0
700000.0003	0
700000.0003	0
700000.0003	0
700000.0003	0
700000.0003	0
700000.0003	0
700000.0003	0
700000.0003	0
700000.0003	0
700000.0003	0
700000.0003	0
700000.0003	0
700000.0003	0
700000.0003	0
700000.0003	0
700000.0003	0
700000.0003	0
700000.0003	0
700000.0003	0
700000.0003	0
700000.0003	0
700000.0003	0
700000.0003	0
700000.0003	0
700000.0003	0
700000.0003	0
700000.0003	0
700000.0003	0
700000.0003	0
700000.0003	0
700000.0003	0
700000.0003	0
700000.0003	0
700000.0003	0
700000.0003	0
700000.0003	0
700000.0003	0
700000.0003	0
700000.0003	0
700000.0003	0
700000.0003	0
700000.0003	0
700000.0003	0
700000.0003	0
700000.0003	0
700000.0003	0
700000.0003	0
700000.0003	0
700000.0003	0
700000.0003	0
700000.0003	0
700000.0003	0
700000.0003	0
700000.0003	0
700000.0003	0
700000.0003	0
700000.0003	0
700000.0003	0
700000.0003	0
700000.0003	0
700000.0003	0
700000.0003	0
700000.0003	0
700000.0003	0
700000.0003	0
700000.0003	0
700000.0003	0
700000.0003	0
700000.0003	0
700000.0003	0
700000.0003	0
700000.0003	0
700000.0003	0
700000.0003	0
700000.0003	0
700000.0003	0
700000.0003	0
700000.0003	0
700000.0003	0
700000.0003	-23.5823
700000.0003	-70.6459
700000.0003	-116.908
700000.0003	-162.833
700000.0003	-208.214
700000.0003	-251.508
700000.0003	-297.928
700000.0003	-340.607
700000.0003	-383.455
700000.0003	-425.101
700000.0003	-466.779
700000.0003	-509.573
700000.0003	-549.719
700000.0003	-583.911
700000.0003	-629.082
700000.0003	-668.521
700000.0003	-699.092
700000.0003	-742.059
700000.0003	-785.677
700000.0003	-813.175
700000.0003	-848.841
700000.0003	-883.553
700000.0003	-918.644
700000.0003	-960.358
700000.0003	-978.307
700000.0003	-1013.78
700000.0003	-1056.13
700000.0003	-1087.89
700000.0003	-1105.63
700000.0003	-1148.23
700000.0003	-1172.28
700000.0003	-1211.24
700000.0003	-1242.03
700000.0003	-1268.22
700000.0003	-1292.38
700000.0003	-1321.63
700000.0003	-1347.17
700000.0003	-1373.54
700000.0003	-1396.47
700000.0003	-1425.38
700000.0003	-1445.42
700000.0003	-1469.28
700000.0003	-1500.38
700000.0003	-1516.62
700000.0003	-1537.84
700000.0003	-1554.47
700000.0003	-1585.79
700000.0003	-1594.35
700000.0003	-1628.5
700000.0003	-1638.03
700000.0003	-1651.03
700000.0003	-1684.73
700000.0003	-1683.89
700000.0003	-1710.62
700000.0003	-1717.98
700000.0003	-1735.31
700000.0003	-1741.7
700000.0003	-1763.95
700000.0003	-1781.49
700000.0003	-1798.07
700000.0003	-1803.99
700000.0003	-1814.74
700000.0003	-1828.07
700000.0003	-1841.73
700000.0003	-1847.53
700000.0003	-1870.13
700000.0003	-1866.88
700000.0003	-1877.56
700000.0003	-1889.03
700000.0003	-1893.21
700000.0003	-1905.39
700000.0003	-1898.93
700000.0003	-1905.83
700000.0003	-1896.27
700000.0003	-1917.41
700000.0003	-1920.89
700000.0003	-1927.6
700000.0003	-1925.2
700000.0003	-1926.44
700000.0003	-1923.08
700000.0003	-1928.34
700000.0003	-1925.85
700000.0003	-1935.71
700000.0003	-1929.8
700000.0003	-1920.65
700000.0003	-1909.23
700000.0003	-1920.74
700000.0003	-1907.69
700000.0003	-1904.5
700000.0003	-1904.38
700000.0003	-1888.59
700000.0003	-1873.62
700000.0003	-1867.21
700000.0003	-1861.63
700000.0003	-1852.97
700000.0003	-1839.68
700000.0003	-1827.42
700000.0003	-1806.17
700000.0003	-1786.05
700000.0003	-1761.36
700000.0003	-1736.39
700000.0003	-1709.53
700000.0003	-1686.64
700000.0003	-1659.51
700000.0003	-1621.39
700000.0003	-1586.89
700000.0003	-1542.72
700000.0003	-1498.8
700000.0003	-1451.53
700000.0003	-1393.83
700000.0003	-1341.1
700000.0003	-1286.06
700000.0003	-1224.67
700000.0003	-1164.6
700000.0003	-1099.4
700000.0003	-1033.23
700000.0003	-970.37
700000.0003	-911.214
700000.0003	-848.282
700000.0003	-788.37
700000.0003	-731.082
700000.0003	-668.971
700000.0003	-616.641
700000.0003	-563.758
700000.0003	-511.107
700000.0003	-462.744
700000.0003	-418.242
700000.0003	-377.613
700000.0003	-338.304
700000.0003	-300.973
700000.0003	-266.824
700000.0003	-234.058
700000.0003	-203.423
700000.0003	-178.443
700000.0003	-155.457
700000.0003	-133.861
700000.0003	-115.062
700000.0003	-99.7407
700000.0003	-84.7633
700000.0003	-71.6389
700000.0003	-61.22
700000.0003	-51.6982
700000.0003	-43.9998
700000.0003	-37.3539
700000.0003	-31.5033
700000.0003	-26.4719
700000.0003	-22.1948
700000.0003	-18.6299
700000.0003	-15.7469
700000.0003	-13.0563
700000.0003	-10.8544
700000.0003	-9.09238
700000.0003	-7.62151
700000.0003	-6.06082
700000.0003	-4.87531
700000.0003	-3.71607
700000.0003	-2.79133
700000.0003	-1.91731
700000.0003	-1.12773
700000.0003	-0.370703
700000.0003	0
700000.0003	0
700000.0003	0
700000.0003	0
700000.0003	0
700000.0003	0
700000.0003	0
700000.0003	0
700000.0003	0
700000.0003	0
700000.0003	0
700000.0003	0
700000.0003	0
700000.0003	0
700000.0003	0
700000.0003	0
700000.0003	0
700000.0003	0
700000.0003	0
700000.0003	0
700000.0003	0
700000.0003	0
700000.0003	0
700000.0003	0
700000.0003	0
700000.0003	0
700000.0003	0
700000.0003	0
700000.0003	0
700000.0003	0
700000.0003	0
700000.0003	0
700000.0003	0
700000.0003	0
700000.0003	0
700000.0003	0
700000.0003	0
700000.0003	0
700000.0003	0
700000.0003	0
700000.0003	0
700000.0003	0
700000.0003	0
700000.0003	0
700000.0003	0
700000.0003	0
700000.0003	0
700000.0003	0
700000.0003	0
700000.0003	0
700000.0003	0
700000.0003	0
700000.0003	0
700000.0003	0
700000.0003	0
700000.0003	0
700000.0003	0
700000.0003	0
700000.0003	0
700000.0003	0
700000.0003	0
700000.0003	0
700000.0003	0
700000.0003	0
700000.0003	0
700000.0003	0
700000.0003	0
700000.0003	0
700000.0003	0
700000.0003	0
700000.0003	0
700000.0003	0
700000.0003	0
700000.0003	0
700000.0003	0
700000.0003	0
700000.0003	0
700000.0003	0
700000.0003	0
700000.0003	0
700000.0003	0
700000.0003	0
700000.0003	0
700000.0003	0
700000.0003	0
700000.0003	0
700000.0003	0
700000.0003	0
700000.0003	0
700000.0003	0
700000.0003	0
700000.0003	0
700000.0003	0
700000.0003	0
700000.0003	0
700000.0003	0
700000.0003	0
700000.0003	0
700000.0003	0
700000.0003	0
700000.0003	0.0308121
700000.0003	-0.600738
700000.0003	1.4975
700000.0003	1.34067
700000.0003	-0.67916
700000.0003	6.23549
700000.0003	-11.5476
700000.0003	-1.05425
700000.0003	-5.33453
700000.0003	1.92933
700000.0003	-14.4723
700000.0003	2.19489
700000.0003	1.80203
700000.0003	12.3548
700000.0003	9.94117
700000.0003	7.73272
700000.0003	9.98459
700000.0003	3.43757
700000.0003	15.3115
700000.0003	8.71596
700000.0003	20.3251
700000.0003	-9.56657
700000.0003	33.3167
700000.0003	-20.1657
700000.0003	28.8888
700000.0003	12.6656
700000.0003	36.8949
700000.0003	10.4052
700000.0003	15.9762
700000.0003	0.141628
700000.0003	10.2259
700000.0003	12.9243
700000.0003	20.4548
700000.0003	-17.5752
700000.0003	-0.629857
700000.0003	-4.56838
700000.0003	2.32383
700000.0003	2.74039
700000.0003	2.15469
700000.0003	-0.667819
700000.0003	0
700000.0003	0
700000.0003	0
700000.0003	0
700000.0003	0
700000.0003	0
700000.0003	0
700000.0003	0
700000.0003	0
700000.0003	0
700000.0003	0
700000.0003	0
700000.0003	0
700000.0003	0
700000.0003	0
700000.0003	0
700000.0003	0
700000.0003	0
700000.0003	0
700000.0003	0
700000.0003	0
700000.0003	0
700000.0003	0
700000.0003	0
700000.0003	0
700000.0003	0
700000.0003	0
700000.0003	0
700000.0003	0
700000.0003	0
700000.0003	0
700000.0003	0
700000.0003	0
700000.0003	0
700000.0003	0
700000.0003	0
700000.0003	0
700000.0003	0
700000.0003	0
700000.0003	0
700000.0003	0
700000.0003	0
700000.0003	0
700000.0003	0
700000.0003	0
700000.0003	0
700000.0003	0
700000.0003	0
700000.0003	0
700000.0003	0
700000.0003	0
700000.0003	0
700000.0003	0
700000.0003	0
700000.0003	0
700000.0003	0
700000.0003	0
700000.0003	0
700000.0003	0
700000.0003	0
700000.0003	0
700000.0003	0
700000.0003	0
700000.0003	0
700000.0003	0
700000.0003	0
700000.0003	0
700000.0003	0
700000.0003	0
700000.0003	0
700000.0003	0
700000.0003	0
700000.0003	0
700000.0003	0
700000.0003	0
700000.0003	0
700000.0003	0
700000.0003	0
700000.0003	0
700000.0003	0
700000.0003	0
700000.0003	0
700000.0003	0
700000.0003	0
700000.0003	0
700000.0003	0
700000.0003	0
700000.0003	0
700000.0003	0
700000.0003	0
700000.0003	0
700000.0003	0
700000.0003	0
700000.0003	0
700000.0003	0
700000.0003	0
700000.0003	0
700000.0003	0
700000.0003	0
700000.0003	0
700000.0003	0.040649
700000.0003	-0.0614653
700000.0003	0.225802
700000.0003	-0.408069
700000.0003	-0.302377
700000.0003	-0.0886787
700000.0003	-0.118338
700000.0003	-1.4346
700000.0003	0.235081
700000.0003	-1.03213
700000.0003	0.300889
700000.0003	0.113264
700000.0003	0.803658
700000.0003	-0.449197
700000.0003	0.292973
700000.0003	2.69032
700000.0003	1.08388
700000.0003	-1.99822
700000.0003	-3.27936
700000.0003	-0.108565
700000.0003	-3.072
700000.0003	1.97962
700000.0003	-1.91349
700000.0003	-0.0440606
700000.0003	-2.25006
700000.0003	0.823022
700000.0003	-0.513607
700000.0003	-1.39731
700000.0003	2.52367
700000.0003	1.56378
700000.0003	-2.18204
700000.0003	-6.06831
700000.0003	0.216848
700000.0003	-4.75043
700000.0003	-0.185153
700000.0003	-1.31006
700000.0003	-1.23053
700000.0003	-2.64892
700000.0003	0.843556
700000.0003	2.53339
700000.0003	-1.82226
700000.0003	1.87147
700000.0003	-2.93611
700000.0003	3.21223
700000.0003	1.3108
700000.0003	2.54632
700000.0003	5.74063
700000.0003	-1.67199
700000.0003	4.6001
700000.0003	-0.780048
700000.0003	-1.14531
700000.0003	-0.452381
700000.0003	-1.42829
700000.0003	-3.58476
700000.0003	1.58033
700000.0003	-4.26101
700000.0003	4.32361
700000.0003	-3.02467
700000.0003	0.351897
700000.0003	1.78492
700000.0003	2.56536
700000.0003	0.30431
700000.0003	-0.363903
700000.0003	3.20088
700000.0003	0.123469
700000.0003	-5.29951
700000.0003	3.17036
700000.0003	-1.24257
700000.0003	1.13883
700000.0003	-0.647287
700000.0003	0.82236
700000.0003	-3.61402
700000.0003	-6.13522
700000.0003	-0.919042
700000.0003	3.73374
700000.0003	-1.32989
700000.0003	-5.23143
700000.0003	3.70828
700000.0003	5.24864
700000.0003	0.433135
700000.0003	0.089008
700000.0003	-0.786367
700000.0003	-0.90498
700000.0003	3.91694
700000.0003	-0.916113
700000.0003	-0.564663
700000.0003	-0.948849
700000.0003	-1.81344
700000.0003	-1.7704
700000.0003	1.10147
700000.0003	-1.29595
700000.0003	8.55409
700000.0003	-3.74143
700000.0003	-0.337219
700000.0003	-2.5109
700000.0003	0.876767
700000.0003	-0.317399
700000.0003	-1.44839
700000.0003	-0.501831
700000.0003	0.307664
700000.0003	-0.725576
700000.0003	3.08906
700000.0003	0.211826
700000.0003	5.71242
700000.0003	-3.74903
700000.0003	-2.12122
700000.0003	1.52577
700000.0003	4.2834
700000.0003	1.1173
700000.0003	7.38147
700000.0003	-2.00686
700000.0003	0.922291
700000.0003	-3.53504
700000.0003	-1.17161
700000.0003	-1.91184
700000.0003	1.61883
700000.0003	1.77439
700000.0003	-1.66894
700000.0003	-2.16043
700000.0003	-2.32041
700000.0003	-0.582824
700000.0003	-0.245943
700000.0003	2.43224
700000.0003	-1.06108
700000.0003	0.329765
700000.0003	0.386739
700000.0003	-0.0844511
700000.0003	0.718446
700000.0003	0.244251
700000.0003	-0.977085
700000.0003	0.756172
700000.0003	0.275127
700000.0003	1.18652
700000.0003	0.585508
700000.0003	-0.43087
700000.0003	0.645813
700000.0003	-0.156005
700000.0003	0.109704
700000.0003	-0.386665
700000.0003	-0.555405
700000.0003	0.24922
700000.0003	-0.601859
700000.0003	0.154639
700000.0003	-0.0996706
700000.0003	0.0730061
700000.0003	0.129128
700000.0003	-0.175697
700000.0003	0.0316238
700000.0003	-0.107336
700000.0003	0.206455
700000.0003	-0.0613851
700000.0003	0.0822014
700000.0003	-0.0773931
700000.0003	-0.0355912
700000.0003	0.0258179
700000.0003	0.0675801
700000.0003	0.00690106
700000.0003	-0.0189543
700000.0003	-0.00232224
700000.0003	0.002909
700000.0003	0
700000.0003	0
700000.0003	0
700000.0003	0
700000.0003	0
700000.0003	0
700000.0003	0
700000.0003	0
700000.0003	0
700000.0003	0
700000.0003	0
700000.0003	0
700000.0003	0
700000.0003	0
700000.0003	0
700000.0003	0
700000.0003	0
700000.0003	0
700000.0003	0
700000.0003	0
700000.0003	0
700000.0003	0
700000.0003	0
700000.0003	0
700000.0003	0
700000.0003	0
700000.0003	0
700000.0003	0
700000.0003	0
700000.0003	0
700000.0003	0
700000.0003	0
700000.0003	0
700000.0003	0
700000.0003	0
700000.0003	0
700000.0003	0
700000.0003	0
700000.0003	0
700000.0003	0
700000.0003	0
700000.0003	0
700000.0003	0
700000.0003	0
700000.0003	0
700000.0003	0
700000.0003	0
700000.0003	0
700000.0003	0
700000.0003	0
700000.0003	0
700000.0003	0
700000.0003	0
700000.0003	0
700000.0003	0
700000.0003	0
700000.0003	0
700000.0003	0
700000.0003	0
700000.0003	0
700000.0003	0
700000.0003	0
700000.0003	0
700000.0003	0
700000.0003	0
700000.0003	0
700000.0003	0
700000.0003	0
700000.0003	0
700000.0003	0
700000.0003	0
700000.0003	0
700000.0003	0
700000.0003	0
700000.0003	0
700000.0003	0
700000.0003	0
700000.0003	0
700000.0003	0
700000.0003	0
700000.0003	0
700000.0003	0
700000.0003	0
700000.0003	0
700000.0003	0
700000.0003	0
700000.0003	0
700000.0003	0
700000.0003	0
700000.0003	0
700000.0003	0
700000.0003	0
700000.0003	0
700000.0003	0
700000.0003	0
700000.0003	0
700000.0003	0
700000.0003	0
700000.0003	0
700000.0003	0
