700000.0003	1469356
700000.0003	1467605
700000.0003	1470850
700000.0003	1478779
700000.0003	1487903
700000.0003	1490235
700000.0003	1475338
700000.0003	1449226
700000.0003	1417627
700000.0003	1394315
700000.0003	1385725
700000.0003	1387271
700000.0003	1376948
700000.0003	1344274
700000.0003	1272590
700000.0003	1164709
700000.0003	1034727
700000.0003	901467
700000.0003	777118
700000.0003	669114
700000.0003	575880
700000.0003	498321
700000.0003	429712
700000.0003	373243
700000.0003	328488
700000.0003	289403
700000.0003	259574
700000.0003	232618
700000.0003	210923
700000.0003	194119
700000.0003	179819
700000.0003	168613
700000.0003	158192
700000.0003	150006
700000.0003	143227
700000.0003	137331
700000.0003	133437
700000.0003	128922
700000.0003	125506
700000.0003	123694
700000.0003	121798
700000.0003	119747
700000.0003	118742
700000.0003	117901
700000.0003	116419
700000.0003	115329
700000.0003	113568
700000.0003	112815
700000.0003	111851
700000.0003	111539
700000.0003	111057
700000.0003	110022
700000.0003	109118
700000.0003	109017
700000.0003	108340
700000.0003	107545
700000.0003	107660
700000.0003	106282
700000.0003	106365
700000.0003	105717
700000.0003	105116
700000.0003	104789
700000.0003	104776
700000.0003	103977
700000.0003	104183
700000.0003	103279
700000.0003	103464
700000.0003	103148
700000.0003	102791
700000.0003	102314
700000.0003	102649
700000.0003	100876
700000.0003	101535
700000.0003	101337
700000.0003	101491
700000.0003	100767
700000.0003	100988
700000.0003	100609
700000.0003	100386
700000.0003	100551
700000.0003	100497
700000.0003	99835
700000.0003	99736
700000.0003	100072
700000.0003	99557
700000.0003	99070
700000.0003	98972
700000.0003	98554
700000.0003	99101
700000.0003	98918
700000.0003	98710
700000.0003	98608
700000.0003	98353
700000.0003	98842
700000.0003	98143
700000.0003	98234
700000.0003	97919
700000.0003	98441
700000.0003	97783
700000.0003	97997
700000.0003	97982
700000.0003	97927
700000.0003	97449
700000.0003	97671
700000.0003	97740
700000.0003	97758
700000.0003	97499
700000.0003	97255
700000.0003	97248
700000.0003	96805
700000.0003	96929
700000.0003	97500
700000.0003	96893
700000.0003	97162
700000.0003	96870
700000.0003	97033
700000.0003	96407
700000.0003	96896
700000.0003	96214
700000.0003	97025
700000.0003	97669
700000.0003	97516
700000.0003	97187
700000.0003	97141
700000.0003	97050
700000.0003	96429
700000.0003	96805
700000.0003	96791
700000.0003	96876
700000.0003	96547
700000.0003	96853
700000.0003	97199
700000.0003	97298
700000.0003	96735
700000.0003	96896
700000.0003	96553
700000.0003	96824
700000.0003	96201
700000.0003	97058
700000.0003	97315
700000.0003	96998
700000.0003	97017
700000.0003	97048
700000.0003	97049
700000.0003	97399
700000.0003	96983
700000.0003	97758
700000.0003	98387
700000.0003	97834
700000.0003	98527
700000.0003	98367
700000.0003	98878
700000.0003	99022
700000.0003	98962
700000.0003	99934
700000.0003	99863
700000.0003	99668
700000.0003	100566
700000.0003	101442
700000.0003	101410
700000.0003	101681
700000.0003	102642
700000.0003	102548
700000.0003	103912
700000.0003	103442
700000.0003	104033
700000.0003	105996
700000.0003	106068
700000.0003	106300
700000.0003	107677
700000.0003	108024
700000.0003	109447
700000.0003	110049
700000.0003	110775
700000.0003	111636
700000.0003	112311
700000.0003	113371
700000.0003	114358
700000.0003	115297
700000.0003	116575
700000.0003	117473
700000.0003	118485
700000.0003	120280
700000.0003	120604
700000.0003	121969
700000.0003	123189
700000.0003	125056
700000.0003	125664
700000.0003	127945
700000.0003	129064
700000.0003	130063
700000.0003	132394
700000.0003	132950
700000.0003	135347
700000.0003	136677
700000.0003	138777
700000.0003	139946
700000.0003	142137
700000.0003	144404
700000.0003	146578
700000.0003	148894
700000.0003	151081
700000.0003	153411
700000.0003	156026
700000.0003	158441
700000.0003	161832
700000.0003	164241
700000.0003	167065
700000.0003	169864
700000.0003	173360
700000.0003	176367
700000.0003	179302
700000.0003	183609
700000.0003	186590
700000.0003	191399
700000.0003	195416
700000.0003	199796
700000.0003	204808
700000.0003	209307
700000.0003	214463
700000.0003	221152
700000.0003	226393
700000.0003	233957
700000.0003	240704
700000.0003	247713
700000.0003	253790
700000.0003	264481
700000.0003	273358
700000.0003	283619
700000.0003	295104
700000.0003	307193
700000.0003	320103
700000.0003	335622
700000.0003	351798
700000.0003	370311
700000.0003	391116
700000.0003	413383
700000.0003	437881
700000.0003	464470
700000.0003	493090
700000.0003	525031
700000.0003	561127
700000.0003	601002
700000.0003	641106
700000.0003	685498
700000.0003	730583
700000.0003	778742
700000.0003	827132
700000.0003	875892
700000.0003	924286
700000.0003	971982
700000.0003	1019645
700000.0003	1063789
700000.0003	1105195
700000.0003	1140685
700000.0003	1172226
700000.0003	1202444
700000.0003	1229469
700000.0003	1253635
700000.0003	1276211
700000.0003	1295499
700000.0003	1310911
700000.0003	1326755
700000.0003	1340141
700000.0003	1350333
700000.0003	1362283
700000.0003	1373804
700000.0003	1384706
700000.0003	1389761
700000.0003	1397517
700000.0003	1405226
700000.0003	1410243
700000.0003	1411741
700000.0003	1419506
700000.0003	1425229
700000.0003	1430903
700000.0003	1432571
700000.0003	1434647
700000.0003	1436685
700000.0003	1439394
700000.0003	1442522
700000.0003	1443827
700000.0003	1448002
700000.0003	1448966
700000.0003	1451012
700000.0003	1450789
700000.0003	1453721
700000.0003	1450174
700000.0003	1454633
700000.0003	1455402
700000.0003	1457665
700000.0003	1455563
700000.0003	1458761
700000.0003	1456441
700000.0003	1457659
700000.0003	1456406
700000.0003	1456671
700000.0003	1459341
700000.0003	1459828
700000.0003	1461070
700000.0003	1458592
700000.0003	1458103
700000.0003	1459012
700000.0003	1457066
700000.0003	1457333
700000.0003	1461748
700000.0003	1459818
700000.0003	1461614
700000.0003	1460998
700000.0003	1456748
700000.0003	1458974
700000.0003	1461032
700000.0003	1457820
700000.0003	1462033
700000.0003	1462268
700000.0003	1460878
700000.0003	1462751
700000.0003	1457617
700000.0003	1460245
700000.0003	1459642
700000.0003	1462801
700000.0003	1463347
700000.0003	1461316
700000.0003	1462369
700000.0003	1461937
700000.0003	1461181
700000.0003	1462167
700000.0003	1460917
700000.0003	1461458
700000.0003	1465904
700000.0003	1465160
700000.0003	1461767
700000.0003	1462197
700000.0003	1462608
700000.0003	1464254
700000.0003	1463870
700000.0003	1462553
700000.0003	1464742
700000.0003	1466416
700000.0003	1466293
700000.0003	1462369
700000.0003	1463660
700000.0003	1465247
700000.0003	1467178
700000.0003	1465103
700000.0003	1464879
700000.0003	1467438
700000.0003	1466345
700000.0003	1467419
700000.0003	1465930
700000.0003	1465299
700000.0003	1468521
700000.0003	1468270
700000.0003	1468615
700000.0003	1467881
700000.0003	1467243
700000.0003	1467816
700000.0003	1469484
700000.0003	1469923
700000.0003	1469318
700000.0003	1469510
700000.0003	1470888
700000.0003	1471772
700000.0003	1467976
700000.0003	1469999
700000.0003	1471487
700000.0003	1474084
700000.0003	1471019
700000.0003	1473266
700000.0003	1471241
700000.0003	1473703
700000.0003	1471957
700000.0003	1473370
700000.0003	1474765
700000.0003	1474494
700000.0003	1478000
700000.0003	1474532
700000.0003	1473992
700000.0003	1474969
700000.0003	1476110
700000.0003	1477780
700000.0003	1479667
700000.0003	1480384
700000.0003	1479270
700000.0003	1478838
700000.0003	1474704
700000.0003	1478077
700000.0003	1480933
700000.0003	1482982
700000.0003	1487661
700000.0003	1485821
700000.0003	1481827
700000.0003	1479666
700000.0003	1476917
700000.0003	1478217
700000.0003	1483514
700000.0003	1489524
700000.0003	1492844
700000.0003	1491113
700000.0003	1480275
