700000.0003	1470052
700000.0003	1467689
700000.0003	1470068
700000.0003	1477810
700000.0003	1488034
700000.0003	1490920
700000.0003	1476069
700000.0003	1448738
700000.0003	1416778
700000.0003	1394157
700000.0003	1385834
700000.0003	1385103
700000.0003	1375927
700000.0003	1343587
700000.0003	1272615
700000.0003	1164546
700000.0003	1033383
700000.0003	899995
700000.0003	777135
700000.0003	666332
700000.0003	575647
700000.0003	497810
700000.0003	429645
700000.0003	375009
700000.0003	327898
700000.0003	290463
700000.0003	257827
700000.0003	231500
700000.0003	211636
700000.0003	194365
700000.0003	179318
700000.0003	167360
700000.0003	157756
700000.0003	150241
700000.0003	143521
700000.0003	137514
700000.0003	133032
700000.0003	128856
700000.0003	125811
700000.0003	123689
700000.0003	121534
700000.0003	120257
700000.0003	118642
700000.0003	117491
700000.0003	116233
700000.0003	115291
700000.0003	113855
700000.0003	113520
700000.0003	112599
700000.0003	110836
700000.0003	110831
700000.0003	109439
700000.0003	109397
700000.0003	109019
700000.0003	108085
700000.0003	108065
700000.0003	107350
700000.0003	106185
700000.0003	105691
700000.0003	105808
700000.0003	105252
700000.0003	105423
700000.0003	104245
700000.0003	103666
700000.0003	103678
700000.0003	103675
700000.0003	102976
700000.0003	103385
700000.0003	102297
700000.0003	102562
700000.0003	102024
700000.0003	102005
700000.0003	101005
700000.0003	101281
700000.0003	101005
700000.0003	101548
700000.0003	100802
700000.0003	100943
700000.0003	100951
700000.0003	100683
700000.0003	100216
700000.0003	99552
700000.0003	99754
700000.0003	99449
700000.0003	100217
700000.0003	99662
700000.0003	100006
700000.0003	99125
700000.0003	98927
700000.0003	99810
700000.0003	98529
700000.0003	98259
700000.0003	98488
700000.0003	97979
700000.0003	97722
700000.0003	98418
700000.0003	97647
700000.0003	98174
700000.0003	97680
700000.0003	98457
700000.0003	97873
700000.0003	97995
700000.0003	97909
700000.0003	97765
700000.0003	97822
700000.0003	97278
700000.0003	97812
700000.0003	97429
700000.0003	97107
700000.0003	97553
700000.0003	96838
700000.0003	97189
700000.0003	97147
700000.0003	97218
700000.0003	97254
700000.0003	97587
700000.0003	97145
700000.0003	97011
700000.0003	97187
700000.0003	97350
700000.0003	96466
700000.0003	97148
700000.0003	97075
700000.0003	97167
700000.0003	97233
700000.0003	97228
700000.0003	97317
700000.0003	96790
700000.0003	97156
700000.0003	96971
700000.0003	96685
700000.0003	97010
700000.0003	97319
700000.0003	97077
700000.0003	96745
700000.0003	96827
700000.0003	97122
700000.0003	97182
700000.0003	97009
700000.0003	96763
700000.0003	96884
700000.0003	96874
700000.0003	97071
700000.0003	97253
700000.0003	97345
700000.0003	97243
700000.0003	96930
700000.0003	98101
700000.0003	97466
700000.0003	98269
700000.0003	98389
700000.0003	99164
700000.0003	98493
700000.0003	99554
700000.0003	100059
700000.0003	100478
700000.0003	100549
700000.0003	100891
700000.0003	101445
700000.0003	101826
700000.0003	101499
700000.0003	103025
700000.0003	103163
700000.0003	103857
700000.0003	103601
700000.0003	104473
700000.0003	104984
700000.0003	106251
700000.0003	106261
700000.0003	107410
700000.0003	108315
700000.0003	109762
700000.0003	109942
700000.0003	109907
700000.0003	111473
700000.0003	112383
700000.0003	112965
700000.0003	113661
700000.0003	115257
700000.0003	116302
700000.0003	117496
700000.0003	118595
700000.0003	119556
700000.0003	120875
700000.0003	122165
700000.0003	122881
700000.0003	125078
700000.0003	125909
700000.0003	127302
700000.0003	128437
700000.0003	130291
700000.0003	131640
700000.0003	133371
700000.0003	135342
700000.0003	136743
700000.0003	139333
700000.0003	140699
700000.0003	142512
700000.0003	144554
700000.0003	146951
700000.0003	148885
700000.0003	150873
700000.0003	153724
700000.0003	156595
700000.0003	158104
700000.0003	160704
700000.0003	164277
700000.0003	166752
700000.0003	170370
700000.0003	172972
700000.0003	176304
700000.0003	179577
700000.0003	183083
700000.0003	187148
700000.0003	191484
700000.0003	195689
700000.0003	199228
700000.0003	204640
700000.0003	209999
700000.0003	214510
700000.0003	220717
700000.0003	226128
700000.0003	232541
700000.0003	240281
700000.0003	247387
700000.0003	256316
700000.0003	264435
700000.0003	273442
700000.0003	283227
700000.0003	295346
700000.0003	307330
700000.0003	320260
700000.0003	334994
700000.0003	352282
700000.0003	370700
700000.0003	390748
700000.0003	412466
700000.0003	436442
700000.0003	465388
700000.0003	494926
700000.0003	525412
700000.0003	562937
700000.0003	599888
700000.0003	642054
700000.0003	685756
700000.0003	729416
700000.0003	779991
700000.0003	827197
700000.0003	878016
700000.0003	926298
700000.0003	972119
700000.0003	1019930
700000.0003	1062095
700000.0003	1104264
700000.0003	1140294
700000.0003	1174690
700000.0003	1202944
700000.0003	1229927
700000.0003	1254321
700000.0003	1275561
700000.0003	1293416
700000.0003	1309749
700000.0003	1326990
700000.0003	1341028
700000.0003	1352409
700000.0003	1364376
700000.0003	1371475
700000.0003	1383280
700000.0003	1390731
700000.0003	1397014
700000.0003	1404689
700000.0003	1409057
700000.0003	1416435
700000.0003	1420252
700000.0003	1423682
700000.0003	1428805
700000.0003	1432287
700000.0003	1434808
700000.0003	1437491
700000.0003	1438698
700000.0003	1443031
700000.0003	1445378
700000.0003	1447413
700000.0003	1448588
700000.0003	1449696
700000.0003	1452347
700000.0003	1452686
700000.0003	1451636
700000.0003	1454841
700000.0003	1454118
700000.0003	1457661
700000.0003	1457670
700000.0003	1457146
700000.0003	1455430
700000.0003	1457514
700000.0003	1458871
700000.0003	1457706
700000.0003	1457495
700000.0003	1457855
700000.0003	1461356
700000.0003	1460206
700000.0003	1458466
700000.0003	1455253
700000.0003	1460318
700000.0003	1460070
700000.0003	1459448
700000.0003	1459009
700000.0003	1461901
700000.0003	1458927
700000.0003	1460325
700000.0003	1459241
700000.0003	1459355
700000.0003	1459485
700000.0003	1460898
700000.0003	1463020
700000.0003	1461359
700000.0003	1459084
700000.0003	1459179
700000.0003	1462422
700000.0003	1461864
700000.0003	1460023
700000.0003	1460485
700000.0003	1463492
700000.0003	1464495
700000.0003	1460225
700000.0003	1461136
700000.0003	1460735
700000.0003	1464588
700000.0003	1462991
700000.0003	1461444
700000.0003	1463908
700000.0003	1462186
700000.0003	1464434
700000.0003	1463747
700000.0003	1463030
700000.0003	1463635
700000.0003	1463877
700000.0003	1465119
700000.0003	1464685
700000.0003	1464647
700000.0003	1462890
700000.0003	1466011
700000.0003	1467074
700000.0003	1465482
700000.0003	1464923
700000.0003	1465310
700000.0003	1468578
700000.0003	1464034
700000.0003	1466637
700000.0003	1467462
700000.0003	1467162
700000.0003	1468144
700000.0003	1467385
700000.0003	1467075
700000.0003	1467720
700000.0003	1469946
700000.0003	1466502
700000.0003	1470685
700000.0003	1468207
700000.0003	1471663
700000.0003	1467756
700000.0003	1469455
700000.0003	1471263
700000.0003	1469971
700000.0003	1472940
700000.0003	1468668
700000.0003	1474365
700000.0003	1471405
700000.0003	1472498
700000.0003	1469531
700000.0003	1473850
700000.0003	1473846
700000.0003	1474330
700000.0003	1475158
700000.0003	1473459
700000.0003	1476781
700000.0003	1473326
700000.0003	1474943
700000.0003	1473619
700000.0003	1477876
700000.0003	1478396
700000.0003	1481085
700000.0003	1477648
700000.0003	1478198
700000.0003	1478416
700000.0003	1476047
700000.0003	1478053
700000.0003	1480384
700000.0003	1484502
700000.0003	1486242
700000.0003	1485130
700000.0003	1480860
700000.0003	1479453
700000.0003	1476910
700000.0003	1479722
700000.0003	1482541
700000.0003	1490046
700000.0003	1492352
700000.0003	1488357
700000.0003	1481983
