700000.0003	2963.27	2955.03	2955.9	2957.89	2958.84	2960.52	2959.84	2958.29	2952.37	2955.85	2954.5	2954.57	2957.94	2956.92	2960.24
700000.0003	1532.17	1533.09	1532.08	1530.24	1531.88	1537.47	1530.39	1533.87	1530.01	1531.93	1529.81	1529.47	1534.54	1533.88	1532.97
700000.0003	194.542	192.588	193.907	194.126	193.374	193.626	193.709	192.699	193.802	194.151	192.747	193.27	194.233	194.463	193.171
700000.0003	32.3468	31.9116	32.5864	32.1692	31.9442	31.8607	32.3158	31.8855	32.0913	32.1939	32.1826	32.1618	31.9361	31.709	32.8361
700000.0003	19.5482	19.3542	18.9881	19.7973	19.1361	19.1879	19.1387	19.0837	19.0689	19.2545	19.474	18.9881	19.5743	18.9213	19.2242
700000.0003	16.597	16.6631	16.3964	16.8349	16.6507	16.7934	16.5374	16.6877	16.1538	16.7535	17.1265	16.8671	16.4984	16.7374	16.7458
700000.0003	15.1074	15.1278	15.0347	15.2678	15.2154	15.4242	15.211	15.2033	15.3371	15.4635	15.3259	15.7695	15.669	15.5586	15.0775
700000.0003	14.4152	14.5489	14.5362	14.5407	14.4927	14.8481	14.8253	14.4949	14.5425	14.3562	14.6684	14.7173	14.8438	14.391	14.5555
700000.0003	14.1398	14.0921	13.8236	14.0052	14.3668	14.3116	14.1123	13.7435	14.0913	14.0663	14.2365	14.1209	14.2216	13.84	14.2557
700000.0003	13.8693	13.9268	13.448	13.8768	14.241	14.1487	13.4547	13.6585	13.6253	13.7399	13.6735	13.4336	13.7241	13.7878	13.4765
700000.0003	13.7022	13.5335	13.5914	13.6352	13.618	13.521	13.3177	13.5367	13.3377	13.5155	13.2349	13.4569	13.7111	13.3781	13.9566
700000.0003	13.5824	13.0515	13.1905	13.2505	13.3059	13.4826	13.6065	13.1487	13.6015	13.1356	13.0803	13.3637	13.4377	13.4507	13.1957
700000.0003	13.4138	13.5944	13.0113	13.0795	13.4546	13.2323	13.4324	13.0108	13.0831	13.3617	13.1437	12.8438	13.138	13.1396	13.2507
700000.0003	13.2501	12.951	13.5369	13.2028	13.194	13.2139	13.4129	13.4865	13.4019	13.6329	13.3701	12.9792	13.1628	13.5697	12.9925
700000.0003	13.9079	13.4501	13.2917	13.3382	13.4745	13.1687	13.4816	13.7462	13.4799	13.3468	13.3728	12.9799	13.1871	13.6325	13.1272
700000.0003	14.0427	13.8514	13.9572	13.8534	14.3712	13.819	14.0234	14.1707	13.9262	13.9823	13.8099	13.95	14.337	13.853	13.8991
700000.0003	15.0405	15.386	14.7595	15.0936	15.2783	15.2405	15.0251	15.4356	15.0622	15.2417	15.2098	15.1762	15.2862	15.02	15.2731
700000.0003	17.2776	16.8516	16.9577	16.9004	17.096	16.8054	16.6376	17.0046	16.7882	16.9784	16.681	16.8719	17.1145	17.2453	17.1041
700000.0003	19.6431	19.8814	19.6255	19.6985	19.9508	19.8689	20.0463	20.1281	19.6833	19.4986	19.5017	19.7657	19.8433	20.1657	19.8023
700000.0003	23.8498	24.2379	24.4363	24.1579	24.1188	24.2442	24.4127	24.013	24.3307	24.3196	24.095	23.9386	24.2069	23.7057	23.9794
700000.0003	30.715	31.1171	30.2212	30.7125	30.9542	30.9397	30.9552	30.5006	31.1261	30.2267	30.7298	30.7797	30.8796	30.6378	30.6966
700000.0003	42.0173	42.4383	41.9178	42.048	41.8829	42.0743	42.6631	41.9304	42.4206	42.4374	41.8445	42.2891	42.0028	41.4084	42.1502
700000.0003	67.9612	67.6375	67.5592	67.7074	67.4969	67.4284	67.6406	66.9854	68.0738	67.4847	67.741	67.2056	67.8404	67.5584	67.678
700000.0003	155.392	154.987	155.829	155.398	155.922	155.869	156.805	155.515	155.823	156.232	155.783	155.737	155.939	155.607	155.254
700000.0003	516.676	515.866	515.001	515.807	517.54	516.417	517.311	516.387	516.42	517.995	518.097	518.368	517.505	516.559	516.4
700000.0003	1363.16	1362.48	1361.89	1360.06	1361.31	1360.15	1361.99	1362.77	1363.24	1362.67	1366.69	1364.55	1365.25	1361.94	1363.16
700000.0003	2202.15	2199.25	2200.41	2201.39	2201.12	2200.08	2199.78	2203.18	2202.6	2202.84	2205.47	2205.39	2202.75	2202.68	2202.7
700000.0003	2642.67	2642.32	2639.92	2639.04	2642.46	2639.26	2640.75	2643.71	2643.65	2644.85	2642.23	2642.12	2646.16	2642.52	2642.5
700000.0003	2789.02	2787.88	2788.18	2787.28	2788.89	2785.71	2787.31	2792.21	2789.2	2788.6	2786	2790.1	2792.88	2788.25	2788.7
700000.0003	2836.6	2834.26	2834.56	2833.69	2838.48	2833.11	2833.32	2836.69	2836.05	2835.43	2836.34	2836.4	2837.96	2836.36	2836.32
700000.0003	2863.24	2862.88	2866.73	2865.03	2864.3	2865.55	2864.72	2865.14	2863.33	2866.39	2866.47	2864.47	2863.94	2868.38	2867.22
700000.0003	2887.77	2892.55	2895.7	2896.2	2888.01	2891.5	2894.59	2894.26	2890.2	2891.01	2891.94	2892.61	2892.17	2894.17	2893.96
700000.0003	2918.56	2917.36	2919.16	2923.04	2919.19	2917.7	2920.59	2919.78	2918.3	2917.9	2921.89	2917.97	2916.33	2920.42	2925.55
700000.0003	2947.38	2946.43	2950.28	2949.06	2945.19	2943.07	2948.63	2948.12	2943.51	2943.35	2947.04	2946.71	2945.52	2947.13	2948.6
700000.0003	2974.48	2973.59	2977.13	2973.96	2973.18	2972.93	2973.49	2969.4	2973.49	2972.3	2972.87	2973.51	2971.56	2973.52	2975.6
700000.0003	3000.78	3003.8	3001.07	2998.35	3001.81	3003.36	2997.48	2998.29	2998.95	3002.33	2996.49	2995.26	3000.53	3002.22	3000.01
700000.0003	3026.95	3033.16	3029.73	3024.85	3025.5	3033.3	3024.36	3021.57	3026.6	3025.59	3020.91	3024.48	3028.79	3029.69	3022.73
700000.0003	3053.65	3060.27	3053.8	3049.11	3053.85	3056.71	3052.25	3047.47	3052.03	3054.94	3048.45	3045.34	3052.16	3056.8	3050.69
700000.0003	3079.56	3078.97	3082.29	3074.87	3080.19	3077.64	3079.72	3075.42	3076.32	3075.13	3073.5	3075.6	3076.12	3079.78	3076.25
700000.0003	3100.22	3096.66	3094.62	3096.82	3097.58	3097.92	3096.01	3096.36	3092.76	3095.19	3091.34	3094.03	3093.86	3095.64	3098.07
700000.0003	-0.456854	1.62683	0.8747	0.843215	0.943782	0.625295	-0.486829	0.885958	-0.494655	-0.894271	0.851889	1.50397	0.298243	0.152443	0.10429
700000.0003	-0.465977	0.00535517	-0.39163	-0.312418	0.220966	0.17412	-0.174977	-0.256904	0.674705	-0.762357	-0.413216	-0.337509	-0.546219	0.79374	0.474965
700000.0003	0.378294	-0.383679	-0.184946	-0.336976	0.128185	-0.117756	-0.10004	-0.484315	0.0424623	0.0921435	0.052963	-0.224812	-0.0455675	-0.13103	-0.576813
700000.0003	0.0737548	0.0906629	-0.213286	-0.256373	-0.290681	0.158351	0.110755	-0.0420376	0.0982655	-0.0858274	-0.084513	-0.261907	0.0539079	0.237302	-0.113876
700000.0003	0.0937166	0.057731	0.0719521	0.278766	0.0681075	-0.0470092	-0.0411816	0.0838869	-0.0168056	0.174686	-0.01115	0.2352	0.0232979	-0.0198164	0.0206507
700000.0003	-0.128897	0.198654	-0.0138175	0.200241	0.1576	0.0202303	0.0684799	0.0687938	0.083974	0.0219669	-0.198995	-0.0130105	0.176495	0.0765416	-0.202173
700000.0003	0.110552	-0.0412931	-0.0290681	0.0602492	0.0685432	-0.0275715	0.123231	0.128151	-0.136988	0.0196568	0.0229429	0.0620833	0.0824401	0.0100046	0.0567651
700000.0003	0.00117978	-0.130467	0.094995	-0.0924873	0.0104407	-0.0476963	-0.111843	-0.0287907	0.116274	0.139005	-0.12294	0.0690701	-0.146994	0.0833334	0.0418796
700000.0003	-0.0717434	0.0101164	-0.0862753	0.225495	0.224787	-0.133418	-0.0418239	-0.131122	0.112993	0.104797	-0.00666666	0.0628259	0.00824205	-0.0294442	-0.00741767
700000.0003	-0.183744	-0.00703563	0.00895445	-0.0616368	0.0131781	-0.112393	0.0361885	-0.158026	0.0614327	0.05937	0.00140323	-0.010113	0.0253279	0.178648	0.191007
700000.0003	0.227097	-0.089026	-0.116824	0.0635286	-0.0193349	-0.0495226	0.0783805	-0.0471508	-0.0345977	-0.0290314	-0.041521	-0.124424	0.0165341	0.167896	0.150235
700000.0003	-0.090826	0.0840459	0.00133496	0.094751	0.00700389	0.0646394	-0.142926	0.0183209	0.053479	0.0236539	0.182404	-0.0193554	0.0321293	-0.0979952	0.0107275
700000.0003	-0.0662792	-0.203201	-0.112639	-0.0467833	0.128899	-0.0603229	0.0511966	-0.118992	0.021107	0.00367299	0.0372567	-0.128972	0.0155564	0.0017765	-0.0883879
700000.0003	-0.121819	0.0300868	0.150207	-0.0147551	-0.0559392	-0.136104	0.0324615	0.0086089	-0.0703441	-0.0212291	0.0254298	-0.0789078	-0.151796	0.200487	0.117941
700000.0003	0.174166	-0.19281	-0.0672475	0.0622323	0.128756	0.0947989	0.135866	-0.133861	-0.209293	-0.174141	0.0619652	-0.0547832	-0.0602793	0.0761332	0.178295
700000.0003	-0.0219361	0.0252145	0.0943223	0.176101	-0.0192549	-0.123943	0.051901	-0.0188408	-0.16621	-0.0604359	0.00418791	0.0362503	0.0310171	-0.181231	-0.0991426
700000.0003	-0.119053	-0.113302	-0.0247149	-0.237435	-0.00825267	-0.0554212	0.066626	-0.0153566	0.0572571	-0.291473	-0.116651	-0.0469834	-0.0125179	-0.14778	-0.0140844
700000.0003	-0.201445	0.0189687	-0.205225	0.0385221	-0.00218504	-0.0631288	-0.0216435	-0.0374993	0.0441531	0.0967249	0.0517254	0.140462	0.0984048	0.13279	-0.0135999
700000.0003	-0.0709578	0.170533	-0.122729	-0.116742	0.0488013	-0.0307588	0.0438419	0.0528413	0.106628	0.0471941	-0.095891	-0.108937	0.314263	-0.0632217	-0.0602955
700000.0003	-0.0196718	-0.0128305	0.207791	-0.0904522	-0.127382	0.159719	0.00659844	-0.119485	-0.0527625	-0.244575	0.0997529	0.0716122	-0.221287	-0.0500716	-0.00814454
700000.0003	-0.0557081	-0.371084	0.0830467	0.261565	-0.112501	-0.307838	-0.0328862	-0.117791	0.218549	0.216226	-0.121432	-0.0513791	-0.112458	-0.0410848	-0.184897
700000.0003	-0.258379	0.197164	0.126996	0.070989	-0.452285	0.164404	0.0274482	0.125919	0.0994852	-0.143498	0.0335445	-0.218978	-0.266618	0.0482092	0.122744
700000.0003	-0.25426	-0.662451	0.107318	0.0555527	0.17017	0.326178	0.157555	-0.110467	0.0590136	-0.140242	0.247264	-0.11596	0.00212815	-0.0258829	-0.412089
700000.0003	-0.049778	0.0910651	-0.183683	-0.164357	0.337516	-0.0799123	0.190863	-0.11575	0.483749	-0.350348	-0.408043	0.619203	0.110344	-0.280405	0.122767
700000.0003	0.368653	-0.253606	0.307852	-0.424095	-0.172661	-0.280856	-0.247279	-0.334145	-0.780509	-0.685498	0.590995	0.17966	-0.818863	0.0647406	-0.64151
700000.0003	-0.873669	0.738362	0.0871845	-0.0567748	1.17429	-0.897208	0.198989	0.231863	0.0507898	-0.461853	0.293676	-0.395762	-1.09223	-0.00908653	-0.749958
700000.0003	0.280456	-0.418682	-0.239723	0.787622	-0.794418	1.51132	-1.61759	0.839416	0.313699	-0.400445	-0.127236	0.909838	0.110007	-0.0461421	-0.648553
700000.0003	0.836461	-0.637902	-0.182877	0.0519752	1.80009	-0.165043	-0.129399	-1.51809	0.302988	0.609451	0.18267	0.00949349	0.170899	0.448086	0.896338
700000.0003	-0.218462	-0.052716	1.02945	0.142056	0.0881514	-1.40341	-1.27102	-0.487761	0.821231	0.385085	0.426344	-0.746104	-0.0172301	0.117424	0.572377
700000.0003	0.36196	0.52555	1.00225	-0.260017	-0.973642	-0.0723707	-1.20637	-0.48656	0.106167	0.187739	-0.795981	-1.31046	0.184213	0.798857	-0.414915
700000.0003	1.31067	0.685113	-0.498675	-1.17119	-0.0965458	-0.374585	-1.49999	-0.790586	-0.729861	-1.19358	-0.143226	-0.275127	0.132592	-0.205541	-0.327685
700000.0003	-0.201423	-0.109815	-0.0689196	0.0286424	-1.37511	-1.89513	-1.14442	-1.17509	-1.29779	-0.282941	-0.11413	-0.5287	-0.236568	1.81254	1.75416
700000.0003	1.13224	0.86261	-0.137993	-0.99349	-0.960726	-0.492616	-1.21549	-1.43249	-0.980168	0.410455	0.39947	0.225902	-0.0852811	0.545628	1.35771
700000.0003	0.898177	0.610122	-0.443335	-0.240711	0.352019	-0.932749	-1.24125	-0.573811	-0.0879467	-0.61222	-0.60261	1.03666	0.720004	1.46756	0.866974
700000.0003	1.90339	0.0619243	-0.639008	0.14567	-0.188393	-2.19923	-1.03575	-0.503939	-0.0485822	-1.15495	0.799744	0.297775	1.06744	-0.211636	0.89292
700000.0003	0.592695	-0.109805	-0.395293	-0.301937	-0.164938	-0.50036	-0.526601	-0.825244	-1.13835	-0.993872	0.11623	0.661404	0.763146	0.232139	0.530698
700000.0003	-0.481543	-0.694217	0.293782	0.635558	-0.329132	0.252737	-0.931642	-1.73421	-1.33286	-0.310243	-0.574232	0.12556	1.94947	1.59596	-0.229558
700000.0003	-0.181023	-0.0605005	0.0580568	-0.434564	-0.348658	0.535763	-0.360355	-1.50603	-1.85468	0.369612	0.431031	0.551399	0.786076	0.991926	0.275737
700000.0003	-1.02649	-0.931293	-0.200995	0.915263	0.508501	-1.28764	-1.18882	-1.07094	-0.758085	-0.143398	-0.467794	1.671	1.16711	1.4906	1.14874
700000.0003	0.00229562	-1.21055	1.18417	1.67503	0.611704	0.242705	-0.13218	-2.42515	-0.767629	0.179388	-0.344427	1.43755	1.90249	-0.25831	0.668917
700000.0003	2912.16	2911.18	2909.02	2915.49	2913.11	2914.26	2915.55	2911.54	2907.65	2908.76	2907.87	2910.32	2909.97	2912.73	2915
700000.0003	1603.55	1605.35	1603.84	1603.2	1603.72	1605.47	1602.78	1605.87	1604.41	1601.7	1600.47	1600.53	1606.29	1606.54	1606.1
700000.0003	173.005	173.467	173.502	174.645	174.329	173.621	173.679	173.807	173.506	173.916	172.519	173.417	174.105	174.243	171.844
700000.0003	28.6887	27.5482	29.0748	28.1701	28.4697	28.3179	27.9315	28.026	28.348	27.7877	28.3648	28.4287	27.8984	28.1055	28.7912
700000.0003	18.2636	18.163	18.09	18.6034	18.2773	18.0949	18.2563	17.8318	18.1672	18.0949	18.4415	18.5548	18.3594	17.8089	18.2154
700000.0003	15.8569	16.2168	16.2609	15.9933	16.0495	15.9194	16.2643	15.8242	16.0312	16.439	16.2599	16.5199	15.6638	15.894	16.2683
700000.0003	14.8153	14.5062	14.8394	14.8233	14.7503	14.9444	14.7182	14.7186	14.8621	15.2011	14.8283	15.2209	15.534	15.0461	14.6464
700000.0003	14.6258	14.0605	14.0758	14.4251	14.5026	14.3699	14.5049	14.3633	14.4517	14.2202	14.063	14.5035	14.5363	14.4267	14.3626
700000.0003	14.0701	14.1563	13.7191	14.1342	14.4952	14.2752	13.7923	13.7447	13.9291	13.6096	14.075	13.9305	13.9273	14.1499	14.0495
700000.0003	13.6298	13.6352	13.4308	13.4478	13.9421	13.6943	13.6091	13.4434	13.9175	13.8135	13.6519	13.6602	13.6785	13.5648	13.6015
700000.0003	13.5236	13.7098	13.3922	13.0977	13.6578	13.3065	13.513	13.5769	13.4158	13.7076	13.3174	13.2175	13.3977	13.4507	13.798
700000.0003	13.4906	13.3371	13.0087	13.4716	12.9234	13.0803	13.4918	13.6311	13.2141	12.8848	13.1708	13.3448	13.4186	13.2566	13.0966
700000.0003	13.406	13.3118	13.2673	13.2174	13.4006	13.094	13.3291	13.2984	13.0295	13.3111	13.2851	13.3378	12.9219	13.1141	13.5227
700000.0003	13.3659	13.1218	13.2005	13.2991	13.2901	13.1159	13.2134	13.0204	13.3225	13.4289	13.3765	13.2629	12.8953	13.2471	13.1645
700000.0003	13.6124	13.1412	13.2145	13.0386	13.5111	13.1483	13.3283	13.5935	13.3376	13.4204	13.5857	13.2002	13.3297	13.3035	13.1242
700000.0003	13.8737	14.0082	13.9903	14.1339	14.316	13.9791	14.1853	14.0956	13.8965	13.9997	14.0344	13.8045	13.9793	13.9823	13.964
700000.0003	15.016	15.244	15.3327	15.2831	15.2012	15.1546	15.1009	15.2517	14.8965	15.0076	15.0137	15.008	15.011	14.9679	15.1774
700000.0003	16.9892	17.0301	16.5365	16.7136	17.2949	17.0561	16.6264	16.4222	17.0062	16.6982	16.6735	16.7421	16.9259	16.7824	17.0131
700000.0003	19.7913	19.6436	19.6615	19.4379	19.3836	19.751	19.913	19.5862	19.3303	19.4067	19.5135	19.1425	19.8681	19.8208	20.0907
700000.0003	23.9827	23.8444	24.2105	23.6529	23.765	24.0748	24.126	23.9634	24.0929	23.9506	24.1806	23.8074	23.8786	23.6175	23.9055
700000.0003	30.3881	30.6392	30.391	30.0894	31.1733	30.7107	30.5011	30.7036	30.332	30.0322	30.7568	30.4414	30.1076	30.2478	30.6258
700000.0003	41.5045	42.0356	41.7914	41.7647	41.924	41.3108	42.0521	41.4538	42.1786	41.8858	41.6978	41.959	41.9798	41.4294	41.6348
700000.0003	66.68	66.7216	66.1153	66.101	66.5945	66.5373	66.264	65.8935	66.4667	66.7986	66.9426	66.0162	66.1089	66.8442	66.5789
700000.0003	153.07	153.884	152.197	153.301	153.115	153.345	152.584	152.679	152.93	152.797	153.238	153.193	153.044	153.384	152.368
700000.0003	521.693	521.216	521.246	519.287	522.107	520.957	521.482	521.198	521.463	521.656	522.175	523.044	521.755	521.744	521.3
700000.0003	1363.71	1362	1361.64	1362.34	1362.14	1360.59	1363.73	1364.23	1363.13	1366.13	1366.67	1367.2	1366.77	1365	1363.03
700000.0003	2154.62	2151.44	2150.77	2154.09	2153.05	2153.45	2153.84	2155.55	2156.96	2156.75	2156.91	2156.57	2156.28	2156.68	2155.04
700000.0003	2584.37	2585.01	2582.81	2581.7	2585.18	2586.91	2586.03	2587.23	2585.94	2587.34	2587.82	2586.71	2589.27	2587.67	2584.69
700000.0003	2779.88	2777.69	2780.94	2780.6	2779.43	2781.43	2780.42	2782.38	2779.91	2780.12	2779.71	2780.77	2780.89	2778.27	2781
700000.0003	2868.28	2867.97	2867.28	2867.39	2869.33	2867.65	2868.19	2866.5	2868.19	2866.85	2868.64	2867.14	2868.27	2866.25	2867.71
700000.0003	2907.51	2907.24	2905.91	2905.12	2909.29	2909.48	2906.47	2907.84	2911.04	2907.4	2906.62	2908.07	2907.41	2908.84	2907.09
700000.0003	2931.38	2934.85	2934.41	2934.87	2933.46	2934.12	2933.25	2934.93	2933.36	2933.99	2932.44	2935.35	2933.81	2933.73	2931.58
700000.0003	2955.02	2956.04	2955.21	2956.09	2956.44	2954.91	2957.45	2954.7	2955.61	2954.35	2956.38	2954.83	2951.74	2954.6	2955.01
700000.0003	2974.98	2972.85	2975.28	2975.27	2974.94	2973.88	2975.75	2975.31	2972.8	2976.64	2974.66	2974.22	2972.89	2973.52	2976.03
700000.0003	2991.4	2991.85	2992.72	2991.63	2989.32	2991.51	2991.4	2992.27	2993.2	2991.77	2992.15	2993.86	2993.21	2991.34	2992.09
700000.0003	3009.06	3009.05	3008.7	3010.48	3011.67	3006.51	3008.31	3010.21	3009.54	3008.86	3009.9	3007.59	3009.05	3008.28	3009.51
700000.0003	3026.52	3024.6	3025.48	3027.83	3024.55	3027.58	3025.86	3025.26	3026.03	3023.67	3027.38	3026.74	3024.81	3024.27	3024.8
700000.0003	3045.02	3044.42	3045.47	3043.11	3045.04	3044.92	3045.44	3044.2	3044.34	3046.58	3045.93	3042.08	3044.25	3044.33	3043.68
700000.0003	3068.43	3071.14	3071.35	3068.21	3069.05	3067.58	3068.65	3068.8	3068.73	3068.89	3067.44	3066.13	3070.48	3067.15	3068.82
700000.0003	3084.18	3084.6	3084.11	3083.3	3085.06	3085.05	3082.08	3081.07	3080.44	3081.91	3079.89	3081.22	3081.29	3082.32	3081.41
