700000.0003	65.2735
700000.0003	115.674
700000.0003	194.433
700000.0003	312.813
700000.0003	481.059
700000.0003	702.075
700000.0003	962.393
700000.0003	1258.3
700000.0003	1590.94
700000.0003	1966.48
700000.0003	2393.03
700000.0003	2857.02
700000.0003	3302.29
700000.0003	3648.47
700000.0003	3808.52
700000.0003	3732.48
700000.0003	3452.19
700000.0003	3044.43
700000.0003	2591.65
700000.0003	2132.73
700000.0003	1730.04
700000.0003	1368.03
700000.0003	1056.31
700000.0003	811.066
700000.0003	612.029
700000.0003	461.885
700000.0003	345.965
700000.0003	261.366
700000.0003	199.84
700000.0003	152.253
700000.0003	117.315
700000.0003	89.6952
700000.0003	68.7191
700000.0003	56.238
700000.0003	42.8542
700000.0003	35.0002
700000.0003	24.9662
700000.0003	21.5317
700000.0003	17.3997
700000.0003	14.9104
700000.0003	11.3563
700000.0003	9.5606
700000.0003	7.88992
700000.0003	7.56343
700000.0003	6.41911
700000.0003	4.52675
700000.0003	4.61162
700000.0003	4.47242
700000.0003	3.18246
700000.0003	3.44492
700000.0003	3.76934
700000.0003	3.25684
700000.0003	3.04356
700000.0003	2.5336
700000.0003	3.49184
700000.0003	3.0261
700000.0003	1.5776
700000.0003	1.2633
700000.0003	1.69826
700000.0003	1.31655
700000.0003	1.55207
700000.0003	3.02453
700000.0003	2.56786
700000.0003	2.13648
700000.0003	1.36074
700000.0003	1.62054
700000.0003	2.58008
700000.0003	1.06404
700000.0003	0.604884
700000.0003	1.15122
700000.0003	0.323546
700000.0003	0.666722
700000.0003	-0.232601
700000.0003	1.75738
700000.0003	0.820389
700000.0003	0.874319
700000.0003	0.840224
700000.0003	1.13819
700000.0003	1.64654
700000.0003	0.305235
700000.0003	0.28269
700000.0003	0.64981
700000.0003	0.737992
700000.0003	0.941922
700000.0003	1.09688
700000.0003	0.386669
700000.0003	-0.150764
700000.0003	0.0441117
700000.0003	0.668686
700000.0003	0.633879
700000.0003	1.01749
700000.0003	0.806139
700000.0003	0.328222
700000.0003	0.848848
700000.0003	-0.147656
700000.0003	1.23135
700000.0003	0.387542
700000.0003	-0.923619
700000.0003	0.91016
700000.0003	0.0446562
700000.0003	0.421151
700000.0003	-0.248479
700000.0003	0.342148
700000.0003	0.956935
700000.0003	0.516796
700000.0003	0.142218
700000.0003	0.249489
700000.0003	0.0123575
700000.0003	-0.0529076
700000.0003	0.705941
700000.0003	-0.73154
700000.0003	0.11069
700000.0003	0.717931
700000.0003	0.663851
700000.0003	0.428017
700000.0003	1.04372
700000.0003	0.791102
700000.0003	0.883859
700000.0003	0.254426
700000.0003	0.0248518
700000.0003	-0.462691
700000.0003	0.516556
700000.0003	-0.131342
700000.0003	0.0441742
700000.0003	-0.557152
700000.0003	0.0776276
700000.0003	-1.36593
700000.0003	-0.240129
700000.0003	-0.305113
700000.0003	0.223069
700000.0003	-0.907942
700000.0003	0.723248
700000.0003	0.436411
700000.0003	0.740713
700000.0003	-0.16805
700000.0003	-0.606925
700000.0003	0.363159
700000.0003	-0.555842
700000.0003	-0.131082
700000.0003	0.393197
700000.0003	-0.943385
700000.0003	1.05628
700000.0003	-1.68178
700000.0003	-0.0956841
700000.0003	-0.401357
700000.0003	-0.384107
700000.0003	0.397333
700000.0003	-0.436366
700000.0003	0.341473
700000.0003	-1.47529
700000.0003	-2.20309
700000.0003	-0.430898
700000.0003	-1.48506
700000.0003	-1.28668
700000.0003	-1.39527
700000.0003	-1.33246
700000.0003	-1.73015
700000.0003	-1.0603
700000.0003	-1.94758
700000.0003	-0.45546
700000.0003	-1.31611
700000.0003	-2.16564
700000.0003	-1.268
700000.0003	-3.13635
700000.0003	-3.23627
700000.0003	-1.97508
700000.0003	-3.21369
700000.0003	-3.70754
700000.0003	-2.22811
700000.0003	-2.32783
700000.0003	-1.46087
700000.0003	-2.21631
700000.0003	-3.046
700000.0003	-3.1433
700000.0003	-2.54594
700000.0003	-3.52068
700000.0003	-3.49938
700000.0003	-3.84486
700000.0003	-3.80274
700000.0003	-4.68929
700000.0003	-2.71013
700000.0003	-4.16073
700000.0003	-6.07709
700000.0003	-5.83388
700000.0003	-4.76791
700000.0003	-5.81641
700000.0003	-5.71859
700000.0003	-6.68741
700000.0003	-6.01482
700000.0003	-6.28803
700000.0003	-5.03705
700000.0003	-6.37312
700000.0003	-7.39406
700000.0003	-7.34324
700000.0003	-8.43693
700000.0003	-7.75311
700000.0003	-8.21751
700000.0003	-8.66652
700000.0003	-8.92775
700000.0003	-9.25944
700000.0003	-10.2328
700000.0003	-10.3595
700000.0003	-10.2913
700000.0003	-11.5812
700000.0003	-12.1392
700000.0003	-12.7669
700000.0003	-13.6965
700000.0003	-13.4286
700000.0003	-13.8251
700000.0003	-15.7623
700000.0003	-16.6985
700000.0003	-18.386
700000.0003	-18.2108
700000.0003	-21.3346
700000.0003	-22.1343
700000.0003	-23.9817
700000.0003	-24.8693
700000.0003	-26.8737
700000.0003	-30.5786
700000.0003	-34.2648
700000.0003	-35.3799
700000.0003	-38.6649
700000.0003	-43.8469
700000.0003	-47.5128
700000.0003	-54.5085
700000.0003	-60.2893
700000.0003	-68.695
700000.0003	-77.8909
700000.0003	-89.2939
700000.0003	-100.529
700000.0003	-116.314
700000.0003	-135.391
700000.0003	-157.194
700000.0003	-183.659
700000.0003	-212.716
700000.0003	-247.353
700000.0003	-287.91
700000.0003	-337.082
700000.0003	-391.347
700000.0003	-455.147
700000.0003	-523.173
700000.0003	-601.401
700000.0003	-680.857
700000.0003	-775.707
700000.0003	-870.512
700000.0003	-967.528
700000.0003	-1066.38
700000.0003	-1157.48
700000.0003	-1251.28
700000.0003	-1329.46
700000.0003	-1391.51
700000.0003	-1451.97
700000.0003	-1489.97
700000.0003	-1510.32
700000.0003	-1510.09
700000.0003	-1501.81
700000.0003	-1474.37
700000.0003	-1434.55
700000.0003	-1390.88
700000.0003	-1329.8
700000.0003	-1272.23
700000.0003	-1206.74
700000.0003	-1145.54
700000.0003	-1072.87
700000.0003	-1005.43
700000.0003	-935.075
700000.0003	-866.068
700000.0003	-800.142
700000.0003	-736.908
700000.0003	-673.942
700000.0003	-611.949
700000.0003	-550.952
700000.0003	-495.488
700000.0003	-444.38
700000.0003	-392.663
700000.0003	-346.868
700000.0003	-305.217
700000.0003	-269.387
700000.0003	-232.487
700000.0003	-203.582
700000.0003	-179.756
700000.0003	-156.636
700000.0003	-136.017
700000.0003	-119.879
700000.0003	-105.572
700000.0003	-93.916
700000.0003	-84.5078
700000.0003	-77.1543
700000.0003	-69.7265
700000.0003	-65.1552
700000.0003	-60.6045
700000.0003	-57.0334
700000.0003	-53.6854
700000.0003	-50.9435
700000.0003	-48.6252
700000.0003	-47.9631
700000.0003	-46.8451
700000.0003	-45.1997
700000.0003	-44.3682
700000.0003	-42.4388
700000.0003	-41.9691
700000.0003	-41.9217
700000.0003	-41.3466
700000.0003	-42.4265
700000.0003	-42.054
700000.0003	-41.4622
700000.0003	-41.4184
700000.0003	-41.1154
700000.0003	-40.2535
700000.0003	-40.7762
700000.0003	-40.671
700000.0003	-40.6639
700000.0003	-40.624
700000.0003	-40.5408
700000.0003	-40.4129
700000.0003	-40.4677
700000.0003	-40.5583
700000.0003	-40.0815
700000.0003	-40.9828
700000.0003	-40.6433
700000.0003	-41.0637
700000.0003	-41.6723
700000.0003	-41.1421
700000.0003	-40.2122
700000.0003	-40.5513
700000.0003	-39.6982
700000.0003	-40.7079
700000.0003	-40.539
700000.0003	-41.062
700000.0003	-41.6033
700000.0003	-40.816
700000.0003	-40.5566
700000.0003	-40.9647
700000.0003	-40.0612
700000.0003	-40.6018
700000.0003	-40.1865
700000.0003	-39.3507
700000.0003	-39.8149
700000.0003	-40.6203
700000.0003	-40.1666
700000.0003	-39.8484
700000.0003	-41.1337
700000.0003	-40.0728
700000.0003	-40.0264
700000.0003	-39.2605
700000.0003	-39.2483
700000.0003	-39.6156
700000.0003	-40.4489
700000.0003	-39.912
700000.0003	-39.5735
700000.0003	-40.5077
700000.0003	-39.9996
700000.0003	-40.2108
700000.0003	-40.0561
700000.0003	-40.0016
700000.0003	-40.5492
700000.0003	-39.1864
700000.0003	-40.1023
700000.0003	-40.0745
700000.0003	-39.9539
700000.0003	-39.4531
700000.0003	-39.9784
700000.0003	-40.4088
700000.0003	-38.7581
700000.0003	-39.4821
700000.0003	-39.1444
700000.0003	-39.4127
700000.0003	-38.4159
700000.0003	-39.546
700000.0003	-39.2135
700000.0003	-39.488
700000.0003	-38.6189
700000.0003	-38.5466
700000.0003	-38.7586
700000.0003	-38.9438
700000.0003	-37.7895
700000.0003	-37.5954
700000.0003	-37.5347
700000.0003	-38.7858
700000.0003	-38.2528
700000.0003	-38.2387
700000.0003	-36.8639
700000.0003	-37.9227
700000.0003	-36.6958
700000.0003	-36.2956
700000.0003	-35.54
700000.0003	-34.4687
700000.0003	-34.1314
700000.0003	-32.56
700000.0003	-31.888
700000.0003	-32.2725
700000.0003	-29.3538
700000.0003	-27.6844
700000.0003	-23.3327
700000.0003	-19.4308
700000.0003	-12.5236
700000.0003	-6.39097
700000.0003	4.51944
700000.0003	17.0492
700000.0003	35.0363
700000.0003	-0.566594
700000.0003	-0.0441374
700000.0003	-0.788666
700000.0003	-0.876907
700000.0003	-1.31766
700000.0003	1.53889
700000.0003	1.33509
700000.0003	-1.734
700000.0003	2.21589
700000.0003	1.53172
700000.0003	0.0253912
700000.0003	-0.787563
700000.0003	3.27263
700000.0003	4.2865
700000.0003	0.680087
700000.0003	2.35886
700000.0003	-1.56361
700000.0003	-4.02683
700000.0003	0.859123
700000.0003	1.55947
700000.0003	1.11102
700000.0003	-2.157
700000.0003	-1.33558
700000.0003	2.01721
700000.0003	0.72092
700000.0003	-2.46624
700000.0003	-0.842858
700000.0003	0.176313
700000.0003	0.692008
700000.0003	-0.335355
700000.0003	1.97018
700000.0003	-0.118202
700000.0003	-0.863172
700000.0003	-0.836053
700000.0003	-0.240614
700000.0003	-0.146962
700000.0003	-1.13959
700000.0003	-0.755609
700000.0003	-0.310633
700000.0003	0.661061
700000.0003	-0.283751
700000.0003	-0.125262
700000.0003	0.00380159
700000.0003	0.213849
700000.0003	-0.302854
700000.0003	0.53012
700000.0003	0.486376
700000.0003	0.0681286
700000.0003	0.204721
700000.0003	-0.261391
700000.0003	0.0672437
700000.0003	0.0161174
700000.0003	0.371039
700000.0003	0.171121
700000.0003	0.373562
700000.0003	-0.192829
700000.0003	-0.672708
700000.0003	-0.613321
700000.0003	-0.886715
700000.0003	0.256731
700000.0003	0.352905
700000.0003	0.900947
700000.0003	-1.51272
700000.0003	1.0899
700000.0003	0.62012
700000.0003	-0.17759
700000.0003	0.571546
700000.0003	-0.71446
700000.0003	-0.539749
700000.0003	1.08154
700000.0003	0.189654
700000.0003	0.116646
700000.0003	1.18176
700000.0003	-0.292144
700000.0003	-1.70821
700000.0003	0.14493
700000.0003	-0.138619
700000.0003	0.492728
700000.0003	0.459937
700000.0003	0.316523
700000.0003	-0.300836
700000.0003	-1.03537
700000.0003	-0.0117849
700000.0003	0.890411
700000.0003	-0.270491
700000.0003	-0.398775
700000.0003	-0.2013
700000.0003	0.789709
700000.0003	-0.915646
700000.0003	-0.219296
700000.0003	0.0585619
700000.0003	0.760004
700000.0003	0.548094
700000.0003	0.449578
700000.0003	-0.392383
700000.0003	0.00580886
700000.0003	-0.31479
700000.0003	-0.777756
700000.0003	-0.0242487
700000.0003	0.414907
700000.0003	0.863673
700000.0003	-0.393059
700000.0003	-0.476457
700000.0003	-0.406952
700000.0003	0.0333286
700000.0003	0.218316
700000.0003	0.112896
700000.0003	0.147321
700000.0003	0.556476
700000.0003	-0.65226
700000.0003	-0.63175
700000.0003	-0.47467
700000.0003	0.510852
700000.0003	-0.132574
700000.0003	0.952733
700000.0003	-0.458692
700000.0003	0.245782
700000.0003	0.89739
700000.0003	0.0159018
700000.0003	0.41315
700000.0003	-0.757042
700000.0003	0.661143
700000.0003	0.09995
700000.0003	-0.30152
700000.0003	0.0164845
700000.0003	-1.21509
700000.0003	0.248626
700000.0003	0.792059
700000.0003	-0.634474
700000.0003	-0.428289
700000.0003	0.697836
700000.0003	0.995064
700000.0003	-0.114218
700000.0003	-1.42243
700000.0003	-0.688539
700000.0003	0.334008
700000.0003	0.529502
700000.0003	-0.654282
700000.0003	0.720268
700000.0003	0.561007
700000.0003	-0.584411
700000.0003	0.164106
700000.0003	-0.311397
700000.0003	-0.196619
700000.0003	-0.192604
700000.0003	0.00744753
700000.0003	-0.0765802
700000.0003	0.741885
700000.0003	0.975348
700000.0003	-0.833152
700000.0003	0.845494
700000.0003	-0.757453
700000.0003	0.100999
700000.0003	-0.521724
700000.0003	-0.686414
700000.0003	0.398196
700000.0003	-0.326975
700000.0003	1.13321
700000.0003	0.507722
700000.0003	0.552565
700000.0003	-0.855962
700000.0003	0.026185
700000.0003	0.289928
700000.0003	0.0911011
700000.0003	0.734155
700000.0003	-0.142236
700000.0003	-0.736786
700000.0003	-0.221778
700000.0003	-0.232686
700000.0003	-0.0831023
700000.0003	0.066675
700000.0003	-0.120125
700000.0003	-0.990359
700000.0003	-0.424448
700000.0003	0.930342
700000.0003	-0.158682
700000.0003	0.527779
700000.0003	0.906385
700000.0003	-1.1133
700000.0003	-0.607237
700000.0003	0.799937
700000.0003	-0.116811
700000.0003	-0.186165
700000.0003	-0.324862
700000.0003	0.724828
700000.0003	-1.17454
700000.0003	0.253869
700000.0003	0.508589
700000.0003	0.119292
700000.0003	0.138842
700000.0003	0.62969
700000.0003	-0.769197
700000.0003	-0.441924
700000.0003	-0.315887
700000.0003	0.309558
700000.0003	0.527084
700000.0003	1.28971
700000.0003	-0.861865
700000.0003	1.59928
700000.0003	-1.28752
700000.0003	0.558605
700000.0003	0.428719
700000.0003	-0.378768
700000.0003	-0.3076
700000.0003	-0.30609
700000.0003	-0.5721
700000.0003	0.0993295
700000.0003	-0.0383382
700000.0003	-0.814982
700000.0003	0.530225
700000.0003	0.122332
700000.0003	0.958253
700000.0003	-0.7131
700000.0003	-0.374371
700000.0003	-0.129918
700000.0003	-0.071277
700000.0003	0.455529
700000.0003	0.541805
700000.0003	-0.0841874
700000.0003	-0.507359
700000.0003	0.459043
700000.0003	-1.40302
700000.0003	0.1711
700000.0003	0.413056
700000.0003	1.14208
700000.0003	-0.702729
700000.0003	0.909689
700000.0003	-0.757068
700000.0003	1.01208
700000.0003	-0.141497
700000.0003	0.227797
700000.0003	-1.32647
700000.0003	0.0234243
700000.0003	-0.688261
700000.0003	-2.34682
700000.0003	1.07613
700000.0003	0.977712
700000.0003	1.14319
700000.0003	-1.03645
700000.0003	-0.084602
700000.0003	1.99999
700000.0003	2.30126
700000.0003	0.131344
700000.0003	1.16035
700000.0003	-1.48914
700000.0003	-1.05846
700000.0003	0.856157
700000.0003	1.7861
700000.0003	-1.44821
700000.0003	-0.0852153
700000.0003	1.45789
700000.0003	0.854154
700000.0003	-1.0527
700000.0003	-2.38909
700000.0003	-3.53772
700000.0003	0.61924
700000.0003	-0.238334
700000.0003	2.99852
700000.0003	-3.42268
700000.0003	2.16636
700000.0003	0.862819
700000.0003	-1.93069
700000.0003	1.14895
700000.0003	-3.36574
700000.0003	1.5422
700000.0003	0.895671
700000.0003	-0.496336
700000.0003	-0.403123
700000.0003	0.265518
700000.0003	-2.43502
700000.0003	-0.869383
700000.0003	1.83767
700000.0003	0.6235
700000.0003	0.532292
700000.0003	-0.267871
700000.0003	-0.645757
700000.0003	-2.19185
700000.0003	0.62235
700000.0003	-0.283186
700000.0003	-0.540469
700000.0003	2.78089
700000.0003	0.668858
700000.0003	1.06488
700000.0003	0.396458
700000.0003	0.231323
700000.0003	1.15528
700000.0003	0.0828838
700000.0003	-0.0498217
700000.0003	-0.851154
700000.0003	0.423005
700000.0003	-0.453956
700000.0003	-0.378674
700000.0003	0.589135
700000.0003	0.406429
700000.0003	0.9024
700000.0003	-0.388914
700000.0003	0.668065
700000.0003	0.546993
700000.0003	-0.129778
700000.0003	-0.425577
700000.0003	-0.294211
700000.0003	0.781761
700000.0003	0.431187
700000.0003	0.758033
700000.0003	1.09631
700000.0003	0.387882
700000.0003	0.0221115
700000.0003	0.582586
700000.0003	0.375285
700000.0003	-0.182298
700000.0003	-0.0437068
700000.0003	-1.56528
700000.0003	-0.777669
700000.0003	0.308144
700000.0003	-0.0288427
700000.0003	-0.603567
700000.0003	0.185399
700000.0003	0.0150152
700000.0003	-0.740502
700000.0003	0.0696715
700000.0003	-0.168041
700000.0003	-0.527968
700000.0003	-0.525606
700000.0003	-0.0583767
700000.0003	-0.375311
700000.0003	-1.48358
700000.0003	-0.560662
700000.0003	-0.798985
700000.0003	-0.695781
700000.0003	0.283686
700000.0003	-0.291469
700000.0003	0.0826077
700000.0003	0.268113
700000.0003	-0.176314
700000.0003	0.27221
700000.0003	0.258957
700000.0003	-0.487245
700000.0003	-0.86704
700000.0003	0.295159
700000.0003	1.0104
700000.0003	1.11366
700000.0003	0.798713
700000.0003	0.240268
700000.0003	-0.788829
700000.0003	0.488124
700000.0003	-0.193381
700000.0003	-0.478752
700000.0003	0.417
700000.0003	0.185614
700000.0003	0.428483
700000.0003	-0.360077
700000.0003	0.523003
700000.0003	0.0617283
700000.0003	-0.14373
700000.0003	-0.323585
700000.0003	0.375347
700000.0003	1.37481
700000.0003	0.126877
700000.0003	0.328627
700000.0003	-0.045469
700000.0003	-0.2781
700000.0003	-0.46473
700000.0003	0.0575668
700000.0003	-0.528521
700000.0003	-0.67788
700000.0003	0.057087
700000.0003	-0.976825
700000.0003	-0.196493
700000.0003	0.214872
700000.0003	-0.248025
700000.0003	-0.0830915
700000.0003	-0.271752
700000.0003	0.0638838
700000.0003	0.326744
700000.0003	0.291073
700000.0003	0.433141
700000.0003	0.0909055
700000.0003	0.0508064
700000.0003	0.378189
700000.0003	-0.312245
700000.0003	-0.796167
700000.0003	-0.847676
700000.0003	0.38505
700000.0003	-0.0143342
700000.0003	0.17891
700000.0003	0.223835
700000.0003	-0.231787
700000.0003	-0.0808952
700000.0003	-0.217466
700000.0003	-0.940494
700000.0003	-0.640765
700000.0003	-0.534862
700000.0003	-0.581992
700000.0003	1.07931
700000.0003	-0.240926
700000.0003	-0.731133
700000.0003	-0.930145
700000.0003	-0.45303
700000.0003	-0.498288
700000.0003	-0.330883
