700000.0003	28.7323
700000.0003	100.202
700000.0003	205.758
700000.0003	342.553
700000.0003	531.474
700000.0003	776.452
700000.0003	1074
700000.0003	1420.94
700000.0003	1834.4
700000.0003	2286.08
700000.0003	2793.19
700000.0003	3299.82
700000.0003	3878.07
700000.0003	4450.31
700000.0003	5005.06
700000.0003	5534.05
700000.0003	6000.06
700000.0003	6368.83
700000.0003	6668.58
700000.0003	6892.98
700000.0003	7020.35
700000.0003	7067.21
700000.0003	7096.74
700000.0003	7049.68
700000.0003	6922
700000.0003	6811.11
700000.0003	6605.27
700000.0003	6357.53
700000.0003	6061.49
700000.0003	5714.43
700000.0003	5371.99
700000.0003	4961.42
700000.0003	4523.16
700000.0003	4039.85
700000.0003	3520.86
700000.0003	2967.16
700000.0003	2386.77
700000.0003	1744.18
700000.0003	1072.54
700000.0003	365.547
700000.0003	0
700000.0003	0
700000.0003	0
700000.0003	0
700000.0003	0
700000.0003	0
700000.0003	0
700000.0003	0
700000.0003	0
700000.0003	0
700000.0003	0
700000.0003	0
700000.0003	0
700000.0003	0
700000.0003	0
700000.0003	0
700000.0003	0
700000.0003	0
700000.0003	0
700000.0003	0
700000.0003	0
700000.0003	0
700000.0003	0
700000.0003	0
700000.0003	0
700000.0003	0
700000.0003	0
700000.0003	0
700000.0003	0
700000.0003	0
700000.0003	0
700000.0003	0
700000.0003	0
700000.0003	0
700000.0003	0
700000.0003	0
700000.0003	0
700000.0003	0
700000.0003	0
700000.0003	0
700000.0003	0
700000.0003	0
700000.0003	0
700000.0003	0
700000.0003	0
700000.0003	0
700000.0003	0
700000.0003	0
700000.0003	0
700000.0003	0
700000.0003	0
700000.0003	0
700000.0003	0
700000.0003	0
700000.0003	0
700000.0003	0
700000.0003	0
700000.0003	0
700000.0003	0
700000.0003	0
700000.0003	0
700000.0003	0
700000.0003	0
700000.0003	0
700000.0003	0
700000.0003	0
700000.0003	0
700000.0003	0
700000.0003	0
700000.0003	0
700000.0003	0
700000.0003	0
700000.0003	0
700000.0003	0
700000.0003	0
700000.0003	0
700000.0003	0
700000.0003	0
700000.0003	0
700000.0003	0
700000.0003	0
700000.0003	0
700000.0003	0
700000.0003	0
700000.0003	0
700000.0003	0
700000.0003	0
700000.0003	0
700000.0003	0
700000.0003	0
700000.0003	0
700000.0003	0
700000.0003	0
700000.0003	0
700000.0003	0
700000.0003	0
700000.0003	0
700000.0003	0
700000.0003	0
700000.0003	0
700000.0003	-23.6998
700000.0003	-70.3097
700000.0003	-116.49
700000.0003	-162.736
700000.0003	-208.792
700000.0003	-251.066
700000.0003	-295.704
700000.0003	-339.972
700000.0003	-384.175
700000.0003	-425.668
700000.0003	-465.988
700000.0003	-510.835
700000.0003	-549.772
700000.0003	-590.541
700000.0003	-627.561
700000.0003	-661.413
700000.0003	-703.66
700000.0003	-737.547
700000.0003	-781.132
700000.0003	-820.027
700000.0003	-855.27
700000.0003	-884.375
700000.0003	-924.607
700000.0003	-956.844
700000.0003	-981.706
700000.0003	-1024.25
700000.0003	-1057.73
700000.0003	-1077.59
700000.0003	-1119.81
700000.0003	-1140.77
700000.0003	-1179.32
700000.0003	-1200.5
700000.0003	-1230.2
700000.0003	-1260.17
700000.0003	-1299.45
700000.0003	-1324.27
700000.0003	-1341.76
700000.0003	-1371.38
700000.0003	-1397.45
700000.0003	-1424.16
700000.0003	-1439.08
700000.0003	-1477.39
700000.0003	-1500.03
700000.0003	-1511.46
700000.0003	-1529.91
700000.0003	-1557.26
700000.0003	-1570.81
700000.0003	-1594.83
700000.0003	-1620.94
700000.0003	-1637.03
700000.0003	-1648.66
700000.0003	-1672.26
700000.0003	-1698.33
700000.0003	-1703.18
700000.0003	-1724.9
700000.0003	-1742.85
700000.0003	-1757.64
700000.0003	-1764.07
700000.0003	-1788.6
700000.0003	-1802.17
700000.0003	-1798.29
700000.0003	-1806.96
700000.0003	-1839.55
700000.0003	-1836.89
700000.0003	-1843.65
700000.0003	-1875.72
700000.0003	-1858.77
700000.0003	-1870.47
700000.0003	-1883.08
700000.0003	-1886.3
700000.0003	-1897.68
700000.0003	-1903.26
700000.0003	-1910.28
700000.0003	-1910.52
700000.0003	-1926.35
700000.0003	-1917.87
700000.0003	-1927.41
700000.0003	-1930.91
700000.0003	-1921.62
700000.0003	-1926.44
700000.0003	-1923.47
700000.0003	-1922.01
700000.0003	-1923.47
700000.0003	-1913.02
700000.0003	-1922.87
700000.0003	-1912.95
700000.0003	-1920.09
700000.0003	-1903.71
700000.0003	-1905.2
700000.0003	-1906.4
700000.0003	-1893.47
700000.0003	-1884.91
700000.0003	-1871.29
700000.0003	-1864.07
700000.0003	-1850.12
700000.0003	-1836.2
700000.0003	-1817.31
700000.0003	-1797.3
700000.0003	-1785.57
700000.0003	-1768.46
700000.0003	-1742.37
700000.0003	-1719.7
700000.0003	-1690.49
700000.0003	-1659.14
700000.0003	-1627.49
700000.0003	-1582.77
700000.0003	-1537.62
700000.0003	-1500.61
700000.0003	-1451.71
700000.0003	-1400.82
700000.0003	-1347.48
700000.0003	-1284.61
700000.0003	-1226.45
700000.0003	-1159.51
700000.0003	-1101.4
700000.0003	-1037.25
700000.0003	-978.018
700000.0003	-911.59
700000.0003	-847.587
700000.0003	-785.809
700000.0003	-727.239
700000.0003	-672.356
700000.0003	-617.998
700000.0003	-562.257
700000.0003	-514.621
700000.0003	-466.705
700000.0003	-420.647
700000.0003	-377.262
700000.0003	-336.002
700000.0003	-298.087
700000.0003	-265.183
700000.0003	-233.816
700000.0003	-205.313
700000.0003	-179.588
700000.0003	-156.102
700000.0003	-134.905
700000.0003	-115.653
700000.0003	-99.3938
700000.0003	-85.2686
700000.0003	-72.8839
700000.0003	-61.6399
700000.0003	-52.1104
700000.0003	-44.1621
700000.0003	-37.49
700000.0003	-31.7223
700000.0003	-26.6216
700000.0003	-22.1301
700000.0003	-18.8811
700000.0003	-15.6477
700000.0003	-13.0314
700000.0003	-10.8897
700000.0003	-9.09813
700000.0003	-7.49095
700000.0003	-6.10773
700000.0003	-4.76283
700000.0003	-3.758
700000.0003	-2.74449
700000.0003	-1.90285
700000.0003	-1.10695
700000.0003	-0.365493
700000.0003	0
700000.0003	0
700000.0003	0
700000.0003	0
700000.0003	0
700000.0003	0
700000.0003	0
700000.0003	0
700000.0003	0
700000.0003	0
700000.0003	0
700000.0003	0
700000.0003	0
700000.0003	0
700000.0003	0
700000.0003	0
700000.0003	0
700000.0003	0
700000.0003	0
700000.0003	0
700000.0003	0
700000.0003	0
700000.0003	0
700000.0003	0
700000.0003	0
700000.0003	0
700000.0003	0
700000.0003	0
700000.0003	0
700000.0003	0
700000.0003	0
700000.0003	0
700000.0003	0
700000.0003	0
700000.0003	0
700000.0003	0
700000.0003	0
700000.0003	0
700000.0003	0
700000.0003	0
700000.0003	0
700000.0003	0
700000.0003	0
700000.0003	0
700000.0003	0
700000.0003	0
700000.0003	0
700000.0003	0
700000.0003	0
700000.0003	0
700000.0003	0
700000.0003	0
700000.0003	0
700000.0003	0
700000.0003	0
700000.0003	0
700000.0003	0
700000.0003	0
700000.0003	0
700000.0003	0
700000.0003	0
700000.0003	0
700000.0003	0
700000.0003	0
700000.0003	0
700000.0003	0
700000.0003	0
700000.0003	0
700000.0003	0
700000.0003	0
700000.0003	0
700000.0003	0
700000.0003	0
700000.0003	0
700000.0003	0
700000.0003	0
700000.0003	0
700000.0003	0
700000.0003	0
700000.0003	0
700000.0003	0
700000.0003	0
700000.0003	0
700000.0003	0
700000.0003	0
700000.0003	0
700000.0003	0
700000.0003	0
700000.0003	0
700000.0003	0
700000.0003	0
700000.0003	0
700000.0003	0
700000.0003	0
700000.0003	0
700000.0003	0
700000.0003	0
700000.0003	0
700000.0003	0
700000.0003	0
700000.0003	-0.390793
700000.0003	-0.289001
700000.0003	-1.88268
700000.0003	1.59859
700000.0003	-1.98258
700000.0003	0.432469
700000.0003	-6.63672
700000.0003	-5.90901
700000.0003	5.04703
700000.0003	-5.61176
700000.0003	-11.4584
700000.0003	-6.40136
700000.0003	8.54754
700000.0003	5.63198
700000.0003	-10.6019
700000.0003	-2.85407
700000.0003	-11.6196
700000.0003	-9.09553
700000.0003	-18.6648
700000.0003	7.68128
700000.0003	-6.05729
700000.0003	-18.7469
700000.0003	27.1802
700000.0003	24.6985
700000.0003	13.4027
700000.0003	-27.7926
700000.0003	14.4746
700000.0003	4.16319
700000.0003	34.011
700000.0003	30.2352
700000.0003	16.5824
700000.0003	0.882714
700000.0003	19.744
700000.0003	19.8078
700000.0003	-10.3274
700000.0003	3.62192
700000.0003	3.93109
700000.0003	6.13754
700000.0003	-2.19406
700000.0003	-0.094817
700000.0003	0
700000.0003	0
700000.0003	0
700000.0003	0
700000.0003	0
700000.0003	0
700000.0003	0
700000.0003	0
700000.0003	0
700000.0003	0
700000.0003	0
700000.0003	0
700000.0003	0
700000.0003	0
700000.0003	0
700000.0003	0
700000.0003	0
700000.0003	0
700000.0003	0
700000.0003	0
700000.0003	0
700000.0003	0
700000.0003	0
700000.0003	0
700000.0003	0
700000.0003	0
700000.0003	0
700000.0003	0
700000.0003	0
700000.0003	0
700000.0003	0
700000.0003	0
700000.0003	0
700000.0003	0
700000.0003	0
700000.0003	0
700000.0003	0
700000.0003	0
700000.0003	0
700000.0003	0
700000.0003	0
700000.0003	0
700000.0003	0
700000.0003	0
700000.0003	0
700000.0003	0
700000.0003	0
700000.0003	0
700000.0003	0
700000.0003	0
700000.0003	0
700000.0003	0
700000.0003	0
700000.0003	0
700000.0003	0
700000.0003	0
700000.0003	0
700000.0003	0
700000.0003	0
700000.0003	0
700000.0003	0
700000.0003	0
700000.0003	0
700000.0003	0
700000.0003	0
700000.0003	0
700000.0003	0
700000.0003	0
700000.0003	0
700000.0003	0
700000.0003	0
700000.0003	0
700000.0003	0
700000.0003	0
700000.0003	0
700000.0003	0
700000.0003	0
700000.0003	0
700000.0003	0
700000.0003	0
700000.0003	0
700000.0003	0
700000.0003	0
700000.0003	0
700000.0003	0
700000.0003	0
700000.0003	0
700000.0003	0
700000.0003	0
700000.0003	0
700000.0003	0
700000.0003	0
700000.0003	0
700000.0003	0
700000.0003	0
700000.0003	0
700000.0003	0
700000.0003	0
700000.0003	0
700000.0003	0
700000.0003	-0.0536226
700000.0003	0.372334
700000.0003	-0.00925685
700000.0003	-0.179007
700000.0003	0.348953
700000.0003	0.0322118
700000.0003	0.0123146
700000.0003	-1.13634
700000.0003	0.880202
700000.0003	1.5918
700000.0003	-0.964701
700000.0003	-1.45942
700000.0003	1.10171
700000.0003	-0.808094
700000.0003	-1.2985
700000.0003	-2.47958
700000.0003	-3.15704
700000.0003	-1.08563
700000.0003	-1.83514
700000.0003	-2.76084
700000.0003	-1.79663
700000.0003	-1.04718
700000.0003	-0.275014
700000.0003	2.7959
700000.0003	-2.88971
700000.0003	2.66731
700000.0003	-1.33032
700000.0003	3.63765
700000.0003	-1.02647
700000.0003	3.02256
700000.0003	2.03844
700000.0003	1.02968
700000.0003	-5.03808
700000.0003	-0.85047
700000.0003	0.745223
700000.0003	-0.750568
700000.0003	0.708812
700000.0003	-3.35135
700000.0003	5.68142
700000.0003	1.53075
700000.0003	4.33137
700000.0003	-2.69718
700000.0003	-1.45118
700000.0003	3.80454
700000.0003	3.13189
700000.0003	0.937513
700000.0003	2.68712
700000.0003	-3.96491
700000.0003	0.664549
700000.0003	-2.26044
700000.0003	3.64354
700000.0003	-3.37906
700000.0003	3.1179
700000.0003	2.77772
700000.0003	0.440652
700000.0003	-6.02484
700000.0003	-7.21987
700000.0003	-4.49666
700000.0003	1.66259
700000.0003	1.69436
700000.0003	6.58397
700000.0003	8.62425
700000.0003	3.81621
700000.0003	0.167962
700000.0003	-1.0314
700000.0003	4.64522
700000.0003	-3.06565
700000.0003	2.20007
700000.0003	-5.15255
700000.0003	-0.252181
700000.0003	1.70666
700000.0003	2.78138
700000.0003	-0.271965
700000.0003	-1.14928
700000.0003	-2.84037
700000.0003	-5.75638
700000.0003	2.36129
700000.0003	0.829417
700000.0003	0.930541
700000.0003	0.00221324
700000.0003	-1.02371
700000.0003	7.74604
700000.0003	1.82778
700000.0003	-1.62748
700000.0003	4.05923
700000.0003	2.88086
700000.0003	-1.74415
700000.0003	2.13638
700000.0003	-2.42106
700000.0003	-2.41585
700000.0003	-1.35528
700000.0003	-4.12934
700000.0003	1.66793
700000.0003	3.56662
700000.0003	0.778311
700000.0003	0.485814
700000.0003	-2.53392
700000.0003	1.47525
700000.0003	-0.232659
700000.0003	-0.852862
700000.0003	-7.35848
700000.0003	-4.1106
700000.0003	4.29204
700000.0003	-5.21165
700000.0003	-3.86339
700000.0003	-1.35129
700000.0003	-3.17409
700000.0003	0.844174
700000.0003	-3.09461
700000.0003	1.25933
700000.0003	-2.9299
700000.0003	-2.34218
700000.0003	-3.1804
700000.0003	-3.15582
700000.0003	-3.32178
700000.0003	-1.14284
700000.0003	-1.47947
700000.0003	-0.940717
700000.0003	-1.43726
700000.0003	1.12441
700000.0003	-1.31891
700000.0003	2.25188
700000.0003	-0.129336
700000.0003	0.882118
700000.0003	1.1398
700000.0003	-0.549159
700000.0003	2.08152
700000.0003	0.93077
700000.0003	0.254986
700000.0003	-0.526784
700000.0003	1.39995
700000.0003	-0.586916
700000.0003	0.411168
700000.0003	0.489705
700000.0003	-0.2676
700000.0003	0.508305
700000.0003	-0.265252
700000.0003	-0.405651
700000.0003	-0.222396
700000.0003	-0.349135
700000.0003	-0.260778
700000.0003	0.357235
700000.0003	0.0243038
700000.0003	0.571239
700000.0003	0.424218
700000.0003	-0.0669801
700000.0003	-0.0139037
700000.0003	-0.109496
700000.0003	-0.0435172
700000.0003	0.0979512
700000.0003	-0.0992867
700000.0003	-0.035887
700000.0003	0.141025
700000.0003	-0.0794988
700000.0003	0.013504
700000.0003	0.00896828
700000.0003	-0.0337205
700000.0003	-0.00706412
700000.0003	0.0208318
700000.0003	-0.00310483
700000.0003	0
700000.0003	0
700000.0003	0
700000.0003	0
700000.0003	0
700000.0003	0
700000.0003	0
700000.0003	0
700000.0003	0
700000.0003	0
700000.0003	0
700000.0003	0
700000.0003	0
700000.0003	0
700000.0003	0
700000.0003	0
700000.0003	0
700000.0003	0
700000.0003	0
700000.0003	0
700000.0003	0
700000.0003	0
700000.0003	0
700000.0003	0
700000.0003	0
700000.0003	0
700000.0003	0
700000.0003	0
700000.0003	0
700000.0003	0
700000.0003	0
700000.0003	0
700000.0003	0
700000.0003	0
700000.0003	0
700000.0003	0
700000.0003	0
700000.0003	0
700000.0003	0
700000.0003	0
700000.0003	0
700000.0003	0
700000.0003	0
700000.0003	0
700000.0003	0
700000.0003	0
700000.0003	0
700000.0003	0
700000.0003	0
700000.0003	0
700000.0003	0
700000.0003	0
700000.0003	0
700000.0003	0
700000.0003	0
700000.0003	0
700000.0003	0
700000.0003	0
700000.0003	0
700000.0003	0
700000.0003	0
700000.0003	0
700000.0003	0
700000.0003	0
700000.0003	0
700000.0003	0
700000.0003	0
700000.0003	0
700000.0003	0
700000.0003	0
700000.0003	0
700000.0003	0
700000.0003	0
700000.0003	0
700000.0003	0
700000.0003	0
700000.0003	0
700000.0003	0
700000.0003	0
700000.0003	0
700000.0003	0
700000.0003	0
700000.0003	0
700000.0003	0
700000.0003	0
700000.0003	0
700000.0003	0
700000.0003	0
700000.0003	0
700000.0003	0
700000.0003	0
700000.0003	0
700000.0003	0
700000.0003	0
700000.0003	0
700000.0003	0
700000.0003	0
700000.0003	0
700000.0003	0
700000.0003	0
