700000.0003	2955.44	2956.21	2956.31	2961.85	2962.47	2959.34	2954.92	2959.01	2955.01	2959.29	2959.85	2953.86	2956.21	2958.54	2956.54
700000.0003	1529.68	1532.49	1532.49	1534.18	1534.08	1533.9	1530.31	1534.31	1534.26	1533.22	1532.36	1530.25	1529.43	1530.31	1531.52
700000.0003	192.764	194.547	194.368	194.296	194.032	193.952	193.094	192.71	193.136	194.18	194.502	192.658	194.148	193.063	193.565
700000.0003	31.8133	32.1893	32.0327	32.6129	32.4353	32.4017	31.9532	32.319	32.1769	32.1183	31.8599	32.0686	32.6422	32.1204	32.1496
700000.0003	19.5071	19.312	19.6966	19.3995	19.315	19.3069	18.9331	19.1968	19.3497	19.2238	19.1493	19.0606	19.2437	19.1259	19.2658
700000.0003	16.605	16.7725	16.8228	16.1618	16.7196	16.4378	16.559	16.565	16.5272	16.4065	16.6598	16.8546	16.7006	16.4922	16.6839
700000.0003	15.291	15.4055	15.2846	15.0823	15.2762	15.3286	15.238	15.4671	15.1143	15.3456	15.3346	15.648	15.8511	14.8476	15.1571
700000.0003	14.7991	14.5979	14.4688	14.4741	14.6236	14.4737	14.9949	14.4562	14.8111	14.2345	14.6223	14.4562	13.8741	14.6874	14.4433
700000.0003	14.2708	13.8957	13.6758	14.288	14.2769	14.0188	14.0582	14.084	13.6	13.9354	13.8297	13.9565	13.8269	13.6979	13.8947
700000.0003	13.5123	13.763	13.927	13.8272	13.9481	13.6731	13.7435	13.6977	13.4587	13.6866	13.7292	13.3706	13.8648	13.8012	13.5259
700000.0003	13.3792	13.6379	13.4637	13.5036	13.614	13.5925	13.3754	13.3643	13.3992	13.3379	13.5695	13.3549	13.4186	13.3866	13.5582
700000.0003	13.2981	12.965	13.6858	13.8533	13.5219	13.1392	13.4054	13.0994	13.6875	12.9933	13.4132	13.5457	13.3531	13.3334	13.5695
700000.0003	13.2247	13.3143	13.0229	13.2892	13.4479	13.5692	13.2727	13.0372	13.8233	13.127	13.2821	13.292	13.193	13.0964	13.3963
700000.0003	13.4541	13.2547	13.0513	13.2411	13.1206	13.4851	13.2588	13.367	13.5439	13.0857	13.4044	13.181	13.248	13.2131	13.3432
700000.0003	13.0281	13.5068	13.5367	13.6333	13.1803	13.0971	13.6083	13.2569	13.3218	13.1459	13.7378	13.5405	13.36	13.6174	13.3644
700000.0003	13.7397	13.64	13.936	13.7277	13.6356	14.0617	13.9731	14.188	14.1724	13.9074	13.7454	14.0607	13.7789	14.0547	13.7548
700000.0003	14.9379	15.223	15.1039	15.3617	14.7925	15.6151	15.1194	14.8846	15.0347	15.0599	15.4287	14.9874	14.9376	15.6798	15.3342
700000.0003	16.5079	17.132	16.7589	16.7838	16.8981	17.3483	16.6763	17.1808	16.5884	16.7734	16.6885	17.047	17.3386	16.9679	16.9866
700000.0003	19.389	19.4966	19.7156	19.7022	19.8692	19.8615	19.5484	20.1437	19.7937	19.777	19.1596	20.1826	19.8062	19.5871	19.5738
700000.0003	23.7464	23.8484	24.3456	24.208	24.2721	23.41	24.1325	24.3353	23.842	23.9901	23.9921	24.1419	23.9331	23.7759	23.9677
700000.0003	30.5077	30.5705	30.8167	30.7364	30.3968	30.3966	30.2694	30.5618	30.478	30.8671	30.9447	30.7077	30.7177	30.5143	30.8677
700000.0003	42.1815	41.724	41.8773	41.7719	41.8891	41.9146	42.2602	42.2845	42.4073	41.734	41.9068	42.6496	42.2111	42.482	42.0679
700000.0003	66.8735	67.0411	67.323	67.1434	66.7179	67.7337	68.0532	66.6673	67.2774	67.8839	67.6109	67.4691	67.8309	67.4667	67.7307
700000.0003	154.898	154.919	156.079	154.964	155.551	155.792	155.321	156.018	154.875	155.259	155.764	155.846	156.452	155.629	156.278
700000.0003	516.759	516.925	516.542	514.779	516.715	515.428	515.651	516.042	514.276	516.86	516.953	518.052	516.35	516.333	518.078
700000.0003	1364.75	1365.17	1362.3	1362.28	1359.14	1362.52	1362.9	1362.71	1360.32	1364.21	1364.82	1364.69	1362.23	1367.08	1363.28
700000.0003	2201.29	2203.46	2202.89	2202.85	2201.24	2204.29	2201.59	2202.51	2199.04	2203.44	2204.3	2203.33	2205.26	2206.25	2204.17
700000.0003	2641.38	2642.5	2643.66	2641.98	2643.35	2647.59	2644.53	2643.25	2640.63	2641.31	2644.8	2641.95	2645.94	2646.21	2644.31
700000.0003	2789.26	2790.34	2789.99	2787.5	2791.05	2793.41	2792.71	2790.37	2786.63	2788.87	2789.51	2793.34	2789.72	2791.74	2789.32
700000.0003	2834.09	2831.49	2837.95	2840.16	2838.12	2836.56	2838.56	2837.8	2836.17	2835.27	2836.84	2837.64	2837.38	2839.91	2842.16
700000.0003	2866.79	2863.15	2863.4	2868.89	2865.86	2868.51	2869.21	2867.41	2864.34	2864.69	2866.25	2868.55	2864.89	2867.91	2868.8
700000.0003	2890.84	2892.76	2893.08	2895.16	2892.42	2898.03	2894.39	2893.23	2891.46	2893.22	2895.56	2894.67	2894.55	2892.65	2896.17
700000.0003	2918.93	2916.63	2922.6	2921.58	2920.75	2920.29	2922.8	2920.39	2920.06	2920.73	2921.75	2918.58	2919.61	2924.21	2922.3
700000.0003	2943.97	2946.21	2949.39	2947.87	2945.13	2948.5	2952.47	2947.49	2944.64	2946.73	2951.68	2945.55	2945.18	2948.46	2949.12
700000.0003	2972.39	2971.41	2978.33	2974.43	2972.02	2975.96	2977.76	2973.63	2971.19	2974.4	2976.9	2972.33	2971.2	2977.46	2973.5
700000.0003	2998.91	3001.04	3001.07	2999.29	3001.45	3004.38	3000.22	2997.66	3000.55	3001.92	2998.89	2998.98	2999.98	3002.87	3001.24
700000.0003	3027.25	3031.01	3023.69	3025.39	3029.43	3027.55	3026.34	3025.88	3029.67	3025.94	3023.28	3027.31	3029.66	3024.95	3024.77
700000.0003	3054.7	3054.18	3049.41	3052.12	3055.94	3054.29	3048.38	3054.76	3054.58	3052.5	3050.12	3052.38	3054.77	3049.58	3050.61
700000.0003	3078.37	3075.98	3077.34	3077.82	3080.04	3077.9	3078.38	3075.74	3077.64	3076.87	3075.2	3077.47	3077.37	3077.45	3075.81
700000.0003	3094.22	3096.57	3097.2	3095.62	3098.63	3096.04	3096.75	3093.01	3097.36	3096.26	3095.44	3093.05	3093.62	3100.12	3092.52
700000.0003	-0.263699	-0.0977705	0.537091	-1.14891	-1.70603	0.537498	0.150854	1.00538	0.422229	0.909185	-0.048419	-0.443395	-0.672798	0.486902	1.03978
700000.0003	0.192204	0.51631	-1.08148	-1.02625	0.117826	0.070697	-0.284806	-0.524927	0.0431953	0.893701	0.275494	-0.0240398	0.912467	0.112848	0.385159
700000.0003	-0.192241	0.21166	0.0459478	0.533742	-0.127873	0.0921905	0.0814178	-0.428455	0.150612	-0.132588	0.260814	-0.232187	0.134673	-0.479736	-0.0343731
700000.0003	0.211069	0.0555147	0.318295	-0.21657	0.0450893	0.192044	0.027278	0.0101682	0.110809	0.122165	0.078803	0.12447	-0.124156	-0.13915	-0.0691313
700000.0003	-0.227881	0.111063	0.0802014	-0.171827	0.126709	-0.0325546	0.0457163	-0.0722694	0.127238	0.045632	-0.00867954	-0.158707	-0.0334877	-0.0800213	-0.00281615
700000.0003	0.0804056	0.0517218	-0.0336037	0.0137449	0.0501778	0.0251734	0.194479	0.0951297	0.0363436	-0.0943224	0.0644284	0.173331	0.0236833	-0.226709	-0.325562
700000.0003	-0.0396442	0.31155	0.141727	-0.0164336	0.0363634	0.0743429	0.0545111	0.0124	0.0184439	0.135489	-0.0124891	-0.0595591	-0.0722792	0.2223	-0.124076
700000.0003	-0.111398	-0.110659	0.0525529	-0.00360103	0.00020902	-0.0901722	-0.0722132	-0.161895	0.0594018	0.021367	-0.136668	-0.184637	0.19564	-0.0737869	0.111314
700000.0003	0.0522452	0.0992427	0.0663916	0.130349	0.162385	-0.280797	0.193288	-0.152003	0.11768	-0.0306091	-0.0526821	-0.0767598	-0.0439176	0.0020237	-0.100583
700000.0003	0.211069	0.106854	-0.00662096	0.179002	-0.0116408	-0.0327021	-0.112053	-0.0700987	-0.0051293	0.016217	0.015411	-0.0481129	-0.00448901	-0.0688462	-0.0313245
700000.0003	-0.118727	-0.0933093	0.00161725	0.188262	-0.0663063	-0.136001	-0.0196582	0.045137	-0.0120584	-0.0705538	0.0570673	0.0319794	0.0104155	0.054254	0.046538
700000.0003	-0.0694675	0.0632492	0.0406762	0.187214	-0.146561	-0.154634	0.0141469	-0.162507	-0.161208	-0.0562455	-0.02692	0.184594	-0.0239533	0.134536	-0.081414
700000.0003	0.164178	0.110795	0.0799706	-0.0912554	-0.153102	-0.0975535	-0.0154006	-0.100152	-0.0996971	-0.0355228	-0.172893	0.0137259	-0.181167	0.23759	-0.0241659
700000.0003	-0.294962	-0.133655	-0.113901	-0.0307202	-0.00277719	0.128465	0.159902	-0.0576634	-0.0202566	-0.0834419	-0.00269499	-0.0832072	0.108832	-0.0224641	-0.0519152
700000.0003	0.0381811	-0.0464507	0.114633	-0.174097	-0.0865054	0.223891	0.000929278	0.0304786	-0.0667997	-0.0603436	0.0481935	0.0431217	-0.00805017	0.068042	0.113195
700000.0003	-0.184326	0.0627077	0.189317	0.0836177	-0.0110139	0.0812529	-0.0805439	-0.121641	0.166082	0.0374063	-0.22448	0.133269	-0.0340937	-0.00850355	0.0664512
700000.0003	-0.0152737	-0.0549793	-0.0709255	-0.0429583	0.0797224	-0.249103	-0.0453297	0.0317709	-0.0392563	0.0551408	0.145993	-0.0793784	-0.120748	0.00186107	-0.124114
700000.0003	-0.155037	-0.263399	0.104132	0.13564	-0.0345983	-0.0447529	0.101335	-0.0668404	0.0945923	-0.210492	-0.104905	-0.0175075	0.0957018	-0.0284956	0.0246481
700000.0003	0.151786	0.167092	0.0260047	-0.00886234	0.11362	0.222584	0.165205	0.204855	-0.0346647	-0.0972884	-0.212696	0.134437	-0.259205	-0.0230118	-0.00780618
700000.0003	-0.0137669	0.0578794	-0.170214	-0.124925	-0.0463198	0.250308	-0.157916	-0.0735138	-0.0536146	0.0239471	0.093227	0.0413877	-0.202583	0.0637402	-0.141246
700000.0003	0.0219413	0.0518604	-0.134599	0.0195781	0.0483036	0.00231832	-0.237718	0.0360865	-0.122989	0.165395	0.0927387	0.26609	-0.127704	-0.165545	-0.159457
700000.0003	0.0318131	-0.0469948	-0.179356	-0.352243	-0.157881	-0.0666582	0.0072478	-0.251978	0.0479951	-0.0700782	0.183647	0.140099	0.179942	0.145044	-0.167504
700000.0003	0.0936638	0.0778226	0.0666002	0.0632842	0.0033569	-0.105417	0.270535	-0.348237	0.0202249	0.48327	0.278786	-0.204669	-0.213586	0.135734	-0.400352
700000.0003	-0.0295773	-0.602154	-0.0090044	0.106225	0.10845	-0.0128082	0.0288304	-0.022472	0.0695095	0.124472	0.373505	0.0709883	-0.411929	0.111798	-0.288452
700000.0003	-0.0630401	0.0558852	1.0152	-0.730702	-0.488259	-0.145824	-0.642784	0.0784298	-0.210452	0.215807	-0.379505	-0.355956	0.0186541	-0.38295	0.133379
700000.0003	0.0515422	-0.425362	1.16705	-0.690701	-0.0171212	-0.321849	0.771503	-0.463362	0.756568	-0.245217	-0.243974	-0.0937704	0.930926	-0.582951	-0.0493986
700000.0003	-0.271803	0.507752	-0.546185	-0.0510326	0.93084	0.581949	-0.570144	-0.670512	-0.0824197	0.0310673	0.905926	-0.4921	-0.224908	0.656937	0.363367
700000.0003	0.894043	-0.336621	0.650498	-0.0494797	0.336846	-0.246655	0.321175	0.192404	-0.916106	-0.512442	0.729502	0.784741	-1.07824	0.734613	1.52342
700000.0003	-0.559092	0.267923	0.0448136	0.40939	-1.44478	0.299938	0.557803	0.583379	-0.12104	-0.921196	0.445942	0.54931	-0.223834	0.827589	-0.879069
700000.0003	-0.267383	-0.325043	-0.911839	0.334463	0.00706752	-0.0810006	0.233657	0.585571	-0.330472	0.322124	-0.853424	-0.19987	-0.238271	-0.441183	0.19631
700000.0003	0.0736864	-0.903934	-0.733115	-0.475499	-0.112601	-0.416222	-1.03061	-0.239526	1.01524	-0.029955	-0.528057	-1.09052	-0.29289	0.159907	0.616138
700000.0003	-0.0588902	-0.077092	-0.655373	-0.311016	-0.603074	0.0950294	0.00782925	0.712796	-0.105248	-0.624449	-0.875741	-1.00459	-0.14723	0.400664	0.0473628
700000.0003	0.749071	0.104923	-0.125259	-1.22842	-1.11664	0.360926	0.57482	-0.053031	0.123366	0.405798	-0.357874	-0.880533	-0.614205	1.3545	0.10373
700000.0003	0.410112	0.551111	-0.711519	-0.686008	-0.818767	-0.922705	-0.211193	0.972032	0.70339	-0.381146	-0.25562	0.944132	0.179308	0.258721	1.54872
700000.0003	-0.0167728	-0.422378	-0.484844	0.278856	-0.173234	-0.336401	-0.229705	0.967729	0.825263	-0.146776	0.285113	1.30682	0.549935	-0.375537	1.93514
700000.0003	0.569062	-0.892476	-0.00246601	0.136573	0.445649	-0.628957	1.01	-0.0556432	0.115177	0.587753	1.39621	0.549179	0.0913648	0.447927	0.849973
700000.0003	0.208688	-0.487121	-0.379396	-0.14119	-0.499038	0.462427	0.016914	0.618982	0.375045	0.560187	0.185851	-0.194329	0.187806	0.418557	0.632797
700000.0003	-0.131736	0.080121	0.0263413	0.0871214	-0.707166	-0.912552	0.0798882	0.173658	-0.468675	0.559638	0.15167	0.0125407	-0.135626	0.651956	-0.194294
700000.0003	-0.611427	1.11154	1.12023	0.375194	-0.947151	-0.621867	-0.644074	0.0578499	0.857422	-0.0169996	-0.636825	-0.0312425	0.23045	0.359261	-1.19984
700000.0003	0.224483	0.346948	0.757086	0.132641	0.100095	-2.04735	0.307073	0.882725	-0.0156917	0.288836	-0.00911797	-1.0356	1.20217	-0.34068	-0.25544
700000.0003	2909.99	2911.34	2911.26	2914.53	2911.95	2911.53	2910.25	2911.92	2912.11	2912.32	2912.57	2909.33	2911.28	2911.82	2910.58
700000.0003	1601.73	1601.69	1605.03	1604.92	1606.35	1607.23	1602.36	1604.71	1602.83	1604.61	1603.69	1602.89	1600.66	1603.7	1602.26
700000.0003	173.881	173.975	175.64	174.56	174.217	172.1	173.383	173.387	173.535	174.596	174.848	172.777	173.398	173.651	172.977
700000.0003	28.2636	28.3884	28.2296	28.4919	28.8625	28.6111	28.1731	28.3448	28.235	28.2434	28.405	28.2408	28.7183	28.2201	28.6119
700000.0003	18.2999	18.3204	18.8981	18.4785	18.329	18.4729	18.1962	18.2123	18.2032	18.5619	18.1194	18.3787	18.4274	18.5755	18.1621
700000.0003	16.0182	15.9164	16.2803	16.1286	15.9282	15.724	15.721	16.4123	16.0216	15.6938	16.1902	16.2192	16.2444	15.8584	16.103
700000.0003	15.0037	15.0298	14.9437	14.8829	15.1807	14.7209	14.5951	15.1389	14.8568	15.2751	15.0232	14.9157	15.2904	15.0779	14.9233
700000.0003	14.5744	14.5114	14.2966	14.3086	14.4454	14.2367	14.2952	14.2243	14.4457	13.9543	14.0422	14.0668	14.1915	14.3428	14.5431
700000.0003	13.7676	13.6729	13.3768	14.1422	13.8432	14.0525	13.6374	13.7009	13.5009	13.7948	13.871	13.7493	13.4247	13.457	13.9686
700000.0003	13.391	13.3184	13.5782	13.6768	13.4696	13.5718	13.3782	13.6462	13.0853	13.5706	13.6274	13.5591	13.8351	13.7581	13.5133
700000.0003	13.7067	13.6438	13.4604	13.4457	13.1771	13.5069	13.5459	13.3877	13.2052	13.1852	13.2713	13.7172	13.497	13.5399	13.7339
700000.0003	13.0695	13.0157	13.2835	13.6538	13.7519	13.3388	13.1821	13.1099	13.0469	13.2643	13.4631	13.4754	13.3817	13.3165	13.3473
700000.0003	13.5074	13.1335	13.2675	13.0798	13.1161	13.3031	13.3732	13.1657	13.2509	13.2714	13.2869	13.1973	13.2548	13.1469	13.4881
700000.0003	13.4176	13.1051	13.1139	13.1216	13.1814	13.536	13.3118	13.3063	13.4407	13.3786	13.6574	13.382	13.1165	13.153	13.1356
700000.0003	13.1294	13.3653	13.2106	13.5324	13.3564	13.2182	13.5804	13.3145	13.0136	13.3092	13.7252	13.3332	13.1103	13.5034	13.4282
700000.0003	13.8725	13.7349	13.5792	13.8102	13.8582	14.1105	13.8889	14.073	13.7842	13.8608	13.6008	13.4309	13.602	13.8823	13.7033
700000.0003	15.0182	15.0635	15.3672	15.3944	14.8764	15.1766	15.4745	15.0738	15.1382	15.0814	15.0868	14.7964	14.854	15.6747	14.9104
700000.0003	16.7125	16.8733	16.646	16.9148	17.1602	16.8771	16.6727	16.8061	16.9665	16.7204	16.9086	16.7237	16.933	17.2429	16.9042
700000.0003	19.4004	19.2651	19.4082	19.8028	19.4304	19.4787	19.6367	20.0025	19.5104	19.298	19.6298	19.6967	19.5829	19.9097	19.6118
700000.0003	24.049	23.8502	24.1513	24.2067	23.8091	23.6654	23.6057	24.2021	23.8704	23.4687	23.7422	23.9052	23.6418	23.534	23.7798
700000.0003	30.4108	30.1056	30.5127	30.5024	30.0127	30.1712	29.9632	29.9805	30.0479	30.7674	30.7694	30.6703	29.9545	30.3403	30.4187
700000.0003	41.8077	41.2595	41.5528	41.2999	41.7199	41.5202	41.7317	42.0083	41.9845	41.9541	41.3774	42.0835	42.2319	41.9766	41.7283
700000.0003	66.5434	66.3786	66.4216	66.3087	65.0752	66.6129	66.7028	65.7664	66.0384	66.68	66.4707	66.5999	66.7383	66.8068	66.2167
700000.0003	152.94	152.102	152.614	152.126	152.495	152.934	152.986	152.396	152.887	152.824	152.683	152.973	153.175	152.739	153.26
700000.0003	520.988	521.443	518.91	519.464	521.033	520.072	520.741	520.976	519.54	520.368	521.208	523.406	521.284	521.028	521.073
700000.0003	1366.71	1363.83	1363.12	1363.03	1362.19	1363.36	1362.65	1362.77	1362.88	1365.43	1365.03	1364.51	1367.31	1365.68	1365.12
700000.0003	2152.2	2154.7	2157.14	2154.59	2154.41	2154.52	2153.31	2155.23	2155.49	2157.1	2157.15	2157.13	2157.34	2157.27	2157.86
700000.0003	2588.36	2587.91	2587.13	2585.06	2587.25	2590.43	2591	2588.79	2587.73	2582.99	2588.6	2588.9	2590.42	2590.23	2588.55
700000.0003	2782.15	2782.29	2780.09	2780.73	2782.9	2783.13	2784.41	2780.89	2779.93	2780.81	2781.23	2783.74	2783	2781.54	2781.44
700000.0003	2870.36	2868.07	2871.61	2871.21	2870.17	2869.95	2870.28	2872.34	2869.3	2870.47	2868.74	2871.05	2870.85	2870.71	2870.77
700000.0003	2910.96	2908.48	2909.15	2911.09	2911.31	2909.98	2911.32	2910.88	2911.37	2910.36	2909.31	2910.61	2909.29	2911.17	2909.41
700000.0003	2936.7	2935.83	2933.98	2935.95	2935.96	2939.61	2936.82	2934.81	2936.67	2936.66	2936.25	2937.99	2935.45	2935.27	2936.17
700000.0003	2958.13	2957.34	2958.34	2957.04	2956.53	2956.68	2956.4	2957.95	2959.42	2957.73	2958.04	2958.42	2958.03	2958.28	2956.7
700000.0003	2974.15	2976.29	2975.54	2975.3	2975.56	2975.13	2977.25	2978.89	2976.09	2978.61	2977.46	2974.72	2975.77	2973.37	2977.21
700000.0003	2992.46	2989.89	2995.68	2994.56	2992.83	2993	2993.53	2994.43	2992.85	2993.21	2994.23	2993.33	2992.22	2991.9	2992.96
700000.0003	3008.63	3011.54	3009.82	3011.04	3009.7	3011.04	3010.15	3007.09	3006.39	3009.02	3009.88	3008.64	3008.73	3011.52	3010.86
700000.0003	3026.33	3029.09	3027.81	3024.6	3026.53	3024.79	3027.5	3024.63	3027	3025.06	3027.56	3024.96	3025.86	3027.69	3025.52
700000.0003	3044.44	3044.37	3042.78	3043.9	3046.25	3044.25	3043.3	3048.23	3045.53	3045.93	3044.81	3044.71	3043.93	3042.53	3044.69
700000.0003	3069.58	3065.62	3068.87	3070.41	3067.85	3069.55	3069.98	3069.68	3068.87	3068.49	3068.51	3070.84	3068.64	3065.94	3068.76
700000.0003	3083.84	3084.37	3083.59	3082.08	3084.73	3084.18	3084.18	3079.57	3084	3082.8	3081.68	3082.34	3082.51	3084.37	3081.92
