700000.0003	63.2538
700000.0003	115.05
700000.0003	194.379
700000.0003	313.127
700000.0003	481.057
700000.0003	699.291
700000.0003	961.862
700000.0003	1260.55
700000.0003	1590.06
700000.0003	1970.7
700000.0003	2392.09
700000.0003	2856.31
700000.0003	3308.82
700000.0003	3649.55
700000.0003	3805.09
700000.0003	3723.73
700000.0003	3454.63
700000.0003	3050.31
700000.0003	2593.99
700000.0003	2139.92
700000.0003	1727.6
700000.0003	1361.31
700000.0003	1055.12
700000.0003	805.609
700000.0003	610.876
700000.0003	461.92
700000.0003	345.971
700000.0003	264.913
700000.0003	199.412
700000.0003	151.852
700000.0003	116.537
700000.0003	90.4191
700000.0003	69.9073
700000.0003	57.0412
700000.0003	43.0662
700000.0003	33.7441
700000.0003	27.9471
700000.0003	21.4356
700000.0003	16.3576
700000.0003	14.1988
700000.0003	10.7591
700000.0003	9.14068
700000.0003	7.8873
700000.0003	6.36601
700000.0003	6.7876
700000.0003	6.29181
700000.0003	6.25613
700000.0003	4.34407
700000.0003	4.45897
700000.0003	5.00632
700000.0003	2.20117
700000.0003	2.40317
700000.0003	2.04773
700000.0003	2.5301
700000.0003	2.90056
700000.0003	1.72139
700000.0003	2.54052
700000.0003	2.6588
700000.0003	3.21432
700000.0003	2.06036
700000.0003	1.97352
700000.0003	0.975601
700000.0003	1.35512
700000.0003	1.83642
700000.0003	0.643012
700000.0003	1.8094
700000.0003	1.8726
700000.0003	0.442014
700000.0003	2.17403
700000.0003	0.00646304
700000.0003	0.8282
700000.0003	0.211916
700000.0003	1.06866
700000.0003	0.960034
700000.0003	1.70305
700000.0003	2.76472
700000.0003	2.47038
700000.0003	0.756545
700000.0003	0.844973
700000.0003	1.1831
700000.0003	-0.409079
700000.0003	0.875004
700000.0003	0.44578
700000.0003	0.100129
700000.0003	0.619302
700000.0003	0.0840889
700000.0003	1.2667
700000.0003	0.528286
700000.0003	0.872317
700000.0003	-0.0139862
700000.0003	0.00298401
700000.0003	-0.0826105
700000.0003	-0.152115
700000.0003	0.0172583
700000.0003	0.600922
700000.0003	1.45
700000.0003	0.566816
700000.0003	0.0463811
700000.0003	1.18762
700000.0003	0.832737
700000.0003	-0.989395
700000.0003	-0.181087
700000.0003	1.25048
700000.0003	1.45164
700000.0003	-0.430862
700000.0003	0.29379
700000.0003	-0.113074
700000.0003	-1.02304
700000.0003	-0.617678
700000.0003	0.742218
700000.0003	0.205883
700000.0003	0.0541067
700000.0003	0.485636
700000.0003	-0.474592
700000.0003	0.587305
700000.0003	1.01488
700000.0003	0.036188
700000.0003	-0.336462
700000.0003	0.579471
700000.0003	0.141782
700000.0003	0.50307
700000.0003	0.0349086
700000.0003	-0.0613467
700000.0003	1.08794
700000.0003	-1.23334
700000.0003	-0.471002
700000.0003	0.140204
700000.0003	-0.484943
700000.0003	0.295207
700000.0003	0.400213
700000.0003	-0.160516
700000.0003	-0.163943
700000.0003	-0.372287
700000.0003	-0.212623
700000.0003	-0.0969871
700000.0003	1.42011
700000.0003	0.763481
700000.0003	0.254493
700000.0003	-0.0268756
700000.0003	-0.760112
700000.0003	-1.08766
700000.0003	-0.286013
700000.0003	-0.771765
700000.0003	0.485368
700000.0003	-0.925127
700000.0003	0.162944
700000.0003	-0.398446
700000.0003	0.185424
700000.0003	0.167252
700000.0003	-0.786999
700000.0003	-0.572235
700000.0003	-1.08885
700000.0003	-0.931029
700000.0003	-3.25629
700000.0003	-1.10114
700000.0003	-1.35462
700000.0003	-0.438468
700000.0003	-0.603775
700000.0003	-2.25676
700000.0003	-2.02857
700000.0003	-1.77409
700000.0003	-3.82782
700000.0003	-1.75564
700000.0003	-2.41444
700000.0003	-2.02697
700000.0003	-2.56357
700000.0003	-1.75091
700000.0003	-1.78662
700000.0003	-2.90015
700000.0003	-2.43583
700000.0003	-1.53446
700000.0003	-3.4761
700000.0003	-2.68873
700000.0003	-3.62374
700000.0003	-1.98865
700000.0003	-3.18441
700000.0003	-4.00027
700000.0003	-4.67548
700000.0003	-4.43207
700000.0003	-4.01521
700000.0003	-3.25791
700000.0003	-4.92701
700000.0003	-4.39469
700000.0003	-4.888
700000.0003	-4.78162
700000.0003	-4.96524
700000.0003	-5.26034
700000.0003	-5.69275
700000.0003	-5.25822
700000.0003	-6.39726
700000.0003	-6.48365
700000.0003	-7.34624
700000.0003	-6.97181
700000.0003	-7.41495
700000.0003	-7.90355
700000.0003	-8.44896
700000.0003	-8.63821
700000.0003	-8.48329
700000.0003	-8.64374
700000.0003	-9.35618
700000.0003	-9.55676
700000.0003	-9.01083
700000.0003	-11.3334
700000.0003	-12.2429
700000.0003	-12.1502
700000.0003	-13.3783
700000.0003	-13.615
700000.0003	-14.7304
700000.0003	-15.3481
700000.0003	-15.8271
700000.0003	-17.3467
700000.0003	-18.5076
700000.0003	-17.4863
700000.0003	-21.2937
700000.0003	-20.9012
700000.0003	-22.1977
700000.0003	-25.0751
700000.0003	-27.2311
700000.0003	-29.2877
700000.0003	-32.2248
700000.0003	-35.8932
700000.0003	-39.1398
700000.0003	-44.4693
700000.0003	-48.5966
700000.0003	-54.1806
700000.0003	-60.3236
700000.0003	-68.4687
700000.0003	-77.6691
700000.0003	-88.6366
700000.0003	-99.7038
700000.0003	-118.257
700000.0003	-135.93
700000.0003	-156.09
700000.0003	-182.488
700000.0003	-213.189
700000.0003	-248.503
700000.0003	-289.247
700000.0003	-337.759
700000.0003	-389.208
700000.0003	-452.589
700000.0003	-522.577
700000.0003	-602.761
700000.0003	-680.057
700000.0003	-772.698
700000.0003	-868.729
700000.0003	-966.835
700000.0003	-1068.39
700000.0003	-1161.33
700000.0003	-1249.46
700000.0003	-1331.16
700000.0003	-1402.41
700000.0003	-1448.12
700000.0003	-1489.34
700000.0003	-1511.46
700000.0003	-1515.55
700000.0003	-1501.92
700000.0003	-1478.14
700000.0003	-1437.58
700000.0003	-1387.61
700000.0003	-1331.81
700000.0003	-1272.69
700000.0003	-1206.56
700000.0003	-1142.16
700000.0003	-1074.55
700000.0003	-1003.32
700000.0003	-938.467
700000.0003	-869.137
700000.0003	-802.548
700000.0003	-735.15
700000.0003	-671.147
700000.0003	-612.133
700000.0003	-554.324
700000.0003	-495.269
700000.0003	-444.819
700000.0003	-393.625
700000.0003	-348.714
700000.0003	-306.516
700000.0003	-268.18
700000.0003	-232.815
700000.0003	-205.894
700000.0003	-177.987
700000.0003	-155.617
700000.0003	-136.091
700000.0003	-121.071
700000.0003	-106.391
700000.0003	-95.4138
700000.0003	-84.8177
700000.0003	-76.1323
700000.0003	-70.7665
700000.0003	-65.4146
700000.0003	-60.6137
700000.0003	-56.9659
700000.0003	-53.3792
700000.0003	-51.4641
700000.0003	-49.281
700000.0003	-46.9531
700000.0003	-45.3836
700000.0003	-44.5335
700000.0003	-43.5573
700000.0003	-42.1864
700000.0003	-42.1278
700000.0003	-41.4856
700000.0003	-40.5612
700000.0003	-41.7021
700000.0003	-41.5272
700000.0003	-41.4486
700000.0003	-42.5338
700000.0003	-40.6207
700000.0003	-40.9243
700000.0003	-41.3717
700000.0003	-40.2496
700000.0003	-41.1815
700000.0003	-40.5332
700000.0003	-40.5099
700000.0003	-40.4168
700000.0003	-41.0017
700000.0003	-40.6153
700000.0003	-39.7276
700000.0003	-39.7486
700000.0003	-40.9488
700000.0003	-40.0732
700000.0003	-39.8853
700000.0003	-40.3244
700000.0003	-40.6865
700000.0003	-40.2797
700000.0003	-39.4856
700000.0003	-40.6234
700000.0003	-40.276
700000.0003	-39.9679
700000.0003	-39.7354
700000.0003	-39.7301
700000.0003	-40.5794
700000.0003	-40.6379
700000.0003	-40.3415
700000.0003	-39.1783
700000.0003	-40.111
700000.0003	-40.3443
700000.0003	-40.1863
700000.0003	-40.0251
700000.0003	-40.1554
700000.0003	-40.4737
700000.0003	-40.1795
700000.0003	-39.1044
700000.0003	-39.4661
700000.0003	-40.397
700000.0003	-40.2506
700000.0003	-40.5803
700000.0003	-39.9749
700000.0003	-39.0181
700000.0003	-39.3633
700000.0003	-39.2623
700000.0003	-38.8112
700000.0003	-39.7372
700000.0003	-39.8087
700000.0003	-39.7419
700000.0003	-38.7614
700000.0003	-39.484
700000.0003	-39.1895
700000.0003	-39.1717
700000.0003	-39.1402
700000.0003	-39.3921
700000.0003	-39.7627
700000.0003	-39.7994
700000.0003	-39.5719
700000.0003	-38.9896
700000.0003	-40.0348
700000.0003	-38.7423
700000.0003	-39.2649
700000.0003	-38.8667
700000.0003	-37.9924
700000.0003	-38.6302
700000.0003	-37.6907
700000.0003	-38.4623
700000.0003	-37.7177
700000.0003	-38.8387
700000.0003	-38.2567
700000.0003	-38.4242
700000.0003	-37.8488
700000.0003	-38.0684
700000.0003	-37.7556
700000.0003	-37.7039
700000.0003	-36.9499
700000.0003	-36.3809
700000.0003	-36.0897
700000.0003	-35.2928
700000.0003	-35.5855
700000.0003	-35.4626
700000.0003	-33.6677
700000.0003	-33.3476
700000.0003	-32.5243
700000.0003	-31.5195
700000.0003	-29.592
700000.0003	-27.0584
700000.0003	-24.3684
700000.0003	-20.2424
700000.0003	-13.5775
700000.0003	-6.69777
700000.0003	4.3705
700000.0003	17.261
700000.0003	35.7869
700000.0003	0.313049
700000.0003	1.90705
700000.0003	-1.03708
700000.0003	-0.678544
700000.0003	-0.678937
700000.0003	1.40859
700000.0003	0.735203
700000.0003	-0.0368335
700000.0003	-4.33283
700000.0003	0.396202
700000.0003	4.19065
700000.0003	-3.73032
700000.0003	-0.341045
700000.0003	0.213118
700000.0003	1.40009
700000.0003	-2.48599
700000.0003	4.62886
700000.0003	3.09106
700000.0003	-1.455
700000.0003	-0.488231
700000.0003	-1.71918
700000.0003	-0.666034
700000.0003	1.17119
700000.0003	0.105618
700000.0003	-1.69464
700000.0003	2.66764
700000.0003	-0.901238
700000.0003	-1.76118
700000.0003	1.00859
700000.0003	1.0523
700000.0003	-3.32074
700000.0003	-0.0724769
700000.0003	-0.0419225
700000.0003	1.07384
700000.0003	0.0140206
700000.0003	0.479559
700000.0003	1.5005
700000.0003	0.0284175
700000.0003	0.0989235
700000.0003	0.514965
700000.0003	-0.373019
700000.0003	-0.120355
700000.0003	-0.517202
700000.0003	-0.124397
700000.0003	-0.670812
700000.0003	0.0311361
700000.0003	-0.137891
700000.0003	1.08371
700000.0003	0.395768
700000.0003	0.127971
700000.0003	-0.69157
700000.0003	-0.270551
700000.0003	-0.0137786
700000.0003	-0.0222195
700000.0003	0.0422545
700000.0003	-0.1821
700000.0003	-0.168797
700000.0003	-0.319555
700000.0003	0.165947
700000.0003	-0.902904
700000.0003	0.715844
700000.0003	0.516888
700000.0003	0.265978
700000.0003	-0.42299
700000.0003	-1.19938
700000.0003	-0.978131
700000.0003	1.56695
700000.0003	0.781519
700000.0003	-0.261896
700000.0003	0.442958
700000.0003	0.146347
700000.0003	0.273129
700000.0003	-0.00847588
700000.0003	-0.191323
700000.0003	0.336068
700000.0003	0.0670229
700000.0003	0.57642
700000.0003	0.136455
700000.0003	-0.503941
700000.0003	-1.01687
700000.0003	-0.221562
700000.0003	0.167402
700000.0003	-0.0631562
700000.0003	0.517152
700000.0003	-0.979255
700000.0003	-0.462085
700000.0003	1.02648
700000.0003	0.960218
700000.0003	-0.650515
700000.0003	0.0817872
700000.0003	0.22202
700000.0003	0.229696
700000.0003	-0.338689
700000.0003	-0.884899
700000.0003	0.263525
700000.0003	0.0854525
700000.0003	-0.833217
700000.0003	0.277012
700000.0003	0.714902
700000.0003	-0.0133199
700000.0003	0.301918
700000.0003	0.126138
700000.0003	-0.441942
700000.0003	0.296152
700000.0003	-0.0697639
700000.0003	0.175386
700000.0003	-0.301013
700000.0003	0.0283115
700000.0003	-0.300228
700000.0003	0.356124
700000.0003	0.0202717
700000.0003	-0.0378355
700000.0003	-1.07152
700000.0003	-0.282421
700000.0003	0.939993
700000.0003	1.52946
700000.0003	-0.289506
700000.0003	0.822454
700000.0003	-0.512868
700000.0003	-0.725587
700000.0003	-0.405596
700000.0003	0.922792
700000.0003	0.0740174
700000.0003	0.212162
700000.0003	-0.755006
700000.0003	-0.402388
700000.0003	-0.0329678
700000.0003	-0.28802
700000.0003	-0.135362
700000.0003	0.613164
700000.0003	-0.00965918
700000.0003	-0.26516
700000.0003	0.713059
700000.0003	0.0250693
700000.0003	0.391903
700000.0003	-0.216656
700000.0003	-0.548645
700000.0003	0.111484
700000.0003	0.140756
700000.0003	-0.160299
700000.0003	-0.266105
700000.0003	-0.366783
700000.0003	0.178806
700000.0003	-0.119175
700000.0003	-0.433413
700000.0003	-0.0570222
700000.0003	-0.457438
700000.0003	0.820762
700000.0003	-0.265201
700000.0003	0.321109
700000.0003	0.568567
700000.0003	-0.439234
700000.0003	0.0321428
700000.0003	0.491745
700000.0003	-0.64554
700000.0003	-0.2454
700000.0003	-0.446737
700000.0003	-0.0905949
700000.0003	0.635923
700000.0003	0.690268
700000.0003	0.0557921
700000.0003	-0.47109
700000.0003	0.0480939
700000.0003	0.44149
700000.0003	0.184115
700000.0003	0.0939671
700000.0003	-0.232582
700000.0003	0.14151
700000.0003	0.394665
700000.0003	-0.0437541
700000.0003	-0.260279
700000.0003	0.0916052
700000.0003	0.423672
700000.0003	0.488295
700000.0003	-0.877834
700000.0003	-1.9891
700000.0003	1.06954
700000.0003	-0.547053
700000.0003	-0.97829
700000.0003	1.43132
700000.0003	0.0938673
700000.0003	0.247638
700000.0003	0.541078
700000.0003	-0.27553
700000.0003	-1.21847
700000.0003	0.081082
700000.0003	-1.0462
700000.0003	0.253301
700000.0003	-0.0902518
700000.0003	0.436273
700000.0003	-0.0943446
700000.0003	0.516536
700000.0003	1.12218
700000.0003	0.513027
700000.0003	-0.118534
700000.0003	0.265214
700000.0003	-0.271002
700000.0003	0.137393
700000.0003	0.0705081
700000.0003	0.0321194
700000.0003	-0.272118
700000.0003	0.515904
700000.0003	-1.13816
700000.0003	0.42213
700000.0003	-0.17534
700000.0003	-0.965246
700000.0003	0.268784
700000.0003	-0.0252381
700000.0003	0.0575663
700000.0003	0.270062
700000.0003	-0.540824
700000.0003	0.68509
700000.0003	0.580351
700000.0003	0.15628
700000.0003	-0.306959
700000.0003	-0.538976
700000.0003	1.37216
700000.0003	-0.754521
700000.0003	0.882905
700000.0003	0.167717
700000.0003	-2.53709
700000.0003	-0.4756
700000.0003	-0.240953
700000.0003	0.115091
700000.0003	-0.23001
700000.0003	0.971345
700000.0003	1.20902
700000.0003	1.16881
700000.0003	-0.834722
700000.0003	0.439494
700000.0003	-1.18407
700000.0003	-0.574643
700000.0003	-0.23515
700000.0003	2.7837
700000.0003	-1.38375
700000.0003	-0.705739
700000.0003	-0.359118
700000.0003	1.08107
700000.0003	0.178171
700000.0003	1.81344
700000.0003	-1.56034
700000.0003	-0.818415
700000.0003	1.53223
700000.0003	0.191178
700000.0003	2.13229
700000.0003	-1.26795
700000.0003	-1.64821
700000.0003	0.19046
700000.0003	0.0166347
700000.0003	0.217639
700000.0003	-3.26209
700000.0003	1.10937
700000.0003	-1.93566
700000.0003	-3.70286
700000.0003	5.68077
700000.0003	2.37858
700000.0003	2.03864
700000.0003	-3.12487
700000.0003	-0.208413
700000.0003	-3.75842
700000.0003	0.303131
700000.0003	1.08809
700000.0003	0.34473
700000.0003	-0.3377
700000.0003	2.19176
700000.0003	-1.52974
700000.0003	0.992734
700000.0003	0.416583
700000.0003	-1.06609
700000.0003	-0.487164
700000.0003	-1.51995
700000.0003	0.308242
700000.0003	-0.777108
700000.0003	-0.167829
700000.0003	0.659444
700000.0003	0.373166
700000.0003	-1.97511
700000.0003	0.301501
700000.0003	0.487894
700000.0003	1.11164
700000.0003	-1.32634
700000.0003	1.67872
700000.0003	1.15513
700000.0003	2.02899
700000.0003	0.791411
700000.0003	-0.235666
700000.0003	-0.316139
700000.0003	-0.470645
700000.0003	0.362812
700000.0003	-0.527526
700000.0003	1.09947
700000.0003	0.803696
700000.0003	-0.270873
700000.0003	-0.688013
700000.0003	-0.18184
700000.0003	-0.216079
700000.0003	0.438091
700000.0003	0.202312
700000.0003	0.828432
700000.0003	-0.314133
700000.0003	0.457728
700000.0003	0.282857
700000.0003	0.332171
700000.0003	0.836201
700000.0003	0.266572
700000.0003	-0.203061
700000.0003	0.238896
700000.0003	0.103271
700000.0003	-0.632816
700000.0003	0.538498
700000.0003	-0.533935
700000.0003	-0.504748
700000.0003	-0.23784
700000.0003	-0.378611
700000.0003	-0.398829
700000.0003	-0.028234
700000.0003	0.0481132
700000.0003	0.614071
700000.0003	-0.369223
700000.0003	-0.624826
700000.0003	0.33201
700000.0003	-0.552159
700000.0003	-0.080399
700000.0003	-1.61736
700000.0003	-0.762252
700000.0003	0.0391915
700000.0003	0.22674
700000.0003	-0.25307
700000.0003	0.0246346
700000.0003	-0.162258
700000.0003	0.345075
700000.0003	-0.0552168
700000.0003	0.0076377
700000.0003	-0.087973
700000.0003	-1.09647
700000.0003	-0.636579
700000.0003	-0.490157
700000.0003	-0.313758
700000.0003	-0.801844
700000.0003	-0.131766
700000.0003	0.0573968
700000.0003	0.515971
700000.0003	-0.954686
700000.0003	0.011303
700000.0003	-0.389512
700000.0003	0.354709
700000.0003	-0.154032
700000.0003	0.706911
700000.0003	-0.322122
700000.0003	-0.802426
700000.0003	-0.0610293
700000.0003	0.0821521
700000.0003	0.133361
700000.0003	-0.762031
700000.0003	-0.152304
700000.0003	0.130421
700000.0003	0.886534
700000.0003	0.74392
700000.0003	0.396895
700000.0003	-0.200019
700000.0003	0.739833
700000.0003	0.701707
700000.0003	0.848152
700000.0003	-0.176228
700000.0003	0.0548702
700000.0003	-0.488747
700000.0003	-0.568446
700000.0003	0.467216
700000.0003	0.599602
700000.0003	-0.163052
700000.0003	0.819606
700000.0003	0.618108
700000.0003	0.794636
700000.0003	0.849899
700000.0003	0.230156
700000.0003	-0.772844
700000.0003	-0.39395
700000.0003	0.461836
700000.0003	-0.0240965
700000.0003	-0.0650264
700000.0003	0.605898
700000.0003	-0.27861
700000.0003	-0.970463
700000.0003	0.515561
700000.0003	-0.193646
700000.0003	-0.0498301
700000.0003	-0.416548
700000.0003	-0.174871
700000.0003	0.154401
700000.0003	-0.237268
700000.0003	0.349589
700000.0003	-0.185136
700000.0003	0.469481
700000.0003	-0.765398
700000.0003	-0.880296
700000.0003	-0.247761
700000.0003	-0.571505
700000.0003	0.984184
700000.0003	0.207981
700000.0003	-0.577354
