700000.0003	2961.65	2961.62	2961.9	2960.7	2958.77	2959.75	2956.92	2957.39	2958.28	2957.74	2956.65	2959.46	2958.2	2961.68	2960.61
700000.0003	1534.31	1536.29	1533.93	1536.59	1531.55	1532.9	1533.7	1529.6	1534.59	1533.05	1531.95	1532.24	1532.02	1533.05	1536.38
700000.0003	193.444	194.968	193.96	194.271	193.747	194.229	195.501	192.797	194.286	193.365	192.893	192.528	193.587	194.377	194.509
700000.0003	32.5346	32.2677	32.3834	32.1502	32.3633	32.7134	32.0833	31.7725	32.6264	32.1089	32.3674	32.3063	32.3881	32.7216	32.8602
700000.0003	19.3259	19.281	19.2025	19.3189	19.2997	19.4201	19.4406	19.2256	19.1587	19.6198	19.1204	18.8596	19.8113	19.2075	19.3285
700000.0003	16.7969	16.774	16.5148	16.8504	16.467	16.8996	16.6391	16.7012	16.5545	16.4886	17.189	16.4562	16.9815	16.6194	16.6092
700000.0003	15.1129	15.2143	15.3375	15.2813	15.2546	15.5109	14.9815	15.4252	15.7834	15.5183	15.6649	15.0245	15.3378	15.1835	15.0834
700000.0003	14.595	14.509	14.7932	14.3969	14.4424	14.4549	14.5612	14.6941	14.454	14.6668	14.8981	14.3398	14.859	14.0671	14.4858
700000.0003	14.4126	14.1426	14.0424	14.2906	14.0413	13.9163	14.0179	13.9676	13.9746	14.0437	13.9108	14.4627	14.0525	13.7503	14.0824
700000.0003	13.7695	13.4542	13.7017	13.9437	13.6591	14.1446	13.9049	13.8511	13.8803	13.7991	13.8657	13.8702	13.5364	14.0008	13.657
700000.0003	13.5597	13.1125	13.1344	13.4249	13.5742	13.7476	13.4186	13.2755	13.6486	13.8236	13.0281	13.5455	13.5541	13.219	13.7356
700000.0003	13.3442	13.0665	13.4005	13.2807	13.3102	13.6453	13.3638	13.3419	13.5805	13.3011	13.1362	13.1756	13.4462	13.4139	13.5292
700000.0003	13.1975	13.6491	13.2789	13.1382	13.1987	13.2315	13.3366	13.314	13.0807	13.428	13.1748	13.0671	13.1337	13.4898	13.3183
700000.0003	13.4089	13.1759	13.6444	13.1594	13.3087	12.8166	13.2386	13.1741	13.2317	13.3559	13.2771	13.2366	13.3452	13.0649	13.6209
700000.0003	13.5591	13.3804	13.3237	13.4179	13.5023	13.3995	13.0359	13.185	13.4324	13.5708	13.366	13.4086	13.565	14.0372	13.5729
700000.0003	14.0644	13.9472	14.1026	13.8417	13.8823	13.9637	14.1079	13.9253	13.6573	13.9875	13.9466	14.088	14.1024	13.578	13.9976
700000.0003	15.2391	15.2602	14.8276	14.9342	15.0994	15.306	15.2823	15.2545	15.0919	14.8861	15.5515	14.6295	14.9866	15.1768	15.0927
700000.0003	17.1169	16.8586	17.0305	17.2477	16.8467	16.6982	17.0413	17.4006	16.8906	17.102	16.9808	16.9519	17.0872	16.747	17.0966
700000.0003	20.5488	20.227	19.8844	19.8656	19.8198	19.5284	19.8939	19.6451	19.6945	19.8072	19.9363	19.7605	19.7402	19.7958	19.6032
700000.0003	24.5876	24.174	24.0389	24.2797	23.9035	24.2039	23.9694	23.8499	23.8139	24.0208	24.2321	24.44	24.1882	23.6959	24.256
700000.0003	30.6293	31.1931	30.7145	30.7283	30.5668	30.8252	30.3516	30.9324	30.6911	30.6961	31.2637	30.5157	30.6686	30.6344	30.8546
700000.0003	41.7736	41.344	42.1426	42.6327	42.3899	41.74	42.0304	41.879	42.3267	41.9124	41.7986	41.9346	42.5061	42.3325	42.5361
700000.0003	67.3941	67.5419	67.326	67.5789	67.0095	67.1236	67.2702	67.5647	67.6228	67.554	68.0752	66.7476	67.8684	67.2666	67.5766
700000.0003	156.382	155.284	154.545	155.478	155.229	155.125	155.425	155.667	155.298	155.117	155.445	155.877	155.753	155.801	155.715
700000.0003	517.157	516.048	516.163	516.119	516.722	514.727	515.729	515.545	514.249	517.105	516.97	514.894	517.109	517.336	516.985
700000.0003	1360.84	1362.86	1364.14	1361.79	1363.48	1361.01	1359.37	1360.4	1360.44	1362.21	1364.57	1361.77	1363.4	1362.2	1363.3
700000.0003	2198.97	2202.04	2202.72	2203.9	2201.25	2201.19	2199.36	2199.81	2200.08	2202.67	2202.52	2203.01	2200.64	2201.26	2201.35
700000.0003	2641.6	2639.38	2644.46	2645.08	2643.35	2641.71	2642.05	2639.84	2641.69	2640.92	2643.74	2643.36	2641.66	2641.21	2640.13
700000.0003	2788.41	2787.32	2791.87	2788.89	2789.74	2789.85	2787.59	2787.74	2787.31	2789.07	2789.42	2789.65	2790.84	2787.12	2788.49
700000.0003	2834.26	2836.88	2836.76	2836.77	2835.41	2836.01	2834.64	2835.57	2835.23	2836.54	2836.37	2835.58	2838.6	2834.99	2835.46
700000.0003	2866.48	2863.85	2865.06	2866.81	2868.01	2864.46	2864.5	2863.9	2865.85	2864.14	2864.45	2864.81	2863.33	2868.09	2866.32
700000.0003	2894.23	2894.06	2892.67	2894.9	2891.78	2893	2892.95	2893.25	2890.49	2890.97	2893.62	2891.43	2893.27	2890.92	2894.5
700000.0003	2921.18	2922.48	2921.11	2919.43	2921.22	2920.35	2920.08	2919.86	2919.35	2917.31	2917.78	2921.11	2921.72	2918.83	2919.17
700000.0003	2950.1	2948.3	2946.17	2946.92	2951.64	2950.35	2942.31	2945.41	2947.43	2947.35	2942.92	2945.6	2948.78	2949.82	2945.72
700000.0003	2975.93	2977.06	2974.79	2972.82	2976.59	2975.36	2973.8	2972.58	2974.09	2972.01	2971.93	2974.97	2973.9	2974.01	2970.35
700000.0003	3001.02	2999.99	3002.26	3002.77	2999.56	3000.26	3001.67	3002.42	3000.53	2997.45	2997.94	3000.53	3000.1	3002.16	3001.58
700000.0003	3029	3026.16	3028.95	3031.43	3026.33	3025.08	3027.11	3028.3	3023.62	3023.14	3029.03	3028.95	3024.9	3024.89	3031.2
700000.0003	3057.32	3053.56	3052.31	3056.44	3056.33	3049.26	3051	3056.77	3051.63	3047.92	3052.28	3054.79	3052.71	3049.69	3057.43
700000.0003	3081.84	3081.01	3078.78	3081.97	3079.44	3074.56	3077.15	3081.02	3078.09	3074.46	3075.52	3080.03	3077.8	3077.79	3078.25
700000.0003	3102.99	3101.88	3096.09	3096.06	3099.43	3098.48	3094.65	3096.12	3095.4	3093.77	3095.61	3098.15	3098.13	3096.37	3096.47
700000.0003	-0.0859693	-0.367369	0.529814	-1.18262	-1.47215	1.8633	-0.153246	0.206942	0.503392	-0.0967809	-0.0521149	-0.528909	-0.242672	1.46777	-0.63
700000.0003	0.0785413	-0.238438	-1.29494	-0.00958973	-0.0148741	-0.867762	-0.672053	-0.528452	0.523595	-1.40394	-0.105552	0.685059	0.659731	0.151848	0.173318
700000.0003	0.0283486	0.562391	0.125157	-0.406424	-0.0481204	0.109589	-0.481543	0.0209631	-0.198366	-0.442936	-0.0813041	-0.276548	0.0990306	-0.616426	0.250263
700000.0003	-0.0199964	0.111256	0.0381927	-0.155937	0.0335434	0.150152	0.0457346	-0.1732	-0.055096	0.0632158	0.213458	0.0724295	0.101899	-0.0663238	-0.0875087
700000.0003	0.0608694	-0.159521	0.0283773	0.0747895	0.177609	-0.105616	-0.0958145	0.046666	0.0301743	-0.0541646	-0.109785	0.20569	-0.119653	0.238044	0.0319978
700000.0003	-0.114865	-0.0354284	-0.024378	0.142701	-0.00813829	0.00221812	0.0950791	-0.239306	-0.0535567	0.0944667	-0.0664855	-0.164241	0.232023	0.0515536	0.0573877
700000.0003	0.18955	-0.0702513	-0.0332051	-0.296833	-0.0620089	-0.139352	0.121549	0.0462616	0.178017	-0.138596	-0.0292285	0.128736	-0.0335903	-0.0146502	0.0675904
700000.0003	-0.153844	-0.177831	-0.188086	-0.0224819	-0.118292	0.121907	-0.207448	-0.0105423	0.108357	-0.117872	-0.114799	0.028801	-0.00992838	0.0676992	-0.107202
700000.0003	-0.229389	0.0130391	-0.0885187	0.001923	-0.00439904	-0.0466783	-0.00349213	0.0423537	0.0175227	0.0188154	-0.0682524	-0.174704	0.0218823	-0.119499	-0.0367023
700000.0003	-0.0647295	-0.203911	-0.029001	0.0831058	-0.131329	-0.0464065	0.0545732	0.267746	-0.072127	-0.0575559	-0.170428	0.0993314	0.0244373	0.177007	0.0614209
700000.0003	-0.0936959	0.0938278	-0.0536482	0.0465698	-0.0847357	-0.176739	-0.0781213	0.110999	0.153264	-0.119246	0.07579	-0.0882925	-0.0684213	-0.116521	0.0174653
700000.0003	0.0467826	0.0124441	0.111239	-0.0219132	0.0575493	-0.0686807	0.102671	0.137398	0.130143	-0.102683	0.0167793	0.170019	0.10414	0.031942	0.0476487
700000.0003	0.276863	0.104176	-0.196828	0.0769877	-0.0207743	0.129236	0.0703559	-0.0641939	0.111085	-0.0986814	0.158308	0.0233318	-0.072465	0.0195556	-0.0727279
700000.0003	-0.0170384	-0.0892678	0.193876	-0.113388	-0.0905513	-0.145143	-0.165477	-0.00498376	0.104151	0.0574015	-0.18467	0.130803	0.131668	0.202199	0.0634643
700000.0003	-0.0364428	0.0167143	-0.118902	0.0973114	0.139169	0.0308992	-0.0854734	-0.100951	0.0745409	-0.149665	0.053633	-0.0501918	0.0263761	0.175699	-0.0366465
700000.0003	0.0402148	0.0563016	0.0773861	0.0554005	-0.165211	0.113086	0.000211551	-0.117131	0.0500005	-0.0942423	0.0440599	-0.114889	0.109149	-0.139859	0.11748
700000.0003	-0.0242287	0.0945809	0.0477796	-0.00893858	-0.0162152	-0.0568585	-0.0615989	0.13887	0.0978476	-0.112329	-0.113441	-0.188915	0.159899	-0.0677945	0.140267
700000.0003	0.108442	-0.0358944	0.257726	0.0216163	0.0202418	0.0120703	-0.140532	0.0483125	0.116481	-0.0200827	-0.117456	-0.0911464	-0.123231	-0.0125787	0.0672064
700000.0003	0.138216	0.0987226	-0.0043757	0.0825598	0.096015	-0.0556547	-0.00792238	0.0781471	0.0951464	0.112372	0.202784	0.0527115	-0.0541166	-0.0767425	0.24154
700000.0003	0.107941	0.25557	0.0586463	0.106309	0.0131461	-0.119786	0.0537694	0.113834	-0.0140815	0.0449697	0.377336	0.0727978	-0.105805	0.117146	0.00325296
700000.0003	0.0443633	-0.0984869	-0.117029	-0.09934	0.215593	0.01638	0.0440991	-0.0419868	0.0895771	-0.134576	0.21684	0.0124712	0.088637	0.0194995	0.0245814
700000.0003	0.0563518	0.0716931	0.0928436	-0.0176987	0.0568962	0.0534652	-0.259034	0.152519	0.116969	-0.0719346	0.0666266	0.0740273	-0.0298572	0.305615	0.00729744
700000.0003	-0.0322624	0.0770539	0.0661372	0.15223	0.00707014	0.0977811	-0.00647542	-0.202558	-0.0687639	0.0404827	0.038224	-0.161741	-0.298502	-0.0254869	0.142986
700000.0003	-0.192247	0.155475	-0.117409	-0.221447	0.212949	0.361058	-0.218917	0.456572	-0.158295	-0.189637	-0.00758245	-0.117434	0.95351	-0.258306	-0.2073
700000.0003	0.0822461	0.151293	-1.15139	0.942789	-0.236158	0.601549	-0.0485676	0.305942	0.663484	0.368018	0.0647681	-0.272621	0.277978	-0.067661	0.476398
700000.0003	0.944908	1.14409	0.423784	-0.733997	-0.728932	0.457496	0.47679	-0.0709136	0.118953	0.452706	0.30203	-0.358589	-0.487623	0.0754782	0.15183
700000.0003	-0.38212	-0.498891	-0.0315892	-0.409413	-0.833021	0.464226	0.651714	0.158052	-0.721314	-0.0741291	-0.510975	0.540353	-0.708598	-0.482876	0.509608
700000.0003	-0.454605	-0.555658	-0.141972	-0.786139	0.101664	0.310039	-0.195826	-0.301026	-0.794407	0.410872	-0.585378	0.743382	0.233642	-0.760016	-0.573248
700000.0003	-0.25966	-0.332095	-0.579381	-0.161876	-0.107926	0.672781	-0.140887	-0.0533492	-0.991679	-1.24552	0.194063	1.23804	0.741633	0.551167	1.19871
700000.0003	0.0130441	-0.611828	-0.250421	-0.147297	0.478047	-0.467789	0.85525	-0.20695	-0.513749	-1.33511	0.140631	0.287913	1.48374	1.58255	0.68997
700000.0003	0.138393	0.144815	-1.05698	-0.550161	0.789649	0.665852	0.438308	-0.428075	0.0594799	-0.304032	-0.638361	0.477585	0.583218	1.5325	0.472219
700000.0003	0.871857	-0.869663	0.0426439	0.191407	0.434829	0.473833	-0.131489	-0.0885385	0.0200605	-0.792041	-0.206821	0.604663	0.165487	-0.297705	0.637526
700000.0003	-0.295327	0.0620919	0.116058	0.447731	-0.0826132	-0.758685	-0.216106	0.69695	0.807762	-1.18243	-0.372038	0.295173	0.25308	-0.333217	-0.324951
700000.0003	-0.135414	-0.115143	-0.407787	-0.692113	0.0706965	0.353661	0.129468	-0.466519	-0.744568	0.864163	0.341695	-0.160558	-0.458756	0.335575	-0.413702
700000.0003	-1.20858	-0.60397	-0.120269	-0.360486	-0.435826	1.13134	0.29809	-0.544909	-0.762964	0.382309	0.860849	-0.0358104	0.668901	0.133282	-0.360281
700000.0003	-1.05583	-0.482617	0.527936	-1.18924	-0.824486	0.101314	0.253567	-0.746555	0.824769	0.606313	0.650563	0.0612862	0.380422	0.41357	-0.072511
700000.0003	-0.293208	-1.69702	-1.71511	-0.140929	-0.589114	-0.697362	-0.280885	1.08944	0.197087	0.283641	0.295007	0.364894	0.80376	-0.181527	-0.00410514
700000.0003	-0.120463	-0.300917	-1.53635	-1.40484	-0.0903285	-0.447831	-0.459415	0.563139	-0.24241	-0.187369	-0.00502795	0.896453	0.720268	-0.340562	-0.975111
700000.0003	0.494033	-1.11734	-1.88888	-0.230341	-0.302766	-0.466539	0.0243193	-1.22726	-0.0308699	0.99413	0.183549	0.449621	0.127954	-0.544025	0.100268
700000.0003	-1.07986	-0.025179	0.128486	-1.10706	-0.151956	-0.291186	0.0215527	0.448884	-0.178151	-0.1472	0.849844	0.154656	1.08311	0.283186	-0.610847
700000.0003	2916.21	2914.94	2913.48	2914.45	2912.3	2908.79	2913.04	2911.62	2911.7	2911.21	2911.89	2911.46	2911.6	2913.73	2914.65
700000.0003	1607.42	1607.37	1606.74	1606.55	1604.13	1604.77	1603.72	1605.32	1606.31	1606.15	1603.99	1603.68	1604.09	1604.28	1605.38
700000.0003	174.505	174.321	173.315	174.516	174.17	173.863	175.268	172.465	174.992	172.6	172.709	173.43	173.942	173.708	174.422
700000.0003	28.434	28.0602	28.3787	27.9291	28.3466	28.7597	28.2036	28.0941	28.2771	28.3414	28.4013	28.1069	28.179	28.7433	28.6912
700000.0003	18.675	18.1058	18.3731	18.4738	18.327	18.2704	18.3238	18.2387	18.0897	18.414	17.8247	18.0071	18.4337	18.4283	18.2291
700000.0003	16.1178	16.1819	15.8913	16.0685	16.2712	16.3093	16.5062	15.9985	15.7941	15.8826	15.4409	16.0098	16.1806	15.9765	15.8869
700000.0003	14.7386	15.0229	14.9465	14.9004	15.2154	15.1584	14.9666	15.4244	15.4248	15.2351	15.2595	14.9995	14.8508	14.8662	14.7745
700000.0003	14.518	14.1659	14.2083	14.2841	14.2603	13.9563	14.6022	14.2525	14.0835	13.9916	14.2065	14.2178	14.4982	14.1284	14.0355
700000.0003	13.9371	14.0575	13.9443	14.0393	13.8722	13.628	13.8118	13.8378	13.8456	14.019	13.7902	14.1539	13.8127	13.8854	13.8831
700000.0003	13.5135	13.3328	13.6746	13.885	13.7987	13.5349	13.7166	13.641	13.5572	13.7652	13.5248	13.3992	13.5594	14.2126	13.6853
700000.0003	13.462	13.0077	13.4479	13.2075	13.2874	13.3607	13.2887	13.3655	13.632	13.8144	13.4228	13.1363	13.4135	13.2031	13.7736
700000.0003	13.5767	13.216	13.2664	13.404	13.3298	13.5133	13.1984	13.2521	13.6171	13.1169	13.3982	13.0984	13.1999	13.3824	13.3132
700000.0003	13.2506	13.1566	13.5382	13.4325	13.3066	13.3061	13.2153	13.3794	13.0876	13.4335	13.4225	13.3386	13.4038	13.6079	13.5253
700000.0003	13.6251	13.3696	13.443	13.1537	13.382	13.0612	13.5765	13.425	13.1638	13.1358	13.0085	13.3011	13.2854	13.4468	13.6779
700000.0003	13.6388	13.4848	13.2439	13.0815	13.6381	13.4993	13.5403	13.2079	13.2327	13.5643	13.6093	13.3906	13.4073	13.7522	13.6131
700000.0003	14.1038	13.9434	14.1776	13.9019	14.2382	14.0706	13.9508	14.2786	14.0599	13.8576	14.0091	13.9422	14.1003	13.583	14.1259
700000.0003	15.026	14.9867	15.1265	15.1395	15.1991	15.4118	15.3658	15.0515	14.7983	15.1914	15.1633	14.9462	14.8088	15.4621	15.5747
700000.0003	17.0754	16.6325	16.7885	16.9786	16.9875	16.5449	16.8453	17.0716	16.8196	17.0725	16.7348	16.882	17.3776	16.703	17.0769
700000.0003	19.8973	19.7675	19.7792	19.9472	19.846	19.2935	19.2708	20.0637	19.8771	19.7692	19.8141	19.6625	19.7257	19.8687	19.8089
700000.0003	23.8903	23.949	24.0179	24.2079	24.0275	23.9738	23.8188	23.6339	23.6145	23.8383	24.2767	24.0239	23.9798	23.7982	24.1667
700000.0003	30.5363	30.0992	30.4775	30.9928	30.4746	30.7527	30.6462	31.0347	30.4212	30.3636	30.4581	30.8595	30.1147	30.6484	30.6511
700000.0003	41.3283	41.2857	41.5842	42.0386	42.1991	41.6133	41.7881	41.9206	41.7756	42.1165	41.3048	40.8699	41.843	41.6733	41.8653
700000.0003	66.1422	66.56	66.7242	66.5774	65.9532	66.3443	66.4624	66.7555	66.5638	66.1335	66.5313	66.6046	66.983	66.2082	66.8704
700000.0003	152.793	152.62	152.602	152.603	152.634	152.481	152.616	153.022	152.77	152.515	152.763	153.169	153.249	153.496	152.948
700000.0003	520.776	520.226	521.03	520.465	520.637	519.379	518.296	520.611	520.468	521.31	521.454	519.147	520.094	521.86	522.601
700000.0003	1362.18	1364.79	1366.03	1362.33	1363.55	1361.63	1361.45	1362.01	1361.23	1363.58	1366	1364.75	1363.8	1365.43	1364.97
700000.0003	2153.86	2156.26	2154.06	2154.25	2152.52	2153.45	2152.52	2152.65	2154.51	2153.11	2154.28	2155.22	2153.05	2155.31	2155.35
700000.0003	2588.47	2583.07	2588.07	2588.05	2586.69	2587.18	2588.57	2582.83	2586.6	2585.7	2587.44	2588.95	2586.13	2586.56	2585.33
700000.0003	2779.07	2779.96	2778.95	2780.26	2780.78	2780.67	2780.52	2780.8	2778.05	2780.68	2779.35	2780.51	2781.58	2777.88	2779.18
700000.0003	2865.77	2868.85	2867.64	2869.54	2866.72	2868.52	2865.17	2869.98	2867.5	2866.3	2866.38	2866.26	2868.54	2865.85	2866.5
700000.0003	2906.1	2909.71	2908.53	2906.98	2906.38	2905.62	2907.2	2907.3	2906.93	2906.62	2905.39	2906.21	2906.35	2908.2	2908.21
700000.0003	2933.71	2931.6	2933.46	2934.62	2931.54	2936.45	2935.2	2932.9	2931.57	2933.83	2933.84	2930.79	2931.72	2931.48	2933.64
700000.0003	2954.81	2953.96	2955.64	2953.79	2955.75	2953.63	2955.86	2953.85	2956.58	2952.9	2955.17	2954.44	2953.76	2954.02	2954.3
700000.0003	2973.65	2972.91	2973.47	2974.76	2974.28	2971.61	2972.22	2972.7	2973.98	2973.14	2972.34	2972.68	2972.43	2973.58	2972.62
700000.0003	2990.23	2991.78	2989.71	2988.51	2992.53	2991.02	2991.41	2990.22	2989.66	2989.71	2989.54	2989.42	2989.28	2990	2986.68
700000.0003	3005.4	3006	3006.21	3006.23	3006.49	3008.86	3008.31	3006.61	3007.86	3008.24	3006.11	3005.1	3006.47	3005.86	3005.88
700000.0003	3022.98	3022.31	3024.92	3024.69	3021.67	3024.73	3021.56	3024.86	3023.64	3024.79	3022.94	3025.03	3023.99	3025.59	3023.83
700000.0003	3043.39	3044.78	3044.32	3042.19	3043.41	3042.15	3040.81	3043.71	3041.69	3042	3043.97	3043.36	3043.56	3043.95	3045.99
700000.0003	3069.43	3068.88	3067.61	3069.61	3068.52	3067.05	3068.23	3069.23	3066.75	3067.48	3068.06	3067.91	3069.04	3068.38	3068.92
700000.0003	3085.58	3086.39	3084.64	3083.38	3085.31	3085.16	3083.72	3082.79	3082.38	3082.83	3084.12	3086.09	3085.68	3084.64	3085.61
