700000.0003	1472671
700000.0003	1467035
700000.0003	1469194
700000.0003	1479241
700000.0003	1486847
700000.0003	1489040
700000.0003	1477539
700000.0003	1450673
700000.0003	1418510
700000.0003	1394159
700000.0003	1384685
700000.0003	1384822
700000.0003	1376167
700000.0003	1343760
700000.0003	1274123
700000.0003	1165161
700000.0003	1034186
700000.0003	902003
700000.0003	774546
700000.0003	668347
700000.0003	576660
700000.0003	497054
700000.0003	430511
700000.0003	375010
700000.0003	328946
700000.0003	289444
700000.0003	257617
700000.0003	232262
700000.0003	211881
700000.0003	194557
700000.0003	179808
700000.0003	167541
700000.0003	157786
700000.0003	149924
700000.0003	143418
700000.0003	137113
700000.0003	132664
700000.0003	129036
700000.0003	125754
700000.0003	123649
700000.0003	122292
700000.0003	119797
700000.0003	118128
700000.0003	117455
700000.0003	116176
700000.0003	114935
700000.0003	114452
700000.0003	113000
700000.0003	112809
700000.0003	111262
700000.0003	111408
700000.0003	109652
700000.0003	109554
700000.0003	109248
700000.0003	107907
700000.0003	107733
700000.0003	107471
700000.0003	107487
700000.0003	106275
700000.0003	105674
700000.0003	104622
700000.0003	104551
700000.0003	105381
700000.0003	104344
700000.0003	103863
700000.0003	103437
700000.0003	103542
700000.0003	103094
700000.0003	102920
700000.0003	102283
700000.0003	102431
700000.0003	101408
700000.0003	101246
700000.0003	101511
700000.0003	101193
700000.0003	100913
700000.0003	100930
700000.0003	100102
700000.0003	100558
700000.0003	100104
700000.0003	99851
700000.0003	99447
700000.0003	99457
700000.0003	99776
700000.0003	99458
700000.0003	99044
700000.0003	99455
700000.0003	99662
700000.0003	98653
700000.0003	98989
700000.0003	98932
700000.0003	98437
700000.0003	98355
700000.0003	98991
700000.0003	98700
700000.0003	98210
700000.0003	98197
700000.0003	98413
700000.0003	98540
700000.0003	98462
700000.0003	97639
700000.0003	97754
700000.0003	97564
700000.0003	97646
700000.0003	97351
700000.0003	97602
700000.0003	97458
700000.0003	97474
700000.0003	97273
700000.0003	97443
700000.0003	96547
700000.0003	96711
700000.0003	97091
700000.0003	97529
700000.0003	97092
700000.0003	97343
700000.0003	97081
700000.0003	96665
700000.0003	96297
700000.0003	96511
700000.0003	97504
700000.0003	97079
700000.0003	96843
700000.0003	97366
700000.0003	97250
700000.0003	96515
700000.0003	97176
700000.0003	96836
700000.0003	97122
700000.0003	97066
700000.0003	96783
700000.0003	97350
700000.0003	96529
700000.0003	97216
700000.0003	96649
700000.0003	96707
700000.0003	96738
700000.0003	96631
700000.0003	96915
700000.0003	97024
700000.0003	97406
700000.0003	97249
700000.0003	97176
700000.0003	97274
700000.0003	97074
700000.0003	97050
700000.0003	97488
700000.0003	97724
700000.0003	98322
700000.0003	97529
700000.0003	98699
700000.0003	97934
700000.0003	99212
700000.0003	99703
700000.0003	99580
700000.0003	100073
700000.0003	100642
700000.0003	100307
700000.0003	101308
700000.0003	101530
700000.0003	102026
700000.0003	102236
700000.0003	103289
700000.0003	103480
700000.0003	104229
700000.0003	104716
700000.0003	105397
700000.0003	105815
700000.0003	107527
700000.0003	107343
700000.0003	108624
700000.0003	108999
700000.0003	110046
700000.0003	111202
700000.0003	111277
700000.0003	112106
700000.0003	112920
700000.0003	113782
700000.0003	115307
700000.0003	115536
700000.0003	117439
700000.0003	118632
700000.0003	119352
700000.0003	120162
700000.0003	122153
700000.0003	124062
700000.0003	124252
700000.0003	125775
700000.0003	127078
700000.0003	129122
700000.0003	130703
700000.0003	132147
700000.0003	134473
700000.0003	134754
700000.0003	137503
700000.0003	139061
700000.0003	140336
700000.0003	142145
700000.0003	144278
700000.0003	146741
700000.0003	148927
700000.0003	152061
700000.0003	153910
700000.0003	156127
700000.0003	158386
700000.0003	162051
700000.0003	164427
700000.0003	166512
700000.0003	170161
700000.0003	172531
700000.0003	176881
700000.0003	179376
700000.0003	183684
700000.0003	187049
700000.0003	191674
700000.0003	195258
700000.0003	200059
700000.0003	204220
700000.0003	210163
700000.0003	214634
700000.0003	219926
700000.0003	227125
700000.0003	233434
700000.0003	239982
700000.0003	247358
700000.0003	255644
700000.0003	263766
700000.0003	272615
700000.0003	282748
700000.0003	295044
700000.0003	307343
700000.0003	320254
700000.0003	336135
700000.0003	350482
700000.0003	370142
700000.0003	390069
700000.0003	413462
700000.0003	435980
700000.0003	464079
700000.0003	494361
700000.0003	527188
700000.0003	563288
700000.0003	599888
700000.0003	641211
700000.0003	686417
700000.0003	729405
700000.0003	778187
700000.0003	827155
700000.0003	876858
700000.0003	925598
700000.0003	973627
700000.0003	1017818
700000.0003	1062945
700000.0003	1104961
700000.0003	1139732
700000.0003	1172905
700000.0003	1204382
700000.0003	1230320
700000.0003	1254810
700000.0003	1274310
700000.0003	1292102
700000.0003	1310980
700000.0003	1327384
700000.0003	1340989
700000.0003	1351128
700000.0003	1361526
700000.0003	1374807
700000.0003	1383193
700000.0003	1388805
700000.0003	1397345
700000.0003	1405166
700000.0003	1410472
700000.0003	1415692
700000.0003	1419666
700000.0003	1423262
700000.0003	1428567
700000.0003	1431688
700000.0003	1434027
700000.0003	1439805
700000.0003	1440281
700000.0003	1442280
700000.0003	1445066
700000.0003	1446353
700000.0003	1448843
700000.0003	1450442
700000.0003	1450507
700000.0003	1452540
700000.0003	1453626
700000.0003	1454134
700000.0003	1456391
700000.0003	1455540
700000.0003	1456048
700000.0003	1457085
700000.0003	1457521
700000.0003	1457170
700000.0003	1457598
700000.0003	1457947
700000.0003	1459565
700000.0003	1459404
700000.0003	1457928
700000.0003	1458860
700000.0003	1458542
700000.0003	1459772
700000.0003	1458624
700000.0003	1458546
700000.0003	1459606
700000.0003	1461305
700000.0003	1460688
700000.0003	1458197
700000.0003	1459151
700000.0003	1459800
700000.0003	1459957
700000.0003	1461101
700000.0003	1459527
700000.0003	1461402
700000.0003	1461527
700000.0003	1461653
700000.0003	1458690
700000.0003	1461129
700000.0003	1460007
700000.0003	1462726
700000.0003	1462551
700000.0003	1461605
700000.0003	1460962
700000.0003	1462193
700000.0003	1463237
700000.0003	1460580
700000.0003	1461767
700000.0003	1462266
700000.0003	1465252
700000.0003	1463063
700000.0003	1463491
700000.0003	1461520
700000.0003	1463659
700000.0003	1464515
700000.0003	1462260
700000.0003	1464894
700000.0003	1463884
700000.0003	1466967
700000.0003	1464375
700000.0003	1464127
700000.0003	1462939
700000.0003	1465852
700000.0003	1466947
700000.0003	1464561
700000.0003	1466552
700000.0003	1465244
700000.0003	1468476
700000.0003	1466271
700000.0003	1466140
700000.0003	1464427
700000.0003	1467993
700000.0003	1469961
700000.0003	1468057
700000.0003	1468076
700000.0003	1467122
700000.0003	1468823
700000.0003	1469598
700000.0003	1468505
700000.0003	1467336
700000.0003	1470938
700000.0003	1472282
700000.0003	1469775
700000.0003	1469673
700000.0003	1468164
700000.0003	1472658
700000.0003	1473447
700000.0003	1470480
700000.0003	1472711
700000.0003	1473408
700000.0003	1472683
700000.0003	1472566
700000.0003	1472276
700000.0003	1474028
700000.0003	1476229
700000.0003	1475673
700000.0003	1475013
700000.0003	1475259
700000.0003	1474863
700000.0003	1476926
700000.0003	1476439
700000.0003	1478556
700000.0003	1480342
700000.0003	1479694
700000.0003	1478143
700000.0003	1476639
700000.0003	1478176
700000.0003	1480363
700000.0003	1482083
700000.0003	1486060
700000.0003	1486785
700000.0003	1481799
700000.0003	1480532
700000.0003	1476314
700000.0003	1479286
700000.0003	1483036
700000.0003	1488661
700000.0003	1491541
700000.0003	1492472
700000.0003	1479055
