700000.0003	0.0264359
700000.0003	0.0356025
700000.0003	0.0526109
700000.0003	0.0810801
700000.0003	0.123981
700000.0003	0.188168
700000.0003	0.277994
700000.0003	0.396696
700000.0003	0.552279
700000.0003	0.749357
700000.0003	0.981716
700000.0003	1.27184
700000.0003	1.60568
700000.0003	1.98665
700000.0003	2.42441
700000.0003	2.87035
700000.0003	3.34577
700000.0003	3.82787
700000.0003	4.27724
700000.0003	4.74714
700000.0003	5.20598
700000.0003	5.62579
700000.0003	6.03201
700000.0003	6.45526
700000.0003	6.82295
700000.0003	7.25372
700000.0003	7.58642
700000.0003	7.88127
700000.0003	8.23409
700000.0003	8.53992
700000.0003	8.78545
700000.0003	9.08936
700000.0003	9.35367
700000.0003	9.5698
700000.0003	9.74535
700000.0003	9.91979
700000.0003	9.97487
700000.0003	10.1808
700000.0003	10.1615
700000.0003	10.2677
700000.0003	10.2274
700000.0003	10.2948
700000.0003	10.275
700000.0003	10.3155
700000.0003	10.2807
700000.0003	10.3029
700000.0003	10.3361
700000.0003	10.3259
700000.0003	10.2626
700000.0003	10.3108
700000.0003	10.3276
700000.0003	10.234
700000.0003	10.2259
700000.0003	10.3365
700000.0003	10.3384
700000.0003	10.308
700000.0003	10.3441
700000.0003	10.2874
700000.0003	10.3719
700000.0003	10.277
700000.0003	10.3176
700000.0003	10.3156
700000.0003	10.2635
700000.0003	10.3652
700000.0003	10.3817
700000.0003	10.3753
700000.0003	10.3127
700000.0003	10.3221
700000.0003	10.3534
700000.0003	10.3476
700000.0003	10.3172
700000.0003	10.3571
700000.0003	10.3721
700000.0003	10.3662
700000.0003	10.396
700000.0003	10.2596
700000.0003	10.347
700000.0003	10.3305
700000.0003	10.347
700000.0003	10.3559
700000.0003	10.2201
700000.0003	10.4087
700000.0003	10.3965
700000.0003	10.3503
700000.0003	10.4215
700000.0003	10.3328
700000.0003	10.3415
700000.0003	10.3551
700000.0003	10.3843
700000.0003	10.3515
700000.0003	10.4807
700000.0003	10.3555
700000.0003	10.3378
700000.0003	10.3758
700000.0003	10.3749
700000.0003	10.4145
700000.0003	10.3822
700000.0003	10.3443
700000.0003	10.4307
700000.0003	10.3971
700000.0003	10.3696
700000.0003	10.4437
700000.0003	10.4551
700000.0003	10.3777
700000.0003	10.432
700000.0003	10.4104
700000.0003	10.4867
700000.0003	10.373
700000.0003	10.4242
700000.0003	10.4158
700000.0003	10.437
700000.0003	10.4863
700000.0003	10.3698
700000.0003	10.37
700000.0003	10.4591
700000.0003	10.4322
700000.0003	10.4142
700000.0003	10.3995
700000.0003	10.5076
700000.0003	10.4788
700000.0003	10.4788
700000.0003	10.4279
700000.0003	10.4557
700000.0003	10.424
700000.0003	10.4452
700000.0003	10.4822
700000.0003	10.4591
700000.0003	10.4325
700000.0003	10.5211
700000.0003	10.4307
700000.0003	10.4555
700000.0003	10.4453
700000.0003	10.467
700000.0003	10.4966
700000.0003	10.3973
700000.0003	10.568
700000.0003	10.4116
700000.0003	10.4472
700000.0003	10.408
700000.0003	10.5608
700000.0003	10.4417
700000.0003	10.4434
700000.0003	10.4373
700000.0003	10.4438
700000.0003	10.4265
700000.0003	10.4394
700000.0003	10.3805
700000.0003	10.4396
700000.0003	10.3862
700000.0003	10.4144
700000.0003	10.3408
700000.0003	10.3328
700000.0003	10.3484
700000.0003	10.2879
700000.0003	10.2977
700000.0003	10.2075
700000.0003	10.2262
700000.0003	10.1452
700000.0003	10.1085
700000.0003	10.0672
700000.0003	10.0918
700000.0003	9.98141
700000.0003	9.97864
700000.0003	9.88278
700000.0003	9.82788
700000.0003	9.8118
700000.0003	9.75429
700000.0003	9.69732
700000.0003	9.59256
700000.0003	9.60759
700000.0003	9.56398
700000.0003	9.51645
700000.0003	9.41971
700000.0003	9.40127
700000.0003	9.43966
700000.0003	9.31388
700000.0003	9.27468
700000.0003	9.10394
700000.0003	9.07093
700000.0003	8.9564
700000.0003	8.90709
700000.0003	8.86235
700000.0003	8.72128
700000.0003	8.7069
700000.0003	8.60462
700000.0003	8.56937
700000.0003	8.50348
700000.0003	8.39159
700000.0003	8.33104
700000.0003	8.22629
700000.0003	8.13046
700000.0003	8.10867
700000.0003	8.05295
700000.0003	7.9234
700000.0003	7.80217
700000.0003	7.75694
700000.0003	7.67918
700000.0003	7.56918
700000.0003	7.45867
700000.0003	7.37526
700000.0003	7.34294
700000.0003	7.22291
700000.0003	7.11742
700000.0003	7.04178
700000.0003	6.94415
700000.0003	6.86804
700000.0003	6.75183
700000.0003	6.66666
700000.0003	6.58967
700000.0003	6.49053
700000.0003	6.40067
700000.0003	6.28404
700000.0003	6.20944
700000.0003	6.11105
700000.0003	6.02901
700000.0003	5.92688
700000.0003	5.79381
700000.0003	5.72473
700000.0003	5.65976
700000.0003	5.55969
700000.0003	5.47663
700000.0003	5.34431
700000.0003	5.24892
700000.0003	5.17207
700000.0003	5.08267
700000.0003	4.97731
700000.0003	4.86614
700000.0003	4.75997
700000.0003	4.6842
700000.0003	4.58351
700000.0003	4.48634
700000.0003	4.38909
700000.0003	4.28555
700000.0003	4.15754
700000.0003	4.08532
700000.0003	3.98498
700000.0003	3.87465
700000.0003	3.77168
700000.0003	3.65413
700000.0003	3.54954
700000.0003	3.45335
700000.0003	3.32998
700000.0003	3.22127
700000.0003	3.10376
700000.0003	2.984
700000.0003	2.85227
700000.0003	2.72423
700000.0003	2.5979
700000.0003	2.46656
700000.0003	2.33463
700000.0003	2.19814
700000.0003	2.06615
700000.0003	1.93587
700000.0003	1.79507
700000.0003	1.66539
700000.0003	1.5415
700000.0003	1.41758
700000.0003	1.29861
700000.0003	1.18497
700000.0003	1.07539
700000.0003	0.979454
700000.0003	0.883415
700000.0003	0.797196
700000.0003	0.712087
700000.0003	0.632813
700000.0003	0.561117
700000.0003	0.49705
700000.0003	0.437767
700000.0003	0.385331
700000.0003	0.336581
700000.0003	0.290576
700000.0003	0.251838
700000.0003	0.215215
700000.0003	0.185082
700000.0003	0.158923
700000.0003	0.134642
700000.0003	0.114629
700000.0003	0.0969275
700000.0003	0.0819848
700000.0003	0.0687411
700000.0003	0.0577352
700000.0003	0.0486728
700000.0003	0.040728
700000.0003	0.0344014
700000.0003	0.0290441
700000.0003	0.0246438
700000.0003	0.0211217
700000.0003	0.0180522
700000.0003	0.0153194
700000.0003	0.0134531
700000.0003	0.0117785
700000.0003	0.0100871
700000.0003	0.00899074
700000.0003	0.00811463
700000.0003	0.00742898
700000.0003	0.00664524
700000.0003	0.00615403
700000.0003	0.00581258
700000.0003	0.00552197
700000.0003	0.00538679
700000.0003	0.00523707
700000.0003	0.00514475
700000.0003	0.00503166
700000.0003	0.0049233
700000.0003	0.00499574
700000.0003	0.00479581
700000.0003	0.00482285
700000.0003	0.00472123
700000.0003	0.00466721
700000.0003	0.00461721
700000.0003	0.00459417
700000.0003	0.0044912
700000.0003	0.0045492
700000.0003	0.00449191
700000.0003	0.0044464
700000.0003	0.00433954
700000.0003	0.00438504
700000.0003	0.00434329
700000.0003	0.00429454
700000.0003	0.00427349
700000.0003	0.00428244
700000.0003	0.0042676
700000.0003	0.00421928
700000.0003	0.00420573
700000.0003	0.00420127
700000.0003	0.00426015
700000.0003	0.0041989
700000.0003	0.00420953
700000.0003	0.00413948
700000.0003	0.00422755
700000.0003	0.00414058
700000.0003	0.00405798
700000.0003	0.00418181
700000.0003	0.00417948
700000.0003	0.00414418
700000.0003	0.00418646
700000.0003	0.00414326
700000.0003	0.00409184
700000.0003	0.00415174
700000.0003	0.00409336
700000.0003	0.00408483
700000.0003	0.00410711
700000.0003	0.00411175
700000.0003	0.00419551
700000.0003	0.00411765
700000.0003	0.00419528
700000.0003	0.0041789
700000.0003	0.00416833
700000.0003	0.00418903
700000.0003	0.00420815
700000.0003	0.00420485
700000.0003	0.00417877
700000.0003	0.00420177
700000.0003	0.00426019
700000.0003	0.00421717
700000.0003	0.00425451
700000.0003	0.00423646
700000.0003	0.00430794
700000.0003	0.00429164
700000.0003	0.00435157
700000.0003	0.00436674
700000.0003	0.00431929
700000.0003	0.00439059
700000.0003	0.00443349
700000.0003	0.00450162
700000.0003	0.00453037
700000.0003	0.00451933
700000.0003	0.00460212
700000.0003	0.00463227
700000.0003	0.00467753
700000.0003	0.00459956
700000.0003	0.00473666
700000.0003	0.00487667
700000.0003	0.00483803
700000.0003	0.0049551
700000.0003	0.00510801
700000.0003	0.00507954
700000.0003	0.00524304
700000.0003	0.00540136
700000.0003	0.00543199
700000.0003	0.0055077
700000.0003	0.00568709
700000.0003	0.00583444
700000.0003	0.00596098
700000.0003	0.00631084
700000.0003	0.00640886
700000.0003	0.00655403
700000.0003	0.00679006
700000.0003	0.00747999
700000.0003	0.00779656
700000.0003	0.00796585
700000.0003	0.0084458
700000.0003	0.00896664
700000.0003	0.00961342
700000.0003	0.010796
700000.0003	0.011875
700000.0003	0.0131797
700000.0003	0.0152946
700000.0003	0.0179142
700000.0003	0.0209509
700000.0003	2.90303e-05
700000.0003	0.000160881
700000.0003	-4.63897e-05
700000.0003	-0.000328287
700000.0003	-0.000161576
700000.0003	0.000241576
700000.0003	0.00247442
700000.0003	0.000448302
700000.0003	-0.00168049
700000.0003	0.00121386
700000.0003	-0.000402913
700000.0003	0.000570951
700000.0003	0.00275938
700000.0003	0.00833703
700000.0003	0.00281612
700000.0003	0.0041967
700000.0003	-0.0048822
700000.0003	0.0127245
700000.0003	0.00704131
700000.0003	0.0147385
700000.0003	-0.0129635
700000.0003	-0.000963821
700000.0003	-0.0155256
700000.0003	-0.014408
700000.0003	0.0236708
700000.0003	-0.0138582
700000.0003	-0.0195632
700000.0003	-0.0471328
700000.0003	0.0211161
700000.0003	0.00648398
700000.0003	0.0371774
700000.0003	0.0483206
700000.0003	0.00200319
700000.0003	-0.0141124
700000.0003	-0.0293201
700000.0003	0.0151195
700000.0003	-0.0173085
700000.0003	0.0424402
700000.0003	0.0231438
700000.0003	-0.0451926
700000.0003	0.000518844
700000.0003	-0.00750438
700000.0003	-0.0320143
700000.0003	-0.0306393
700000.0003	-0.0203018
700000.0003	-0.0412478
700000.0003	0.0149058
700000.0003	0.000471773
700000.0003	-0.0349982
700000.0003	0.00842023
700000.0003	-0.0576687
700000.0003	-0.0294218
700000.0003	0.0440737
700000.0003	-0.0112959
700000.0003	0.012592
700000.0003	0.013189
700000.0003	0.00899951
700000.0003	-0.0204033
700000.0003	-0.035913
700000.0003	0.0206697
700000.0003	0.00936517
700000.0003	-0.0377707
700000.0003	-0.0365888
700000.0003	-0.0246508
700000.0003	-0.0149632
700000.0003	-0.00177282
700000.0003	-0.00515876
700000.0003	-0.0570035
700000.0003	0.0202992
700000.0003	0.016192
700000.0003	-0.00877669
700000.0003	0.0321092
700000.0003	-0.0234201
700000.0003	0.000539121
700000.0003	-0.0130362
700000.0003	-0.00340843
700000.0003	0.00556621
700000.0003	-0.0257628
700000.0003	0.0140827
700000.0003	0.0492684
700000.0003	0.0045494
700000.0003	-0.0369507
700000.0003	0.0476012
700000.0003	-0.0159801
700000.0003	-0.0119252
700000.0003	0.0161009
700000.0003	-0.0295144
700000.0003	0.00691529
700000.0003	-0.0130139
700000.0003	-0.00413934
700000.0003	0.0284437
700000.0003	0.0001093
700000.0003	-0.0160187
700000.0003	-0.0120146
700000.0003	-0.0573013
700000.0003	-0.00641002
700000.0003	0.0220288
700000.0003	-0.00471542
700000.0003	-0.0435691
700000.0003	0.0073343
700000.0003	-0.0296549
700000.0003	0.024778
700000.0003	-0.0147262
700000.0003	0.00820331
700000.0003	0.051419
700000.0003	0.00994147
700000.0003	0.0215343
700000.0003	-0.0309407
700000.0003	-0.0480411
700000.0003	-0.0336981
700000.0003	0.010643
700000.0003	-0.00633376
700000.0003	0.0293794
700000.0003	-0.044136
700000.0003	0.0266789
700000.0003	0.0379699
700000.0003	-0.00357767
700000.0003	-0.00191846
700000.0003	0.00205027
700000.0003	0.0112766
700000.0003	-0.051596
700000.0003	-0.0119971
700000.0003	-0.0280978
700000.0003	0.0157081
700000.0003	0.0323383
700000.0003	-0.00781835
700000.0003	-0.037436
700000.0003	-0.0423839
700000.0003	-0.0236528
700000.0003	-0.0331752
700000.0003	0.0347348
700000.0003	-0.0154479
700000.0003	-0.0264968
700000.0003	0.0296916
700000.0003	0.0134529
700000.0003	-0.00284004
700000.0003	-0.014547
700000.0003	-0.00535506
700000.0003	0.0243841
700000.0003	-0.0295856
700000.0003	-0.00989898
700000.0003	-0.0201922
700000.0003	0.00215628
700000.0003	-0.015392
700000.0003	-0.0307705
700000.0003	0.0204828
700000.0003	0.0485677
700000.0003	-0.00813262
700000.0003	0.0200376
700000.0003	-0.00936173
700000.0003	0.00228219
700000.0003	0.0164518
700000.0003	0.0416927
700000.0003	-0.0509394
700000.0003	0.0124245
700000.0003	-0.0582902
700000.0003	-0.0175288
700000.0003	0.00844644
700000.0003	0.0185614
700000.0003	-0.0406841
700000.0003	-0.00482538
700000.0003	0.0165266
700000.0003	-0.00330239
700000.0003	-0.0290676
700000.0003	-0.0462188
700000.0003	-0.0333394
700000.0003	0.0337201
700000.0003	0.020906
700000.0003	-0.0182291
700000.0003	0.00103528
700000.0003	-0.00935997
700000.0003	-0.0155477
700000.0003	0.00740774
700000.0003	-0.00391491
700000.0003	0.0027294
700000.0003	-0.0196053
700000.0003	-0.0317505
700000.0003	0.0178637
700000.0003	0.0244938
700000.0003	0.00564816
700000.0003	0.0106924
700000.0003	-0.00178736
700000.0003	-0.0166446
700000.0003	0.0302083
700000.0003	0.0342578
700000.0003	0.0163608
700000.0003	-0.0123394
700000.0003	0.010863
700000.0003	0.00325477
700000.0003	0.00135057
700000.0003	-0.00604971
700000.0003	-0.0021048
700000.0003	0.017554
700000.0003	-0.0206339
700000.0003	0.0125616
700000.0003	-0.00313396
700000.0003	-0.0089771
700000.0003	-0.0218458
700000.0003	-0.00769729
700000.0003	0.0214434
700000.0003	0.0011649
700000.0003	-0.00678231
700000.0003	-0.0124749
700000.0003	0.0254369
700000.0003	0.0185984
700000.0003	0.00357126
700000.0003	-0.00325076
700000.0003	-0.00689768
700000.0003	0.00596003
700000.0003	-0.000324298
700000.0003	-0.00463408
700000.0003	0.0122356
700000.0003	0.00101712
700000.0003	0.0062201
700000.0003	0.00383061
700000.0003	0.00173553
700000.0003	0.00892635
700000.0003	-0.000976608
700000.0003	-0.000638907
700000.0003	0.0190397
700000.0003	0.0140615
700000.0003	-0.00312941
700000.0003	0.00397538
700000.0003	-0.000317722
700000.0003	0.0013632
700000.0003	-0.00300605
700000.0003	-0.00833021
700000.0003	-0.0101849
700000.0003	-0.00986412
700000.0003	0.00166113
700000.0003	-0.00255611
700000.0003	-0.00166173
700000.0003	0.00263317
700000.0003	0.00484584
700000.0003	-0.00993275
700000.0003	-0.00101898
700000.0003	0.0126344
700000.0003	-0.00342142
700000.0003	-0.00266779
700000.0003	-0.00520078
700000.0003	-0.0039264
700000.0003	0.00322407
700000.0003	-0.00146476
700000.0003	-0.00300476
700000.0003	-0.00167889
700000.0003	-0.00580069
700000.0003	-0.00358164
700000.0003	-0.0029592
700000.0003	-0.0059904
700000.0003	0.00100172
700000.0003	0.000387947
700000.0003	-0.006624
700000.0003	-0.00491216
700000.0003	0.00209564
700000.0003	0.00102196
700000.0003	-0.00298237
700000.0003	0.00370325
700000.0003	0.0038758
700000.0003	-0.00428915
700000.0003	-0.00110581
700000.0003	0.00126326
700000.0003	-0.000563797
700000.0003	-0.000353674
700000.0003	-0.00085315
700000.0003	0.000219574
700000.0003	-0.00145666
700000.0003	8.43487e-05
700000.0003	-0.000538917
700000.0003	0.000828516
700000.0003	0.00123831
700000.0003	-0.000161172
700000.0003	0.00113641
700000.0003	0.000627114
700000.0003	-5.16808e-05
700000.0003	-0.000786518
700000.0003	-0.000395802
700000.0003	-0.000337015
700000.0003	0.000472543
700000.0003	-0.000307252
700000.0003	0.000151752
700000.0003	-0.000158206
700000.0003	0.000116503
700000.0003	0.000469519
700000.0003	8.323e-05
700000.0003	-0.000114143
700000.0003	-5.44423e-05
700000.0003	-7.49279e-05
700000.0003	-0.000117906
700000.0003	2.17995e-05
700000.0003	2.81331e-05
700000.0003	-0.000139098
700000.0003	-4.34121e-05
700000.0003	-4.61878e-05
700000.0003	1.91892e-05
700000.0003	-4.28837e-05
700000.0003	3.96295e-05
700000.0003	4.80575e-05
700000.0003	4.91001e-05
700000.0003	4.94338e-05
700000.0003	3.53108e-05
700000.0003	-1.04118e-05
700000.0003	-6.56555e-05
700000.0003	-4.54582e-06
700000.0003	1.61392e-05
700000.0003	5.71227e-05
700000.0003	-2.92138e-05
700000.0003	-2.79296e-05
700000.0003	3.12969e-05
700000.0003	2.73603e-05
700000.0003	-7.41496e-05
700000.0003	-2.21883e-05
700000.0003	1.57983e-06
700000.0003	-1.06323e-05
700000.0003	2.3032e-05
700000.0003	2.31213e-06
700000.0003	-3.05714e-05
700000.0003	3.63918e-06
700000.0003	2.74788e-05
700000.0003	3.87388e-07
700000.0003	-2.54012e-06
700000.0003	2.71826e-05
700000.0003	4.19337e-05
700000.0003	-3.35635e-05
700000.0003	-2.32271e-05
700000.0003	-1.47545e-06
700000.0003	3.50386e-05
700000.0003	2.68226e-05
700000.0003	3.08831e-05
700000.0003	3.65883e-05
700000.0003	-1.29748e-05
700000.0003	-6.21263e-05
700000.0003	-5.56138e-05
700000.0003	4.70186e-05
700000.0003	-7.69763e-06
700000.0003	-1.98547e-05
700000.0003	1.7856e-05
700000.0003	3.75027e-05
700000.0003	-2.60757e-05
700000.0003	1.72172e-05
700000.0003	-4.1956e-06
700000.0003	4.04034e-05
700000.0003	1.80912e-05
700000.0003	-2.07131e-05
700000.0003	4.80128e-06
700000.0003	3.84368e-05
700000.0003	-2.01786e-05
700000.0003	-1.24604e-05
700000.0003	3.83828e-05
700000.0003	-6.13212e-06
700000.0003	-2.36353e-05
700000.0003	-1.52851e-05
700000.0003	6.8797e-06
700000.0003	-3.79169e-07
700000.0003	-4.58635e-06
700000.0003	1.51311e-05
700000.0003	-1.33767e-06
700000.0003	-3.98609e-05
700000.0003	2.876e-05
700000.0003	1.1921e-05
700000.0003	-4.56877e-05
700000.0003	1.92833e-05
700000.0003	2.58515e-05
700000.0003	-6.43774e-07
700000.0003	1.56946e-05
700000.0003	1.28069e-06
700000.0003	1.99746e-05
700000.0003	1.27494e-05
700000.0003	-9.52178e-08
700000.0003	3.20844e-05
700000.0003	-2.64343e-05
700000.0003	-3.77583e-05
700000.0003	3.37878e-06
700000.0003	6.12987e-05
700000.0003	4.64169e-05
700000.0003	-1.43605e-05
700000.0003	3.41617e-05
700000.0003	0.000117471
700000.0003	-5.1577e-06
700000.0003	5.34277e-06
700000.0003	0.000132465
700000.0003	2.89833e-06
700000.0003	-2.48015e-05
700000.0003	-1.01375e-05
700000.0003	4.01164e-05
700000.0003	5.7778e-05
700000.0003	-3.70635e-05
700000.0003	2.66412e-05
700000.0003	9.85404e-05
700000.0003	0.000169613
700000.0003	7.60077e-05
700000.0003	6.07318e-05
700000.0003	5.91467e-05
700000.0003	-2.1684e-05
700000.0003	4.35427e-05
700000.0003	-0.000210389
700000.0003	4.07897e-05
700000.0003	0.000108226
700000.0003	-0.000105154
700000.0003	-4.75497e-05
700000.0003	-0.000116351
700000.0003	-0.00025698
700000.0003	-7.75097e-05
700000.0003	-0.000286791
700000.0003	-0.00128369
700000.0003	0.000522924
700000.0003	0.00216516
700000.0003	-0.00178629
700000.0003	0.00150797
700000.0003	0.00264388
700000.0003	0.0013809
700000.0003	-0.00172316
700000.0003	-0.000104967
700000.0003	0.00102751
700000.0003	-0.00328881
700000.0003	0.0026885
700000.0003	0.00444283
700000.0003	0.00482394
700000.0003	-0.00497677
700000.0003	-0.00839189
700000.0003	-0.0060201
700000.0003	-0.0369079
700000.0003	0.00837625
700000.0003	-0.0107199
700000.0003	0.00725467
700000.0003	0.018658
700000.0003	-0.0267969
700000.0003	-0.0301602
700000.0003	-0.0584471
700000.0003	0.00901676
700000.0003	-0.00132079
700000.0003	0.0313218
700000.0003	0.0375881
700000.0003	-0.0179261
700000.0003	0.00456799
700000.0003	-0.0565129
700000.0003	0.0174468
700000.0003	-0.00803381
700000.0003	0.0644188
700000.0003	0.0213616
700000.0003	-0.0397645
700000.0003	-0.00467483
700000.0003	-0.014177
700000.0003	-0.0305381
700000.0003	-0.0241744
700000.0003	-0.00977873
700000.0003	-0.023069
700000.0003	0.00879239
700000.0003	0.0022879
700000.0003	-0.0366299
700000.0003	0.00720448
700000.0003	-0.0451704
700000.0003	-0.0408787
700000.0003	0.0385081
700000.0003	-0.014982
700000.0003	0.0126809
700000.0003	0.00751346
700000.0003	-0.0151013
700000.0003	0.00143703
700000.0003	-0.0298315
700000.0003	0.0255056
700000.0003	0.00629946
700000.0003	-0.0318568
700000.0003	-0.02908
700000.0003	-0.0208926
700000.0003	0.00162433
700000.0003	0.000825185
700000.0003	0.0181894
700000.0003	-0.0459292
700000.0003	0.0297033
700000.0003	0.00655385
700000.0003	-0.0116445
700000.0003	0.0365949
700000.0003	0.0019621
700000.0003	0.00791609
700000.0003	-0.0184427
700000.0003	-0.0241478
700000.0003	0.0134626
700000.0003	-0.0184155
700000.0003	0.0104091
700000.0003	0.0397002
700000.0003	0.0127825
700000.0003	-0.0279849
700000.0003	0.0491851
700000.0003	-0.0145198
700000.0003	-0.0110424
700000.0003	0.00952741
700000.0003	-0.0334678
700000.0003	0.0221392
700000.0003	-0.0108831
700000.0003	-0.0109442
700000.0003	0.0111895
700000.0003	-0.00827697
700000.0003	-0.0133842
700000.0003	-0.0129046
700000.0003	-0.0479442
700000.0003	-0.00672703
700000.0003	0.0196041
700000.0003	0.00242456
700000.0003	-0.0434493
700000.0003	-0.0121625
700000.0003	-0.0182215
700000.0003	0.0218708
700000.0003	-0.0161217
700000.0003	0.0140273
700000.0003	0.0202763
700000.0003	0.0118762
700000.0003	0.006568
700000.0003	-0.0442502
700000.0003	-0.0425408
700000.0003	-0.0345738
700000.0003	0.014114
700000.0003	-0.00049932
700000.0003	0.0358347
700000.0003	-0.0320566
700000.0003	0.0335927
700000.0003	0.0289216
700000.0003	-0.0121087
700000.0003	0.00792873
700000.0003	0.00757673
700000.0003	-0.000253532
700000.0003	-0.0472881
700000.0003	-0.00284837
700000.0003	-0.0237519
700000.0003	0.0200198
700000.0003	0.0196258
700000.0003	0.0141037
700000.0003	-0.0328721
700000.0003	-0.0509297
700000.0003	-0.0229954
700000.0003	-0.0225672
700000.0003	0.0453809
700000.0003	-0.0118086
700000.0003	-0.0297205
700000.0003	0.0216802
700000.0003	0.00449086
700000.0003	-0.00863723
700000.0003	-0.0113595
700000.0003	0.0095318
700000.0003	0.0131987
700000.0003	-0.0295635
700000.0003	-0.00279909
700000.0003	-0.0109837
700000.0003	0.00533406
700000.0003	-0.0202347
700000.0003	-0.0198316
700000.0003	0.0212867
700000.0003	0.056376
700000.0003	-0.00133732
700000.0003	0.00640711
700000.0003	-0.00731536
700000.0003	0.00900763
700000.0003	0.0215421
700000.0003	0.0540232
700000.0003	-0.0475578
700000.0003	0.00869039
700000.0003	-0.0416318
700000.0003	-0.0259042
700000.0003	0.0104153
700000.0003	0.0127898
700000.0003	-0.0429223
700000.0003	0.000937933
700000.0003	0.00274321
700000.0003	-0.0122165
700000.0003	-0.0180791
700000.0003	-0.044576
700000.0003	-0.031102
700000.0003	0.0358663
700000.0003	0.0217197
700000.0003	-0.0211066
700000.0003	-0.00345803
700000.0003	-0.0155202
700000.0003	-0.0111329
700000.0003	0.0103373
700000.0003	-0.018353
700000.0003	-0.00774991
700000.0003	-0.0297649
700000.0003	-0.0213787
700000.0003	0.0327445
700000.0003	0.0224952
700000.0003	0.00170964
700000.0003	0.00476049
700000.0003	-0.0078288
700000.0003	-0.0197183
700000.0003	0.0199954
700000.0003	0.0267281
700000.0003	0.0104844
700000.0003	-0.00382071
700000.0003	0.0288288
700000.0003	0.00231383
700000.0003	0.000850325
700000.0003	-0.00696856
700000.0003	-0.00595655
700000.0003	0.0129306
700000.0003	-0.0163661
700000.0003	0.00527115
700000.0003	0.00619419
700000.0003	-0.0075864
700000.0003	-0.0128199
700000.0003	-0.00195222
700000.0003	0.0288598
700000.0003	-0.00413041
700000.0003	-0.0025605
700000.0003	-0.00276716
700000.0003	0.0254327
700000.0003	0.0138782
700000.0003	0.00702244
700000.0003	-0.00639445
700000.0003	-0.0117465
700000.0003	0.000243045
700000.0003	0.00367959
700000.0003	-0.0022541
700000.0003	0.0130467
700000.0003	0.00452801
700000.0003	0.00231408
700000.0003	0.0129082
700000.0003	0.00222769
700000.0003	0.0101767
700000.0003	-0.00390897
700000.0003	0.00572795
700000.0003	0.0098714
700000.0003	0.00886812
700000.0003	-0.00353133
700000.0003	0.00512155
700000.0003	0.00117757
700000.0003	0.00791671
700000.0003	0.00128892
700000.0003	-0.00162062
700000.0003	-0.00804121
700000.0003	-0.00645466
700000.0003	0.00860005
700000.0003	-0.00595616
700000.0003	-0.00311891
700000.0003	0.0034248
700000.0003	0.00654156
700000.0003	-0.00604449
700000.0003	-0.0050963
700000.0003	0.00968731
700000.0003	0.000194953
700000.0003	0.00247713
700000.0003	-0.010035
700000.0003	-0.00578293
700000.0003	0.00049398
700000.0003	-0.00400731
700000.0003	-0.00570027
700000.0003	0.00907755
700000.0003	-0.00796427
700000.0003	-0.00401922
700000.0003	0.00160876
700000.0003	0.000153206
700000.0003	-0.00606602
700000.0003	-0.000168002
700000.0003	0.00166269
700000.0003	-0.00126918
700000.0003	-0.00251002
700000.0003	0.00356846
700000.0003	-0.00137989
700000.0003	-0.00347138
700000.0003	0.00136122
700000.0003	-0.0046327
700000.0003	-0.000680986
700000.0003	-0.00204691
700000.0003	-0.000827346
700000.0003	0.00123941
700000.0003	0.00120462
700000.0003	-0.000986711
700000.0003	-0.000266125
700000.0003	0.000341951
700000.0003	0.000711401
700000.0003	-0.000342789
700000.0003	0.000573556
700000.0003	-0.000257877
700000.0003	-0.00165216
700000.0003	-0.0015745
700000.0003	-0.000199562
700000.0003	0.000282268
700000.0003	-0.000532986
700000.0003	4.58123e-06
700000.0003	-0.000101955
700000.0003	-0.000389467
700000.0003	1.97819e-05
700000.0003	0.000171824
700000.0003	-0.000534232
700000.0003	-9.36252e-05
700000.0003	0.000102989
700000.0003	-0.000301015
700000.0003	-0.000219917
700000.0003	0.00021441
700000.0003	-0.000124603
700000.0003	-1.60711e-05
700000.0003	0.000159538
700000.0003	5.47903e-05
700000.0003	6.06934e-06
700000.0003	-2.05842e-05
700000.0003	-9.66224e-05
700000.0003	7.46342e-05
700000.0003	-3.80534e-05
700000.0003	3.01221e-05
700000.0003	6.25683e-05
700000.0003	-1.73848e-05
700000.0003	-6.13447e-05
700000.0003	5.42868e-05
700000.0003	-2.62996e-05
700000.0003	-3.97954e-06
700000.0003	-3.00334e-05
700000.0003	7.13353e-05
700000.0003	1.34004e-05
700000.0003	4.28214e-05
700000.0003	2.32171e-05
700000.0003	-2.55001e-05
700000.0003	-2.66128e-05
700000.0003	-3.61065e-05
700000.0003	-7.73153e-05
700000.0003	-6.79942e-07
700000.0003	1.64388e-05
700000.0003	3.71237e-05
700000.0003	-2.31827e-05
700000.0003	5.49973e-05
700000.0003	-0.00014616
700000.0003	-4.03432e-05
700000.0003	1.95734e-05
700000.0003	3.74772e-05
700000.0003	2.15329e-05
700000.0003	4.53606e-05
700000.0003	5.10734e-05
700000.0003	2.71898e-05
700000.0003	-1.24583e-05
700000.0003	3.98222e-05
700000.0003	7.8967e-06
700000.0003	-1.06113e-05
700000.0003	3.26609e-05
700000.0003	-2.67714e-05
700000.0003	4.07356e-05
700000.0003	-4.5445e-05
700000.0003	6.84618e-06
700000.0003	2.7548e-05
700000.0003	-1.47429e-05
700000.0003	-2.41663e-06
700000.0003	-1.88592e-06
700000.0003	-8.52947e-05
700000.0003	5.34253e-06
700000.0003	5.94431e-05
700000.0003	3.78165e-05
700000.0003	1.49291e-05
700000.0003	1.88108e-05
700000.0003	-3.89216e-05
700000.0003	1.57616e-05
700000.0003	2.71531e-05
700000.0003	4.89729e-05
700000.0003	7.17927e-05
700000.0003	1.90469e-05
700000.0003	-6.24783e-05
700000.0003	4.1614e-05
700000.0003	-1.63864e-05
700000.0003	-4.09234e-06
700000.0003	5.16816e-05
700000.0003	-3.82493e-06
700000.0003	5.78219e-05
700000.0003	-6.22323e-05
700000.0003	4.81017e-06
700000.0003	-7.07848e-06
700000.0003	-7.26042e-05
700000.0003	4.82277e-05
700000.0003	-1.04659e-05
700000.0003	-4.1932e-05
700000.0003	2.20486e-05
700000.0003	2.26267e-05
700000.0003	0.000107321
700000.0003	-9.65474e-05
700000.0003	1.23663e-05
700000.0003	3.49812e-05
700000.0003	5.74248e-05
700000.0003	-1.11566e-06
700000.0003	-1.96847e-05
700000.0003	-9.5619e-06
700000.0003	6.73282e-05
700000.0003	-1.6704e-05
700000.0003	-2.58945e-05
700000.0003	-8.77591e-05
700000.0003	-1.25753e-05
700000.0003	2.2296e-05
700000.0003	-6.81816e-05
700000.0003	-0.000112026
700000.0003	-4.2535e-05
700000.0003	-0.000122669
700000.0003	-7.49617e-05
700000.0003	-1.32329e-05
700000.0003	3.71441e-05
700000.0003	-2.44553e-05
700000.0003	4.68112e-05
700000.0003	-0.000332197
700000.0003	0.000116224
700000.0003	-6.54026e-05
700000.0003	3.83627e-05
700000.0003	-3.58866e-05
700000.0003	-1.87319e-05
700000.0003	0.000130099
700000.0003	2.23358e-05
700000.0003	-0.000201445
700000.0003	0.00032958
700000.0003	8.05551e-05
700000.0003	0.0184237
700000.0003	0.0238747
700000.0003	0.0365206
700000.0003	0.0603066
700000.0003	0.101029
700000.0003	0.167738
700000.0003	0.266347
700000.0003	0.407867
700000.0003	0.606018
700000.0003	0.883204
700000.0003	1.25183
700000.0003	1.76434
700000.0003	2.43943
700000.0003	3.34891
700000.0003	4.46429
700000.0003	5.81855
700000.0003	7.44943
700000.0003	9.26415
700000.0003	11.2878
700000.0003	13.336
700000.0003	15.3033
700000.0003	16.9659
700000.0003	18.163
700000.0003	19.0203
700000.0003	19.5306
700000.0003	19.7213
700000.0003	19.66
700000.0003	19.4823
700000.0003	19.2881
700000.0003	19.1012
700000.0003	18.7179
700000.0003	18.5353
700000.0003	18.245
700000.0003	18.0049
700000.0003	17.7814
700000.0003	17.4498
700000.0003	17.1175
700000.0003	16.9245
700000.0003	16.5348
700000.0003	16.2837
700000.0003	15.9488
700000.0003	15.6794
700000.0003	15.4519
700000.0003	15.0502
700000.0003	14.8586
700000.0003	14.6389
700000.0003	14.5567
700000.0003	14.252
700000.0003	14.0441
700000.0003	13.9467
700000.0003	13.7779
700000.0003	13.5432
700000.0003	13.3504
700000.0003	13.3223
700000.0003	13.1642
700000.0003	13.049
700000.0003	13.0712
700000.0003	12.9037
700000.0003	12.7049
700000.0003	12.6468
700000.0003	12.6199
700000.0003	12.4144
700000.0003	12.3806
700000.0003	12.3867
700000.0003	12.2733
700000.0003	12.1996
700000.0003	12.0904
700000.0003	12.0313
700000.0003	11.931
700000.0003	11.9062
700000.0003	11.8587
700000.0003	11.8259
700000.0003	11.8192
700000.0003	11.6995
700000.0003	11.6263
700000.0003	11.5344
700000.0003	11.5689
700000.0003	11.5723
700000.0003	11.4434
700000.0003	11.4771
700000.0003	11.383
700000.0003	11.3597
700000.0003	11.3807
700000.0003	11.2525
700000.0003	11.2771
700000.0003	11.2982
700000.0003	11.1918
700000.0003	11.154
700000.0003	11.1879
700000.0003	11.0562
700000.0003	11.1356
700000.0003	11.0971
700000.0003	11.0384
700000.0003	11.0685
700000.0003	11.0288
700000.0003	11.0135
700000.0003	10.9899
700000.0003	10.8644
700000.0003	10.9194
700000.0003	10.9831
700000.0003	10.8969
700000.0003	10.8864
700000.0003	10.9669
700000.0003	10.8651
700000.0003	10.7967
700000.0003	10.8087
700000.0003	10.8667
700000.0003	10.7963
700000.0003	10.8421
700000.0003	10.7937
700000.0003	10.7707
700000.0003	10.7633
700000.0003	10.7369
700000.0003	10.7715
700000.0003	10.8115
700000.0003	10.7965
700000.0003	10.7376
700000.0003	10.7607
700000.0003	10.7374
700000.0003	10.7218
700000.0003	10.7181
700000.0003	10.6555
700000.0003	10.6946
700000.0003	10.6582
700000.0003	10.7031
700000.0003	10.735
700000.0003	10.6362
700000.0003	10.7021
700000.0003	10.7407
700000.0003	10.6387
700000.0003	10.6775
700000.0003	10.6765
700000.0003	10.6972
700000.0003	10.6841
700000.0003	10.5937
700000.0003	10.7646
700000.0003	10.666
700000.0003	10.5854
700000.0003	10.6515
700000.0003	10.658
700000.0003	10.5901
700000.0003	10.6561
700000.0003	10.6501
700000.0003	10.6156
700000.0003	10.613
700000.0003	10.5486
700000.0003	10.6077
700000.0003	10.6344
700000.0003	10.5639
700000.0003	10.5483
700000.0003	10.563
700000.0003	10.5168
700000.0003	10.4943
700000.0003	10.4528
700000.0003	10.3526
700000.0003	10.3692
700000.0003	10.2895
700000.0003	10.3212
700000.0003	10.3207
700000.0003	10.1861
700000.0003	10.1718
700000.0003	10.1595
700000.0003	10.1665
700000.0003	10.062
700000.0003	9.98344
700000.0003	9.97798
700000.0003	9.93221
700000.0003	9.8817
700000.0003	9.86673
700000.0003	9.76188
700000.0003	9.68796
700000.0003	9.67334
700000.0003	9.61077
700000.0003	9.51281
700000.0003	9.53402
700000.0003	9.4071
700000.0003	9.3816
700000.0003	9.30107
700000.0003	9.22755
700000.0003	9.14769
700000.0003	9.104
700000.0003	9.03213
700000.0003	8.96148
700000.0003	8.89601
700000.0003	8.79619
700000.0003	8.75663
700000.0003	8.72301
700000.0003	8.62559
700000.0003	8.59783
700000.0003	8.46077
700000.0003	8.40558
700000.0003	8.28515
700000.0003	8.28284
700000.0003	8.14969
700000.0003	8.06191
700000.0003	8.0028
700000.0003	7.9274
700000.0003	7.82599
700000.0003	7.78041
700000.0003	7.7016
700000.0003	7.62278
700000.0003	7.46634
700000.0003	7.44261
700000.0003	7.38793
700000.0003	7.31507
700000.0003	7.26169
700000.0003	7.10337
700000.0003	7.03889
700000.0003	6.99705
700000.0003	6.92371
700000.0003	6.83711
700000.0003	6.73394
700000.0003	6.68406
700000.0003	6.59318
700000.0003	6.55036
700000.0003	6.47399
700000.0003	6.36465
700000.0003	6.33555
700000.0003	6.25418
700000.0003	6.21434
700000.0003	6.15679
700000.0003	6.0737
700000.0003	6.01373
700000.0003	5.9462
700000.0003	5.89793
700000.0003	5.85967
700000.0003	5.84321
700000.0003	5.76956
700000.0003	5.73773
700000.0003	5.73561
700000.0003	5.68474
700000.0003	5.64643
700000.0003	5.62166
700000.0003	5.55536
700000.0003	5.53295
700000.0003	5.48095
700000.0003	5.43747
700000.0003	5.36093
700000.0003	5.29553
700000.0003	5.21697
700000.0003	5.11237
700000.0003	4.97403
700000.0003	4.83384
700000.0003	4.66127
700000.0003	4.47829
700000.0003	4.25805
700000.0003	4.02296
700000.0003	3.78959
700000.0003	3.53369
700000.0003	3.28322
700000.0003	3.04255
700000.0003	2.79794
700000.0003	2.56028
700000.0003	2.33051
700000.0003	2.12754
700000.0003	1.93066
700000.0003	1.74475
700000.0003	1.57674
700000.0003	1.42486
700000.0003	1.28602
700000.0003	1.15342
700000.0003	1.03156
700000.0003	0.923175
700000.0003	0.824885
700000.0003	0.731253
700000.0003	0.651296
700000.0003	0.57602
700000.0003	0.507283
700000.0003	0.445518
700000.0003	0.390986
700000.0003	0.338371
700000.0003	0.294235
700000.0003	0.254983
700000.0003	0.219112
700000.0003	0.188092
700000.0003	0.160697
700000.0003	0.136178
700000.0003	0.115273
700000.0003	0.0970035
700000.0003	0.0822392
700000.0003	0.0686331
700000.0003	0.057639
700000.0003	0.0485853
700000.0003	0.0403628
700000.0003	0.0334712
700000.0003	0.0284382
700000.0003	0.0237748
700000.0003	0.0200085
700000.0003	0.0169829
700000.0003	0.0146247
700000.0003	0.0125503
700000.0003	0.0108493
700000.0003	0.00942164
700000.0003	0.00839315
700000.0003	0.00746392
700000.0003	0.00671831
700000.0003	0.00628979
700000.0003	0.00573224
700000.0003	0.00548635
700000.0003	0.00526006
700000.0003	0.00506491
700000.0003	0.00497983
700000.0003	0.00489766
700000.0003	0.00480423
700000.0003	0.00465912
700000.0003	0.00464381
700000.0003	0.00460601
700000.0003	0.00455118
700000.0003	0.00453676
700000.0003	0.00447174
700000.0003	0.00446426
700000.0003	0.00440579
700000.0003	0.00435605
700000.0003	0.00432334
700000.0003	0.00427377
700000.0003	0.00429312
700000.0003	0.00427125
700000.0003	0.00425276
700000.0003	0.00425702
700000.0003	0.00422295
700000.0003	0.00420525
700000.0003	0.00415473
700000.0003	0.00420335
700000.0003	0.00415395
700000.0003	0.00413685
700000.0003	0.00418571
700000.0003	0.00411198
700000.0003	0.00411949
700000.0003	0.00414628
700000.0003	0.00409558
700000.0003	0.00411503
700000.0003	0.00412076
700000.0003	0.00407139
700000.0003	0.00411393
700000.0003	0.0040746
700000.0003	0.00408026
700000.0003	0.00411207
700000.0003	0.00416957
700000.0003	0.00407984
700000.0003	0.00414352
700000.0003	0.00410598
700000.0003	0.00408303
700000.0003	0.00415041
700000.0003	0.00409694
700000.0003	0.00412628
700000.0003	0.004079
700000.0003	0.00411296
700000.0003	0.00410281
700000.0003	0.00417826
700000.0003	0.00410159
700000.0003	0.00418218
700000.0003	0.00415385
700000.0003	0.00417143
700000.0003	0.00416761
700000.0003	0.00417689
700000.0003	0.00420529
700000.0003	0.00422084
700000.0003	0.00428844
700000.0003	0.00425598
700000.0003	0.00430013
700000.0003	0.00427179
700000.0003	0.00431948
700000.0003	0.00435776
700000.0003	0.00439175
700000.0003	0.00437336
700000.0003	0.00441743
700000.0003	0.00450346
700000.0003	0.0044273
700000.0003	0.00449113
700000.0003	0.00451787
700000.0003	0.00458834
700000.0003	0.00465455
700000.0003	0.00468421
700000.0003	0.00475456
700000.0003	0.00476442
700000.0003	0.0049294
700000.0003	0.00498031
700000.0003	0.00504083
700000.0003	0.00518802
700000.0003	0.00513935
700000.0003	0.00536622
700000.0003	0.00555461
700000.0003	0.00567699
700000.0003	0.00588773
700000.0003	0.00615529
700000.0003	0.00628488
700000.0003	0.00658983
700000.0003	0.00700754
700000.0003	0.00732641
700000.0003	0.00766996
700000.0003	0.00811585
700000.0003	0.00868004
700000.0003	0.00917956
700000.0003	0.00999518
700000.0003	0.0107773
700000.0003	0.0116499
700000.0003	0.0127421
700000.0003	0.0140503
700000.0003	0.0150759
700000.0003	0.0164093
