700000.0003	28.1882
700000.0003	101.413
700000.0003	202.583
700000.0003	344.858
700000.0003	534.76
700000.0003	775.558
700000.0003	1068.6
700000.0003	1437.85
700000.0003	1832.41
700000.0003	2277.36
700000.0003	2780.93
700000.0003	3304.29
700000.0003	3872.63
700000.0003	4460.17
700000.0003	4992.87
700000.0003	5511.56
700000.0003	5998.2
700000.0003	6369.89
700000.0003	6690.25
700000.0003	6904.47
700000.0003	7026.44
700000.0003	7095.61
700000.0003	7117
700000.0003	7039.93
700000.0003	6942.71
700000.0003	6763.25
700000.0003	6561.66
700000.0003	6336.07
700000.0003	6074.54
700000.0003	5692.77
700000.0003	5395.5
700000.0003	4959.46
700000.0003	4511.49
700000.0003	4034.52
700000.0003	3494.05
700000.0003	2956.4
700000.0003	2373.36
700000.0003	1730.4
700000.0003	1069.68
700000.0003	365.224
700000.0003	0
700000.0003	0
700000.0003	0
700000.0003	0
700000.0003	0
700000.0003	0
700000.0003	0
700000.0003	0
700000.0003	0
700000.0003	0
700000.0003	0
700000.0003	0
700000.0003	0
700000.0003	0
700000.0003	0
700000.0003	0
700000.0003	0
700000.0003	0
700000.0003	0
700000.0003	0
700000.0003	0
700000.0003	0
700000.0003	0
700000.0003	0
700000.0003	0
700000.0003	0
700000.0003	0
700000.0003	0
700000.0003	0
700000.0003	0
700000.0003	0
700000.0003	0
700000.0003	0
700000.0003	0
700000.0003	0
700000.0003	0
700000.0003	0
700000.0003	0
700000.0003	0
700000.0003	0
700000.0003	0
700000.0003	0
700000.0003	0
700000.0003	0
700000.0003	0
700000.0003	0
700000.0003	0
700000.0003	0
700000.0003	0
700000.0003	0
700000.0003	0
700000.0003	0
700000.0003	0
700000.0003	0
700000.0003	0
700000.0003	0
700000.0003	0
700000.0003	0
700000.0003	0
700000.0003	0
700000.0003	0
700000.0003	0
700000.0003	0
700000.0003	0
700000.0003	0
700000.0003	0
700000.0003	0
700000.0003	0
700000.0003	0
700000.0003	0
700000.0003	0
700000.0003	0
700000.0003	0
700000.0003	0
700000.0003	0
700000.0003	0
700000.0003	0
700000.0003	0
700000.0003	0
700000.0003	0
700000.0003	0
700000.0003	0
700000.0003	0
700000.0003	0
700000.0003	0
700000.0003	0
700000.0003	0
700000.0003	0
700000.0003	0
700000.0003	0
700000.0003	0
700000.0003	0
700000.0003	0
700000.0003	0
700000.0003	0
700000.0003	0
700000.0003	0
700000.0003	0
700000.0003	0
700000.0003	0
700000.0003	-23.6951
700000.0003	-70.9777
700000.0003	-116.069
700000.0003	-163.777
700000.0003	-209.235
700000.0003	-252.181
700000.0003	-294.612
700000.0003	-339.006
700000.0003	-380.856
700000.0003	-426.136
700000.0003	-470.328
700000.0003	-511.657
700000.0003	-548.227
700000.0003	-587.171
700000.0003	-626.721
700000.0003	-665.661
700000.0003	-702.934
700000.0003	-747.152
700000.0003	-781.299
700000.0003	-814.871
700000.0003	-851.98
700000.0003	-884.377
700000.0003	-925.49
700000.0003	-958.758
700000.0003	-995.935
700000.0003	-1029.08
700000.0003	-1053.42
700000.0003	-1081.64
700000.0003	-1118.54
700000.0003	-1153.11
700000.0003	-1178.28
700000.0003	-1204.96
700000.0003	-1237.69
700000.0003	-1264.42
700000.0003	-1287.47
700000.0003	-1323.25
700000.0003	-1356.99
700000.0003	-1376.49
700000.0003	-1400.39
700000.0003	-1419.73
700000.0003	-1450.11
700000.0003	-1468.34
700000.0003	-1487.22
700000.0003	-1513.27
700000.0003	-1536.63
700000.0003	-1570.09
700000.0003	-1577.08
700000.0003	-1594.16
700000.0003	-1613.17
700000.0003	-1639.12
700000.0003	-1651.78
700000.0003	-1668.68
700000.0003	-1690.08
700000.0003	-1705.83
700000.0003	-1719.99
700000.0003	-1735.72
700000.0003	-1756.91
700000.0003	-1762.5
700000.0003	-1778.52
700000.0003	-1789.97
700000.0003	-1795.33
700000.0003	-1821.85
700000.0003	-1831.16
700000.0003	-1842.35
700000.0003	-1847.02
700000.0003	-1855.56
700000.0003	-1870.76
700000.0003	-1871.08
700000.0003	-1888.68
700000.0003	-1891.33
700000.0003	-1893.75
700000.0003	-1901.91
700000.0003	-1903.13
700000.0003	-1903.41
700000.0003	-1904.76
700000.0003	-1922.76
700000.0003	-1918.34
700000.0003	-1934.52
700000.0003	-1931.61
700000.0003	-1921.66
700000.0003	-1920.44
700000.0003	-1921.06
700000.0003	-1926.57
700000.0003	-1915.13
700000.0003	-1920.6
700000.0003	-1922.59
700000.0003	-1913.48
700000.0003	-1911.76
700000.0003	-1907.67
700000.0003	-1895.21
700000.0003	-1886.06
700000.0003	-1879.98
700000.0003	-1868.79
700000.0003	-1858.46
700000.0003	-1843.48
700000.0003	-1832.81
700000.0003	-1827.63
700000.0003	-1803.98
700000.0003	-1782.4
700000.0003	-1762.97
700000.0003	-1743.98
700000.0003	-1718.03
700000.0003	-1694.43
700000.0003	-1657.27
700000.0003	-1620.9
700000.0003	-1576.74
700000.0003	-1545.49
700000.0003	-1500.92
700000.0003	-1455.03
700000.0003	-1397.28
700000.0003	-1339.36
700000.0003	-1280.39
700000.0003	-1227.44
700000.0003	-1163.78
700000.0003	-1104.39
700000.0003	-1036.14
700000.0003	-977.151
700000.0003	-911.995
700000.0003	-848.484
700000.0003	-784.839
700000.0003	-726.1
700000.0003	-673.596
700000.0003	-617.353
700000.0003	-561.822
700000.0003	-513.358
700000.0003	-463.154
700000.0003	-421.226
700000.0003	-374.701
700000.0003	-337.685
700000.0003	-300.901
700000.0003	-266.229
700000.0003	-232.365
700000.0003	-205.572
700000.0003	-178.094
700000.0003	-155.472
700000.0003	-135.312
700000.0003	-116.41
700000.0003	-99.0421
700000.0003	-85.3528
700000.0003	-72.8496
700000.0003	-61.4142
700000.0003	-52.3786
700000.0003	-44.3066
700000.0003	-37.1364
700000.0003	-31.6172
700000.0003	-26.7756
700000.0003	-22.3566
700000.0003	-18.8361
700000.0003	-15.6252
700000.0003	-13.0112
700000.0003	-10.9438
700000.0003	-8.85675
700000.0003	-7.397
700000.0003	-6.15217
700000.0003	-4.81214
700000.0003	-3.76951
700000.0003	-2.74221
700000.0003	-1.92116
700000.0003	-1.11499
700000.0003	-0.364901
700000.0003	0
700000.0003	0
700000.0003	0
700000.0003	0
700000.0003	0
700000.0003	0
700000.0003	0
700000.0003	0
700000.0003	0
700000.0003	0
700000.0003	0
700000.0003	0
700000.0003	0
700000.0003	0
700000.0003	0
700000.0003	0
700000.0003	0
700000.0003	0
700000.0003	0
700000.0003	0
700000.0003	0
700000.0003	0
700000.0003	0
700000.0003	0
700000.0003	0
700000.0003	0
700000.0003	0
700000.0003	0
700000.0003	0
700000.0003	0
700000.0003	0
700000.0003	0
700000.0003	0
700000.0003	0
700000.0003	0
700000.0003	0
700000.0003	0
700000.0003	0
700000.0003	0
700000.0003	0
700000.0003	0
700000.0003	0
700000.0003	0
700000.0003	0
700000.0003	0
700000.0003	0
700000.0003	0
700000.0003	0
700000.0003	0
700000.0003	0
700000.0003	0
700000.0003	0
700000.0003	0
700000.0003	0
700000.0003	0
700000.0003	0
700000.0003	0
700000.0003	0
700000.0003	0
700000.0003	0
700000.0003	0
700000.0003	0
700000.0003	0
700000.0003	0
700000.0003	0
700000.0003	0
700000.0003	0
700000.0003	0
700000.0003	0
700000.0003	0
700000.0003	0
700000.0003	0
700000.0003	0
700000.0003	0
700000.0003	0
700000.0003	0
700000.0003	0
700000.0003	0
700000.0003	0
700000.0003	0
700000.0003	0
700000.0003	0
700000.0003	0
700000.0003	0
700000.0003	0
700000.0003	0
700000.0003	0
700000.0003	0
700000.0003	0
700000.0003	0
700000.0003	0
700000.0003	0
700000.0003	0
700000.0003	0
700000.0003	0
700000.0003	0
700000.0003	0
700000.0003	0
700000.0003	0
700000.0003	0
700000.0003	0.128108
700000.0003	0.0416698
700000.0003	1.10789
700000.0003	-1.227
700000.0003	-3.14658
700000.0003	1.4292
700000.0003	2.24424
700000.0003	6.07669
700000.0003	-10.524
700000.0003	-4.29619
700000.0003	6.70843
700000.0003	-1.78361
700000.0003	-2.32262
700000.0003	-7.12719
700000.0003	-7.963
700000.0003	-15.7807
700000.0003	23.6865
700000.0003	12.0467
700000.0003	6.95874
700000.0003	-15.9803
700000.0003	-8.03216
700000.0003	5.82497
700000.0003	9.85947
700000.0003	-15.3378
700000.0003	1.50076
700000.0003	2.96183
700000.0003	-2.93486
700000.0003	16.5473
700000.0003	-8.84693
700000.0003	1.47794
700000.0003	-3.46477
700000.0003	-13.7291
700000.0003	16.5628
700000.0003	26.595
700000.0003	6.70789
700000.0003	-2.59193
700000.0003	6.31712
700000.0003	3.41568
700000.0003	-3.14412
700000.0003	0.387325
700000.0003	0
700000.0003	0
700000.0003	0
700000.0003	0
700000.0003	0
700000.0003	0
700000.0003	0
700000.0003	0
700000.0003	0
700000.0003	0
700000.0003	0
700000.0003	0
700000.0003	0
700000.0003	0
700000.0003	0
700000.0003	0
700000.0003	0
700000.0003	0
700000.0003	0
700000.0003	0
700000.0003	0
700000.0003	0
700000.0003	0
700000.0003	0
700000.0003	0
700000.0003	0
700000.0003	0
700000.0003	0
700000.0003	0
700000.0003	0
700000.0003	0
700000.0003	0
700000.0003	0
700000.0003	0
700000.0003	0
700000.0003	0
700000.0003	0
700000.0003	0
700000.0003	0
700000.0003	0
700000.0003	0
700000.0003	0
700000.0003	0
700000.0003	0
700000.0003	0
700000.0003	0
700000.0003	0
700000.0003	0
700000.0003	0
700000.0003	0
700000.0003	0
700000.0003	0
700000.0003	0
700000.0003	0
700000.0003	0
700000.0003	0
700000.0003	0
700000.0003	0
700000.0003	0
700000.0003	0
700000.0003	0
700000.0003	0
700000.0003	0
700000.0003	0
700000.0003	0
700000.0003	0
700000.0003	0
700000.0003	0
700000.0003	0
700000.0003	0
700000.0003	0
700000.0003	0
700000.0003	0
700000.0003	0
700000.0003	0
700000.0003	0
700000.0003	0
700000.0003	0
700000.0003	0
700000.0003	0
700000.0003	0
700000.0003	0
700000.0003	0
700000.0003	0
700000.0003	0
700000.0003	0
700000.0003	0
700000.0003	0
700000.0003	0
700000.0003	0
700000.0003	0
700000.0003	0
700000.0003	0
700000.0003	0
700000.0003	0
700000.0003	0
700000.0003	0
700000.0003	0
700000.0003	0
700000.0003	0
700000.0003	-0.00330231
700000.0003	-0.254415
700000.0003	-0.10332
700000.0003	-0.184859
700000.0003	-0.208873
700000.0003	-0.0725758
700000.0003	0.962624
700000.0003	-1.18533
700000.0003	-0.0697478
700000.0003	-0.609732
700000.0003	0.736629
700000.0003	-0.656714
700000.0003	0.0927309
700000.0003	-1.11023
700000.0003	2.64941
700000.0003	-0.0567494
700000.0003	-1.88478
700000.0003	0.594101
700000.0003	0.55034
700000.0003	1.74006
700000.0003	2.8666
700000.0003	-3.5024
700000.0003	3.40314
700000.0003	1.91898
700000.0003	-0.770423
700000.0003	0.95744
700000.0003	-0.429891
700000.0003	1.37573
700000.0003	0.644079
700000.0003	1.94131
700000.0003	-2.29966
700000.0003	-1.36645
700000.0003	-3.0888
700000.0003	-0.704152
700000.0003	-3.29661
700000.0003	0.974084
700000.0003	-2.50985
700000.0003	0.286628
700000.0003	-2.8282
700000.0003	3.14392
700000.0003	2.2442
700000.0003	2.42518
700000.0003	3.70941
700000.0003	-1.25839
700000.0003	1.63865
700000.0003	-3.88714
700000.0003	0.0865704
700000.0003	3.08705
700000.0003	-0.940125
700000.0003	-3.83379
700000.0003	0.807038
700000.0003	5.85169
700000.0003	-0.419364
700000.0003	6.36474
700000.0003	-0.306237
700000.0003	-1.98321
700000.0003	0.310938
700000.0003	0.880909
700000.0003	1.623
700000.0003	0.36056
700000.0003	6.60488
700000.0003	-8.34019
700000.0003	0.514243
700000.0003	-2.15466
700000.0003	3.5229
700000.0003	-0.505326
700000.0003	4.44209
700000.0003	-0.977651
700000.0003	-0.665929
700000.0003	1.69488
700000.0003	0.0986958
700000.0003	7.18847
700000.0003	-0.1798
700000.0003	-2.02959
700000.0003	-0.989257
700000.0003	2.61771
700000.0003	-2.65034
700000.0003	-0.705911
700000.0003	-4.16612
700000.0003	-0.620877
700000.0003	-2.49001
700000.0003	2.47345
700000.0003	2.27981
700000.0003	0.0818297
700000.0003	0.915426
700000.0003	-4.54013
700000.0003	5.33212
700000.0003	4.94165
700000.0003	-0.371662
700000.0003	-0.0720096
700000.0003	0.560516
700000.0003	-2.65887
700000.0003	-1.62781
700000.0003	8.55187
700000.0003	5.78644
700000.0003	4.19555
700000.0003	-3.34398
700000.0003	-2.65941
700000.0003	0.309032
700000.0003	-0.41514
700000.0003	-0.747727
700000.0003	0.938018
700000.0003	0.664205
700000.0003	1.49309
700000.0003	-6.64769
700000.0003	3.00058
700000.0003	-1.59932
700000.0003	5.06989
700000.0003	-5.7495
700000.0003	-0.405715
700000.0003	1.81975
700000.0003	-0.159203
700000.0003	1.1473
700000.0003	0.55154
700000.0003	-2.49372
700000.0003	1.7343
700000.0003	-1.09236
700000.0003	1.03561
700000.0003	0.714835
700000.0003	0.512328
700000.0003	-0.775247
700000.0003	0.50412
700000.0003	0.543816
700000.0003	1.7573
700000.0003	-0.13783
700000.0003	-1.51344
700000.0003	0.647952
700000.0003	0.329013
700000.0003	-1.07009
700000.0003	-0.529135
700000.0003	1.7155
700000.0003	0.158469
700000.0003	-0.587566
700000.0003	0.0981246
700000.0003	-0.129121
700000.0003	0.225795
700000.0003	0.341501
700000.0003	0.469336
700000.0003	0.0210552
700000.0003	0.450666
700000.0003	-0.261689
700000.0003	-0.325244
700000.0003	-0.0596156
700000.0003	-0.0765403
700000.0003	0.10869
700000.0003	0.189981
700000.0003	0.263936
700000.0003	0.252784
700000.0003	-0.0883267
700000.0003	0.125413
700000.0003	0.12983
700000.0003	0.113015
700000.0003	0.130432
700000.0003	0.0262364
700000.0003	-0.05586
700000.0003	-0.0304336
700000.0003	-0.020494
700000.0003	-0.00969313
700000.0003	0.000288746
700000.0003	0.00629776
700000.0003	0
700000.0003	0
700000.0003	0
700000.0003	0
700000.0003	0
700000.0003	0
700000.0003	0
700000.0003	0
700000.0003	0
700000.0003	0
700000.0003	0
700000.0003	0
700000.0003	0
700000.0003	0
700000.0003	0
700000.0003	0
700000.0003	0
700000.0003	0
700000.0003	0
700000.0003	0
700000.0003	0
700000.0003	0
700000.0003	0
700000.0003	0
700000.0003	0
700000.0003	0
700000.0003	0
700000.0003	0
700000.0003	0
700000.0003	0
700000.0003	0
700000.0003	0
700000.0003	0
700000.0003	0
700000.0003	0
700000.0003	0
700000.0003	0
700000.0003	0
700000.0003	0
700000.0003	0
700000.0003	0
700000.0003	0
700000.0003	0
700000.0003	0
700000.0003	0
700000.0003	0
700000.0003	0
700000.0003	0
700000.0003	0
700000.0003	0
700000.0003	0
700000.0003	0
700000.0003	0
700000.0003	0
700000.0003	0
700000.0003	0
700000.0003	0
700000.0003	0
700000.0003	0
700000.0003	0
700000.0003	0
700000.0003	0
700000.0003	0
700000.0003	0
700000.0003	0
700000.0003	0
700000.0003	0
700000.0003	0
700000.0003	0
700000.0003	0
700000.0003	0
700000.0003	0
700000.0003	0
700000.0003	0
700000.0003	0
700000.0003	0
700000.0003	0
700000.0003	0
700000.0003	0
700000.0003	0
700000.0003	0
700000.0003	0
700000.0003	0
700000.0003	0
700000.0003	0
700000.0003	0
700000.0003	0
700000.0003	0
700000.0003	0
700000.0003	0
700000.0003	0
700000.0003	0
700000.0003	0
700000.0003	0
700000.0003	0
700000.0003	0
700000.0003	0
700000.0003	0
700000.0003	0
700000.0003	0
