700000.0003	63.1138
700000.0003	114.489
700000.0003	194.344
700000.0003	312.598
700000.0003	480.078
700000.0003	699.213
700000.0003	964.019
700000.0003	1260
700000.0003	1590.89
700000.0003	1968.27
700000.0003	2398.7
700000.0003	2859.46
700000.0003	3301.13
700000.0003	3643.62
700000.0003	3809.64
700000.0003	3739.39
700000.0003	3459.22
700000.0003	3044.23
700000.0003	2596.73
700000.0003	2145.35
700000.0003	1733.22
700000.0003	1360.23
700000.0003	1057.77
700000.0003	800.547
700000.0003	608.984
700000.0003	461.784
700000.0003	352.134
700000.0003	262.56
700000.0003	201.766
700000.0003	153.719
700000.0003	118.824
700000.0003	91.031
700000.0003	69.9912
700000.0003	55.0858
700000.0003	43.9655
700000.0003	33.7779
700000.0003	27.1979
700000.0003	21.144
700000.0003	16.5758
700000.0003	12.0722
700000.0003	10.4882
700000.0003	9.5675
700000.0003	8.3583
700000.0003	6.47315
700000.0003	6.84323
700000.0003	5.96209
700000.0003	6.06574
700000.0003	4.27211
700000.0003	4.40067
700000.0003	3.91317
700000.0003	2.16487
700000.0003	2.11665
700000.0003	3.22724
700000.0003	3.10293
700000.0003	2.49742
700000.0003	2.86402
700000.0003	2.11704
700000.0003	1.29616
700000.0003	2.32139
700000.0003	1.78062
700000.0003	1.60006
700000.0003	2.52585
700000.0003	0.744496
700000.0003	0.67379
700000.0003	2.24785
700000.0003	1.35655
700000.0003	2.73314
700000.0003	1.30581
700000.0003	1.19146
700000.0003	1.52909
700000.0003	1.77761
700000.0003	1.11809
700000.0003	0.967619
700000.0003	0.990851
700000.0003	0.736905
700000.0003	0.906729
700000.0003	2.06638
700000.0003	0.943533
700000.0003	1.41198
700000.0003	0.286896
700000.0003	0.14265
700000.0003	-0.345224
700000.0003	1.3431
700000.0003	0.82412
700000.0003	1.13876
700000.0003	1.59208
700000.0003	0.087156
700000.0003	-0.43192
700000.0003	0.990476
700000.0003	0.440117
700000.0003	0.163678
700000.0003	-0.452353
700000.0003	1.06169
700000.0003	0.0659518
700000.0003	0.491313
700000.0003	1.38885
700000.0003	0.427542
700000.0003	-0.208136
700000.0003	0.870045
700000.0003	-0.208427
700000.0003	0.97818
700000.0003	-0.397016
700000.0003	0.0900948
700000.0003	0.374069
700000.0003	0.0829071
700000.0003	1.1094
700000.0003	0.526809
700000.0003	-0.6224
700000.0003	-0.156676
700000.0003	-1.4798
700000.0003	0.609474
700000.0003	1.26273
700000.0003	0.27733
700000.0003	0.51118
700000.0003	0.605042
700000.0003	0.823084
700000.0003	0.0623965
700000.0003	-1.09427
700000.0003	-0.195996
700000.0003	-0.0504237
700000.0003	-1.13056
700000.0003	0.0427833
700000.0003	-0.954727
700000.0003	1.81727
700000.0003	0.534582
700000.0003	-0.420594
700000.0003	0.132992
700000.0003	1.11045
700000.0003	0.764581
700000.0003	-0.680369
700000.0003	-0.252375
700000.0003	-0.561282
700000.0003	0.512448
700000.0003	-0.265839
700000.0003	0.840594
700000.0003	-0.174412
700000.0003	-0.535132
700000.0003	0.657045
700000.0003	-0.860782
700000.0003	-0.44193
700000.0003	-0.607981
700000.0003	-0.976999
700000.0003	0.0118459
700000.0003	-0.304305
700000.0003	0.64029
700000.0003	-1.42932
700000.0003	-0.778417
700000.0003	-0.432985
700000.0003	0.589874
700000.0003	-1.03238
700000.0003	-0.892676
700000.0003	-1.18855
700000.0003	-1.30189
700000.0003	-1.19234
700000.0003	-1.10825
700000.0003	-2.0822
700000.0003	-1.48237
700000.0003	-1.44564
700000.0003	-1.7849
700000.0003	-1.22331
700000.0003	-2.25538
700000.0003	-1.56087
700000.0003	-1.20016
700000.0003	0.0697592
700000.0003	-2.30489
700000.0003	-2.21951
700000.0003	-2.01168
700000.0003	-2.1947
700000.0003	-4.1178
700000.0003	-4.15566
700000.0003	-3.04416
700000.0003	-3.91338
700000.0003	-4.3954
700000.0003	-2.18131
700000.0003	-3.36856
700000.0003	-2.00776
700000.0003	-2.48464
700000.0003	-5.20542
700000.0003	-3.82295
700000.0003	-3.10415
700000.0003	-4.87071
700000.0003	-3.81684
700000.0003	-5.56025
700000.0003	-3.6263
700000.0003	-5.45336
700000.0003	-4.76823
700000.0003	-4.75111
700000.0003	-6.04679
700000.0003	-4.99153
700000.0003	-6.66134
700000.0003	-7.18626
700000.0003	-6.22938
700000.0003	-7.26955
700000.0003	-8.35094
700000.0003	-7.24037
700000.0003	-8.11765
700000.0003	-8.19745
700000.0003	-8.98589
700000.0003	-9.14036
700000.0003	-9.32279
700000.0003	-9.39017
700000.0003	-10.6262
700000.0003	-9.94117
700000.0003	-9.87551
700000.0003	-12.487
700000.0003	-13.0746
700000.0003	-13.304
700000.0003	-13.9181
700000.0003	-15.5152
700000.0003	-14.5427
700000.0003	-17.1234
700000.0003	-17.2975
700000.0003	-18.968
700000.0003	-21.9027
700000.0003	-21.8558
700000.0003	-24.454
700000.0003	-26.1422
700000.0003	-28.7275
700000.0003	-29.389
700000.0003	-32.5174
700000.0003	-35.5242
700000.0003	-39.7846
700000.0003	-42.9351
700000.0003	-48.1499
700000.0003	-53.7354
700000.0003	-59.2991
700000.0003	-67.8863
700000.0003	-77.8691
700000.0003	-88.4868
700000.0003	-101.913
700000.0003	-114.761
700000.0003	-136.709
700000.0003	-159.355
700000.0003	-183.757
700000.0003	-212.604
700000.0003	-247.434
700000.0003	-289.739
700000.0003	-336.931
700000.0003	-390.02
700000.0003	-451.963
700000.0003	-520.941
700000.0003	-599.696
700000.0003	-683.186
700000.0003	-769.244
700000.0003	-867.053
700000.0003	-963.641
700000.0003	-1063.86
700000.0003	-1157.94
700000.0003	-1248.5
700000.0003	-1331.98
700000.0003	-1401.39
700000.0003	-1450.65
700000.0003	-1490.7
700000.0003	-1513.53
700000.0003	-1514.34
700000.0003	-1498.13
700000.0003	-1474.95
700000.0003	-1439.57
700000.0003	-1387.39
700000.0003	-1330.82
700000.0003	-1273.2
700000.0003	-1207.88
700000.0003	-1143.81
700000.0003	-1073.59
700000.0003	-1004.54
700000.0003	-935.639
700000.0003	-869.183
700000.0003	-802.359
700000.0003	-738.13
700000.0003	-673.779
700000.0003	-608.78
700000.0003	-552.211
700000.0003	-496.735
700000.0003	-444.843
700000.0003	-394.265
700000.0003	-351.147
700000.0003	-306.19
700000.0003	-270.315
700000.0003	-233.148
700000.0003	-203.725
700000.0003	-175.977
700000.0003	-155.438
700000.0003	-134.015
700000.0003	-119.704
700000.0003	-105.67
700000.0003	-95.1651
700000.0003	-84.6685
700000.0003	-76.9156
700000.0003	-71.6474
700000.0003	-64.7904
700000.0003	-61.3885
700000.0003	-58.8431
700000.0003	-54.0453
700000.0003	-51.0128
700000.0003	-48.0012
700000.0003	-47.1807
700000.0003	-47.1398
700000.0003	-45.124
700000.0003	-43.2404
700000.0003	-43.7952
700000.0003	-43.3975
700000.0003	-42.3959
700000.0003	-41.7693
700000.0003	-41.6493
700000.0003	-41.2795
700000.0003	-41.9938
700000.0003	-41.1457
700000.0003	-41.6355
700000.0003	-40.7799
700000.0003	-40.9302
700000.0003	-40.9167
700000.0003	-41.3039
700000.0003	-41.0681
700000.0003	-41.9518
700000.0003	-41.3574
700000.0003	-41.4294
700000.0003	-40.6568
700000.0003	-40.3216
700000.0003	-41.4998
700000.0003	-40.336
700000.0003	-40.675
700000.0003	-40.4494
700000.0003	-40.9287
700000.0003	-40.1186
700000.0003	-40.4294
700000.0003	-39.9865
700000.0003	-40.534
700000.0003	-40.3072
700000.0003	-40.7489
700000.0003	-39.9028
700000.0003	-40.5716
700000.0003	-40.2641
700000.0003	-40.5377
700000.0003	-40.1569
700000.0003	-40.604
700000.0003	-40.6553
700000.0003	-41.512
700000.0003	-40.695
700000.0003	-40.7433
700000.0003	-40.9479
700000.0003	-39.5149
700000.0003	-39.6909
700000.0003	-40.3042
700000.0003	-39.1634
700000.0003	-40.2963
700000.0003	-40.4307
700000.0003	-40.5032
700000.0003	-39.9679
700000.0003	-39.8328
700000.0003	-40.1158
700000.0003	-40.1226
700000.0003	-39.3996
700000.0003	-39.3872
700000.0003	-39.939
700000.0003	-40.5029
700000.0003	-40.5673
700000.0003	-40.6942
700000.0003	-39.8993
700000.0003	-39.6018
700000.0003	-40.153
700000.0003	-40.0443
700000.0003	-40.4687
700000.0003	-39.9533
700000.0003	-40.2559
700000.0003	-39.7454
700000.0003	-39.142
700000.0003	-40.4082
700000.0003	-39.6809
700000.0003	-39.349
700000.0003	-39.34
700000.0003	-39.5942
700000.0003	-38.9702
700000.0003	-39.9728
700000.0003	-38.4841
700000.0003	-39.3688
700000.0003	-39.1411
700000.0003	-38.5914
700000.0003	-37.6605
700000.0003	-37.7845
700000.0003	-38.1371
700000.0003	-38.7614
700000.0003	-37.1178
700000.0003	-37.3846
700000.0003	-36.1431
700000.0003	-37.0012
700000.0003	-36.273
700000.0003	-35.7798
700000.0003	-34.5373
700000.0003	-34.0028
700000.0003	-31.5488
700000.0003	-30.8701
700000.0003	-30.1066
700000.0003	-27.0534
700000.0003	-23.5992
700000.0003	-20.0851
700000.0003	-13.9116
700000.0003	-6.35504
700000.0003	3.95294
700000.0003	17.9479
700000.0003	35.4741
700000.0003	-0.0508141
700000.0003	0.858916
700000.0003	0.455955
700000.0003	-1.50345
700000.0003	-2.38506
700000.0003	0.309525
700000.0003	1.99492
700000.0003	1.74206
700000.0003	-0.996519
700000.0003	1.37417
700000.0003	1.64259
700000.0003	1.93082
700000.0003	-1.28905
700000.0003	-1.57873
700000.0003	3.99829
700000.0003	-5.5881
700000.0003	-0.0419982
700000.0003	0.306748
700000.0003	-0.942491
700000.0003	-1.99685
700000.0003	3.7747
700000.0003	-2.55508
700000.0003	0.537286
700000.0003	-2.43022
700000.0003	1.45688
700000.0003	0.466047
700000.0003	0.236393
700000.0003	-0.350262
700000.0003	-0.15824
700000.0003	-0.567061
700000.0003	-1.25906
700000.0003	1.03145
700000.0003	0.133275
700000.0003	-0.142811
700000.0003	-0.19929
700000.0003	-0.250818
700000.0003	0.338128
700000.0003	0.824457
700000.0003	-0.79807
700000.0003	0.42355
700000.0003	0.498078
700000.0003	0.522642
700000.0003	-0.144309
700000.0003	0.407502
700000.0003	-0.318084
700000.0003	0.523353
700000.0003	-1.27655
700000.0003	-0.10329
700000.0003	-1.17213
700000.0003	-0.308146
700000.0003	0.715218
700000.0003	0.698102
700000.0003	0.85029
700000.0003	-0.999184
700000.0003	-0.152494
700000.0003	0.945208
700000.0003	-0.843118
700000.0003	-0.661831
700000.0003	0.915851
700000.0003	0.463763
700000.0003	-0.24936
700000.0003	0.315976
700000.0003	-0.733209
700000.0003	0.360108
700000.0003	1.04204
700000.0003	0.327419
700000.0003	-0.242421
700000.0003	-1.42682
700000.0003	0.455092
700000.0003	0.614743
700000.0003	0.291278
700000.0003	-0.285725
700000.0003	-0.278159
700000.0003	-0.082629
700000.0003	-0.788219
700000.0003	0.0708367
700000.0003	0.29857
700000.0003	0.844168
700000.0003	-0.0776371
700000.0003	0.383262
700000.0003	-0.174284
700000.0003	0.102658
700000.0003	-0.268169
700000.0003	-0.95448
700000.0003	0.200612
700000.0003	0.0206485
700000.0003	-0.0392133
700000.0003	0.313679
700000.0003	0.288367
700000.0003	-0.409755
700000.0003	0.132172
700000.0003	0.204226
700000.0003	-0.288203
700000.0003	-0.561218
700000.0003	-0.376228
700000.0003	0.653598
700000.0003	-0.547163
700000.0003	-0.177644
700000.0003	0.498827
700000.0003	0.666126
700000.0003	-0.236335
700000.0003	-0.191287
700000.0003	0.291825
700000.0003	-0.669335
700000.0003	0.907256
700000.0003	1.07709
700000.0003	-0.425739
700000.0003	-0.430898
700000.0003	0.0341016
700000.0003	-0.0056055
700000.0003	-0.0179103
700000.0003	0.112642
700000.0003	0.316977
700000.0003	0.306955
700000.0003	-0.0635061
700000.0003	-0.162287
700000.0003	0.190589
700000.0003	0.100294
700000.0003	-0.558538
700000.0003	-1.46409
700000.0003	0.480244
700000.0003	0.122632
700000.0003	-0.377892
700000.0003	1.20699
700000.0003	0.955938
700000.0003	-0.127803
700000.0003	-0.209082
700000.0003	-0.680039
700000.0003	0.184558
700000.0003	0.093877
700000.0003	0.00146776
700000.0003	-0.881999
700000.0003	-1.20811
700000.0003	0.119822
700000.0003	0.659277
700000.0003	-0.205073
700000.0003	0.637651
700000.0003	0.339145
700000.0003	-0.474763
700000.0003	0.011463
700000.0003	0.10571
700000.0003	0.168096
700000.0003	-0.104788
700000.0003	-0.0893455
700000.0003	-0.555185
700000.0003	-0.0500768
700000.0003	0.912344
700000.0003	-1.17082
700000.0003	0.378604
700000.0003	-0.185747
700000.0003	0.87951
700000.0003	0.378114
700000.0003	-0.721145
700000.0003	0.470075
700000.0003	-0.606751
700000.0003	0.242534
700000.0003	-0.413587
700000.0003	-0.89732
700000.0003	-0.974941
700000.0003	0.20616
700000.0003	1.31794
700000.0003	0.229903
700000.0003	0.223864
700000.0003	0.21465
700000.0003	-0.371732
700000.0003	-0.400104
700000.0003	0.116204
700000.0003	0.890595
700000.0003	-0.172653
700000.0003	0.350106
700000.0003	0.39706
700000.0003	0.557934
700000.0003	-0.527456
700000.0003	-1.23119
700000.0003	-0.0695508
700000.0003	0.970163
700000.0003	1.21239
700000.0003	-0.355732
700000.0003	-0.868099
700000.0003	0.0386998
700000.0003	0.169162
700000.0003	-0.589601
700000.0003	0.249763
700000.0003	0.0772603
700000.0003	0.241701
700000.0003	0.268276
700000.0003	0.251077
700000.0003	-0.576495
700000.0003	0.137802
700000.0003	0.682825
700000.0003	-0.19324
700000.0003	-0.970421
700000.0003	0.0864678
700000.0003	0.755331
700000.0003	-1.56971
700000.0003	-0.453131
700000.0003	-0.228586
700000.0003	-0.137997
700000.0003	-0.11142
700000.0003	-0.0966277
700000.0003	0.550068
700000.0003	-0.118873
700000.0003	0.478808
700000.0003	0.667076
700000.0003	-0.5786
700000.0003	0.0156962
700000.0003	-0.489276
700000.0003	0.581243
700000.0003	0.528188
700000.0003	0.55568
700000.0003	-1.14138
700000.0003	-0.692159
700000.0003	0.579872
700000.0003	0.294077
700000.0003	0.61843
700000.0003	-1.04911
700000.0003	0.464037
700000.0003	1.16282
700000.0003	-0.590409
700000.0003	0.00635474
700000.0003	0.471977
700000.0003	0.448007
700000.0003	1.7932
700000.0003	0.0468048
700000.0003	-0.913931
700000.0003	0.401485
700000.0003	1.4129
700000.0003	-1.21755
700000.0003	-1.26844
700000.0003	-0.981824
700000.0003	-0.828937
700000.0003	-1.1905
700000.0003	-0.0625363
700000.0003	0.067853
700000.0003	0.748582
700000.0003	-1.44782
700000.0003	1.20414
700000.0003	2.33449
700000.0003	-0.202692
700000.0003	0.235336
700000.0003	2.46023
700000.0003	-0.0792485
700000.0003	0.203995
700000.0003	0.00325196
700000.0003	-0.401616
700000.0003	-0.66667
700000.0003	0.361673
700000.0003	-0.480629
700000.0003	0.109216
700000.0003	-2.57639
700000.0003	-0.569508
700000.0003	1.17412
700000.0003	-1.99909
700000.0003	0.799024
700000.0003	-0.893999
700000.0003	-2.43409
700000.0003	-0.82186
700000.0003	0.499193
700000.0003	1.55403
700000.0003	-1.14493
700000.0003	1.67265
700000.0003	-1.50601
700000.0003	1.63575
700000.0003	-0.132658
700000.0003	-2.15763
700000.0003	-0.0998739
700000.0003	-0.128256
700000.0003	-1.55226
700000.0003	-1.70807
700000.0003	1.63913
700000.0003	-0.336403
700000.0003	0.627262
700000.0003	0.386784
700000.0003	-1.24608
700000.0003	0.538614
700000.0003	0.533575
700000.0003	0.438814
700000.0003	-0.71841
700000.0003	-0.919163
700000.0003	0.542365
700000.0003	-0.41016
700000.0003	0.798889
700000.0003	-1.6998
700000.0003	0.334804
700000.0003	0.800481
700000.0003	-0.0971951
700000.0003	-0.277891
700000.0003	-0.248898
700000.0003	0.617338
700000.0003	-0.438164
700000.0003	0.149427
700000.0003	0.437834
700000.0003	-0.932733
700000.0003	-0.248079
700000.0003	-0.0721077
700000.0003	0.568558
700000.0003	-0.540441
700000.0003	0.264079
700000.0003	-0.29984
700000.0003	-0.0857796
700000.0003	-0.34278
700000.0003	0.989027
700000.0003	0.550948
700000.0003	0.315101
700000.0003	0.00558846
700000.0003	-0.423254
700000.0003	0.172682
700000.0003	0.432657
700000.0003	-0.227957
700000.0003	-0.380208
700000.0003	0.409977
700000.0003	0.338911
700000.0003	0.377344
700000.0003	1.02417
700000.0003	0.404634
700000.0003	0.0247797
700000.0003	-0.759212
700000.0003	-0.00117623
700000.0003	-0.310772
700000.0003	0.575551
700000.0003	0.0738001
700000.0003	0.569269
700000.0003	0.0775335
700000.0003	-0.139958
700000.0003	-0.361525
700000.0003	-0.130082
700000.0003	-0.254028
700000.0003	-0.343082
700000.0003	0.361255
700000.0003	-0.320482
700000.0003	0.0692913
700000.0003	1.23009
700000.0003	0.118625
700000.0003	-0.438268
700000.0003	-0.253227
700000.0003	1.01693
700000.0003	0.227619
700000.0003	0.634949
700000.0003	0.189473
700000.0003	-0.26409
700000.0003	-0.639673
700000.0003	-0.0947156
700000.0003	-0.506884
700000.0003	-0.0484248
700000.0003	-0.616116
700000.0003	0.393868
700000.0003	0.0996546
700000.0003	0.329852
700000.0003	0.512363
700000.0003	0.625725
700000.0003	0.49556
700000.0003	0.457616
700000.0003	-0.0170382
700000.0003	1.16528
700000.0003	0.347434
700000.0003	0.725819
700000.0003	0.249445
700000.0003	0.110807
700000.0003	0.769586
700000.0003	-0.852029
700000.0003	-0.953159
700000.0003	0.347922
700000.0003	1.21612
700000.0003	0.25555
700000.0003	0.225894
700000.0003	-0.2825
700000.0003	-0.072112
700000.0003	0.0759009
700000.0003	0.0309716
700000.0003	0.397479
700000.0003	0.886368
700000.0003	-0.218161
700000.0003	0.0177073
700000.0003	-0.144521
700000.0003	0.125281
700000.0003	-0.169856
700000.0003	0.393578
700000.0003	0.048343
700000.0003	-0.4849
700000.0003	0.0422691
700000.0003	-0.236386
700000.0003	0.256819
700000.0003	0.116575
700000.0003	0.608952
700000.0003	-0.900636
700000.0003	-0.204509
700000.0003	-0.938069
700000.0003	0.170056
700000.0003	-0.0841793
700000.0003	-0.40095
700000.0003	-0.0115191
700000.0003	0.611819
700000.0003	-0.914816
700000.0003	0.229202
700000.0003	-0.144894
700000.0003	0.445363
700000.0003	0.154268
700000.0003	0.136979
700000.0003	0.144361
700000.0003	-1.32945
