700000.0003	64.1535
700000.0003	113.746
700000.0003	195.566
700000.0003	312.015
700000.0003	482.88
700000.0003	698.652
700000.0003	959.489
700000.0003	1257.97
700000.0003	1591.53
700000.0003	1967.38
700000.0003	2393.26
700000.0003	2861.17
700000.0003	3302.46
700000.0003	3647.39
700000.0003	3810.03
700000.0003	3733.42
700000.0003	3456.99
700000.0003	3048.66
700000.0003	2587.95
700000.0003	2147.43
700000.0003	1729.5
700000.0003	1365.71
700000.0003	1053.6
700000.0003	806.901
700000.0003	611.553
700000.0003	464.568
700000.0003	349.43
700000.0003	264.033
700000.0003	199.438
700000.0003	152.544
700000.0003	116.955
700000.0003	88.7306
700000.0003	71.1897
700000.0003	55.0532
700000.0003	42.5658
700000.0003	34.8759
700000.0003	26.6809
700000.0003	21.6416
700000.0003	17.9447
700000.0003	13.6788
700000.0003	9.97847
700000.0003	10.1893
700000.0003	7.99331
700000.0003	6.55917
700000.0003	6.39111
700000.0003	6.39565
700000.0003	5.82879
700000.0003	5.31937
700000.0003	3.8819
700000.0003	2.68423
700000.0003	3.6436
700000.0003	2.72765
700000.0003	3.76196
700000.0003	3.06609
700000.0003	2.85041
700000.0003	2.59811
700000.0003	2.6533
700000.0003	2.8325
700000.0003	1.84958
700000.0003	1.26183
700000.0003	1.30863
700000.0003	1.17433
700000.0003	2.44525
700000.0003	1.04924
700000.0003	2.5255
700000.0003	0.419724
700000.0003	1.03331
700000.0003	1.6299
700000.0003	1.33131
700000.0003	1.37523
700000.0003	1.1554
700000.0003	0.439441
700000.0003	-0.130842
700000.0003	0.76537
700000.0003	0.410595
700000.0003	1.34472
700000.0003	0.752678
700000.0003	1.08476
700000.0003	1.98231
700000.0003	1.3809
700000.0003	1.96395
700000.0003	1.06607
700000.0003	0.838353
700000.0003	0.195721
700000.0003	-0.459196
700000.0003	-0.566575
700000.0003	0.265571
700000.0003	0.943447
700000.0003	0.273651
700000.0003	0.385614
700000.0003	0.881715
700000.0003	0.185933
700000.0003	0.0783747
700000.0003	1.00579
700000.0003	0.551494
700000.0003	0.604648
700000.0003	-0.281718
700000.0003	0.371403
700000.0003	0.339729
700000.0003	0.49535
700000.0003	-0.146122
700000.0003	0.72004
700000.0003	0.261037
700000.0003	0.350254
700000.0003	0.895793
700000.0003	-0.779773
700000.0003	0.439165
700000.0003	-0.216425
700000.0003	0.406854
700000.0003	0.848525
700000.0003	-0.308828
700000.0003	-0.936669
700000.0003	0.612678
700000.0003	0.359755
700000.0003	-0.414189
700000.0003	0.440311
700000.0003	0.685848
700000.0003	1.13838
700000.0003	0.328994
700000.0003	-0.042565
700000.0003	-0.578366
700000.0003	0.30577
700000.0003	-0.446953
700000.0003	0.388865
700000.0003	0.188648
700000.0003	0.459361
700000.0003	-0.374056
700000.0003	0.444557
700000.0003	-0.330462
700000.0003	-0.315662
700000.0003	0.516942
700000.0003	-0.647896
700000.0003	-0.894972
700000.0003	0.862685
700000.0003	-0.0361672
700000.0003	-0.0352052
700000.0003	0.25378
700000.0003	-0.0624379
700000.0003	-0.161155
700000.0003	-0.158601
700000.0003	-0.342395
700000.0003	0.207683
700000.0003	-0.231437
700000.0003	-1.2857
700000.0003	0.147117
700000.0003	-0.503874
700000.0003	0.355974
700000.0003	-0.909826
700000.0003	-1.36962
700000.0003	-0.567737
700000.0003	-0.9952
700000.0003	-0.802929
700000.0003	-1.89392
700000.0003	-1.50896
700000.0003	-1.14955
700000.0003	-1.31708
700000.0003	-0.889373
700000.0003	-1.45462
700000.0003	-2.45679
700000.0003	-1.5242
700000.0003	-1.2607
700000.0003	-0.553454
700000.0003	-1.21574
700000.0003	-2.59223
700000.0003	-1.96475
700000.0003	-2.99762
700000.0003	-1.84001
700000.0003	-4.04657
700000.0003	-2.92584
700000.0003	-1.55538
700000.0003	-2.89745
700000.0003	-2.1354
700000.0003	-2.91738
700000.0003	-3.67388
700000.0003	-3.74179
700000.0003	-3.85785
700000.0003	-2.7557
700000.0003	-4.19178
700000.0003	-3.87342
700000.0003	-4.07578
700000.0003	-3.35674
700000.0003	-4.87479
700000.0003	-4.46854
700000.0003	-3.51254
700000.0003	-4.98634
700000.0003	-5.72782
700000.0003	-6.59982
700000.0003	-5.15192
700000.0003	-5.97446
700000.0003	-6.85646
700000.0003	-7.00291
700000.0003	-5.96466
700000.0003	-7.36961
700000.0003	-6.60372
700000.0003	-8.07353
700000.0003	-7.20345
700000.0003	-8.83602
700000.0003	-7.63455
700000.0003	-9.38237
700000.0003	-9.14053
700000.0003	-9.64827
700000.0003	-10.0336
700000.0003	-11.3921
700000.0003	-11.6549
700000.0003	-12.0975
700000.0003	-13.3868
700000.0003	-14.1566
700000.0003	-14.8482
700000.0003	-13.8929
700000.0003	-15.3361
700000.0003	-16.2527
700000.0003	-17.3557
700000.0003	-18.1816
700000.0003	-20.4918
700000.0003	-22.1703
700000.0003	-23.689
700000.0003	-25.2719
700000.0003	-27.7933
700000.0003	-29.7813
700000.0003	-32.882
700000.0003	-36.547
700000.0003	-39.5518
700000.0003	-44.5322
700000.0003	-48.264
700000.0003	-54.1334
700000.0003	-61.1982
700000.0003	-67.3675
700000.0003	-75.6696
700000.0003	-88.5917
700000.0003	-102.614
700000.0003	-117.083
700000.0003	-133.705
700000.0003	-156.564
700000.0003	-182.629
700000.0003	-212.255
700000.0003	-248.358
700000.0003	-288.832
700000.0003	-335.347
700000.0003	-391.812
700000.0003	-450.813
700000.0003	-522.626
700000.0003	-602.479
700000.0003	-685.145
700000.0003	-772.648
700000.0003	-871.717
700000.0003	-969.264
700000.0003	-1064.17
700000.0003	-1159.49
700000.0003	-1247.64
700000.0003	-1330.01
700000.0003	-1401.62
700000.0003	-1451.31
700000.0003	-1490.97
700000.0003	-1508.91
700000.0003	-1515.67
700000.0003	-1502.11
700000.0003	-1474.26
700000.0003	-1438.4
700000.0003	-1388.07
700000.0003	-1332.83
700000.0003	-1267.19
700000.0003	-1209
700000.0003	-1142.67
700000.0003	-1074.1
700000.0003	-1004.88
700000.0003	-935.367
700000.0003	-868.825
700000.0003	-803.291
700000.0003	-735.062
700000.0003	-673.106
700000.0003	-609.962
700000.0003	-552.07
700000.0003	-497.293
700000.0003	-442.343
700000.0003	-393.72
700000.0003	-345.6
700000.0003	-303.402
700000.0003	-266.74
700000.0003	-234.312
700000.0003	-205.062
700000.0003	-177.387
700000.0003	-154.934
700000.0003	-134.823
700000.0003	-121.674
700000.0003	-105.049
700000.0003	-94.0733
700000.0003	-86.012
700000.0003	-78.4036
700000.0003	-70.4645
700000.0003	-64.1399
700000.0003	-61.4357
700000.0003	-58.0251
700000.0003	-53.6135
700000.0003	-52.0779
700000.0003	-49.5446
700000.0003	-47.1416
700000.0003	-46.0294
700000.0003	-44.8044
700000.0003	-43.6447
700000.0003	-42.3636
700000.0003	-43.6277
700000.0003	-42.2851
700000.0003	-42.1735
700000.0003	-41.9227
700000.0003	-40.9293
700000.0003	-42.0894
700000.0003	-41.2153
700000.0003	-41.2996
700000.0003	-41.025
700000.0003	-41.789
700000.0003	-41.3312
700000.0003	-41.0342
700000.0003	-40.5707
700000.0003	-41.2665
700000.0003	-40.8876
700000.0003	-40.9693
700000.0003	-39.9122
700000.0003	-40.4039
700000.0003	-41.1179
700000.0003	-40.2435
700000.0003	-40.5459
700000.0003	-40.197
700000.0003	-40.0657
700000.0003	-40.3118
700000.0003	-40.8841
700000.0003	-40.2776
700000.0003	-41.1983
700000.0003	-40.8572
700000.0003	-40.0374
700000.0003	-41.0137
700000.0003	-40.6339
700000.0003	-40.4185
700000.0003	-39.5787
700000.0003	-40.4925
700000.0003	-40.2612
700000.0003	-41.1567
700000.0003	-40.4498
700000.0003	-39.721
700000.0003	-39.7945
700000.0003	-39.6053
700000.0003	-40.3734
700000.0003	-40.9942
700000.0003	-39.7533
700000.0003	-39.5284
700000.0003	-40.6828
700000.0003	-40.2956
700000.0003	-39.3361
700000.0003	-40.3173
700000.0003	-40.0168
700000.0003	-39.8092
700000.0003	-40.4097
700000.0003	-39.1874
700000.0003	-39.9185
700000.0003	-39.8468
700000.0003	-40.1261
700000.0003	-40.5617
700000.0003	-39.5921
700000.0003	-39.5213
700000.0003	-39.3879
700000.0003	-39.7825
700000.0003	-39.3672
700000.0003	-39.6095
700000.0003	-39.6933
700000.0003	-38.9059
700000.0003	-39.3777
700000.0003	-38.8551
700000.0003	-39.0921
700000.0003	-38.659
700000.0003	-40.293
700000.0003	-38.9973
700000.0003	-39.7643
700000.0003	-39.2126
700000.0003	-39.6723
700000.0003	-39.0222
700000.0003	-38.7531
700000.0003	-38.3977
700000.0003	-38.555
700000.0003	-38.3709
700000.0003	-37.9415
700000.0003	-38.0701
700000.0003	-37.9383
700000.0003	-38.4021
700000.0003	-37.5956
700000.0003	-37.0279
700000.0003	-35.2152
700000.0003	-35.9507
700000.0003	-36.018
700000.0003	-34.2538
700000.0003	-33.2606
700000.0003	-32.9251
700000.0003	-31.328
700000.0003	-29.6369
700000.0003	-26.5876
700000.0003	-23.3979
700000.0003	-20.3065
700000.0003	-14.8578
700000.0003	-6.96982
700000.0003	4.30117
700000.0003	16.9596
700000.0003	33.6654
700000.0003	-0.087577
700000.0003	-0.344764
700000.0003	-0.350095
700000.0003	-0.251799
700000.0003	-0.328914
700000.0003	0.82285
700000.0003	-3.60627
700000.0003	-0.380414
700000.0003	-3.84794
700000.0003	0.445595
700000.0003	-2.49145
700000.0003	2.02275
700000.0003	7.92999
700000.0003	-1.87469
700000.0003	1.47582
700000.0003	-3.63651
700000.0003	3.82007
700000.0003	3.54633
700000.0003	-4.93351
700000.0003	-0.770045
700000.0003	-3.28154
700000.0003	0.520512
700000.0003	1.53129
700000.0003	0.40279
700000.0003	-0.217986
700000.0003	-0.28937
700000.0003	2.18616
700000.0003	-1.48685
700000.0003	-0.854249
700000.0003	0.586398
700000.0003	1.20207
700000.0003	-1.61297
700000.0003	1.71553
700000.0003	0.310933
700000.0003	0.987117
700000.0003	0.0967736
700000.0003	0.0525567
700000.0003	-0.510773
700000.0003	-0.532312
700000.0003	0.035136
700000.0003	0.578835
700000.0003	-0.041755
700000.0003	-0.393045
700000.0003	0.0202508
700000.0003	-0.178176
700000.0003	-0.0483222
700000.0003	0.737673
700000.0003	-1.06912
700000.0003	-0.422581
700000.0003	1.91552
700000.0003	0.275721
700000.0003	-0.280979
700000.0003	0.0512473
700000.0003	0.997002
700000.0003	-0.94988
700000.0003	-0.266107
700000.0003	-0.110286
700000.0003	-1.01143
700000.0003	-0.172163
700000.0003	0.206767
700000.0003	0.330379
700000.0003	0.248587
700000.0003	0.24619
700000.0003	-0.138671
700000.0003	-0.359663
700000.0003	-0.301563
700000.0003	1.30039
700000.0003	-0.761395
700000.0003	-0.0699869
700000.0003	-0.67503
700000.0003	-0.49284
700000.0003	0.255032
700000.0003	0.510328
700000.0003	0.954996
700000.0003	0.0656068
700000.0003	0.172822
700000.0003	0.144644
700000.0003	-0.188179
700000.0003	0.0373622
700000.0003	-0.488626
700000.0003	-0.0749189
700000.0003	0.432199
700000.0003	-0.747932
700000.0003	-0.617312
700000.0003	-0.561054
700000.0003	0.19509
700000.0003	0.768402
700000.0003	0.0202434
700000.0003	-0.532267
700000.0003	0.267503
700000.0003	0.48769
700000.0003	-0.773898
700000.0003	0.391056
700000.0003	0.595505
700000.0003	-0.601649
700000.0003	-0.501382
700000.0003	-0.460179
700000.0003	-0.0849635
700000.0003	0.534546
700000.0003	0.327209
700000.0003	1.16499
700000.0003	-0.0883263
700000.0003	-0.472316
700000.0003	-0.428776
700000.0003	-1.54999
700000.0003	1.26408
700000.0003	0.634975
700000.0003	0.0881307
700000.0003	-0.567841
700000.0003	-0.672787
700000.0003	0.338378
700000.0003	0.0101975
700000.0003	-0.266368
700000.0003	0.973883
700000.0003	0.747108
700000.0003	0.131268
700000.0003	-0.330817
700000.0003	0.0219654
700000.0003	0.797032
700000.0003	-0.0480193
700000.0003	-1.44283
700000.0003	-0.193571
700000.0003	0.0944732
700000.0003	0.642774
700000.0003	0.609877
700000.0003	-0.29539
700000.0003	-0.745111
700000.0003	-0.787091
700000.0003	0.857341
700000.0003	-0.337864
700000.0003	-0.322105
700000.0003	0.561009
700000.0003	-0.774631
700000.0003	0.5352
700000.0003	-0.873782
700000.0003	0.42881
700000.0003	-0.0179938
700000.0003	0.398246
700000.0003	-0.693613
700000.0003	-0.813176
700000.0003	0.512775
700000.0003	0.563014
700000.0003	0.363809
700000.0003	-0.000324802
700000.0003	-0.127535
700000.0003	-0.248311
700000.0003	-0.245249
700000.0003	1.15358
700000.0003	-0.232432
700000.0003	0.511553
700000.0003	-0.0053518
700000.0003	-0.0598302
700000.0003	-0.321593
700000.0003	-0.159952
700000.0003	-0.11286
700000.0003	0.251072
700000.0003	0.189791
700000.0003	-0.273134
700000.0003	-0.48978
700000.0003	0.899539
700000.0003	0.148874
700000.0003	0.225589
700000.0003	-0.601156
700000.0003	-0.708423
700000.0003	-0.417788
700000.0003	-0.647086
700000.0003	0.222744
700000.0003	1.2633
700000.0003	0.125934
700000.0003	0.422142
700000.0003	-0.0371443
700000.0003	-0.0721926
700000.0003	-0.159282
700000.0003	-0.17063
700000.0003	-0.106888
700000.0003	0.246102
700000.0003	-0.2444
700000.0003	0.159924
700000.0003	-0.0455382
700000.0003	-0.100258
700000.0003	0.144878
700000.0003	-0.195775
700000.0003	-0.00775723
700000.0003	0.282188
700000.0003	-0.332345
700000.0003	-0.880891
700000.0003	-0.916351
700000.0003	0.562135
700000.0003	0.519303
700000.0003	0.135803
700000.0003	0.73048
700000.0003	-0.0493133
700000.0003	0.175512
700000.0003	0.0742119
700000.0003	0.0430942
700000.0003	-0.0581502
700000.0003	0.292979
700000.0003	0.885613
700000.0003	-0.814585
700000.0003	0.35689
700000.0003	0.77988
700000.0003	-1.44418
700000.0003	-0.140005
700000.0003	-0.184659
700000.0003	0.0475212
700000.0003	-0.220826
700000.0003	-0.41793
700000.0003	-0.23986
700000.0003	1.49377
700000.0003	-0.387423
700000.0003	0.259325
700000.0003	-0.0640669
700000.0003	0.449743
700000.0003	-0.313513
700000.0003	0.638817
700000.0003	-1.3361
700000.0003	0.172235
700000.0003	-0.0177352
700000.0003	-1.19564
700000.0003	-0.446048
700000.0003	0.276724
700000.0003	0.501233
700000.0003	1.1225
700000.0003	-1.27479
700000.0003	1.13046
700000.0003	0.339852
700000.0003	0.320874
700000.0003	0.434311
700000.0003	1.20534
700000.0003	-0.310935
700000.0003	-0.0948036
700000.0003	-0.361349
700000.0003	-0.31534
700000.0003	0.449578
700000.0003	1.03823
700000.0003	-0.763269
700000.0003	-2.76012
700000.0003	-1.57907
700000.0003	-0.706274
700000.0003	-0.154967
700000.0003	0.0630354
700000.0003	0.841539
700000.0003	1.12192
700000.0003	1.40289
700000.0003	0.270732
700000.0003	1.0316
700000.0003	1.05789
700000.0003	-1.42256
700000.0003	-1.81276
700000.0003	-1.80305
700000.0003	-0.163543
700000.0003	0.605147
700000.0003	4.84381
700000.0003	2.74543
700000.0003	-3.54305
700000.0003	-2.74318
700000.0003	0.698505
700000.0003	-4.58788
700000.0003	-1.71969
700000.0003	-2.01249
700000.0003	1.40235
700000.0003	-1.14822
700000.0003	0.709282
700000.0003	0.546807
700000.0003	0.701365
700000.0003	1.05901
700000.0003	0.244318
700000.0003	0.670202
700000.0003	-1.18597
700000.0003	1.71359
700000.0003	2.15437
700000.0003	-1.86725
700000.0003	-0.431556
700000.0003	2.45493
700000.0003	-1.86337
700000.0003	0.56018
700000.0003	-0.506294
700000.0003	-0.0737849
700000.0003	-0.355917
700000.0003	0.264439
700000.0003	0.314315
700000.0003	-0.646559
700000.0003	-0.819127
700000.0003	-0.794321
700000.0003	0.782341
700000.0003	1.63331
700000.0003	0.589759
700000.0003	0.0623829
700000.0003	0.238933
700000.0003	-0.330137
700000.0003	0.23085
700000.0003	-0.0514002
700000.0003	0.348033
700000.0003	-0.157281
700000.0003	0.241676
700000.0003	0.397414
700000.0003	-0.183674
700000.0003	0.762745
700000.0003	-0.197951
700000.0003	-0.221121
700000.0003	-0.218962
700000.0003	0.376082
700000.0003	-0.0420441
700000.0003	-0.475584
700000.0003	-0.124719
700000.0003	-0.282377
700000.0003	0.488194
700000.0003	0.364036
700000.0003	-0.878265
700000.0003	-0.418482
700000.0003	-0.307279
700000.0003	0.0903829
700000.0003	0.12207
700000.0003	-0.548496
700000.0003	0.343965
700000.0003	-0.409053
700000.0003	0.256384
700000.0003	0.288214
700000.0003	0.162348
700000.0003	-0.517417
700000.0003	0.040606
700000.0003	-0.0259868
700000.0003	-0.288086
700000.0003	0.134455
700000.0003	-0.0159554
700000.0003	-0.0517564
700000.0003	0.550036
700000.0003	-0.468594
700000.0003	0.742923
700000.0003	0.117054
700000.0003	0.470414
700000.0003	-0.92378
700000.0003	-0.689622
700000.0003	0.164193
700000.0003	0.428889
700000.0003	-0.718726
700000.0003	0.0171502
700000.0003	-0.324827
700000.0003	0.063494
700000.0003	-0.594163
700000.0003	0.170826
700000.0003	-0.397649
700000.0003	0.145275
700000.0003	0.507297
700000.0003	0.608058
700000.0003	0.375941
700000.0003	0.52572
700000.0003	0.857942
700000.0003	0.527864
700000.0003	0.633867
700000.0003	-0.0262905
700000.0003	0.623021
700000.0003	-0.0556629
700000.0003	-0.0381064
700000.0003	-0.526931
700000.0003	0.35549
700000.0003	0.319835
700000.0003	0.574712
700000.0003	1.23519
700000.0003	0.309317
700000.0003	-0.0402227
700000.0003	0.735854
700000.0003	0.880277
700000.0003	1.47245
700000.0003	-0.131822
700000.0003	0.392751
700000.0003	0.0174372
700000.0003	-0.58127
700000.0003	0.0353265
700000.0003	-0.721994
700000.0003	-0.344436
700000.0003	0.223334
700000.0003	0.00177633
700000.0003	0.266063
700000.0003	-0.444185
700000.0003	-0.139134
700000.0003	0.418409
700000.0003	0.206562
700000.0003	-0.121298
700000.0003	0.0765846
700000.0003	0.055601
700000.0003	-0.172006
700000.0003	-0.620534
700000.0003	0.387625
700000.0003	-0.389477
700000.0003	-0.161847
700000.0003	0.44201
700000.0003	-0.266012
700000.0003	0.118932
700000.0003	0.250867
700000.0003	-0.192331
700000.0003	0.383575
700000.0003	-0.184926
700000.0003	0.366109
700000.0003	-0.257146
700000.0003	-1.64356
700000.0003	-0.369589
700000.0003	-0.659146
700000.0003	0.337881
700000.0003	-0.197334
