700000.0003	0.0260718
700000.0003	0.0361106
700000.0003	0.0528205
700000.0003	0.0812047
700000.0003	0.124991
700000.0003	0.188597
700000.0003	0.276664
700000.0003	0.400872
700000.0003	0.552813
700000.0003	0.744704
700000.0003	0.985615
700000.0003	1.2678
700000.0003	1.60584
700000.0003	1.99561
700000.0003	2.40699
700000.0003	2.85873
700000.0003	3.34344
700000.0003	3.81226
700000.0003	4.29643
700000.0003	4.75615
700000.0003	5.19228
700000.0003	5.62572
700000.0003	6.05793
700000.0003	6.44025
700000.0003	6.8366
700000.0003	7.18263
700000.0003	7.53608
700000.0003	7.89655
700000.0003	8.25121
700000.0003	8.47588
700000.0003	8.86537
700000.0003	9.07579
700000.0003	9.3066
700000.0003	9.53191
700000.0003	9.6606
700000.0003	9.8721
700000.0003	10.0429
700000.0003	10.0896
700000.0003	10.1941
700000.0003	10.2437
700000.0003	10.308
700000.0003	10.234
700000.0003	10.2991
700000.0003	10.2969
700000.0003	10.2382
700000.0003	10.2994
700000.0003	10.2923
700000.0003	10.2925
700000.0003	10.2673
700000.0003	10.2904
700000.0003	10.3514
700000.0003	10.2911
700000.0003	10.338
700000.0003	10.2786
700000.0003	10.2517
700000.0003	10.2738
700000.0003	10.2657
700000.0003	10.3295
700000.0003	10.308
700000.0003	10.3757
700000.0003	10.2818
700000.0003	10.2686
700000.0003	10.333
700000.0003	10.3031
700000.0003	10.3712
700000.0003	10.3023
700000.0003	10.3356
700000.0003	10.2862
700000.0003	10.2665
700000.0003	10.3848
700000.0003	10.3565
700000.0003	10.3308
700000.0003	10.2505
700000.0003	10.2856
700000.0003	10.3993
700000.0003	10.3155
700000.0003	10.378
700000.0003	10.2437
700000.0003	10.4055
700000.0003	10.3567
700000.0003	10.2966
700000.0003	10.3458
700000.0003	10.3695
700000.0003	10.3508
700000.0003	10.3436
700000.0003	10.3493
700000.0003	10.4086
700000.0003	10.3768
700000.0003	10.383
700000.0003	10.4354
700000.0003	10.3772
700000.0003	10.4318
700000.0003	10.3598
700000.0003	10.3182
700000.0003	10.4972
700000.0003	10.4242
700000.0003	10.3646
700000.0003	10.41
700000.0003	10.3274
700000.0003	10.4888
700000.0003	10.3604
700000.0003	10.313
700000.0003	10.3785
700000.0003	10.416
700000.0003	10.4211
700000.0003	10.4404
700000.0003	10.4233
700000.0003	10.3491
700000.0003	10.4398
700000.0003	10.3993
700000.0003	10.3391
700000.0003	10.4067
700000.0003	10.4142
700000.0003	10.3743
700000.0003	10.3591
700000.0003	10.4469
700000.0003	10.4453
700000.0003	10.4281
700000.0003	10.3489
700000.0003	10.4691
700000.0003	10.3283
700000.0003	10.4235
700000.0003	10.3855
700000.0003	10.4554
700000.0003	10.3579
700000.0003	10.4302
700000.0003	10.4678
700000.0003	10.4804
700000.0003	10.4666
700000.0003	10.4775
700000.0003	10.4768
700000.0003	10.3958
700000.0003	10.4426
700000.0003	10.439
700000.0003	10.4481
700000.0003	10.4973
700000.0003	10.4309
700000.0003	10.5179
700000.0003	10.4456
700000.0003	10.5128
700000.0003	10.4852
700000.0003	10.534
700000.0003	10.4049
700000.0003	10.5427
700000.0003	10.5336
700000.0003	10.4462
700000.0003	10.3806
700000.0003	10.4009
700000.0003	10.3599
700000.0003	10.4201
700000.0003	10.4549
700000.0003	10.4284
700000.0003	10.3231
700000.0003	10.278
700000.0003	10.2544
700000.0003	10.2277
700000.0003	10.1826
700000.0003	10.2393
700000.0003	10.1612
700000.0003	10.0867
700000.0003	10.0605
700000.0003	9.98619
700000.0003	10.0137
700000.0003	9.95771
700000.0003	9.94697
700000.0003	9.89682
700000.0003	9.7699
700000.0003	9.6863
700000.0003	9.68357
700000.0003	9.66156
700000.0003	9.56441
700000.0003	9.48511
700000.0003	9.45519
700000.0003	9.38318
700000.0003	9.28683
700000.0003	9.28538
700000.0003	9.26955
700000.0003	9.15816
700000.0003	9.08087
700000.0003	8.97682
700000.0003	8.94572
700000.0003	8.84169
700000.0003	8.74509
700000.0003	8.69301
700000.0003	8.6274
700000.0003	8.61911
700000.0003	8.46739
700000.0003	8.37413
700000.0003	8.29342
700000.0003	8.24997
700000.0003	8.14125
700000.0003	8.05622
700000.0003	7.99461
700000.0003	7.90749
700000.0003	7.81539
700000.0003	7.7326
700000.0003	7.67514
700000.0003	7.5516
700000.0003	7.4755
700000.0003	7.38158
700000.0003	7.26487
700000.0003	7.23528
700000.0003	7.13787
700000.0003	7.04964
700000.0003	6.93884
700000.0003	6.84473
700000.0003	6.77627
700000.0003	6.6559
700000.0003	6.59838
700000.0003	6.49023
700000.0003	6.38334
700000.0003	6.29766
700000.0003	6.19081
700000.0003	6.08308
700000.0003	5.98059
700000.0003	5.93168
700000.0003	5.81496
700000.0003	5.76172
700000.0003	5.65297
700000.0003	5.52586
700000.0003	5.42638
700000.0003	5.3337
700000.0003	5.25614
700000.0003	5.13394
700000.0003	5.05907
700000.0003	4.97614
700000.0003	4.86596
700000.0003	4.77677
700000.0003	4.68283
700000.0003	4.57085
700000.0003	4.46885
700000.0003	4.37586
700000.0003	4.27303
700000.0003	4.17398
700000.0003	4.06675
700000.0003	3.971
700000.0003	3.88887
700000.0003	3.76947
700000.0003	3.65715
700000.0003	3.55175
700000.0003	3.44948
700000.0003	3.336
700000.0003	3.2297
700000.0003	3.1005
700000.0003	2.97622
700000.0003	2.84119
700000.0003	2.73264
700000.0003	2.60387
700000.0003	2.47647
700000.0003	2.33291
700000.0003	2.19346
700000.0003	2.05653
700000.0003	1.93334
700000.0003	1.7975
700000.0003	1.67247
700000.0003	1.5383
700000.0003	1.42214
700000.0003	1.30105
700000.0003	1.18638
700000.0003	1.07555
700000.0003	0.975171
700000.0003	0.886513
700000.0003	0.796222
700000.0003	0.710051
700000.0003	0.63579
700000.0003	0.56215
700000.0003	0.501062
700000.0003	0.436885
700000.0003	0.385968
700000.0003	0.33723
700000.0003	0.292633
700000.0003	0.250576
700000.0003	0.217585
700000.0003	0.185111
700000.0003	0.158787
700000.0003	0.135898
700000.0003	0.115069
700000.0003	0.0964595
700000.0003	0.082012
700000.0003	0.069167
700000.0003	0.0577235
700000.0003	0.0488441
700000.0003	0.041099
700000.0003	0.0343733
700000.0003	0.0293095
700000.0003	0.0249697
700000.0003	0.0210835
700000.0003	0.0180783
700000.0003	0.0153771
700000.0003	0.013252
700000.0003	0.0116634
700000.0003	0.010009
700000.0003	0.00901945
700000.0003	0.00827037
700000.0003	0.00733595
700000.0003	0.00676844
700000.0003	0.00613405
700000.0003	0.00585904
700000.0003	0.00554514
700000.0003	0.00531572
700000.0003	0.00525342
700000.0003	0.00503684
700000.0003	0.00510125
700000.0003	0.0049766
700000.0003	0.00491837
700000.0003	0.00475758
700000.0003	0.00479326
700000.0003	0.00472718
700000.0003	0.00471089
700000.0003	0.00462953
700000.0003	0.00467088
700000.0003	0.00451227
700000.0003	0.00450833
700000.0003	0.00446281
700000.0003	0.00438474
700000.0003	0.0044322
700000.0003	0.00440586
700000.0003	0.00436692
700000.0003	0.00428465
700000.0003	0.00430393
700000.0003	0.0042327
700000.0003	0.00427759
700000.0003	0.00422969
700000.0003	0.00418364
700000.0003	0.00424534
700000.0003	0.00428674
700000.0003	0.00421952
700000.0003	0.00424098
700000.0003	0.00414186
700000.0003	0.00421675
700000.0003	0.00414905
700000.0003	0.00414176
700000.0003	0.0040827
700000.0003	0.0041345
700000.0003	0.0040739
700000.0003	0.00415597
700000.0003	0.00410183
700000.0003	0.0040357
700000.0003	0.00414544
700000.0003	0.00411716
700000.0003	0.00410758
700000.0003	0.00413872
700000.0003	0.00409441
700000.0003	0.00417914
700000.0003	0.00417943
700000.0003	0.00416062
700000.0003	0.00412813
700000.0003	0.00414595
700000.0003	0.00414352
700000.0003	0.00419215
700000.0003	0.0041704
700000.0003	0.00416971
700000.0003	0.00422475
700000.0003	0.00422567
700000.0003	0.00421999
700000.0003	0.00427085
700000.0003	0.00423916
700000.0003	0.00428209
700000.0003	0.00429118
700000.0003	0.00425092
700000.0003	0.00437462
700000.0003	0.00440422
700000.0003	0.00437953
700000.0003	0.00444368
700000.0003	0.00445266
700000.0003	0.00445349
700000.0003	0.00448755
700000.0003	0.00457832
700000.0003	0.0045791
700000.0003	0.00464705
700000.0003	0.00479705
700000.0003	0.0048214
700000.0003	0.00487867
700000.0003	0.00492203
700000.0003	0.00490474
700000.0003	0.00506305
700000.0003	0.00512245
700000.0003	0.00529978
700000.0003	0.00531928
700000.0003	0.00538407
700000.0003	0.00548901
700000.0003	0.00579524
700000.0003	0.00581097
700000.0003	0.00606679
700000.0003	0.00606951
700000.0003	0.0063371
700000.0003	0.00668307
700000.0003	0.00674215
700000.0003	0.00717916
700000.0003	0.00764973
700000.0003	0.00802619
700000.0003	0.00846315
700000.0003	0.00918054
700000.0003	0.00984414
700000.0003	0.0105522
700000.0003	0.0120671
700000.0003	0.0136308
700000.0003	0.0153923
700000.0003	0.0178953
700000.0003	0.0211403
700000.0003	0.000246379
700000.0003	0.000399484
700000.0003	0.000138687
700000.0003	0.000944249
700000.0003	0.00106978
700000.0003	0.00042618
700000.0003	-0.00132865
700000.0003	-0.000713743
700000.0003	0.00283943
700000.0003	-0.00293804
700000.0003	-0.00246852
700000.0003	-0.00329855
700000.0003	0.00272246
700000.0003	0.00291515
700000.0003	0.00572708
700000.0003	-0.0146121
700000.0003	0.00262034
700000.0003	-0.00348108
700000.0003	0.00184101
700000.0003	-0.0429069
700000.0003	-0.0294737
700000.0003	-0.00362342
700000.0003	0.00384181
700000.0003	-0.00832801
700000.0003	0.0249788
700000.0003	0.0378098
700000.0003	-0.012724
700000.0003	0.0242608
700000.0003	0.00188873
700000.0003	-0.00279657
700000.0003	0.0143787
700000.0003	-0.0217847
700000.0003	0.018994
700000.0003	0.0569357
700000.0003	0.00760594
700000.0003	0.00303953
700000.0003	0.0178268
700000.0003	0.0151505
700000.0003	-0.043968
700000.0003	-0.0210821
700000.0003	-0.00471814
700000.0003	-0.0160774
700000.0003	0.0245703
700000.0003	0.0123109
700000.0003	-0.0227709
700000.0003	-0.0244357
700000.0003	0.018031
700000.0003	0.00866448
700000.0003	0.0300541
700000.0003	0.0236587
700000.0003	-0.0171374
700000.0003	-0.00955813
700000.0003	-0.0510534
700000.0003	-0.0426529
700000.0003	0.012427
700000.0003	0.00166617
700000.0003	-0.00482491
700000.0003	0.00129216
700000.0003	-0.055951
700000.0003	-0.010114
700000.0003	0.0428677
700000.0003	-0.0155965
700000.0003	0.0206561
700000.0003	-0.00717651
700000.0003	0.0256502
700000.0003	0.0805838
700000.0003	0.0171511
700000.0003	-0.0161264
700000.0003	-0.00050037
700000.0003	-0.00157074
700000.0003	0.0583798
700000.0003	0.018218
700000.0003	0.033808
700000.0003	0.0389457
700000.0003	-0.0103986
700000.0003	-0.00519515
700000.0003	0.0520524
700000.0003	0.00661569
700000.0003	-0.0430066
700000.0003	-0.020942
700000.0003	-0.0271973
700000.0003	-0.0130053
700000.0003	0.0173597
700000.0003	0.00717689
700000.0003	0.00090052
700000.0003	-0.00481137
700000.0003	0.0143157
700000.0003	-0.00384077
700000.0003	-0.0383062
700000.0003	0.0105293
700000.0003	0.0254739
700000.0003	-0.00350929
700000.0003	0.0182162
700000.0003	0.0343522
700000.0003	-0.0376494
700000.0003	-0.00525569
700000.0003	-0.00885684
700000.0003	-0.00409087
700000.0003	-0.0128657
700000.0003	-0.0159542
700000.0003	-0.00631603
700000.0003	0.0501351
700000.0003	-0.024515
700000.0003	-0.0145702
700000.0003	-0.0286972
700000.0003	0.00986716
700000.0003	-0.0358556
700000.0003	0.0185647
700000.0003	0.0269226
700000.0003	-0.0548832
700000.0003	0.00149983
700000.0003	-0.00895226
700000.0003	0.00621803
700000.0003	-0.022644
700000.0003	-0.0454984
700000.0003	0.0288853
700000.0003	0.0110341
700000.0003	-0.0162839
700000.0003	0.0191796
700000.0003	-0.035514
700000.0003	-0.00245436
700000.0003	-0.0114652
700000.0003	-0.00538753
700000.0003	-0.0285455
700000.0003	-0.000492541
700000.0003	0.0422902
700000.0003	-0.00561349
700000.0003	-0.0267845
700000.0003	0.0304411
700000.0003	-0.0460887
700000.0003	-0.0328365
700000.0003	-0.0247827
700000.0003	-0.0341427
700000.0003	0.0244492
700000.0003	-0.00511848
700000.0003	-0.0135668
700000.0003	0.012471
700000.0003	0.00765129
700000.0003	-0.00959752
700000.0003	0.0285492
700000.0003	0.0100472
700000.0003	0.047298
700000.0003	0.00533154
700000.0003	0.00569171
700000.0003	0.0125939
700000.0003	0.000122723
700000.0003	-0.043682
700000.0003	0.0277037
700000.0003	-0.0167409
700000.0003	0.0252051
700000.0003	-0.0201687
700000.0003	0.0105082
700000.0003	-0.0145254
700000.0003	0.0108929
700000.0003	-0.0518091
700000.0003	0.00663422
700000.0003	0.0254488
700000.0003	-0.0118699
700000.0003	-0.0200636
700000.0003	-0.0267083
700000.0003	-0.0395159
700000.0003	0.0430119
700000.0003	-0.0363406
700000.0003	-0.00598574
700000.0003	0.0118167
700000.0003	-0.00731376
700000.0003	-9.777e-05
700000.0003	-0.00743281
700000.0003	0.00333173
700000.0003	-0.0209199
700000.0003	0.0122292
700000.0003	0.00176579
700000.0003	0.0311231
700000.0003	-0.00282238
700000.0003	0.0300449
700000.0003	-0.00643358
700000.0003	0.0200678
700000.0003	-0.00434768
700000.0003	0.0177379
700000.0003	-0.0247867
700000.0003	-0.00763314
700000.0003	-0.0166624
700000.0003	-0.0319426
700000.0003	0.000560064
700000.0003	-0.00762874
700000.0003	0.0212437
700000.0003	-0.00571973
700000.0003	-0.0173807
700000.0003	0.00603829
700000.0003	0.01576
700000.0003	-0.00073609
700000.0003	-0.0381294
700000.0003	-0.00430737
700000.0003	-0.0313706
700000.0003	0.0105598
700000.0003	0.00209556
700000.0003	7.4542e-05
700000.0003	0.00709729
700000.0003	0.00548613
700000.0003	-0.00180206
700000.0003	-0.0095515
700000.0003	0.0351028
700000.0003	0.00567238
700000.0003	0.000403674
700000.0003	-0.0143516
700000.0003	-0.00869631
700000.0003	-0.00522718
700000.0003	0.00403597
700000.0003	0.00314557
700000.0003	-0.00996426
700000.0003	0.00953205
700000.0003	-0.028496
700000.0003	-0.00351863
700000.0003	0.0107294
700000.0003	0.00494599
700000.0003	-0.00674072
700000.0003	0.000133211
700000.0003	-0.0011015
700000.0003	0.00909109
700000.0003	0.00542495
700000.0003	0.00597161
700000.0003	0.00163334
700000.0003	-0.00603094
700000.0003	7.85784e-05
700000.0003	-0.00677717
700000.0003	0.00368525
700000.0003	-0.0073265
700000.0003	-0.00354185
700000.0003	-0.00436802
700000.0003	-0.0014063
700000.0003	0.00167351
700000.0003	0.00810838
700000.0003	0.00182879
700000.0003	-0.0222886
700000.0003	-0.00300672
700000.0003	-0.00099495
700000.0003	0.00231877
700000.0003	0.00458601
700000.0003	-0.00318434
700000.0003	-0.00799351
700000.0003	0.0059341
700000.0003	-0.000919341
700000.0003	-0.000392198
700000.0003	-0.00173106
700000.0003	0.00425058
700000.0003	-0.00899229
700000.0003	0.00124912
700000.0003	-0.00986572
700000.0003	0.00942256
700000.0003	-0.00146801
700000.0003	-0.00781567
700000.0003	-0.00280695
700000.0003	-0.00806674
700000.0003	0.00225844
700000.0003	-0.000111912
700000.0003	0.000217026
700000.0003	0.0019436
700000.0003	-0.0019916
700000.0003	-0.00322175
700000.0003	0.00504926
700000.0003	0.00156964
700000.0003	0.00322252
700000.0003	0.000635878
700000.0003	-0.000806758
700000.0003	0.00106306
700000.0003	0.000253732
700000.0003	0.00159049
700000.0003	-0.000323378
700000.0003	0.000479549
700000.0003	0.00125891
700000.0003	0.000168679
700000.0003	0.000862836
700000.0003	-0.000712423
700000.0003	-0.000148957
700000.0003	-0.000635442
700000.0003	0.000226425
700000.0003	0.000716549
700000.0003	-0.000216471
700000.0003	0.000290708
700000.0003	0.000125937
700000.0003	8.37859e-05
700000.0003	-0.000293006
700000.0003	-2.57107e-05
700000.0003	0.000234615
700000.0003	4.45432e-05
700000.0003	-0.000215446
700000.0003	9.39945e-05
700000.0003	2.01742e-05
700000.0003	-0.000157647
700000.0003	1.52203e-05
700000.0003	5.93989e-07
700000.0003	6.53256e-06
700000.0003	-1.71772e-05
700000.0003	5.68983e-05
700000.0003	-9.36402e-05
700000.0003	4.84748e-05
700000.0003	-3.89119e-05
700000.0003	-7.69077e-05
700000.0003	-2.68918e-05
700000.0003	-9.94423e-05
700000.0003	4.13633e-06
700000.0003	3.16412e-05
700000.0003	1.97608e-05
700000.0003	-1.39827e-05
700000.0003	4.62805e-05
700000.0003	-6.73277e-06
700000.0003	-3.64182e-05
700000.0003	-1.46985e-05
700000.0003	-6.833e-06
700000.0003	3.82569e-05
700000.0003	-4.35423e-05
700000.0003	1.70524e-05
700000.0003	6.92213e-06
700000.0003	-1.89608e-05
700000.0003	-3.96051e-05
700000.0003	-5.90206e-06
700000.0003	-5.64118e-06
700000.0003	4.97582e-05
700000.0003	-4.27885e-05
700000.0003	8.69124e-06
700000.0003	2.27156e-05
700000.0003	1.24688e-07
700000.0003	8.82094e-06
700000.0003	4.62092e-06
700000.0003	-1.9864e-05
700000.0003	-4.3473e-06
700000.0003	-1.99714e-05
700000.0003	-2.88513e-05
700000.0003	-2.88684e-05
700000.0003	-3.71606e-06
700000.0003	6.6866e-05
700000.0003	5.49198e-06
700000.0003	3.03284e-05
700000.0003	2.40615e-05
700000.0003	2.31175e-06
700000.0003	1.39041e-05
700000.0003	1.14472e-05
700000.0003	-1.46052e-05
700000.0003	-2.17771e-05
700000.0003	-2.63967e-06
700000.0003	1.92356e-05
700000.0003	1.05729e-06
700000.0003	-2.86577e-05
700000.0003	-9.16865e-06
700000.0003	1.86688e-05
700000.0003	2.46787e-06
700000.0003	2.4179e-05
700000.0003	2.88484e-06
700000.0003	-3.89229e-05
700000.0003	1.62682e-05
700000.0003	-4.58843e-05
700000.0003	-9.44373e-06
700000.0003	6.237e-05
700000.0003	1.60384e-05
700000.0003	1.10515e-05
700000.0003	4.8689e-06
700000.0003	3.74826e-05
700000.0003	2.19972e-05
700000.0003	1.07512e-05
700000.0003	3.69358e-05
700000.0003	1.05032e-05
700000.0003	-7.16763e-06
700000.0003	1.16368e-05
700000.0003	-1.80136e-05
700000.0003	3.74159e-06
700000.0003	1.00676e-06
700000.0003	2.59492e-06
700000.0003	8.09819e-06
700000.0003	-6.49074e-06
700000.0003	-5.12291e-05
700000.0003	3.45675e-05
700000.0003	-4.23028e-05
700000.0003	6.23183e-07
700000.0003	2.26954e-05
700000.0003	-3.49463e-05
700000.0003	7.49533e-05
700000.0003	1.78944e-05
700000.0003	-2.79618e-05
700000.0003	1.41753e-05
700000.0003	8.14014e-05
700000.0003	3.06625e-05
700000.0003	2.08281e-05
700000.0003	5.4488e-05
700000.0003	3.41239e-05
700000.0003	-4.19142e-06
700000.0003	5.10233e-05
700000.0003	2.36896e-05
700000.0003	-2.35526e-05
700000.0003	0.000122688
700000.0003	-0.000173792
700000.0003	-0.000104522
700000.0003	0.000129635
700000.0003	-3.11257e-05
700000.0003	-2.03472e-06
700000.0003	0.000119271
700000.0003	4.21675e-06
700000.0003	0.000199641
700000.0003	2.73028e-05
700000.0003	-1.32695e-05
700000.0003	0.000176696
700000.0003	6.54592e-05
700000.0003	5.44139e-05
700000.0003	0.000292391
700000.0003	-0.000291104
700000.0003	-0.000736585
700000.0003	0.000369787
700000.0003	0.000580788
700000.0003	0.00167228
700000.0003	-0.00313491
700000.0003	-0.00145331
700000.0003	0.00242822
700000.0003	-0.000618311
700000.0003	-0.000780049
700000.0003	-0.00331883
700000.0003	-0.00395076
700000.0003	-0.00804375
700000.0003	0.0133472
700000.0003	0.00722005
700000.0003	0.00456153
700000.0003	-0.0112132
700000.0003	-0.00605111
700000.0003	0.0043361
700000.0003	0.0083121
700000.0003	-0.0135296
700000.0003	0.00115647
700000.0003	0.00335296
700000.0003	-0.00328245
700000.0003	0.0211887
700000.0003	-0.0123015
700000.0003	0.00205895
700000.0003	-0.00543409
700000.0003	-0.0258006
700000.0003	0.0329364
700000.0003	0.0617916
700000.0003	0.0189998
700000.0003	-0.0101209
700000.0003	0.0243226
700000.0003	0.0174661
700000.0003	-0.0326643
700000.0003	-0.0164292
700000.0003	-0.0119962
700000.0003	-0.0253181
700000.0003	0.00829249
700000.0003	0.0405465
700000.0003	-0.024419
700000.0003	-0.0324355
700000.0003	0.0266157
700000.0003	0.00219574
700000.0003	0.0249295
700000.0003	0.0243311
700000.0003	-0.0317754
700000.0003	-0.0187756
700000.0003	-0.0558757
700000.0003	-0.0345597
700000.0003	0.0220421
700000.0003	-0.00171935
700000.0003	-0.0124086
700000.0003	-0.00239373
700000.0003	-0.0566032
700000.0003	0.00619578
700000.0003	0.0457636
700000.0003	-0.00872573
700000.0003	0.0206465
700000.0003	0.000486483
700000.0003	0.035807
700000.0003	0.0856117
700000.0003	-0.00418316
700000.0003	-0.00172939
700000.0003	0.00122375
700000.0003	-0.0160988
700000.0003	0.0473797
700000.0003	0.00497969
700000.0003	0.0309528
700000.0003	0.0395098
700000.0003	0.00318483
700000.0003	-0.00813275
700000.0003	0.0455494
700000.0003	0.00221102
700000.0003	-0.0422226
700000.0003	-0.00920255
700000.0003	-0.0288525
700000.0003	-0.0145113
700000.0003	0.0140845
700000.0003	-0.00255202
700000.0003	0.0154518
700000.0003	-0.00683789
700000.0003	0.0102123
700000.0003	0.00505272
700000.0003	-0.0232092
700000.0003	0.00436542
700000.0003	0.0156578
700000.0003	0.00721656
700000.0003	0.0245442
700000.0003	0.0465558
700000.0003	-0.0329335
700000.0003	-0.0168369
700000.0003	-0.0194046
700000.0003	-0.00723921
700000.0003	-0.01327
700000.0003	-0.0043963
700000.0003	-0.000862438
700000.0003	0.0256504
700000.0003	-0.0232057
700000.0003	-0.0215864
700000.0003	-0.0249293
700000.0003	0.00321461
700000.0003	-0.0258844
700000.0003	0.027742
700000.0003	0.0212252
700000.0003	-0.0458745
700000.0003	0.0113448
700000.0003	-0.0163429
700000.0003	0.00785376
700000.0003	-0.0152669
700000.0003	-0.049258
700000.0003	0.0222521
700000.0003	0.0180462
700000.0003	-0.02546
700000.0003	0.0237443
700000.0003	-0.0341919
700000.0003	-0.00752789
700000.0003	-0.0238146
700000.0003	-0.0155779
700000.0003	-0.0196973
700000.0003	0.00611789
700000.0003	0.0349469
700000.0003	0.00737644
700000.0003	-0.0324193
700000.0003	0.0423049
700000.0003	-0.0391889
700000.0003	-0.0400364
700000.0003	-0.0346558
700000.0003	-0.0388678
700000.0003	0.0306269
700000.0003	-0.00569173
700000.0003	-0.00492181
700000.0003	0.0237503
700000.0003	0.00619523
700000.0003	-0.0349271
700000.0003	0.0284504
700000.0003	0.00932788
700000.0003	0.0452572
700000.0003	0.0111244
700000.0003	0.0108014
700000.0003	0.0095558
700000.0003	0.00284915
700000.0003	-0.0322507
700000.0003	0.0360527
700000.0003	0.000862729
700000.0003	0.0150812
700000.0003	-0.0156576
700000.0003	0.0136604
700000.0003	-0.00126552
700000.0003	0.0200736
700000.0003	-0.0428788
700000.0003	0.00121094
700000.0003	0.0264046
700000.0003	-0.00768999
700000.0003	-0.0072258
700000.0003	-0.0208394
700000.0003	-0.0338493
700000.0003	0.0392068
700000.0003	-0.0367642
700000.0003	-0.0194277
700000.0003	0.00750949
700000.0003	-0.00912448
700000.0003	0.00445566
700000.0003	-0.0125187
700000.0003	-0.00533931
700000.0003	-0.0158474
700000.0003	0.0188519
700000.0003	0.0105817
700000.0003	0.0237668
700000.0003	0.00535729
700000.0003	0.0238352
700000.0003	-0.00657952
700000.0003	0.0170733
700000.0003	-0.00172497
700000.0003	0.0183103
700000.0003	-0.0197274
700000.0003	-0.0141768
700000.0003	-0.0148742
700000.0003	-0.0220585
700000.0003	0.00723138
700000.0003	-0.00931665
700000.0003	0.0210977
700000.0003	-0.000584595
700000.0003	-0.0160993
700000.0003	0.00468876
700000.0003	0.0191196
700000.0003	-0.00399407
700000.0003	-0.0283663
700000.0003	0.00189588
700000.0003	-0.0293805
700000.0003	0.00126107
700000.0003	0.00892714
700000.0003	-0.00146773
700000.0003	-0.00378431
700000.0003	-0.00673509
700000.0003	-0.00140022
700000.0003	-0.0267952
700000.0003	0.0331209
700000.0003	-0.0020778
700000.0003	0.00820386
700000.0003	-0.0132609
700000.0003	0.00182671
700000.0003	-0.015976
700000.0003	0.00351706
700000.0003	0.00235637
700000.0003	-0.00587982
700000.0003	-0.000299444
700000.0003	-0.0238842
700000.0003	0.000560029
700000.0003	0.00634857
700000.0003	0.00314179
700000.0003	-0.00804476
700000.0003	0.00803446
700000.0003	0.00206071
700000.0003	0.0121507
700000.0003	0.00181775
700000.0003	0.0070471
700000.0003	-0.00694585
700000.0003	-0.00624073
700000.0003	-0.000187421
700000.0003	-0.00239134
700000.0003	0.0117775
700000.0003	-0.0135629
700000.0003	-0.0124122
700000.0003	0.000922007
700000.0003	0.00017758
700000.0003	-0.0013886
700000.0003	0.00620228
700000.0003	0.00368167
700000.0003	-0.0191659
700000.0003	-0.0128035
700000.0003	-0.00907153
700000.0003	0.0071505
700000.0003	0.00558524
700000.0003	-0.000673012
700000.0003	0.000796026
700000.0003	0.00149699
700000.0003	-0.00184717
700000.0003	-0.00132574
700000.0003	-0.00280429
700000.0003	0.012195
700000.0003	-0.00536621
700000.0003	0.00282433
700000.0003	-0.00881748
700000.0003	0.00976724
700000.0003	0.000681997
700000.0003	-0.00296561
700000.0003	0.000276821
700000.0003	-0.00177297
700000.0003	-0.000861229
700000.0003	0.00374922
700000.0003	-0.00259227
700000.0003	0.0016008
700000.0003	-0.00148989
700000.0003	-0.00101859
700000.0003	-0.000686031
700000.0003	0.0010327
700000.0003	-0.000651403
700000.0003	-0.000712424
700000.0003	-0.00221842
700000.0003	0.000155856
700000.0003	0.00184027
700000.0003	-0.000785666
700000.0003	-0.000380722
700000.0003	0.00121938
700000.0003	0.000593157
700000.0003	-0.00188471
700000.0003	-0.000175226
700000.0003	0.000621214
700000.0003	-0.000104713
700000.0003	0.000130608
700000.0003	-0.00022743
700000.0003	-0.000335364
700000.0003	-0.000454959
700000.0003	-2.11799e-05
700000.0003	-0.000429
700000.0003	0.000246503
700000.0003	0.000303216
700000.0003	5.52419e-05
700000.0003	7.0798e-05
700000.0003	-0.000101085
700000.0003	-0.000177657
700000.0003	-0.000249695
700000.0003	-0.000243457
700000.0003	8.7126e-05
700000.0003	-0.000128374
700000.0003	-0.00013571
700000.0003	-0.000127914
700000.0003	-0.000159671
700000.0003	-3.20278e-05
700000.0003	8.48374e-05
700000.0003	5.82755e-05
700000.0003	4.79316e-05
700000.0003	3.38949e-05
700000.0003	-8.94056e-07
700000.0003	-3.13054e-05
700000.0003	-5.07587e-05
700000.0003	4.75924e-05
700000.0003	2.26141e-05
700000.0003	1.56363e-05
700000.0003	3.4954e-05
700000.0003	-6.25783e-05
700000.0003	7.18091e-05
700000.0003	1.71801e-05
700000.0003	1.81684e-05
700000.0003	4.11707e-06
700000.0003	3.23004e-06
700000.0003	-5.6672e-05
700000.0003	3.74899e-05
700000.0003	0.000101
700000.0003	-5.76754e-06
700000.0003	7.94366e-05
700000.0003	-1.83226e-06
700000.0003	-6.19366e-05
700000.0003	9.52367e-06
700000.0003	-3.7499e-05
700000.0003	-2.62012e-06
700000.0003	2.87108e-05
700000.0003	2.35998e-05
700000.0003	-1.75958e-05
700000.0003	6.36564e-05
700000.0003	3.24983e-05
700000.0003	1.07128e-05
700000.0003	3.36208e-05
700000.0003	9.10254e-05
700000.0003	-6.52896e-06
700000.0003	1.98173e-05
700000.0003	4.33601e-06
700000.0003	2.93341e-05
700000.0003	1.70442e-05
700000.0003	3.27169e-05
700000.0003	-1.14359e-05
700000.0003	-2.85199e-05
700000.0003	1.21741e-05
700000.0003	2.12794e-05
700000.0003	1.11267e-05
700000.0003	-3.25809e-05
700000.0003	-2.36976e-05
700000.0003	-8.71657e-06
700000.0003	0.000100056
700000.0003	2.54326e-05
700000.0003	1.76119e-05
700000.0003	1.49819e-06
700000.0003	2.87727e-05
700000.0003	1.61723e-05
700000.0003	4.46362e-06
700000.0003	1.53046e-05
700000.0003	1.50373e-05
700000.0003	5.6035e-05
700000.0003	4.17251e-05
700000.0003	-1.0469e-05
700000.0003	1.8533e-05
700000.0003	-1.16169e-05
700000.0003	-2.62149e-05
700000.0003	5.1594e-05
700000.0003	-5.33244e-05
700000.0003	2.64198e-05
700000.0003	-4.93507e-05
700000.0003	5.88158e-05
700000.0003	-2.9016e-06
700000.0003	4.32012e-05
700000.0003	-9.81983e-07
700000.0003	-2.13125e-05
700000.0003	2.08523e-05
700000.0003	-6.42361e-05
700000.0003	0.000109077
700000.0003	-4.08797e-05
700000.0003	-0.000105907
700000.0003	-2.48923e-05
700000.0003	-6.41439e-05
700000.0003	-5.15016e-05
700000.0003	-5.42633e-05
700000.0003	6.05527e-05
700000.0003	4.07033e-06
700000.0003	1.58304e-06
700000.0003	7.73363e-05
700000.0003	6.88969e-05
700000.0003	1.00517e-05
700000.0003	1.62346e-05
700000.0003	-8.48969e-05
700000.0003	-0.000204174
700000.0003	4.14647e-06
700000.0003	0.000150775
700000.0003	-0.000226192
700000.0003	-2.43515e-05
700000.0003	-7.28306e-05
700000.0003	-1.82441e-05
700000.0003	9.24964e-05
700000.0003	-0.000203809
700000.0003	2.53118e-07
700000.0003	2.36706e-05
700000.0003	-3.23633e-05
700000.0003	0.000109882
700000.0003	-0.000116782
700000.0003	7.1017e-05
700000.0003	7.95382e-05
700000.0003	0.0181086
700000.0003	0.0240241
700000.0003	0.037134
700000.0003	0.0598425
700000.0003	0.102273
700000.0003	0.16627
700000.0003	0.266748
700000.0003	0.407372
700000.0003	0.602714
700000.0003	0.874303
700000.0003	1.24878
700000.0003	1.76457
700000.0003	2.443
700000.0003	3.34625
700000.0003	4.46278
700000.0003	5.83977
700000.0003	7.44903
700000.0003	9.26608
700000.0003	11.2637
700000.0003	13.3803
700000.0003	15.3135
700000.0003	16.9041
700000.0003	18.2212
700000.0003	18.9888
700000.0003	19.4664
700000.0003	19.6872
700000.0003	19.6379
700000.0003	19.4894
700000.0003	19.2907
700000.0003	19.0842
700000.0003	18.8241
700000.0003	18.607
700000.0003	18.2131
700000.0003	17.9157
700000.0003	17.6557
700000.0003	17.4182
700000.0003	17.2997
700000.0003	16.9307
700000.0003	16.6827
700000.0003	16.3031
700000.0003	15.9863
700000.0003	15.6288
700000.0003	15.4007
700000.0003	15.1308
700000.0003	14.6946
700000.0003	14.6699
700000.0003	14.5375
700000.0003	14.223
700000.0003	14.0766
700000.0003	13.8496
700000.0003	13.8014
700000.0003	13.6905
700000.0003	13.4179
700000.0003	13.2589
700000.0003	13.13
700000.0003	13.084
700000.0003	12.9793
700000.0003	12.8576
700000.0003	12.7763
700000.0003	12.6896
700000.0003	12.5545
700000.0003	12.4084
700000.0003	12.4885
700000.0003	12.3146
700000.0003	12.2615
700000.0003	12.2357
700000.0003	12.0806
700000.0003	12.0442
700000.0003	11.9023
700000.0003	11.998
700000.0003	11.8873
700000.0003	11.8926
700000.0003	11.7881
700000.0003	11.6592
700000.0003	11.613
700000.0003	11.6205
700000.0003	11.6317
700000.0003	11.4679
700000.0003	11.52
700000.0003	11.4479
700000.0003	11.4693
700000.0003	11.353
700000.0003	11.3388
700000.0003	11.2758
700000.0003	11.2099
700000.0003	11.1923
700000.0003	11.2979
700000.0003	11.1292
700000.0003	11.1539
700000.0003	11.1042
700000.0003	11.1777
700000.0003	11.0717
700000.0003	11.04
700000.0003	11.0237
700000.0003	10.9863
700000.0003	11.0112
700000.0003	10.9204
700000.0003	10.9309
700000.0003	10.9634
700000.0003	10.9128
700000.0003	10.8425
700000.0003	10.8438
700000.0003	10.8604
700000.0003	10.918
700000.0003	10.8641
700000.0003	10.9318
700000.0003	10.8525
700000.0003	10.7632
700000.0003	10.8106
700000.0003	10.7777
700000.0003	10.7762
700000.0003	10.7418
700000.0003	10.7442
700000.0003	10.7271
700000.0003	10.7137
700000.0003	10.7176
700000.0003	10.6887
700000.0003	10.6455
700000.0003	10.703
700000.0003	10.6997
700000.0003	10.6563
700000.0003	10.6365
700000.0003	10.6689
700000.0003	10.7134
700000.0003	10.6083
700000.0003	10.6578
700000.0003	10.7009
700000.0003	10.6663
700000.0003	10.7227
700000.0003	10.7337
700000.0003	10.6082
700000.0003	10.5935
700000.0003	10.6019
700000.0003	10.6015
700000.0003	10.6926
700000.0003	10.6279
700000.0003	10.6858
700000.0003	10.6452
700000.0003	10.5887
700000.0003	10.6099
700000.0003	10.6297
700000.0003	10.7167
700000.0003	10.6131
700000.0003	10.7437
700000.0003	10.6426
700000.0003	10.5907
700000.0003	10.6154
700000.0003	10.657
700000.0003	10.5133
700000.0003	10.5917
700000.0003	10.5772
700000.0003	10.4595
700000.0003	10.5079
700000.0003	10.4831
700000.0003	10.3613
700000.0003	10.3749
700000.0003	10.342
700000.0003	10.3513
700000.0003	10.3109
700000.0003	10.236
700000.0003	10.1809
700000.0003	10.2007
700000.0003	10.1608
700000.0003	10.1287
700000.0003	10.029
700000.0003	10.0058
700000.0003	9.91247
700000.0003	9.8492
700000.0003	9.8608
700000.0003	9.75704
700000.0003	9.71152
700000.0003	9.61738
700000.0003	9.57616
700000.0003	9.53033
700000.0003	9.44207
700000.0003	9.43681
700000.0003	9.39424
700000.0003	9.32375
700000.0003	9.25998
700000.0003	9.08299
700000.0003	9.04803
700000.0003	9.01656
700000.0003	8.96821
700000.0003	8.92367
700000.0003	8.83377
700000.0003	8.78716
700000.0003	8.72535
700000.0003	8.62296
700000.0003	8.54723
700000.0003	8.47157
700000.0003	8.41179
700000.0003	8.33403
700000.0003	8.23675
700000.0003	8.14583
700000.0003	8.06506
700000.0003	8.00134
700000.0003	7.92265
700000.0003	7.84148
700000.0003	7.77509
700000.0003	7.7036
700000.0003	7.58889
700000.0003	7.55284
700000.0003	7.42706
700000.0003	7.38984
700000.0003	7.29656
700000.0003	7.23439
700000.0003	7.14351
700000.0003	7.10191
700000.0003	6.9872
700000.0003	6.91283
700000.0003	6.83533
700000.0003	6.73927
700000.0003	6.6839
700000.0003	6.6221
700000.0003	6.54543
700000.0003	6.46997
700000.0003	6.37369
700000.0003	6.35187
700000.0003	6.22481
700000.0003	6.1969
700000.0003	6.12336
700000.0003	6.06923
700000.0003	6.02522
700000.0003	5.95958
700000.0003	5.93661
700000.0003	5.84064
700000.0003	5.81729
700000.0003	5.78589
700000.0003	5.74962
700000.0003	5.70237
700000.0003	5.69156
700000.0003	5.63506
700000.0003	5.58909
700000.0003	5.57983
700000.0003	5.52102
700000.0003	5.49419
700000.0003	5.45158
700000.0003	5.38992
700000.0003	5.31682
700000.0003	5.2177
700000.0003	5.11634
700000.0003	5.00387
700000.0003	4.82575
700000.0003	4.65466
700000.0003	4.46853
700000.0003	4.24662
700000.0003	4.0193
700000.0003	3.78832
700000.0003	3.54777
700000.0003	3.29099
700000.0003	3.03609
700000.0003	2.78741
700000.0003	2.56126
700000.0003	2.33367
700000.0003	2.12626
700000.0003	1.92524
700000.0003	1.74725
700000.0003	1.57507
700000.0003	1.42963
700000.0003	1.2853
700000.0003	1.1535
700000.0003	1.03593
700000.0003	0.924995
700000.0003	0.82442
700000.0003	0.731302
700000.0003	0.64978
700000.0003	0.575631
700000.0003	0.508371
700000.0003	0.445163
700000.0003	0.38964
700000.0003	0.338553
700000.0003	0.295505
700000.0003	0.253502
700000.0003	0.220908
700000.0003	0.188198
700000.0003	0.160771
700000.0003	0.136885
700000.0003	0.116157
700000.0003	0.0978823
700000.0003	0.0822706
700000.0003	0.0692361
700000.0003	0.0575529
700000.0003	0.0482685
700000.0003	0.0403732
700000.0003	0.0337863
700000.0003	0.0284612
700000.0003	0.023659
700000.0003	0.0202628
700000.0003	0.0169901
700000.0003	0.0145686
700000.0003	0.0124113
700000.0003	0.010684
700000.0003	0.00953321
700000.0003	0.00837331
700000.0003	0.00742725
700000.0003	0.00672035
700000.0003	0.00626857
700000.0003	0.00576205
700000.0003	0.00542141
700000.0003	0.00517451
700000.0003	0.00505978
700000.0003	0.00497172
700000.0003	0.00483444
700000.0003	0.00476618
700000.0003	0.00473627
700000.0003	0.00474058
700000.0003	0.00465579
700000.0003	0.00454271
700000.0003	0.00447834
700000.0003	0.00447451
700000.0003	0.00436712
700000.0003	0.00442461
700000.0003	0.00439461
700000.0003	0.0043126
700000.0003	0.00426537
700000.0003	0.0042864
700000.0003	0.00427865
700000.0003	0.00429755
700000.0003	0.00422538
700000.0003	0.00422241
700000.0003	0.00418698
700000.0003	0.00420268
700000.0003	0.00414361
700000.0003	0.00414432
700000.0003	0.0041184
700000.0003	0.00415354
700000.0003	0.00417904
700000.0003	0.00408484
700000.0003	0.00415843
700000.0003	0.00415444
700000.0003	0.00412575
700000.0003	0.00412823
700000.0003	0.00410153
700000.0003	0.00412041
700000.0003	0.00411386
700000.0003	0.00413493
700000.0003	0.00410033
700000.0003	0.00411816
700000.0003	0.00407026
700000.0003	0.00413449
700000.0003	0.00409912
700000.0003	0.00408979
700000.0003	0.00413195
700000.0003	0.00409842
700000.0003	0.0041372
700000.0003	0.00411051
700000.0003	0.00408924
700000.0003	0.00410173
700000.0003	0.00414841
700000.0003	0.00414482
700000.0003	0.00417253
700000.0003	0.00418256
700000.0003	0.00420423
700000.0003	0.00417479
700000.0003	0.0041662
700000.0003	0.00418523
700000.0003	0.0041964
700000.0003	0.00418532
700000.0003	0.00425755
700000.0003	0.00426782
700000.0003	0.00424984
700000.0003	0.00429241
700000.0003	0.00433987
700000.0003	0.00433799
700000.0003	0.00434685
700000.0003	0.00442754
700000.0003	0.004491
700000.0003	0.00441806
700000.0003	0.00450987
700000.0003	0.00453604
700000.0003	0.00455169
700000.0003	0.00466925
700000.0003	0.00470296
700000.0003	0.00471905
700000.0003	0.00476766
700000.0003	0.00485654
700000.0003	0.00495304
700000.0003	0.00504962
700000.0003	0.00515489
700000.0003	0.00529001
700000.0003	0.00534045
700000.0003	0.00550115
700000.0003	0.00571
700000.0003	0.0058735
700000.0003	0.00597352
700000.0003	0.00636996
700000.0003	0.0066153
700000.0003	0.00688662
700000.0003	0.0072885
700000.0003	0.00765659
700000.0003	0.00799537
700000.0003	0.00853314
700000.0003	0.00935078
700000.0003	0.00981507
700000.0003	0.0107457
700000.0003	0.0116309
700000.0003	0.0128395
700000.0003	0.0136878
700000.0003	0.0150729
700000.0003	0.016748
