700000.0003	64.9485
700000.0003	114.26
700000.0003	193.994
700000.0003	313.013
700000.0003	479.534
700000.0003	697.068
700000.0003	964.248
700000.0003	1258.7
700000.0003	1591.27
700000.0003	1967.35
700000.0003	2390.66
700000.0003	2853.65
700000.0003	3300.44
700000.0003	3649.5
700000.0003	3806.35
700000.0003	3728.61
700000.0003	3457.29
700000.0003	3050.38
700000.0003	2598.66
700000.0003	2137.8
700000.0003	1729.84
700000.0003	1364.27
700000.0003	1055.36
700000.0003	806.574
700000.0003	611.266
700000.0003	463.058
700000.0003	347.212
700000.0003	264.564
700000.0003	201.157
700000.0003	152.26
700000.0003	116.248
700000.0003	91.3712
700000.0003	70.1432
700000.0003	55.1178
700000.0003	43.4383
700000.0003	34.1887
700000.0003	28.477
700000.0003	22.5822
700000.0003	17.822
700000.0003	15.0751
700000.0003	10.4215
700000.0003	9.25365
700000.0003	8.39437
700000.0003	5.27047
700000.0003	5.12386
700000.0003	4.7819
700000.0003	5.48036
700000.0003	4.14941
700000.0003	5.41054
700000.0003	3.43922
700000.0003	3.83234
700000.0003	3.02446
700000.0003	3.72052
700000.0003	2.6885
700000.0003	1.2679
700000.0003	2.28378
700000.0003	2.2284
700000.0003	1.15362
700000.0003	2.33524
700000.0003	1.46526
700000.0003	2.40405
700000.0003	1.60079
700000.0003	2.584
700000.0003	1.8257
700000.0003	3.0103
700000.0003	0.378409
700000.0003	1.30825
700000.0003	1.01055
700000.0003	1.87297
700000.0003	0.186165
700000.0003	0.654207
700000.0003	1.48151
700000.0003	1.05529
700000.0003	1.11234
700000.0003	1.66468
700000.0003	0.972642
700000.0003	1.3559
700000.0003	0.489712
700000.0003	1.28293
700000.0003	0.865214
700000.0003	1.15921
700000.0003	0.636913
700000.0003	0.454325
700000.0003	0.567458
700000.0003	0.0700012
700000.0003	1.08159
700000.0003	0.408208
700000.0003	1.35816
700000.0003	-0.484712
700000.0003	-0.225762
700000.0003	-0.451674
700000.0003	0.27736
700000.0003	0.644176
700000.0003	1.06458
700000.0003	0.64848
700000.0003	0.960287
700000.0003	-0.0187111
700000.0003	0.642351
700000.0003	0.540341
700000.0003	-0.376076
700000.0003	1.11877
700000.0003	0.504973
700000.0003	0.851018
700000.0003	0.646837
700000.0003	0.183076
700000.0003	0.309907
700000.0003	0.990384
700000.0003	-0.758083
700000.0003	-0.403209
700000.0003	-0.38592
700000.0003	-0.313777
700000.0003	-0.592478
700000.0003	-0.177232
700000.0003	0.264453
700000.0003	1.76508
700000.0003	0.633257
700000.0003	0.18404
700000.0003	-0.0151349
700000.0003	0.412716
700000.0003	-0.0554275
700000.0003	-0.933649
700000.0003	-0.656203
700000.0003	-0.738879
700000.0003	0.671388
700000.0003	0.9242
700000.0003	-0.00405471
700000.0003	-0.799383
700000.0003	0.175934
700000.0003	0.783254
700000.0003	-0.66827
700000.0003	0.529116
700000.0003	-1.01057
700000.0003	0.269946
700000.0003	0.831142
700000.0003	-0.402396
700000.0003	-0.370525
700000.0003	1.08437
700000.0003	1.01386
700000.0003	0.181947
700000.0003	0.0178509
700000.0003	-0.188583
700000.0003	0.528717
700000.0003	-0.458572
700000.0003	-0.438601
700000.0003	-1.13679
700000.0003	0.124129
700000.0003	-0.793481
700000.0003	-0.694638
700000.0003	-1.66968
700000.0003	-1.37354
700000.0003	-0.455771
700000.0003	-1.17975
700000.0003	-0.853916
700000.0003	-2.17067
700000.0003	-0.736686
700000.0003	-1.69537
700000.0003	-1.04385
700000.0003	-0.801525
700000.0003	-2.34314
700000.0003	-1.46273
700000.0003	-1.48187
700000.0003	-2.34381
700000.0003	-1.72098
700000.0003	-2.01845
700000.0003	-2.86362
700000.0003	-1.78815
700000.0003	-3.29729
700000.0003	-3.40957
700000.0003	-1.75222
700000.0003	-1.59884
700000.0003	-1.88653
700000.0003	-3.7164
700000.0003	-2.65351
700000.0003	-2.951
700000.0003	-2.76285
700000.0003	-3.68788
700000.0003	-3.58305
700000.0003	-3.77671
700000.0003	-4.90542
700000.0003	-4.20072
700000.0003	-3.80454
700000.0003	-5.33346
700000.0003	-4.25703
700000.0003	-5.99932
700000.0003	-3.2964
700000.0003	-5.4572
700000.0003	-4.60019
700000.0003	-6.3827
700000.0003	-6.60446
700000.0003	-6.92359
700000.0003	-6.81988
700000.0003	-7.31193
700000.0003	-6.72492
700000.0003	-6.5741
700000.0003	-7.47976
700000.0003	-7.88374
700000.0003	-7.6917
700000.0003	-8.7483
700000.0003	-10.6055
700000.0003	-9.91739
700000.0003	-9.17405
700000.0003	-9.78993
700000.0003	-10.3317
700000.0003	-11.0226
700000.0003	-12.0939
700000.0003	-13.1769
700000.0003	-12.658
700000.0003	-13.6288
700000.0003	-15.0919
700000.0003	-15.9799
700000.0003	-16.3393
700000.0003	-18.4822
700000.0003	-18.7477
700000.0003	-19.533
700000.0003	-22.0168
700000.0003	-24.1561
700000.0003	-24.1661
700000.0003	-26.7067
700000.0003	-31.974
700000.0003	-34.0815
700000.0003	-34.3075
700000.0003	-39.3682
700000.0003	-42.7943
700000.0003	-48.5664
700000.0003	-56.1723
700000.0003	-60.4133
700000.0003	-68.193
700000.0003	-76.8088
700000.0003	-89.5773
700000.0003	-100.537
700000.0003	-118.098
700000.0003	-135.407
700000.0003	-154.927
700000.0003	-184.062
700000.0003	-214.232
700000.0003	-247.219
700000.0003	-288.819
700000.0003	-337.294
700000.0003	-390.693
700000.0003	-451.947
700000.0003	-521.864
700000.0003	-599.455
700000.0003	-686.297
700000.0003	-773.587
700000.0003	-866.407
700000.0003	-966.853
700000.0003	-1064.01
700000.0003	-1158.45
700000.0003	-1246.4
700000.0003	-1328.14
700000.0003	-1400.85
700000.0003	-1451.01
700000.0003	-1488.5
700000.0003	-1507.09
700000.0003	-1516.5
700000.0003	-1503.49
700000.0003	-1475.54
700000.0003	-1436.92
700000.0003	-1392.73
700000.0003	-1334.28
700000.0003	-1272.71
700000.0003	-1208.47
700000.0003	-1141.69
700000.0003	-1070.99
700000.0003	-1000.58
700000.0003	-937.743
700000.0003	-866.1
700000.0003	-801.062
700000.0003	-736.2
700000.0003	-670.476
700000.0003	-608.052
700000.0003	-551.987
700000.0003	-493.109
700000.0003	-441.998
700000.0003	-394.103
700000.0003	-346.728
700000.0003	-305.582
700000.0003	-269.184
700000.0003	-235.574
700000.0003	-204.144
700000.0003	-177.379
700000.0003	-155.834
700000.0003	-136.372
700000.0003	-119.378
700000.0003	-105.541
700000.0003	-93.8176
700000.0003	-83.4212
700000.0003	-76.1412
700000.0003	-70.481
700000.0003	-64.982
700000.0003	-60.356
700000.0003	-57.573
700000.0003	-54.7865
700000.0003	-51.4262
700000.0003	-49.4582
700000.0003	-47.5451
700000.0003	-46.0999
700000.0003	-45.0346
700000.0003	-43.2776
700000.0003	-42.9688
700000.0003	-42.5584
700000.0003	-42.2415
700000.0003	-42.1482
700000.0003	-42.0812
700000.0003	-41.3123
700000.0003	-41.6896
700000.0003	-41.799
700000.0003	-41.6209
700000.0003	-41.4442
700000.0003	-40.9633
700000.0003	-41.8121
700000.0003	-40.9211
700000.0003	-41.5701
700000.0003	-40.2731
700000.0003	-40.5799
700000.0003	-40.3607
700000.0003	-40.9809
700000.0003	-41.1259
700000.0003	-40.0099
700000.0003	-40.3254
700000.0003	-40.4986
700000.0003	-40.5904
700000.0003	-40.8492
700000.0003	-40.3553
700000.0003	-41.4954
700000.0003	-40.2585
700000.0003	-40.2372
700000.0003	-40.6479
700000.0003	-40.3399
700000.0003	-39.9768
700000.0003	-41.0551
700000.0003	-40.2847
700000.0003	-39.8971
700000.0003	-40.1448
700000.0003	-40.0976
700000.0003	-40.5244
700000.0003	-40.964
700000.0003	-40.0917
700000.0003	-39.6671
700000.0003	-40.0389
700000.0003	-40.2355
700000.0003	-40.6517
700000.0003	-40.1984
700000.0003	-39.4854
700000.0003	-39.8524
700000.0003	-39.9011
700000.0003	-40.2193
700000.0003	-40.371
700000.0003	-39.8413
700000.0003	-40.2068
700000.0003	-40.5505
700000.0003	-40.9932
700000.0003	-40.0097
700000.0003	-39.9578
700000.0003	-39.8558
700000.0003	-40.4224
700000.0003	-39.9909
700000.0003	-39.5804
700000.0003	-39.506
700000.0003	-39.2308
700000.0003	-39.8593
700000.0003	-40.3243
700000.0003	-39.8438
700000.0003	-39.389
700000.0003	-40.0317
700000.0003	-39.6741
700000.0003	-40.1359
700000.0003	-39.6662
700000.0003	-39.0672
700000.0003	-39.3404
700000.0003	-39.3739
700000.0003	-39.5177
700000.0003	-39.3466
700000.0003	-39.1509
700000.0003	-38.7541
700000.0003	-39.0175
700000.0003	-38.5462
700000.0003	-38.8775
700000.0003	-37.9239
700000.0003	-37.6183
700000.0003	-37.6048
700000.0003	-36.8232
700000.0003	-37.8424
700000.0003	-36.9548
700000.0003	-36.9724
700000.0003	-35.8749
700000.0003	-34.3601
700000.0003	-34.8662
700000.0003	-33.8568
700000.0003	-32.2825
700000.0003	-30.7719
700000.0003	-29.2252
700000.0003	-27.2848
700000.0003	-23.6362
700000.0003	-20.3304
700000.0003	-14.3069
700000.0003	-6.57431
700000.0003	4.42423
700000.0003	17.2452
700000.0003	35.6471
700000.0003	1.00711
700000.0003	-0.240219
700000.0003	-0.5543
700000.0003	-1.9508
700000.0003	1.34349
700000.0003	2.05926
700000.0003	-0.27903
700000.0003	-1.45288
700000.0003	1.74387
700000.0003	-1.18471
700000.0003	1.51551
700000.0003	-2.71025
700000.0003	1.07592
700000.0003	2.32524
700000.0003	4.43001
700000.0003	-1.01157
700000.0003	1.05647
700000.0003	-4.51671
700000.0003	-0.0484113
700000.0003	2.30644
700000.0003	-5.09727
700000.0003	-1.51356
700000.0003	-0.129728
700000.0003	-0.0798018
700000.0003	0.875054
700000.0003	-0.211455
700000.0003	2.64794
700000.0003	-1.70015
700000.0003	2.80082
700000.0003	-0.0470682
700000.0003	-0.856393
700000.0003	0.164457
700000.0003	1.43043
700000.0003	-1.05008
700000.0003	-1.2922
700000.0003	-0.355577
700000.0003	0.864081
700000.0003	-1.16993
700000.0003	-1.57072
700000.0003	-0.273632
700000.0003	0.407281
700000.0003	-0.229805
700000.0003	1.95847
700000.0003	0.21459
700000.0003	0.374277
700000.0003	-0.504065
700000.0003	0.244246
700000.0003	-0.348726
700000.0003	-0.736018
700000.0003	0.0357783
700000.0003	-1.24973
700000.0003	0.454804
700000.0003	0.821139
700000.0003	-0.341522
700000.0003	0.94192
700000.0003	-0.494861
700000.0003	-0.23106
700000.0003	0.357446
700000.0003	0.382154
700000.0003	-0.630564
700000.0003	-0.430337
700000.0003	1.76594
700000.0003	-0.79727
700000.0003	0.250571
700000.0003	-0.783916
700000.0003	0.218038
700000.0003	-0.218587
700000.0003	-0.200533
700000.0003	0.485807
700000.0003	-0.0478744
700000.0003	0.930346
700000.0003	-0.584884
700000.0003	-0.0912013
700000.0003	-0.343535
700000.0003	-0.257766
700000.0003	0.0841324
700000.0003	-0.778055
700000.0003	-0.311872
700000.0003	0.654274
700000.0003	0.437308
700000.0003	0.294523
700000.0003	0.00577152
700000.0003	0.509639
700000.0003	-0.159644
700000.0003	-0.944056
700000.0003	0.400342
700000.0003	1.13344
700000.0003	0.245928
700000.0003	-1.15006
700000.0003	0.260729
700000.0003	-0.797276
700000.0003	0.164747
700000.0003	-0.706784
700000.0003	0.433133
700000.0003	-0.284739
700000.0003	-0.462094
700000.0003	-0.106816
700000.0003	0.0501648
700000.0003	0.879302
700000.0003	0.496268
700000.0003	0.820584
700000.0003	0.261926
700000.0003	-0.379068
700000.0003	-1.08849
700000.0003	1.00658
700000.0003	-0.454353
700000.0003	-0.046404
700000.0003	0.132867
700000.0003	-0.549977
700000.0003	0.633881
700000.0003	0.887083
700000.0003	-0.184564
700000.0003	-0.45836
700000.0003	-0.042153
700000.0003	-0.945563
700000.0003	0.275739
700000.0003	0.591599
700000.0003	0.626128
700000.0003	-0.431664
700000.0003	-1.03769
700000.0003	0.0232377
700000.0003	0.290687
700000.0003	-0.0546924
700000.0003	-0.142054
700000.0003	-0.299094
700000.0003	1.35684
700000.0003	-0.561591
700000.0003	0.0247039
700000.0003	0.862016
700000.0003	-0.0526632
700000.0003	0.373506
700000.0003	-0.320119
700000.0003	0.709042
700000.0003	-0.680948
700000.0003	-0.767555
700000.0003	-0.542959
700000.0003	0.735878
700000.0003	-0.458939
700000.0003	0.0116246
700000.0003	-0.717066
700000.0003	-0.123001
700000.0003	0.563347
700000.0003	0.235837
700000.0003	0.0439377
700000.0003	0.0719161
700000.0003	-0.294925
700000.0003	0.609681
700000.0003	0.0362733
700000.0003	0.186226
700000.0003	-0.535468
700000.0003	-0.827834
700000.0003	-0.623425
700000.0003	-0.086872
700000.0003	-0.0438157
700000.0003	0.822975
700000.0003	0.00975182
700000.0003	0.63652
700000.0003	0.510077
700000.0003	0.758054
700000.0003	-0.092137
700000.0003	-0.201235
700000.0003	0.00196503
700000.0003	0.167364
700000.0003	-0.829772
700000.0003	-0.301415
700000.0003	-0.163125
700000.0003	-0.325997
700000.0003	1.54467
700000.0003	-0.306221
700000.0003	-0.742264
700000.0003	0.37481
700000.0003	-0.25292
700000.0003	0.812877
700000.0003	-1.54894
700000.0003	-0.323923
700000.0003	0.208394
700000.0003	0.599318
700000.0003	-0.146834
700000.0003	-0.520446
700000.0003	0.00532769
700000.0003	-0.249513
700000.0003	0.150927
700000.0003	-0.473051
700000.0003	-0.714818
700000.0003	0.519387
700000.0003	-0.234745
700000.0003	1.64636
700000.0003	0.172515
700000.0003	0.683161
700000.0003	0.237715
700000.0003	0.980719
700000.0003	-0.143635
700000.0003	-1.17694
700000.0003	-0.220294
700000.0003	-0.18646
700000.0003	0.496789
700000.0003	-0.577088
700000.0003	-0.564113
700000.0003	-0.0667876
700000.0003	0.983558
700000.0003	-0.624923
700000.0003	0.142604
700000.0003	-0.328828
700000.0003	-0.847789
700000.0003	1.93865
700000.0003	-0.872995
700000.0003	-0.938322
700000.0003	0.982834
700000.0003	0.381374
700000.0003	-1.00778
700000.0003	-0.27646
700000.0003	-0.0335584
700000.0003	0.029049
700000.0003	-0.573072
700000.0003	0.702824
700000.0003	-0.394524
700000.0003	0.463129
700000.0003	-0.0498084
700000.0003	-0.766169
700000.0003	-0.410755
700000.0003	-0.0878748
700000.0003	-0.694275
700000.0003	1.19041
700000.0003	1.33377
700000.0003	-0.391367
700000.0003	-0.512621
700000.0003	0.139419
700000.0003	1.60496
700000.0003	-1.0303
700000.0003	1.32105
700000.0003	-1.47031
700000.0003	0.589564
700000.0003	0.62631
700000.0003	-0.782179
700000.0003	-0.842285
700000.0003	1.86207
700000.0003	0.182438
700000.0003	-0.963401
700000.0003	-0.386033
700000.0003	2.08096
700000.0003	-1.85681
700000.0003	0.238733
700000.0003	0.763421
700000.0003	0.674425
700000.0003	-1.74061
700000.0003	-0.251364
700000.0003	0.190643
700000.0003	2.77435
700000.0003	-0.283577
700000.0003	-2.84164
700000.0003	-0.804365
700000.0003	-0.314726
700000.0003	1.90366
700000.0003	0.851381
700000.0003	-0.418885
700000.0003	-0.3573
700000.0003	-0.288541
700000.0003	-4.13223
700000.0003	0.969575
700000.0003	-1.49124
700000.0003	1.70893
700000.0003	2.01769
700000.0003	-0.929397
700000.0003	-0.430183
700000.0003	-1.50534
700000.0003	2.87335
700000.0003	-0.118944
700000.0003	0.206386
700000.0003	0.530506
700000.0003	-2.09723
700000.0003	0.682315
700000.0003	1.25511
700000.0003	-0.209226
700000.0003	-1.60259
700000.0003	1.94274
700000.0003	0.862924
700000.0003	1.16361
700000.0003	0.431021
700000.0003	-0.0087122
700000.0003	-1.08598
700000.0003	0.779291
700000.0003	-0.283748
700000.0003	0.722907
700000.0003	-1.37379
700000.0003	-1.7013
700000.0003	1.27646
700000.0003	-0.337575
700000.0003	0.202439
700000.0003	0.934385
700000.0003	-1.05271
700000.0003	-0.588217
700000.0003	1.01259
700000.0003	0.808707
700000.0003	0.0642713
700000.0003	-0.0872033
700000.0003	-0.12678
700000.0003	0.12379
700000.0003	0.0926766
700000.0003	0.266164
700000.0003	0.551645
700000.0003	0.383548
700000.0003	0.434399
700000.0003	-0.303262
700000.0003	0.143057
700000.0003	0.219638
700000.0003	-0.288834
700000.0003	-0.196858
700000.0003	0.0402264
700000.0003	-0.00738456
700000.0003	0.34268
700000.0003	0.15347
700000.0003	0.508316
700000.0003	-0.721185
700000.0003	0.514613
700000.0003	-0.0511719
700000.0003	-0.0250143
700000.0003	0.107185
700000.0003	0.491756
700000.0003	-0.46125
700000.0003	0.547649
700000.0003	0.661497
700000.0003	0.134856
700000.0003	-0.0959388
700000.0003	-0.922727
700000.0003	-0.531206
700000.0003	-0.196396
700000.0003	-0.241027
700000.0003	-0.325262
700000.0003	-0.0732203
700000.0003	0.156279
700000.0003	-0.207779
700000.0003	0.83965
700000.0003	0.729851
700000.0003	0.503859
700000.0003	-0.191411
700000.0003	-0.558135
700000.0003	0.100001
700000.0003	0.700422
700000.0003	-0.508859
700000.0003	0.142102
700000.0003	-0.28332
700000.0003	0.232074
700000.0003	-0.0482012
700000.0003	0.497713
700000.0003	0.0188782
700000.0003	-0.12059
700000.0003	-0.31074
700000.0003	-0.263222
700000.0003	-0.197352
700000.0003	-0.0630682
700000.0003	-0.53754
700000.0003	-0.349798
700000.0003	-0.573295
700000.0003	-0.309112
700000.0003	0.784279
700000.0003	-0.13118
700000.0003	0.110996
700000.0003	0.0138061
700000.0003	-0.281279
700000.0003	0.121956
700000.0003	-0.267758
700000.0003	0.0407034
700000.0003	-0.257571
700000.0003	0.476924
700000.0003	1.09781
700000.0003	-0.194847
700000.0003	0.144483
700000.0003	0.278302
700000.0003	0.206268
700000.0003	-0.32074
700000.0003	-0.450868
700000.0003	-0.436114
700000.0003	-0.333818
700000.0003	-0.0224246
700000.0003	0.567722
700000.0003	0.454697
700000.0003	-0.302183
700000.0003	-0.161436
700000.0003	-0.485008
700000.0003	-0.430513
700000.0003	0.226459
700000.0003	0.204034
700000.0003	0.307964
700000.0003	-0.414447
700000.0003	-0.343127
700000.0003	-0.728727
700000.0003	-0.412092
700000.0003	-0.472316
700000.0003	-0.445732
700000.0003	-0.359421
700000.0003	0.297901
700000.0003	0.591399
700000.0003	-0.253672
700000.0003	-0.400125
700000.0003	-0.149009
700000.0003	-0.479052
700000.0003	-0.0219896
700000.0003	-1.05469
700000.0003	0.824902
700000.0003	0.778375
