700000.0003	0.0263396
700000.0003	0.0357231
700000.0003	0.0531023
700000.0003	0.0813189
700000.0003	0.124501
700000.0003	0.188652
700000.0003	0.277938
700000.0003	0.395951
700000.0003	0.549763
700000.0003	0.747843
700000.0003	0.987439
700000.0003	1.26978
700000.0003	1.61069
700000.0003	2.00657
700000.0003	2.40809
700000.0003	2.85565
700000.0003	3.34677
700000.0003	3.81812
700000.0003	4.28936
700000.0003	4.73757
700000.0003	5.18872
700000.0003	5.62455
700000.0003	6.05805
700000.0003	6.45301
700000.0003	6.82707
700000.0003	7.2358
700000.0003	7.57938
700000.0003	7.89294
700000.0003	8.23544
700000.0003	8.57159
700000.0003	8.8158
700000.0003	9.0546
700000.0003	9.29121
700000.0003	9.53678
700000.0003	9.72192
700000.0003	9.87681
700000.0003	10.0198
700000.0003	10.1379
700000.0003	10.2293
700000.0003	10.2741
700000.0003	10.2755
700000.0003	10.281
700000.0003	10.2556
700000.0003	10.2696
700000.0003	10.3108
700000.0003	10.2483
700000.0003	10.195
700000.0003	10.2741
700000.0003	10.2919
700000.0003	10.3222
700000.0003	10.3262
700000.0003	10.3561
700000.0003	10.3114
700000.0003	10.2277
700000.0003	10.3141
700000.0003	10.2814
700000.0003	10.2552
700000.0003	10.3487
700000.0003	10.3162
700000.0003	10.3113
700000.0003	10.3751
700000.0003	10.379
700000.0003	10.2491
700000.0003	10.2924
700000.0003	10.258
700000.0003	10.3165
700000.0003	10.4702
700000.0003	10.3288
700000.0003	10.2935
700000.0003	10.3852
700000.0003	10.3054
700000.0003	10.361
700000.0003	10.3045
700000.0003	10.3976
700000.0003	10.285
700000.0003	10.3734
700000.0003	10.3666
700000.0003	10.3731
700000.0003	10.3659
700000.0003	10.3136
700000.0003	10.394
700000.0003	10.3744
700000.0003	10.3765
700000.0003	10.3305
700000.0003	10.3883
700000.0003	10.3968
700000.0003	10.3697
700000.0003	10.3504
700000.0003	10.4117
700000.0003	10.3632
700000.0003	10.3537
700000.0003	10.427
700000.0003	10.3788
700000.0003	10.3576
700000.0003	10.373
700000.0003	10.4345
700000.0003	10.3672
700000.0003	10.3715
700000.0003	10.3649
700000.0003	10.3974
700000.0003	10.3934
700000.0003	10.3845
700000.0003	10.4125
700000.0003	10.4373
700000.0003	10.3661
700000.0003	10.4026
700000.0003	10.4211
700000.0003	10.4223
700000.0003	10.3311
700000.0003	10.4723
700000.0003	10.3454
700000.0003	10.43
700000.0003	10.3675
700000.0003	10.3885
700000.0003	10.3933
700000.0003	10.4148
700000.0003	10.3615
700000.0003	10.437
700000.0003	10.4131
700000.0003	10.3955
700000.0003	10.4315
700000.0003	10.4784
700000.0003	10.4634
700000.0003	10.4259
700000.0003	10.4622
700000.0003	10.4422
700000.0003	10.4348
700000.0003	10.4784
700000.0003	10.4658
700000.0003	10.4389
700000.0003	10.5079
700000.0003	10.4041
700000.0003	10.443
700000.0003	10.4024
700000.0003	10.518
700000.0003	10.4993
700000.0003	10.4893
700000.0003	10.3972
700000.0003	10.4298
700000.0003	10.4524
700000.0003	10.5437
700000.0003	10.4672
700000.0003	10.5022
700000.0003	10.4401
700000.0003	10.4516
700000.0003	10.4516
700000.0003	10.416
700000.0003	10.4153
700000.0003	10.4191
700000.0003	10.3725
700000.0003	10.3712
700000.0003	10.3559
700000.0003	10.2914
700000.0003	10.2289
700000.0003	10.2427
700000.0003	10.2584
700000.0003	10.2366
700000.0003	10.1723
700000.0003	10.1515
700000.0003	10.1182
700000.0003	10.054
700000.0003	9.97051
700000.0003	9.98445
700000.0003	9.94178
700000.0003	9.92278
700000.0003	9.8197
700000.0003	9.79801
700000.0003	9.65325
700000.0003	9.66981
700000.0003	9.60308
700000.0003	9.55357
700000.0003	9.51772
700000.0003	9.40367
700000.0003	9.40214
700000.0003	9.29196
700000.0003	9.2761
700000.0003	9.17125
700000.0003	9.10463
700000.0003	9.08485
700000.0003	9.00783
700000.0003	8.91262
700000.0003	8.84737
700000.0003	8.73165
700000.0003	8.68327
700000.0003	8.63154
700000.0003	8.53831
700000.0003	8.43168
700000.0003	8.37622
700000.0003	8.32188
700000.0003	8.26379
700000.0003	8.15739
700000.0003	8.08907
700000.0003	7.99828
700000.0003	7.95954
700000.0003	7.78681
700000.0003	7.7096
700000.0003	7.66916
700000.0003	7.56726
700000.0003	7.47259
700000.0003	7.4353
700000.0003	7.33193
700000.0003	7.2149
700000.0003	7.1504
700000.0003	7.00292
700000.0003	6.96271
700000.0003	6.84882
700000.0003	6.78081
700000.0003	6.66818
700000.0003	6.56123
700000.0003	6.50238
700000.0003	6.42326
700000.0003	6.27997
700000.0003	6.23115
700000.0003	6.11528
700000.0003	6.0394
700000.0003	5.92929
700000.0003	5.8354
700000.0003	5.73776
700000.0003	5.65955
700000.0003	5.58649
700000.0003	5.46326
700000.0003	5.37723
700000.0003	5.23793
700000.0003	5.16889
700000.0003	5.04037
700000.0003	4.97118
700000.0003	4.84995
700000.0003	4.76042
700000.0003	4.65959
700000.0003	4.60009
700000.0003	4.48227
700000.0003	4.38754
700000.0003	4.28645
700000.0003	4.17721
700000.0003	4.0896
700000.0003	3.9844
700000.0003	3.86839
700000.0003	3.7771
700000.0003	3.68596
700000.0003	3.55302
700000.0003	3.44546
700000.0003	3.32539
700000.0003	3.20634
700000.0003	3.09299
700000.0003	2.97893
700000.0003	2.85402
700000.0003	2.73408
700000.0003	2.60288
700000.0003	2.47046
700000.0003	2.3294
700000.0003	2.1929
700000.0003	2.06983
700000.0003	1.92897
700000.0003	1.79655
700000.0003	1.66743
700000.0003	1.54176
700000.0003	1.42315
700000.0003	1.29622
700000.0003	1.19001
700000.0003	1.08084
700000.0003	0.979762
700000.0003	0.884869
700000.0003	0.794067
700000.0003	0.711271
700000.0003	0.634687
700000.0003	0.567925
700000.0003	0.500008
700000.0003	0.439868
700000.0003	0.385683
700000.0003	0.337161
700000.0003	0.292342
700000.0003	0.251486
700000.0003	0.217991
700000.0003	0.186989
700000.0003	0.158096
700000.0003	0.135515
700000.0003	0.114361
700000.0003	0.0968468
700000.0003	0.0812374
700000.0003	0.0686283
700000.0003	0.0586468
700000.0003	0.0488915
700000.0003	0.0410753
700000.0003	0.034947
700000.0003	0.0292172
700000.0003	0.0248754
700000.0003	0.0209499
700000.0003	0.017856
700000.0003	0.0156891
700000.0003	0.0133553
700000.0003	0.0117043
700000.0003	0.0103798
700000.0003	0.00889477
700000.0003	0.00819272
700000.0003	0.00733723
700000.0003	0.00666643
700000.0003	0.00621001
700000.0003	0.00587433
700000.0003	0.00550759
700000.0003	0.00540185
700000.0003	0.00528015
700000.0003	0.0051934
700000.0003	0.0049532
700000.0003	0.00496491
700000.0003	0.00496731
700000.0003	0.00471587
700000.0003	0.0046777
700000.0003	0.00469248
700000.0003	0.00466379
700000.0003	0.00469619
700000.0003	0.00462714
700000.0003	0.00457359
700000.0003	0.0044375
700000.0003	0.00443076
700000.0003	0.00439582
700000.0003	0.00442786
700000.0003	0.00437331
700000.0003	0.004327
700000.0003	0.0043525
700000.0003	0.00429038
700000.0003	0.00425478
700000.0003	0.00420517
700000.0003	0.0042077
700000.0003	0.00421928
700000.0003	0.00424514
700000.0003	0.00421304
700000.0003	0.0042094
700000.0003	0.00414051
700000.0003	0.00414991
700000.0003	0.00421081
700000.0003	0.0040754
700000.0003	0.00411521
700000.0003	0.00411794
700000.0003	0.00416765
700000.0003	0.00414951
700000.0003	0.00414561
700000.0003	0.00413677
700000.0003	0.00413648
700000.0003	0.00415593
700000.0003	0.00411117
700000.0003	0.00414778
700000.0003	0.00409977
700000.0003	0.00408357
700000.0003	0.00419286
700000.0003	0.00413072
700000.0003	0.00413703
700000.0003	0.00410772
700000.0003	0.00411974
700000.0003	0.00413447
700000.0003	0.00416951
700000.0003	0.00418477
700000.0003	0.00414113
700000.0003	0.00420723
700000.0003	0.00421827
700000.0003	0.00424869
700000.0003	0.0042826
700000.0003	0.00428093
700000.0003	0.00427078
700000.0003	0.00433593
700000.0003	0.00436723
700000.0003	0.00431577
700000.0003	0.00437052
700000.0003	0.00437147
700000.0003	0.00444689
700000.0003	0.00448008
700000.0003	0.00454225
700000.0003	0.00458422
700000.0003	0.00461138
700000.0003	0.00459756
700000.0003	0.0046834
700000.0003	0.00466327
700000.0003	0.00472623
700000.0003	0.00485322
700000.0003	0.00486161
700000.0003	0.00496235
700000.0003	0.0049559
700000.0003	0.00516492
700000.0003	0.00510642
700000.0003	0.00533326
700000.0003	0.00540146
700000.0003	0.00557264
700000.0003	0.00564366
700000.0003	0.00581935
700000.0003	0.00597948
700000.0003	0.00607328
700000.0003	0.00643156
700000.0003	0.00675963
700000.0003	0.00689048
700000.0003	0.00747368
700000.0003	0.00769419
700000.0003	0.00787932
700000.0003	0.00860413
700000.0003	0.00920678
700000.0003	0.00987709
700000.0003	0.0108666
700000.0003	0.0119444
700000.0003	0.0136188
700000.0003	0.0153493
700000.0003	0.017849
700000.0003	0.021419
700000.0003	-0.000218986
700000.0003	0.00037981
700000.0003	7.79435e-05
700000.0003	0.000199152
700000.0003	4.1659e-05
700000.0003	-0.000557765
700000.0003	-0.0014513
700000.0003	0.0012082
700000.0003	0.0020383
700000.0003	-0.000431516
700000.0003	-0.00342678
700000.0003	0.00382316
700000.0003	-0.00365797
700000.0003	0.00399804
700000.0003	-0.0129123
700000.0003	-0.0164149
700000.0003	-0.0017552
700000.0003	-0.00687535
700000.0003	-0.00437472
700000.0003	-0.00841066
700000.0003	0.0116478
700000.0003	0.0327475
700000.0003	-0.00719439
700000.0003	-0.00531397
700000.0003	0.00849487
700000.0003	-0.00875005
700000.0003	0.0327362
700000.0003	0.00195218
700000.0003	-0.0182345
700000.0003	-0.0373392
700000.0003	0.000305959
700000.0003	-0.0280852
700000.0003	0.0197475
700000.0003	0.0137363
700000.0003	-0.0342768
700000.0003	0.00477219
700000.0003	0.0131817
700000.0003	0.0269262
700000.0003	-0.00441559
700000.0003	-0.0335799
700000.0003	0.0292443
700000.0003	-0.0418039
700000.0003	-0.0205138
700000.0003	-0.0476766
700000.0003	-0.0260968
700000.0003	0.0147948
700000.0003	0.0430384
700000.0003	0.0104543
700000.0003	-0.0102265
700000.0003	-0.0103479
700000.0003	-0.0232774
700000.0003	-0.0342877
700000.0003	-0.0593347
700000.0003	-0.00240336
700000.0003	-0.0139786
700000.0003	0.00385357
700000.0003	0.0197535
700000.0003	0.0301986
700000.0003	0.00832912
700000.0003	0.0321398
700000.0003	0.0343055
700000.0003	0.00653413
700000.0003	0.0224694
700000.0003	0.00382839
700000.0003	-0.000485146
700000.0003	0.0202841
700000.0003	0.00102862
700000.0003	0.046572
700000.0003	0.0248155
700000.0003	-0.0144711
700000.0003	0.0400022
700000.0003	-0.04181
700000.0003	-0.0129746
700000.0003	0.011206
700000.0003	0.0265569
700000.0003	-0.0440904
700000.0003	0.0151292
700000.0003	-0.0225275
700000.0003	-0.0266892
700000.0003	0.0205931
700000.0003	0.000243186
700000.0003	-0.00385234
700000.0003	0.00543109
700000.0003	-0.0168977
700000.0003	-0.00217824
700000.0003	-0.0134862
700000.0003	-0.0201999
700000.0003	0.0252396
700000.0003	-0.0408186
700000.0003	-0.0164385
700000.0003	-0.00332776
700000.0003	-0.0120175
700000.0003	0.016295
700000.0003	-0.00346631
700000.0003	-0.00378344
700000.0003	0.0453838
700000.0003	0.00410275
700000.0003	0.034697
700000.0003	0.0582845
700000.0003	0.0025819
700000.0003	0.0540346
700000.0003	-0.0194042
700000.0003	-0.0048414
700000.0003	0.0104618
700000.0003	-0.00467819
700000.0003	-0.00744833
700000.0003	0.0208991
700000.0003	0.0224471
700000.0003	-0.0459924
700000.0003	-0.0151769
700000.0003	0.00815797
700000.0003	0.0195211
700000.0003	0.00663358
700000.0003	0.00567258
700000.0003	0.0197045
700000.0003	0.0084707
700000.0003	0.0570425
700000.0003	-0.000857942
700000.0003	-0.0202303
700000.0003	-0.0268875
700000.0003	-0.0337881
700000.0003	0.0341266
700000.0003	0.00514827
700000.0003	-0.0401004
700000.0003	-0.0112643
700000.0003	-0.00035637
700000.0003	0.0303887
700000.0003	0.0146784
700000.0003	-0.0128961
700000.0003	0.019126
700000.0003	0.00360261
700000.0003	-0.0214813
700000.0003	-0.00950388
700000.0003	-0.00452659
700000.0003	-0.0197299
700000.0003	-0.0163021
700000.0003	0.0516493
700000.0003	-0.00691969
700000.0003	-0.0137792
700000.0003	-0.0380415
700000.0003	-0.0119563
700000.0003	0.0144154
700000.0003	0.0150013
700000.0003	0.0215165
700000.0003	0.00375652
700000.0003	0.00283286
700000.0003	-0.00869065
700000.0003	0.00712942
700000.0003	0.00131694
700000.0003	0.0116165
700000.0003	0.00330068
700000.0003	0.0108795
700000.0003	0.0182537
700000.0003	-0.0479862
700000.0003	0.00296468
700000.0003	0.00349484
700000.0003	-0.0211996
700000.0003	-0.0227833
700000.0003	-0.0211766
700000.0003	0.011725
700000.0003	0.0127331
700000.0003	0.00610614
700000.0003	-0.0231378
700000.0003	-0.0208642
700000.0003	0.0164902
700000.0003	0.0405902
700000.0003	-0.00332251
700000.0003	0.0152094
700000.0003	-0.0145884
700000.0003	-0.00162641
700000.0003	0.00260133
700000.0003	0.0164927
700000.0003	0.00949647
700000.0003	-0.00564709
700000.0003	-0.00260572
700000.0003	-0.00816374
700000.0003	0.0132695
700000.0003	0.00399981
700000.0003	-0.0182402
700000.0003	-0.00723319
700000.0003	-0.0147446
700000.0003	0.00120657
700000.0003	-0.0215604
700000.0003	0.000879048
700000.0003	-0.0393166
700000.0003	0.0169317
700000.0003	-0.00660947
700000.0003	-0.0224956
700000.0003	-0.0127417
700000.0003	-0.00134187
700000.0003	-0.00162077
700000.0003	0.00241191
700000.0003	0.0249294
700000.0003	-0.00283295
700000.0003	0.0131556
700000.0003	0.00330452
700000.0003	-0.00588028
700000.0003	0.0140545
700000.0003	0.00483023
700000.0003	0.00385874
700000.0003	-0.0046966
700000.0003	0.00240825
700000.0003	-0.0398638
700000.0003	1.27333e-05
700000.0003	0.0146205
700000.0003	-0.0109434
700000.0003	-0.0152133
700000.0003	0.00474368
700000.0003	-0.0168079
700000.0003	-0.00167162
700000.0003	-0.00717787
700000.0003	0.00703721
700000.0003	0.00460178
700000.0003	-0.0163557
700000.0003	-0.00147555
700000.0003	-0.0105214
700000.0003	-0.00768898
700000.0003	0.00771296
700000.0003	0.00186125
700000.0003	0.000474005
700000.0003	-0.0019037
700000.0003	-0.0058119
700000.0003	-0.00125022
700000.0003	-0.0190193
700000.0003	0.0130314
700000.0003	0.0063178
700000.0003	0.00403817
700000.0003	-0.0156104
700000.0003	0.00127403
700000.0003	-0.00116973
700000.0003	-0.00604908
700000.0003	0.000462204
700000.0003	-0.00148552
700000.0003	-0.00368467
700000.0003	-0.00255577
700000.0003	0.000241779
700000.0003	0.00387393
700000.0003	-0.00174715
700000.0003	0.00322392
700000.0003	-0.00470047
700000.0003	-0.00249347
700000.0003	0.00572884
700000.0003	-0.00242943
700000.0003	0.00876159
700000.0003	-0.00786672
700000.0003	-0.00450398
700000.0003	0.00421867
700000.0003	-0.00128035
700000.0003	0.00511309
700000.0003	-0.00396907
700000.0003	0.00249056
700000.0003	-0.00405928
700000.0003	-0.00231339
700000.0003	0.000771844
700000.0003	0.00108074
700000.0003	0.0024029
700000.0003	0.000341849
700000.0003	-0.0032618
700000.0003	-0.00101946
700000.0003	-0.00196524
700000.0003	-0.000338763
700000.0003	-0.0015496
700000.0003	0.00343941
700000.0003	-0.00284369
700000.0003	0.00039526
700000.0003	-0.00109991
700000.0003	2.92127e-05
700000.0003	0.00103886
700000.0003	0.000102166
700000.0003	0.000599247
700000.0003	-0.000182428
700000.0003	0.00110684
700000.0003	0.00030308
700000.0003	-9.92769e-05
700000.0003	0.000705425
700000.0003	-0.000246434
700000.0003	0.000262383
700000.0003	-5.75864e-05
700000.0003	-0.000126219
700000.0003	0.00013722
700000.0003	-1.78755e-05
700000.0003	0.000231151
700000.0003	-0.000405009
700000.0003	0.00037046
700000.0003	0.000177138
700000.0003	0.000117121
700000.0003	-5.94514e-05
700000.0003	-3.60529e-05
700000.0003	0.000170784
700000.0003	-8.81535e-05
700000.0003	0.000114315
700000.0003	-5.11859e-05
700000.0003	-0.000110439
700000.0003	-9.98649e-05
700000.0003	1.58711e-05
700000.0003	-1.45154e-05
700000.0003	-6.40928e-05
700000.0003	7.16722e-05
700000.0003	-1.1608e-05
700000.0003	-1.29527e-05
700000.0003	-3.33404e-05
700000.0003	-1.77971e-05
700000.0003	4.70988e-05
700000.0003	-3.20918e-05
700000.0003	1.80294e-05
700000.0003	-5.76788e-07
700000.0003	-6.12771e-06
700000.0003	-2.86422e-05
700000.0003	3.07713e-05
700000.0003	-4.10172e-05
700000.0003	-3.59252e-06
700000.0003	6.66771e-06
700000.0003	4.43105e-05
700000.0003	-4.25764e-05
700000.0003	-4.56774e-06
700000.0003	-1.199e-05
700000.0003	-2.98871e-05
700000.0003	3.3226e-05
700000.0003	3.41004e-06
700000.0003	-1.35073e-05
700000.0003	1.239e-05
700000.0003	-3.07051e-05
700000.0003	3.17641e-05
700000.0003	4.98043e-05
700000.0003	4.48976e-07
700000.0003	-1.22316e-05
700000.0003	-3.90177e-06
700000.0003	-5.70868e-06
700000.0003	-1.70538e-05
700000.0003	-7.28153e-06
700000.0003	1.31938e-05
700000.0003	-3.26679e-05
700000.0003	-1.59355e-06
700000.0003	-5.21263e-05
700000.0003	1.62715e-05
700000.0003	-5.21894e-06
700000.0003	-1.47177e-05
700000.0003	3.53766e-05
700000.0003	-3.18917e-05
700000.0003	2.4385e-05
700000.0003	1.86207e-05
700000.0003	4.41633e-05
700000.0003	1.56821e-05
700000.0003	4.7965e-06
700000.0003	2.18914e-05
700000.0003	-2.77836e-05
700000.0003	-3.51048e-05
700000.0003	1.62356e-05
700000.0003	-2.00541e-05
700000.0003	1.77364e-05
700000.0003	-2.71915e-05
700000.0003	-1.56308e-05
700000.0003	7.5394e-06
700000.0003	-1.38483e-05
700000.0003	1.26364e-05
700000.0003	-2.55405e-05
700000.0003	-1.82237e-05
700000.0003	-6.09454e-05
700000.0003	1.14408e-05
700000.0003	-1.15254e-05
700000.0003	5.25182e-07
700000.0003	-6.53863e-06
700000.0003	2.09039e-06
700000.0003	-1.24375e-05
700000.0003	5.4645e-05
700000.0003	2.19112e-05
700000.0003	1.296e-05
700000.0003	1.77151e-05
700000.0003	7.11699e-06
700000.0003	-8.56469e-05
700000.0003	1.47365e-05
700000.0003	-2.13511e-07
700000.0003	-1.47834e-05
700000.0003	-6.35882e-05
700000.0003	-1.72189e-05
700000.0003	4.28993e-06
700000.0003	9.56868e-06
700000.0003	7.36469e-05
700000.0003	-1.0448e-05
700000.0003	-2.77435e-05
700000.0003	5.99261e-06
700000.0003	6.85482e-06
700000.0003	3.85273e-05
700000.0003	-0.000102378
700000.0003	1.91115e-05
700000.0003	5.23533e-05
700000.0003	-2.28649e-05
700000.0003	1.78283e-05
700000.0003	0.00014001
700000.0003	1.32126e-05
700000.0003	7.89291e-05
700000.0003	-4.9278e-05
700000.0003	-9.27424e-05
700000.0003	-0.000105696
700000.0003	-0.000101527
700000.0003	-0.000148007
700000.0003	-3.56296e-05
700000.0003	6.74828e-05
700000.0003	-0.000178377
700000.0003	5.25696e-05
700000.0003	-0.00014124
700000.0003	-4.56617e-06
700000.0003	0.000374663
700000.0003	-0.000486768
700000.0003	-0.000221079
700000.0003	0.000222784
700000.0003	0.000570909
700000.0003	0.00208534
700000.0003	-0.00171073
700000.0003	0.00230921
700000.0003	-0.00273126
700000.0003	-0.00212106
700000.0003	0.00579409
700000.0003	0.00637053
700000.0003	-0.00478217
700000.0003	-0.0041856
700000.0003	-0.010338
700000.0003	0.00640585
700000.0003	0.0183129
700000.0003	0.0104678
700000.0003	-0.00786574
700000.0003	0.0195342
700000.0003	0.0087164
700000.0003	0.0121702
700000.0003	0.0311771
700000.0003	-0.0180373
700000.0003	0.0423064
700000.0003	0.00227135
700000.0003	-0.0314684
700000.0003	-0.0208601
700000.0003	-0.00754511
700000.0003	-0.00327877
700000.0003	0.0336358
700000.0003	0.0177901
700000.0003	-0.02728
700000.0003	0.0107678
700000.0003	0.0268976
700000.0003	0.024462
700000.0003	-0.0195891
700000.0003	-0.00113045
700000.0003	0.0191595
700000.0003	-0.0385842
700000.0003	-0.0287424
700000.0003	-0.0577777
700000.0003	-0.0154013
700000.0003	0.0244653
700000.0003	0.0495201
700000.0003	0.00690435
700000.0003	-0.00614854
700000.0003	-0.0121845
700000.0003	-0.00697441
700000.0003	-0.0253073
700000.0003	-0.0596234
700000.0003	-0.00219822
700000.0003	-0.00549285
700000.0003	-0.00583203
700000.0003	0.00350358
700000.0003	0.0308829
700000.0003	0.0135866
700000.0003	0.0316458
700000.0003	0.0243908
700000.0003	0.0146986
700000.0003	0.0409674
700000.0003	-0.00772705
700000.0003	-0.00493997
700000.0003	0.0255136
700000.0003	0.00144593
700000.0003	0.0423896
700000.0003	0.0189976
700000.0003	-0.0130277
700000.0003	0.0340412
700000.0003	-0.0328725
700000.0003	-0.0270209
700000.0003	0.00818928
700000.0003	0.0140102
700000.0003	-0.0450218
700000.0003	-0.00435694
700000.0003	-0.0207967
700000.0003	-0.0299201
700000.0003	0.0259651
700000.0003	-0.00951823
700000.0003	0.00235046
700000.0003	0.0087912
700000.0003	-0.0164568
700000.0003	0.00254117
700000.0003	-0.00749932
700000.0003	-0.0176374
700000.0003	0.00380157
700000.0003	-0.0356527
700000.0003	-0.0210581
700000.0003	0.00406427
700000.0003	-0.0149604
700000.0003	0.00648933
700000.0003	-0.00440422
700000.0003	-0.00948761
700000.0003	0.0432384
700000.0003	0.0236198
700000.0003	0.0294881
700000.0003	0.0541287
700000.0003	0.00441208
700000.0003	0.0430592
700000.0003	-0.0173951
700000.0003	-0.0156949
700000.0003	-0.00605531
700000.0003	-0.00575265
700000.0003	-0.0140767
700000.0003	0.0324996
700000.0003	0.0269833
700000.0003	-0.0513071
700000.0003	-0.0104927
700000.0003	0.00743466
700000.0003	0.0257755
700000.0003	0.00245532
700000.0003	0.0103745
700000.0003	0.018502
700000.0003	-0.00163633
700000.0003	0.0504328
700000.0003	0.00466349
700000.0003	-0.0272438
700000.0003	-0.0198848
700000.0003	-0.023221
700000.0003	0.0381481
700000.0003	0.0136041
700000.0003	-0.0404482
700000.0003	-0.0107478
700000.0003	0.000835408
700000.0003	0.0173121
700000.0003	0.00653066
700000.0003	0.00507014
700000.0003	0.0100559
700000.0003	-0.00413075
700000.0003	-0.016794
700000.0003	-0.00415741
700000.0003	0.00247387
700000.0003	-0.022028
700000.0003	-0.012683
700000.0003	0.0444026
700000.0003	-0.00767464
700000.0003	-0.0212115
700000.0003	-0.042058
700000.0003	-0.0146004
700000.0003	-0.00125271
700000.0003	0.0168229
700000.0003	0.0350239
700000.0003	-0.00585072
700000.0003	0.0123749
700000.0003	-0.0239776
700000.0003	0.000499259
700000.0003	-0.00375525
700000.0003	0.00683227
700000.0003	0.00595557
700000.0003	0.0193078
700000.0003	0.0277802
700000.0003	-0.0441552
700000.0003	0.00181067
700000.0003	0.00838913
700000.0003	-0.0268415
700000.0003	-0.0313306
700000.0003	-0.0230373
700000.0003	0.0141529
700000.0003	0.0152535
700000.0003	0.00111599
700000.0003	-0.023777
700000.0003	-0.0345442
700000.0003	0.021377
700000.0003	0.0317349
700000.0003	-0.0114785
700000.0003	-0.00147507
700000.0003	-0.0226085
700000.0003	0.00449763
700000.0003	0.0129446
700000.0003	0.000432298
700000.0003	-0.00648703
700000.0003	-0.010884
700000.0003	-0.0108415
700000.0003	-0.000271448
700000.0003	0.00427963
700000.0003	0.000942186
700000.0003	-0.0215083
700000.0003	-0.0128871
700000.0003	-0.0116297
700000.0003	0.00129874
700000.0003	-0.0273323
700000.0003	-0.0119831
700000.0003	-0.0392376
700000.0003	0.0172792
700000.0003	-0.00336823
700000.0003	-0.0143289
700000.0003	-0.0130504
700000.0003	0.0119963
700000.0003	0.0111133
700000.0003	-0.0117134
700000.0003	0.0322376
700000.0003	-0.00862748
700000.0003	0.0260299
700000.0003	0.000838852
700000.0003	-0.014907
700000.0003	0.0194901
700000.0003	0.0125417
700000.0003	0.00103229
700000.0003	0.00832404
700000.0003	0.00230176
700000.0003	-0.0279142
700000.0003	-0.00449517
700000.0003	0.0215024
700000.0003	-0.0195904
700000.0003	-0.0257966
700000.0003	0.00390292
700000.0003	-0.00631978
700000.0003	0.00717393
700000.0003	-0.000682441
700000.0003	0.00875726
700000.0003	-0.00499268
700000.0003	-0.00519483
700000.0003	-0.00074777
700000.0003	-0.00778986
700000.0003	-0.00856945
700000.0003	0.01044
700000.0003	0.0010675
700000.0003	0.00141639
700000.0003	-0.00182766
700000.0003	-0.00997447
700000.0003	0.000975397
700000.0003	-0.0117153
700000.0003	0.00791808
700000.0003	0.00862084
700000.0003	0.00405147
700000.0003	-0.00901357
700000.0003	-0.00290701
700000.0003	0.000483204
700000.0003	-0.00498245
700000.0003	0.00260243
700000.0003	0.00144154
700000.0003	-0.0105629
700000.0003	-0.00290159
700000.0003	0.00768208
700000.0003	0.00435063
700000.0003	0.00869783
700000.0003	-0.00457807
700000.0003	-5.18434e-05
700000.0003	-0.00157852
700000.0003	-0.00231635
700000.0003	-0.00637924
700000.0003	0.00435448
700000.0003	-0.00340118
700000.0003	0.00463206
700000.0003	-0.0129519
700000.0003	-0.00756119
700000.0003	0.00414986
700000.0003	-0.000765988
700000.0003	-0.000449822
700000.0003	-0.00081206
700000.0003	-0.000142682
700000.0003	0.00085143
700000.0003	-0.00034969
700000.0003	-0.000891031
700000.0003	-0.00147663
700000.0003	-0.00285079
700000.0003	-0.00459016
700000.0003	-0.00141362
700000.0003	-0.000261481
700000.0003	0.000864397
700000.0003	-0.000129793
700000.0003	0.0028654
700000.0003	0.000174816
700000.0003	0.00122721
700000.0003	0.000592715
700000.0003	-0.00132438
700000.0003	-0.0010166
700000.0003	0.000309873
700000.0003	0.000653643
700000.0003	-0.000299724
700000.0003	-0.000887893
700000.0003	-0.000374046
700000.0003	-0.000170286
700000.0003	-0.000414595
700000.0003	0.00042766
700000.0003	-0.000255036
700000.0003	0.000588355
700000.0003	-9.9939e-05
700000.0003	0.000245986
700000.0003	0.000416737
700000.0003	-0.000140458
700000.0003	0.000369044
700000.0003	0.000102752
700000.0003	-7.00798e-05
700000.0003	0.000138897
700000.0003	8.58754e-05
700000.0003	0.000140779
700000.0003	1.98084e-05
700000.0003	-0.00014031
700000.0003	1.83874e-06
700000.0003	-7.73854e-05
700000.0003	-0.000114612
700000.0003	-1.59949e-05
700000.0003	6.26376e-05
700000.0003	-3.57701e-05
700000.0003	-3.62469e-05
700000.0003	0.000131453
700000.0003	1.7892e-05
700000.0003	6.64376e-06
700000.0003	3.47008e-05
700000.0003	1.53466e-05
700000.0003	3.82716e-06
700000.0003	1.13711e-05
700000.0003	-6.4803e-05
700000.0003	1.45305e-05
700000.0003	2.65543e-05
700000.0003	-3.25546e-05
700000.0003	4.38373e-05
700000.0003	-5.8549e-06
700000.0003	1.86129e-06
700000.0003	-6.2383e-05
700000.0003	1.78926e-05
700000.0003	1.38117e-05
700000.0003	-6.47278e-06
700000.0003	-1.85179e-06
700000.0003	3.63973e-07
700000.0003	1.49851e-05
700000.0003	-4.7329e-05
700000.0003	1.48332e-05
700000.0003	4.99448e-05
700000.0003	-6.50225e-05
700000.0003	-2.68702e-05
700000.0003	-3.51926e-05
700000.0003	-5.73529e-05
700000.0003	-9.96337e-06
700000.0003	-8.71983e-06
700000.0003	2.69256e-05
700000.0003	1.63913e-05
700000.0003	7.26794e-05
700000.0003	6.77604e-06
700000.0003	3.10673e-05
700000.0003	-1.08325e-06
700000.0003	-4.96707e-05
700000.0003	2.73869e-05
700000.0003	-3.02393e-05
700000.0003	4.03309e-06
700000.0003	-2.22504e-05
700000.0003	-7.56488e-06
700000.0003	3.08548e-05
700000.0003	-4.74721e-05
700000.0003	1.32082e-05
700000.0003	-2.49258e-05
700000.0003	-2.99477e-05
700000.0003	1.71464e-05
700000.0003	2.22555e-06
700000.0003	-4.93643e-05
700000.0003	2.00622e-05
700000.0003	1.31178e-05
700000.0003	-1.49075e-05
700000.0003	1.44202e-05
700000.0003	-2.77454e-05
700000.0003	-5.35977e-05
700000.0003	-1.55417e-05
700000.0003	-4.31879e-05
700000.0003	-4.47862e-05
700000.0003	4.17418e-06
700000.0003	-2.04284e-05
700000.0003	-3.46054e-05
700000.0003	-6.04253e-05
700000.0003	-2.67487e-05
700000.0003	-1.54227e-05
700000.0003	5.35433e-05
700000.0003	-2.56629e-05
700000.0003	4.89349e-05
700000.0003	-1.18278e-05
700000.0003	1.84938e-05
700000.0003	-1.09495e-05
700000.0003	1.78002e-05
700000.0003	1.07023e-05
700000.0003	8.9167e-05
700000.0003	-1.9541e-05
700000.0003	7.55554e-05
700000.0003	6.53087e-05
700000.0003	-3.4657e-05
700000.0003	-2.94003e-05
700000.0003	-0.000105093
700000.0003	-5.50895e-05
700000.0003	-7.83421e-05
700000.0003	-6.47946e-05
700000.0003	3.95602e-06
700000.0003	3.27635e-05
700000.0003	0.000137234
700000.0003	8.59001e-05
700000.0003	-3.53608e-05
700000.0003	2.34932e-05
700000.0003	0.000126607
700000.0003	-0.00022563
700000.0003	-3.91695e-05
700000.0003	-0.000135234
700000.0003	-1.55797e-05
700000.0003	4.65102e-05
700000.0003	-9.04483e-05
700000.0003	-0.000279351
700000.0003	5.48633e-05
700000.0003	-0.000170178
700000.0003	-0.000236562
700000.0003	-2.75977e-05
700000.0003	0.000168406
700000.0003	0.0182466
700000.0003	0.0238744
700000.0003	0.0363155
700000.0003	0.0600003
700000.0003	0.101828
700000.0003	0.166909
700000.0003	0.266485
700000.0003	0.410499
700000.0003	0.608409
700000.0003	0.878885
700000.0003	1.24954
700000.0003	1.7595
700000.0003	2.45111
700000.0003	3.35052
700000.0003	4.46278
700000.0003	5.83951
700000.0003	7.45982
700000.0003	9.27108
700000.0003	11.3106
700000.0003	13.3338
700000.0003	15.301
700000.0003	16.9714
700000.0003	18.1704
700000.0003	19.0251
700000.0003	19.6008
700000.0003	19.7108
700000.0003	19.7474
700000.0003	19.6256
700000.0003	19.2818
700000.0003	19.0768
700000.0003	18.787
700000.0003	18.5519
700000.0003	18.2487
700000.0003	18.0216
700000.0003	17.6758
700000.0003	17.4779
700000.0003	17.1793
700000.0003	16.8558
700000.0003	16.6288
700000.0003	16.3186
700000.0003	15.9271
700000.0003	15.6442
700000.0003	15.3835
700000.0003	15.094
700000.0003	14.8795
700000.0003	14.627
700000.0003	14.4286
700000.0003	14.2882
700000.0003	13.9995
700000.0003	13.8973
700000.0003	13.729
700000.0003	13.6028
700000.0003	13.3512
700000.0003	13.207
700000.0003	13.2308
700000.0003	13.0928
700000.0003	12.9765
700000.0003	12.8985
700000.0003	12.7506
700000.0003	12.6873
700000.0003	12.4748
700000.0003	12.531
700000.0003	12.4239
700000.0003	12.3105
700000.0003	12.2452
700000.0003	12.1689
700000.0003	12.1773
700000.0003	12.0916
700000.0003	11.9067
700000.0003	11.9414
700000.0003	11.8429
700000.0003	11.7789
700000.0003	11.8168
700000.0003	11.7164
700000.0003	11.6777
700000.0003	11.6288
700000.0003	11.5839
700000.0003	11.498
700000.0003	11.487
700000.0003	11.4245
700000.0003	11.4484
700000.0003	11.3894
700000.0003	11.3236
700000.0003	11.2608
700000.0003	11.3221
700000.0003	11.2376
700000.0003	11.1814
700000.0003	11.1966
700000.0003	11.0714
700000.0003	11.1128
700000.0003	11.0988
700000.0003	11.1397
700000.0003	11.0864
700000.0003	11.0553
700000.0003	10.9886
700000.0003	11.0431
700000.0003	11.0401
700000.0003	10.9401
700000.0003	10.9321
700000.0003	10.948
700000.0003	10.9121
700000.0003	10.8603
700000.0003	10.8383
700000.0003	10.9181
700000.0003	10.8587
700000.0003	10.795
700000.0003	10.8426
700000.0003	10.8232
700000.0003	10.8118
700000.0003	10.802
700000.0003	10.8092
700000.0003	10.7828
700000.0003	10.8179
700000.0003	10.7564
700000.0003	10.7239
700000.0003	10.7497
700000.0003	10.7274
700000.0003	10.7621
700000.0003	10.6486
700000.0003	10.7553
700000.0003	10.6861
700000.0003	10.7575
700000.0003	10.7128
700000.0003	10.7009
700000.0003	10.6783
700000.0003	10.6842
700000.0003	10.6456
700000.0003	10.7301
700000.0003	10.6868
700000.0003	10.7294
700000.0003	10.7099
700000.0003	10.6673
700000.0003	10.6177
700000.0003	10.6047
700000.0003	10.7347
700000.0003	10.6949
700000.0003	10.6801
700000.0003	10.6121
700000.0003	10.6096
700000.0003	10.6662
700000.0003	10.6591
700000.0003	10.6161
700000.0003	10.6292
700000.0003	10.5459
700000.0003	10.6016
700000.0003	10.6292
700000.0003	10.664
700000.0003	10.5936
700000.0003	10.5717
700000.0003	10.5626
700000.0003	10.5074
700000.0003	10.4689
700000.0003	10.4635
700000.0003	10.4067
700000.0003	10.4037
700000.0003	10.4652
700000.0003	10.3522
700000.0003	10.3041
700000.0003	10.329
700000.0003	10.2637
700000.0003	10.1597
700000.0003	10.1129
700000.0003	10.1155
700000.0003	10.0879
700000.0003	10.0483
700000.0003	9.97359
700000.0003	9.92227
700000.0003	9.89066
700000.0003	9.81698
700000.0003	9.71018
700000.0003	9.63473
700000.0003	9.62446
700000.0003	9.62475
700000.0003	9.63635
700000.0003	9.53386
700000.0003	9.44857
700000.0003	9.30989
700000.0003	9.32918
700000.0003	9.24606
700000.0003	9.22141
700000.0003	9.08704
700000.0003	9.0428
700000.0003	9.01005
700000.0003	8.87468
700000.0003	8.83863
700000.0003	8.76784
700000.0003	8.66164
700000.0003	8.66114
700000.0003	8.57377
700000.0003	8.46657
700000.0003	8.40973
700000.0003	8.34821
700000.0003	8.2738
700000.0003	8.12552
700000.0003	8.03745
700000.0003	8.00369
700000.0003	7.95863
700000.0003	7.81163
700000.0003	7.80137
700000.0003	7.73892
700000.0003	7.65585
700000.0003	7.56603
700000.0003	7.47725
700000.0003	7.37054
700000.0003	7.31183
700000.0003	7.21997
700000.0003	7.14308
700000.0003	7.07216
700000.0003	6.97812
700000.0003	6.90564
700000.0003	6.84063
700000.0003	6.7296
700000.0003	6.7168
700000.0003	6.61683
700000.0003	6.52827
700000.0003	6.43384
700000.0003	6.42001
700000.0003	6.32774
700000.0003	6.26492
700000.0003	6.2254
700000.0003	6.124
700000.0003	6.08462
700000.0003	6.0214
700000.0003	5.94641
700000.0003	5.90546
700000.0003	5.86275
700000.0003	5.80557
700000.0003	5.76787
700000.0003	5.7485
700000.0003	5.72058
700000.0003	5.67807
700000.0003	5.65759
700000.0003	5.61216
700000.0003	5.56289
700000.0003	5.5283
700000.0003	5.49313
700000.0003	5.43393
700000.0003	5.37383
700000.0003	5.31485
700000.0003	5.21678
700000.0003	5.12048
700000.0003	4.98591
700000.0003	4.83119
700000.0003	4.64966
700000.0003	4.47331
700000.0003	4.26268
700000.0003	4.04109
700000.0003	3.78551
700000.0003	3.54373
700000.0003	3.28701
700000.0003	3.03619
700000.0003	2.79269
700000.0003	2.55953
700000.0003	2.32718
700000.0003	2.12353
700000.0003	1.93044
700000.0003	1.74994
700000.0003	1.57854
700000.0003	1.428
700000.0003	1.28598
700000.0003	1.15228
700000.0003	1.03276
700000.0003	0.918567
700000.0003	0.824868
700000.0003	0.732238
700000.0003	0.653774
700000.0003	0.574762
700000.0003	0.507114
700000.0003	0.44599
700000.0003	0.389992
700000.0003	0.338172
700000.0003	0.294239
700000.0003	0.254003
700000.0003	0.219777
700000.0003	0.188478
700000.0003	0.161062
700000.0003	0.136427
700000.0003	0.115655
700000.0003	0.09789
700000.0003	0.0819666
700000.0003	0.0691892
700000.0003	0.0579021
700000.0003	0.0483207
700000.0003	0.0403962
700000.0003	0.0337301
700000.0003	0.0282568
700000.0003	0.0238815
700000.0003	0.0200739
700000.0003	0.0169957
700000.0003	0.0145039
700000.0003	0.0125922
700000.0003	0.0108528
700000.0003	0.00960345
700000.0003	0.0084277
700000.0003	0.00746795
700000.0003	0.0068153
700000.0003	0.00623961
700000.0003	0.00578583
700000.0003	0.00547055
700000.0003	0.00524935
700000.0003	0.00516579
700000.0003	0.00494059
700000.0003	0.00484
700000.0003	0.00483807
700000.0003	0.00473949
700000.0003	0.00472527
700000.0003	0.00465276
700000.0003	0.00460279
700000.0003	0.00450173
700000.0003	0.00450999
700000.0003	0.0044387
700000.0003	0.00439279
700000.0003	0.00434632
700000.0003	0.0043753
700000.0003	0.00434239
700000.0003	0.0042814
700000.0003	0.00431774
700000.0003	0.00427331
700000.0003	0.00422075
700000.0003	0.0042483
700000.0003	0.00422871
700000.0003	0.00416894
700000.0003	0.00417177
700000.0003	0.00419969
700000.0003	0.00414376
700000.0003	0.00417957
700000.0003	0.00408403
700000.0003	0.00415218
700000.0003	0.00414267
700000.0003	0.00408282
700000.0003	0.00411927
700000.0003	0.00411049
700000.0003	0.00410388
700000.0003	0.00404583
700000.0003	0.00411529
700000.0003	0.00412937
700000.0003	0.00408817
700000.0003	0.00411083
700000.0003	0.00410612
700000.0003	0.00410849
700000.0003	0.00408915
700000.0003	0.00412802
700000.0003	0.0041756
700000.0003	0.00414379
700000.0003	0.00415276
700000.0003	0.00412842
700000.0003	0.00413849
700000.0003	0.00413436
700000.0003	0.0041539
700000.0003	0.00411016
700000.0003	0.00419005
700000.0003	0.00416893
700000.0003	0.00419271
700000.0003	0.00419292
700000.0003	0.00417002
700000.0003	0.00420598
700000.0003	0.00419827
700000.0003	0.00423381
700000.0003	0.00429616
700000.0003	0.00425072
700000.0003	0.00429651
700000.0003	0.0043062
700000.0003	0.00436349
700000.0003	0.00437139
700000.0003	0.00438836
700000.0003	0.00443198
700000.0003	0.00443537
700000.0003	0.00446565
700000.0003	0.0044843
700000.0003	0.00455689
700000.0003	0.00466787
700000.0003	0.0046568
700000.0003	0.00466144
700000.0003	0.00475282
700000.0003	0.00481627
700000.0003	0.00492213
700000.0003	0.00492947
700000.0003	0.00506906
700000.0003	0.00517053
700000.0003	0.00529215
700000.0003	0.00528199
700000.0003	0.00554786
700000.0003	0.00570034
700000.0003	0.00596385
700000.0003	0.00608316
700000.0003	0.0061825
700000.0003	0.00653055
700000.0003	0.00693205
700000.0003	0.00723668
700000.0003	0.00773623
700000.0003	0.0080709
700000.0003	0.00859029
700000.0003	0.00916652
700000.0003	0.00994713
700000.0003	0.010854
700000.0003	0.0116683
700000.0003	0.0126954
700000.0003	0.0139303
700000.0003	0.0152249
700000.0003	0.0168019
