700000.0003	2960.02	2960.62	2959.17	2960.34	2960.04	2958.71	2959.28	2959.39	2957.32	2958.96	2958.68	2960	2957.83	2958.7	2956.42
700000.0003	1532.37	1534.57	1532.91	1534.09	1534.6	1534.23	1532.92	1531.45	1532.58	1532.34	1534.65	1536.1	1533.16	1533.14	1532.44
700000.0003	194.049	193.448	193.663	195.254	192.979	194.85	192.873	192.686	194.241	194.649	193.153	195.064	194.283	193.882	194.004
700000.0003	32.1928	32.1863	32.763	32.2804	32.3741	32.3427	32.0501	31.8175	32.0067	32.0895	32.3105	32.1418	31.9202	32.2007	32.2194
700000.0003	19.1883	19.4984	19.1221	19.4315	19.3336	19.3101	19.2738	19.4802	18.828	19.277	19.3906	19.1693	19.1552	19.3779	19.302
700000.0003	16.7013	16.4803	16.4279	16.2365	16.4703	16.5178	16.844	16.2957	16.5921	16.4412	16.3871	16.7167	16.7207	16.5016	16.4365
700000.0003	15.2797	15.5103	15.1733	15.1333	15.1809	15.0962	15.4548	15.2745	14.8499	15.1455	15.2839	15.2383	15.2907	15.4067	15.2673
700000.0003	14.6431	14.4727	14.5322	14.7438	14.8197	14.3502	14.4125	14.3981	14.5566	14.6303	14.3935	14.5793	14.7117	14.4352	14.5282
700000.0003	13.8491	13.6181	14.0952	13.8756	14.1185	14.1626	13.7051	13.7066	14.0668	14.4502	13.8647	13.9819	13.8979	14.0315	13.9358
700000.0003	13.5973	13.7868	13.7699	13.4804	13.6945	13.6908	13.6541	13.5831	13.887	13.764	13.4789	13.6933	13.748	13.9089	13.7135
700000.0003	13.523	13.6736	13.4193	13.1381	13.5065	13.2106	13.5058	13.8088	13.6097	13.2275	13.6058	13.3119	13.6202	13.4363	13.6748
700000.0003	13.7248	13.3624	13.3604	13.0789	13.2452	13.246	13.1756	13.3325	13.2034	13.3375	13.4797	13.1969	13.7347	13.6444	13.468
700000.0003	13.0364	13.2294	13.1234	13.3741	13.1689	13.0437	13.5651	13.0932	13.3083	13.0222	13.6154	13.3467	13.3542	13.4089	13.4147
700000.0003	13.2955	13.1142	13.1238	13.4147	13.3662	13.5145	13.3162	13.0343	13.4249	13.0464	13.5924	13.526	13.3553	12.9382	13.2954
700000.0003	13.3351	13.4672	13.5079	13.4805	13.2969	13.3897	13.3534	13.4065	13.3304	13.6033	13.4982	13.2213	13.3521	13.4898	13.4848
700000.0003	14.117	14.1454	14.1516	14.017	14.2252	14.075	13.8815	13.9818	13.9792	14.1687	14.1061	13.8914	14.088	13.9283	13.696
700000.0003	15.3884	15.3931	15.3835	14.9706	15.2039	14.6332	15.1453	15.0508	14.7475	15.2522	15.0986	15.264	15.3992	15.0096	15.0528
700000.0003	16.6885	16.8827	17.0618	17.0739	17.242	16.8375	16.8423	16.8505	17.2523	17.3007	16.9481	16.8694	16.8695	17.1726	16.8122
700000.0003	19.86	19.8605	19.8811	20.1904	19.873	19.5532	19.485	19.5882	19.4372	19.6603	19.9088	20.0272	19.8484	19.5767	19.6243
700000.0003	24.209	23.9826	24.2972	24.0491	23.7927	23.512	23.782	23.8622	24.2015	24.0873	24.3995	24.3103	24.4699	23.9003	23.841
700000.0003	31.1864	30.872	30.2604	30.6288	30.9417	30.4949	30.1711	30.2222	30.8915	30.5571	30.6976	30.4938	30.9212	30.6187	30.8653
700000.0003	42.3206	42.193	41.9673	41.6467	42.1733	41.8225	41.9318	41.6116	41.8842	42.324	42.4198	41.7569	41.6459	42.1505	42.1699
700000.0003	68.5873	67.7154	67.2016	67.3484	67.3837	67.0988	67.3194	67.5476	67.6476	67.18	67.4648	67.7038	67.8608	67.2787	67.3314
700000.0003	155.981	156.103	155.433	155.638	155.327	155.795	155.571	155.663	155.445	155.571	155.217	155.407	154.827	155.713	155.129
700000.0003	515.468	517.07	515.899	517.26	515.873	515.107	517.224	516.952	515.391	516.702	516.242	515.274	516.923	517.598	517.429
700000.0003	1363.73	1363.87	1362.76	1362.14	1363.38	1362.56	1365.3	1364.22	1360.42	1361.79	1363.14	1362.21	1363.84	1364.62	1363.37
700000.0003	2203.15	2201.76	2198.76	2202.48	2200.85	2203.46	2207.39	2204.25	2202.42	2203.48	2202.38	2201.63	2201.21	2203.53	2203.99
700000.0003	2643.69	2641.3	2640.81	2640.31	2644.83	2643.38	2640.95	2646.86	2643.64	2641.67	2643.76	2641.57	2641.42	2642.89	2646.02
700000.0003	2788.33	2789.95	2787.19	2791.48	2787.59	2787.24	2789.24	2793.22	2791.92	2785.1	2786.64	2791.12	2792.32	2785.54	2789.02
700000.0003	2840.19	2836.8	2832.74	2834.19	2836.54	2838.52	2835.99	2836.61	2836.4	2836.26	2836.33	2835.96	2837.12	2835.2	2835.64
700000.0003	2865.14	2863.49	2869.78	2865.8	2866.39	2864.21	2864.31	2866.23	2864.54	2867.93	2863.95	2867.75	2866.05	2868.01	2864
700000.0003	2894.22	2892.15	2893.47	2895.06	2890.93	2891.13	2897.54	2894.95	2891.39	2889.2	2894.42	2894.15	2894.69	2891.71	2894.95
700000.0003	2920.16	2917.43	2921.3	2923.15	2921.35	2918.48	2919.13	2920.2	2920.51	2919.23	2923.74	2918.93	2918.56	2920.93	2922.28
700000.0003	2946.94	2945.13	2945.87	2950.18	2946.2	2947.14	2947.63	2947.41	2947.85	2947.57	2946.07	2946.29	2947.6	2947.92	2950.39
700000.0003	2973.81	2975.44	2975.11	2973.23	2976.07	2973.77	2974.99	2971.59	2973.77	2974.87	2975.62	2972.7	2972.48	2973.75	2974.52
700000.0003	2997.57	3002.1	3003.44	2998.41	3001.13	3002.37	3000.82	2999.47	3001.83	3001.86	3000.56	2998.35	3002	3001.77	2999.6
700000.0003	3024.92	3025.77	3030.05	3023.52	3029.92	3027.37	3028.38	3025.75	3027.76	3028.94	3026.2	3023.9	3029.16	3028.53	3026.41
700000.0003	3051.39	3055.35	3052.96	3052.63	3052.58	3057.05	3054.86	3050.86	3053.86	3054.38	3052.64	3051.95	3053.91	3053.12	3050.68
700000.0003	3078.73	3078.73	3078.13	3076.25	3081.38	3081.05	3075.49	3076.26	3082.17	3080.87	3075.47	3077.43	3078.19	3078.28	3076.09
700000.0003	3097.61	3097.85	3096.39	3097.32	3099.5	3097.23	3095.58	3095.17	3101.98	3093.83	3095.69	3098.43	3097.59	3095.74	3093.54
700000.0003	1.72805	-0.10407	-0.729439	0.705725	-0.176598	-0.0685318	0.531189	-1.67239	0.883695	-0.255365	0.828332	-0.192752	-0.793949	-0.394146	-0.221078
700000.0003	-1.55994	1.48048	1.09242	0.124158	-0.345399	1.14444	0.898567	1.32251	0.220633	-0.373081	-1.09856	-1.04721	-0.495375	-0.0906453	0.0270936
700000.0003	0.296814	0.294106	0.420742	0.402608	-0.0766716	0.418134	-0.0765742	0.521853	-0.0727544	-0.206806	0.483394	-0.217667	-0.429982	-0.0282889	-0.115984
700000.0003	-0.0631468	-0.0411564	-0.128056	0.251803	0.151585	0.103483	0.154165	-0.0731175	0.0765346	-0.160767	-0.128625	-0.0167478	-0.0745288	0.0250736	-0.249907
700000.0003	-0.0437675	-0.0923076	-0.172264	0.180816	0.00671126	-0.100273	0.00798192	0.159314	0.153562	0.043097	0.175487	-0.178227	-0.286261	0.0699741	-0.117794
700000.0003	-0.0514361	0.117793	-0.00974953	-0.122021	-0.130953	-0.231515	-0.0725457	-0.0798705	-0.236415	-0.000817552	0.0150264	0.0334392	-0.109479	-0.220209	0.0195946
700000.0003	-0.0567266	0.0153543	-0.0813894	-0.209635	0.00413744	-0.0900969	-0.0762271	-0.177753	0.103523	0.148792	-0.199554	-0.16287	0.08975	-0.0101233	0.0915832
700000.0003	-0.157166	0.0157135	0.11514	0.0319411	-0.0985203	-0.283257	-0.0359009	0.143244	0.019928	-0.0430088	-0.157483	-0.0058509	0.0697919	-0.103406	-0.184707
700000.0003	-0.0283446	-0.0903957	-0.0958619	-0.0500248	0.0739145	-0.00231806	-0.00708437	-0.154619	0.104324	0.00500805	0.177907	0.128666	0.0547119	0.0471401	-0.27641
700000.0003	0.0044165	-0.0407721	0.0506095	0.0648945	0.025813	-0.184633	0.0772248	0.110933	-0.0432456	-0.0216796	-0.165732	0.141806	0.0379863	0.141003	-0.104611
700000.0003	-0.0552829	-0.164973	0.0108155	-0.00738419	0.0539806	0.280767	0.0262309	0.0476086	-0.169202	0.0150822	-0.11284	-0.0598991	0.0575417	-0.054474	0.0680432
700000.0003	-0.0682211	0.215387	0.0319575	-0.000615107	0.1093	0.0600543	-0.175476	0.0279595	-0.228154	-0.0587883	-0.15761	-0.284156	0.0343627	-0.0753096	0.066883
700000.0003	-0.115055	0.00155574	-0.084247	0.15184	-0.0833634	0.0325827	-0.0629819	0.0593402	-0.0299606	-0.028308	0.115886	0.0159489	-0.125743	-0.149488	-0.0702164
700000.0003	0.0621571	-0.143233	-0.0933894	-0.0256327	0.257769	0.0365165	-0.0835316	-0.007134	0.0305202	0.0905457	0.0909444	-0.0620066	0.13371	-0.0960694	0.172938
700000.0003	-0.0665077	0.00792736	-0.0403949	0.0178931	-0.00557362	-0.0247438	0.0851966	0.0932854	0.162664	-0.0315438	0.00402229	0.108226	0.0281145	0.11744	-0.159763
700000.0003	-0.113881	0.108063	0.0284728	-0.0644717	-0.123244	0.0681068	0.00393391	-0.0995106	0.00447839	-0.0035895	0.0469967	-0.0156284	0.0924318	-0.16893	-0.158866
700000.0003	0.0686187	0.010043	-0.0259343	-0.117876	0.00130964	-0.101131	0.0508058	-0.117896	0.0844007	0.017881	0.0785025	0.122173	0.063685	-0.0106432	-0.100594
700000.0003	0.134546	0.139291	0.18991	-0.227639	-0.0400831	-0.0614142	-0.167382	0.114509	-0.239833	-0.333144	0.0874954	0.0176667	-0.0884377	-0.0440173	0.169138
700000.0003	0.158828	-0.0223058	0.0383422	0.0162049	0.189205	0.0220149	0.0631976	-0.21965	0.105754	-0.235584	0.0696659	0.192689	0.150997	-0.00177909	-0.0199906
700000.0003	0.0962751	0.00972405	-0.0606111	-0.128519	-0.0190659	-0.0837936	-0.0705002	0.0462654	-0.0967531	-0.0521442	-0.121254	0.0495113	0.0947761	0.0454505	-0.0358806
700000.0003	0.0462142	-0.029688	-0.00549568	0.048536	-0.127402	0.10217	-0.12432	-0.250154	-0.103799	0.0274791	-0.215529	-0.0103624	0.302077	0.104836	-0.0257277
700000.0003	0.0566161	-0.0752287	-0.00879777	-0.299981	0.124089	-0.130956	-0.2374	0.0625043	0.0167887	-0.0257151	-0.150518	-0.0249947	0.341667	-0.0473713	0.0807264
700000.0003	0.240716	-0.0322864	0.0441173	0.000512472	-0.149304	-0.467648	-0.105404	-0.0597322	0.17415	0.286597	-0.383978	0.0973179	0.113067	-0.108747	-0.184418
700000.0003	-0.601333	0.306506	0.392102	-0.123641	-0.511009	-0.0255893	0.0978101	0.187397	0.0351965	-0.108289	-0.377319	-0.251466	0.0444395	0.257571	-0.198251
700000.0003	-0.257383	-0.757903	0.114902	-0.90414	0.135196	0.821843	-0.0472527	-0.459333	0.466795	1.25624	-0.0841326	-0.216033	0.343613	-0.206881	-0.0340603
700000.0003	-0.765334	0.0362423	-0.501824	1.08481	0.801228	0.138517	-0.233543	0.23296	0.241027	-0.567873	0.639607	-0.168068	-0.586697	-0.0793798	0.522677
700000.0003	-0.69376	0.827257	-0.100464	0.678974	-0.153823	0.457222	1.53655	-0.209752	0.886582	0.44414	0.882747	0.297466	-0.017671	-0.0700618	1.19074
700000.0003	1.73172	0.314417	1.04596	-0.839039	0.217327	0.426552	-0.15765	0.314903	0.0587756	-1.09578	1.49789	1.22242	-1.40476	-0.180804	-0.434654
700000.0003	1.02887	-0.882427	0.628339	-0.184819	0.187507	0.54887	-0.942538	-0.632628	0.49634	1.1041	0.357815	0.111432	-0.307638	0.337059	1.33857
700000.0003	0.689357	0.971652	0.906787	-0.661866	-0.582013	-0.764371	-0.357117	0.876071	-0.740542	-0.149771	0.784636	0.382482	0.699498	-1.02065	0.337888
700000.0003	0.0270148	0.723681	-0.486183	-0.381337	-0.560728	0.365827	-0.0567723	-0.484492	0.0848811	1.25629	-0.253354	0.299724	-0.229577	0.884096	0.0161655
700000.0003	-0.069002	0.948895	0.121259	-0.0974241	-0.0143924	-0.584944	-0.0385079	0.0734834	1.39879	0.131154	-0.748119	-0.752925	1.09861	0.980601	-0.125452
700000.0003	0.274322	0.0301987	0.418709	0.488458	1.01252	0.176153	0.0300338	-0.554716	-0.26457	-0.336283	-0.535507	0.42507	0.803849	0.235066	0.306032
700000.0003	0.733244	0.6242	0.445471	0.00164751	0.519901	1.02052	-0.151766	-0.0644906	-0.138058	-0.533905	0.0261195	0.144527	-0.345378	0.162497	0.326427
700000.0003	0.528465	0.0403235	-0.0556893	0.292205	0.655599	0.396881	0.440488	0.162309	-0.125961	0.24121	0.338046	-0.228472	0.527973	0.124731	-0.621355
700000.0003	-0.305275	-0.527695	0.278164	0.388803	0.579236	0.131701	-0.0276172	0.37213	-0.218121	-0.343215	-0.542568	-0.0607904	0.138409	-0.000472401	-0.60831
700000.0003	-0.819081	-0.448625	-0.784151	0.462121	0.429071	0.214904	-0.597945	-0.530051	-0.721068	0.289748	-0.135382	-0.806369	-0.469809	-1.21486	0.27829
700000.0003	-0.347431	-0.394457	0.131882	-0.997391	-0.757739	-0.430676	0.455621	0.227148	-0.0589065	-0.835238	-0.536359	-0.493445	-1.29887	0.505868	0.0958188
700000.0003	0.244711	0.308793	0.330672	-0.469861	-0.578982	-0.283609	-0.291633	-0.0842787	-1.28283	-0.68261	0.418918	-0.756756	-0.264635	-0.462994	-0.676396
700000.0003	0.456484	-0.809426	0.214696	0.800918	-0.440187	0.327225	-0.537459	-0.833713	-0.300736	0.234503	0.309644	-1.95369	-0.356982	-1.07135	0.256532
700000.0003	2911.39	2910.94	2911.65	2911.63	2912.52	2914.16	2911.44	2910.21	2909.64	2912.4	2909.09	2911.47	2910.74	2910.68	2907.45
700000.0003	1604.54	1606.57	1605.42	1606.86	1605.41	1606.79	1606.03	1605.57	1605.46	1605.28	1607.33	1607.58	1602.24	1602.14	1605.04
700000.0003	174.117	173.826	173.737	175.588	173.999	174.5	173.064	173.099	174.302	175.209	174.538	174.225	173.804	174.007	175.066
700000.0003	28.5641	28.2361	28.327	27.9924	28.7977	28.7298	28.3699	28.1133	28.0151	27.9674	27.9816	28.2714	27.8232	28.2126	28.2925
700000.0003	18.5793	18.0039	17.8742	18.5349	18.3193	18.5864	18.4739	18.1308	17.7508	18.4539	18.2507	17.8618	18.4446	18.3696	17.8811
700000.0003	16.1355	16.1395	16.1293	15.8883	16.3772	16.235	16.2721	16.2222	16.1891	15.7935	15.9941	16.1246	15.9951	16.0134	16.0312
700000.0003	15.0998	15.5798	15.1395	14.6858	15.1651	15.2326	15.3226	14.7019	15.2096	14.9743	15.0392	15.0706	15.2473	15.1652	14.7838
700000.0003	14.6878	14.3794	14.434	14.7297	14.1793	14.3425	14.4113	14.2776	14.1882	14.2407	14.5086	14.1736	14.6376	14.3184	14.5342
700000.0003	13.4774	13.6464	14.019	13.5634	13.7056	14.0306	13.8241	13.8615	13.9257	14.0452	13.6561	13.7209	14.0283	14.0862	13.7734
700000.0003	13.501	13.6227	13.7346	13.5319	13.5854	13.4065	13.413	13.5241	13.5514	13.4803	13.2129	13.3817	13.891	13.8809	13.43
700000.0003	13.4488	13.5324	13.3507	12.9906	13.3325	13.2224	13.5441	13.7855	13.4338	13.1806	13.2966	13.2395	13.2686	13.1474	13.5555
700000.0003	13.2955	13.272	13.3904	12.8979	13.3036	13.2859	13.4444	13.0422	13.2704	13.4944	13.3427	13.3344	13.2074	13.6434	13.2682
700000.0003	12.9343	13.3862	13.1766	13.12	12.8641	13.1447	13.3406	13.0721	13.33	12.8025	13.436	13.3649	13.4711	13.2155	13.3894
700000.0003	13.1109	13.0832	13.4032	13.3142	13.2941	13.1791	13.2798	13.0971	13.1713	12.9638	13.125	13.0822	13.2589	12.9167	13.0215
700000.0003	13.3483	13.5513	13.6812	13.3021	13.156	13.7479	13.3902	13.354	13.4565	13.4414	13.4345	13.0174	12.9786	13.3946	13.3982
700000.0003	14.0082	13.7347	14.1017	13.9948	13.9876	13.801	13.7645	13.8166	14.1581	13.9858	13.749	13.8905	13.9767	13.7611	13.5102
700000.0003	15.1001	15.1698	15.1879	14.9936	15.0786	14.8521	15.2553	14.9573	14.7997	14.9388	15.2704	15.0575	14.8001	15.1429	15.0564
700000.0003	16.6948	16.7192	17.0776	16.9752	16.9966	16.969	16.6789	16.968	16.8842	17.0203	16.804	16.7404	16.6644	17.1557	16.6423
700000.0003	19.6275	19.8115	19.6343	19.9649	19.5375	19.4147	19.693	19.3456	19.778	20.1603	19.7699	19.5273	19.4548	19.5373	19.6043
700000.0003	23.8505	23.8641	23.846	23.8639	23.8972	23.2978	23.4032	23.6725	23.8313	23.7556	23.6951	23.9759	23.9707	23.8088	23.9597
700000.0003	30.9518	30.763	30.5019	30.6025	30.1522	30.2023	29.7688	30.0278	30.2571	30.2997	30.3879	30.2437	30.5914	30.5269	30.2542
700000.0003	42.0448	41.4446	41.6443	41.0779	41.2058	41.555	41.708	41.6714	41.4132	41.3739	41.8249	41.2823	41.5616	41.7999	41.8242
700000.0003	67.1544	66.7824	67.3655	65.7887	66.3193	66.6431	66.6787	66.251	66.7296	66.499	66.4846	66.3906	67.2038	66.2698	66.2387
700000.0003	153.154	153.642	152.757	153.052	153.758	152.933	152.921	153.072	152.117	153.097	152.736	153.466	151.618	152.494	153.193
700000.0003	520.58	521.17	520.963	521.845	520.074	520.786	521.876	521.323	518.976	520.262	521.041	520.343	520.49	521.623	521.62
700000.0003	1365.18	1364.02	1363.82	1363.64	1366.84	1366.55	1366.28	1365.08	1362.64	1362.26	1364.91	1364.15	1366.47	1364.33	1364.55
700000.0003	2154.52	2153.37	2153.25	2154.17	2156.06	2157.41	2157.41	2157.46	2156.95	2157.57	2153.2	2155.51	2155.36	2156.29	2155.93
700000.0003	2587.44	2586.12	2587.17	2584.48	2587.67	2588.15	2587.64	2587.48	2587.16	2586.73	2588.5	2586.42	2587.44	2588.59	2586.8
700000.0003	2778.06	2776.77	2778.5	2781.89	2777.69	2779.06	2780.07	2780.12	2779.23	2777.59	2775.92	2779.72	2779.46	2777.71	2779.57
700000.0003	2868.04	2866.02	2864.2	2863.8	2866.19	2866.86	2865.99	2867.24	2865.14	2863.32	2866.79	2865.92	2867.28	2863.83	2865.09
700000.0003	2903.97	2907.54	2907.53	2905.05	2906.75	2905.65	2904.87	2904.01	2905.43	2907	2905.85	2905.65	2906.6	2905.91	2904.88
700000.0003	2930.81	2932.29	2931.54	2929.86	2929.44	2929.95	2931.82	2931.24	2931.45	2933.14	2931.52	2930.56	2932.29	2930.6	2932.39
700000.0003	2953.46	2951.8	2953.11	2954.35	2952.78	2953.83	2951.67	2951.32	2951.93	2952.75	2952.72	2953.02	2951.85	2953.01	2951.75
700000.0003	2974.07	2969.98	2972.13	2975.44	2972.09	2971.45	2972.66	2973.26	2971.9	2971.07	2970.33	2973.04	2970.06	2972.55	2972.68
700000.0003	2989.15	2992.05	2988.92	2991.88	2989.06	2988.99	2988.62	2988.83	2987.89	2989.73	2989.96	2992.62	2987.09	2990.73	2989.81
700000.0003	3005.79	3007.71	3006.75	3004.52	3005.65	3007.17	3006.06	3007.01	3008.41	3006.89	3007.18	3007.37	3008.07	3007.13	3005.16
700000.0003	3024.77	3021.87	3024.32	3022.24	3026.22	3023.53	3024.16	3024.04	3023.38	3023.85	3024.78	3022.04	3026.2	3024.15	3026.27
700000.0003	3043.4	3043.06	3044.49	3043.67	3042.55	3043.37	3044.08	3042.91	3042.99	3042.5	3045.39	3041	3044.34	3041.9	3045.28
700000.0003	3068.99	3070.17	3071.34	3068.36	3069.22	3068.59	3066.8	3070.15	3067.34	3070.83	3067.85	3069.2	3068.66	3070.38	3070.67
700000.0003	3084.48	3085.56	3081.17	3085.43	3084.97	3082.76	3084.96	3083.12	3087.86	3079.87	3083.57	3084.03	3083.36	3083.62	3080.98
