700000.0003	28.4381
700000.0003	98.9359
700000.0003	204.689
700000.0003	343.197
700000.0003	532.953
700000.0003	773.967
700000.0003	1077.07
700000.0003	1420.39
700000.0003	1836.23
700000.0003	2280.59
700000.0003	2774.54
700000.0003	3292.01
700000.0003	3886.73
700000.0003	4456.36
700000.0003	5026.75
700000.0003	5504.98
700000.0003	5984.42
700000.0003	6378.18
700000.0003	6686.89
700000.0003	6849.09
700000.0003	7036.29
700000.0003	7085.59
700000.0003	7082.01
700000.0003	7073.45
700000.0003	6918.67
700000.0003	6805.88
700000.0003	6603.88
700000.0003	6323.33
700000.0003	6081.71
700000.0003	5711.01
700000.0003	5367.23
700000.0003	4933.16
700000.0003	4530.57
700000.0003	4045.5
700000.0003	3528.06
700000.0003	2968.91
700000.0003	2371.46
700000.0003	1737.23
700000.0003	1070.39
700000.0003	366.768
700000.0003	0
700000.0003	0
700000.0003	0
700000.0003	0
700000.0003	0
700000.0003	0
700000.0003	0
700000.0003	0
700000.0003	0
700000.0003	0
700000.0003	0
700000.0003	0
700000.0003	0
700000.0003	0
700000.0003	0
700000.0003	0
700000.0003	0
700000.0003	0
700000.0003	0
700000.0003	0
700000.0003	0
700000.0003	0
700000.0003	0
700000.0003	0
700000.0003	0
700000.0003	0
700000.0003	0
700000.0003	0
700000.0003	0
700000.0003	0
700000.0003	0
700000.0003	0
700000.0003	0
700000.0003	0
700000.0003	0
700000.0003	0
700000.0003	0
700000.0003	0
700000.0003	0
700000.0003	0
700000.0003	0
700000.0003	0
700000.0003	0
700000.0003	0
700000.0003	0
700000.0003	0
700000.0003	0
700000.0003	0
700000.0003	0
700000.0003	0
700000.0003	0
700000.0003	0
700000.0003	0
700000.0003	0
700000.0003	0
700000.0003	0
700000.0003	0
700000.0003	0
700000.0003	0
700000.0003	0
700000.0003	0
700000.0003	0
700000.0003	0
700000.0003	0
700000.0003	0
700000.0003	0
700000.0003	0
700000.0003	0
700000.0003	0
700000.0003	0
700000.0003	0
700000.0003	0
700000.0003	0
700000.0003	0
700000.0003	0
700000.0003	0
700000.0003	0
700000.0003	0
700000.0003	0
700000.0003	0
700000.0003	0
700000.0003	0
700000.0003	0
700000.0003	0
700000.0003	0
700000.0003	0
700000.0003	0
700000.0003	0
700000.0003	0
700000.0003	0
700000.0003	0
700000.0003	0
700000.0003	0
700000.0003	0
700000.0003	0
700000.0003	0
700000.0003	0
700000.0003	0
700000.0003	0
700000.0003	0
700000.0003	-23.5194
700000.0003	-70.6192
700000.0003	-117.044
700000.0003	-161.174
700000.0003	-206.848
700000.0003	-253.285
700000.0003	-295.246
700000.0003	-339.437
700000.0003	-383.172
700000.0003	-428.515
700000.0003	-465.434
700000.0003	-506.994
700000.0003	-551.08
700000.0003	-589.176
700000.0003	-624.965
700000.0003	-668.049
700000.0003	-704.272
700000.0003	-739.68
700000.0003	-785.078
700000.0003	-814.082
700000.0003	-848.673
700000.0003	-882.717
700000.0003	-922.276
700000.0003	-945.824
700000.0003	-990.95
700000.0003	-1017.52
700000.0003	-1059.65
700000.0003	-1084.83
700000.0003	-1120.95
700000.0003	-1152.57
700000.0003	-1182.76
700000.0003	-1200.96
700000.0003	-1238.88
700000.0003	-1259.63
700000.0003	-1298.64
700000.0003	-1326.19
700000.0003	-1345.45
700000.0003	-1372.55
700000.0003	-1391.9
700000.0003	-1417.48
700000.0003	-1445.22
700000.0003	-1473.78
700000.0003	-1487.77
700000.0003	-1514.11
700000.0003	-1535.44
700000.0003	-1567.04
700000.0003	-1585.9
700000.0003	-1597.13
700000.0003	-1611.93
700000.0003	-1635.51
700000.0003	-1647.48
700000.0003	-1665.75
700000.0003	-1687.58
700000.0003	-1718.39
700000.0003	-1726.56
700000.0003	-1732.16
700000.0003	-1764.36
700000.0003	-1765.86
700000.0003	-1783.34
700000.0003	-1798.36
700000.0003	-1805.66
700000.0003	-1823.05
700000.0003	-1827.66
700000.0003	-1844.19
700000.0003	-1841.83
700000.0003	-1865.11
700000.0003	-1866.63
700000.0003	-1874.87
700000.0003	-1881.07
700000.0003	-1893.38
700000.0003	-1901.13
700000.0003	-1905.61
700000.0003	-1907.96
700000.0003	-1907.41
700000.0003	-1924.97
700000.0003	-1921.19
700000.0003	-1920.56
700000.0003	-1934.06
700000.0003	-1933.66
700000.0003	-1923.71
700000.0003	-1924.98
700000.0003	-1929.03
700000.0003	-1925.76
700000.0003	-1924.01
700000.0003	-1922.9
700000.0003	-1925.52
700000.0003	-1915.94
700000.0003	-1910.69
700000.0003	-1901.58
700000.0003	-1901.48
700000.0003	-1887.47
700000.0003	-1881.29
700000.0003	-1876.92
700000.0003	-1861.73
700000.0003	-1849.13
700000.0003	-1834.34
700000.0003	-1814.01
700000.0003	-1809.88
700000.0003	-1788.69
700000.0003	-1766.3
700000.0003	-1745.54
700000.0003	-1719.89
700000.0003	-1682.73
700000.0003	-1652.96
700000.0003	-1622.61
700000.0003	-1585.66
700000.0003	-1546.15
700000.0003	-1500.39
700000.0003	-1450.67
700000.0003	-1395.73
700000.0003	-1344.75
700000.0003	-1285.38
700000.0003	-1226.94
700000.0003	-1159.28
700000.0003	-1105.29
700000.0003	-1039.14
700000.0003	-973.936
700000.0003	-910.518
700000.0003	-847.275
700000.0003	-786.879
700000.0003	-728.117
700000.0003	-672.524
700000.0003	-614.95
700000.0003	-566.093
700000.0003	-514.174
700000.0003	-464.449
700000.0003	-419.356
700000.0003	-374.756
700000.0003	-337.871
700000.0003	-300.125
700000.0003	-263.369
700000.0003	-233.429
700000.0003	-204.237
700000.0003	-178.82
700000.0003	-155.55
700000.0003	-134.374
700000.0003	-115.382
700000.0003	-99.9687
700000.0003	-84.988
700000.0003	-72.5828
700000.0003	-61.5433
700000.0003	-52.0499
700000.0003	-44.2327
700000.0003	-37.541
700000.0003	-31.7959
700000.0003	-26.6115
700000.0003	-22.6474
700000.0003	-18.6237
700000.0003	-15.9149
700000.0003	-13.0005
700000.0003	-10.9297
700000.0003	-9.04023
700000.0003	-7.32832
700000.0003	-5.96781
700000.0003	-4.90445
700000.0003	-3.72167
700000.0003	-2.82964
700000.0003	-1.92929
700000.0003	-1.13306
700000.0003	-0.365613
700000.0003	0
700000.0003	0
700000.0003	0
700000.0003	0
700000.0003	0
700000.0003	0
700000.0003	0
700000.0003	0
700000.0003	0
700000.0003	0
700000.0003	0
700000.0003	0
700000.0003	0
700000.0003	0
700000.0003	0
700000.0003	0
700000.0003	0
700000.0003	0
700000.0003	0
700000.0003	0
700000.0003	0
700000.0003	0
700000.0003	0
700000.0003	0
700000.0003	0
700000.0003	0
700000.0003	0
700000.0003	0
700000.0003	0
700000.0003	0
700000.0003	0
700000.0003	0
700000.0003	0
700000.0003	0
700000.0003	0
700000.0003	0
700000.0003	0
700000.0003	0
700000.0003	0
700000.0003	0
700000.0003	0
700000.0003	0
700000.0003	0
700000.0003	0
700000.0003	0
700000.0003	0
700000.0003	0
700000.0003	0
700000.0003	0
700000.0003	0
700000.0003	0
700000.0003	0
700000.0003	0
700000.0003	0
700000.0003	0
700000.0003	0
700000.0003	0
700000.0003	0
700000.0003	0
700000.0003	0
700000.0003	0
700000.0003	0
700000.0003	0
700000.0003	0
700000.0003	0
700000.0003	0
700000.0003	0
700000.0003	0
700000.0003	0
700000.0003	0
700000.0003	0
700000.0003	0
700000.0003	0
700000.0003	0
700000.0003	0
700000.0003	0
700000.0003	0
700000.0003	0
700000.0003	0
700000.0003	0
700000.0003	0
700000.0003	0
700000.0003	0
700000.0003	0
700000.0003	0
700000.0003	0
700000.0003	0
700000.0003	0
700000.0003	0
700000.0003	0
700000.0003	0
700000.0003	0
700000.0003	0
700000.0003	0
700000.0003	0
700000.0003	0
700000.0003	0
700000.0003	0
700000.0003	0
700000.0003	0
700000.0003	-0.0796261
700000.0003	0.27871
700000.0003	-0.735698
700000.0003	3.05773
700000.0003	4.80213
700000.0003	-0.141655
700000.0003	1.17304
700000.0003	0.59485
700000.0003	3.8483
700000.0003	-2.96677
700000.0003	-6.29509
700000.0003	-8.17224
700000.0003	-7.14326
700000.0003	-8.96323
700000.0003	10.4139
700000.0003	3.41066
700000.0003	14.9054
700000.0003	4.46775
700000.0003	-20.3314
700000.0003	-17.9544
700000.0003	-15.6925
700000.0003	-11.6393
700000.0003	38.5967
700000.0003	22.0188
700000.0003	30.1839
700000.0003	13.4754
700000.0003	-4.63963
700000.0003	11.8678
700000.0003	-22.5431
700000.0003	-0.414561
700000.0003	-20.4632
700000.0003	2.2779
700000.0003	-2.15645
700000.0003	-6.27282
700000.0003	-31.1921
700000.0003	6.41406
700000.0003	3.21843
700000.0003	2.63007
700000.0003	-6.97277
700000.0003	-0.0646349
700000.0003	0
700000.0003	0
700000.0003	0
700000.0003	0
700000.0003	0
700000.0003	0
700000.0003	0
700000.0003	0
700000.0003	0
700000.0003	0
700000.0003	0
700000.0003	0
700000.0003	0
700000.0003	0
700000.0003	0
700000.0003	0
700000.0003	0
700000.0003	0
700000.0003	0
700000.0003	0
700000.0003	0
700000.0003	0
700000.0003	0
700000.0003	0
700000.0003	0
700000.0003	0
700000.0003	0
700000.0003	0
700000.0003	0
700000.0003	0
700000.0003	0
700000.0003	0
700000.0003	0
700000.0003	0
700000.0003	0
700000.0003	0
700000.0003	0
700000.0003	0
700000.0003	0
700000.0003	0
700000.0003	0
700000.0003	0
700000.0003	0
700000.0003	0
700000.0003	0
700000.0003	0
700000.0003	0
700000.0003	0
700000.0003	0
700000.0003	0
700000.0003	0
700000.0003	0
700000.0003	0
700000.0003	0
700000.0003	0
700000.0003	0
700000.0003	0
700000.0003	0
700000.0003	0
700000.0003	0
700000.0003	0
700000.0003	0
700000.0003	0
700000.0003	0
700000.0003	0
700000.0003	0
700000.0003	0
700000.0003	0
700000.0003	0
700000.0003	0
700000.0003	0
700000.0003	0
700000.0003	0
700000.0003	0
700000.0003	0
700000.0003	0
700000.0003	0
700000.0003	0
700000.0003	0
700000.0003	0
700000.0003	0
700000.0003	0
700000.0003	0
700000.0003	0
700000.0003	0
700000.0003	0
700000.0003	0
700000.0003	0
700000.0003	0
700000.0003	0
700000.0003	0
700000.0003	0
700000.0003	0
700000.0003	0
700000.0003	0
700000.0003	0
700000.0003	0
700000.0003	0
700000.0003	0
700000.0003	0
700000.0003	-0.0699464
700000.0003	0.237516
700000.0003	0.174694
700000.0003	-0.474238
700000.0003	-0.226045
700000.0003	0.101746
700000.0003	0.502628
700000.0003	0.400361
700000.0003	-1.04737
700000.0003	0.636677
700000.0003	2.1425
700000.0003	-0.875394
700000.0003	-1.02778
700000.0003	-2.75696
700000.0003	0.783181
700000.0003	1.64151
700000.0003	-0.420154
700000.0003	0.262345
700000.0003	1.90706
700000.0003	-0.723134
700000.0003	-1.92703
700000.0003	-0.895153
700000.0003	-0.487879
700000.0003	-3.36202
700000.0003	1.27383
700000.0003	-3.74228
700000.0003	7.16183
700000.0003	-2.14481
700000.0003	-3.69544
700000.0003	-0.338207
700000.0003	1.68916
700000.0003	1.08601
700000.0003	-0.718877
700000.0003	-0.264285
700000.0003	0.576817
700000.0003	-4.22603
700000.0003	-6.0238
700000.0003	-3.39609
700000.0003	-0.721389
700000.0003	2.29391
700000.0003	0.596923
700000.0003	-0.473992
700000.0003	-2.31645
700000.0003	3.95198
700000.0003	2.7662
700000.0003	-3.76989
700000.0003	-1.517
700000.0003	2.0931
700000.0003	-0.15207
700000.0003	-0.659068
700000.0003	-0.480966
700000.0003	4.60052
700000.0003	1.87734
700000.0003	2.55966
700000.0003	3.84285
700000.0003	-1.87672
700000.0003	-3.37555
700000.0003	3.71448
700000.0003	1.70282
700000.0003	-8.26015
700000.0003	-0.75968
700000.0003	2.67172
700000.0003	-2.26785
700000.0003	-0.169716
700000.0003	-8.01108
700000.0003	-0.14325
700000.0003	2.55314
700000.0003	3.66442
700000.0003	-4.53602
700000.0003	-2.54407
700000.0003	-1.08106
700000.0003	2.11553
700000.0003	-3.63354
700000.0003	-3.02884
700000.0003	-4.16587
700000.0003	1.38906
700000.0003	0.184809
700000.0003	1.36792
700000.0003	1.28989
700000.0003	4.38469
700000.0003	0.140487
700000.0003	-3.3197
700000.0003	-1.7501
700000.0003	0.567528
700000.0003	2.45779
700000.0003	2.15215
700000.0003	-6.06948
700000.0003	-6.22213
700000.0003	-2.07005
700000.0003	-3.20923
700000.0003	-3.34634
700000.0003	-1.38256
700000.0003	-0.952791
700000.0003	-5.04978
700000.0003	-4.58716
700000.0003	-2.72606
700000.0003	4.29481
700000.0003	-0.386468
700000.0003	3.36534
700000.0003	-4.61755
700000.0003	0.0633792
700000.0003	-0.955188
700000.0003	0.157518
700000.0003	2.8517
700000.0003	-1.94366
700000.0003	-0.0264388
700000.0003	5.59805
700000.0003	-2.41794
700000.0003	-0.926872
700000.0003	-1.7341
700000.0003	0.100941
700000.0003	0.739539
700000.0003	2.30543
700000.0003	-1.16673
700000.0003	0.391151
700000.0003	-0.151869
700000.0003	-0.731077
700000.0003	-0.333815
700000.0003	-0.779305
700000.0003	-0.108771
700000.0003	-1.34802
700000.0003	-2.10576
700000.0003	0.542012
700000.0003	-0.450156
700000.0003	0.119388
700000.0003	-1.71184
700000.0003	-0.63118
700000.0003	-0.482785
700000.0003	0.473514
700000.0003	-0.32829
700000.0003	-0.672877
700000.0003	-0.0394682
700000.0003	-0.525404
700000.0003	0.294552
700000.0003	0.772827
700000.0003	-0.564591
700000.0003	-0.596647
700000.0003	-0.231707
700000.0003	-0.0462903
700000.0003	-0.0936675
700000.0003	-0.155344
700000.0003	-0.127765
700000.0003	-0.336952
700000.0003	-0.339554
700000.0003	-0.252433
700000.0003	0.193292
700000.0003	0.10676
700000.0003	-0.0177973
700000.0003	0.146383
700000.0003	0.0564061
700000.0003	0.167263
700000.0003	0.221636
700000.0003	0.0841131
700000.0003	-0.0906288
700000.0003	0.0272728
700000.0003	-0.0619062
700000.0003	-0.00735257
700000.0003	-0.0122283
700000.0003	0.00575817
700000.0003	0.00220028
700000.0003	0
700000.0003	0
700000.0003	0
700000.0003	0
700000.0003	0
700000.0003	0
700000.0003	0
700000.0003	0
700000.0003	0
700000.0003	0
700000.0003	0
700000.0003	0
700000.0003	0
700000.0003	0
700000.0003	0
700000.0003	0
700000.0003	0
700000.0003	0
700000.0003	0
700000.0003	0
700000.0003	0
700000.0003	0
700000.0003	0
700000.0003	0
700000.0003	0
700000.0003	0
700000.0003	0
700000.0003	0
700000.0003	0
700000.0003	0
700000.0003	0
700000.0003	0
700000.0003	0
700000.0003	0
700000.0003	0
700000.0003	0
700000.0003	0
700000.0003	0
700000.0003	0
700000.0003	0
700000.0003	0
700000.0003	0
700000.0003	0
700000.0003	0
700000.0003	0
700000.0003	0
700000.0003	0
700000.0003	0
700000.0003	0
700000.0003	0
700000.0003	0
700000.0003	0
700000.0003	0
700000.0003	0
700000.0003	0
700000.0003	0
700000.0003	0
700000.0003	0
700000.0003	0
700000.0003	0
700000.0003	0
700000.0003	0
700000.0003	0
700000.0003	0
700000.0003	0
700000.0003	0
700000.0003	0
700000.0003	0
700000.0003	0
700000.0003	0
700000.0003	0
700000.0003	0
700000.0003	0
700000.0003	0
700000.0003	0
700000.0003	0
700000.0003	0
700000.0003	0
700000.0003	0
700000.0003	0
700000.0003	0
700000.0003	0
700000.0003	0
700000.0003	0
700000.0003	0
700000.0003	0
700000.0003	0
700000.0003	0
700000.0003	0
700000.0003	0
700000.0003	0
700000.0003	0
700000.0003	0
700000.0003	0
700000.0003	0
700000.0003	0
700000.0003	0
700000.0003	0
700000.0003	0
700000.0003	0
