700000.0003	0.0257056
700000.0003	0.0362606
700000.0003	0.0530696
700000.0003	0.0809899
700000.0003	0.124676
700000.0003	0.188443
700000.0003	0.278863
700000.0003	0.395512
700000.0003	0.551072
700000.0003	0.747542
700000.0003	0.98772
700000.0003	1.27494
700000.0003	1.60156
700000.0003	1.99676
700000.0003	2.41496
700000.0003	2.87145
700000.0003	3.33377
700000.0003	3.81134
700000.0003	4.28573
700000.0003	4.73851
700000.0003	5.17464
700000.0003	5.62556
700000.0003	6.04595
700000.0003	6.47229
700000.0003	6.83109
700000.0003	7.18391
700000.0003	7.57983
700000.0003	7.92458
700000.0003	8.24057
700000.0003	8.49987
700000.0003	8.85739
700000.0003	9.0807
700000.0003	9.29051
700000.0003	9.58486
700000.0003	9.74856
700000.0003	9.85773
700000.0003	10.0979
700000.0003	10.1695
700000.0003	10.1947
700000.0003	10.2434
700000.0003	10.3283
700000.0003	10.2492
700000.0003	10.2767
700000.0003	10.2529
700000.0003	10.2002
700000.0003	10.2891
700000.0003	10.2807
700000.0003	10.2253
700000.0003	10.2774
700000.0003	10.3354
700000.0003	10.3127
700000.0003	10.3357
700000.0003	10.2761
700000.0003	10.3107
700000.0003	10.2811
700000.0003	10.2747
700000.0003	10.3142
700000.0003	10.2809
700000.0003	10.3046
700000.0003	10.2571
700000.0003	10.2739
700000.0003	10.2573
700000.0003	10.3564
700000.0003	10.3396
700000.0003	10.3079
700000.0003	10.3901
700000.0003	10.3099
700000.0003	10.332
700000.0003	10.3
700000.0003	10.3133
700000.0003	10.2912
700000.0003	10.3133
700000.0003	10.3591
700000.0003	10.3099
700000.0003	10.4313
700000.0003	10.3719
700000.0003	10.3822
700000.0003	10.302
700000.0003	10.3498
700000.0003	10.3584
700000.0003	10.3952
700000.0003	10.3423
700000.0003	10.4006
700000.0003	10.3075
700000.0003	10.3966
700000.0003	10.3958
700000.0003	10.3195
700000.0003	10.3416
700000.0003	10.3612
700000.0003	10.3777
700000.0003	10.2865
700000.0003	10.4249
700000.0003	10.4405
700000.0003	10.3573
700000.0003	10.4387
700000.0003	10.3878
700000.0003	10.4211
700000.0003	10.4004
700000.0003	10.4062
700000.0003	10.407
700000.0003	10.3745
700000.0003	10.3911
700000.0003	10.3719
700000.0003	10.4535
700000.0003	10.4299
700000.0003	10.4042
700000.0003	10.4732
700000.0003	10.4248
700000.0003	10.417
700000.0003	10.3895
700000.0003	10.4657
700000.0003	10.427
700000.0003	10.3996
700000.0003	10.3842
700000.0003	10.4332
700000.0003	10.4444
700000.0003	10.3761
700000.0003	10.4011
700000.0003	10.3865
700000.0003	10.4961
700000.0003	10.426
700000.0003	10.3582
700000.0003	10.4401
700000.0003	10.5618
700000.0003	10.4383
700000.0003	10.4675
700000.0003	10.5089
700000.0003	10.5331
700000.0003	10.4116
700000.0003	10.4151
700000.0003	10.4607
700000.0003	10.3986
700000.0003	10.4364
700000.0003	10.4731
700000.0003	10.4243
700000.0003	10.4545
700000.0003	10.465
700000.0003	10.5171
700000.0003	10.5685
700000.0003	10.4812
700000.0003	10.4717
700000.0003	10.5372
700000.0003	10.4779
700000.0003	10.4959
700000.0003	10.4402
700000.0003	10.4988
700000.0003	10.4913
700000.0003	10.4296
700000.0003	10.3952
700000.0003	10.3204
700000.0003	10.3239
700000.0003	10.3443
700000.0003	10.3535
700000.0003	10.2926
700000.0003	10.2633
700000.0003	10.2505
700000.0003	10.192
700000.0003	10.1347
700000.0003	10.1411
700000.0003	10.1193
700000.0003	9.99146
700000.0003	10.0454
700000.0003	9.95916
700000.0003	9.95353
700000.0003	9.88569
700000.0003	9.84861
700000.0003	9.76306
700000.0003	9.79295
700000.0003	9.67689
700000.0003	9.56772
700000.0003	9.62723
700000.0003	9.49
700000.0003	9.47522
700000.0003	9.38396
700000.0003	9.33632
700000.0003	9.24538
700000.0003	9.17676
700000.0003	9.09968
700000.0003	9.06006
700000.0003	9.01477
700000.0003	8.9133
700000.0003	8.8525
700000.0003	8.69473
700000.0003	8.69495
700000.0003	8.64247
700000.0003	8.54995
700000.0003	8.48517
700000.0003	8.41815
700000.0003	8.3464
700000.0003	8.24025
700000.0003	8.11759
700000.0003	8.06661
700000.0003	7.99684
700000.0003	7.87664
700000.0003	7.83175
700000.0003	7.7844
700000.0003	7.5868
700000.0003	7.55433
700000.0003	7.47894
700000.0003	7.37124
700000.0003	7.31074
700000.0003	7.2131
700000.0003	7.16535
700000.0003	7.0088
700000.0003	6.92164
700000.0003	6.82968
700000.0003	6.77939
700000.0003	6.68887
700000.0003	6.56117
700000.0003	6.47647
700000.0003	6.40731
700000.0003	6.31428
700000.0003	6.2227
700000.0003	6.11068
700000.0003	6.00003
700000.0003	5.92753
700000.0003	5.81907
700000.0003	5.72189
700000.0003	5.63247
700000.0003	5.53785
700000.0003	5.45519
700000.0003	5.33868
700000.0003	5.26676
700000.0003	5.16893
700000.0003	5.05565
700000.0003	4.96061
700000.0003	4.87688
700000.0003	4.76812
700000.0003	4.66562
700000.0003	4.58067
700000.0003	4.4768
700000.0003	4.36659
700000.0003	4.2815
700000.0003	4.17891
700000.0003	4.06109
700000.0003	3.97226
700000.0003	3.86495
700000.0003	3.77411
700000.0003	3.66232
700000.0003	3.55637
700000.0003	3.44901
700000.0003	3.3298
700000.0003	3.22418
700000.0003	3.09117
700000.0003	2.97906
700000.0003	2.85128
700000.0003	2.72743
700000.0003	2.58776
700000.0003	2.46654
700000.0003	2.33007
700000.0003	2.21081
700000.0003	2.06197
700000.0003	1.93839
700000.0003	1.79094
700000.0003	1.66193
700000.0003	1.54409
700000.0003	1.41907
700000.0003	1.29712
700000.0003	1.18622
700000.0003	1.08402
700000.0003	0.979203
700000.0003	0.88243
700000.0003	0.794564
700000.0003	0.709229
700000.0003	0.63488
700000.0003	0.566674
700000.0003	0.49719
700000.0003	0.440033
700000.0003	0.383771
700000.0003	0.335352
700000.0003	0.292127
700000.0003	0.253031
700000.0003	0.217303
700000.0003	0.186105
700000.0003	0.158706
700000.0003	0.13551
700000.0003	0.113586
700000.0003	0.0962228
700000.0003	0.0811107
700000.0003	0.06868
700000.0003	0.0584367
700000.0003	0.0485197
700000.0003	0.0410732
700000.0003	0.0345159
700000.0003	0.0292436
700000.0003	0.0249711
700000.0003	0.0211709
700000.0003	0.0179297
700000.0003	0.0155596
700000.0003	0.0133767
700000.0003	0.0115813
700000.0003	0.0102865
700000.0003	0.009041
700000.0003	0.00802508
700000.0003	0.00739408
700000.0003	0.00676658
700000.0003	0.00627039
700000.0003	0.00579027
700000.0003	0.00559642
700000.0003	0.00526489
700000.0003	0.00521242
700000.0003	0.00513225
700000.0003	0.00504111
700000.0003	0.00496967
700000.0003	0.00495004
700000.0003	0.00486667
700000.0003	0.00482009
700000.0003	0.00469324
700000.0003	0.00470602
700000.0003	0.00466144
700000.0003	0.00462761
700000.0003	0.00452459
700000.0003	0.00449063
700000.0003	0.00447827
700000.0003	0.00434315
700000.0003	0.00443
700000.0003	0.00436814
700000.0003	0.00430707
700000.0003	0.00431285
700000.0003	0.00426342
700000.0003	0.00427607
700000.0003	0.00429319
700000.0003	0.00421764
700000.0003	0.00422023
700000.0003	0.00421769
700000.0003	0.00422265
700000.0003	0.00416018
700000.0003	0.00421779
700000.0003	0.00419404
700000.0003	0.00415255
700000.0003	0.00415216
700000.0003	0.00418009
700000.0003	0.00418602
700000.0003	0.00407186
700000.0003	0.00409445
700000.0003	0.00416877
700000.0003	0.00412289
700000.0003	0.00415424
700000.0003	0.00419179
700000.0003	0.00414817
700000.0003	0.00410274
700000.0003	0.0041532
700000.0003	0.00410432
700000.0003	0.00416722
700000.0003	0.00418926
700000.0003	0.0041499
700000.0003	0.0041743
700000.0003	0.00413036
700000.0003	0.00414273
700000.0003	0.00416402
700000.0003	0.00414578
700000.0003	0.00419351
700000.0003	0.00417551
700000.0003	0.00427178
700000.0003	0.00424236
700000.0003	0.00425322
700000.0003	0.00429125
700000.0003	0.00427789
700000.0003	0.00438593
700000.0003	0.00427097
700000.0003	0.00437319
700000.0003	0.00433504
700000.0003	0.00441154
700000.0003	0.00443205
700000.0003	0.00446932
700000.0003	0.00449016
700000.0003	0.00454244
700000.0003	0.0046061
700000.0003	0.00459702
700000.0003	0.00473586
700000.0003	0.00469868
700000.0003	0.00468718
700000.0003	0.00481407
700000.0003	0.00481737
700000.0003	0.00495174
700000.0003	0.00498621
700000.0003	0.00509535
700000.0003	0.00521406
700000.0003	0.00521784
700000.0003	0.00536582
700000.0003	0.00549819
700000.0003	0.00575338
700000.0003	0.0058626
700000.0003	0.00590673
700000.0003	0.00615858
700000.0003	0.00647361
700000.0003	0.00673727
700000.0003	0.00700079
700000.0003	0.00728144
700000.0003	0.00756632
700000.0003	0.00786726
700000.0003	0.00826694
700000.0003	0.00889484
700000.0003	0.00978602
700000.0003	0.0107737
700000.0003	0.0120503
700000.0003	0.0134064
700000.0003	0.0155091
700000.0003	0.017868
700000.0003	0.0210574
700000.0003	7.15277e-06
700000.0003	8.86001e-05
700000.0003	0.000338663
700000.0003	-0.00041151
700000.0003	-7.82354e-05
700000.0003	-0.00119007
700000.0003	0.00121175
700000.0003	-0.00128071
700000.0003	0.00721964
700000.0003	0.000631881
700000.0003	0.00316009
700000.0003	-0.00182278
700000.0003	0.00277651
700000.0003	-0.00262668
700000.0003	-0.020149
700000.0003	-0.00372877
700000.0003	-0.00676455
700000.0003	-0.00572255
700000.0003	-0.0138976
700000.0003	-0.00791404
700000.0003	-0.000646123
700000.0003	-0.0287221
700000.0003	-0.0149496
700000.0003	-0.000412659
700000.0003	0.0518738
700000.0003	0.0173981
700000.0003	0.0202953
700000.0003	0.0466143
700000.0003	0.0273928
700000.0003	0.012783
700000.0003	0.0625323
700000.0003	0.00768681
700000.0003	0.00770111
700000.0003	0.0213278
700000.0003	-0.00870582
700000.0003	-0.004406
700000.0003	-0.00530811
700000.0003	-0.0326533
700000.0003	0.00823673
700000.0003	0.0195368
700000.0003	0.0439388
700000.0003	-0.00934825
700000.0003	-0.00331508
700000.0003	0.000325942
700000.0003	0.00395442
700000.0003	0.00679311
700000.0003	-0.00369376
700000.0003	0.048019
700000.0003	-0.00971614
700000.0003	-0.00324801
700000.0003	0.00886945
700000.0003	-0.0360938
700000.0003	0.0162363
700000.0003	-0.032111
700000.0003	-0.0054015
700000.0003	0.00204909
700000.0003	-0.00260938
700000.0003	0.0626227
700000.0003	-0.0333914
700000.0003	0.0132388
700000.0003	0.0280441
700000.0003	-0.0301151
700000.0003	0.0290779
700000.0003	0.021056
700000.0003	-0.017077
700000.0003	-0.043521
700000.0003	-0.0493593
700000.0003	0.0090881
700000.0003	0.0475648
700000.0003	-0.00408384
700000.0003	0.00919761
700000.0003	-0.00961631
700000.0003	-0.0349551
700000.0003	-0.0184792
700000.0003	0.00701782
700000.0003	0.00976078
700000.0003	0.0514536
700000.0003	-0.00754575
700000.0003	0.0159653
700000.0003	0.00544617
700000.0003	-0.0268371
700000.0003	-0.0427609
700000.0003	-0.0118757
700000.0003	-0.0107543
700000.0003	-0.00100446
700000.0003	0.0290823
700000.0003	-0.0130081
700000.0003	-0.00794204
700000.0003	-0.0288804
700000.0003	0.0356326
700000.0003	-0.0221164
700000.0003	-0.00138658
700000.0003	0.00821352
700000.0003	-0.00744918
700000.0003	0.0309971
700000.0003	-0.012134
700000.0003	-0.0410053
700000.0003	0.0131458
700000.0003	0.059908
700000.0003	0.0221579
700000.0003	-0.0251824
700000.0003	-0.0331838
700000.0003	-0.0235895
700000.0003	0.0758421
700000.0003	0.0124488
700000.0003	-0.015362
700000.0003	-0.0117819
700000.0003	-0.0138362
700000.0003	0.0148496
700000.0003	0.0485291
700000.0003	0.0441798
700000.0003	0.0350569
700000.0003	-0.00245154
700000.0003	-0.0187546
700000.0003	-0.0172923
700000.0003	-0.0281903
700000.0003	-0.0290377
700000.0003	0.0103563
700000.0003	-0.0220752
700000.0003	0.0101502
700000.0003	0.00830887
700000.0003	-0.024868
700000.0003	0.010845
700000.0003	0.0281952
700000.0003	0.0202815
700000.0003	-0.0191014
700000.0003	-0.00729586
700000.0003	-0.00433021
700000.0003	-0.0442786
700000.0003	0.0145779
700000.0003	-0.0122744
700000.0003	-0.0182143
700000.0003	-0.00638927
700000.0003	-0.0457563
700000.0003	0.0011808
700000.0003	-0.0334708
700000.0003	-0.0230281
700000.0003	0.024655
700000.0003	0.00098298
700000.0003	-0.0102898
700000.0003	0.00198242
700000.0003	-0.023101
700000.0003	-0.0114647
700000.0003	-0.00406896
700000.0003	-0.0264122
700000.0003	-0.0192906
700000.0003	0.0159557
700000.0003	-0.0446376
700000.0003	-0.0139369
700000.0003	-0.0141693
700000.0003	-0.0264357
700000.0003	-0.0334094
700000.0003	-0.00180118
700000.0003	-0.0090059
700000.0003	0.022254
700000.0003	0.0181515
700000.0003	-0.00283876
700000.0003	-0.00748773
700000.0003	-0.00215676
700000.0003	-0.00662889
700000.0003	0.00964626
700000.0003	0.0122983
700000.0003	0.02075
700000.0003	5.76984e-05
700000.0003	0.00972626
700000.0003	0.000101399
700000.0003	-0.0361169
700000.0003	-0.0176037
700000.0003	0.00444022
700000.0003	-0.0238806
700000.0003	-0.0159259
700000.0003	-0.0287548
700000.0003	0.0230877
700000.0003	0.0037964
700000.0003	0.0172039
700000.0003	0.0187644
700000.0003	0.0304765
700000.0003	-0.00876198
700000.0003	0.0221783
700000.0003	0.0134637
700000.0003	0.032338
700000.0003	0.00864338
700000.0003	-0.00311826
700000.0003	0.00653153
700000.0003	0.0219831
700000.0003	0.0341863
700000.0003	-0.0163082
700000.0003	-0.0191391
700000.0003	0.0278022
700000.0003	0.0120389
700000.0003	-0.0289742
700000.0003	-0.00297849
700000.0003	0.0126376
700000.0003	-0.0331599
700000.0003	0.0216949
700000.0003	-0.0228807
700000.0003	-0.0102848
700000.0003	-0.00457533
700000.0003	0.0269894
700000.0003	-0.0110769
700000.0003	-0.0245009
700000.0003	-0.00319124
700000.0003	0.038459
700000.0003	0.0114773
700000.0003	-0.00843835
700000.0003	-0.0012443
700000.0003	-0.000447613
700000.0003	0.0103258
700000.0003	-0.00963662
700000.0003	0.00178076
700000.0003	0.00761471
700000.0003	0.0182786
700000.0003	-0.0011613
700000.0003	-0.00783319
700000.0003	-0.00549368
700000.0003	0.000575572
700000.0003	-0.0127372
700000.0003	0.0132402
700000.0003	0.00282313
700000.0003	0.00814932
700000.0003	-0.00754185
700000.0003	0.00614636
700000.0003	0.00676205
700000.0003	0.0110686
700000.0003	0.00855129
700000.0003	0.0127241
700000.0003	0.00238548
700000.0003	0.00219721
700000.0003	-0.00205209
700000.0003	0.00471249
700000.0003	0.00519883
700000.0003	-0.0044902
700000.0003	-0.00432705
700000.0003	-0.00989472
700000.0003	-0.00219103
700000.0003	-0.000888762
700000.0003	0.00978332
700000.0003	0.00266519
700000.0003	-0.00133322
700000.0003	-0.00337276
700000.0003	-0.000145026
700000.0003	-0.000582724
700000.0003	-0.00227226
700000.0003	-0.0100415
700000.0003	0.00732586
700000.0003	0.00194661
700000.0003	-0.00309734
700000.0003	-0.00359397
700000.0003	0.0076111
700000.0003	-0.0035315
700000.0003	-0.00335963
700000.0003	0.00024322
700000.0003	-0.00139996
700000.0003	0.00520452
700000.0003	0.000846451
700000.0003	0.00270853
700000.0003	-0.00641717
700000.0003	-0.00290834
700000.0003	0.00550527
700000.0003	0.000310672
700000.0003	-0.00484043
700000.0003	-0.00214624
700000.0003	-0.000665074
700000.0003	0.000598145
700000.0003	0.000164899
700000.0003	-0.000109776
700000.0003	0.000321111
700000.0003	-0.000502747
700000.0003	-0.000107526
700000.0003	0.000476272
700000.0003	0.000695648
700000.0003	-0.00091379
700000.0003	0.000925562
700000.0003	-0.00144011
700000.0003	0.00020873
700000.0003	0.000494474
700000.0003	-0.000390331
700000.0003	0.000499863
700000.0003	-0.000331592
700000.0003	-0.000457105
700000.0003	-0.000164883
700000.0003	-0.000452815
700000.0003	-0.000320966
700000.0003	-9.08637e-06
700000.0003	9.42623e-05
700000.0003	-2.16147e-05
700000.0003	6.64168e-05
700000.0003	-7.1265e-05
700000.0003	-6.51529e-05
700000.0003	-1.99549e-05
700000.0003	-0.00012798
700000.0003	0.000133284
700000.0003	9.9947e-05
700000.0003	1.79619e-05
700000.0003	3.43496e-06
700000.0003	2.72838e-05
700000.0003	-4.87919e-05
700000.0003	-4.97701e-05
700000.0003	-1.21153e-05
700000.0003	6.77332e-05
700000.0003	-9.8761e-05
700000.0003	7.83231e-06
700000.0003	-1.70245e-05
700000.0003	5.07653e-05
700000.0003	3.88788e-05
700000.0003	-7.94768e-06
700000.0003	9.73085e-06
700000.0003	3.43203e-06
700000.0003	-4.32439e-05
700000.0003	1.787e-05
700000.0003	3.12806e-05
700000.0003	-5.54475e-05
700000.0003	-2.80463e-05
700000.0003	-3.62982e-05
700000.0003	1.11388e-05
700000.0003	1.39956e-05
700000.0003	4.32785e-05
700000.0003	-2.18377e-05
700000.0003	5.15685e-05
700000.0003	-1.2478e-05
700000.0003	1.41637e-05
700000.0003	-1.62505e-06
700000.0003	3.4157e-05
700000.0003	-3.35066e-05
700000.0003	1.78106e-05
700000.0003	1.11221e-05
700000.0003	-8.21852e-06
700000.0003	1.54032e-05
700000.0003	-3.35015e-06
700000.0003	-1.03884e-05
700000.0003	8.24198e-06
700000.0003	-2.72935e-05
700000.0003	8.07956e-07
700000.0003	-3.09633e-06
700000.0003	-1.30284e-05
700000.0003	-1.10066e-05
700000.0003	-7.58332e-07
700000.0003	5.50212e-06
700000.0003	1.15946e-05
700000.0003	2.13455e-05
700000.0003	4.0609e-05
700000.0003	5.5989e-05
700000.0003	3.64417e-05
700000.0003	-2.19766e-05
700000.0003	-5.1526e-05
700000.0003	-3.23197e-05
700000.0003	-4.3285e-05
700000.0003	2.1577e-05
700000.0003	1.60684e-05
700000.0003	-3.22524e-05
700000.0003	-1.62063e-05
700000.0003	1.88631e-05
700000.0003	-3.46249e-05
700000.0003	2.37663e-05
700000.0003	4.0315e-05
700000.0003	6.04489e-06
700000.0003	1.37273e-05
700000.0003	1.05064e-05
700000.0003	4.75804e-05
700000.0003	3.73684e-06
700000.0003	-1.66115e-05
700000.0003	-4.70431e-05
700000.0003	-5.7968e-06
700000.0003	-1.47575e-05
700000.0003	1.26645e-05
700000.0003	5.29945e-05
700000.0003	-6.82768e-05
700000.0003	6.32264e-05
700000.0003	-2.25996e-05
700000.0003	-1.60379e-05
700000.0003	-7.55176e-05
700000.0003	5.20004e-06
700000.0003	-4.89263e-05
700000.0003	-9.17492e-06
700000.0003	5.50763e-06
700000.0003	-7.58403e-06
700000.0003	-0.000104146
700000.0003	5.90139e-05
700000.0003	3.21395e-05
700000.0003	8.66209e-06
700000.0003	-1.31874e-05
700000.0003	9.26574e-05
700000.0003	4.52639e-05
700000.0003	1.73133e-06
700000.0003	-1.80509e-05
700000.0003	-5.39714e-05
700000.0003	3.28486e-06
700000.0003	5.2587e-05
700000.0003	8.09063e-05
700000.0003	4.31914e-05
700000.0003	4.0567e-06
700000.0003	-4.52911e-05
700000.0003	0.000114193
700000.0003	-8.54032e-05
700000.0003	-1.53766e-05
700000.0003	1.10811e-05
700000.0003	-8.82789e-06
700000.0003	-0.00012487
700000.0003	-0.000304334
700000.0003	1.65827e-05
700000.0003	-9.14888e-05
700000.0003	-5.23538e-06
700000.0003	0.000471268
700000.0003	-4.61193e-05
700000.0003	-0.000249178
700000.0003	8.88266e-05
700000.0003	-0.000108191
700000.0003	0.00139398
700000.0003	-0.000221524
700000.0003	0.000156706
700000.0003	0.00491575
700000.0003	0.00439832
700000.0003	-0.00329272
700000.0003	0.0106254
700000.0003	-0.00653245
700000.0003	0.000806768
700000.0003	-0.00542467
700000.0003	0.00343485
700000.0003	-0.005114
700000.0003	-0.00260631
700000.0003	0.0105005
700000.0003	-0.015821
700000.0003	-0.0114073
700000.0003	0.00151042
700000.0003	0.0495082
700000.0003	0.0187695
700000.0003	0.0168469
700000.0003	0.0398957
700000.0003	0.000688942
700000.0003	0.0226484
700000.0003	0.0432353
700000.0003	0.0274357
700000.0003	0.0122246
700000.0003	0.0110978
700000.0003	0.00392274
700000.0003	0.00378727
700000.0003	-0.0093041
700000.0003	-0.0381951
700000.0003	-0.00983323
700000.0003	0.00232045
700000.0003	0.0478599
700000.0003	-0.013463
700000.0003	0.00808013
700000.0003	-0.00621027
700000.0003	0.00822934
700000.0003	0.0174576
700000.0003	-0.00199556
700000.0003	0.0448309
700000.0003	-0.0108054
700000.0003	0.00603333
700000.0003	-0.00299899
700000.0003	-0.0257172
700000.0003	0.00819092
700000.0003	-0.0345328
700000.0003	-0.00825742
700000.0003	0.00134928
700000.0003	-0.00890016
700000.0003	0.0536134
700000.0003	-0.0242128
700000.0003	0.0044461
700000.0003	0.0122279
700000.0003	-0.0226734
700000.0003	0.00913201
700000.0003	0.00984516
700000.0003	-0.0202973
700000.0003	-0.0538713
700000.0003	-0.030411
700000.0003	0.0103447
700000.0003	0.0434512
700000.0003	-0.00159779
700000.0003	0.02461
700000.0003	-0.00169884
700000.0003	-0.0395408
700000.0003	-0.0116032
700000.0003	0.0114053
700000.0003	-0.00324665
700000.0003	0.0513632
700000.0003	0.00328599
700000.0003	0.0140731
700000.0003	0.0025999
700000.0003	-0.0268365
700000.0003	-0.0466953
700000.0003	-0.0178989
700000.0003	-0.0127242
700000.0003	0.011797
700000.0003	0.0164792
700000.0003	-0.00384889
700000.0003	-0.0119083
700000.0003	-0.0217816
700000.0003	0.0397494
700000.0003	-0.015436
700000.0003	0.00481437
700000.0003	0.0120098
700000.0003	-0.0125275
700000.0003	0.0353964
700000.0003	-0.0102494
700000.0003	-0.0199706
700000.0003	0.0155938
700000.0003	0.0652971
700000.0003	0.00528442
700000.0003	-0.010829
700000.0003	-0.0399825
700000.0003	-0.022247
700000.0003	0.0662478
700000.0003	-0.000988855
700000.0003	-0.021072
700000.0003	-0.0178414
700000.0003	-0.00187239
700000.0003	0.0290942
700000.0003	0.0446921
700000.0003	0.0317152
700000.0003	0.0283046
700000.0003	-0.00259555
700000.0003	-0.0139185
700000.0003	-0.00640706
700000.0003	-0.0224928
700000.0003	-0.0324896
700000.0003	-0.00299782
700000.0003	-0.0296567
700000.0003	0.0255528
700000.0003	0.00827532
700000.0003	-0.0157761
700000.0003	0.0106515
700000.0003	0.025821
700000.0003	0.00370735
700000.0003	-0.00693226
700000.0003	-0.00190743
700000.0003	0.0028341
700000.0003	-0.0529204
700000.0003	0.0210547
700000.0003	-0.0254574
700000.0003	-0.0269073
700000.0003	-0.00833351
700000.0003	-0.051514
700000.0003	0.00574103
700000.0003	-0.0132485
700000.0003	-0.0312146
700000.0003	0.0173295
700000.0003	0.00661524
700000.0003	-0.00551804
700000.0003	-0.00164217
700000.0003	-0.0271935
700000.0003	-0.0155422
700000.0003	-0.00395749
700000.0003	-0.0256967
700000.0003	-0.0163651
700000.0003	0.0214575
700000.0003	-0.035962
700000.0003	-0.00902734
700000.0003	-0.000909182
700000.0003	-0.0258057
700000.0003	-0.0196426
700000.0003	-0.00747577
700000.0003	-0.000439936
700000.0003	0.0108859
700000.0003	0.0219779
700000.0003	-0.0181058
700000.0003	-0.00682784
700000.0003	-0.0300672
700000.0003	-0.0176827
700000.0003	0.00501096
700000.0003	0.0120127
700000.0003	0.0146708
700000.0003	-0.00633675
700000.0003	-0.00613245
700000.0003	0.0025393
700000.0003	-0.0320963
700000.0003	-0.0261575
700000.0003	0.00933905
700000.0003	-0.0232511
700000.0003	-0.0307336
700000.0003	-0.0207861
700000.0003	0.0143608
700000.0003	-0.00748332
700000.0003	0.0116264
700000.0003	0.0168296
700000.0003	0.0184872
700000.0003	-0.00513833
700000.0003	0.0202663
700000.0003	0.00838702
700000.0003	0.0199886
700000.0003	0.00727869
700000.0003	-0.010853
700000.0003	0.00472495
700000.0003	0.0302126
700000.0003	0.0264034
700000.0003	-0.0163371
700000.0003	-0.0206515
700000.0003	0.0134121
700000.0003	0.0114785
700000.0003	-0.0328089
700000.0003	-0.0130049
700000.0003	0.000902615
700000.0003	-0.0368329
700000.0003	0.0253248
700000.0003	-0.025268
700000.0003	0.00410528
700000.0003	-0.00647036
700000.0003	0.0204556
700000.0003	-0.007996
700000.0003	-0.0119618
700000.0003	-0.0128898
700000.0003	0.0386094
700000.0003	0.0135963
700000.0003	-0.00525583
700000.0003	0.00630067
700000.0003	-0.0119635
700000.0003	0.0191011
700000.0003	-0.00222684
700000.0003	-0.00330181
700000.0003	0.0224608
700000.0003	0.0149975
700000.0003	0.00233364
700000.0003	-0.0118565
700000.0003	-0.0135637
700000.0003	-0.000407846
700000.0003	-0.00285418
700000.0003	0.0092372
700000.0003	-0.0100807
700000.0003	-0.00448976
700000.0003	-0.010479
700000.0003	0.00476486
700000.0003	0.0027493
700000.0003	0.000348191
700000.0003	0.00902478
700000.0003	0.0011961
700000.0003	0.00242553
700000.0003	0.00126747
700000.0003	0.00139205
700000.0003	0.00712024
700000.0003	0.00383492
700000.0003	-0.00277645
700000.0003	-0.00153633
700000.0003	-0.000474151
700000.0003	-0.010435
700000.0003	0.00146766
700000.0003	0.00832285
700000.0003	0.00327007
700000.0003	-0.00575824
700000.0003	0.00242865
700000.0003	-0.00334856
700000.0003	-0.000791407
700000.0003	-0.00751213
700000.0003	-0.00576443
700000.0003	0.00150567
700000.0003	0.00169491
700000.0003	-0.000763675
700000.0003	-0.00121221
700000.0003	0.000156769
700000.0003	-0.00646979
700000.0003	0.00447394
700000.0003	-0.00188896
700000.0003	-0.00335056
700000.0003	0.00468521
700000.0003	0.0033161
700000.0003	-0.000311415
700000.0003	-0.000893048
700000.0003	0.00278738
700000.0003	0.00361038
700000.0003	0.00043926
700000.0003	-0.00188652
700000.0003	-0.000584988
700000.0003	0.00257847
700000.0003	0.000358679
700000.0003	-0.000733908
700000.0003	-0.00170806
700000.0003	-0.00247909
700000.0003	-0.000471475
700000.0003	-0.000224367
700000.0003	-0.000368582
700000.0003	0.00213705
700000.0003	0.000380643
700000.0003	-0.00114605
700000.0003	0.000883544
700000.0003	-0.000223854
700000.0003	-0.000134963
700000.0003	0.000274562
700000.0003	0.000197117
700000.0003	-0.000426395
700000.0003	0.000152369
700000.0003	6.66444e-05
700000.0003	0.00030996
700000.0003	-3.27764e-05
700000.0003	-2.59103e-05
700000.0003	3.7453e-05
700000.0003	0.000171104
700000.0003	0.000119597
700000.0003	-6.15044e-06
700000.0003	-3.15658e-05
700000.0003	3.42362e-05
700000.0003	-7.2488e-05
700000.0003	-4.28839e-05
700000.0003	-7.74708e-05
700000.0003	-0.000162023
700000.0003	-3.14109e-05
700000.0003	-8.79477e-05
700000.0003	-9.79912e-05
700000.0003	9.99685e-05
700000.0003	-5.9308e-05
700000.0003	6.766e-05
700000.0003	-1.22382e-05
700000.0003	2.12962e-05
700000.0003	-5.48283e-05
700000.0003	6.45318e-05
700000.0003	-3.55835e-05
700000.0003	8.16525e-05
700000.0003	1.33803e-05
700000.0003	2.9433e-05
700000.0003	6.00535e-05
700000.0003	4.92371e-05
700000.0003	5.09391e-05
700000.0003	-1.80993e-05
700000.0003	-1.53767e-05
700000.0003	-3.2232e-06
700000.0003	-8.84286e-05
700000.0003	-2.44869e-05
700000.0003	-5.3112e-05
700000.0003	-1.31551e-05
700000.0003	1.13233e-05
700000.0003	-1.92686e-06
700000.0003	-4.7997e-05
700000.0003	-2.69167e-05
700000.0003	-1.95974e-05
700000.0003	1.31206e-07
700000.0003	5.94487e-05
700000.0003	-2.99492e-05
700000.0003	8.76345e-05
700000.0003	-3.97204e-05
700000.0003	-2.9183e-05
700000.0003	-8.30703e-05
700000.0003	-3.80944e-05
700000.0003	4.12004e-05
700000.0003	5.63159e-05
700000.0003	3.93437e-05
700000.0003	6.74061e-05
700000.0003	7.13578e-05
700000.0003	3.08548e-05
700000.0003	3.62102e-05
700000.0003	1.25452e-05
700000.0003	-2.83396e-05
700000.0003	1.27968e-05
700000.0003	-3.81313e-05
700000.0003	1.23267e-05
700000.0003	-7.46349e-05
700000.0003	-1.26328e-05
700000.0003	-3.02699e-05
700000.0003	8.15911e-05
700000.0003	2.7959e-05
700000.0003	3.15202e-05
700000.0003	8.75665e-05
700000.0003	4.61858e-05
700000.0003	-4.87556e-05
700000.0003	9.29048e-05
700000.0003	2.0427e-05
700000.0003	-3.56186e-05
700000.0003	3.70024e-05
700000.0003	1.07945e-05
700000.0003	4.57425e-06
700000.0003	-9.64556e-05
700000.0003	6.46351e-06
700000.0003	3.62017e-05
700000.0003	1.91012e-05
700000.0003	3.03189e-07
700000.0003	5.85413e-05
700000.0003	3.29252e-05
700000.0003	-7.53467e-05
700000.0003	1.78276e-05
700000.0003	-2.95534e-05
700000.0003	3.32389e-05
700000.0003	4.63005e-05
700000.0003	-0.000116917
700000.0003	7.33033e-05
700000.0003	-5.47105e-05
700000.0003	1.66796e-05
700000.0003	-6.50386e-06
700000.0003	1.03092e-05
700000.0003	2.84778e-05
700000.0003	5.77714e-05
700000.0003	-6.78688e-05
700000.0003	8.4732e-05
700000.0003	4.16767e-05
700000.0003	3.00298e-05
700000.0003	6.10541e-05
700000.0003	1.61036e-05
700000.0003	1.14327e-05
700000.0003	4.7519e-05
700000.0003	-4.47629e-05
700000.0003	7.41586e-05
700000.0003	3.4705e-05
700000.0003	-2.03685e-05
700000.0003	0.000135206
700000.0003	-5.88902e-05
700000.0003	-5.11342e-05
700000.0003	4.23358e-05
700000.0003	4.60771e-05
700000.0003	-7.9574e-05
700000.0003	-6.95366e-05
700000.0003	-3.54933e-05
700000.0003	-2.32762e-06
700000.0003	-0.000289731
700000.0003	0.0181681
700000.0003	0.0244705
700000.0003	0.0371797
700000.0003	0.0608344
700000.0003	0.100631
700000.0003	0.166619
700000.0003	0.26632
700000.0003	0.409209
700000.0003	0.607772
700000.0003	0.875142
700000.0003	1.24942
700000.0003	1.76654
700000.0003	2.43947
700000.0003	3.35046
700000.0003	4.46767
700000.0003	5.84182
700000.0003	7.42325
700000.0003	9.29173
700000.0003	11.2518
700000.0003	13.3394
700000.0003	15.2844
700000.0003	16.8976
700000.0003	18.1838
700000.0003	19.0975
700000.0003	19.5087
700000.0003	19.6699
700000.0003	19.6634
700000.0003	19.4829
700000.0003	19.3286
700000.0003	19.1174
700000.0003	18.8714
700000.0003	18.5126
700000.0003	18.2789
700000.0003	17.9748
700000.0003	17.7494
700000.0003	17.4547
700000.0003	17.2461
700000.0003	16.9411
700000.0003	16.5667
700000.0003	16.3544
700000.0003	16.0353
700000.0003	15.7394
700000.0003	15.3394
700000.0003	15.0988
700000.0003	14.823
700000.0003	14.6959
700000.0003	14.4966
700000.0003	14.1467
700000.0003	14.0687
700000.0003	13.9207
700000.0003	13.6987
700000.0003	13.6196
700000.0003	13.3543
700000.0003	13.3267
700000.0003	13.1483
700000.0003	13.0745
700000.0003	12.9937
700000.0003	12.8455
700000.0003	12.8036
700000.0003	12.5988
700000.0003	12.5556
700000.0003	12.4394
700000.0003	12.3411
700000.0003	12.2911
700000.0003	12.229
700000.0003	12.2345
700000.0003	12.061
700000.0003	12.1293
700000.0003	12.044
700000.0003	11.9199
700000.0003	11.803
700000.0003	11.8247
700000.0003	11.6952
700000.0003	11.6608
700000.0003	11.6589
700000.0003	11.6832
700000.0003	11.5682
700000.0003	11.5061
700000.0003	11.4463
700000.0003	11.4311
700000.0003	11.3674
700000.0003	11.3445
700000.0003	11.3675
700000.0003	11.3597
700000.0003	11.2843
700000.0003	11.3075
700000.0003	11.2248
700000.0003	11.204
700000.0003	11.1676
700000.0003	11.147
700000.0003	11.0318
700000.0003	10.9607
700000.0003	11.0608
700000.0003	11.0217
700000.0003	11.0126
700000.0003	10.9526
700000.0003	11.0724
700000.0003	10.9916
700000.0003	10.9327
700000.0003	10.9057
700000.0003	10.9479
700000.0003	10.8542
700000.0003	10.8584
700000.0003	10.8601
700000.0003	10.9274
700000.0003	10.8052
700000.0003	10.8601
700000.0003	10.8592
700000.0003	10.8527
700000.0003	10.8217
700000.0003	10.8651
700000.0003	10.7803
700000.0003	10.7189
700000.0003	10.7147
700000.0003	10.7531
700000.0003	10.7289
700000.0003	10.6506
700000.0003	10.756
700000.0003	10.625
700000.0003	10.722
700000.0003	10.6834
700000.0003	10.651
700000.0003	10.6769
700000.0003	10.6224
700000.0003	10.654
700000.0003	10.6547
700000.0003	10.6833
700000.0003	10.6356
700000.0003	10.5664
700000.0003	10.5833
700000.0003	10.6574
700000.0003	10.6664
700000.0003	10.6898
700000.0003	10.6587
700000.0003	10.6052
700000.0003	10.6972
700000.0003	10.6267
700000.0003	10.719
700000.0003	10.6879
700000.0003	10.5808
700000.0003	10.6424
700000.0003	10.6877
700000.0003	10.6475
700000.0003	10.6476
700000.0003	10.5585
700000.0003	10.6758
700000.0003	10.6221
700000.0003	10.493
700000.0003	10.5822
700000.0003	10.5394
700000.0003	10.5229
700000.0003	10.4675
700000.0003	10.4402
700000.0003	10.3996
700000.0003	10.4499
700000.0003	10.3123
700000.0003	10.3136
700000.0003	10.3144
700000.0003	10.307
700000.0003	10.2627
700000.0003	10.2023
700000.0003	10.2351
700000.0003	10.1252
700000.0003	10.0808
700000.0003	10.0365
700000.0003	9.97363
700000.0003	9.93774
700000.0003	9.89141
700000.0003	9.86326
700000.0003	9.75532
700000.0003	9.74119
700000.0003	9.74455
700000.0003	9.63816
700000.0003	9.47349
700000.0003	9.48904
700000.0003	9.43639
700000.0003	9.37297
700000.0003	9.32463
700000.0003	9.26165
700000.0003	9.19733
700000.0003	9.05287
700000.0003	8.99655
700000.0003	8.95635
700000.0003	8.91227
700000.0003	8.79655
700000.0003	8.75019
700000.0003	8.71176
700000.0003	8.59989
700000.0003	8.55884
700000.0003	8.46597
700000.0003	8.36568
700000.0003	8.28347
700000.0003	8.24601
700000.0003	8.14067
700000.0003	8.0977
700000.0003	8.04144
700000.0003	7.94741
700000.0003	7.84097
700000.0003	7.77625
700000.0003	7.67095
700000.0003	7.66128
700000.0003	7.55552
700000.0003	7.46431
700000.0003	7.36449
700000.0003	7.3109
700000.0003	7.19424
700000.0003	7.15634
700000.0003	7.07043
700000.0003	6.96577
700000.0003	6.92542
700000.0003	6.83374
700000.0003	6.77612
700000.0003	6.65963
700000.0003	6.58515
700000.0003	6.54561
700000.0003	6.44406
700000.0003	6.40954
700000.0003	6.31421
700000.0003	6.26508
700000.0003	6.15909
700000.0003	6.13448
700000.0003	6.06755
700000.0003	5.99998
700000.0003	5.98809
700000.0003	5.92317
700000.0003	5.87462
700000.0003	5.82488
700000.0003	5.76194
700000.0003	5.75829
700000.0003	5.72168
700000.0003	5.67088
700000.0003	5.65205
700000.0003	5.65234
700000.0003	5.57483
700000.0003	5.52812
700000.0003	5.49244
700000.0003	5.44034
700000.0003	5.38164
700000.0003	5.30836
700000.0003	5.24372
700000.0003	5.11882
700000.0003	4.98349
700000.0003	4.84746
700000.0003	4.66821
700000.0003	4.47631
700000.0003	4.26376
700000.0003	4.03835
700000.0003	3.78669
700000.0003	3.54892
700000.0003	3.2901
700000.0003	3.03648
700000.0003	2.79062
700000.0003	2.55714
700000.0003	2.33536
700000.0003	2.12526
700000.0003	1.93047
700000.0003	1.74558
700000.0003	1.57858
700000.0003	1.42192
700000.0003	1.28205
700000.0003	1.15377
700000.0003	1.03054
700000.0003	0.922846
700000.0003	0.824647
700000.0003	0.732771
700000.0003	0.651744
700000.0003	0.575231
700000.0003	0.507909
700000.0003	0.44626
700000.0003	0.391114
700000.0003	0.340119
700000.0003	0.293779
700000.0003	0.254478
700000.0003	0.219478
700000.0003	0.189428
700000.0003	0.160482
700000.0003	0.136425
700000.0003	0.116421
700000.0003	0.0975589
700000.0003	0.0819159
700000.0003	0.0691186
700000.0003	0.0578927
700000.0003	0.0485592
700000.0003	0.0401895
700000.0003	0.0339754
700000.0003	0.0286171
700000.0003	0.0237107
700000.0003	0.0200768
700000.0003	0.0170095
700000.0003	0.014643
700000.0003	0.0124914
700000.0003	0.0108822
700000.0003	0.00944343
700000.0003	0.00840803
700000.0003	0.00743489
700000.0003	0.00677834
700000.0003	0.00616332
700000.0003	0.0058329
700000.0003	0.00549722
700000.0003	0.00526605
700000.0003	0.00510593
700000.0003	0.00502019
700000.0003	0.0049134
700000.0003	0.00481095
700000.0003	0.00481174
700000.0003	0.00466326
700000.0003	0.00458698
700000.0003	0.00456892
700000.0003	0.00453958
700000.0003	0.00445694
700000.0003	0.00442985
700000.0003	0.00441437
700000.0003	0.00437437
700000.0003	0.00430722
700000.0003	0.00435663
700000.0003	0.00432109
700000.0003	0.00424053
700000.0003	0.00427122
700000.0003	0.00427476
700000.0003	0.00419044
700000.0003	0.00419355
700000.0003	0.00416817
700000.0003	0.0041982
700000.0003	0.00416888
700000.0003	0.00419474
700000.0003	0.00412794
700000.0003	0.00411193
700000.0003	0.00412373
700000.0003	0.00413009
700000.0003	0.00416913
700000.0003	0.00414322
700000.0003	0.00411184
700000.0003	0.0041204
700000.0003	0.00413808
700000.0003	0.0041357
700000.0003	0.00411251
700000.0003	0.00409984
700000.0003	0.00411924
700000.0003	0.00409251
700000.0003	0.0040933
700000.0003	0.00411256
700000.0003	0.00411749
700000.0003	0.00409109
700000.0003	0.00411222
700000.0003	0.00415422
700000.0003	0.00413589
700000.0003	0.00415396
700000.0003	0.00415716
700000.0003	0.00416337
700000.0003	0.00413583
700000.0003	0.00412089
700000.0003	0.00417381
700000.0003	0.0041688
700000.0003	0.00419369
700000.0003	0.00422451
700000.0003	0.00424086
700000.0003	0.00425292
700000.0003	0.00427117
700000.0003	0.00422711
700000.0003	0.00426626
700000.0003	0.00432565
700000.0003	0.00427666
700000.0003	0.00430422
700000.0003	0.00431982
700000.0003	0.00437142
700000.0003	0.00441493
700000.0003	0.00443135
700000.0003	0.00445271
700000.0003	0.00455024
700000.0003	0.0045692
700000.0003	0.00458788
700000.0003	0.0046259
700000.0003	0.00467384
700000.0003	0.00478471
700000.0003	0.00485181
700000.0003	0.0049382
700000.0003	0.00491982
700000.0003	0.00508425
700000.0003	0.00516401
700000.0003	0.00532462
700000.0003	0.00543359
700000.0003	0.00553097
700000.0003	0.00561387
700000.0003	0.00586325
700000.0003	0.00608573
700000.0003	0.00628585
700000.0003	0.00666553
700000.0003	0.0069601
700000.0003	0.00738574
700000.0003	0.0076918
700000.0003	0.00803943
700000.0003	0.008692
700000.0003	0.00916624
700000.0003	0.00998623
700000.0003	0.0109088
700000.0003	0.0116751
700000.0003	0.012779
700000.0003	0.0139741
700000.0003	0.0151823
700000.0003	0.0163576
