700000.0003	2959.26	2953.09	2956.47	2955.53	2962.11	2959.81	2961.84	2960.39	2958.99	2960.11	2958.36	2957.89	2957.62	2956.22	2958.87
700000.0003	1534.79	1531.4	1530.18	1531.12	1532.89	1534.81	1536.35	1536.39	1533.78	1534.55	1533.09	1530.94	1531.04	1531.41	1533.16
700000.0003	193.541	194.131	193.575	193.538	193.832	194.5	193.795	193.826	193.955	193.056	193.547	192.769	192.358	193.627	194.156
700000.0003	31.8942	33.1668	32.1545	32.1323	32.8036	32.4489	32.324	32.252	32.7094	32.0528	32.081	32.1287	32.2162	32.0992	32.7652
700000.0003	19.5233	19.1927	19.1452	19.6697	19.5523	18.9192	19.1379	19.7892	19.4413	19.0222	19.3357	19.0599	19.5259	19.182	19.9281
700000.0003	16.9222	16.1548	16.5786	16.4973	16.8832	16.8512	16.4225	16.7655	17.0821	16.3237	16.6591	16.4165	16.7291	16.4842	16.7593
700000.0003	15.1803	15.6049	15.3165	15.3267	15.5968	15.1586	15.0212	15.1764	15.812	15.4997	15.4281	15.7863	15.1568	15.279	15.4688
700000.0003	14.6576	14.6262	14.8042	14.2792	14.4234	14.1793	14.2851	14.4459	14.8644	14.6525	14.593	14.5912	14.5674	14.6479	14.6972
700000.0003	13.7429	13.7425	13.676	13.9403	13.7755	13.8438	14.0128	14.0437	14.0075	13.8825	13.7101	14.0149	13.8747	14.1916	14.0776
700000.0003	13.5334	13.6072	13.6007	13.9389	13.5342	13.5488	13.6535	13.4803	13.6114	13.6361	13.5544	13.7161	13.9636	13.8217	13.7411
700000.0003	13.333	13.3093	13.6956	13.6195	13.7393	13.8011	13.7757	13.5373	13.4536	13.7094	13.4899	13.611	13.5297	13.4318	13.5165
700000.0003	12.9905	13.1827	13.5585	13.8029	13.4824	13.3135	13.1522	13.07	13.5377	13.5616	13.2938	13.4132	13.2052	13.5244	13.2396
700000.0003	13.5819	13.1491	13.2099	13.4503	13.2224	13.5223	13.3491	13.2664	13.4819	13.2318	13.1343	13.3883	13.2415	13.1086	13.4011
700000.0003	13.114	13.2979	13.0884	13.3218	13.1169	13.4908	13.3122	13.2424	13.1317	13.5824	13.4561	13.1759	13.2595	13.0266	13.3116
700000.0003	13.2694	13.3367	13.1504	13.1979	13.663	13.4894	13.4056	13.4701	13.4753	13.3935	13.2074	13.5709	13.6657	13.4922	13.7878
700000.0003	14.2639	13.884	13.917	13.8261	13.8016	14.3732	14.1166	13.725	13.6397	14.0854	13.8932	13.8372	13.8123	14.0081	14.4152
700000.0003	15.4987	15.0146	15.0304	14.996	14.996	15.1031	15.2802	14.9692	14.7168	15.1263	15.5168	14.9882	15.2832	15.2217	15.6334
700000.0003	17.2952	17.1006	17.0657	16.7032	16.9479	17.0222	16.7173	17.1106	16.7379	17.013	16.9217	17.139	17.2454	17.4669	16.7492
700000.0003	19.7734	19.5742	19.6141	19.5088	19.9258	19.7514	19.686	19.6807	19.7947	19.5842	19.7306	20.318	19.9673	19.6866	19.7936
700000.0003	23.9293	24.2405	24.3292	23.8389	24.2459	24.1864	23.9824	24.0638	23.7518	23.7267	23.9233	23.9897	23.8288	23.902	23.4329
700000.0003	30.9496	30.8103	30.6509	30.5399	30.5734	30.9371	30.2784	30.5758	30.4405	30.4081	30.5215	30.1118	31.1977	30.8578	30.8307
700000.0003	42.618	41.9073	42.3043	41.4307	41.9627	42.3583	42.046	41.6347	42.3827	41.8955	41.9242	42.0619	42.2861	42.0228	42.3852
700000.0003	67.8186	67.687	68.56	67.4368	67.557	67.1483	67.0355	67.5732	67.4519	67.0331	67.6505	67.4456	67.3291	67.3961	67.935
700000.0003	156.216	155.177	155.582	156.382	155.816	156.68	154.166	156.042	156.244	154.969	156.61	154.839	155.568	156.094	155.723
700000.0003	517.342	517.028	517.34	516.437	517.367	517.298	517.31	518.831	516.801	517.066	515.253	514.393	516.62	515.431	515.353
700000.0003	1362.85	1364.67	1364.77	1363.75	1365.45	1363.93	1366.02	1365.54	1366.3	1363.4	1361.12	1360.89	1362.22	1361.44	1362.34
700000.0003	2202.52	2205.1	2205.2	2205.32	2206.2	2204.26	2201.99	2206.71	2204.02	2201.28	2201.37	2199.6	2202.91	2199.6	2200.01
700000.0003	2643.48	2642.29	2646.58	2645.08	2643.95	2643.8	2645.27	2644.13	2643.21	2641.9	2643.11	2637.96	2641.26	2640.15	2641.28
700000.0003	2788.6	2790.94	2788.38	2790.78	2789.05	2793.37	2788.93	2788.68	2789	2788.29	2786.85	2788.18	2785.73	2788.91	2785.28
700000.0003	2835.71	2838.84	2838.24	2834.85	2834.01	2838.5	2839.03	2838.77	2834.17	2833.04	2835.4	2836.28	2831.52	2832.86	2835.34
700000.0003	2864.15	2862.9	2867.12	2868.54	2866.52	2864.78	2865.28	2866.6	2868.65	2862.95	2863.78	2861.39	2865.17	2864.64	2866.73
700000.0003	2894.26	2897.84	2890.5	2891.62	2892.63	2897.08	2891.27	2893.78	2892.3	2891.11	2892.16	2892.16	2893.06	2888.34	2893.23
700000.0003	2917.31	2922.43	2919.67	2919.11	2921.63	2924	2918.67	2918.17	2920.39	2923.11	2917.2	2915.19	2920.56	2921.39	2919.26
700000.0003	2944.85	2948.45	2947.77	2943.22	2948.6	2950.76	2948.39	2942.43	2947.62	2949.79	2945.13	2945.77	2945.39	2949.75	2944.37
700000.0003	2974.84	2976.28	2972.52	2970.04	2973.39	2975.82	2976.27	2971.46	2974.34	2974.19	2973.79	2971.21	2973.32	2974.05	2971.95
700000.0003	2998.56	2999.7	2998.08	3000.44	3003.76	3002.98	2997.83	2999.06	3003.96	3002.15	2998.46	2997.23	3003.85	3000.46	2997.53
700000.0003	3026.34	3027.49	3025.27	3024.23	3025.5	3028.52	3029.73	3028.92	3028.12	3027.48	3026.89	3024.62	3026.08	3026.77	3024.16
700000.0003	3049.84	3052.09	3052.46	3052.01	3052.69	3053.55	3055.91	3054.74	3050.93	3056.09	3053.97	3051.8	3050.66	3052.53	3052.79
700000.0003	3077.17	3075.98	3077.49	3075.9	3076.71	3079.04	3082.88	3080.08	3078.34	3078.87	3079.47	3076.53	3077.15	3078.7	3076.01
700000.0003	3096.67	3093.37	3095.31	3097.7	3093.91	3097.77	3099.22	3099.87	3098.34	3097.75	3096.31	3096.29	3095.39	3094.6	3094.36
700000.0003	-0.577938	0.0570801	0.164818	0.387877	0.217705	-1.77015	-0.0506127	-0.765988	-0.0812861	0.896208	-0.888292	-0.403767	0.90737	-1.66419	-0.374815
700000.0003	0.209303	-0.0744136	-0.15706	-0.946178	-0.947724	1.02485	0.0900579	-0.319635	0.120079	-0.304374	-0.0641175	-0.0983252	0.341908	-0.232658	-0.260123
700000.0003	-0.00135676	-0.0369084	-0.193577	-0.185647	0.12439	-0.257786	-0.0305817	-0.339624	0.238401	0.0659015	0.0669487	0.17952	-0.163187	0.221199	-0.35279
700000.0003	-0.00385952	-0.0992927	0.231276	0.0215265	-0.0362252	-0.0811243	-0.224441	-0.163844	-0.183223	0.106797	-0.0822257	-0.113521	-0.286712	-0.219634	0.0544621
700000.0003	-0.263721	-0.0542452	0.0234802	0.174063	0.134437	0.0235712	0.0260795	-0.0559944	0.0285424	-0.0341595	0.279186	0.172979	0.0502636	0.0730947	-0.270859
700000.0003	-0.157137	-0.180537	-0.00347322	-0.177838	0.00708143	0.106396	-0.100603	-0.198065	0.1159	0.102912	-0.0609327	-0.0183005	-0.0171607	-0.0214095	-0.252604
700000.0003	-0.0665964	0.108587	-0.179765	0.0339341	0.247986	-0.0341205	0.182792	0.0225312	-0.0230253	-0.147975	0.0219124	-0.247159	0.0235877	0.0979294	0.0428948
700000.0003	-0.00464221	-0.0263062	-0.0257072	-0.111544	0.0140428	-0.00575242	-0.0585946	-0.0214805	-0.293261	0.110547	-0.0641456	-0.00288176	0.0110698	0.131345	-0.182828
700000.0003	-0.0307034	-0.053252	-0.125273	0.0183941	-0.0226712	0.0813664	-0.155668	0.140804	0.110605	0.314752	-0.0420425	-0.0321056	0.231135	0.0131749	0.0330668
700000.0003	-0.0348382	0.15345	-0.237124	-0.15829	-0.00363253	-0.109399	-0.124337	-0.128886	-0.14848	0.127521	-0.0651325	0.246494	-0.239813	0.0442737	-0.0602493
700000.0003	0.0881464	-0.199058	-0.101844	0.112539	-0.0446064	-0.10477	0.138894	0.0369207	-0.0379579	0.0197717	0.0145655	-0.0382497	0.118363	-0.160457	-0.0928764
700000.0003	0.127071	-0.0169247	0.162615	0.126591	0.0562278	0.0601517	0.0481498	-0.0475427	0.0682049	-0.0623059	0.0248978	-0.121708	-0.0380707	-0.00744083	-0.117838
700000.0003	0.0244914	-0.144995	0.00921986	-0.0360536	0.0513667	-0.0181547	0.091562	-0.0663345	0.182811	0.206079	0.14046	0.00877961	-0.0164719	0.0323052	-0.047644
700000.0003	-0.113833	0.118764	0.0170395	0.0513154	0.0761999	0.0127543	0.0812879	-0.264425	0.117137	-0.0738572	-0.051531	0.0839165	-0.127232	0.0181125	-0.0217699
700000.0003	0.0250131	0.105247	-0.0869091	-0.054225	0.0438339	-0.00564609	-0.126773	0.125426	-0.0658906	-0.112685	0.0325938	0.0263683	0.0391937	0.0752407	0.135844
700000.0003	-0.0416041	0.158941	0.0851	-0.108421	0.104314	0.0842253	-0.119763	0.0506707	0.0226626	0.0358873	0.285227	0.0918388	-0.0313879	0.125446	-0.0693231
700000.0003	0.231005	-0.200088	0.100975	-0.04808	0.1666	-0.101105	-0.132524	0.097901	0.123052	0.193138	-0.0721853	0.0409602	-0.00416254	-0.0164052	-0.0364499
700000.0003	0.0950245	-0.152807	0.0341088	0.165303	0.144573	0.040262	0.020928	0.172528	0.0278443	0.0672242	-0.127253	-0.164969	-0.0963594	-0.201404	0.00148508
700000.0003	-0.104643	-0.166363	-0.0315446	0.140043	0.100753	0.0306899	-0.0381593	0.19795	0.0359222	0.0449967	-0.117727	-0.233038	0.0338543	-0.0470477	0.104655
700000.0003	0.211114	-0.0517833	-0.08107	0.0186629	-0.0329711	-0.0165239	0.0265466	0.0908653	0.0592521	0.201788	-0.199411	-0.156957	0.0809771	-0.168471	-0.0342407
700000.0003	0.213383	-0.0736371	0.0498236	-0.232225	0.0128483	0.0515285	-0.0166932	-0.0947995	0.0532549	0.213525	0.00785405	-0.0620338	0.105693	0.14648	0.254324
700000.0003	-0.312157	0.059489	0.127675	-0.127368	-0.1544	-0.187933	0.0391628	-0.0577882	-0.0584722	0.0485575	0.0062726	0.042957	0.061477	-0.01809	0.155275
700000.0003	0.250263	-0.161433	-0.258275	-0.0795199	0.0359867	-0.101881	-0.0821441	-0.0179347	0.0127734	0.0606915	0.105625	0.168021	-0.226614	-0.0150563	0.151125
700000.0003	-0.00698314	-0.0401038	0.437526	-0.284074	0.20566	0.105439	0.185584	-0.394045	-0.354977	-0.16774	-0.602663	-0.274046	0.566976	0.142513	-0.0211471
700000.0003	-0.198374	0.175331	0.233388	0.0306945	0.00428993	-0.653042	0.380409	0.551695	0.060553	-0.204812	-0.979563	-0.201323	-1.15942	0.51544	0.0513651
700000.0003	0.801163	-0.312091	-0.563138	0.379688	-0.126715	-0.209253	0.527193	0.0710859	0.0579336	-0.446264	0.114347	-0.326449	0.192594	0.280038	-0.887971
700000.0003	-0.0806889	0.261377	-0.721185	0.310661	-0.466643	-0.371821	-0.981848	-0.470008	0.47866	0.409202	-0.854512	-1.06582	-0.0447532	-1.01762	0.265951
700000.0003	0.845316	-1.44766	0.064051	-0.0363652	0.400148	0.335981	-2.35406	0.147396	0.138837	-0.0533597	-0.841255	-0.244766	-1.49371	-0.0778896	-1.63363
700000.0003	0.408203	-1.17684	-1.01082	-1.57601	-0.547867	-0.00656371	0.0137419	-0.0455037	0.458103	-0.395467	0.313879	-0.738961	-0.44568	-0.456377	-0.808859
700000.0003	-1.99868	-0.903836	-0.367046	0.178876	-0.259055	-1.83489	0.497768	1.08371	0.903976	0.0514627	-0.374056	0.258933	0.41059	-1.37813	-1.41869
700000.0003	-0.538379	-1.81946	-2.02664	-0.429482	0.806733	-0.0407913	0.306653	0.0629309	0.249185	0.879053	0.0834621	-0.290546	-0.602848	-0.97318	-0.878442
700000.0003	-1.81562	0.153306	-0.3218	-0.170825	0.538346	-0.0546577	0.243931	0.167532	1.07218	0.467559	-0.0639821	-0.393381	-0.948085	-1.16534	-1.67102
700000.0003	-1.00144	-0.662141	0.0405666	0.498944	0.0163116	0.703628	1.13661	0.603962	0.557874	0.670738	-0.309738	0.215095	-0.417642	-0.918608	-1.76641
700000.0003	0.437725	-0.94539	0.0954921	0.533975	0.508679	1.34447	0.416006	0.549946	-0.377508	0.482406	0.882192	-0.497802	-0.63825	-1.01034	-0.69854
700000.0003	-1.68283	0.445027	0.931409	0.841992	0.307482	0.774249	0.947496	0.82033	-0.571556	-0.606232	-0.227811	-0.319966	0.0658021	-0.657124	-1.39025
700000.0003	-0.409933	0.0145483	0.255507	0.702915	0.989087	1.24917	1.13913	0.259665	0.29486	-0.465369	-0.191624	-1.49553	-0.949779	-0.122333	0.401155
700000.0003	0.0244562	0.710417	0.696391	0.75299	0.524041	0.839945	1.13832	-0.360579	-0.093652	0.54943	-0.282892	-0.52388	-0.880051	-0.00166891	0.0814635
700000.0003	0.649996	-0.0179278	0.352228	0.0821473	0.975504	0.805134	1.31878	0.405606	-0.944547	-0.67775	-0.311247	0.373743	-0.16416	-0.307566	0.170644
700000.0003	1.10242	0.33098	1.96132	0.162798	-0.244598	0.412918	0.175825	0.237063	0.106414	0.107418	0.143571	-0.055864	-0.24346	-0.591548	-0.12936
700000.0003	-0.438416	0.533102	-0.482568	0.169755	0.85891	0.648968	-0.868094	0.0367629	-0.182584	-0.995651	-0.353956	0.275976	-0.550947	0.37902	0.597152
700000.0003	2908.29	2907.91	2909.41	2910.17	2912.39	2911.99	2911.21	2912.2	2914.67	2912.63	2911.16	2908.12	2909.55	2909.58	2910.32
700000.0003	1605.12	1602.51	1602.39	1603.8	1606.22	1607.34	1612	1608.71	1605.1	1604.91	1606.21	1605.19	1604.9	1605.21	1603.92
700000.0003	174.182	174.482	173.688	173.549	174.226	174.407	174.317	174.602	174.222	173.893	172.664	173.358	173.17	172.513	174.523
700000.0003	28.5643	28.239	28.3378	27.9775	28.5618	28.2871	28.8978	28.2109	28.4546	28.161	28.273	27.8371	28.4388	28.8242	28.5959
700000.0003	18.4362	18.0108	17.9794	18.3924	17.9648	18.7502	18.1507	18.2469	18.2647	18.3054	18.0307	18.1265	18.4314	18.1985	18.32
700000.0003	16.0918	15.8307	15.88	16.2391	16.1072	16.1628	16.2501	16.0806	16.2297	15.8805	15.8963	16.1776	16.3554	16.3425	16.1497
700000.0003	15.0885	15.2096	15.2625	14.8259	14.9089	14.9552	14.7956	14.9742	15.3321	15.1635	15.054	15.4474	15.3098	14.9281	14.8502
700000.0003	14.1249	14.6216	14.4688	14.2097	14.2027	14.2272	13.9646	13.9717	14.1438	14.5923	14.2331	14.3865	14.6742	14.7068	14.2094
700000.0003	13.7752	13.7516	13.7446	13.7041	13.4424	13.7831	13.9815	14.0193	13.9319	13.4361	13.3862	13.9541	13.6725	13.6575	13.9833
700000.0003	13.5394	13.982	13.7508	13.7147	13.4484	13.7384	13.3039	13.3374	13.4611	13.5812	13.6403	13.6579	13.7577	13.7301	13.6998
700000.0003	13.4516	13.3976	13.8204	13.5019	13.5965	13.6602	13.6952	13.3366	13.255	13.4624	13.7459	13.291	13.0866	12.981	13.358
700000.0003	13.4854	13.2417	13.3233	13.8827	13.5779	13.3413	13.5182	13.211	13.2872	13.2545	13.326	13.2078	13.113	13.6092	13.269
700000.0003	13.2809	13.4512	13.5897	13.5743	13.3055	13.6129	13.6334	13.2958	13.2285	12.9352	13.3796	13.1239	13.1569	13.3822	13.4565
700000.0003	13.2061	13.2666	12.8786	13.1312	13.2565	13.5532	13.4846	13.4411	13.3154	13.1765	13.365	13.2728	13.4909	13.1074	13.196
700000.0003	13.5293	13.4782	12.8825	13.5796	13.8445	13.6142	13.52	13.4068	13.1666	13.2942	13.4324	13.6531	13.4377	13.5112	13.8524
700000.0003	14.2163	13.967	13.7756	13.943	13.884	13.7376	13.588	14.0146	14.1379	14.2295	13.7712	13.7387	13.7103	14.0643	14.3456
700000.0003	15.2453	15.0496	15.186	14.9381	15.2117	15.1952	14.8566	15.0377	14.8798	15.4625	15.1574	15.1186	15.0393	15.033	15.4883
700000.0003	17.2175	16.8872	16.9113	16.9486	16.9847	16.6257	16.781	16.8503	16.6382	16.8394	16.9454	17.2301	17.0476	17.0963	16.7688
700000.0003	19.5545	19.6961	19.8232	19.6518	19.8089	19.9282	19.4286	19.3946	19.8743	19.2804	19.6296	20.315	20.2054	19.6527	19.7757
700000.0003	23.3979	23.8362	24.1648	23.8432	23.5588	23.9132	23.384	23.6673	23.5828	23.606	23.7399	23.576	23.471	23.8171	23.9172
700000.0003	31.0147	30.642	30.3185	30.9109	31.0669	30.238	29.9921	30.0843	30.4653	30.3724	30.0893	29.734	30.4258	30.8585	30.8764
700000.0003	42.2409	41.8517	41.6504	41.3071	41.6412	42.2286	41.766	41.7589	41.6599	41.6408	42.1886	41.8203	41.7463	41.5783	41.6027
700000.0003	67.1709	67.092	67.2178	66.4804	66.4139	66.0842	66.3673	66.7215	66.6205	66.5881	67.2486	66.2532	65.9959	66.7046	66.8094
700000.0003	152.6	153.121	152.611	153.022	152.565	153.94	152.651	152.741	153.483	151.896	152.726	151.904	152.79	152.341	152.388
700000.0003	520.6	521.222	521.081	520.484	521.062	521.297	522.332	523.369	521.318	519.875	519.055	519.874	519.11	519.181	519.638
700000.0003	1363.47	1365.51	1368.25	1365.11	1368.58	1366.53	1367.74	1367.09	1367.92	1365.15	1361.86	1361.42	1362.46	1361.78	1365.82
700000.0003	2154.61	2157.49	2158.02	2157.8	2156.07	2157.35	2155.96	2156.97	2155.55	2153.5	2154.69	2151	2152.7	2151.19	2152.86
700000.0003	2585.96	2585.22	2586.42	2586.39	2588.15	2589.23	2589.74	2586.96	2585.7	2582.77	2583.06	2583.14	2581.33	2582.97	2585.15
700000.0003	2778.52	2779.5	2776.35	2779.75	2779.16	2779.57	2778.45	2776.84	2781.89	2779.01	2775.57	2777.4	2775.57	2778.08	2775.17
700000.0003	2864.75	2867.02	2866.79	2864.67	2863.83	2867.04	2865.99	2866.43	2861.81	2865.21	2863.96	2864.82	2864.59	2864.89	2864.23
700000.0003	2904.2	2902.63	2906.34	2904.05	2905.33	2903.15	2904.39	2905.3	2904.1	2903.22	2905.59	2902.32	2903.99	2905.42	2906.37
700000.0003	2931.81	2927.7	2930.23	2930.62	2930.83	2928.63	2928.5	2932.83	2930.29	2929.8	2931.17	2931.3	2928.58	2930.37	2932.04
700000.0003	2952.04	2953.49	2951.04	2952.68	2953.08	2951.52	2952.36	2951.98	2952.3	2951.89	2952.49	2952.6	2953.47	2950.9	2951.53
700000.0003	2970.99	2972.54	2970.5	2970.7	2970.89	2972.32	2971.59	2968.76	2970.78	2970.15	2970.77	2969.81	2970.51	2972.18	2969.35
700000.0003	2988.01	2989.11	2988.52	2988.19	2985.88	2989.15	2989.27	2987.76	2987.46	2987.82	2988.47	2988.1	2987.59	2990.02	2990.15
700000.0003	3005.09	3003.27	3004.01	3005.65	3005.58	3003.91	3001.76	3005.99	3006.43	3007.27	3004.51	3006.61	3005	3004.67	3005.66
700000.0003	3023.31	3021.3	3021.13	3021.51	3023.04	3022.93	3023.74	3022.81	3022.78	3021.22	3023.02	3022.67	3023.06	3022.32	3021.71
700000.0003	3041.11	3044.84	3042.06	3041.59	3044.63	3041.65	3043.96	3043.9	3041.45	3042.16	3041.43	3040.81	3042.33	3041.31	3041.57
700000.0003	3066.97	3067.07	3068.19	3068.7	3067.37	3068.66	3069.28	3068.63	3068.38	3068.84	3068.2	3069.63	3068.8	3070.14	3068.19
700000.0003	3083.34	3082.6	3083.36	3082.59	3080.46	3084.82	3082.96	3084.18	3084.57	3084.89	3083.12	3084.32	3082.9	3079.93	3082.33
