700000.0003	27.904
700000.0003	101.848
700000.0003	203.489
700000.0003	343.946
700000.0003	533.428
700000.0003	775.013
700000.0003	1077.12
700000.0003	1418.62
700000.0003	1826.56
700000.0003	2285.83
700000.0003	2786.75
700000.0003	3323.05
700000.0003	3862.45
700000.0003	4462.7
700000.0003	5009.3
700000.0003	5535.97
700000.0003	5981.33
700000.0003	6368.04
700000.0003	6673.49
700000.0003	6878.28
700000.0003	7002.72
700000.0003	7095.77
700000.0003	7102.93
700000.0003	7075.56
700000.0003	6937.63
700000.0003	6765.15
700000.0003	6599.07
700000.0003	6357.76
700000.0003	6067.03
700000.0003	5709.33
700000.0003	5389.39
700000.0003	4960.97
700000.0003	4502.75
700000.0003	4057.47
700000.0003	3526.8
700000.0003	2952.25
700000.0003	2385.53
700000.0003	1744.69
700000.0003	1071.98
700000.0003	366.293
700000.0003	0
700000.0003	0
700000.0003	0
700000.0003	0
700000.0003	0
700000.0003	0
700000.0003	0
700000.0003	0
700000.0003	0
700000.0003	0
700000.0003	0
700000.0003	0
700000.0003	0
700000.0003	0
700000.0003	0
700000.0003	0
700000.0003	0
700000.0003	0
700000.0003	0
700000.0003	0
700000.0003	0
700000.0003	0
700000.0003	0
700000.0003	0
700000.0003	0
700000.0003	0
700000.0003	0
700000.0003	0
700000.0003	0
700000.0003	0
700000.0003	0
700000.0003	0
700000.0003	0
700000.0003	0
700000.0003	0
700000.0003	0
700000.0003	0
700000.0003	0
700000.0003	0
700000.0003	0
700000.0003	0
700000.0003	0
700000.0003	0
700000.0003	0
700000.0003	0
700000.0003	0
700000.0003	0
700000.0003	0
700000.0003	0
700000.0003	0
700000.0003	0
700000.0003	0
700000.0003	0
700000.0003	0
700000.0003	0
700000.0003	0
700000.0003	0
700000.0003	0
700000.0003	0
700000.0003	0
700000.0003	0
700000.0003	0
700000.0003	0
700000.0003	0
700000.0003	0
700000.0003	0
700000.0003	0
700000.0003	0
700000.0003	0
700000.0003	0
700000.0003	0
700000.0003	0
700000.0003	0
700000.0003	0
700000.0003	0
700000.0003	0
700000.0003	0
700000.0003	0
700000.0003	0
700000.0003	0
700000.0003	0
700000.0003	0
700000.0003	0
700000.0003	0
700000.0003	0
700000.0003	0
700000.0003	0
700000.0003	0
700000.0003	0
700000.0003	0
700000.0003	0
700000.0003	0
700000.0003	0
700000.0003	0
700000.0003	0
700000.0003	0
700000.0003	0
700000.0003	0
700000.0003	0
700000.0003	0
700000.0003	-23.6145
700000.0003	-70.9855
700000.0003	-116.952
700000.0003	-163.088
700000.0003	-207.352
700000.0003	-253.418
700000.0003	-297.794
700000.0003	-339.959
700000.0003	-382.079
700000.0003	-422
700000.0003	-464.492
700000.0003	-507.598
700000.0003	-549.771
700000.0003	-587.941
700000.0003	-627.365
700000.0003	-667.162
700000.0003	-703.642
700000.0003	-739.561
700000.0003	-779.689
700000.0003	-817.582
700000.0003	-845.988
700000.0003	-889.536
700000.0003	-920.4
700000.0003	-958.378
700000.0003	-989.882
700000.0003	-1024.11
700000.0003	-1052.77
700000.0003	-1093.49
700000.0003	-1117.81
700000.0003	-1141.86
700000.0003	-1185.98
700000.0003	-1205.69
700000.0003	-1240.25
700000.0003	-1264.6
700000.0003	-1294.27
700000.0003	-1317.55
700000.0003	-1343.44
700000.0003	-1367.76
700000.0003	-1397.26
700000.0003	-1425.74
700000.0003	-1444.9
700000.0003	-1470.17
700000.0003	-1478.66
700000.0003	-1513.61
700000.0003	-1539.34
700000.0003	-1557.54
700000.0003	-1580.4
700000.0003	-1602.53
700000.0003	-1623.43
700000.0003	-1637.22
700000.0003	-1647.03
700000.0003	-1670.89
700000.0003	-1690.46
700000.0003	-1699.14
700000.0003	-1723.56
700000.0003	-1747.27
700000.0003	-1736.7
700000.0003	-1763.11
700000.0003	-1779.34
700000.0003	-1787.48
700000.0003	-1806.71
700000.0003	-1816.33
700000.0003	-1838.19
700000.0003	-1831.62
700000.0003	-1842.4
700000.0003	-1851.56
700000.0003	-1871.63
700000.0003	-1880.42
700000.0003	-1877.99
700000.0003	-1887.31
700000.0003	-1900.86
700000.0003	-1906.92
700000.0003	-1912.91
700000.0003	-1912.08
700000.0003	-1910.86
700000.0003	-1921.38
700000.0003	-1919.74
700000.0003	-1921.12
700000.0003	-1924.69
700000.0003	-1925.8
700000.0003	-1930.63
700000.0003	-1922.84
700000.0003	-1930.48
700000.0003	-1928.14
700000.0003	-1919.34
700000.0003	-1916.62
700000.0003	-1917.75
700000.0003	-1908.31
700000.0003	-1900.52
700000.0003	-1899.32
700000.0003	-1889.41
700000.0003	-1875.98
700000.0003	-1872.52
700000.0003	-1860.63
700000.0003	-1840.94
700000.0003	-1833.38
700000.0003	-1816.39
700000.0003	-1806.23
700000.0003	-1784.94
700000.0003	-1765.31
700000.0003	-1743.68
700000.0003	-1714.84
700000.0003	-1691.48
700000.0003	-1652.24
700000.0003	-1622.44
700000.0003	-1582.32
700000.0003	-1542.52
700000.0003	-1491.64
700000.0003	-1449.21
700000.0003	-1395.57
700000.0003	-1349.99
700000.0003	-1283.78
700000.0003	-1230.64
700000.0003	-1159.55
700000.0003	-1097.47
700000.0003	-1040.04
700000.0003	-975.044
700000.0003	-909.249
700000.0003	-848.368
700000.0003	-791.022
700000.0003	-729.124
700000.0003	-670.494
700000.0003	-616.086
700000.0003	-561.174
700000.0003	-512.62
700000.0003	-466.893
700000.0003	-417.983
700000.0003	-377.398
700000.0003	-335.755
700000.0003	-299.229
700000.0003	-265.759
700000.0003	-234.638
700000.0003	-205.308
700000.0003	-179.056
700000.0003	-155.391
700000.0003	-134.928
700000.0003	-114.91
700000.0003	-98.7977
700000.0003	-84.4126
700000.0003	-72.3341
700000.0003	-62.1732
700000.0003	-52.0293
700000.0003	-44.2789
700000.0003	-37.2908
700000.0003	-31.5455
700000.0003	-26.7776
700000.0003	-22.4493
700000.0003	-18.6798
700000.0003	-15.8132
700000.0003	-13.1362
700000.0003	-10.8698
700000.0003	-9.10439
700000.0003	-7.41631
700000.0003	-5.97073
700000.0003	-4.85231
700000.0003	-3.7742
700000.0003	-2.80352
700000.0003	-1.89384
700000.0003	-1.12286
700000.0003	-0.355377
700000.0003	0
700000.0003	0
700000.0003	0
700000.0003	0
700000.0003	0
700000.0003	0
700000.0003	0
700000.0003	0
700000.0003	0
700000.0003	0
700000.0003	0
700000.0003	0
700000.0003	0
700000.0003	0
700000.0003	0
700000.0003	0
700000.0003	0
700000.0003	0
700000.0003	0
700000.0003	0
700000.0003	0
700000.0003	0
700000.0003	0
700000.0003	0
700000.0003	0
700000.0003	0
700000.0003	0
700000.0003	0
700000.0003	0
700000.0003	0
700000.0003	0
700000.0003	0
700000.0003	0
700000.0003	0
700000.0003	0
700000.0003	0
700000.0003	0
700000.0003	0
700000.0003	0
700000.0003	0
700000.0003	0
700000.0003	0
700000.0003	0
700000.0003	0
700000.0003	0
700000.0003	0
700000.0003	0
700000.0003	0
700000.0003	0
700000.0003	0
700000.0003	0
700000.0003	0
700000.0003	0
700000.0003	0
700000.0003	0
700000.0003	0
700000.0003	0
700000.0003	0
700000.0003	0
700000.0003	0
700000.0003	0
700000.0003	0
700000.0003	0
700000.0003	0
700000.0003	0
700000.0003	0
700000.0003	0
700000.0003	0
700000.0003	0
700000.0003	0
700000.0003	0
700000.0003	0
700000.0003	0
700000.0003	0
700000.0003	0
700000.0003	0
700000.0003	0
700000.0003	0
700000.0003	0
700000.0003	0
700000.0003	0
700000.0003	0
700000.0003	0
700000.0003	0
700000.0003	0
700000.0003	0
700000.0003	0
700000.0003	0
700000.0003	0
700000.0003	0
700000.0003	0
700000.0003	0
700000.0003	0
700000.0003	0
700000.0003	0
700000.0003	0
700000.0003	0
700000.0003	0
700000.0003	0
700000.0003	0
700000.0003	0.00097188
700000.0003	-0.0348183
700000.0003	1.75451
700000.0003	-0.209412
700000.0003	-1.07878
700000.0003	0.356536
700000.0003	-0.393434
700000.0003	5.13965
700000.0003	-0.99033
700000.0003	0.519529
700000.0003	13.7098
700000.0003	11.1172
700000.0003	-7.8788
700000.0003	24.0103
700000.0003	-13.3623
700000.0003	1.68737
700000.0003	-9.96662
700000.0003	5.61442
700000.0003	-8.498
700000.0003	-3.42542
700000.0003	13.9013
700000.0003	-20.2369
700000.0003	-12.8561
700000.0003	1.19231
700000.0003	50.1833
700000.0003	17.743
700000.0003	14.624
700000.0003	32.0674
700000.0003	-0.136392
700000.0003	16.022
700000.0003	26.71
700000.0003	15.0312
700000.0003	6.47875
700000.0003	4.61334
700000.0003	0.694292
700000.0003	2.26032
700000.0003	-2.83542
700000.0003	-6.91779
700000.0003	-0.915542
700000.0003	0.249457
700000.0003	0
700000.0003	0
700000.0003	0
700000.0003	0
700000.0003	0
700000.0003	0
700000.0003	0
700000.0003	0
700000.0003	0
700000.0003	0
700000.0003	0
700000.0003	0
700000.0003	0
700000.0003	0
700000.0003	0
700000.0003	0
700000.0003	0
700000.0003	0
700000.0003	0
700000.0003	0
700000.0003	0
700000.0003	0
700000.0003	0
700000.0003	0
700000.0003	0
700000.0003	0
700000.0003	0
700000.0003	0
700000.0003	0
700000.0003	0
700000.0003	0
700000.0003	0
700000.0003	0
700000.0003	0
700000.0003	0
700000.0003	0
700000.0003	0
700000.0003	0
700000.0003	0
700000.0003	0
700000.0003	0
700000.0003	0
700000.0003	0
700000.0003	0
700000.0003	0
700000.0003	0
700000.0003	0
700000.0003	0
700000.0003	0
700000.0003	0
700000.0003	0
700000.0003	0
700000.0003	0
700000.0003	0
700000.0003	0
700000.0003	0
700000.0003	0
700000.0003	0
700000.0003	0
700000.0003	0
700000.0003	0
700000.0003	0
700000.0003	0
700000.0003	0
700000.0003	0
700000.0003	0
700000.0003	0
700000.0003	0
700000.0003	0
700000.0003	0
700000.0003	0
700000.0003	0
700000.0003	0
700000.0003	0
700000.0003	0
700000.0003	0
700000.0003	0
700000.0003	0
700000.0003	0
700000.0003	0
700000.0003	0
700000.0003	0
700000.0003	0
700000.0003	0
700000.0003	0
700000.0003	0
700000.0003	0
700000.0003	0
700000.0003	0
700000.0003	0
700000.0003	0
700000.0003	0
700000.0003	0
700000.0003	0
700000.0003	0
700000.0003	0
700000.0003	0
700000.0003	0
700000.0003	0
700000.0003	0
700000.0003	-0.033935
700000.0003	0.22504
700000.0003	0.204136
700000.0003	0.0693715
700000.0003	0.4882
700000.0003	0.454716
700000.0003	-0.558339
700000.0003	1.15268
700000.0003	0.324712
700000.0003	0.074774
700000.0003	1.16489
700000.0003	1.00827
700000.0003	0.379161
700000.0003	0.0354752
700000.0003	-0.624784
700000.0003	-1.42321
700000.0003	1.23746
700000.0003	0.511998
700000.0003	2.31635
700000.0003	1.45624
700000.0003	-0.453732
700000.0003	-1.09683
700000.0003	-1.36436
700000.0003	0.557619
700000.0003	0.600067
700000.0003	-0.280962
700000.0003	3.45166
700000.0003	2.89731
700000.0003	-1.13194
700000.0003	2.78102
700000.0003	3.82026
700000.0003	2.60848
700000.0003	-1.87522
700000.0003	1.01929
700000.0003	-1.59398
700000.0003	-2.4036
700000.0003	-2.72995
700000.0003	0.790273
700000.0003	-3.11251
700000.0003	-1.31879
700000.0003	-3.26174
700000.0003	-1.1918
700000.0003	1.87835
700000.0003	-0.860531
700000.0003	-5.33169
700000.0003	-4.76437
700000.0003	3.06582
700000.0003	3.91859
700000.0003	-2.60851
700000.0003	-2.31107
700000.0003	6.68207
700000.0003	2.71063
700000.0003	-0.167225
700000.0003	7.95509
700000.0003	-5.56287
700000.0003	5.64441
700000.0003	-0.93202
700000.0003	1.49986
700000.0003	-4.87509
700000.0003	1.91576
700000.0003	2.95751
700000.0003	3.21919
700000.0003	-9.88768
700000.0003	-3.5287
700000.0003	1.41235
700000.0003	-1.69732
700000.0003	3.29135
700000.0003	-5.36011
700000.0003	0.649695
700000.0003	0.943266
700000.0003	-6.67209
700000.0003	-4.50668
700000.0003	-0.706913
700000.0003	3.69149
700000.0003	4.31045
700000.0003	0.123745
700000.0003	0.988044
700000.0003	-3.10091
700000.0003	3.44961
700000.0003	1.56127
700000.0003	3.72378
700000.0003	-1.72194
700000.0003	-1.00656
700000.0003	-0.110423
700000.0003	-3.41313
700000.0003	-0.452652
700000.0003	-0.927218
700000.0003	-0.523002
700000.0003	-0.569141
700000.0003	-2.95789
700000.0003	-1.61924
700000.0003	1.15886
700000.0003	0.698218
700000.0003	0.223499
700000.0003	4.75282
700000.0003	-0.696219
700000.0003	-3.89251
700000.0003	-1.57759
700000.0003	2.81307
700000.0003	-1.22919
700000.0003	1.69828
700000.0003	0.388371
700000.0003	3.91036
700000.0003	3.06916
700000.0003	-0.842462
700000.0003	-0.946308
700000.0003	0.412892
700000.0003	0.683093
700000.0003	-0.0826199
700000.0003	3.87726
700000.0003	-2.72242
700000.0003	1.17092
700000.0003	2.12201
700000.0003	-3.0192
700000.0003	-2.17019
700000.0003	0.20208
700000.0003	0.625652
700000.0003	-1.96213
700000.0003	-2.58104
700000.0003	-0.321394
700000.0003	1.39389
700000.0003	0.43891
700000.0003	-2.00861
700000.0003	-0.284894
700000.0003	0.590058
700000.0003	1.4112
700000.0003	2.08218
700000.0003	0.405659
700000.0003	0.185738
700000.0003	0.330249
700000.0003	-1.94345
700000.0003	-0.349126
700000.0003	1.08669
700000.0003	-0.848424
700000.0003	0.220027
700000.0003	0.13119
700000.0003	-0.281009
700000.0003	-0.203315
700000.0003	0.446172
700000.0003	-0.162015
700000.0003	-0.0702439
700000.0003	-0.332169
700000.0003	0.0348258
700000.0003	0.0278865
700000.0003	-0.0405268
700000.0003	-0.183114
700000.0003	-0.127456
700000.0003	0.00680092
700000.0003	0.031769
700000.0003	-0.0338622
700000.0003	0.0713135
700000.0003	0.037748
700000.0003	0.0636106
700000.0003	0.119305
700000.0003	0.0222316
700000.0003	0.0512427
700000.0003	0.0427242
700000.0003	-0.0314741
700000.0003	0.0116119
700000.0003	-0.0046591
700000.0003	0
700000.0003	0
700000.0003	0
700000.0003	0
700000.0003	0
700000.0003	0
700000.0003	0
700000.0003	0
700000.0003	0
700000.0003	0
700000.0003	0
700000.0003	0
700000.0003	0
700000.0003	0
700000.0003	0
700000.0003	0
700000.0003	0
700000.0003	0
700000.0003	0
700000.0003	0
700000.0003	0
700000.0003	0
700000.0003	0
700000.0003	0
700000.0003	0
700000.0003	0
700000.0003	0
700000.0003	0
700000.0003	0
700000.0003	0
700000.0003	0
700000.0003	0
700000.0003	0
700000.0003	0
700000.0003	0
700000.0003	0
700000.0003	0
700000.0003	0
700000.0003	0
700000.0003	0
700000.0003	0
700000.0003	0
700000.0003	0
700000.0003	0
700000.0003	0
700000.0003	0
700000.0003	0
700000.0003	0
700000.0003	0
700000.0003	0
700000.0003	0
700000.0003	0
700000.0003	0
700000.0003	0
700000.0003	0
700000.0003	0
700000.0003	0
700000.0003	0
700000.0003	0
700000.0003	0
700000.0003	0
700000.0003	0
700000.0003	0
700000.0003	0
700000.0003	0
700000.0003	0
700000.0003	0
700000.0003	0
700000.0003	0
700000.0003	0
700000.0003	0
700000.0003	0
700000.0003	0
700000.0003	0
700000.0003	0
700000.0003	0
700000.0003	0
700000.0003	0
700000.0003	0
700000.0003	0
700000.0003	0
700000.0003	0
700000.0003	0
700000.0003	0
700000.0003	0
700000.0003	0
700000.0003	0
700000.0003	0
700000.0003	0
700000.0003	0
700000.0003	0
700000.0003	0
700000.0003	0
700000.0003	0
700000.0003	0
700000.0003	0
700000.0003	0
700000.0003	0
700000.0003	0
700000.0003	0
