700000.0003	0.0263359
700000.0003	0.035608
700000.0003	0.0531779
700000.0003	0.0819908
700000.0003	0.123767
700000.0003	0.189488
700000.0003	0.279593
700000.0003	0.397387
700000.0003	0.55157
700000.0003	0.745503
700000.0003	0.985159
700000.0003	1.27318
700000.0003	1.60419
700000.0003	1.98697
700000.0003	2.41451
700000.0003	2.86596
700000.0003	3.33596
700000.0003	3.81094
700000.0003	4.2842
700000.0003	4.76883
700000.0003	5.19579
700000.0003	5.64268
700000.0003	6.02219
700000.0003	6.43931
700000.0003	6.8419
700000.0003	7.21254
700000.0003	7.59142
700000.0003	7.89311
700000.0003	8.21449
700000.0003	8.54175
700000.0003	8.83022
700000.0003	9.10664
700000.0003	9.35985
700000.0003	9.51577
700000.0003	9.72916
700000.0003	9.94503
700000.0003	10.0452
700000.0003	10.139
700000.0003	10.2147
700000.0003	10.2647
700000.0003	10.2012
700000.0003	10.2476
700000.0003	10.2188
700000.0003	10.2073
700000.0003	10.2943
700000.0003	10.2792
700000.0003	10.3116
700000.0003	10.2081
700000.0003	10.2423
700000.0003	10.3194
700000.0003	10.3629
700000.0003	10.2648
700000.0003	10.2986
700000.0003	10.3446
700000.0003	10.3243
700000.0003	10.3116
700000.0003	10.2841
700000.0003	10.2656
700000.0003	10.2462
700000.0003	10.2928
700000.0003	10.2803
700000.0003	10.296
700000.0003	10.2831
700000.0003	10.3524
700000.0003	10.3502
700000.0003	10.3776
700000.0003	10.3007
700000.0003	10.3777
700000.0003	10.231
700000.0003	10.4025
700000.0003	10.3429
700000.0003	10.2855
700000.0003	10.3695
700000.0003	10.3013
700000.0003	10.3911
700000.0003	10.3922
700000.0003	10.3952
700000.0003	10.3001
700000.0003	10.3792
700000.0003	10.3243
700000.0003	10.3767
700000.0003	10.4293
700000.0003	10.3248
700000.0003	10.3718
700000.0003	10.367
700000.0003	10.3547
700000.0003	10.3526
700000.0003	10.3323
700000.0003	10.3609
700000.0003	10.3334
700000.0003	10.4407
700000.0003	10.4024
700000.0003	10.315
700000.0003	10.3854
700000.0003	10.3856
700000.0003	10.4358
700000.0003	10.4116
700000.0003	10.4281
700000.0003	10.4279
700000.0003	10.4288
700000.0003	10.407
700000.0003	10.3778
700000.0003	10.3964
700000.0003	10.4745
700000.0003	10.4095
700000.0003	10.4292
700000.0003	10.4109
700000.0003	10.4141
700000.0003	10.3787
700000.0003	10.5245
700000.0003	10.5048
700000.0003	10.4014
700000.0003	10.3783
700000.0003	10.3773
700000.0003	10.4145
700000.0003	10.4512
700000.0003	10.4421
700000.0003	10.408
700000.0003	10.5154
700000.0003	10.4558
700000.0003	10.4616
700000.0003	10.3947
700000.0003	10.379
700000.0003	10.4042
700000.0003	10.4382
700000.0003	10.3849
700000.0003	10.5029
700000.0003	10.454
700000.0003	10.3869
700000.0003	10.4059
700000.0003	10.4328
700000.0003	10.5222
700000.0003	10.4294
700000.0003	10.4649
700000.0003	10.5067
700000.0003	10.4061
700000.0003	10.5157
700000.0003	10.4717
700000.0003	10.4977
700000.0003	10.4179
700000.0003	10.4658
700000.0003	10.4491
700000.0003	10.4006
700000.0003	10.4968
700000.0003	10.4623
700000.0003	10.4571
700000.0003	10.4706
700000.0003	10.338
700000.0003	10.435
700000.0003	10.3446
700000.0003	10.4122
700000.0003	10.3754
700000.0003	10.2293
700000.0003	10.3026
700000.0003	10.3366
700000.0003	10.2412
700000.0003	10.1674
700000.0003	10.2368
700000.0003	10.1255
700000.0003	10.0554
700000.0003	10.0154
700000.0003	9.98548
700000.0003	10.0069
700000.0003	9.89967
700000.0003	9.80668
700000.0003	9.80209
700000.0003	9.73868
700000.0003	9.6879
700000.0003	9.66616
700000.0003	9.63705
700000.0003	9.58798
700000.0003	9.5575
700000.0003	9.4972
700000.0003	9.43065
700000.0003	9.37181
700000.0003	9.25247
700000.0003	9.16835
700000.0003	9.12584
700000.0003	9.03507
700000.0003	9.04883
700000.0003	8.95172
700000.0003	8.86716
700000.0003	8.74032
700000.0003	8.6656
700000.0003	8.62403
700000.0003	8.54805
700000.0003	8.48064
700000.0003	8.41697
700000.0003	8.32821
700000.0003	8.30141
700000.0003	8.16383
700000.0003	8.06019
700000.0003	8.00451
700000.0003	7.90672
700000.0003	7.78293
700000.0003	7.74749
700000.0003	7.644
700000.0003	7.52674
700000.0003	7.51494
700000.0003	7.43373
700000.0003	7.32914
700000.0003	7.1927
700000.0003	7.09521
700000.0003	7.01255
700000.0003	6.9186
700000.0003	6.83323
700000.0003	6.75221
700000.0003	6.68083
700000.0003	6.57256
700000.0003	6.46256
700000.0003	6.41608
700000.0003	6.33394
700000.0003	6.20861
700000.0003	6.11203
700000.0003	6.00457
700000.0003	5.92026
700000.0003	5.82059
700000.0003	5.72656
700000.0003	5.65234
700000.0003	5.52629
700000.0003	5.43792
700000.0003	5.37309
700000.0003	5.28011
700000.0003	5.17335
700000.0003	5.04078
700000.0003	4.96973
700000.0003	4.8715
700000.0003	4.76524
700000.0003	4.66418
700000.0003	4.55183
700000.0003	4.47597
700000.0003	4.37576
700000.0003	4.275
700000.0003	4.19221
700000.0003	4.08513
700000.0003	3.99069
700000.0003	3.87549
700000.0003	3.76197
700000.0003	3.65808
700000.0003	3.56813
700000.0003	3.45065
700000.0003	3.3326
700000.0003	3.23335
700000.0003	3.10565
700000.0003	2.97914
700000.0003	2.85079
700000.0003	2.72678
700000.0003	2.60414
700000.0003	2.45934
700000.0003	2.3336
700000.0003	2.19841
700000.0003	2.05936
700000.0003	1.93107
700000.0003	1.80166
700000.0003	1.66837
700000.0003	1.54348
700000.0003	1.41753
700000.0003	1.2997
700000.0003	1.18506
700000.0003	1.08093
700000.0003	0.976747
700000.0003	0.882561
700000.0003	0.796115
700000.0003	0.710645
700000.0003	0.636217
700000.0003	0.562932
700000.0003	0.500126
700000.0003	0.439075
700000.0003	0.386303
700000.0003	0.335907
700000.0003	0.290274
700000.0003	0.253779
700000.0003	0.218425
700000.0003	0.185708
700000.0003	0.15889
700000.0003	0.13594
700000.0003	0.114348
700000.0003	0.0970046
700000.0003	0.0813259
700000.0003	0.0689991
700000.0003	0.0580569
700000.0003	0.0489505
700000.0003	0.0411764
700000.0003	0.0348597
700000.0003	0.0289094
700000.0003	0.0248716
700000.0003	0.0210453
700000.0003	0.017851
700000.0003	0.0156164
700000.0003	0.0134168
700000.0003	0.0117774
700000.0003	0.0102221
700000.0003	0.00918942
700000.0003	0.00813704
700000.0003	0.00737697
700000.0003	0.00675668
700000.0003	0.00625052
700000.0003	0.00592473
700000.0003	0.0055415
700000.0003	0.00536923
700000.0003	0.00530664
700000.0003	0.0050837
700000.0003	0.00499526
700000.0003	0.00494561
700000.0003	0.00491453
700000.0003	0.00485828
700000.0003	0.00477931
700000.0003	0.00471273
700000.0003	0.0046861
700000.0003	0.00451098
700000.0003	0.00455786
700000.0003	0.00453681
700000.0003	0.00449752
700000.0003	0.00442467
700000.0003	0.00444341
700000.0003	0.00440517
700000.0003	0.00438562
700000.0003	0.0043562
700000.0003	0.00429498
700000.0003	0.00429499
700000.0003	0.00428285
700000.0003	0.00428331
700000.0003	0.00424755
700000.0003	0.00421448
700000.0003	0.00425803
700000.0003	0.00419876
700000.0003	0.00417613
700000.0003	0.00415712
700000.0003	0.00410373
700000.0003	0.00424183
700000.0003	0.00415907
700000.0003	0.00411625
700000.0003	0.00412605
700000.0003	0.00413034
700000.0003	0.00409809
700000.0003	0.00415025
700000.0003	0.00415944
700000.0003	0.00411804
700000.0003	0.00415696
700000.0003	0.00411495
700000.0003	0.0041408
700000.0003	0.00413347
700000.0003	0.00415388
700000.0003	0.00414738
700000.0003	0.00419217
700000.0003	0.0041968
700000.0003	0.00418745
700000.0003	0.00412638
700000.0003	0.00423017
700000.0003	0.00422487
700000.0003	0.00416339
700000.0003	0.00425527
700000.0003	0.00422469
700000.0003	0.00425674
700000.0003	0.00422382
700000.0003	0.00430126
700000.0003	0.00428876
700000.0003	0.0042894
700000.0003	0.00427469
700000.0003	0.00433888
700000.0003	0.00441132
700000.0003	0.00435601
700000.0003	0.00441714
700000.0003	0.00445743
700000.0003	0.00447958
700000.0003	0.00446719
700000.0003	0.00447301
700000.0003	0.00465882
700000.0003	0.00460886
700000.0003	0.00472807
700000.0003	0.00473462
700000.0003	0.00473926
700000.0003	0.00483157
700000.0003	0.0048425
700000.0003	0.00501766
700000.0003	0.00506716
700000.0003	0.00514237
700000.0003	0.00508553
700000.0003	0.00528858
700000.0003	0.005559
700000.0003	0.00556487
700000.0003	0.00559569
700000.0003	0.00578204
700000.0003	0.006061
700000.0003	0.00609643
700000.0003	0.0065418
700000.0003	0.00655339
700000.0003	0.00686214
700000.0003	0.00713547
700000.0003	0.00782256
700000.0003	0.00801619
700000.0003	0.00867299
700000.0003	0.00905539
700000.0003	0.00987033
700000.0003	0.0105589
700000.0003	0.011849
700000.0003	0.0133092
700000.0003	0.0154391
700000.0003	0.0178813
700000.0003	0.0211228
700000.0003	-0.000399936
700000.0003	-0.000183124
700000.0003	0.000318988
700000.0003	0.000165054
700000.0003	0.000579781
700000.0003	-0.000135529
700000.0003	-0.000248531
700000.0003	0.00221806
700000.0003	-0.00020213
700000.0003	0.0031288
700000.0003	-0.000339409
700000.0003	-0.00211212
700000.0003	0.00386809
700000.0003	0.00924211
700000.0003	0.00981295
700000.0003	0.00750842
700000.0003	-0.0136811
700000.0003	-0.00911521
700000.0003	0.0211585
700000.0003	-0.0139228
700000.0003	0.00296963
700000.0003	0.00587448
700000.0003	0.0114742
700000.0003	0.0322368
700000.0003	-0.00210068
700000.0003	-0.0126685
700000.0003	0.0129963
700000.0003	0.0267309
700000.0003	-0.0274537
700000.0003	0.0301957
700000.0003	0.0126669
700000.0003	-0.0484878
700000.0003	-0.0130495
700000.0003	0.0328549
700000.0003	0.017733
700000.0003	0.0271439
700000.0003	0.0500218
700000.0003	0.0602829
700000.0003	0.0267723
700000.0003	-0.0174345
700000.0003	0.0267609
700000.0003	0.0113416
700000.0003	0.0240036
700000.0003	-0.00214772
700000.0003	-0.0411949
700000.0003	0.00771586
700000.0003	0.0330507
700000.0003	0.0214679
700000.0003	-0.0368483
700000.0003	-0.0044034
700000.0003	0.00335909
700000.0003	0.0514731
700000.0003	0.0454687
700000.0003	0.0332516
700000.0003	-0.00928707
700000.0003	-0.0287298
700000.0003	-0.0255743
700000.0003	0.0315381
700000.0003	0.00514347
700000.0003	-0.00651179
700000.0003	-0.0155428
700000.0003	-0.00125826
700000.0003	-0.0300889
700000.0003	-0.0345394
700000.0003	-0.00386916
700000.0003	0.014734
700000.0003	0.00207706
700000.0003	0.0258299
700000.0003	-0.0210467
700000.0003	0.0129625
700000.0003	0.0141325
700000.0003	-0.0250951
700000.0003	-0.038047
700000.0003	-0.000912555
700000.0003	-0.00847503
700000.0003	-0.0409154
700000.0003	-0.0071686
700000.0003	-0.0100059
700000.0003	-0.00349553
700000.0003	-0.0230844
700000.0003	-0.027379
700000.0003	0.0541282
700000.0003	0.0107181
700000.0003	0.00972493
700000.0003	-0.0384135
700000.0003	0.0226504
700000.0003	-0.0117173
700000.0003	0.00224362
700000.0003	0.0210634
700000.0003	-0.0507983
700000.0003	0.0175483
700000.0003	0.0074353
700000.0003	0.00365041
700000.0003	0.0322061
700000.0003	-0.0249344
700000.0003	-0.0316636
700000.0003	0.0486086
700000.0003	-0.010652
700000.0003	-0.00866067
700000.0003	-0.00546325
700000.0003	0.0159753
700000.0003	0.0126264
700000.0003	-0.00362318
700000.0003	0.0182441
700000.0003	-0.0155375
700000.0003	0.0199566
700000.0003	0.0270577
700000.0003	-0.0196547
700000.0003	0.0187275
700000.0003	0.0218846
700000.0003	-0.0128213
700000.0003	0.00675007
700000.0003	-0.0372769
700000.0003	0.000119619
700000.0003	0.0036725
700000.0003	0.0197908
700000.0003	-0.0484105
700000.0003	-0.00786546
700000.0003	-0.0108893
700000.0003	0.00960311
700000.0003	-0.0484212
700000.0003	-0.0164027
700000.0003	-0.00419373
700000.0003	0.0311752
700000.0003	-0.000338749
700000.0003	-0.0328304
700000.0003	-0.024871
700000.0003	-0.0370195
700000.0003	0.0160854
700000.0003	0.0186446
700000.0003	0.0297231
700000.0003	-0.0145475
700000.0003	0.0182319
700000.0003	-0.000687545
700000.0003	0.0140559
700000.0003	0.00127621
700000.0003	0.0198812
700000.0003	-0.0251774
700000.0003	0.00605204
700000.0003	0.0200525
700000.0003	0.00489999
700000.0003	-0.0158961
700000.0003	0.012377
700000.0003	-0.00920197
700000.0003	0.0012005
700000.0003	0.0119307
700000.0003	0.0118903
700000.0003	0.00500897
700000.0003	-0.000303878
700000.0003	-0.0281628
700000.0003	0.0217315
700000.0003	-0.011858
700000.0003	0.0104214
700000.0003	-0.0176576
700000.0003	0.00748647
700000.0003	-0.0392014
700000.0003	0.0239224
700000.0003	-0.0159111
700000.0003	-0.0016074
700000.0003	-0.0151237
700000.0003	-0.0056826
700000.0003	0.0146341
700000.0003	-0.0388105
700000.0003	0.0085963
700000.0003	-0.039121
700000.0003	-0.0259207
700000.0003	0.0240527
700000.0003	-0.00777254
700000.0003	-0.0165768
700000.0003	0.0189784
700000.0003	-0.0236828
700000.0003	-0.0493323
700000.0003	-0.0163934
700000.0003	-0.0013682
700000.0003	0.0104226
700000.0003	0.00897839
700000.0003	-0.0434042
700000.0003	0.00282055
700000.0003	-0.00334431
700000.0003	0.023217
700000.0003	-0.0208497
700000.0003	0.0134599
700000.0003	0.00682036
700000.0003	0.0176867
700000.0003	0.0139212
700000.0003	0.00957693
700000.0003	0.0377264
700000.0003	0.0357496
700000.0003	0.0183489
700000.0003	-0.0245011
700000.0003	0.00709397
700000.0003	-0.0112046
700000.0003	-0.0394084
700000.0003	-0.00514201
700000.0003	0.0137699
700000.0003	0.0206199
700000.0003	0.00637207
700000.0003	0.00953452
700000.0003	-0.00623719
700000.0003	-0.00575109
700000.0003	0.0113338
700000.0003	0.0257308
700000.0003	-0.0143935
700000.0003	0.006002
700000.0003	0.0172325
700000.0003	0.00392003
700000.0003	-0.0134127
700000.0003	-0.00467596
700000.0003	0.00823212
700000.0003	0.0132924
700000.0003	-0.0175885
700000.0003	-0.0064305
700000.0003	-0.00363003
700000.0003	0.0118428
700000.0003	0.0111407
700000.0003	-0.00743061
700000.0003	-0.0132799
700000.0003	-0.0115314
700000.0003	0.0125135
700000.0003	0.0238467
700000.0003	0.00933903
700000.0003	0.00107793
700000.0003	-0.0119215
700000.0003	0.0123342
700000.0003	-0.0104304
700000.0003	-0.000777267
700000.0003	0.00669727
700000.0003	0.00272738
700000.0003	0.00029061
700000.0003	-0.000310457
700000.0003	-0.000287455
700000.0003	-0.0118036
700000.0003	0.00436895
700000.0003	-0.0139356
700000.0003	-0.00597961
700000.0003	0.00580344
700000.0003	-0.00365748
700000.0003	-0.0121483
700000.0003	-0.0101027
700000.0003	0.00418242
700000.0003	0.00512093
700000.0003	-0.00746928
700000.0003	0.00585636
700000.0003	-0.00338235
700000.0003	0.00233188
700000.0003	-0.00103937
700000.0003	-0.000268765
700000.0003	-0.000304585
700000.0003	0.000121033
700000.0003	-0.00705722
700000.0003	-0.00463007
700000.0003	0.00265635
700000.0003	-0.00183386
700000.0003	0.00562874
700000.0003	-0.00071354
700000.0003	-0.00264366
700000.0003	0.00239096
700000.0003	0.00195288
700000.0003	0.00257345
700000.0003	4.61427e-05
700000.0003	-0.00112867
700000.0003	0.00138674
700000.0003	-0.000856177
700000.0003	0.000541549
700000.0003	-0.000136578
700000.0003	3.4123e-05
700000.0003	0.00181609
700000.0003	0.0022239
700000.0003	-0.000604483
700000.0003	-0.0023395
700000.0003	0.00054671
700000.0003	-8.06591e-05
700000.0003	-0.000585306
700000.0003	-0.000255785
700000.0003	-0.000566399
700000.0003	-0.000130997
700000.0003	0.000362478
700000.0003	-0.000221014
700000.0003	-1.60358e-05
700000.0003	-0.000322832
700000.0003	-9.80915e-05
700000.0003	4.29685e-05
700000.0003	-8.3941e-05
700000.0003	-7.58571e-05
700000.0003	-1.49106e-05
700000.0003	0.000125299
700000.0003	-3.79729e-05
700000.0003	-2.2347e-05
700000.0003	-5.10362e-05
700000.0003	9.68602e-05
700000.0003	7.48147e-05
700000.0003	-1.7898e-05
700000.0003	-4.25615e-05
700000.0003	4.80872e-06
700000.0003	-2.36917e-05
700000.0003	-8.26702e-06
700000.0003	3.28681e-05
700000.0003	-3.8492e-05
700000.0003	6.66899e-05
700000.0003	6.8168e-05
700000.0003	-9.07621e-06
700000.0003	4.84806e-06
700000.0003	-1.14554e-05
700000.0003	-5.757e-05
700000.0003	3.67711e-05
700000.0003	1.34805e-05
700000.0003	-3.60547e-06
700000.0003	-4.79707e-06
700000.0003	3.60203e-05
700000.0003	-7.70149e-05
700000.0003	-1.77715e-05
700000.0003	8.39595e-06
700000.0003	2.97929e-05
700000.0003	4.59012e-06
700000.0003	-6.41884e-06
700000.0003	-3.61739e-05
700000.0003	-2.78195e-05
700000.0003	-2.04327e-05
700000.0003	-3.00625e-05
700000.0003	-8.9344e-06
700000.0003	1.68361e-05
700000.0003	-4.3899e-07
700000.0003	-1.77114e-05
700000.0003	5.66831e-05
700000.0003	2.67931e-05
700000.0003	5.92206e-05
700000.0003	-5.30499e-08
700000.0003	3.14486e-05
700000.0003	-6.05508e-05
700000.0003	4.44326e-05
700000.0003	-5.35423e-06
700000.0003	-5.50011e-05
700000.0003	-7.07085e-06
700000.0003	-2.23414e-05
700000.0003	-4.00458e-05
700000.0003	2.36525e-05
700000.0003	5.55803e-06
700000.0003	1.85905e-05
700000.0003	-5.45249e-07
700000.0003	-7.97551e-06
700000.0003	8.77774e-06
700000.0003	5.58086e-06
700000.0003	-3.38679e-05
700000.0003	1.46762e-05
700000.0003	-4.72224e-05
700000.0003	5.5085e-05
700000.0003	-4.7233e-05
700000.0003	-4.012e-06
700000.0003	1.40093e-06
700000.0003	-1.42973e-05
700000.0003	1.41737e-05
700000.0003	3.17901e-05
700000.0003	-1.08354e-05
700000.0003	2.41878e-05
700000.0003	5.72624e-05
700000.0003	1.41477e-07
700000.0003	-4.91474e-06
700000.0003	-8.35531e-06
700000.0003	-2.95848e-05
700000.0003	2.71923e-05
700000.0003	-1.94066e-06
700000.0003	3.55194e-05
700000.0003	-2.04291e-05
700000.0003	-1.49014e-05
700000.0003	-6.60035e-06
700000.0003	2.23757e-05
700000.0003	-1.2569e-05
700000.0003	-1.50866e-05
700000.0003	2.80405e-05
700000.0003	-2.54709e-05
700000.0003	-3.70301e-05
700000.0003	-3.44604e-05
700000.0003	-4.79108e-05
700000.0003	-1.87842e-05
700000.0003	-4.21117e-05
700000.0003	-1.33705e-05
700000.0003	1.41675e-05
700000.0003	6.30803e-05
700000.0003	-3.25303e-05
700000.0003	-2.80992e-05
700000.0003	-6.29269e-05
700000.0003	8.75268e-05
700000.0003	-2.80131e-05
700000.0003	-3.24687e-05
700000.0003	7.14104e-05
700000.0003	-1.92397e-05
700000.0003	-4.97566e-05
700000.0003	1.27217e-05
700000.0003	-7.67862e-05
700000.0003	8.12531e-05
700000.0003	8.22615e-05
700000.0003	-8.74939e-05
700000.0003	6.61856e-05
700000.0003	0.000106478
700000.0003	-0.000115091
700000.0003	0.000261354
700000.0003	-0.000330637
700000.0003	0.000244908
700000.0003	0.000165826
700000.0003	7.11218e-05
700000.0003	0.000248075
700000.0003	-0.000168466
700000.0003	0.000761452
700000.0003	0.000483191
700000.0003	-0.000966299
700000.0003	-9.97279e-05
700000.0003	-0.000788652
700000.0003	-0.00246761
700000.0003	0.000172829
700000.0003	0.00117393
700000.0003	-0.00118293
700000.0003	-0.00315314
700000.0003	-0.00171135
700000.0003	-0.00474161
700000.0003	0.00313973
700000.0003	-0.00537537
700000.0003	-0.00890665
700000.0003	-0.001171
700000.0003	0.0146933
700000.0003	-0.0111973
700000.0003	0.0163014
700000.0003	0.0323346
700000.0003	0.0372331
700000.0003	0.00528574
700000.0003	-0.00570314
700000.0003	-0.0167483
700000.0003	0.03027
700000.0003	-0.000812157
700000.0003	0.00760058
700000.0003	0.0297123
700000.0003	-0.00707528
700000.0003	-0.0623664
700000.0003	-0.00600405
700000.0003	0.038944
700000.0003	0.0181483
700000.0003	0.0240351
700000.0003	0.055408
700000.0003	0.049694
700000.0003	0.0287606
700000.0003	0.00326689
700000.0003	0.0172827
700000.0003	0.0164981
700000.0003	0.0167905
700000.0003	-0.00500687
700000.0003	-0.0366395
700000.0003	-0.00643145
700000.0003	0.0263931
700000.0003	0.0193253
700000.0003	-0.0379254
700000.0003	-0.0149188
700000.0003	0.0111017
700000.0003	0.0404814
700000.0003	0.0425958
700000.0003	0.0303171
700000.0003	-0.0266805
700000.0003	-0.0220761
700000.0003	-0.0265707
700000.0003	0.0330001
700000.0003	0.0106103
700000.0003	-0.00561419
700000.0003	-0.0188367
700000.0003	-0.00247057
700000.0003	-0.0294544
700000.0003	-0.0211566
700000.0003	0.013149
700000.0003	0.0214924
700000.0003	-0.00486352
700000.0003	0.0332436
700000.0003	-0.0163997
700000.0003	0.00631438
700000.0003	0.0310961
700000.0003	-0.0302487
700000.0003	-0.0320079
700000.0003	0.00560033
700000.0003	0.00179656
700000.0003	-0.0626333
700000.0003	-0.00203642
700000.0003	0.0117623
700000.0003	0.0125932
700000.0003	-0.0276762
700000.0003	-0.0199899
700000.0003	0.0545971
700000.0003	0.0131324
700000.0003	0.0121651
700000.0003	-0.0260391
700000.0003	0.0288817
700000.0003	0.0109264
700000.0003	-0.0102547
700000.0003	0.0212928
700000.0003	-0.0458496
700000.0003	0.0226244
700000.0003	0.0029272
700000.0003	0.00355528
700000.0003	0.0162433
700000.0003	-0.012023
700000.0003	-0.0188609
700000.0003	0.0591437
700000.0003	-0.0166299
700000.0003	-0.00372991
700000.0003	-0.000653944
700000.0003	0.00787156
700000.0003	0.0157104
700000.0003	0.00676708
700000.0003	0.0296922
700000.0003	0.000807263
700000.0003	0.0235081
700000.0003	0.0164241
700000.0003	-0.0197743
700000.0003	0.0139573
700000.0003	0.0271942
700000.0003	-0.000417938
700000.0003	0.0111035
700000.0003	-0.0363585
700000.0003	0.00153696
700000.0003	0.0178452
700000.0003	0.0257274
700000.0003	-0.0421372
700000.0003	-0.00448204
700000.0003	-0.0322159
700000.0003	-0.0100191
700000.0003	-0.0361825
700000.0003	-0.0200731
700000.0003	-0.010876
700000.0003	0.0435917
700000.0003	-0.00670679
700000.0003	-0.0263145
700000.0003	-0.025181
700000.0003	-0.026569
700000.0003	0.0168481
700000.0003	0.0118882
700000.0003	0.0310629
700000.0003	-0.00669832
700000.0003	0.0149782
700000.0003	0.00453247
700000.0003	0.00650268
700000.0003	-0.0108923
700000.0003	0.0193974
700000.0003	-0.0206782
700000.0003	0.00712959
700000.0003	0.0226637
700000.0003	0.00166346
700000.0003	-0.0184633
700000.0003	0.0140098
700000.0003	-0.00896359
700000.0003	0.00811646
700000.0003	0.0226683
700000.0003	0.0248147
700000.0003	-0.000445866
700000.0003	0.00409597
700000.0003	-0.0236825
700000.0003	0.0260784
700000.0003	-0.00961518
700000.0003	-0.00856478
700000.0003	-0.0109612
700000.0003	-0.0122927
700000.0003	-0.0307686
700000.0003	0.0183565
700000.0003	-0.0307567
700000.0003	0.00386774
700000.0003	-0.00370493
700000.0003	-0.00869093
700000.0003	0.0128823
700000.0003	-0.0352754
700000.0003	0.0138496
700000.0003	-0.0389499
700000.0003	-0.0312137
700000.0003	0.0340649
700000.0003	-0.0103933
700000.0003	-0.0100282
700000.0003	0.0361045
700000.0003	-0.0190919
700000.0003	-0.0469092
700000.0003	-0.0115027
700000.0003	0.00787665
700000.0003	0.00423406
700000.0003	0.0151008
700000.0003	-0.0338533
700000.0003	0.00830825
700000.0003	-0.00930846
700000.0003	0.0245185
700000.0003	-0.0192031
700000.0003	0.00621115
700000.0003	0.0151916
700000.0003	0.0304168
700000.0003	0.00479461
700000.0003	0.00292199
700000.0003	0.0409333
700000.0003	0.0418781
700000.0003	0.016726
700000.0003	-0.0254852
700000.0003	0.011175
700000.0003	-0.0118215
700000.0003	-0.039744
700000.0003	-0.00165916
700000.0003	0.0232933
700000.0003	0.01337
700000.0003	0.0129094
700000.0003	0.00713333
700000.0003	-0.00952871
700000.0003	0.00463604
700000.0003	0.0230351
700000.0003	0.0284018
700000.0003	-0.0115899
700000.0003	0.0115744
700000.0003	0.0206252
700000.0003	0.00264102
700000.0003	-0.00528693
700000.0003	0.00352092
700000.0003	0.00917087
700000.0003	0.0112798
700000.0003	-0.00697513
700000.0003	-0.0050314
700000.0003	0.00708958
700000.0003	0.00703859
700000.0003	0.00506149
700000.0003	-0.00306864
700000.0003	-0.00933763
700000.0003	-0.0142684
700000.0003	0.0181566
700000.0003	0.0249913
700000.0003	0.0140081
700000.0003	0.00147723
700000.0003	0.001309
700000.0003	0.0116905
700000.0003	-0.0118176
700000.0003	-0.00154771
700000.0003	0.0123861
700000.0003	-0.00245801
700000.0003	0.00654294
700000.0003	-0.0128044
700000.0003	-0.00199243
700000.0003	-0.00501172
700000.0003	0.00556452
700000.0003	-0.0119591
700000.0003	0.00589888
700000.0003	0.00130449
700000.0003	-0.00302726
700000.0003	-0.00451753
700000.0003	-0.00912066
700000.0003	-0.0045647
700000.0003	0.00629931
700000.0003	-0.00527375
700000.0003	-0.000787628
700000.0003	-0.00478607
700000.0003	0.0024916
700000.0003	-0.00234329
700000.0003	0.000555907
700000.0003	-0.00245141
700000.0003	-0.0019988
700000.0003	-0.010005
700000.0003	0.00651314
700000.0003	-0.000373293
700000.0003	-0.00335742
700000.0003	0.00109691
700000.0003	-8.20001e-05
700000.0003	0.00159031
700000.0003	-0.000284007
700000.0003	-0.000611719
700000.0003	0.00074069
700000.0003	-0.00024379
700000.0003	-0.00206083
700000.0003	-0.00157958
700000.0003	-0.00106669
700000.0003	0.00133248
700000.0003	-0.00155467
700000.0003	-0.000189571
700000.0003	-0.00165966
700000.0003	0.000694417
700000.0003	0.000977854
700000.0003	0.000319043
700000.0003	-6.70294e-05
700000.0003	-0.000748633
700000.0003	-0.000228973
700000.0003	-0.000327631
700000.0003	-0.000681212
700000.0003	-0.000485955
700000.0003	-0.000186379
700000.0003	0.000413315
700000.0003	0.000288464
700000.0003	-0.000718
700000.0003	0.000236934
700000.0003	0.00067278
700000.0003	0.000622675
700000.0003	0.000251704
700000.0003	0.000117567
700000.0003	0.000287221
700000.0003	0.000126213
700000.0003	-0.000101768
700000.0003	-0.000115308
700000.0003	5.11065e-05
700000.0003	-1.05966e-05
700000.0003	0.000100303
700000.0003	0.000145494
700000.0003	7.78514e-06
700000.0003	-0.000101337
700000.0003	-3.90024e-05
700000.0003	-2.34279e-05
700000.0003	-3.08562e-05
700000.0003	3.41482e-05
700000.0003	-4.10162e-05
700000.0003	-1.00417e-06
700000.0003	1.53807e-06
700000.0003	1.11602e-05
700000.0003	-6.9659e-05
700000.0003	-5.31907e-05
700000.0003	6.22536e-05
700000.0003	-9.66293e-05
700000.0003	7.44525e-05
700000.0003	-2.5703e-05
700000.0003	4.20682e-05
700000.0003	4.68272e-05
700000.0003	-4.36364e-05
700000.0003	-3.63533e-05
700000.0003	9.4421e-05
700000.0003	4.32612e-05
700000.0003	3.19152e-05
700000.0003	-1.84465e-06
700000.0003	-2.24348e-05
700000.0003	-9.92947e-06
700000.0003	-2.41333e-05
700000.0003	-9.52149e-06
700000.0003	-1.98492e-05
700000.0003	2.78964e-05
700000.0003	-1.73532e-05
700000.0003	6.3809e-05
700000.0003	6.80914e-06
700000.0003	3.26454e-05
700000.0003	-8.48182e-05
700000.0003	-3.99615e-05
700000.0003	2.6927e-06
700000.0003	3.39949e-05
700000.0003	-9.66474e-06
700000.0003	2.69533e-05
700000.0003	-1.91362e-05
700000.0003	-6.49407e-06
700000.0003	-6.34925e-05
700000.0003	3.20649e-05
700000.0003	-2.61389e-05
700000.0003	-4.54469e-05
700000.0003	2.68544e-05
700000.0003	-3.51418e-05
700000.0003	-1.73875e-05
700000.0003	2.83294e-05
700000.0003	-2.11868e-05
700000.0003	5.02384e-05
700000.0003	5.7382e-05
700000.0003	9.155e-05
700000.0003	9.60105e-07
700000.0003	-1.10454e-05
700000.0003	2.98393e-05
700000.0003	-3.10256e-05
700000.0003	-3.4738e-05
700000.0003	9.22279e-05
700000.0003	2.19426e-05
700000.0003	-3.26502e-05
700000.0003	-7.03725e-05
700000.0003	3.21788e-07
700000.0003	1.68658e-05
700000.0003	1.4678e-05
700000.0003	-1.96122e-05
700000.0003	7.70998e-05
700000.0003	-7.09863e-06
700000.0003	-4.96149e-05
700000.0003	-3.3551e-05
700000.0003	3.02238e-05
700000.0003	6.04595e-05
700000.0003	-4.51352e-05
700000.0003	6.08112e-05
700000.0003	0.000107666
700000.0003	-2.87631e-06
700000.0003	3.6724e-05
700000.0003	1.74642e-06
700000.0003	-4.39614e-05
700000.0003	-0.000110442
700000.0003	8.18575e-06
700000.0003	-4.37573e-05
700000.0003	-2.13236e-06
700000.0003	1.96247e-05
700000.0003	6.17002e-05
700000.0003	5.98815e-05
700000.0003	-8.06584e-05
700000.0003	2.63538e-06
700000.0003	8.31375e-05
700000.0003	-3.67233e-06
700000.0003	-1.8672e-05
700000.0003	0.000145709
700000.0003	1.09477e-05
700000.0003	2.30588e-05
700000.0003	-1.35312e-06
700000.0003	3.78405e-05
700000.0003	-4.88392e-05
700000.0003	7.39522e-05
700000.0003	2.41774e-05
700000.0003	-2.76084e-05
700000.0003	6.09226e-05
700000.0003	0.000202672
700000.0003	-8.60002e-05
700000.0003	7.39155e-05
700000.0003	0.000252963
700000.0003	-0.000108561
700000.0003	0.0183803
700000.0003	0.0240737
700000.0003	0.0368175
700000.0003	0.0600261
700000.0003	0.101667
700000.0003	0.166901
700000.0003	0.265489
700000.0003	0.409493
700000.0003	0.60663
700000.0003	0.877664
700000.0003	1.24644
700000.0003	1.76255
700000.0003	2.43911
700000.0003	3.34702
700000.0003	4.47966
700000.0003	5.82839
700000.0003	7.42833
700000.0003	9.26169
700000.0003	11.2531
700000.0003	13.3368
700000.0003	15.3309
700000.0003	16.9739
700000.0003	18.163
700000.0003	19.065
700000.0003	19.4573
700000.0003	19.665
700000.0003	19.7139
700000.0003	19.5475
700000.0003	19.3387
700000.0003	19.1136
700000.0003	18.8044
700000.0003	18.5569
700000.0003	18.3322
700000.0003	17.9702
700000.0003	17.743
700000.0003	17.3759
700000.0003	17.273
700000.0003	16.9203
700000.0003	16.6608
700000.0003	16.2621
700000.0003	15.9975
700000.0003	15.7306
700000.0003	15.4175
700000.0003	15.0889
700000.0003	14.854
700000.0003	14.6415
700000.0003	14.3968
700000.0003	14.2112
700000.0003	14.0282
700000.0003	13.9339
700000.0003	13.8453
700000.0003	13.5681
700000.0003	13.4676
700000.0003	13.3098
700000.0003	13.2166
700000.0003	13.0482
700000.0003	12.9818
700000.0003	12.7918
700000.0003	12.7708
700000.0003	12.6723
700000.0003	12.5011
700000.0003	12.4811
700000.0003	12.3951
700000.0003	12.3174
700000.0003	12.2571
700000.0003	12.1909
700000.0003	12.1186
700000.0003	12.0989
700000.0003	11.9521
700000.0003	11.9578
700000.0003	11.913
700000.0003	11.7785
700000.0003	11.8145
700000.0003	11.7317
700000.0003	11.75
700000.0003	11.6203
700000.0003	11.5928
700000.0003	11.5314
700000.0003	11.4841
700000.0003	11.3908
700000.0003	11.4671
700000.0003	11.4203
700000.0003	11.3027
700000.0003	11.2763
700000.0003	11.2028
700000.0003	11.3056
700000.0003	11.181
700000.0003	11.2273
700000.0003	11.2043
700000.0003	11.0464
700000.0003	11.1574
700000.0003	11.1118
700000.0003	11.006
700000.0003	11.0754
700000.0003	11.031
700000.0003	11.0329
700000.0003	11.0533
700000.0003	10.9931
700000.0003	11.0157
700000.0003	10.93
700000.0003	10.8583
700000.0003	10.903
700000.0003	10.9205
700000.0003	10.8987
700000.0003	10.8526
700000.0003	10.8693
700000.0003	10.886
700000.0003	10.8304
700000.0003	10.8025
700000.0003	10.8353
700000.0003	10.7229
700000.0003	10.779
700000.0003	10.7799
700000.0003	10.6969
700000.0003	10.7568
700000.0003	10.7672
700000.0003	10.7668
700000.0003	10.7325
700000.0003	10.737
700000.0003	10.6934
700000.0003	10.6786
700000.0003	10.7067
700000.0003	10.6507
700000.0003	10.6786
700000.0003	10.7197
700000.0003	10.6969
700000.0003	10.6581
700000.0003	10.634
700000.0003	10.6567
700000.0003	10.6846
700000.0003	10.6712
700000.0003	10.6402
700000.0003	10.6784
700000.0003	10.6177
700000.0003	10.6475
700000.0003	10.6796
700000.0003	10.65
700000.0003	10.6624
700000.0003	10.6467
700000.0003	10.6069
700000.0003	10.5859
700000.0003	10.6397
700000.0003	10.6703
700000.0003	10.6419
700000.0003	10.6191
700000.0003	10.63
700000.0003	10.5412
700000.0003	10.5712
700000.0003	10.5614
700000.0003	10.5212
700000.0003	10.6093
700000.0003	10.4939
700000.0003	10.4536
700000.0003	10.3898
700000.0003	10.452
700000.0003	10.3318
700000.0003	10.3579
700000.0003	10.2185
700000.0003	10.3063
700000.0003	10.2488
700000.0003	10.2013
700000.0003	10.1796
700000.0003	10.1797
700000.0003	10.0501
700000.0003	10.0258
700000.0003	9.97881
700000.0003	9.95749
700000.0003	9.86613
700000.0003	9.84379
700000.0003	9.79075
700000.0003	9.69434
700000.0003	9.68154
700000.0003	9.58555
700000.0003	9.55824
700000.0003	9.50197
700000.0003	9.41484
700000.0003	9.32678
700000.0003	9.37249
700000.0003	9.22023
700000.0003	9.12781
700000.0003	9.10399
700000.0003	9.07036
700000.0003	8.94579
700000.0003	8.77912
700000.0003	8.86727
700000.0003	8.77448
700000.0003	8.72748
700000.0003	8.61669
700000.0003	8.50082
700000.0003	8.51164
700000.0003	8.43121
700000.0003	8.33112
700000.0003	8.26066
700000.0003	8.18035
700000.0003	8.05563
700000.0003	8.02973
700000.0003	7.9487
700000.0003	7.85377
700000.0003	7.80655
700000.0003	7.68057
700000.0003	7.62767
700000.0003	7.5084
700000.0003	7.4752
700000.0003	7.35841
700000.0003	7.2755
700000.0003	7.18234
700000.0003	7.1697
700000.0003	7.07249
700000.0003	6.98276
700000.0003	6.89571
700000.0003	6.84097
700000.0003	6.79813
700000.0003	6.71539
700000.0003	6.60028
700000.0003	6.53202
700000.0003	6.49832
700000.0003	6.39409
700000.0003	6.34283
700000.0003	6.27576
700000.0003	6.18715
700000.0003	6.11773
700000.0003	6.08078
700000.0003	6.02061
700000.0003	5.94824
700000.0003	5.92319
700000.0003	5.85362
700000.0003	5.8061
700000.0003	5.77832
700000.0003	5.74299
700000.0003	5.7108
700000.0003	5.65724
700000.0003	5.64031
700000.0003	5.59031
700000.0003	5.59
700000.0003	5.54204
700000.0003	5.48442
700000.0003	5.43504
700000.0003	5.36899
700000.0003	5.31641
700000.0003	5.20984
700000.0003	5.12359
700000.0003	4.97417
700000.0003	4.83934
700000.0003	4.6625
700000.0003	4.47258
700000.0003	4.25738
700000.0003	4.03778
700000.0003	3.80136
700000.0003	3.52947
700000.0003	3.28717
700000.0003	3.03384
700000.0003	2.78606
700000.0003	2.55626
700000.0003	2.33782
700000.0003	2.12196
700000.0003	1.93311
700000.0003	1.74474
700000.0003	1.57633
700000.0003	1.42522
700000.0003	1.28243
700000.0003	1.15065
700000.0003	1.03321
700000.0003	0.923062
700000.0003	0.826001
700000.0003	0.732051
700000.0003	0.649687
700000.0003	0.575766
700000.0003	0.506605
700000.0003	0.446005
700000.0003	0.390309
700000.0003	0.338633
700000.0003	0.293558
700000.0003	0.255567
700000.0003	0.219671
700000.0003	0.187619
700000.0003	0.160818
700000.0003	0.136713
700000.0003	0.115948
700000.0003	0.0975422
700000.0003	0.0824995
700000.0003	0.0690478
700000.0003	0.0579102
700000.0003	0.0484911
700000.0003	0.0400231
700000.0003	0.0337819
700000.0003	0.0283296
700000.0003	0.0236312
700000.0003	0.0202173
700000.0003	0.0171548
700000.0003	0.0146686
700000.0003	0.0124403
700000.0003	0.0108238
700000.0003	0.00944252
700000.0003	0.00834038
700000.0003	0.00753018
700000.0003	0.00665151
700000.0003	0.00620025
700000.0003	0.00578216
700000.0003	0.00547245
700000.0003	0.00526989
700000.0003	0.00509384
700000.0003	0.00510673
700000.0003	0.00492749
700000.0003	0.00482254
700000.0003	0.00473915
700000.0003	0.00468366
700000.0003	0.00464403
700000.0003	0.00458741
700000.0003	0.00450012
700000.0003	0.00449206
700000.0003	0.00445398
700000.0003	0.00441965
700000.0003	0.00434991
700000.0003	0.0043548
700000.0003	0.00427458
700000.0003	0.00433137
700000.0003	0.00425564
700000.0003	0.00426719
700000.0003	0.00426071
700000.0003	0.00422504
700000.0003	0.00419206
700000.0003	0.00417843
700000.0003	0.00415842
700000.0003	0.00417566
700000.0003	0.00413822
700000.0003	0.00418019
700000.0003	0.00413638
700000.0003	0.0041227
700000.0003	0.00414269
700000.0003	0.00413706
700000.0003	0.00409875
700000.0003	0.00410255
700000.0003	0.00411777
700000.0003	0.0041116
700000.0003	0.00412083
700000.0003	0.00409465
700000.0003	0.00403456
700000.0003	0.00409901
700000.0003	0.00410738
700000.0003	0.00410439
700000.0003	0.00409689
700000.0003	0.0041162
700000.0003	0.00410427
700000.0003	0.00409607
700000.0003	0.00411442
700000.0003	0.00409991
700000.0003	0.0041027
700000.0003	0.00416763
700000.0003	0.00416464
700000.0003	0.00416731
700000.0003	0.0041599
700000.0003	0.0041627
700000.0003	0.00416436
700000.0003	0.0042142
700000.0003	0.00418188
700000.0003	0.00422599
700000.0003	0.00418619
700000.0003	0.00425766
700000.0003	0.00426544
700000.0003	0.00429005
700000.0003	0.00427572
700000.0003	0.00430889
700000.0003	0.00432745
700000.0003	0.00435735
700000.0003	0.00439708
700000.0003	0.0044204
700000.0003	0.00443479
700000.0003	0.00444785
700000.0003	0.00446736
700000.0003	0.00456275
700000.0003	0.00457273
700000.0003	0.00463577
700000.0003	0.00467149
700000.0003	0.0047079
700000.0003	0.00480286
700000.0003	0.00489155
700000.0003	0.00501952
700000.0003	0.00510926
700000.0003	0.00519247
700000.0003	0.00534202
700000.0003	0.00537391
700000.0003	0.00549519
700000.0003	0.00576061
700000.0003	0.0058918
700000.0003	0.00610741
700000.0003	0.00632378
700000.0003	0.00653446
700000.0003	0.00692206
700000.0003	0.00712457
700000.0003	0.00762064
700000.0003	0.00813272
700000.0003	0.00875402
700000.0003	0.00933914
700000.0003	0.00994626
700000.0003	0.0109252
700000.0003	0.0117711
700000.0003	0.012544
700000.0003	0.0139476
700000.0003	0.0152118
700000.0003	0.0164309
