700000.0003	65.5468
700000.0003	115.784
700000.0003	193.28
700000.0003	313.606
700000.0003	481.214
700000.0003	699.853
700000.0003	960.185
700000.0003	1261.41
700000.0003	1593.65
700000.0003	1966.56
700000.0003	2395.36
700000.0003	2855.2
700000.0003	3295.31
700000.0003	3646.59
700000.0003	3806.97
700000.0003	3733.32
700000.0003	3448.74
700000.0003	3047.16
700000.0003	2590.24
700000.0003	2143.94
700000.0003	1728.67
700000.0003	1361.35
700000.0003	1056.75
700000.0003	806.29
700000.0003	610.698
700000.0003	459.64
700000.0003	346.558
700000.0003	264.081
700000.0003	200.458
700000.0003	153.302
700000.0003	116.6
700000.0003	89.8311
700000.0003	70.4719
700000.0003	55.9092
700000.0003	43.8026
700000.0003	34.1155
700000.0003	26.5195
700000.0003	21.9724
700000.0003	17.2872
700000.0003	14.1941
700000.0003	12.3879
700000.0003	8.10174
700000.0003	7.81497
700000.0003	6.60527
700000.0003	6.26923
700000.0003	5.50623
700000.0003	4.47895
700000.0003	3.69363
700000.0003	5.1139
700000.0003	3.92355
700000.0003	3.29706
700000.0003	3.31331
700000.0003	2.88104
700000.0003	3.60303
700000.0003	2.50328
700000.0003	2.06563
700000.0003	2.74375
700000.0003	3.27738
700000.0003	1.97422
700000.0003	1.04817
700000.0003	1.01817
700000.0003	2.85489
700000.0003	1.79105
700000.0003	1.24704
700000.0003	2.04548
700000.0003	0.859591
700000.0003	1.02685
700000.0003	2.30017
700000.0003	1.58403
700000.0003	0.639563
700000.0003	0.944918
700000.0003	1.422
700000.0003	0.473083
700000.0003	1.84602
700000.0003	0.444561
700000.0003	0.603664
700000.0003	1.14674
700000.0003	0.418695
700000.0003	1.51867
700000.0003	0.855444
700000.0003	0.528405
700000.0003	1.33093
700000.0003	1.4922
700000.0003	0.401214
700000.0003	0.36868
700000.0003	-0.544257
700000.0003	0.753815
700000.0003	1.02041
700000.0003	-0.0122619
700000.0003	0.164783
700000.0003	-0.499628
700000.0003	0.503578
700000.0003	0.426649
700000.0003	0.770294
700000.0003	0.0992755
700000.0003	0.00633521
700000.0003	0.759909
700000.0003	0.835454
700000.0003	-0.0730421
700000.0003	1.48013
700000.0003	1.80967
700000.0003	-0.351333
700000.0003	-0.0792658
700000.0003	-0.0118434
700000.0003	-0.0914563
700000.0003	0.702822
700000.0003	0.756621
700000.0003	-0.244598
700000.0003	0.331717
700000.0003	0.402609
700000.0003	-0.6148
700000.0003	1.06283
700000.0003	-0.461012
700000.0003	-0.344531
700000.0003	-0.228574
700000.0003	-0.506477
700000.0003	0.0114982
700000.0003	0.205047
700000.0003	0.889608
700000.0003	0.933289
700000.0003	0.810561
700000.0003	-1.40483
700000.0003	0.162096
700000.0003	0.385625
700000.0003	0.907027
700000.0003	-0.42888
700000.0003	-0.781402
700000.0003	0.480513
700000.0003	-0.173692
700000.0003	0.257171
700000.0003	0.128739
700000.0003	-0.0827632
700000.0003	-0.490311
700000.0003	0.222337
700000.0003	0.388779
700000.0003	1.21096
700000.0003	0.26187
700000.0003	0.214879
700000.0003	-0.414422
700000.0003	-0.409751
700000.0003	-0.528022
700000.0003	-0.59949
700000.0003	-1.21122
700000.0003	-0.685722
700000.0003	-1.4484
700000.0003	-1.38139
700000.0003	0.451088
700000.0003	-0.125045
700000.0003	0.488758
700000.0003	0.153985
700000.0003	-2.1636
700000.0003	-0.670705
700000.0003	0.047464
700000.0003	-2.62496
700000.0003	-0.877389
700000.0003	-1.10555
700000.0003	-1.53633
700000.0003	-1.42224
700000.0003	-1.5828
700000.0003	-2.83162
700000.0003	-1.22953
700000.0003	-1.8743
700000.0003	-2.5578
700000.0003	-1.04985
700000.0003	-1.41799
700000.0003	-2.18199
700000.0003	-2.20382
700000.0003	-2.75912
700000.0003	-2.63175
700000.0003	-2.62696
700000.0003	-3.77239
700000.0003	-2.73019
700000.0003	-3.22824
700000.0003	-3.38931
700000.0003	-2.69844
700000.0003	-3.83381
700000.0003	-4.81544
700000.0003	-3.95183
700000.0003	-3.45468
700000.0003	-2.70667
700000.0003	-4.24691
700000.0003	-5.03271
700000.0003	-3.27918
700000.0003	-4.32775
700000.0003	-6.0836
700000.0003	-5.77831
700000.0003	-6.37453
700000.0003	-5.17873
700000.0003	-5.36401
700000.0003	-6.55152
700000.0003	-7.27096
700000.0003	-5.81795
700000.0003	-6.99927
700000.0003	-6.65034
700000.0003	-6.79593
700000.0003	-8.41238
700000.0003	-7.74589
700000.0003	-8.85254
700000.0003	-8.84181
700000.0003	-9.77053
700000.0003	-9.24163
700000.0003	-10.0748
700000.0003	-10.5458
700000.0003	-11.535
700000.0003	-11.2065
700000.0003	-13.0388
700000.0003	-13.2612
700000.0003	-14.7314
700000.0003	-16.9834
700000.0003	-16.7128
700000.0003	-16.6774
700000.0003	-16.8646
700000.0003	-18.3707
700000.0003	-21.6171
700000.0003	-19.64
700000.0003	-23.7247
700000.0003	-26.9434
700000.0003	-28.503
700000.0003	-30.1157
700000.0003	-32.4748
700000.0003	-35.5884
700000.0003	-39.1391
700000.0003	-43.7986
700000.0003	-47.3749
700000.0003	-53.0886
700000.0003	-60.2855
700000.0003	-68.5931
700000.0003	-76.6408
700000.0003	-90.8709
700000.0003	-102.681
700000.0003	-116.253
700000.0003	-134.58
700000.0003	-156.067
700000.0003	-181.313
700000.0003	-214.8
700000.0003	-247.861
700000.0003	-285.555
700000.0003	-336.2
700000.0003	-391.25
700000.0003	-453.359
700000.0003	-522.816
700000.0003	-598.677
700000.0003	-683.379
700000.0003	-775.035
700000.0003	-869.551
700000.0003	-966.273
700000.0003	-1064.15
700000.0003	-1157.19
700000.0003	-1246.69
700000.0003	-1327.89
700000.0003	-1397.7
700000.0003	-1452.62
700000.0003	-1488.63
700000.0003	-1509.74
700000.0003	-1514.8
700000.0003	-1500.28
700000.0003	-1477.75
700000.0003	-1433.61
700000.0003	-1388.13
700000.0003	-1330.67
700000.0003	-1271.72
700000.0003	-1209.21
700000.0003	-1136.6
700000.0003	-1072.47
700000.0003	-1009.76
700000.0003	-938.919
700000.0003	-868.861
700000.0003	-801.199
700000.0003	-738.076
700000.0003	-670.604
700000.0003	-611.909
700000.0003	-552.414
700000.0003	-496.192
700000.0003	-444.08
700000.0003	-391.344
700000.0003	-347.492
700000.0003	-305.322
700000.0003	-267.093
700000.0003	-235.597
700000.0003	-205.22
700000.0003	-178.515
700000.0003	-154.179
700000.0003	-134.874
700000.0003	-118.568
700000.0003	-106.032
700000.0003	-93.5316
700000.0003	-84.9699
700000.0003	-76.5132
700000.0003	-69.9636
700000.0003	-65.5724
700000.0003	-60.5514
700000.0003	-57.0809
700000.0003	-54.1038
700000.0003	-52.4025
700000.0003	-48.984
700000.0003	-46.8459
700000.0003	-46.4221
700000.0003	-45.377
700000.0003	-44.3068
700000.0003	-43.4999
700000.0003	-42.4845
700000.0003	-42.1045
700000.0003	-41.7206
700000.0003	-41.7362
700000.0003	-42.2406
700000.0003	-41.6306
700000.0003	-41.2811
700000.0003	-41.9195
700000.0003	-41.146
700000.0003	-42.2931
700000.0003	-41.2373
700000.0003	-41.1769
700000.0003	-40.5865
700000.0003	-40.8858
700000.0003	-41.5576
700000.0003	-40.3432
700000.0003	-40.4036
700000.0003	-40.646
700000.0003	-40.683
700000.0003	-40.8494
700000.0003	-40.8679
700000.0003	-39.74
700000.0003	-40.858
700000.0003	-40.4683
700000.0003	-39.34
700000.0003	-39.2883
700000.0003	-40.2402
700000.0003	-40.0266
700000.0003	-40.7821
700000.0003	-40.6646
700000.0003	-40.9503
700000.0003	-39.6283
700000.0003	-40.9017
700000.0003	-39.9912
700000.0003	-40.2257
700000.0003	-40.1514
700000.0003	-40.155
700000.0003	-40.6108
700000.0003	-40.7869
700000.0003	-41.1081
700000.0003	-40.5912
700000.0003	-40.8854
700000.0003	-40.3203
700000.0003	-40.4451
700000.0003	-40.5822
700000.0003	-39.9377
700000.0003	-38.662
700000.0003	-39.7164
700000.0003	-39.2223
700000.0003	-39.5806
700000.0003	-39.4087
700000.0003	-39.0262
700000.0003	-39.5048
700000.0003	-40.5151
700000.0003	-40.2418
700000.0003	-39.7063
700000.0003	-40.2928
700000.0003	-40.1174
700000.0003	-40.1134
700000.0003	-39.2983
700000.0003	-39.5667
700000.0003	-39.2832
700000.0003	-38.702
700000.0003	-39.3818
700000.0003	-39.2292
700000.0003	-39.7085
700000.0003	-39.5977
700000.0003	-38.8353
700000.0003	-39.1187
700000.0003	-38.867
700000.0003	-38.802
700000.0003	-39.8442
700000.0003	-38.1924
700000.0003	-38.3343
700000.0003	-37.4681
700000.0003	-39.0374
700000.0003	-37.6852
700000.0003	-38.9147
700000.0003	-38.4095
700000.0003	-37.7265
700000.0003	-36.8141
700000.0003	-38.2718
700000.0003	-37.7355
700000.0003	-36.4709
700000.0003	-36.5075
700000.0003	-34.9797
700000.0003	-34.9285
700000.0003	-34.8881
700000.0003	-33.3609
700000.0003	-32.3678
700000.0003	-31.4954
700000.0003	-29.3365
700000.0003	-27.042
700000.0003	-23.6292
700000.0003	-19.3867
700000.0003	-14.6917
700000.0003	-6.34698
700000.0003	3.33074
700000.0003	17.7341
700000.0003	36.1369
700000.0003	0.395029
700000.0003	0.847221
700000.0003	-0.880979
700000.0003	1.31192
700000.0003	-1.52539
700000.0003	-1.02921
700000.0003	-1.17131
700000.0003	-0.165502
700000.0003	1.15462
700000.0003	-3.4416
700000.0003	-1.17571
700000.0003	2.55247
700000.0003	1.41787
700000.0003	3.4444
700000.0003	-1.11237
700000.0003	4.4959
700000.0003	0.900127
700000.0003	0.243406
700000.0003	-3.27107
700000.0003	-0.0879607
700000.0003	-1.90048
700000.0003	-2.56209
700000.0003	2.35643
700000.0003	-0.384929
700000.0003	1.42191
700000.0003	-0.548574
700000.0003	-1.03832
700000.0003	-0.680828
700000.0003	-0.665445
700000.0003	0.254236
700000.0003	0.644815
700000.0003	1.09709
700000.0003	-0.407155
700000.0003	-1.92109
700000.0003	-0.422633
700000.0003	0.150309
700000.0003	0.266816
700000.0003	0.490126
700000.0003	0.415689
700000.0003	-0.11189
700000.0003	-0.779708
700000.0003	0.164326
700000.0003	0.261351
700000.0003	0.338888
700000.0003	0.189084
700000.0003	0.652117
700000.0003	-1.33258
700000.0003	-0.633668
700000.0003	-0.079811
700000.0003	-0.0633808
700000.0003	-0.311544
700000.0003	-0.396945
700000.0003	-0.497746
700000.0003	1.10841
700000.0003	-0.0821179
700000.0003	0.623807
700000.0003	-0.191715
700000.0003	0.0852062
700000.0003	0.461883
700000.0003	-0.383246
700000.0003	-0.344878
700000.0003	-0.402335
700000.0003	0.663915
700000.0003	1.08101
700000.0003	-0.486249
700000.0003	-0.584596
700000.0003	0.00842571
700000.0003	-0.3107
700000.0003	0.568315
700000.0003	0.162277
700000.0003	0.180581
700000.0003	0.197411
700000.0003	-0.778764
700000.0003	0.333837
700000.0003	-0.809138
700000.0003	0.274922
700000.0003	0.943598
700000.0003	-0.214943
700000.0003	-1.52688
700000.0003	0.303488
700000.0003	0.372961
700000.0003	-0.351283
700000.0003	0.228277
700000.0003	0.938749
700000.0003	0.155156
700000.0003	-0.159197
700000.0003	0.963367
700000.0003	0.137315
700000.0003	-0.247356
700000.0003	-0.912287
700000.0003	-0.991048
700000.0003	-0.419009
700000.0003	0.453936
700000.0003	0.0846753
700000.0003	-0.705454
700000.0003	0.280283
700000.0003	1.08663
700000.0003	0.297195
700000.0003	-0.724134
700000.0003	-0.625069
700000.0003	0.529319
700000.0003	-0.786937
700000.0003	0.165439
700000.0003	0.462505
700000.0003	0.225752
700000.0003	0.806977
700000.0003	-0.965095
700000.0003	-0.188476
700000.0003	-0.0861926
700000.0003	0.178689
700000.0003	1.13639
700000.0003	-0.546103
700000.0003	-0.717616
700000.0003	-0.627993
700000.0003	1.02548
700000.0003	0.097124
700000.0003	-0.157725
700000.0003	-0.493105
700000.0003	1.0607
700000.0003	0.0699659
700000.0003	-0.664366
700000.0003	0.32107
700000.0003	-0.03172
700000.0003	-0.202135
700000.0003	0.975758
700000.0003	0.0931903
700000.0003	0.0409539
700000.0003	-0.0205098
700000.0003	-0.826256
700000.0003	-0.188224
700000.0003	0.155574
700000.0003	-0.567104
700000.0003	-0.00773437
700000.0003	0.620365
700000.0003	-0.0457769
700000.0003	0.164814
700000.0003	-0.194963
700000.0003	-0.618499
700000.0003	0.978711
700000.0003	0.317088
700000.0003	0.506388
700000.0003	-0.442399
700000.0003	0.177996
700000.0003	-0.564649
700000.0003	0.235128
700000.0003	-0.270511
700000.0003	-0.424131
700000.0003	0.462465
700000.0003	-0.440901
700000.0003	-0.0574399
700000.0003	-0.468961
700000.0003	0.607878
700000.0003	-0.235327
700000.0003	-0.0719278
700000.0003	0.34416
700000.0003	-0.137647
700000.0003	0.800406
700000.0003	-0.711811
700000.0003	0.543487
700000.0003	-0.291665
700000.0003	-0.259099
700000.0003	-1.18454
700000.0003	0.537413
700000.0003	0.298461
700000.0003	-0.0646537
700000.0003	-0.356725
700000.0003	1.14521
700000.0003	-0.553315
700000.0003	0.0604021
700000.0003	0.00460124
700000.0003	-0.174559
700000.0003	0.55861
700000.0003	0.940444
700000.0003	0.125978
700000.0003	-0.194104
700000.0003	-0.357166
700000.0003	0.10394
700000.0003	-0.930241
700000.0003	1.21248
700000.0003	-1.07152
700000.0003	-0.0254902
700000.0003	-0.356635
700000.0003	1.39679
700000.0003	-0.141363
700000.0003	-1.45213
700000.0003	0.181774
700000.0003	-0.431824
700000.0003	1.17177
700000.0003	-1.01972
700000.0003	-0.605116
700000.0003	-0.000700992
700000.0003	1.36222
700000.0003	-0.0973119
700000.0003	-1.21329
700000.0003	1.21513
700000.0003	0.523698
700000.0003	0.503899
700000.0003	0.280462
700000.0003	-0.592077
700000.0003	0.483839
700000.0003	-0.570105
700000.0003	0.16868
700000.0003	-0.0489453
700000.0003	-0.334176
700000.0003	-1.15499
700000.0003	0.58181
700000.0003	-0.352468
700000.0003	0.51693
700000.0003	1.28424
700000.0003	-0.559098
700000.0003	0.586869
700000.0003	-1.06605
700000.0003	-0.22717
700000.0003	-0.266561
700000.0003	1.62224
700000.0003	-1.20634
700000.0003	-0.791106
700000.0003	0.60716
700000.0003	0.611034
700000.0003	-0.285683
700000.0003	0.405118
700000.0003	-0.0320594
700000.0003	0.804709
700000.0003	-1.07433
700000.0003	0.609571
700000.0003	-0.472609
700000.0003	-0.137881
700000.0003	0.142521
700000.0003	0.652823
700000.0003	0.219437
700000.0003	-0.927851
700000.0003	-1.26647
700000.0003	-0.621152
700000.0003	1.32472
700000.0003	-2.24321
700000.0003	1.07284
700000.0003	0.20824
700000.0003	-0.904786
700000.0003	-1.43627
700000.0003	0.899437
700000.0003	0.163203
700000.0003	-0.0455399
700000.0003	0.413897
700000.0003	-3.64758
700000.0003	4.10227
700000.0003	-2.64133
700000.0003	-0.0824773
700000.0003	-1.02574
700000.0003	-1.15461
700000.0003	2.25668
700000.0003	0.702753
700000.0003	-0.49508
700000.0003	0.274549
700000.0003	1.06518
700000.0003	0.0673627
700000.0003	-1.02033
700000.0003	0.712486
700000.0003	-0.548206
700000.0003	-2.21895
700000.0003	0.88639
700000.0003	-0.761451
700000.0003	2.47475
700000.0003	3.67331
700000.0003	0.711338
700000.0003	-0.516423
700000.0003	2.07018
700000.0003	0.647367
700000.0003	0.114257
700000.0003	-0.393674
700000.0003	-0.58721
700000.0003	-0.0196432
700000.0003	0.972677
700000.0003	-1.23036
700000.0003	-2.28207
700000.0003	2.12469
700000.0003	0.581894
700000.0003	-1.41323
700000.0003	-0.697635
700000.0003	1.48652
700000.0003	0.213578
700000.0003	1.23077
700000.0003	-0.818579
700000.0003	-0.190466
700000.0003	0.0879483
700000.0003	-0.59227
700000.0003	-0.927779
700000.0003	-0.676906
700000.0003	0.695151
700000.0003	-0.26216
700000.0003	-0.218854
700000.0003	0.82011
700000.0003	0.203729
700000.0003	-0.640152
700000.0003	-0.0617855
700000.0003	0.503605
700000.0003	0.403557
700000.0003	-0.292371
700000.0003	-0.41247
700000.0003	-0.177754
700000.0003	-0.652593
700000.0003	-0.470654
700000.0003	0.177103
700000.0003	-0.96953
700000.0003	0.456961
700000.0003	-0.439795
700000.0003	0.522865
700000.0003	0.00660991
700000.0003	1.36571
700000.0003	0.549717
700000.0003	-0.307481
700000.0003	-0.796392
700000.0003	-1.37797
700000.0003	0.287896
700000.0003	-0.184844
700000.0003	-0.048392
700000.0003	-0.102344
700000.0003	0.396061
700000.0003	-0.186725
700000.0003	-0.0829307
700000.0003	-0.411742
700000.0003	-0.104926
700000.0003	0.553188
700000.0003	0.245005
700000.0003	0.564172
700000.0003	0.14035
700000.0003	-0.301639
700000.0003	-0.153927
700000.0003	-0.100389
700000.0003	-0.147835
700000.0003	0.102734
700000.0003	-0.116423
700000.0003	0.489957
700000.0003	-0.1219
700000.0003	-0.0800307
700000.0003	-0.395189
700000.0003	-0.277226
700000.0003	-0.0620384
700000.0003	-0.0952049
700000.0003	-0.464146
700000.0003	-0.194605
700000.0003	0.861293
700000.0003	-0.412918
700000.0003	-0.0520199
700000.0003	-0.0453354
700000.0003	0.429982
700000.0003	0.439893
700000.0003	-0.144528
700000.0003	-0.282658
700000.0003	-0.161445
700000.0003	0.496834
700000.0003	-0.0842399
700000.0003	0.235636
700000.0003	0.267372
700000.0003	0.628329
700000.0003	-0.362832
700000.0003	-0.156028
700000.0003	0.119375
700000.0003	0.309543
700000.0003	-0.321481
700000.0003	-0.152045
700000.0003	-0.555161
700000.0003	0.282971
700000.0003	-0.263891
700000.0003	-0.023724
700000.0003	0.56164
700000.0003	-0.311177
700000.0003	-0.52683
700000.0003	0.76065
700000.0003	0.485992
700000.0003	0.331376
700000.0003	-0.0974159
700000.0003	-0.26009
700000.0003	0.414661
700000.0003	0.197693
700000.0003	-0.588761
700000.0003	0.474454
700000.0003	0.110901
700000.0003	-0.144203
700000.0003	0.720933
700000.0003	-0.826328
700000.0003	0.353024
700000.0003	-0.406793
700000.0003	1.72301
700000.0003	0.87393
700000.0003	-0.27729
700000.0003	-0.0705492
700000.0003	-0.63541
700000.0003	0.0307276
700000.0003	0.446783
700000.0003	-0.233444
700000.0003	0.403545
700000.0003	0.964123
700000.0003	0.0532541
700000.0003	0.0495323
700000.0003	-0.0228559
700000.0003	-0.747167
700000.0003	-1.42946
700000.0003	0.0328095
700000.0003	0.0142883
700000.0003	-0.322989
