700000.0003	2955.57	2957.59	2958.75	2956.01	2953.51	2955.2	2957.13	2956.64	2954.49	2958.69	2959.51	2956.32	2960.39	2957	2959.52
700000.0003	1532.67	1532.46	1531.82	1531.29	1530.24	1530.95	1530.41	1532.46	1530.43	1533.5	1533	1534.4	1534.13	1534.77	1529.99
700000.0003	193.404	193.248	194.359	193.327	193.736	192.865	193.823	192.809	192.556	194.568	194.586	194.64	194.909	194.527	193.667
700000.0003	32.2454	32.3734	32.3535	32.1958	32.5386	31.6377	32.3632	32.6599	32.0724	32.5069	32.1779	31.996	32.7646	32.0164	31.9426
700000.0003	19.6891	19.2676	18.919	19.3093	19.3189	19.1681	19.1611	19.5731	19.2637	19.1439	19.5478	19.4421	19.8261	19.4774	19.1391
700000.0003	16.4066	16.2705	17.0338	16.7393	16.1632	16.5483	16.4332	16.9032	16.6164	16.6503	16.9008	16.6944	16.9852	17.0079	16.571
700000.0003	15.6237	15.2209	15.5612	15.644	15.0595	15.0745	15.426	15.3805	15.0828	15.3827	15.4759	15.3595	15.2462	15.2566	15.2232
700000.0003	15.0504	14.3662	14.18	14.6212	14.8633	15.021	14.2832	14.5356	14.303	14.7735	14.1545	14.4202	14.6261	14.4732	14.4229
700000.0003	13.7097	13.9158	13.9763	14.0047	13.9603	14.2597	13.9612	13.7937	14.0763	13.9648	13.7056	13.8838	14.1562	14.1296	14.2467
700000.0003	14.3144	13.6292	13.8597	13.5577	13.6253	14.0541	13.5947	13.9896	13.4912	13.5243	13.7007	13.7748	13.7052	13.6745	14.1193
700000.0003	13.7675	13.2521	13.4508	13.4142	13.4464	13.4348	13.3955	13.2228	13.4591	13.2893	13.4628	13.6637	13.4988	13.7294	13.2011
700000.0003	13.4383	13.5092	13.2937	13.2451	13.6985	13.4811	13.386	13.5498	13.1583	13.4527	13.4856	13.0482	13.5446	13.403	13.0568
700000.0003	13.0938	12.8417	13.356	13.4295	13.1976	13.3107	13.7951	13.2548	13.0916	13.3558	13.2442	13.5882	13.411	13.1373	13.1952
700000.0003	13.1011	12.9767	13.3694	13.0852	13.227	13.3562	13.4787	13.2233	13.117	13.1742	13.3537	13.305	13.4917	13.2324	13.1771
700000.0003	13.3912	13.7277	13.6042	13.6658	13.2419	13.179	13.8204	13.5236	12.9989	13.496	13.1878	13.4398	13.388	13.7469	13.4962
700000.0003	13.649	14.1728	13.8144	13.9979	13.8119	14.2542	14.138	14.099	14.0512	14.0184	13.9311	13.9086	13.9335	13.7971	14.1686
700000.0003	14.7928	15.4048	14.8123	14.8907	15.3807	15.171	15.0071	14.9021	14.9365	15.4644	15.3794	15.3808	15.2517	14.9336	15.353
700000.0003	17.0152	17.2864	17.0531	16.9548	17.0504	16.982	16.9813	17.1822	16.9068	16.9114	17.0273	17.465	16.9136	16.9269	16.9914
700000.0003	19.8646	19.7307	19.7331	19.9675	19.8391	19.6422	19.6354	19.7801	19.7419	19.5191	20.1	19.9276	19.8671	19.7644	20.1656
700000.0003	24.0339	23.8533	24.0357	24.0232	23.9685	24.2347	24.0956	24.0445	23.9627	24.019	24.2062	24.0226	23.6978	24.478	24.1351
700000.0003	30.5368	30.3121	30.2477	30.5801	30.5994	29.9907	31.0314	30.8377	30.7514	30.5593	30.727	30.5999	30.9405	30.3277	30.8343
700000.0003	41.7688	42.1625	41.8267	42.073	42.3495	42.5249	42.1164	41.8961	42.3318	41.6588	42.5727	42.0887	41.7132	42.5594	42.1058
700000.0003	67.6798	67.9372	67.1432	67.496	67.279	67.5826	67.2768	67.1134	67.5426	67.0924	68.2217	67.6472	67.8128	67.5631	67.4407
700000.0003	155.82	155.062	156.099	155.473	155.3	156.216	155.718	155.005	155.276	156.484	155.759	155.81	155.585	155.252	155.186
700000.0003	515.444	518.614	516.946	514.351	515.373	515.755	515.621	515.861	515.942	517.81	516.194	516.211	516.368	516.461	515.226
700000.0003	1363.52	1360.84	1363.14	1359.51	1358.19	1361.2	1362.22	1363	1362.95	1363.59	1362.18	1361.94	1362.98	1364.36	1361.19
700000.0003	2202.75	2199.64	2199.93	2198.39	2200.65	2201.9	2199.17	2199.87	2202.59	2203.23	2199	2203.54	2204.56	2205.06	2201.64
700000.0003	2643.78	2642.6	2640.07	2639.6	2641.67	2640.95	2640.52	2640.24	2643.94	2639.59	2642.03	2641.95	2644.27	2643.22	2643.45
700000.0003	2791.57	2787	2783.3	2787.17	2788.64	2789.35	2786.65	2785.76	2785.58	2790.35	2788.78	2786.63	2788.88	2790.16	2792.18
700000.0003	2835.74	2834.32	2834.58	2835.18	2833.6	2834.28	2834.95	2832.02	2836.24	2833.46	2837.64	2835.53	2835.58	2836.94	2837.36
700000.0003	2863.61	2863.87	2865.54	2862.79	2862	2865.66	2867.01	2863.3	2864.23	2863.25	2867.71	2864.68	2865.7	2864.51	2867.71
700000.0003	2891.3	2891.71	2891.84	2893.52	2892.49	2891.68	2891.3	2891.08	2893.13	2894.31	2891.44	2892.1	2890.67	2894.67	2893.85
700000.0003	2919.52	2921.08	2920.6	2914.22	2920.11	2921.49	2919.55	2915.79	2918.57	2921.72	2919.33	2919.77	2919.09	2920.91	2918.1
700000.0003	2946.62	2948.73	2946.8	2942.1	2945.02	2947.58	2945.37	2946.33	2947.8	2945.06	2944.32	2946.48	2949.54	2947.21	2943.99
700000.0003	2976.21	2973.11	2970.52	2973.54	2975.78	2970.75	2970.67	2972.92	2975.9	2971.81	2973.38	2973.83	2974.46	2972.18	2972.06
700000.0003	3003.11	3000.5	2997.05	2996.63	3002.06	2997.57	2999.43	3000.43	2999.29	2997.76	2998.38	3004.31	2999.03	2999.51	2999.13
700000.0003	3028.97	3025.22	3027.12	3021.98	3027.04	3024.64	3024.25	3024.58	3025.9	3026.34	3025.8	3029	3026.97	3028.22	3024.17
700000.0003	3050.57	3050.6	3053.55	3050.44	3051.09	3050.24	3052.16	3047.43	3052.98	3052.84	3053.49	3051.07	3050.93	3055.19	3056.38
700000.0003	3074.71	3075.11	3078.23	3077.71	3073.16	3075.23	3078.28	3075.55	3072.8	3075.35	3082.12	3077.33	3075.92	3079.94	3081.55
700000.0003	3093.07	3096.53	3094.92	3094.71	3093.13	3094.37	3094.85	3093.49	3091.43	3096.56	3099.22	3095.38	3094.34	3098.38	3100.27
700000.0003	0.309599	0.455873	0.162882	-0.992508	0.189078	0.317342	0.528685	-0.550528	0.0597697	0.162059	-0.721351	1.14792	-1.22419	-1.37934	0.318527
700000.0003	-0.938696	-0.297105	0.208493	-0.305112	-0.243192	-0.158054	-0.361396	-0.363944	1.03568	-0.786485	0.79398	-0.976401	0.913757	-0.340418	-0.799721
700000.0003	0.0101877	-0.0114678	-0.289498	-0.555602	0.143931	0.078504	0.0992684	0.210536	-0.441998	-0.762141	-0.0415432	0.186458	-0.579415	-0.331882	0.411022
700000.0003	0.104669	-0.0842	-0.207497	-0.145816	-0.0370678	-0.235394	0.00711201	0.0141302	-0.153386	-0.0634659	0.129607	0.2764	-0.25339	0.203121	-0.266978
700000.0003	0.213143	0.0256342	-0.0597048	0.0911055	-0.197702	-0.132171	-0.249078	-0.0361073	0.0616286	-0.014581	-0.194935	0.12594	0.103926	-0.073252	0.0432984
700000.0003	0.125831	0.180867	-0.10576	0.132061	-0.0995669	-0.0953648	0.0639311	-0.109047	-0.087881	-0.0725702	0.00773546	0.220358	0.0893634	0.187453	0.0159001
700000.0003	0.0520542	0.0246498	0.0633141	0.0892122	0.0750872	-0.131834	-0.0735017	-0.0683783	0.0811192	-0.0678841	-0.208831	-0.0742225	0.078289	0.186357	0.0274619
700000.0003	0.114227	0.00292887	0.152238	0.186162	0.0192278	0.0250159	-0.096578	0.0102076	-0.0263654	-0.0931094	-0.251477	0.0997253	0.0239736	0.0420235	-0.0509712
700000.0003	-0.0900765	0.0851444	-0.0726565	0.0117649	-0.0887547	0.0577066	-0.120873	0.0340873	-0.136096	0.00376246	0.100299	-0.00997177	-0.0842175	-0.0529706	0.0899144
700000.0003	-0.0292819	0.127111	0.0147409	-0.00371065	-0.12302	0.0875998	-0.0583324	0.0211073	-0.0902676	0.111223	0.272604	0.0316091	0.114081	-0.212795	0.274972
700000.0003	-0.054301	0.0869878	0.248247	0.138686	0.190012	-0.0385684	-0.0743384	-0.147384	0.0438665	-0.198888	0.0992545	0.0887758	0.336729	-0.110779	0.0634073
700000.0003	-0.0212733	-0.183921	0.0361826	0.198593	0.0917139	-0.00150634	-0.104036	-0.025757	-0.118008	-0.0596751	0.152555	0.153728	0.206285	0.0281553	-0.0419183
700000.0003	0.0447649	-0.161221	0.215837	-0.137226	0.0598066	0.0556092	0.0357029	-0.0611015	-0.0461337	0.014317	0.142893	0.0395667	-0.145058	-0.0772607	-0.0808786
700000.0003	-0.106387	-0.0272271	-0.00706359	0.0214706	0.0431683	0.0156677	-0.0320184	0.167865	-0.116135	0.100614	-0.073417	0.138316	0.0939083	0.0105969	0.0401508
700000.0003	0.0214232	-0.0574274	-0.0654505	0.000581123	-0.162213	-0.0341409	-0.100424	0.10536	0.0750875	-0.0151055	-0.0891176	0.083423	0.0865805	-0.10563	-0.046054
700000.0003	-0.0362044	-0.0979972	0.0707429	-0.13408	0.000157458	0.0200566	0.170691	0.137752	-0.0439766	-0.114365	0.0528113	0.110528	0.0820023	-0.00642445	-0.0174261
700000.0003	0.0624144	-0.0550328	0.000844202	0.188422	0.0376019	0.000564656	-0.0465854	0.177697	0.199257	-0.13022	0.131604	0.0723619	0.00362228	-0.0269773	-0.04295
700000.0003	-0.145089	0.0475088	-0.0659268	-0.0675873	-0.134685	0.0821467	-0.0654014	-0.151146	-0.136978	-0.0451469	0.0514433	-0.101366	0.00873319	0.101787	0.134249
700000.0003	0.0829533	-0.178164	0.0769463	0.0721353	-0.0327659	-0.0408038	-0.0204263	0.072302	-0.0314038	0.166652	0.0144081	-0.175855	0.169032	-0.0618741	0.0319147
700000.0003	0.0413716	-0.031497	-0.0362439	-0.0818489	-0.0236535	-0.0965354	-0.0333251	-0.164039	-0.0752751	-0.15541	0.0186666	0.28383	0.0540532	0.191286	0.00278032
700000.0003	-0.105248	-0.064754	-0.214063	0.167063	-0.130284	0.195599	0.18714	0.12125	0.0598602	-0.0470579	-0.130841	-0.2629	0.00960011	-0.072155	0.00373187
700000.0003	-0.208655	-0.151584	0.291876	-0.0575118	-0.233766	-0.153463	-0.0930299	0.119197	0.219838	-0.0427783	0.0736391	-0.0916375	0.272202	-0.325504	0.153387
700000.0003	-0.102059	-0.145804	-0.278154	0.0227684	-0.181773	0.180999	-0.163564	0.0905493	0.0318262	-0.109812	-0.133882	0.0345275	-0.116282	0.209809	-0.0146982
700000.0003	0.234844	0.338474	0.108099	0.0773024	-0.15581	0.115286	-0.419581	0.0453289	-0.0251557	0.188496	-0.223913	0.283504	0.243869	0.242571	0.283595
700000.0003	2.0215	0.168592	0.570885	0.0628604	0.228346	0.283496	0.042322	-0.229155	0.554885	-0.073832	0.742486	0.0385657	-0.0230317	-0.547935	0.102524
700000.0003	0.0636826	0.646041	0.490439	0.834636	-0.243989	0.720633	0.403971	0.993398	-0.448305	-0.110312	0.286662	-0.102303	0.485763	-0.0926686	-0.294437
700000.0003	-0.435461	-0.243026	0.778074	0.704465	0.511381	-0.887698	-0.0688706	-1.31496	-0.899623	0.424337	-0.162017	-0.290126	-0.442264	1.24831	0.444572
700000.0003	-0.0619788	1.03232	-1.06114	0.235162	-0.535104	-0.915804	-1.43924	-1.08066	-0.372714	0.433633	-0.248268	-0.360702	-0.25381	1.65216	0.734653
700000.0003	0.705207	0.57648	1.14862	-1.07491	-0.834507	0.0515423	-0.283388	-0.870061	-1.2748	-0.298167	0.139601	-0.664084	-0.105281	0.614294	0.202729
700000.0003	1.49163	1.48773	-0.108058	-0.647589	0.19703	0.187253	0.295891	-0.758723	-1.46873	-0.133277	-0.444533	-0.662997	-0.847783	-0.672834	0.694938
700000.0003	1.64045	0.974694	0.852829	0.196844	-0.0955418	-0.643719	-0.704545	0.0672438	0.613196	-1.21322	-1.33666	-0.858521	0.717099	0.112564	-0.470899
700000.0003	1.00587	-0.143895	0.0407058	1.6946	0.116987	-0.291732	0.0869066	0.203485	-0.747026	-0.542977	-1.00495	-0.349168	-0.294343	-0.243045	0.965851
700000.0003	1.12056	0.0988089	0.372894	-0.648833	0.115415	-0.57503	0.221756	0.553581	-1.17078	-0.999029	0.631278	1.04639	-0.703647	-0.619795	0.944783
700000.0003	-1.20935	0.1439	0.0381152	-0.250664	-0.627658	-0.325923	-0.0174347	-0.152566	0.380127	-0.450319	0.289538	0.213087	0.374765	1.35409	0.979454
700000.0003	-0.692554	-0.673816	-0.742932	-0.203573	-0.00933331	-0.37226	0.171422	-0.5454	0.116695	1.11762	0.23161	0.301781	0.628112	1.32144	0.339245
700000.0003	-0.380998	0.800815	-0.248009	-0.875878	-1.30737	0.187664	-0.152277	0.655813	-0.153285	0.8886	0.402537	0.565753	0.755283	-0.336254	-0.787374
700000.0003	-0.0403477	-0.278474	0.0972878	-0.65419	-0.76271	-0.92452	0.283072	-0.598022	1.04552	0.384841	1.20537	0.262596	1.28432	0.228047	-1.20414
700000.0003	-0.297077	0.286262	-0.104715	-1.36105	-0.881906	-0.268368	-1.01254	-0.467197	0.682111	1.20808	0.483242	0.418247	0.117767	0.425887	0.0400579
700000.0003	-0.251177	-0.885298	-0.416679	-0.0766328	-0.630036	-0.518912	-1.0389	0.153122	-0.372524	0.904798	0.384033	-0.841391	1.13296	-0.123271	0.393642
700000.0003	-0.177296	-0.484565	-0.606869	0.211645	-0.363476	-0.924927	0.466328	-0.167462	-0.548413	0.0588824	0.08795	1.02149	-1.2071	-0.0586516	-0.134975
700000.0003	2913.13	2912.25	2913.83	2912.4	2907.75	2909.22	2912.17	2912.55	2911.28	2914.63	2913.7	2913.49	2914.61	2911.15	2910.93
700000.0003	1604.21	1604.03	1601.94	1601.66	1603.98	1601.68	1601.45	1600.45	1602.03	1604.62	1604.81	1604.41	1603.93	1606.43	1601.83
700000.0003	173.27	173.059	174.618	174.515	173.899	173.6	173.744	173.043	172.641	174.3	174.768	174.419	175.512	174.388	173.571
700000.0003	28.1778	28.0162	28.8206	28.1829	28.2892	27.8683	28.0695	28.2812	28.319	28.4885	28.4162	28.415	28.4609	27.9959	28.0558
700000.0003	18.2769	18.2956	17.7716	18.3681	18.1701	17.8124	18.3981	18.5078	18.4028	18.1179	18.2358	18.4007	18.076	18.5173	18.0093
700000.0003	16.3143	15.8865	16.2871	16.1516	15.8695	15.9539	15.911	16.6362	16.4419	16.0513	15.904	16.0039	16.1737	16.3874	16.2151
700000.0003	15.1784	15.0982	14.9356	15.1477	14.8714	15.085	15.0246	15.0832	14.8968	14.938	14.96	14.8853	14.6824	14.7679	14.92
700000.0003	14.5551	14.4503	14.4932	14.3119	14.4347	13.8086	14.008	14.1717	14.2332	14.4417	14.5006	14.2449	14.3885	13.9716	14.3879
700000.0003	13.6095	13.8931	13.7983	13.9405	14.063	13.8146	13.7165	13.7165	14.2439	13.7237	13.8975	13.9306	13.991	14.1034	14.265
700000.0003	13.9331	13.5526	13.6671	13.5118	13.8178	13.7007	13.4292	14.0137	13.5399	13.8871	13.8171	13.3835	13.6519	13.6952	13.7855
700000.0003	13.5199	13.4239	13.6104	13.7711	13.4382	13.3127	13.1995	12.9886	13.2452	13.6815	13.3851	13.6421	13.5311	13.4474	12.9772
700000.0003	12.9347	13.3951	13.1059	12.9062	13.469	13.3271	13.2152	13.2152	13.1771	13.296	13.7054	13.2286	13.2098	13.4734	13.2793
700000.0003	13.3835	13.1705	13.1316	13.5281	12.9242	13.0787	13.3402	12.9717	13.0991	13.1386	13.144	13.6561	13.3652	13.2573	13.1872
700000.0003	13.0731	13.07	13.0957	13.2882	13.441	13.417	13.5915	13.0936	13.2263	13.3436	13.0559	13.1896	13.3442	13.2242	13.2158
700000.0003	13.1146	13.2797	13.2506	13.2513	13.6583	13.1941	13.6533	13.5848	13.1538	13.4908	12.8571	13.6937	13.1759	13.5652	13.4261
700000.0003	13.8321	14.1137	14.0957	13.8001	14.0717	14.1467	14.3384	14.2563	13.9327	14.1342	13.9716	13.7371	13.8805	13.8801	14.0117
700000.0003	14.6463	15.3381	14.9756	14.7851	14.7631	15.1535	14.9631	15.3599	15.2174	14.9007	14.9406	15.1922	15.0782	15.014	15.1249
700000.0003	17.233	17.0385	16.8364	16.714	16.935	16.9632	16.9245	17.1172	16.7677	16.8895	16.8214	17.3659	17.1409	16.7208	17.1003
700000.0003	19.8878	19.6309	19.6763	19.677	19.4982	19.5472	19.6188	19.7974	19.3952	19.6076	19.8785	19.585	19.4777	19.9112	20.2243
700000.0003	24.2508	23.6445	23.4848	23.858	24.0157	23.9049	23.8749	24.0733	24.3416	23.562	23.7076	23.667	23.5546	24.0715	24.1691
700000.0003	30.3101	30.0453	30.2033	30.2929	30.4988	30.2054	30.2361	30.0157	30.5018	30.4512	30.2358	29.923	30.6434	30.5025	30.696
700000.0003	41.1834	41.6686	41.5944	41.5742	41.7397	41.362	41.7553	41.2791	41.7335	41.7119	41.4328	42.2069	41.5468	42.2192	41.4066
700000.0003	66.7148	66.8934	66.6951	66.5924	66.2824	66.4654	66.5606	65.7385	66.7255	66.2518	66.9115	66.392	66.4568	67.089	66.5143
700000.0003	153.143	152.25	153.312	152.729	153.681	153.25	152.301	151.477	152.859	153.756	154.014	153.206	152.915	152.471	153.695
700000.0003	518.804	521.792	521.113	519.834	520.313	520.008	520.434	520.341	520.605	521.82	521.493	520.743	520.98	520.494	518.206
700000.0003	1361.72	1362.33	1363.8	1363.25	1360.31	1362.75	1361.22	1362.63	1365.68	1366.29	1363.28	1363.23	1364.2	1365.74	1363.22
700000.0003	2155.43	2152.99	2152.42	2151.59	2152.56	2152.86	2153.91	2155.46	2155.26	2154.98	2154.65	2154.62	2154.66	2157.09	2156.31
700000.0003	2586.54	2588.59	2585.04	2585.83	2585.67	2586.25	2585.49	2586.09	2587.41	2585.99	2586.5	2587.31	2588.35	2587.26	2587.23
700000.0003	2782.3	2781.25	2779.78	2780.52	2779.9	2782.13	2778.95	2779.34	2776.44	2779.16	2779.23	2780.95	2782.69	2781.83	2782.39
700000.0003	2869.15	2868.88	2870.24	2867.9	2870.03	2867.34	2868.9	2865.85	2868.32	2867.8	2867.39	2868.13	2870.47	2869.59	2869.69
700000.0003	2910.55	2909.04	2910.19	2908.53	2907.84	2908.23	2910.09	2906.85	2908.72	2906.98	2910.55	2907.15	2907.39	2909.27	2909.44
700000.0003	2934.89	2934.87	2932.91	2936.88	2935.97	2933.79	2934.86	2935.88	2935.28	2932.99	2935.3	2935.42	2933.86	2933.92	2935.29
700000.0003	2953.5	2955.16	2956.57	2956.35	2955.82	2958.27	2955.08	2957.94	2956.25	2958.38	2955.15	2957.19	2956.08	2956.12	2955.26
700000.0003	2973.36	2976.68	2976.19	2974.25	2972.32	2978.28	2975.08	2975.4	2974.37	2976.76	2973.4	2974.61	2974.48	2972.88	2973.27
700000.0003	2993.79	2989.64	2993.09	2992.08	2993.97	2992.26	2993.19	2993.74	2992.74	2992.99	2991.76	2989.64	2989.49	2992.43	2991.12
700000.0003	3007.87	3007.91	3007.75	3008.2	3011.64	3007.08	3011.42	3010.5	3008.98	3008.47	3010.65	3009.58	3008.48	3006.34	3010.44
700000.0003	3026.97	3026.85	3025.09	3025.92	3027.66	3025.59	3026.44	3026.47	3027.51	3026.66	3025.82	3028.56	3027.19	3025.66	3023.8
700000.0003	3043.44	3046.3	3046.17	3044.85	3045.25	3046.13	3045.49	3042.61	3047.75	3045.09	3044.93	3044.3	3045.88	3046.05	3044.76
700000.0003	3071.37	3069.42	3069.3	3071.18	3069.1	3071.19	3069.01	3069.14	3068.37	3068.07	3070.99	3069.11	3069.67	3071.72	3070.49
700000.0003	3082.78	3084.28	3082.51	3083.41	3084.14	3084.72	3082.44	3083.54	3082.27	3083.36	3084.47	3086.4	3084.71	3085.16	3085.03
