700000.0003	28.5812
700000.0003	100.326
700000.0003	203.968
700000.0003	348.256
700000.0003	529.525
700000.0003	779.393
700000.0003	1080.03
700000.0003	1425.4
700000.0003	1827.96
700000.0003	2279.46
700000.0003	2780.08
700000.0003	3318.53
700000.0003	3868.83
700000.0003	4440.56
700000.0003	5008.94
700000.0003	5525.6
700000.0003	5985.7
700000.0003	6367.87
700000.0003	6671.13
700000.0003	6921.83
700000.0003	7031.24
700000.0003	7117.6
700000.0003	7075.3
700000.0003	7038.85
700000.0003	6948.18
700000.0003	6792
700000.0003	6609.78
700000.0003	6333.64
700000.0003	6047.02
700000.0003	5736.6
700000.0003	5372.27
700000.0003	4975.63
700000.0003	4536.71
700000.0003	4027.6
700000.0003	3519.09
700000.0003	2978.82
700000.0003	2373.16
700000.0003	1741.05
700000.0003	1072.1
700000.0003	365.741
700000.0003	0
700000.0003	0
700000.0003	0
700000.0003	0
700000.0003	0
700000.0003	0
700000.0003	0
700000.0003	0
700000.0003	0
700000.0003	0
700000.0003	0
700000.0003	0
700000.0003	0
700000.0003	0
700000.0003	0
700000.0003	0
700000.0003	0
700000.0003	0
700000.0003	0
700000.0003	0
700000.0003	0
700000.0003	0
700000.0003	0
700000.0003	0
700000.0003	0
700000.0003	0
700000.0003	0
700000.0003	0
700000.0003	0
700000.0003	0
700000.0003	0
700000.0003	0
700000.0003	0
700000.0003	0
700000.0003	0
700000.0003	0
700000.0003	0
700000.0003	0
700000.0003	0
700000.0003	0
700000.0003	0
700000.0003	0
700000.0003	0
700000.0003	0
700000.0003	0
700000.0003	0
700000.0003	0
700000.0003	0
700000.0003	0
700000.0003	0
700000.0003	0
700000.0003	0
700000.0003	0
700000.0003	0
700000.0003	0
700000.0003	0
700000.0003	0
700000.0003	0
700000.0003	0
700000.0003	0
700000.0003	0
700000.0003	0
700000.0003	0
700000.0003	0
700000.0003	0
700000.0003	0
700000.0003	0
700000.0003	0
700000.0003	0
700000.0003	0
700000.0003	0
700000.0003	0
700000.0003	0
700000.0003	0
700000.0003	0
700000.0003	0
700000.0003	0
700000.0003	0
700000.0003	0
700000.0003	0
700000.0003	0
700000.0003	0
700000.0003	0
700000.0003	0
700000.0003	0
700000.0003	0
700000.0003	0
700000.0003	0
700000.0003	0
700000.0003	0
700000.0003	0
700000.0003	0
700000.0003	0
700000.0003	0
700000.0003	0
700000.0003	0
700000.0003	0
700000.0003	0
700000.0003	0
700000.0003	0
700000.0003	-23.5885
700000.0003	-70.2752
700000.0003	-116.095
700000.0003	-163.047
700000.0003	-207.742
700000.0003	-252.445
700000.0003	-297.123
700000.0003	-336.96
700000.0003	-383.542
700000.0003	-422.92
700000.0003	-468.36
700000.0003	-509.102
700000.0003	-543.21
700000.0003	-588.647
700000.0003	-631.644
700000.0003	-666.493
700000.0003	-701.973
700000.0003	-746.987
700000.0003	-778.551
700000.0003	-812.37
700000.0003	-848.088
700000.0003	-884.244
700000.0003	-924.818
700000.0003	-953.167
700000.0003	-981.913
700000.0003	-1019.21
700000.0003	-1050.09
700000.0003	-1081.81
700000.0003	-1116.52
700000.0003	-1150.22
700000.0003	-1181.17
700000.0003	-1214.24
700000.0003	-1243.21
700000.0003	-1270.88
700000.0003	-1299.24
700000.0003	-1318.47
700000.0003	-1342.25
700000.0003	-1371.6
700000.0003	-1393.44
700000.0003	-1431.1
700000.0003	-1451.14
700000.0003	-1472.59
700000.0003	-1486.37
700000.0003	-1508.47
700000.0003	-1536.05
700000.0003	-1557.17
700000.0003	-1579.61
700000.0003	-1602.29
700000.0003	-1619.93
700000.0003	-1649.39
700000.0003	-1656.31
700000.0003	-1669.48
700000.0003	-1692.18
700000.0003	-1705.67
700000.0003	-1712.81
700000.0003	-1738.97
700000.0003	-1749.79
700000.0003	-1756.61
700000.0003	-1787.95
700000.0003	-1802.63
700000.0003	-1811.27
700000.0003	-1811.14
700000.0003	-1820.24
700000.0003	-1832.66
700000.0003	-1841.66
700000.0003	-1852.49
700000.0003	-1864.1
700000.0003	-1878.07
700000.0003	-1881.25
700000.0003	-1883.3
700000.0003	-1903.46
700000.0003	-1912.86
700000.0003	-1908.62
700000.0003	-1912.47
700000.0003	-1912.32
700000.0003	-1919.06
700000.0003	-1920.2
700000.0003	-1922.74
700000.0003	-1931.43
700000.0003	-1921.82
700000.0003	-1924.52
700000.0003	-1935.22
700000.0003	-1935.34
700000.0003	-1929.83
700000.0003	-1913.7
700000.0003	-1920.16
700000.0003	-1915.63
700000.0003	-1907.14
700000.0003	-1899.98
700000.0003	-1887.32
700000.0003	-1889.08
700000.0003	-1879.89
700000.0003	-1869.68
700000.0003	-1866.54
700000.0003	-1851.82
700000.0003	-1841.93
700000.0003	-1821.33
700000.0003	-1800.35
700000.0003	-1782.83
700000.0003	-1771.11
700000.0003	-1744.53
700000.0003	-1716.28
700000.0003	-1696.33
700000.0003	-1660
700000.0003	-1622.46
700000.0003	-1582.06
700000.0003	-1542.13
700000.0003	-1501.08
700000.0003	-1444.97
700000.0003	-1397.68
700000.0003	-1342.4
700000.0003	-1282.15
700000.0003	-1225.99
700000.0003	-1166.5
700000.0003	-1101.69
700000.0003	-1039.62
700000.0003	-974.001
700000.0003	-911.063
700000.0003	-847.535
700000.0003	-788.764
700000.0003	-727.274
700000.0003	-670.588
700000.0003	-617.276
700000.0003	-562.303
700000.0003	-513.7
700000.0003	-463.809
700000.0003	-420.439
700000.0003	-376.583
700000.0003	-337.982
700000.0003	-299.724
700000.0003	-264.083
700000.0003	-235.338
700000.0003	-206.363
700000.0003	-178.671
700000.0003	-155.574
700000.0003	-135.36
700000.0003	-115.679
700000.0003	-99.6001
700000.0003	-84.6375
700000.0003	-72.6695
700000.0003	-61.7691
700000.0003	-52.4928
700000.0003	-44.3904
700000.0003	-37.6622
700000.0003	-31.1855
700000.0003	-26.6703
700000.0003	-22.3162
700000.0003	-18.5999
700000.0003	-15.869
700000.0003	-13.1752
700000.0003	-11.0507
700000.0003	-9.04323
700000.0003	-7.53455
700000.0003	-6.0544
700000.0003	-4.84381
700000.0003	-3.76074
700000.0003	-2.79509
700000.0003	-1.94446
700000.0003	-1.11002
700000.0003	-0.365078
700000.0003	0
700000.0003	0
700000.0003	0
700000.0003	0
700000.0003	0
700000.0003	0
700000.0003	0
700000.0003	0
700000.0003	0
700000.0003	0
700000.0003	0
700000.0003	0
700000.0003	0
700000.0003	0
700000.0003	0
700000.0003	0
700000.0003	0
700000.0003	0
700000.0003	0
700000.0003	0
700000.0003	0
700000.0003	0
700000.0003	0
700000.0003	0
700000.0003	0
700000.0003	0
700000.0003	0
700000.0003	0
700000.0003	0
700000.0003	0
700000.0003	0
700000.0003	0
700000.0003	0
700000.0003	0
700000.0003	0
700000.0003	0
700000.0003	0
700000.0003	0
700000.0003	0
700000.0003	0
700000.0003	0
700000.0003	0
700000.0003	0
700000.0003	0
700000.0003	0
700000.0003	0
700000.0003	0
700000.0003	0
700000.0003	0
700000.0003	0
700000.0003	0
700000.0003	0
700000.0003	0
700000.0003	0
700000.0003	0
700000.0003	0
700000.0003	0
700000.0003	0
700000.0003	0
700000.0003	0
700000.0003	0
700000.0003	0
700000.0003	0
700000.0003	0
700000.0003	0
700000.0003	0
700000.0003	0
700000.0003	0
700000.0003	0
700000.0003	0
700000.0003	0
700000.0003	0
700000.0003	0
700000.0003	0
700000.0003	0
700000.0003	0
700000.0003	0
700000.0003	0
700000.0003	0
700000.0003	0
700000.0003	0
700000.0003	0
700000.0003	0
700000.0003	0
700000.0003	0
700000.0003	0
700000.0003	0
700000.0003	0
700000.0003	0
700000.0003	0
700000.0003	0
700000.0003	0
700000.0003	0
700000.0003	0
700000.0003	0
700000.0003	0
700000.0003	0
700000.0003	0
700000.0003	0
700000.0003	0
700000.0003	0.216141
700000.0003	-0.479425
700000.0003	2.85782
700000.0003	2.12046
700000.0003	-4.16565
700000.0003	-0.478362
700000.0003	-3.03451
700000.0003	-8.66633
700000.0003	0.641625
700000.0003	3.39314
700000.0003	-3.51981
700000.0003	-8.50706
700000.0003	-4.34526
700000.0003	-10.6993
700000.0003	6.98319
700000.0003	-10.5323
700000.0003	-15.7405
700000.0003	-1.59171
700000.0003	22.3419
700000.0003	-15.8277
700000.0003	22.1526
700000.0003	40.5384
700000.0003	43.8762
700000.0003	5.52719
700000.0003	-5.30236
700000.0003	-15.522
700000.0003	27.1576
700000.0003	-1.29176
700000.0003	6.18075
700000.0003	18.9139
700000.0003	-3.92736
700000.0003	-33.9878
700000.0003	-2.63049
700000.0003	16.8852
700000.0003	6.84965
700000.0003	7.0753
700000.0003	13.2866
700000.0003	8.46889
700000.0003	2.05325
700000.0003	-0.0307042
700000.0003	0
700000.0003	0
700000.0003	0
700000.0003	0
700000.0003	0
700000.0003	0
700000.0003	0
700000.0003	0
700000.0003	0
700000.0003	0
700000.0003	0
700000.0003	0
700000.0003	0
700000.0003	0
700000.0003	0
700000.0003	0
700000.0003	0
700000.0003	0
700000.0003	0
700000.0003	0
700000.0003	0
700000.0003	0
700000.0003	0
700000.0003	0
700000.0003	0
700000.0003	0
700000.0003	0
700000.0003	0
700000.0003	0
700000.0003	0
700000.0003	0
700000.0003	0
700000.0003	0
700000.0003	0
700000.0003	0
700000.0003	0
700000.0003	0
700000.0003	0
700000.0003	0
700000.0003	0
700000.0003	0
700000.0003	0
700000.0003	0
700000.0003	0
700000.0003	0
700000.0003	0
700000.0003	0
700000.0003	0
700000.0003	0
700000.0003	0
700000.0003	0
700000.0003	0
700000.0003	0
700000.0003	0
700000.0003	0
700000.0003	0
700000.0003	0
700000.0003	0
700000.0003	0
700000.0003	0
700000.0003	0
700000.0003	0
700000.0003	0
700000.0003	0
700000.0003	0
700000.0003	0
700000.0003	0
700000.0003	0
700000.0003	0
700000.0003	0
700000.0003	0
700000.0003	0
700000.0003	0
700000.0003	0
700000.0003	0
700000.0003	0
700000.0003	0
700000.0003	0
700000.0003	0
700000.0003	0
700000.0003	0
700000.0003	0
700000.0003	0
700000.0003	0
700000.0003	0
700000.0003	0
700000.0003	0
700000.0003	0
700000.0003	0
700000.0003	0
700000.0003	0
700000.0003	0
700000.0003	0
700000.0003	0
700000.0003	0
700000.0003	0
700000.0003	0
700000.0003	0
700000.0003	0
700000.0003	0
700000.0003	0.0103486
700000.0003	0.187505
700000.0003	-0.184442
700000.0003	0.153204
700000.0003	-0.139027
700000.0003	-0.513038
700000.0003	-0.642683
700000.0003	0.0386388
700000.0003	-0.142119
700000.0003	0.975057
700000.0003	-1.1725
700000.0003	0.486363
700000.0003	0.468267
700000.0003	0.626476
700000.0003	0.765565
700000.0003	2.01098
700000.0003	-1.26283
700000.0003	2.2831
700000.0003	-0.265917
700000.0003	0.264172
700000.0003	0.747603
700000.0003	-1.11836
700000.0003	3.25611
700000.0003	-1.34737
700000.0003	3.91628
700000.0003	3.19357
700000.0003	-3.74674
700000.0003	1.10225
700000.0003	1.10715
700000.0003	-4.32659
700000.0003	2.344
700000.0003	5.94062
700000.0003	1.48593
700000.0003	-1.03252
700000.0003	-0.610218
700000.0003	-2.17129
700000.0003	4.99404
700000.0003	-1.25538
700000.0003	1.39427
700000.0003	-3.91472
700000.0003	3.11356
700000.0003	-1.02709
700000.0003	-2.56202
700000.0003	-5.28505
700000.0003	-0.854699
700000.0003	-0.526347
700000.0003	-7.61943
700000.0003	-7.96605
700000.0003	-3.22633
700000.0003	5.09568
700000.0003	-2.26786
700000.0003	2.44198
700000.0003	8.41
700000.0003	0.350276
700000.0003	-5.12447
700000.0003	-2.99014
700000.0003	-2.97646
700000.0003	-1.66611
700000.0003	2.23641
700000.0003	-1.11521
700000.0003	-5.70146
700000.0003	-7.14535
700000.0003	2.98627
700000.0003	-3.03142
700000.0003	-5.49957
700000.0003	-0.708063
700000.0003	1.46589
700000.0003	-0.987938
700000.0003	-2.63019
700000.0003	-3.29395
700000.0003	2.08041
700000.0003	1.50853
700000.0003	-2.20685
700000.0003	-2.21394
700000.0003	-1.62721
700000.0003	1.01099
700000.0003	3.08147
700000.0003	4.8005
700000.0003	-6.20455
700000.0003	-8.67014
700000.0003	-4.96587
700000.0003	-0.516071
700000.0003	-0.495427
700000.0003	-4.36596
700000.0003	4.49556
700000.0003	0.579971
700000.0003	-4.83527
700000.0003	1.00364
700000.0003	-2.67993
700000.0003	5.31664
700000.0003	0.864797
700000.0003	2.14596
700000.0003	-2.4617
700000.0003	5.36547
700000.0003	-2.66602
700000.0003	-0.588941
700000.0003	1.40852
700000.0003	2.15264
700000.0003	4.45792
700000.0003	2.25208
700000.0003	-3.19296
700000.0003	2.74899
700000.0003	0.388899
700000.0003	2.58799
700000.0003	-1.34532
700000.0003	1.29699
700000.0003	-0.315791
700000.0003	1.43206
700000.0003	1.16289
700000.0003	6.00201
700000.0003	-3.97435
700000.0003	0.246972
700000.0003	2.13432
700000.0003	-0.735716
700000.0003	0.0498146
700000.0003	-1.07215
700000.0003	0.200677
700000.0003	0.438507
700000.0003	-0.526733
700000.0003	0.182597
700000.0003	1.54379
700000.0003	1.20073
700000.0003	0.838895
700000.0003	-1.03969
700000.0003	1.23977
700000.0003	0.162076
700000.0003	1.38658
700000.0003	-0.601951
700000.0003	-0.859246
700000.0003	-0.286469
700000.0003	0.059347
700000.0003	0.691053
700000.0003	0.21851
700000.0003	0.312472
700000.0003	0.663136
700000.0003	0.478685
700000.0003	0.190171
700000.0003	-0.424428
700000.0003	-0.300426
700000.0003	0.757557
700000.0003	-0.252676
700000.0003	-0.722469
700000.0003	-0.671339
700000.0003	-0.271884
700000.0003	-0.126671
700000.0003	-0.306519
700000.0003	-0.13253
700000.0003	0.106436
700000.0003	0.117852
700000.0003	-0.0481525
700000.0003	0.00860325
700000.0003	-0.0887467
700000.0003	-0.11971
700000.0003	-0.00721926
700000.0003	0.0642136
700000.0003	0.0229647
700000.0003	0.0084703
700000.0003	0.0090153
700000.0003	-0.00810245
700000.0003	0.00308168
700000.0003	0
700000.0003	0
700000.0003	0
700000.0003	0
700000.0003	0
700000.0003	0
700000.0003	0
700000.0003	0
700000.0003	0
700000.0003	0
700000.0003	0
700000.0003	0
700000.0003	0
700000.0003	0
700000.0003	0
700000.0003	0
700000.0003	0
700000.0003	0
700000.0003	0
700000.0003	0
700000.0003	0
700000.0003	0
700000.0003	0
700000.0003	0
700000.0003	0
700000.0003	0
700000.0003	0
700000.0003	0
700000.0003	0
700000.0003	0
700000.0003	0
700000.0003	0
700000.0003	0
700000.0003	0
700000.0003	0
700000.0003	0
700000.0003	0
700000.0003	0
700000.0003	0
700000.0003	0
700000.0003	0
700000.0003	0
700000.0003	0
700000.0003	0
700000.0003	0
700000.0003	0
700000.0003	0
700000.0003	0
700000.0003	0
700000.0003	0
700000.0003	0
700000.0003	0
700000.0003	0
700000.0003	0
700000.0003	0
700000.0003	0
700000.0003	0
700000.0003	0
700000.0003	0
700000.0003	0
700000.0003	0
700000.0003	0
700000.0003	0
700000.0003	0
700000.0003	0
700000.0003	0
700000.0003	0
700000.0003	0
700000.0003	0
700000.0003	0
700000.0003	0
700000.0003	0
700000.0003	0
700000.0003	0
700000.0003	0
700000.0003	0
700000.0003	0
700000.0003	0
700000.0003	0
700000.0003	0
700000.0003	0
700000.0003	0
700000.0003	0
700000.0003	0
700000.0003	0
700000.0003	0
700000.0003	0
700000.0003	0
700000.0003	0
700000.0003	0
700000.0003	0
700000.0003	0
700000.0003	0
700000.0003	0
700000.0003	0
700000.0003	0
700000.0003	0
700000.0003	0
700000.0003	0
700000.0003	0
