700000.0003	64.3381
700000.0003	114.621
700000.0003	192.488
700000.0003	312.964
700000.0003	482.863
700000.0003	698.778
700000.0003	960.818
700000.0003	1257.07
700000.0003	1592.21
700000.0003	1965.58
700000.0003	2391.96
700000.0003	2858.09
700000.0003	3298.69
700000.0003	3649.37
700000.0003	3811.42
700000.0003	3738.59
700000.0003	3459.81
700000.0003	3051.19
700000.0003	2586.47
700000.0003	2148.27
700000.0003	1727.14
700000.0003	1363.03
700000.0003	1055.73
700000.0003	811.242
700000.0003	613.785
700000.0003	462.486
700000.0003	347.904
700000.0003	264.077
700000.0003	199.91
700000.0003	151.336
700000.0003	117.108
700000.0003	88.8319
700000.0003	69.8712
700000.0003	55.6333
700000.0003	42.7408
700000.0003	35.3205
700000.0003	26.9032
700000.0003	21.6447
700000.0003	18.0903
700000.0003	14.358
700000.0003	11.8548
700000.0003	9.92038
700000.0003	7.44669
700000.0003	7.32949
700000.0003	6.9172
700000.0003	5.28782
700000.0003	4.94773
700000.0003	3.69621
700000.0003	3.32749
700000.0003	3.49248
700000.0003	3.7996
700000.0003	3.08375
700000.0003	4.29218
700000.0003	3.4553
700000.0003	3.7253
700000.0003	2.27116
700000.0003	2.56712
700000.0003	0.785734
700000.0003	1.69255
700000.0003	1.96824
700000.0003	0.832157
700000.0003	1.34907
700000.0003	1.54368
700000.0003	1.17944
700000.0003	1.51264
700000.0003	0.937423
700000.0003	2.46544
700000.0003	1.46579
700000.0003	1.506
700000.0003	1.09513
700000.0003	1.86929
700000.0003	1.36643
700000.0003	1.67303
700000.0003	2.24763
700000.0003	0.449361
700000.0003	-0.0052257
700000.0003	0.619709
700000.0003	-0.371479
700000.0003	0.171019
700000.0003	2.04016
700000.0003	0.199981
700000.0003	-0.209017
700000.0003	0.716335
700000.0003	1.20577
700000.0003	0.574674
700000.0003	1.26011
700000.0003	1.46601
700000.0003	1.72829
700000.0003	0.578314
700000.0003	0.2171
700000.0003	0.410906
700000.0003	0.13892
700000.0003	0.51071
700000.0003	-0.167831
700000.0003	-0.494028
700000.0003	0.431294
700000.0003	0.591384
700000.0003	0.88519
700000.0003	-0.0784826
700000.0003	-0.182923
700000.0003	-0.0375017
700000.0003	0.816333
700000.0003	-0.877499
700000.0003	0.459097
700000.0003	1.01047
700000.0003	0.845821
700000.0003	0.250474
700000.0003	0.219698
700000.0003	0.426057
700000.0003	-0.197516
700000.0003	-0.148252
700000.0003	-0.791102
700000.0003	-0.143082
700000.0003	0.208656
700000.0003	0.56623
700000.0003	0.548353
700000.0003	1.20781
700000.0003	-0.523231
700000.0003	0.783995
700000.0003	0.571617
700000.0003	0.0877754
700000.0003	-0.091121
700000.0003	-1.13747
700000.0003	-0.218643
700000.0003	0.0720942
700000.0003	1.06514
700000.0003	1.00306
700000.0003	-0.23742
700000.0003	1.15216
700000.0003	-0.511786
700000.0003	0.619771
700000.0003	-1.47939
700000.0003	-1.25477
700000.0003	-0.697666
700000.0003	0.425629
700000.0003	-0.251622
700000.0003	-0.163601
700000.0003	0.316835
700000.0003	0.710925
700000.0003	-0.392908
700000.0003	-0.374337
700000.0003	-0.168995
700000.0003	-1.65792
700000.0003	0.300354
700000.0003	0.501902
700000.0003	-0.053372
700000.0003	-0.41857
700000.0003	-0.213915
700000.0003	-0.879565
700000.0003	-1.00642
700000.0003	-0.769175
700000.0003	-1.02442
700000.0003	-0.937978
700000.0003	-0.974655
700000.0003	-1.26043
700000.0003	-0.942629
700000.0003	-0.519997
700000.0003	-2.51633
700000.0003	-0.632971
700000.0003	-1.47085
700000.0003	-1.77278
700000.0003	-2.12808
700000.0003	-1.9242
700000.0003	-2.36436
700000.0003	-2.58122
700000.0003	-3.41218
700000.0003	-3.65907
700000.0003	-3.00206
700000.0003	-3.13994
700000.0003	-2.05294
700000.0003	-1.80998
700000.0003	-3.05597
700000.0003	-3.588
700000.0003	-3.25141
700000.0003	-4.56791
700000.0003	-2.67053
700000.0003	-4.19534
700000.0003	-3.01025
700000.0003	-4.11911
700000.0003	-3.52274
700000.0003	-4.46079
700000.0003	-4.29603
700000.0003	-3.49592
700000.0003	-4.56118
700000.0003	-3.8672
700000.0003	-6.55794
700000.0003	-5.02591
700000.0003	-5.54544
700000.0003	-6.5096
700000.0003	-6.90377
700000.0003	-5.9645
700000.0003	-6.14106
700000.0003	-6.54032
700000.0003	-7.83626
700000.0003	-7.24603
700000.0003	-8.22619
700000.0003	-9.31005
700000.0003	-7.97399
700000.0003	-10.5063
700000.0003	-8.89562
700000.0003	-10.0607
700000.0003	-10.0393
700000.0003	-10.6849
700000.0003	-11.6847
700000.0003	-12.6838
700000.0003	-12.6727
700000.0003	-14.7501
700000.0003	-14.6459
700000.0003	-14.8579
700000.0003	-14.6773
700000.0003	-17.0921
700000.0003	-16.3017
700000.0003	-20.1819
700000.0003	-19.9995
700000.0003	-21.8147
700000.0003	-23.8734
700000.0003	-25.8184
700000.0003	-26.4481
700000.0003	-30.4837
700000.0003	-32.4933
700000.0003	-36.8039
700000.0003	-38.9832
700000.0003	-42.851
700000.0003	-46.7239
700000.0003	-52.6648
700000.0003	-58.9832
700000.0003	-67.3945
700000.0003	-77.1713
700000.0003	-89.3867
700000.0003	-101.771
700000.0003	-117.894
700000.0003	-135.567
700000.0003	-158.895
700000.0003	-183.668
700000.0003	-213.781
700000.0003	-248.318
700000.0003	-288.72
700000.0003	-338.096
700000.0003	-387.828
700000.0003	-453.339
700000.0003	-522.61
700000.0003	-600.519
700000.0003	-678.519
700000.0003	-774.263
700000.0003	-867.009
700000.0003	-960.316
700000.0003	-1064.37
700000.0003	-1162.02
700000.0003	-1249.58
700000.0003	-1329.44
700000.0003	-1396.26
700000.0003	-1452.67
700000.0003	-1485.36
700000.0003	-1508.22
700000.0003	-1512.43
700000.0003	-1501.75
700000.0003	-1469.31
700000.0003	-1438.02
700000.0003	-1387.2
700000.0003	-1331.26
700000.0003	-1269.64
700000.0003	-1209.69
700000.0003	-1142.46
700000.0003	-1077.11
700000.0003	-1006.75
700000.0003	-935.339
700000.0003	-868.282
700000.0003	-801.418
700000.0003	-737.32
700000.0003	-673.72
700000.0003	-613.469
700000.0003	-552.189
700000.0003	-494.46
700000.0003	-446.828
700000.0003	-393.989
700000.0003	-348.151
700000.0003	-308.829
700000.0003	-269.947
700000.0003	-234.743
700000.0003	-204.489
700000.0003	-176.667
700000.0003	-155.15
700000.0003	-136.693
700000.0003	-121.426
700000.0003	-106.873
700000.0003	-94.8111
700000.0003	-85.9574
700000.0003	-76.1663
700000.0003	-70.4219
700000.0003	-65.2014
700000.0003	-61.1718
700000.0003	-57.4295
700000.0003	-54.1916
700000.0003	-50.5951
700000.0003	-50.0823
700000.0003	-46.9657
700000.0003	-45.473
700000.0003	-44.4007
700000.0003	-43.6259
700000.0003	-42.5498
700000.0003	-42.5598
700000.0003	-41.5331
700000.0003	-42.2037
700000.0003	-42.2909
700000.0003	-42.0712
700000.0003	-42.1574
700000.0003	-42.0956
700000.0003	-41.2785
700000.0003	-41.5413
700000.0003	-41.2492
700000.0003	-41.8421
700000.0003	-41.0859
700000.0003	-39.8258
700000.0003	-40.2155
700000.0003	-41.0037
700000.0003	-41.4738
700000.0003	-41.2583
700000.0003	-41.1875
700000.0003	-41.0459
700000.0003	-41.216
700000.0003	-40.784
700000.0003	-41.145
700000.0003	-40.6671
700000.0003	-41.1267
700000.0003	-41.7759
700000.0003	-41.1291
700000.0003	-41.1743
700000.0003	-40.9766
700000.0003	-39.9154
700000.0003	-40.2585
700000.0003	-40.6681
700000.0003	-40.4663
700000.0003	-40.3266
700000.0003	-39.4021
700000.0003	-39.9604
700000.0003	-39.5614
700000.0003	-40.6155
700000.0003	-40.7602
700000.0003	-40.473
700000.0003	-40.5334
700000.0003	-40.468
700000.0003	-40.8549
700000.0003	-39.4862
700000.0003	-40.2507
700000.0003	-40.7937
700000.0003	-40.0935
700000.0003	-40.0768
700000.0003	-40.8582
700000.0003	-41.1813
700000.0003	-40.9915
700000.0003	-41.2374
700000.0003	-40.7838
700000.0003	-40.2838
700000.0003	-40.064
700000.0003	-39.3836
700000.0003	-40.4271
700000.0003	-39.3632
700000.0003	-39.4772
700000.0003	-38.6977
700000.0003	-39.8618
700000.0003	-39.388
700000.0003	-39.335
700000.0003	-39.9441
700000.0003	-39.3563
700000.0003	-39.2217
700000.0003	-39.7986
700000.0003	-40.0932
700000.0003	-40.3578
700000.0003	-40.3074
700000.0003	-39.7375
700000.0003	-39.8034
700000.0003	-39.4826
700000.0003	-38.4875
700000.0003	-39.9274
700000.0003	-38.5052
700000.0003	-39.0368
700000.0003	-38.6799
700000.0003	-37.3454
700000.0003	-37.2406
700000.0003	-37.8544
700000.0003	-38.3513
700000.0003	-36.9321
700000.0003	-37.2799
700000.0003	-37.3873
700000.0003	-36.9295
700000.0003	-35.767
700000.0003	-35.0792
700000.0003	-33.6656
700000.0003	-33.6524
700000.0003	-31.7642
700000.0003	-31.6536
700000.0003	-29.1927
700000.0003	-27.4255
700000.0003	-24.3237
700000.0003	-18.9949
700000.0003	-14.2011
700000.0003	-6.28599
700000.0003	3.04458
700000.0003	18.179
700000.0003	35.1666
700000.0003	-0.64174
700000.0003	0.463
700000.0003	0.188486
700000.0003	0.446371
700000.0003	0.646559
700000.0003	-0.473801
700000.0003	1.10915
700000.0003	-1.61209
700000.0003	-3.39158
700000.0003	-1.92071
700000.0003	2.71164
700000.0003	1.40979
700000.0003	0.684111
700000.0003	-0.749268
700000.0003	-0.967105
700000.0003	-3.54681
700000.0003	-1.48633
700000.0003	-1.51106
700000.0003	-0.351372
700000.0003	2.22565
700000.0003	0.814696
700000.0003	1.6245
700000.0003	0.690738
700000.0003	-1.2872
700000.0003	0.122387
700000.0003	0.796675
700000.0003	0.534193
700000.0003	0.44495
700000.0003	1.32253
700000.0003	1.05832
700000.0003	0.464189
700000.0003	-0.631175
700000.0003	-0.169296
700000.0003	0.101023
700000.0003	-0.650626
700000.0003	0.411799
700000.0003	-0.167175
700000.0003	-0.659764
700000.0003	0.0318977
700000.0003	-0.0343848
700000.0003	0.892942
700000.0003	-0.479178
700000.0003	0.232159
700000.0003	-0.51031
700000.0003	0.0712132
700000.0003	0.346487
700000.0003	-0.0140278
700000.0003	0.746074
700000.0003	-0.714388
700000.0003	0.735231
700000.0003	-0.147337
700000.0003	0.415326
700000.0003	0.101858
700000.0003	-0.203576
700000.0003	-0.100332
700000.0003	0.125456
700000.0003	-0.0801801
700000.0003	-0.0561599
700000.0003	-0.605769
700000.0003	0.427281
700000.0003	-0.353673
700000.0003	-0.513316
700000.0003	0.384079
700000.0003	1.57378
700000.0003	-0.737048
700000.0003	0.520047
700000.0003	-0.0583076
700000.0003	-0.11146
700000.0003	-0.506045
700000.0003	0.170429
700000.0003	-0.729924
700000.0003	0.973934
700000.0003	-0.615482
700000.0003	-0.210957
700000.0003	0.374591
700000.0003	0.288204
700000.0003	-0.680613
700000.0003	-0.433501
700000.0003	-0.553727
700000.0003	0.710523
700000.0003	0.453649
700000.0003	0.248627
700000.0003	0.206531
700000.0003	-0.672079
700000.0003	-0.157319
700000.0003	0.593009
700000.0003	-0.0116229
700000.0003	-0.0168048
700000.0003	0.151011
700000.0003	-0.504259
700000.0003	-0.573565
700000.0003	1.06465
700000.0003	0.749589
700000.0003	-0.20647
700000.0003	0.695291
700000.0003	-0.124304
700000.0003	-0.186078
700000.0003	0.722242
700000.0003	-0.490077
700000.0003	0.555851
700000.0003	-0.166631
700000.0003	-0.506351
700000.0003	-1.23814
700000.0003	-1.05687
700000.0003	0.154769
700000.0003	0.711583
700000.0003	-0.0346507
700000.0003	-0.779079
700000.0003	0.335147
700000.0003	0.0544302
700000.0003	-0.703291
700000.0003	0.703677
700000.0003	0.372274
700000.0003	-0.290271
700000.0003	-0.480174
700000.0003	0.215707
700000.0003	0.5628
700000.0003	0.898319
700000.0003	0.863231
700000.0003	-0.639027
700000.0003	-0.190028
700000.0003	-0.0780237
700000.0003	0.198769
700000.0003	-0.14862
700000.0003	-0.253702
700000.0003	0.146275
700000.0003	0.370298
700000.0003	-0.654404
700000.0003	0.14944
700000.0003	-0.200497
700000.0003	-0.408615
700000.0003	0.569259
700000.0003	-0.0829029
700000.0003	0.223306
700000.0003	0.265208
700000.0003	0.117237
700000.0003	-0.721005
700000.0003	-0.563885
700000.0003	0.19808
700000.0003	0.857593
700000.0003	-0.267354
700000.0003	-0.502661
700000.0003	-0.334032
700000.0003	0.0158616
700000.0003	0.199761
700000.0003	0.169414
700000.0003	-0.342763
700000.0003	-0.122828
700000.0003	0.958365
700000.0003	0.0487141
700000.0003	-0.643546
700000.0003	0.0168244
700000.0003	-0.192436
700000.0003	0.373332
700000.0003	0.891743
700000.0003	0.562028
700000.0003	-1.03464
700000.0003	0.280626
700000.0003	-0.052744
700000.0003	-1.0696
700000.0003	0.810119
700000.0003	-0.0139786
700000.0003	-0.201129
700000.0003	0.653122
700000.0003	-1.24709
700000.0003	-0.698782
700000.0003	-0.773651
700000.0003	0.676415
700000.0003	1.33583
700000.0003	0.342024
700000.0003	0.876682
700000.0003	-0.37308
700000.0003	-0.760673
700000.0003	-0.752001
700000.0003	0.453446
700000.0003	0.270648
700000.0003	0.521495
700000.0003	-0.670599
700000.0003	0.231309
700000.0003	0.879258
700000.0003	-0.673563
700000.0003	0.16392
700000.0003	0.491032
700000.0003	-0.226126
700000.0003	0.330261
700000.0003	0.154743
700000.0003	-0.607989
700000.0003	-0.502102
700000.0003	0.399495
700000.0003	-0.808229
700000.0003	0.0295857
700000.0003	0.439963
700000.0003	0.294857
700000.0003	0.294973
700000.0003	-0.41763
700000.0003	-0.341262
700000.0003	-1.05329
700000.0003	-0.790464
700000.0003	1.33852
700000.0003	-0.430343
700000.0003	0.18732
700000.0003	1.206
700000.0003	0.236971
700000.0003	0.0514759
700000.0003	-0.561951
700000.0003	-0.11683
700000.0003	0.60161
700000.0003	0.839442
700000.0003	-1.93796
700000.0003	-0.471839
700000.0003	0.663213
700000.0003	0.542344
700000.0003	-1.27008
700000.0003	0.0644184
700000.0003	-0.0564764
700000.0003	0.432131
700000.0003	-0.665655
700000.0003	1.06432
700000.0003	-1.62708
700000.0003	-0.222295
700000.0003	1.33914
700000.0003	0.942682
700000.0003	-1.40916
700000.0003	1.12225
700000.0003	0.0105098
700000.0003	1.73364
700000.0003	-0.793846
700000.0003	-1.24176
700000.0003	-1.12859
700000.0003	0.953738
700000.0003	0.631201
700000.0003	1.33402
700000.0003	0.0830267
700000.0003	-0.189082
700000.0003	1.20546
700000.0003	-0.992694
700000.0003	-0.339898
700000.0003	0.021853
700000.0003	0.462824
700000.0003	2.4639
700000.0003	-2.35104
700000.0003	-0.344644
700000.0003	-2.27588
700000.0003	0.524347
700000.0003	1.17421
700000.0003	-3.11924
700000.0003	-1.78177
700000.0003	0.916936
700000.0003	-0.214182
700000.0003	-0.98527
700000.0003	-0.0385664
700000.0003	0.816847
700000.0003	0.15349
700000.0003	1.51488
700000.0003	-1.73109
700000.0003	0.797355
700000.0003	3.38467
700000.0003	4.18898
700000.0003	-1.52696
700000.0003	0.910441
700000.0003	-1.49875
700000.0003	-1.50898
700000.0003	-2.42184
700000.0003	0.329206
700000.0003	0.383616
700000.0003	-0.495732
700000.0003	-1.16306
700000.0003	-0.348375
700000.0003	-1.31415
700000.0003	3.92636
700000.0003	1.8158
700000.0003	-0.956457
700000.0003	-0.990459
700000.0003	1.32115
700000.0003	-0.973398
700000.0003	0.43634
700000.0003	1.75835
700000.0003	-0.277539
700000.0003	-0.265665
700000.0003	-0.823056
700000.0003	-0.251786
700000.0003	-0.324363
700000.0003	-0.240862
700000.0003	0.587232
700000.0003	-0.586219
700000.0003	0.942974
700000.0003	-0.0560719
700000.0003	-0.437506
700000.0003	-0.401767
700000.0003	-0.225366
700000.0003	0.314564
700000.0003	-0.0460413
700000.0003	-0.0573887
700000.0003	-0.0107135
700000.0003	0.425318
700000.0003	0.366753
700000.0003	0.675962
700000.0003	0.390176
700000.0003	-0.177897
700000.0003	0.27682
700000.0003	-0.0539707
700000.0003	0.830907
700000.0003	0.0535609
700000.0003	-0.972932
700000.0003	0.0605443
700000.0003	-0.403474
700000.0003	0.721655
700000.0003	0.427114
700000.0003	0.107134
700000.0003	0.140555
700000.0003	0.128878
700000.0003	0.850206
700000.0003	0.312309
700000.0003	0.899558
700000.0003	1.18619
700000.0003	0.500362
700000.0003	1.15504
700000.0003	-0.341056
700000.0003	-0.284696
700000.0003	0.295278
700000.0003	-0.0187039
700000.0003	0.141245
700000.0003	-0.777392
700000.0003	0.249091
700000.0003	0.709139
700000.0003	0.444739
700000.0003	-1.04195
700000.0003	-0.0858112
700000.0003	-0.198335
700000.0003	-0.442584
700000.0003	-0.418728
700000.0003	-0.643445
700000.0003	0.535527
700000.0003	-0.168987
700000.0003	1.2199
700000.0003	1.10589
700000.0003	0.450802
700000.0003	0.469418
700000.0003	-0.707581
700000.0003	-0.298745
700000.0003	-0.0850543
700000.0003	-1.16904
700000.0003	0.658436
700000.0003	0.107677
700000.0003	-0.516905
700000.0003	0.184721
700000.0003	0.372386
700000.0003	-0.303075
700000.0003	0.501621
700000.0003	-0.19385
700000.0003	0.59782
700000.0003	0.416505
700000.0003	0.433533
700000.0003	0.353108
700000.0003	-0.564485
700000.0003	0.510413
700000.0003	-0.422387
700000.0003	0.363692
700000.0003	-0.205178
700000.0003	-0.594906
700000.0003	-1.04056
700000.0003	0.414295
700000.0003	-0.945974
700000.0003	-0.176987
700000.0003	-1.0281
700000.0003	-0.308634
700000.0003	-0.209788
700000.0003	0.0197318
700000.0003	-0.0428027
700000.0003	0.178659
700000.0003	-0.0833748
700000.0003	0.103241
700000.0003	-0.106306
700000.0003	-0.72621
700000.0003	-0.343689
700000.0003	-0.441481
700000.0003	-0.580901
700000.0003	-0.0769359
700000.0003	-0.338111
700000.0003	0.587353
700000.0003	-0.427706
700000.0003	-0.0636883
700000.0003	0.671343
700000.0003	-0.288407
700000.0003	-0.0481659
700000.0003	0.506
700000.0003	-0.491315
700000.0003	0.00898852
700000.0003	-0.545188
700000.0003	-0.508745
700000.0003	-1.90412
700000.0003	0.163068
700000.0003	0.381491
700000.0003	0.46344
700000.0003	-0.30321
700000.0003	-0.872111
700000.0003	0.0321955
700000.0003	0.0365728
700000.0003	-0.148903
700000.0003	0.0299758
