700000.0003	64.217
700000.0003	113.609
700000.0003	193.554
700000.0003	313.833
700000.0003	480.47
700000.0003	699.32
700000.0003	963.242
700000.0003	1254.97
700000.0003	1593.19
700000.0003	1968.63
700000.0003	2392.06
700000.0003	2853.64
700000.0003	3309.17
700000.0003	3649.79
700000.0003	3808.27
700000.0003	3731.9
700000.0003	3459.83
700000.0003	3043.45
700000.0003	2592.46
700000.0003	2142.28
700000.0003	1726.07
700000.0003	1364.05
700000.0003	1055.55
700000.0003	805.199
700000.0003	610.423
700000.0003	460.802
700000.0003	348.533
700000.0003	263.701
700000.0003	197.995
700000.0003	153.801
700000.0003	115.732
700000.0003	91.1328
700000.0003	70.4107
700000.0003	54.7446
700000.0003	43.3238
700000.0003	34.4345
700000.0003	26.8887
700000.0003	21.1941
700000.0003	16.2062
700000.0003	13.8532
700000.0003	11.3162
700000.0003	9.84702
700000.0003	7.39361
700000.0003	7.38523
700000.0003	5.16894
700000.0003	5.86429
700000.0003	5.93713
700000.0003	6.06309
700000.0003	3.56365
700000.0003	4.92259
700000.0003	4.50645
700000.0003	3.52168
700000.0003	2.36196
700000.0003	2.85185
700000.0003	3.14509
700000.0003	2.36515
700000.0003	2.02887
700000.0003	2.6694
700000.0003	1.71329
700000.0003	1.3589
700000.0003	2.48343
700000.0003	1.36811
700000.0003	2.05326
700000.0003	1.30743
700000.0003	1.46184
700000.0003	0.811362
700000.0003	2.12527
700000.0003	0.877799
700000.0003	0.6913
700000.0003	1.51264
700000.0003	1.38534
700000.0003	2.06947
700000.0003	1.41667
700000.0003	0.223366
700000.0003	0.357376
700000.0003	1.05809
700000.0003	0.956735
700000.0003	0.611592
700000.0003	0.656913
700000.0003	1.08436
700000.0003	0.272135
700000.0003	-0.303518
700000.0003	1.05462
700000.0003	1.11052
700000.0003	0.511253
700000.0003	1.3749
700000.0003	1.00003
700000.0003	0.777693
700000.0003	-0.247847
700000.0003	0.137185
700000.0003	0.520433
700000.0003	0.405534
700000.0003	-0.472478
700000.0003	-1.11701
700000.0003	0.88051
700000.0003	-0.195498
700000.0003	-0.234333
700000.0003	1.34628
700000.0003	1.25515
700000.0003	0.543738
700000.0003	0.678578
700000.0003	-0.72073
700000.0003	0.714547
700000.0003	-0.232349
700000.0003	-0.307762
700000.0003	1.35476
700000.0003	0.287501
700000.0003	0.340172
700000.0003	0.759335
700000.0003	0.800234
700000.0003	0.312944
700000.0003	0.17058
700000.0003	-0.673785
700000.0003	-0.0474912
700000.0003	-0.327032
700000.0003	-0.684809
700000.0003	0.850796
700000.0003	0.41742
700000.0003	-0.0264575
700000.0003	0.195322
700000.0003	-0.399401
700000.0003	-0.697747
700000.0003	0.695048
700000.0003	0.433508
700000.0003	1.2258
700000.0003	-0.161141
700000.0003	-0.0590258
700000.0003	0.216352
700000.0003	0.0227417
700000.0003	-0.82904
700000.0003	1.14634
700000.0003	0.348065
700000.0003	0.144207
700000.0003	0.516531
700000.0003	-0.64816
700000.0003	0.885293
700000.0003	-0.942088
700000.0003	-8.32392e-05
700000.0003	-1.01281
700000.0003	0.321517
700000.0003	-0.0891846
700000.0003	-0.377765
700000.0003	-0.0831681
700000.0003	-0.494879
700000.0003	0.142359
700000.0003	-0.239073
700000.0003	-0.408871
700000.0003	-0.989497
700000.0003	-0.792409
700000.0003	-1.44064
700000.0003	-1.11441
700000.0003	-0.96098
700000.0003	-1.55139
700000.0003	-1.29573
700000.0003	-1.12649
700000.0003	-1.07806
700000.0003	-0.0248729
700000.0003	-1.15052
700000.0003	-1.48726
700000.0003	-1.23653
700000.0003	-1.04301
700000.0003	-1.45424
700000.0003	-2.54616
700000.0003	-3.33286
700000.0003	-2.86307
700000.0003	-2.931
700000.0003	-2.56272
700000.0003	-3.13713
700000.0003	-2.75452
700000.0003	-3.12963
700000.0003	-2.99305
700000.0003	-3.59676
700000.0003	-2.20792
700000.0003	-2.46981
700000.0003	-2.67747
700000.0003	-3.21326
700000.0003	-4.84008
700000.0003	-4.14614
700000.0003	-4.4013
700000.0003	-3.50516
700000.0003	-3.98779
700000.0003	-5.23031
700000.0003	-3.598
700000.0003	-4.4199
700000.0003	-4.27514
700000.0003	-5.26667
700000.0003	-5.39354
700000.0003	-6.11599
700000.0003	-6.12544
700000.0003	-6.41868
700000.0003	-6.81441
700000.0003	-6.65568
700000.0003	-7.82117
700000.0003	-7.01944
700000.0003	-6.71604
700000.0003	-8.02469
700000.0003	-7.16019
700000.0003	-7.82619
700000.0003	-8.82306
700000.0003	-8.53892
700000.0003	-10.2338
700000.0003	-9.78651
700000.0003	-11.7886
700000.0003	-12.723
700000.0003	-11.3421
700000.0003	-14.2048
700000.0003	-13.1606
700000.0003	-15.4636
700000.0003	-14.3349
700000.0003	-15.5981
700000.0003	-17.0575
700000.0003	-18.5158
700000.0003	-18.565
700000.0003	-18.9893
700000.0003	-22.5352
700000.0003	-23.1282
700000.0003	-26.5978
700000.0003	-26.9488
700000.0003	-30.7615
700000.0003	-33.391
700000.0003	-36.4178
700000.0003	-39.387
700000.0003	-43.2382
700000.0003	-48.7017
700000.0003	-54.5247
700000.0003	-61.0145
700000.0003	-66.9204
700000.0003	-75.5298
700000.0003	-87.6864
700000.0003	-100.412
700000.0003	-116.74
700000.0003	-134.877
700000.0003	-158.225
700000.0003	-182.845
700000.0003	-211.372
700000.0003	-248.17
700000.0003	-287.374
700000.0003	-337.696
700000.0003	-391.335
700000.0003	-454.572
700000.0003	-521.829
700000.0003	-599.833
700000.0003	-684.675
700000.0003	-774.751
700000.0003	-867.635
700000.0003	-963.854
700000.0003	-1065.24
700000.0003	-1158.88
700000.0003	-1244.43
700000.0003	-1330.88
700000.0003	-1399.23
700000.0003	-1456.35
700000.0003	-1491.4
700000.0003	-1508.77
700000.0003	-1510.15
700000.0003	-1502.44
700000.0003	-1470.65
700000.0003	-1435.76
700000.0003	-1386.34
700000.0003	-1333.01
700000.0003	-1270.18
700000.0003	-1206.62
700000.0003	-1141.62
700000.0003	-1070.64
700000.0003	-1002.61
700000.0003	-936.276
700000.0003	-868.537
700000.0003	-800.08
700000.0003	-737.275
700000.0003	-669.532
700000.0003	-611.277
700000.0003	-551.836
700000.0003	-497.101
700000.0003	-443.084
700000.0003	-392.809
700000.0003	-349.879
700000.0003	-305.797
700000.0003	-267.712
700000.0003	-236.366
700000.0003	-204.662
700000.0003	-179.067
700000.0003	-155.363
700000.0003	-138.053
700000.0003	-120.426
700000.0003	-105.811
700000.0003	-95.1412
700000.0003	-85.2928
700000.0003	-78.9534
700000.0003	-71.0579
700000.0003	-64.3095
700000.0003	-60.2667
700000.0003	-56.214
700000.0003	-54.3705
700000.0003	-51.869
700000.0003	-49.2375
700000.0003	-47.5768
700000.0003	-45.773
700000.0003	-44.283
700000.0003	-43.4775
700000.0003	-42.6168
700000.0003	-41.8674
700000.0003	-41.1303
700000.0003	-41.1571
700000.0003	-42.3239
700000.0003	-42.3352
700000.0003	-41.1336
700000.0003	-41.6023
700000.0003	-41.2531
700000.0003	-41.0966
700000.0003	-41.07
700000.0003	-41.1973
700000.0003	-40.9672
700000.0003	-41.2248
700000.0003	-40.375
700000.0003	-40.5688
700000.0003	-41.2201
700000.0003	-40.6034
700000.0003	-41.0743
700000.0003	-41.1212
700000.0003	-40.402
700000.0003	-39.8551
700000.0003	-40.3317
700000.0003	-40.3698
700000.0003	-40.3191
700000.0003	-40.8651
700000.0003	-40.4966
700000.0003	-41.0982
700000.0003	-40.6101
700000.0003	-40.3503
700000.0003	-41.28
700000.0003	-40.7665
700000.0003	-40.7322
700000.0003	-40.5585
700000.0003	-40.7117
700000.0003	-39.6542
700000.0003	-40.6234
700000.0003	-40.6012
700000.0003	-40.4635
700000.0003	-40.6868
700000.0003	-40.2225
700000.0003	-39.8768
700000.0003	-39.9805
700000.0003	-39.4052
700000.0003	-39.8185
700000.0003	-40.4192
700000.0003	-39.4491
700000.0003	-39.4663
700000.0003	-40.1082
700000.0003	-39.7056
700000.0003	-40.2091
700000.0003	-40.7667
700000.0003	-39.7853
700000.0003	-39.1588
700000.0003	-40.8978
700000.0003	-39.596
700000.0003	-39.1332
700000.0003	-40.6542
700000.0003	-40.2721
700000.0003	-39.8015
700000.0003	-40.1044
700000.0003	-39.726
700000.0003	-39.2936
700000.0003	-40.5659
700000.0003	-39.9427
700000.0003	-40.3549
700000.0003	-39.6959
700000.0003	-39.973
700000.0003	-39.5938
700000.0003	-39.4472
700000.0003	-39.67
700000.0003	-39.3358
700000.0003	-39.458
700000.0003	-39.5002
700000.0003	-38.6477
700000.0003	-38.1759
700000.0003	-39.6383
700000.0003	-39.2588
700000.0003	-39.8154
700000.0003	-38.3103
700000.0003	-38.2823
700000.0003	-36.5761
700000.0003	-38.0356
700000.0003	-36.7378
700000.0003	-36.2763
700000.0003	-35.5063
700000.0003	-35.776
700000.0003	-35.3147
700000.0003	-34.2533
700000.0003	-34.3246
700000.0003	-32.2609
700000.0003	-30.977
700000.0003	-29.014
700000.0003	-26.9298
700000.0003	-23.8924
700000.0003	-19.4833
700000.0003	-14.8541
700000.0003	-5.87854
700000.0003	3.09525
700000.0003	18.101
700000.0003	35.5665
700000.0003	-0.808681
700000.0003	0.710177
700000.0003	1.60047
700000.0003	-0.433851
700000.0003	1.59002
700000.0003	-0.417458
700000.0003	1.09893
700000.0003	-0.791361
700000.0003	2.44492
700000.0003	-2.1326
700000.0003	0.642814
700000.0003	-3.18329
700000.0003	-0.571049
700000.0003	-5.5583
700000.0003	1.74357
700000.0003	0.456283
700000.0003	3.09513
700000.0003	0.755478
700000.0003	-1.06341
700000.0003	2.84058
700000.0003	0.952979
700000.0003	-0.392865
700000.0003	2.58789
700000.0003	-3.64977
700000.0003	-4.33236
700000.0003	-1.45676
700000.0003	-0.197993
700000.0003	2.96296
700000.0003	0.650006
700000.0003	0.951809
700000.0003	2.13815
700000.0003	0.601927
700000.0003	-1.83228
700000.0003	-0.456822
700000.0003	-1.90955
700000.0003	0.402396
700000.0003	-0.212285
700000.0003	0.560254
700000.0003	-0.409123
700000.0003	0.255674
700000.0003	0.468106
700000.0003	-0.878242
700000.0003	1.56289
700000.0003	0.364531
700000.0003	-0.848396
700000.0003	0.164693
700000.0003	-0.00114141
700000.0003	-0.361863
700000.0003	0.235549
700000.0003	-0.264231
700000.0003	-0.284843
700000.0003	0.642869
700000.0003	-0.0498859
700000.0003	-0.829832
700000.0003	-0.492931
700000.0003	-0.42082
700000.0003	0.800634
700000.0003	0.248387
700000.0003	0.14417
700000.0003	-0.172904
700000.0003	0.151443
700000.0003	-0.364668
700000.0003	-0.210906
700000.0003	0.196586
700000.0003	-0.155227
700000.0003	-1.22458
700000.0003	-0.55936
700000.0003	0.436366
700000.0003	0.215251
700000.0003	1.14247
700000.0003	0.448485
700000.0003	-0.344779
700000.0003	-0.389442
700000.0003	-0.77794
700000.0003	-0.407029
700000.0003	-0.0231575
700000.0003	0.224349
700000.0003	1.79255
700000.0003	0.10756
700000.0003	-0.418761
700000.0003	-0.491866
700000.0003	0.146946
700000.0003	1.04539
700000.0003	-0.708667
700000.0003	0.272812
700000.0003	0.22383
700000.0003	-0.817693
700000.0003	-0.165557
700000.0003	-0.145382
700000.0003	0.650846
700000.0003	0.785051
700000.0003	-0.111913
700000.0003	-0.0929578
700000.0003	-0.194764
700000.0003	-0.540574
700000.0003	-0.357514
700000.0003	0.295506
700000.0003	0.14626
700000.0003	-0.146814
700000.0003	-0.39479
700000.0003	-0.0779019
700000.0003	-0.87382
700000.0003	-0.247947
700000.0003	0.16539
700000.0003	0.445087
700000.0003	0.912774
700000.0003	0.773662
700000.0003	0.472143
700000.0003	0.169148
700000.0003	-0.979888
700000.0003	-0.662013
700000.0003	0.757731
700000.0003	0.61304
700000.0003	-0.543725
700000.0003	0.274539
700000.0003	-0.641223
700000.0003	-0.825757
700000.0003	0.268512
700000.0003	0.568399
700000.0003	-0.186366
700000.0003	-0.230178
700000.0003	0.282656
700000.0003	-0.0256763
700000.0003	0.0658048
700000.0003	0.313151
700000.0003	-0.14334
700000.0003	-0.572447
700000.0003	0.673438
700000.0003	0.541416
700000.0003	-0.935966
700000.0003	0.0640984
700000.0003	0.842108
700000.0003	-0.4219
700000.0003	-0.196336
700000.0003	-0.589303
700000.0003	-0.393467
700000.0003	0.621533
700000.0003	0.309933
700000.0003	-0.852793
700000.0003	0.386428
700000.0003	-0.231088
700000.0003	0.657473
700000.0003	0.693359
700000.0003	-0.167449
700000.0003	0.110989
700000.0003	0.283519
700000.0003	-0.504174
700000.0003	0.29397
700000.0003	-0.26551
700000.0003	0.18892
700000.0003	0.16096
700000.0003	-0.894177
700000.0003	-1.12218
700000.0003	-0.555553
700000.0003	0.0934595
700000.0003	1.90669
700000.0003	-0.578118
700000.0003	-0.0106084
700000.0003	0.999583
700000.0003	0.75989
700000.0003	-0.23828
700000.0003	0.733392
700000.0003	-0.611496
700000.0003	-0.56445
700000.0003	-0.507472
700000.0003	0.0594548
700000.0003	-1.09641
700000.0003	-0.181384
700000.0003	0.202011
700000.0003	0.806897
700000.0003	-0.251709
700000.0003	0.646057
700000.0003	0.0232343
700000.0003	-0.572391
700000.0003	-0.467418
700000.0003	0.660379
700000.0003	0.160716
700000.0003	-0.723073
700000.0003	0.285971
700000.0003	0.162697
700000.0003	0.520861
700000.0003	-0.952192
700000.0003	1.00404
700000.0003	-0.601489
700000.0003	0.404106
700000.0003	-0.262907
700000.0003	-1.36519
700000.0003	-0.290575
700000.0003	0.855932
700000.0003	0.331487
700000.0003	0.24664
700000.0003	-0.36363
700000.0003	-0.983826
700000.0003	-0.31665
700000.0003	0.483905
700000.0003	-0.0629961
700000.0003	-0.0678743
700000.0003	0.514962
700000.0003	0.125534
700000.0003	-0.531693
700000.0003	0.470255
700000.0003	0.291113
700000.0003	0.0639774
700000.0003	0.283059
700000.0003	1.06564
700000.0003	-0.324743
700000.0003	0.639695
700000.0003	0.586221
700000.0003	0.492363
700000.0003	0.265025
700000.0003	-0.146547
700000.0003	-1.75629
700000.0003	-1.18704
700000.0003	-0.14404
700000.0003	-0.0156383
700000.0003	0.632949
700000.0003	0.458361
700000.0003	-0.183848
700000.0003	0.911668
700000.0003	-1.3476
700000.0003	-0.181964
700000.0003	1.09702
700000.0003	-0.0339899
700000.0003	-1.11719
700000.0003	0.204097
700000.0003	-0.513372
700000.0003	1.49914
700000.0003	-0.568715
700000.0003	0.111128
700000.0003	0.597338
700000.0003	1.13822
700000.0003	0.336484
700000.0003	0.653273
700000.0003	0.581174
700000.0003	-2.42547
700000.0003	-2.52864
700000.0003	0.524918
700000.0003	-1.08389
700000.0003	-0.440546
700000.0003	-0.36013
700000.0003	-1.67075
700000.0003	-1.18976
700000.0003	-0.305302
700000.0003	-0.184572
700000.0003	0.407792
700000.0003	2.65397
700000.0003	-0.357852
700000.0003	2.59605
700000.0003	-2.08904
700000.0003	-1.27184
700000.0003	0.016911
700000.0003	2.03898
700000.0003	-0.360133
700000.0003	-0.85333
700000.0003	2.22444
700000.0003	2.22675
700000.0003	1.77062
700000.0003	-2.82947
700000.0003	4.01434
700000.0003	-1.33849
700000.0003	-0.72082
700000.0003	-0.670287
700000.0003	-0.362383
700000.0003	0.191265
700000.0003	-1.39074
700000.0003	0.0905965
700000.0003	0.121778
700000.0003	-0.586397
700000.0003	1.0385
700000.0003	0.234036
700000.0003	0.085228
700000.0003	0.059725
700000.0003	-0.017808
700000.0003	-0.655643
700000.0003	0.163049
700000.0003	1.03653
700000.0003	-1.13745
700000.0003	0.87757
700000.0003	-1.37861
700000.0003	-0.0992422
700000.0003	-2.35735
700000.0003	1.04479
700000.0003	-0.948405
700000.0003	1.27874
700000.0003	1.58591
700000.0003	-1.05935
700000.0003	-0.0753555
700000.0003	0.912109
700000.0003	0.0468045
700000.0003	-0.0551173
700000.0003	0.826328
700000.0003	-1.54475
700000.0003	-0.60242
700000.0003	1.79991
700000.0003	0.309559
700000.0003	0.157617
700000.0003	-0.0719132
700000.0003	-0.71587
700000.0003	-0.278968
700000.0003	-0.414958
700000.0003	0.588398
700000.0003	-0.30079
700000.0003	0.626976
700000.0003	0.186628
700000.0003	-0.0394237
700000.0003	0.717496
700000.0003	-0.4309
700000.0003	-0.0727205
700000.0003	-0.163618
700000.0003	0.127784
700000.0003	-0.524436
700000.0003	-0.319787
700000.0003	0.578798
700000.0003	0.43648
700000.0003	0.149633
700000.0003	-0.903874
700000.0003	0.0213517
700000.0003	0.262645
700000.0003	0.849456
700000.0003	0.374518
700000.0003	-0.730009
700000.0003	-0.194737
700000.0003	-0.167925
700000.0003	-0.10306
700000.0003	-0.333243
700000.0003	0.046472
700000.0003	-0.0232899
700000.0003	0.327223
700000.0003	0.115835
700000.0003	0.709746
700000.0003	0.354057
700000.0003	0.526584
700000.0003	-0.319969
700000.0003	-0.276868
700000.0003	-0.291298
700000.0003	-0.114586
700000.0003	-0.386961
700000.0003	-0.0115651
700000.0003	0.0473665
700000.0003	-0.183934
700000.0003	-0.954159
700000.0003	-0.294939
700000.0003	-0.00518263
700000.0003	-0.1453
700000.0003	-1.21485
700000.0003	-0.468178
700000.0003	0.0322061
700000.0003	-0.372641
700000.0003	-0.363217
700000.0003	-0.42823
700000.0003	0.00133122
700000.0003	-0.0497266
700000.0003	0.597711
700000.0003	0.511291
700000.0003	-0.48977
700000.0003	0.19694
700000.0003	0.0602799
700000.0003	-0.019002
700000.0003	-0.125757
700000.0003	0.427366
700000.0003	0.475478
700000.0003	0.946464
700000.0003	0.29575
700000.0003	0.212777
700000.0003	0.304555
700000.0003	-0.0793011
700000.0003	0.273708
700000.0003	0.26848
700000.0003	0.511546
700000.0003	0.33938
700000.0003	-0.196659
700000.0003	0.41698
700000.0003	-0.0996706
700000.0003	-1.09017
700000.0003	-0.0247599
700000.0003	0.608022
700000.0003	0.214098
700000.0003	-0.154703
700000.0003	-0.582126
700000.0003	-0.761777
700000.0003	-0.335103
700000.0003	0.683031
700000.0003	-0.285095
700000.0003	-0.218983
700000.0003	0.0589961
700000.0003	-0.339615
700000.0003	-0.400592
700000.0003	-0.221081
700000.0003	-0.918648
700000.0003	0.199682
700000.0003	1.18642
700000.0003	-0.641258
700000.0003	0.302415
700000.0003	-0.655281
700000.0003	1.60857
700000.0003	0.883967
700000.0003	0.179618
700000.0003	0.00592319
700000.0003	0.0794137
700000.0003	0.487194
