700000.0003	28.8151
700000.0003	100.217
700000.0003	201.828
700000.0003	341.98
700000.0003	534.062
700000.0003	776.481
700000.0003	1070.35
700000.0003	1425.73
700000.0003	1841.48
700000.0003	2278.89
700000.0003	2775.55
700000.0003	3304.39
700000.0003	3878.34
700000.0003	4452.58
700000.0003	5010.58
700000.0003	5564.58
700000.0003	5994.52
700000.0003	6367.85
700000.0003	6679.38
700000.0003	6881.26
700000.0003	7033.83
700000.0003	7124.26
700000.0003	7112.37
700000.0003	7073.16
700000.0003	6932.66
700000.0003	6765.52
700000.0003	6605.22
700000.0003	6339.98
700000.0003	6076.43
700000.0003	5749.88
700000.0003	5379.08
700000.0003	4978.8
700000.0003	4540.32
700000.0003	4021.21
700000.0003	3512.55
700000.0003	2962.04
700000.0003	2373.74
700000.0003	1749.29
700000.0003	1066.59
700000.0003	367.078
700000.0003	0
700000.0003	0
700000.0003	0
700000.0003	0
700000.0003	0
700000.0003	0
700000.0003	0
700000.0003	0
700000.0003	0
700000.0003	0
700000.0003	0
700000.0003	0
700000.0003	0
700000.0003	0
700000.0003	0
700000.0003	0
700000.0003	0
700000.0003	0
700000.0003	0
700000.0003	0
700000.0003	0
700000.0003	0
700000.0003	0
700000.0003	0
700000.0003	0
700000.0003	0
700000.0003	0
700000.0003	0
700000.0003	0
700000.0003	0
700000.0003	0
700000.0003	0
700000.0003	0
700000.0003	0
700000.0003	0
700000.0003	0
700000.0003	0
700000.0003	0
700000.0003	0
700000.0003	0
700000.0003	0
700000.0003	0
700000.0003	0
700000.0003	0
700000.0003	0
700000.0003	0
700000.0003	0
700000.0003	0
700000.0003	0
700000.0003	0
700000.0003	0
700000.0003	0
700000.0003	0
700000.0003	0
700000.0003	0
700000.0003	0
700000.0003	0
700000.0003	0
700000.0003	0
700000.0003	0
700000.0003	0
700000.0003	0
700000.0003	0
700000.0003	0
700000.0003	0
700000.0003	0
700000.0003	0
700000.0003	0
700000.0003	0
700000.0003	0
700000.0003	0
700000.0003	0
700000.0003	0
700000.0003	0
700000.0003	0
700000.0003	0
700000.0003	0
700000.0003	0
700000.0003	0
700000.0003	0
700000.0003	0
700000.0003	0
700000.0003	0
700000.0003	0
700000.0003	0
700000.0003	0
700000.0003	0
700000.0003	0
700000.0003	0
700000.0003	0
700000.0003	0
700000.0003	0
700000.0003	0
700000.0003	0
700000.0003	0
700000.0003	0
700000.0003	0
700000.0003	0
700000.0003	0
700000.0003	0
700000.0003	-23.5536
700000.0003	-70.73
700000.0003	-116.863
700000.0003	-162.405
700000.0003	-206.448
700000.0003	-251.846
700000.0003	-297.858
700000.0003	-339.326
700000.0003	-384.938
700000.0003	-424.952
700000.0003	-467.568
700000.0003	-508.539
700000.0003	-550.485
700000.0003	-586.966
700000.0003	-627.132
700000.0003	-670.378
700000.0003	-706.044
700000.0003	-748.658
700000.0003	-779.67
700000.0003	-812.212
700000.0003	-847.538
700000.0003	-887.513
700000.0003	-926.098
700000.0003	-956.823
700000.0003	-994.802
700000.0003	-1022.72
700000.0003	-1050.15
700000.0003	-1083.09
700000.0003	-1117.82
700000.0003	-1143.42
700000.0003	-1180.68
700000.0003	-1206.37
700000.0003	-1243.19
700000.0003	-1256.73
700000.0003	-1299.04
700000.0003	-1310.04
700000.0003	-1340.1
700000.0003	-1363.97
700000.0003	-1404.15
700000.0003	-1423.8
700000.0003	-1445.32
700000.0003	-1473.15
700000.0003	-1492.93
700000.0003	-1515.14
700000.0003	-1532.89
700000.0003	-1565.61
700000.0003	-1577.37
700000.0003	-1589.88
700000.0003	-1628.63
700000.0003	-1631.59
700000.0003	-1652.44
700000.0003	-1673.68
700000.0003	-1684.52
700000.0003	-1713.04
700000.0003	-1720.29
700000.0003	-1734.87
700000.0003	-1747.01
700000.0003	-1778.16
700000.0003	-1785
700000.0003	-1785.73
700000.0003	-1811.86
700000.0003	-1809.73
700000.0003	-1841.69
700000.0003	-1832.5
700000.0003	-1849.22
700000.0003	-1856.01
700000.0003	-1867.18
700000.0003	-1868.7
700000.0003	-1880.26
700000.0003	-1890.04
700000.0003	-1890.56
700000.0003	-1913.06
700000.0003	-1911.81
700000.0003	-1902.95
700000.0003	-1916.85
700000.0003	-1913.39
700000.0003	-1920.01
700000.0003	-1929.2
700000.0003	-1937.56
700000.0003	-1918.66
700000.0003	-1929.53
700000.0003	-1928.67
700000.0003	-1928.11
700000.0003	-1922.59
700000.0003	-1918.53
700000.0003	-1916.81
700000.0003	-1913.43
700000.0003	-1912.05
700000.0003	-1896.55
700000.0003	-1894.4
700000.0003	-1891.89
700000.0003	-1887.14
700000.0003	-1869.81
700000.0003	-1863.33
700000.0003	-1852.43
700000.0003	-1834.95
700000.0003	-1810.54
700000.0003	-1807.18
700000.0003	-1782.4
700000.0003	-1765.95
700000.0003	-1747.56
700000.0003	-1721
700000.0003	-1685.32
700000.0003	-1656.71
700000.0003	-1626.03
700000.0003	-1582.75
700000.0003	-1541.69
700000.0003	-1495.8
700000.0003	-1451.91
700000.0003	-1395.32
700000.0003	-1343.23
700000.0003	-1285.81
700000.0003	-1221.21
700000.0003	-1165.75
700000.0003	-1101.91
700000.0003	-1039.66
700000.0003	-974.085
700000.0003	-906.66
700000.0003	-848.202
700000.0003	-789.575
700000.0003	-727.066
700000.0003	-672.403
700000.0003	-614.938
700000.0003	-562.664
700000.0003	-512.354
700000.0003	-464.583
700000.0003	-418.961
700000.0003	-376.342
700000.0003	-336.899
700000.0003	-297.852
700000.0003	-264.744
700000.0003	-233.399
700000.0003	-204.538
700000.0003	-179.41
700000.0003	-155.208
700000.0003	-132.571
700000.0003	-115.661
700000.0003	-98.8881
700000.0003	-84.5593
700000.0003	-73.1748
700000.0003	-61.554
700000.0003	-52.3491
700000.0003	-44.0609
700000.0003	-37.5867
700000.0003	-31.3906
700000.0003	-26.5205
700000.0003	-22.5871
700000.0003	-18.8189
700000.0003	-15.7844
700000.0003	-12.9704
700000.0003	-10.9366
700000.0003	-9.2996
700000.0003	-7.45403
700000.0003	-6.05486
700000.0003	-4.88239
700000.0003	-3.79472
700000.0003	-2.75751
700000.0003	-1.92279
700000.0003	-1.1147
700000.0003	-0.37321
700000.0003	0
700000.0003	0
700000.0003	0
700000.0003	0
700000.0003	0
700000.0003	0
700000.0003	0
700000.0003	0
700000.0003	0
700000.0003	0
700000.0003	0
700000.0003	0
700000.0003	0
700000.0003	0
700000.0003	0
700000.0003	0
700000.0003	0
700000.0003	0
700000.0003	0
700000.0003	0
700000.0003	0
700000.0003	0
700000.0003	0
700000.0003	0
700000.0003	0
700000.0003	0
700000.0003	0
700000.0003	0
700000.0003	0
700000.0003	0
700000.0003	0
700000.0003	0
700000.0003	0
700000.0003	0
700000.0003	0
700000.0003	0
700000.0003	0
700000.0003	0
700000.0003	0
700000.0003	0
700000.0003	0
700000.0003	0
700000.0003	0
700000.0003	0
700000.0003	0
700000.0003	0
700000.0003	0
700000.0003	0
700000.0003	0
700000.0003	0
700000.0003	0
700000.0003	0
700000.0003	0
700000.0003	0
700000.0003	0
700000.0003	0
700000.0003	0
700000.0003	0
700000.0003	0
700000.0003	0
700000.0003	0
700000.0003	0
700000.0003	0
700000.0003	0
700000.0003	0
700000.0003	0
700000.0003	0
700000.0003	0
700000.0003	0
700000.0003	0
700000.0003	0
700000.0003	0
700000.0003	0
700000.0003	0
700000.0003	0
700000.0003	0
700000.0003	0
700000.0003	0
700000.0003	0
700000.0003	0
700000.0003	0
700000.0003	0
700000.0003	0
700000.0003	0
700000.0003	0
700000.0003	0
700000.0003	0
700000.0003	0
700000.0003	0
700000.0003	0
700000.0003	0
700000.0003	0
700000.0003	0
700000.0003	0
700000.0003	0
700000.0003	0
700000.0003	0
700000.0003	0
700000.0003	0
700000.0003	0
700000.0003	-0.062965
700000.0003	0.850466
700000.0003	-1.37563
700000.0003	0.801078
700000.0003	-2.85746
700000.0003	3.09284
700000.0003	1.23527
700000.0003	1.42316
700000.0003	6.51188
700000.0003	-9.44722
700000.0003	12.3933
700000.0003	-1.5656
700000.0003	8.04049
700000.0003	5.25158
700000.0003	3.65388
700000.0003	5.9505
700000.0003	-5.15244
700000.0003	10.2611
700000.0003	-6.70688
700000.0003	-19.5822
700000.0003	-4.72169
700000.0003	35.4034
700000.0003	-1.73475
700000.0003	26.0958
700000.0003	15.8837
700000.0003	4.77616
700000.0003	21.3337
700000.0003	34.9229
700000.0003	-5.75312
700000.0003	19.2652
700000.0003	-16.703
700000.0003	21.5134
700000.0003	-24.8138
700000.0003	8.78352
700000.0003	3.6626
700000.0003	-3.70921
700000.0003	-1.93065
700000.0003	-2.8833
700000.0003	-3.44761
700000.0003	0.385505
700000.0003	0
700000.0003	0
700000.0003	0
700000.0003	0
700000.0003	0
700000.0003	0
700000.0003	0
700000.0003	0
700000.0003	0
700000.0003	0
700000.0003	0
700000.0003	0
700000.0003	0
700000.0003	0
700000.0003	0
700000.0003	0
700000.0003	0
700000.0003	0
700000.0003	0
700000.0003	0
700000.0003	0
700000.0003	0
700000.0003	0
700000.0003	0
700000.0003	0
700000.0003	0
700000.0003	0
700000.0003	0
700000.0003	0
700000.0003	0
700000.0003	0
700000.0003	0
700000.0003	0
700000.0003	0
700000.0003	0
700000.0003	0
700000.0003	0
700000.0003	0
700000.0003	0
700000.0003	0
700000.0003	0
700000.0003	0
700000.0003	0
700000.0003	0
700000.0003	0
700000.0003	0
700000.0003	0
700000.0003	0
700000.0003	0
700000.0003	0
700000.0003	0
700000.0003	0
700000.0003	0
700000.0003	0
700000.0003	0
700000.0003	0
700000.0003	0
700000.0003	0
700000.0003	0
700000.0003	0
700000.0003	0
700000.0003	0
700000.0003	0
700000.0003	0
700000.0003	0
700000.0003	0
700000.0003	0
700000.0003	0
700000.0003	0
700000.0003	0
700000.0003	0
700000.0003	0
700000.0003	0
700000.0003	0
700000.0003	0
700000.0003	0
700000.0003	0
700000.0003	0
700000.0003	0
700000.0003	0
700000.0003	0
700000.0003	0
700000.0003	0
700000.0003	0
700000.0003	0
700000.0003	0
700000.0003	0
700000.0003	0
700000.0003	0
700000.0003	0
700000.0003	0
700000.0003	0
700000.0003	0
700000.0003	0
700000.0003	0
700000.0003	0
700000.0003	0
700000.0003	0
700000.0003	0
700000.0003	0
700000.0003	0.101658
700000.0003	0.166105
700000.0003	-0.0983513
700000.0003	0.251726
700000.0003	0.0790612
700000.0003	0.507798
700000.0003	0.442035
700000.0003	-1.316
700000.0003	-0.670349
700000.0003	-1.97589
700000.0003	-0.437654
700000.0003	-0.360407
700000.0003	-1.18726
700000.0003	0.37593
700000.0003	-0.46854
700000.0003	2.16811
700000.0003	-0.652302
700000.0003	3.18837
700000.0003	-0.422836
700000.0003	-0.120006
700000.0003	-1.99266
700000.0003	0.319422
700000.0003	1.09015
700000.0003	-3.05433
700000.0003	-2.24647
700000.0003	2.97226
700000.0003	-1.42312
700000.0003	0.706729
700000.0003	3.24445
700000.0003	0.084136
700000.0003	-1.55019
700000.0003	2.18698
700000.0003	-4.29151
700000.0003	-1.96249
700000.0003	-0.602463
700000.0003	2.44072
700000.0003	-1.12819
700000.0003	-2.28484
700000.0003	4.03745
700000.0003	-2.84884
700000.0003	-2.84358
700000.0003	-3.14935
700000.0003	0.125952
700000.0003	5.34658
700000.0003	1.89691
700000.0003	-0.321298
700000.0003	4.16674
700000.0003	-4.05246
700000.0003	0.374377
700000.0003	-1.36055
700000.0003	-3.56953
700000.0003	2.74253
700000.0003	-2.09283
700000.0003	8.45469
700000.0003	3.38105
700000.0003	0.880838
700000.0003	0.282103
700000.0003	-0.521537
700000.0003	-0.927794
700000.0003	-1.30275
700000.0003	-4.61624
700000.0003	-6.58504
700000.0003	1.3473
700000.0003	-4.67989
700000.0003	-2.52872
700000.0003	0.753988
700000.0003	7.64004
700000.0003	-5.06522
700000.0003	-3.02604
700000.0003	-6.24436
700000.0003	3.06001
700000.0003	6.58609
700000.0003	-0.326869
700000.0003	1.70167
700000.0003	-0.792486
700000.0003	-2.74276
700000.0003	-0.334859
700000.0003	1.94391
700000.0003	0.263523
700000.0003	-4.59845
700000.0003	-3.87226
700000.0003	-0.318426
700000.0003	1.52351
700000.0003	-7.17042
700000.0003	2.62947
700000.0003	-2.2884
700000.0003	0.646704
700000.0003	-3.43646
700000.0003	-3.09695
700000.0003	-1.38747
700000.0003	-4.73263
700000.0003	0.712436
700000.0003	-1.1845
700000.0003	-7.04493
700000.0003	-3.21761
700000.0003	-2.12032
700000.0003	-1.667
700000.0003	-1.34161
700000.0003	-2.35441
700000.0003	-8.93745
700000.0003	0.277829
700000.0003	2.15524
700000.0003	-0.303777
700000.0003	-0.799002
700000.0003	-3.28826
700000.0003	0.314425
700000.0003	4.18683
700000.0003	-0.738333
700000.0003	1.86818
700000.0003	-4.1915
700000.0003	0.0967324
700000.0003	-1.98555
700000.0003	0.967142
700000.0003	-0.131712
700000.0003	0.489886
700000.0003	-0.857413
700000.0003	-0.227531
700000.0003	1.40518
700000.0003	-1.26683
700000.0003	0.117326
700000.0003	-3.2728
700000.0003	-1.06546
700000.0003	-0.783039
700000.0003	1.10934
700000.0003	-0.421836
700000.0003	-0.745169
700000.0003	1.079
700000.0003	-0.953959
700000.0003	-0.237908
700000.0003	-0.759539
700000.0003	0.0842269
700000.0003	0.278953
700000.0003	-0.485805
700000.0003	-0.225271
700000.0003	-0.755411
700000.0003	0.299557
700000.0003	-0.758746
700000.0003	-0.472284
700000.0003	-0.563434
700000.0003	-0.254224
700000.0003	0.0309557
700000.0003	-0.127766
700000.0003	0.396732
700000.0003	-0.183921
700000.0003	0.284986
700000.0003	0.110965
700000.0003	0.121188
700000.0003	-0.154648
700000.0003	0.186873
700000.0003	0.0304949
700000.0003	-0.0936836
700000.0003	0.0650091
700000.0003	0.175509
700000.0003	0.00491804
700000.0003	0.0239471
700000.0003	-0.0188662
700000.0003	-0.00994017
700000.0003	0.00786359
700000.0003	-0.00431859
700000.0003	-0.0002691
700000.0003	0
700000.0003	0
700000.0003	0
700000.0003	0
700000.0003	0
700000.0003	0
700000.0003	0
700000.0003	0
700000.0003	0
700000.0003	0
700000.0003	0
700000.0003	0
700000.0003	0
700000.0003	0
700000.0003	0
700000.0003	0
700000.0003	0
700000.0003	0
700000.0003	0
700000.0003	0
700000.0003	0
700000.0003	0
700000.0003	0
700000.0003	0
700000.0003	0
700000.0003	0
700000.0003	0
700000.0003	0
700000.0003	0
700000.0003	0
700000.0003	0
700000.0003	0
700000.0003	0
700000.0003	0
700000.0003	0
700000.0003	0
700000.0003	0
700000.0003	0
700000.0003	0
700000.0003	0
700000.0003	0
700000.0003	0
700000.0003	0
700000.0003	0
700000.0003	0
700000.0003	0
700000.0003	0
700000.0003	0
700000.0003	0
700000.0003	0
700000.0003	0
700000.0003	0
700000.0003	0
700000.0003	0
700000.0003	0
700000.0003	0
700000.0003	0
700000.0003	0
700000.0003	0
700000.0003	0
700000.0003	0
700000.0003	0
700000.0003	0
700000.0003	0
700000.0003	0
700000.0003	0
700000.0003	0
700000.0003	0
700000.0003	0
700000.0003	0
700000.0003	0
700000.0003	0
700000.0003	0
700000.0003	0
700000.0003	0
700000.0003	0
700000.0003	0
700000.0003	0
700000.0003	0
700000.0003	0
700000.0003	0
700000.0003	0
700000.0003	0
700000.0003	0
700000.0003	0
700000.0003	0
700000.0003	0
700000.0003	0
700000.0003	0
700000.0003	0
700000.0003	0
700000.0003	0
700000.0003	0
700000.0003	0
700000.0003	0
700000.0003	0
700000.0003	0
700000.0003	0
700000.0003	0
700000.0003	0
