700000.0003	2961.92	2958.99	2961.09	2960.08	2960.68	2959.86	2959.39	2959.21	2961.54	2958.22	2960.06	2956.27	2958.34	2958.42	2958.09
700000.0003	1536.58	1532.82	1535.52	1534.03	1533.79	1534.31	1533.8	1533.14	1536.48	1532.32	1532.36	1532.15	1531.97	1532.26	1530.66
700000.0003	194.953	193.281	194.436	193.626	194.02	192.872	193.498	194.26	195.492	194.347	193.613	192.873	194.004	193.546	193.823
700000.0003	32.324	32.083	32.0823	32.2697	32.3882	32.2021	32.2238	32.305	32.514	32.5097	32.349	32.1389	32.0093	32.1844	32.2466
700000.0003	19.6201	19.202	19.1659	19.4887	19.043	19.1142	19.3824	18.9819	19.7537	19.3893	19.715	18.8784	19.0097	19.4759	19.624
700000.0003	16.632	16.5221	16.704	16.1989	16.6664	16.2951	16.5632	16.2855	16.5269	16.7109	16.5508	16.9581	16.5757	16.6407	16.4923
700000.0003	15.4945	15.3933	15.244	14.9143	15.597	15.6041	15.4127	15.1737	15.4353	15.257	15.6037	15.591	15.0884	15.6052	15.4826
700000.0003	14.2323	14.1416	14.4313	14.2652	14.5234	14.6241	14.5847	14.1908	14.4684	14.4854	14.4151	14.4297	14.743	14.6598	14.2855
700000.0003	13.9031	13.9266	14.1129	14.4042	13.6813	14.0777	13.7742	13.9209	14.0061	13.943	13.9508	14.0344	13.9862	13.803	13.8179
700000.0003	13.4741	13.4634	13.2847	13.3481	13.6257	13.8162	13.5506	13.6465	13.6514	13.7761	13.4614	13.7364	13.6027	13.3413	13.8262
700000.0003	13.4497	13.3564	13.3154	13.4443	13.9148	13.3031	13.3517	13.384	13.8094	13.7179	13.2406	13.4603	13.3418	13.0593	13.5087
700000.0003	13.5783	13.3595	13.1303	13.2925	13.4061	12.8311	13.5648	13.463	13.2505	13.6771	13.1259	13.6054	13.4584	13.3101	13.2235
700000.0003	13.0979	13.389	13.1471	13.1387	13.5267	13.6181	12.8433	13.3874	13.213	13.2315	13.3205	13.7015	13.5897	13.2103	13.6123
700000.0003	13.3804	13.0224	12.9372	13.3774	13.1992	13.3135	13.2315	13.4943	13.0582	13.3414	13.6482	13.3755	13.5133	13.2791	13.0837
700000.0003	13.8922	13.3374	13.2962	13.2072	13.3507	13.294	13.6236	13.7943	13.5707	13.5182	13.4587	13.3352	12.9708	13.4952	13.5092
700000.0003	13.9705	14.0802	14.1027	14.2889	13.9772	14.0901	13.9883	14.2433	14.1548	14.2374	14.2694	13.8172	13.9526	13.7442	14.0899
700000.0003	14.9586	14.8837	15.2462	14.7589	15.4048	14.932	15.1381	15.2204	15.0945	15.0185	15.1738	15.4131	15.0601	15.1153	15.1098
700000.0003	16.7298	17.0797	17.4891	16.7935	17.0416	17.1374	16.8835	16.6281	17.2615	16.8926	17.0201	16.5365	16.8863	16.8732	16.7366
700000.0003	19.9529	19.948	19.9574	20.2346	19.7068	19.7737	19.7934	19.697	19.5648	19.8507	19.9471	19.6866	19.747	19.6854	19.6153
700000.0003	23.7787	24.2565	23.9485	24.0224	23.6574	24.4278	24.3212	23.7386	24.1726	24.5933	23.884	23.9918	24.3267	23.6665	23.597
700000.0003	30.7918	30.6305	30.912	30.5022	30.7342	30.8688	30.4697	30.723	30.5992	31.0196	30.4047	30.6181	30.7532	30.0527	30.4716
700000.0003	41.7837	41.9801	41.9029	42.3153	42.0295	42.2118	41.9741	42.0896	42.0525	42.597	42.3135	42.4258	42.3268	41.7558	41.8805
700000.0003	67.7548	68.2658	68.3005	68.7681	67.2096	67.4059	67.8009	67.2726	66.9094	67.2093	67.721	67.9934	67.4774	67.1642	67.2156
700000.0003	156.334	155.386	155.646	157.168	156.276	156.528	156.044	155.585	154.905	156.229	156.271	155.285	155.513	156.523	155.049
700000.0003	515.614	515.388	518.344	517.487	517.539	517.986	516.346	516.197	515.167	517.066	516.353	516.022	516.444	517.073	515.916
700000.0003	1363.17	1362.91	1364.3	1363.05	1364.17	1363.01	1361.18	1360.35	1362.45	1360.49	1361.34	1363.34	1360.32	1363.19	1363.93
700000.0003	2201.95	2203.38	2201.3	2202.92	2203.16	2199.66	2200.64	2201.66	2201.73	2202.12	2201.39	2199.68	2201.57	2204.22	2204.65
700000.0003	2642.57	2641.69	2644.67	2641.16	2643.03	2641.38	2641.18	2640.11	2642.09	2641.1	2643.38	2641.45	2642.5	2644.61	2641.5
700000.0003	2786.05	2789.33	2793.16	2785.74	2787.44	2789.39	2789.28	2785.66	2788.97	2789.01	2788.17	2787.27	2790.23	2791.54	2789.5
700000.0003	2835.3	2837.24	2836.03	2834.8	2835.74	2838.92	2834.56	2834.13	2833.86	2837.1	2835.6	2835.09	2835.68	2836.17	2835.84
700000.0003	2862.48	2865.23	2866.65	2867.19	2864.21	2864.47	2864.09	2866.26	2862.91	2868.93	2866.04	2863.22	2864.04	2865.78	2865.26
700000.0003	2887.29	2892.79	2895.31	2893.83	2890.74	2893.18	2894.93	2892.44	2889.82	2894.24	2891.65	2891.27	2891.5	2895.79	2893.94
700000.0003	2917.79	2920.89	2921.43	2917.75	2920.65	2924.01	2921.87	2915.76	2918.56	2923.39	2920.85	2917.19	2918.92	2921.34	2916.39
700000.0003	2945.34	2948.14	2949.34	2942.9	2950.08	2950.2	2947.08	2942.19	2949.57	2949.19	2941.45	2944.62	2952.56	2950.2	2939.26
700000.0003	2972.8	2976.16	2974.05	2969.51	2979.17	2977.35	2973.66	2968.39	2977.2	2974.68	2971.32	2970.14	2976.9	2972.78	2971.78
700000.0003	2997.1	3002.89	3001.11	3001.35	3001.29	3001.38	3003.71	2997.87	3001.9	2998.04	3002.04	2997.86	3003.37	2999.53	2998.81
700000.0003	3023.38	3024.32	3028.67	3031.73	3027.58	3027.63	3026.48	3029.82	3026.85	3024.96	3026.6	3024.98	3026.79	3029.13	3029.21
700000.0003	3055.55	3051.17	3053.73	3056.01	3054.88	3054.27	3052.88	3054.45	3053.6	3050.87	3052.29	3051.96	3050.22	3051.6	3055.87
700000.0003	3077.66	3077.39	3079.93	3081.15	3079.56	3075.62	3079.21	3080.16	3077.59	3077.03	3077.9	3078.37	3076.38	3077.97	3079.37
700000.0003	3100.47	3094.82	3096.88	3101.74	3096.96	3096.4	3096.11	3096.53	3099.56	3097.05	3097.15	3095.07	3093.44	3094.85	3099.66
700000.0003	0.316538	-0.513305	-0.810118	0.870052	-0.879969	-0.358948	-1.4171	-0.435217	-0.501865	-0.853058	0.227783	-0.35175	-0.70389	-0.545736	-0.0310829
700000.0003	0.247207	-0.260096	0.28631	0.0667327	-0.506818	0.544614	0.0794287	0.496914	-0.593671	-0.589407	-1.00922	-0.204393	-0.496395	-0.412722	0.895601
700000.0003	0.0221963	-0.268256	-0.599883	0.485865	0.484344	-0.299377	0.261411	0.0646276	-0.240758	0.302964	-0.442	0.0819605	-0.39591	-0.51859	-0.323201
700000.0003	-0.263312	-0.178308	0.0795458	-0.0540808	0.19233	0.172633	0.130039	0.0872869	0.174149	-0.222033	-0.0211786	-0.197906	0.127654	0.00503696	-0.378149
700000.0003	0.283396	-0.00523306	0.141399	-0.00107369	0.0282565	0.0762169	0.0508409	-0.174432	-0.0561301	0.217277	-0.126032	-0.0529187	-0.00785859	-0.0814272	0.106883
700000.0003	-0.0412159	-0.0206539	0.270245	-0.0178565	0.211673	-0.0888345	-0.0761948	-0.136954	0.00197278	-0.188039	-0.0385761	-0.0889865	0.0668466	0.0230743	0.198616
700000.0003	0.0518459	-0.0639945	-0.0528557	-0.00496284	0.0877013	0.00543302	-0.193188	-0.0514036	-0.0539707	0.162154	-0.129418	-0.0345684	-0.0020979	0.0363255	-0.0469048
700000.0003	0.0671968	0.0314821	-0.292606	0.139945	-0.0438578	0.0786534	-0.00472258	-0.1816	0.137905	-0.0442638	-0.0147863	0.109375	-0.140167	-0.113477	0.00632213
700000.0003	-0.0625528	-0.21287	-0.150969	0.0533991	-0.0894513	-0.0168661	0.118693	-0.0839591	-0.100267	-0.0539428	-0.0177878	-0.116252	-0.0327853	-0.00618415	-0.00222659
700000.0003	0.0213349	0.0320008	-0.0909762	-0.0415948	0.0373815	0.120771	0.0671337	0.092156	-0.0135255	0.0636636	-0.0547456	0.101034	-0.0552548	-0.0099226	-0.0330026
700000.0003	-0.0643978	0.0053776	0.102444	0.0611394	0.0727199	0.192219	0.00344727	-0.0167789	-0.000947753	0.2233	-0.0682301	-0.00189637	0.034584	0.0510596	0.0790406
700000.0003	0.0451211	-0.0650572	-0.0393406	0.0914783	0.0619368	0.0722291	0.070414	0.173988	0.0166764	-0.0827378	-0.0971468	-0.00334259	-0.133334	-0.0377137	-0.00432102
700000.0003	0.0150892	-0.0941473	-0.0771439	-0.0623088	0.0144206	-0.00531395	0.0789471	-0.0796584	-0.108053	-0.0484413	-0.013439	-0.0538657	-0.00506069	-0.202534	-0.0227229
700000.0003	-0.0652965	-0.0491818	-0.120319	0.117344	0.192673	-0.137797	-0.0125986	0.116362	0.0780812	-0.0887639	-0.0793743	-0.0910964	-0.00850677	0.0730406	0.160302
700000.0003	-0.119302	-0.161686	-0.140087	0.0224591	0.0394047	0.0553314	-0.0434624	0.0968004	0.0967439	0.0909359	-0.187046	-0.0487206	0.113096	-0.0299382	0.0595685
700000.0003	-0.178302	-0.0424206	0.0148132	-0.0192033	0.174494	0.0219862	-0.0500935	0.0167014	-0.06772	-0.127885	-0.0608008	0.0436447	-0.28514	-0.0237906	0.130898
700000.0003	-0.196971	0.0356535	0.126991	-0.0299719	-0.064388	0.0544525	-0.0713032	0.093224	0.132024	-0.0298565	0.126175	-0.0280808	-0.0280744	-0.0878403	0.0332829
700000.0003	0.112871	0.0797998	0.210623	-0.0340247	-0.0782912	0.096812	0.106179	0.169923	-0.249893	0.0904139	-0.0404349	-0.0864593	0.135869	-0.0506884	-0.0967933
700000.0003	-0.25835	-0.043949	-0.0556069	0.0763919	0.184696	0.209123	-0.075157	0.163326	0.0744721	-0.167981	-0.167968	-0.0180023	-0.217806	-0.0650789	0.0959885
700000.0003	-0.0723927	0.209418	0.0470467	0.160868	0.169522	-0.273021	0.0765302	-0.0724921	0.0125082	-0.150213	-0.0929357	0.0693912	-0.0444027	0.0235864	-0.0824528
700000.0003	-0.170284	-0.00578288	-0.0392166	-0.0231991	-0.0352935	0.0372312	0.00460523	0.0146039	-0.0582171	0.0601011	-0.140137	-0.0569082	-0.287079	0.26631	-0.203904
700000.0003	-0.0784258	0.11472	-0.208617	-0.350476	0.00997007	0.0937755	0.0535991	-0.105968	-0.00811991	0.177579	0.0750598	0.141774	-0.11749	-0.0779846	0.0576473
700000.0003	-0.127017	-0.188597	0.0978853	-0.163445	0.0762532	0.14464	-0.18728	-0.19736	0.0383319	-0.0491833	-0.199799	0.127699	-0.266315	0.0352945	-0.0665166
700000.0003	0.286158	-0.0493478	-0.43955	-0.524274	0.136608	-0.174174	-0.470052	0.0478967	0.256192	-0.415927	-0.34001	-0.429796	0.266657	-0.0450621	-0.280599
700000.0003	-0.824983	0.111949	-0.173498	-0.219888	-0.502992	0.076435	0.359957	-0.158131	0.0585031	0.417469	-0.841121	0.140681	-0.290818	0.270496	0.0743697
700000.0003	0.85551	-0.601051	-0.578816	0.740622	0.784647	-0.24223	0.443814	-0.521967	-0.110356	-1.38851	0.757883	-0.512099	0.0181823	0.746106	1.13961
700000.0003	-0.0828771	-0.00357376	0.920204	0.199184	-0.375807	-0.810301	-0.520181	-0.239285	-0.145675	-0.282337	-0.366121	-0.170606	-0.100883	-0.551304	-1.18198
700000.0003	0.352345	0.0405443	-0.401781	-0.204943	0.709263	-0.520835	-0.0635659	0.436052	-0.356133	0.282195	-0.588886	0.504278	-0.263413	-1.37885	0.33802
700000.0003	0.014176	-0.556532	0.603835	0.671382	-0.169179	-0.325199	0.370917	-0.40516	0.240303	-0.00168955	-0.751003	-1.64869	-1.65697	0.590044	0.66757
700000.0003	0.0689166	0.316184	1.24326	1.0994	0.23114	0.178141	1.1276	-0.154948	-0.338321	-0.293283	-0.742026	-1.14933	0.0124857	0.174618	-0.703956
700000.0003	-0.269845	-0.0306841	0.970286	0.91839	0.609124	0.833076	-0.238782	-1.19395	-0.657445	-1.10648	-1.21457	0.276088	0.275121	-1.05085	-0.649763
700000.0003	0.452112	-0.44952	0.635023	0.970052	0.440976	-0.258405	-1.15392	-0.621903	0.0407423	-0.604307	-1.28671	-0.576178	-0.314671	-1.1735	0.398721
700000.0003	-0.106013	0.609828	0.427518	1.33785	0.500019	-0.795761	-1.52633	-0.286094	-1.09781	-1.63843	-0.372558	1.53101	-0.330231	-0.923558	-0.551866
700000.0003	-0.319665	-0.0884057	-0.521756	0.361452	0.0817835	-0.461002	-0.70166	-0.438352	-0.75745	-1.32244	-0.553406	-0.911776	0.473018	0.446935	-0.166461
700000.0003	-0.356026	-0.451123	-0.188644	-0.812731	-0.806809	0.156546	0.12804	-1.9423	-1.75978	-0.152245	0.529313	0.0140586	-0.552546	0.610937	0.162024
700000.0003	-0.706797	-0.328978	-0.322042	-0.816377	-1.60277	-1.12905	0.728225	0.326323	-0.14159	0.287501	-0.404191	0.288942	0.230372	1.28359	0.069792
700000.0003	-0.838273	-0.153505	-0.538219	-0.44096	-0.15317	-1.14766	-0.853976	-0.162517	0.559537	0.591461	0.0610411	-0.20777	0.452006	0.401486	0.604328
700000.0003	-0.150597	0.112423	-0.864256	-2.56301	-1.20713	0.185114	0.873866	0.04025	0.128015	-0.326669	0.0365631	-0.850876	0.695168	0.473938	-0.356183
700000.0003	-0.450681	-0.967179	-0.862655	-0.725048	-1.06722	-0.818439	0.260062	1.08328	0.505313	-0.642445	-0.804742	-0.521774	-0.0675894	1.04345	1.02235
700000.0003	0.774504	0.231299	-0.209376	-1.34071	0.140332	-1.22398	-0.520517	0.941677	-0.0360837	-0.498059	-0.609359	-1.39761	-0.361403	-0.421596	-1.12591
700000.0003	2910.36	2910.66	2911.64	2911.8	2912.58	2912.7	2913.5	2912.11	2912.29	2910.14	2912.57	2908.81	2909.83	2910.55	2912.17
700000.0003	1608.35	1606.92	1608.38	1607.8	1605.21	1606.77	1605.35	1604.97	1607.56	1607.45	1603.45	1603.91	1605.3	1604.4	1604.8
700000.0003	175.029	173.933	174.085	173.276	173.65	172.578	174.935	174.257	175.738	173.874	173.996	173.855	173.947	173.545	174.016
700000.0003	28.7255	28.3516	28.3254	28.3983	28.398	28.2891	27.9587	27.848	28.3877	28.341	28.3838	28.3623	27.723	28.6123	28.163
700000.0003	18.3536	18.0931	18.5955	18.7043	18.0348	18.2881	18.4249	18.1583	18.2406	18.0179	18.6878	18.1943	18.4661	18.2158	18.2244
700000.0003	15.9397	15.833	16.012	16.0248	16.3696	16.1732	16.1099	16.0987	15.9026	16.336	16.1159	16.3409	16.1287	16.0385	15.9326
700000.0003	15.04	14.6628	15.1626	15.0064	14.8467	15.4345	14.9894	14.772	14.9372	14.9826	15.3435	14.7768	15.1192	15.2908	15.0388
700000.0003	14.1189	14.2984	14.1688	14.2643	14.0892	14.4693	14.2636	14.0742	14.2692	14.5862	14.3638	14.3553	14.787	14.3928	13.9839
700000.0003	13.9389	13.6967	14.0796	14.3477	13.9711	13.8597	13.7844	13.5951	13.9461	13.9066	13.9866	13.7079	13.7697	13.7707	13.6898
700000.0003	13.6196	13.5786	13.1621	13.3878	13.5468	13.8709	13.3687	13.5404	13.5542	13.6156	13.5033	13.6478	13.4806	13.1658	13.4652
700000.0003	13.4769	13.1624	13.1751	13.6787	13.6511	13.4516	13.4744	13.8655	13.4592	13.552	13.5278	13.6049	13.3279	13.4742	13.4729
700000.0003	13.3864	13.0384	13.2457	13.1344	13.2302	13.1858	13.3574	13.2829	13.4291	13.6184	13.2178	13.6591	13.6397	13.4353	13.193
700000.0003	12.851	13.2416	13.1813	13.2105	13.2025	13.3798	13.1223	13.5364	12.9759	13.4443	13.3729	13.4839	13.2193	13.2098	13.5431
700000.0003	13.4408	13.2652	13.7135	13.3518	13.3748	13.1616	13.2582	13.2829	13.1075	13.1522	13.2923	13.1948	13.2124	13.1298	13.2453
700000.0003	13.4329	12.976	13.0512	13.3649	13.5045	13.2129	13.7542	13.6061	13.3381	13.2063	13.2207	13.1652	13.3787	13.1835	13.5015
700000.0003	13.6326	14.1255	14.0732	14.1743	14.0521	14.0913	13.9359	13.9254	14.3117	14.4531	13.8991	13.9813	13.8605	13.6482	13.7624
700000.0003	14.9801	15.248	14.9903	15.0892	15.078	15.1784	14.922	15.1732	14.8881	15.111	15.0777	15.5445	14.9573	14.9655	14.8482
700000.0003	17.0133	16.8104	16.939	16.7472	16.9485	16.9482	16.786	16.5158	17.2792	16.9744	17.0253	16.7747	16.8978	16.5857	16.7424
700000.0003	19.9735	19.8969	20.0163	20.1946	20.0806	20.0061	19.8655	19.8417	19.6729	19.9938	19.5902	19.6289	19.619	19.7998	19.5441
700000.0003	23.7287	24.5969	24.1863	24.2997	23.7414	24.2745	24.0188	23.7874	24.1752	23.7469	23.6914	24.0323	24.1844	23.7419	23.4272
700000.0003	30.528	30.5473	30.3448	30.2912	30.3378	30.837	29.974	30.3998	30.0851	30.4077	30.6246	30.5506	30.5936	29.9694	29.9364
700000.0003	41.3044	41.7473	41.6422	42.3045	41.6553	42.3627	41.8581	41.4885	41.9552	41.8543	41.6514	41.9231	41.8596	41.5923	41.3663
700000.0003	66.6267	67.2894	67.01	67.687	66.7387	66.3427	66.662	65.6747	65.4893	65.7603	66.7597	66.5036	66.9739	66.4954	66.4626
700000.0003	153.523	152.967	154.309	153.514	153.383	154.116	153.061	153.337	153.222	153.002	152.826	153.224	153.005	153.158	152.15
700000.0003	519.986	520.494	523.371	521.044	520.78	521.538	521.985	520.912	520.016	520.394	520.47	520.81	521.73	521.55	521.197
700000.0003	1364.37	1366.41	1365.93	1364.57	1365.9	1363.94	1361.93	1363.77	1362.17	1361.39	1362.47	1364.39	1362.52	1366.6	1365.18
700000.0003	2156.45	2155.5	2154.8	2153.91	2153.46	2153.15	2152.55	2153	2153.08	2152.05	2152	2153.38	2153.75	2156.27	2156.15
700000.0003	2586.26	2586.36	2584.84	2585.68	2587.56	2584.9	2583.51	2585.04	2584.5	2583.63	2585.33	2584.31	2585.88	2587.82	2586.91
700000.0003	2777.7	2778.35	2780.98	2778.92	2776.95	2776.74	2779.52	2777.44	2779.65	2777.2	2780.26	2779.08	2780.26	2776.13	2779.7
700000.0003	2865.11	2866.57	2864.12	2866.58	2864.9	2867.43	2864.55	2867.12	2866.98	2867.84	2865.52	2866.43	2867.3	2865.13	2866.4
700000.0003	2907.49	2906.3	2904.4	2906.91	2903.31	2906.27	2904.36	2906.76	2905.7	2908.34	2906.06	2904.98	2905	2904.01	2904.73
700000.0003	2931.57	2930.04	2932.97	2931.51	2929.57	2930.31	2931.07	2933.52	2930.89	2931.85	2930.82	2932.21	2930.42	2932.42	2930.4
700000.0003	2952.38	2951.15	2952.44	2953.47	2955.45	2952.35	2954.08	2951.62	2953.89	2953.73	2956.11	2953.31	2951.13	2952.43	2953.85
700000.0003	2969.5	2970.84	2972.82	2971.36	2974.79	2972.39	2974.86	2973.01	2973.13	2972.68	2972.57	2973.21	2970.81	2973.11	2970.02
700000.0003	2991.23	2991.34	2990.06	2989.76	2990.95	2991.72	2990.8	2991.19	2990.9	2988.57	2986.26	2987.8	2989.43	2988.77	2988.79
700000.0003	3005.84	3010.4	3006.86	3005.31	3007.48	3006.7	3006.75	3003.82	3006.42	3006.62	3006.49	3006.86	3007.61	3006.8	3005.85
700000.0003	3021.6	3023.52	3023.8	3025.4	3022.33	3026.91	3024.6	3024.02	3021.46	3023.72	3023.85	3022.99	3026.46	3025.43	3024.47
700000.0003	3044.52	3042.82	3044.84	3044.86	3046.1	3045.72	3042.4	3043.72	3045.16	3043.74	3044.83	3044.54	3046.2	3044.07	3044.89
700000.0003	3071.94	3070.95	3069.72	3068.76	3070.73	3068.14	3071.08	3071.19	3068.7	3069.98	3069.95	3069.43	3069.07	3070.97	3071.34
700000.0003	3084.81	3084.61	3083.92	3083.86	3082.67	3082.49	3082.71	3083.86	3084.3	3084.49	3082.66	3084.3	3081.81	3084.61	3083.04
