700000.0003	0.0260369
700000.0003	0.0360789
700000.0003	0.052559
700000.0003	0.0808887
700000.0003	0.124206
700000.0003	0.18756
700000.0003	0.278647
700000.0003	0.399488
700000.0003	0.554656
700000.0003	0.748692
700000.0003	0.989528
700000.0003	1.26882
700000.0003	1.59893
700000.0003	1.98613
700000.0003	2.41462
700000.0003	2.87221
700000.0003	3.34303
700000.0003	3.81545
700000.0003	4.29084
700000.0003	4.73744
700000.0003	5.1752
700000.0003	5.62525
700000.0003	6.04362
700000.0003	6.45957
700000.0003	6.83326
700000.0003	7.18511
700000.0003	7.54244
700000.0003	7.94883
700000.0003	8.20089
700000.0003	8.53139
700000.0003	8.80357
700000.0003	9.05829
700000.0003	9.27806
700000.0003	9.55595
700000.0003	9.7531
700000.0003	9.89653
700000.0003	10.0627
700000.0003	10.1398
700000.0003	10.203
700000.0003	10.2663
700000.0003	10.3426
700000.0003	10.2823
700000.0003	10.3144
700000.0003	10.2819
700000.0003	10.2753
700000.0003	10.3067
700000.0003	10.1988
700000.0003	10.2366
700000.0003	10.3109
700000.0003	10.2679
700000.0003	10.2563
700000.0003	10.2836
700000.0003	10.319
700000.0003	10.3025
700000.0003	10.3676
700000.0003	10.276
700000.0003	10.2121
700000.0003	10.3678
700000.0003	10.2909
700000.0003	10.2702
700000.0003	10.3232
700000.0003	10.2851
700000.0003	10.2673
700000.0003	10.3026
700000.0003	10.3085
700000.0003	10.2743
700000.0003	10.2943
700000.0003	10.3138
700000.0003	10.3194
700000.0003	10.2741
700000.0003	10.3289
700000.0003	10.3501
700000.0003	10.3032
700000.0003	10.257
700000.0003	10.2763
700000.0003	10.3553
700000.0003	10.3032
700000.0003	10.3017
700000.0003	10.272
700000.0003	10.3107
700000.0003	10.4032
700000.0003	10.3372
700000.0003	10.411
700000.0003	10.3387
700000.0003	10.3302
700000.0003	10.3382
700000.0003	10.3524
700000.0003	10.3414
700000.0003	10.4104
700000.0003	10.3687
700000.0003	10.3335
700000.0003	10.325
700000.0003	10.3361
700000.0003	10.2896
700000.0003	10.3656
700000.0003	10.3004
700000.0003	10.4178
700000.0003	10.4399
700000.0003	10.3164
700000.0003	10.3542
700000.0003	10.4055
700000.0003	10.4207
700000.0003	10.4069
700000.0003	10.3793
700000.0003	10.4294
700000.0003	10.4575
700000.0003	10.398
700000.0003	10.367
700000.0003	10.3734
700000.0003	10.4315
700000.0003	10.4969
700000.0003	10.391
700000.0003	10.4025
700000.0003	10.4854
700000.0003	10.4354
700000.0003	10.3961
700000.0003	10.359
700000.0003	10.4027
700000.0003	10.3685
700000.0003	10.4907
700000.0003	10.4426
700000.0003	10.4471
700000.0003	10.3915
700000.0003	10.4493
700000.0003	10.3767
700000.0003	10.5227
700000.0003	10.4553
700000.0003	10.4437
700000.0003	10.4652
700000.0003	10.4038
700000.0003	10.4571
700000.0003	10.4145
700000.0003	10.4873
700000.0003	10.4328
700000.0003	10.4683
700000.0003	10.4445
700000.0003	10.4866
700000.0003	10.3928
700000.0003	10.374
700000.0003	10.4437
700000.0003	10.4255
700000.0003	10.4983
700000.0003	10.4611
700000.0003	10.4399
700000.0003	10.4542
700000.0003	10.4879
700000.0003	10.412
700000.0003	10.4116
700000.0003	10.4218
700000.0003	10.3877
700000.0003	10.3278
700000.0003	10.3148
700000.0003	10.3019
700000.0003	10.2948
700000.0003	10.2678
700000.0003	10.1453
700000.0003	10.2706
700000.0003	10.2199
700000.0003	10.0757
700000.0003	10.0778
700000.0003	10.0613
700000.0003	9.96132
700000.0003	9.97921
700000.0003	9.93317
700000.0003	9.90909
700000.0003	9.83289
700000.0003	9.80088
700000.0003	9.71916
700000.0003	9.65142
700000.0003	9.62796
700000.0003	9.53786
700000.0003	9.48694
700000.0003	9.50954
700000.0003	9.40864
700000.0003	9.31645
700000.0003	9.21469
700000.0003	9.24608
700000.0003	9.1602
700000.0003	9.05373
700000.0003	9.04766
700000.0003	8.90753
700000.0003	8.88641
700000.0003	8.79459
700000.0003	8.63259
700000.0003	8.65219
700000.0003	8.50752
700000.0003	8.46696
700000.0003	8.37591
700000.0003	8.31312
700000.0003	8.27584
700000.0003	8.13916
700000.0003	8.05905
700000.0003	7.99981
700000.0003	7.88529
700000.0003	7.79446
700000.0003	7.72858
700000.0003	7.67069
700000.0003	7.58594
700000.0003	7.44878
700000.0003	7.35852
700000.0003	7.29265
700000.0003	7.23173
700000.0003	7.13812
700000.0003	7.02866
700000.0003	6.9444
700000.0003	6.85153
700000.0003	6.76501
700000.0003	6.70795
700000.0003	6.63595
700000.0003	6.49893
700000.0003	6.36623
700000.0003	6.29739
700000.0003	6.19087
700000.0003	6.13414
700000.0003	6.01539
700000.0003	5.9208
700000.0003	5.82641
700000.0003	5.72919
700000.0003	5.6051
700000.0003	5.57964
700000.0003	5.45208
700000.0003	5.35698
700000.0003	5.24538
700000.0003	5.16647
700000.0003	5.04334
700000.0003	4.99159
700000.0003	4.87079
700000.0003	4.76992
700000.0003	4.65129
700000.0003	4.56574
700000.0003	4.46594
700000.0003	4.36746
700000.0003	4.27236
700000.0003	4.18398
700000.0003	4.07455
700000.0003	3.98651
700000.0003	3.87844
700000.0003	3.77468
700000.0003	3.66568
700000.0003	3.54622
700000.0003	3.44593
700000.0003	3.33252
700000.0003	3.21213
700000.0003	3.09616
700000.0003	2.98364
700000.0003	2.86292
700000.0003	2.72008
700000.0003	2.59902
700000.0003	2.4683
700000.0003	2.32618
700000.0003	2.19095
700000.0003	2.06449
700000.0003	1.92526
700000.0003	1.80033
700000.0003	1.66259
700000.0003	1.53711
700000.0003	1.41372
700000.0003	1.30101
700000.0003	1.18394
700000.0003	1.08059
700000.0003	0.979648
700000.0003	0.883641
700000.0003	0.793643
700000.0003	0.710305
700000.0003	0.634073
700000.0003	0.563568
700000.0003	0.49947
700000.0003	0.438244
700000.0003	0.386013
700000.0003	0.33414
700000.0003	0.292443
700000.0003	0.251858
700000.0003	0.216626
700000.0003	0.186315
700000.0003	0.16054
700000.0003	0.135426
700000.0003	0.114294
700000.0003	0.0970585
700000.0003	0.0815582
700000.0003	0.0687745
700000.0003	0.0572362
700000.0003	0.0488004
700000.0003	0.0407534
700000.0003	0.0343488
700000.0003	0.0295009
700000.0003	0.024748
700000.0003	0.0211491
700000.0003	0.0180568
700000.0003	0.0153991
700000.0003	0.0133814
700000.0003	0.0117205
700000.0003	0.0101676
700000.0003	0.00905107
700000.0003	0.00817121
700000.0003	0.00721108
700000.0003	0.00670991
700000.0003	0.00615479
700000.0003	0.00578816
700000.0003	0.00555257
700000.0003	0.00547675
700000.0003	0.00523142
700000.0003	0.00514332
700000.0003	0.00505857
700000.0003	0.00497456
700000.0003	0.00493399
700000.0003	0.0048183
700000.0003	0.00481357
700000.0003	0.0046799
700000.0003	0.00474475
700000.0003	0.00461898
700000.0003	0.0044996
700000.0003	0.00456919
700000.0003	0.0045351
700000.0003	0.00446171
700000.0003	0.00447041
700000.0003	0.00443442
700000.0003	0.00439977
700000.0003	0.00438492
700000.0003	0.00428597
700000.0003	0.0042888
700000.0003	0.00426206
700000.0003	0.00422324
700000.0003	0.0041835
700000.0003	0.00423178
700000.0003	0.00419069
700000.0003	0.00415638
700000.0003	0.00420005
700000.0003	0.00412924
700000.0003	0.00415034
700000.0003	0.00417386
700000.0003	0.00415864
700000.0003	0.0041987
700000.0003	0.00420053
700000.0003	0.00408917
700000.0003	0.00411496
700000.0003	0.00413029
700000.0003	0.00407903
700000.0003	0.00407563
700000.0003	0.00414311
700000.0003	0.0040979
700000.0003	0.00415101
700000.0003	0.00409641
700000.0003	0.00412042
700000.0003	0.00413777
700000.0003	0.00418497
700000.0003	0.00416353
700000.0003	0.00407171
700000.0003	0.00410341
700000.0003	0.00422682
700000.0003	0.00423501
700000.0003	0.00416409
700000.0003	0.0042109
700000.0003	0.00418992
700000.0003	0.00422852
700000.0003	0.00424529
700000.0003	0.00430535
700000.0003	0.00426172
700000.0003	0.00428275
700000.0003	0.00440059
700000.0003	0.0043157
700000.0003	0.00435341
700000.0003	0.00441928
700000.0003	0.0044414
700000.0003	0.00442279
700000.0003	0.00443943
700000.0003	0.00459823
700000.0003	0.0045733
700000.0003	0.00456154
700000.0003	0.00464147
700000.0003	0.00463647
700000.0003	0.00481834
700000.0003	0.00474521
700000.0003	0.0048026
700000.0003	0.004862
700000.0003	0.00498691
700000.0003	0.00503653
700000.0003	0.00515306
700000.0003	0.00519045
700000.0003	0.00535682
700000.0003	0.00547868
700000.0003	0.00561514
700000.0003	0.00554049
700000.0003	0.00585432
700000.0003	0.00599975
700000.0003	0.00610783
700000.0003	0.00628761
700000.0003	0.00654679
700000.0003	0.00684111
700000.0003	0.00699558
700000.0003	0.0076431
700000.0003	0.00795233
700000.0003	0.00840502
700000.0003	0.0090966
700000.0003	0.00973827
700000.0003	0.0107987
700000.0003	0.0120974
700000.0003	0.0133594
700000.0003	0.0151471
700000.0003	0.0181547
700000.0003	0.0209875
700000.0003	3.24985e-06
700000.0003	-0.000178904
700000.0003	0.000215466
700000.0003	0.000463111
700000.0003	-0.000260724
700000.0003	0.000221359
700000.0003	-0.000436152
700000.0003	-0.00145943
700000.0003	0.00138496
700000.0003	-0.00105355
700000.0003	-7.73345e-05
700000.0003	0.00130042
700000.0003	0.000447201
700000.0003	0.00204504
700000.0003	0.00346018
700000.0003	-0.00041984
700000.0003	-0.00358876
700000.0003	-0.00745823
700000.0003	-0.00728436
700000.0003	0.00316071
700000.0003	0.00409763
700000.0003	0.00493974
700000.0003	0.0179013
700000.0003	-0.00411687
700000.0003	-0.00563312
700000.0003	-0.020918
700000.0003	0.0156366
700000.0003	0.0167722
700000.0003	0.0522293
700000.0003	-0.0050339
700000.0003	-0.0169714
700000.0003	0.00370983
700000.0003	-0.0412176
700000.0003	0.00862263
700000.0003	-0.000977397
700000.0003	0.0274097
700000.0003	0.0255411
700000.0003	0.0745322
700000.0003	-0.0421979
700000.0003	0.00172
700000.0003	0.00640018
700000.0003	0.0108781
700000.0003	0.0182815
700000.0003	0.00307666
700000.0003	0.00176015
700000.0003	-0.00677746
700000.0003	-0.00730239
700000.0003	-0.0128548
700000.0003	0.0158788
700000.0003	0.00812962
700000.0003	0.0102704
700000.0003	0.00328663
700000.0003	-0.0223786
700000.0003	-0.0464389
700000.0003	0.0133724
700000.0003	-0.00767451
700000.0003	0.032527
700000.0003	-0.00658202
700000.0003	0.0166181
700000.0003	0.026242
700000.0003	-0.000621432
700000.0003	-0.0172379
700000.0003	-0.0532692
700000.0003	0.0340362
700000.0003	0.0196099
700000.0003	-0.0185396
700000.0003	-0.043863
700000.0003	0.0457725
700000.0003	-0.0104754
700000.0003	-0.0221592
700000.0003	0.0507281
700000.0003	0.000387923
700000.0003	-0.0159438
700000.0003	-0.0174219
700000.0003	-0.0221929
700000.0003	-0.023551
700000.0003	-0.028311
700000.0003	-0.0271314
700000.0003	-0.0271868
700000.0003	-0.0226209
700000.0003	-0.0278392
700000.0003	-0.00469008
700000.0003	0.0340309
700000.0003	-0.0312481
700000.0003	-0.0279879
700000.0003	0.0034123
700000.0003	-0.0119776
700000.0003	-0.00109532
700000.0003	0.00545068
700000.0003	0.00642149
700000.0003	0.0169011
700000.0003	-0.00537772
700000.0003	0.000973102
700000.0003	0.000216289
700000.0003	-0.048592
700000.0003	0.00315541
700000.0003	-0.0167005
700000.0003	0.0472482
700000.0003	0.0169408
700000.0003	-0.0778903
700000.0003	-0.00664826
700000.0003	0.00887524
700000.0003	0.00870739
700000.0003	-0.00165871
700000.0003	-0.0130837
700000.0003	-0.0233461
700000.0003	-0.00217325
700000.0003	-0.0196534
700000.0003	-0.00166959
700000.0003	0.00705679
700000.0003	-0.0347082
700000.0003	0.0186196
700000.0003	-0.048971
700000.0003	-0.00334401
700000.0003	-0.00639487
700000.0003	0.0296182
700000.0003	-0.0118718
700000.0003	0.0071552
700000.0003	0.0154527
700000.0003	0.0107582
700000.0003	-0.00707913
700000.0003	0.0129592
700000.0003	-0.024275
700000.0003	-0.0004635
700000.0003	-0.00339581
700000.0003	-0.00441316
700000.0003	-0.0215849
700000.0003	0.0540079
700000.0003	-0.0344687
700000.0003	0.000305221
700000.0003	-0.0246587
700000.0003	0.0378263
700000.0003	0.0250217
700000.0003	-0.0103776
700000.0003	-0.00613171
700000.0003	-0.0119164
700000.0003	-0.0431392
700000.0003	-0.0601321
700000.0003	0.031541
700000.0003	0.00330604
700000.0003	0.0364473
700000.0003	0.0130306
700000.0003	0.0270884
700000.0003	-0.00696766
700000.0003	-0.00966175
700000.0003	0.00188587
700000.0003	-0.00326204
700000.0003	0.0354892
700000.0003	-0.00328965
700000.0003	-0.00126315
700000.0003	-0.0313605
700000.0003	-0.0147726
700000.0003	0.0175766
700000.0003	-0.0372879
700000.0003	-0.00755624
700000.0003	-0.0233754
700000.0003	-0.0156825
700000.0003	0.0221048
700000.0003	-0.0556417
700000.0003	-0.000886648
700000.0003	0.0108765
700000.0003	0.0144056
700000.0003	-0.026495
700000.0003	0.0180354
700000.0003	0.0301141
700000.0003	0.0298556
700000.0003	0.00682467
700000.0003	-0.0180072
700000.0003	-0.00849488
700000.0003	-0.00227104
700000.0003	0.0128253
700000.0003	0.0149224
700000.0003	-0.0221019
700000.0003	0.0254418
700000.0003	-0.0133151
700000.0003	-0.0270408
700000.0003	0.00295993
700000.0003	-0.00278335
700000.0003	0.0122517
700000.0003	-0.0242052
700000.0003	0.00419765
700000.0003	-0.0266161
700000.0003	-0.00824385
700000.0003	0.0158136
700000.0003	0.025943
700000.0003	0.00679754
700000.0003	-0.0132321
700000.0003	-0.0184539
700000.0003	0.0524466
700000.0003	-0.011723
700000.0003	0.012456
700000.0003	0.0348244
700000.0003	-0.00810686
700000.0003	-0.0401896
700000.0003	0.0130704
700000.0003	0.0202767
700000.0003	-0.00287857
700000.0003	-0.0203133
700000.0003	-0.00871141
700000.0003	-0.0321296
700000.0003	-0.00212342
700000.0003	0.00696006
700000.0003	0.00467919
700000.0003	0.00588316
700000.0003	0.00146479
700000.0003	1.12905e-05
700000.0003	0.0126847
700000.0003	-0.025114
700000.0003	0.00349534
700000.0003	-0.017962
700000.0003	-0.0053382
700000.0003	-0.0134309
700000.0003	-0.00624586
700000.0003	0.0279736
700000.0003	0.00872793
700000.0003	0.00924108
700000.0003	0.000432848
700000.0003	-0.00104812
700000.0003	0.00680463
700000.0003	0.00611211
700000.0003	0.00316398
700000.0003	4.29924e-05
700000.0003	-0.00733373
700000.0003	-0.00855231
700000.0003	-0.00695617
700000.0003	-0.00469531
700000.0003	-0.00459567
700000.0003	0.0174627
700000.0003	0.0022445
700000.0003	0.0143753
700000.0003	-0.00897275
700000.0003	-0.000185081
700000.0003	-0.00406823
700000.0003	-0.00194057
700000.0003	-0.0080286
700000.0003	0.0125125
700000.0003	-0.00319641
700000.0003	-0.00725305
700000.0003	0.00419074
700000.0003	-0.00807716
700000.0003	-0.00507114
700000.0003	0.00211392
700000.0003	0.00422958
700000.0003	-0.0036025
700000.0003	0.0015754
700000.0003	-0.00371518
700000.0003	-0.00134737
700000.0003	-0.00144385
700000.0003	-0.000378938
700000.0003	-0.00113313
700000.0003	-0.00199585
700000.0003	-0.00585762
700000.0003	0.0011031
700000.0003	0.00151085
700000.0003	-0.00256584
700000.0003	0.000238652
700000.0003	-0.000342685
700000.0003	-0.000553857
700000.0003	-0.00174143
700000.0003	-0.00123784
700000.0003	0.00191116
700000.0003	0.00190633
700000.0003	-0.0019245
700000.0003	-0.00327787
700000.0003	0.0019402
700000.0003	-0.000336507
700000.0003	0.000331907
700000.0003	-0.00211709
700000.0003	0.00122487
700000.0003	-0.000660855
700000.0003	-0.000578489
700000.0003	-0.000798679
700000.0003	-0.000110973
700000.0003	-0.000191649
700000.0003	-0.000170353
700000.0003	-0.000867655
700000.0003	-0.000414328
700000.0003	-0.000572321
700000.0003	-0.000422505
700000.0003	9.91542e-05
700000.0003	0.000712454
700000.0003	-3.50444e-06
700000.0003	0.00039141
700000.0003	0.000184642
700000.0003	-5.73001e-06
700000.0003	0.000153322
700000.0003	-0.000194268
700000.0003	7.37007e-05
700000.0003	9.20906e-05
700000.0003	-0.000208776
700000.0003	6.17782e-06
700000.0003	8.72943e-06
700000.0003	4.44213e-05
700000.0003	2.03796e-05
700000.0003	-2.21979e-05
700000.0003	3.89878e-05
700000.0003	-6.3776e-05
700000.0003	2.892e-05
700000.0003	-1.0868e-05
700000.0003	5.51984e-05
700000.0003	-3.35667e-05
700000.0003	8.19177e-05
700000.0003	1.90028e-05
700000.0003	-5.14202e-05
700000.0003	3.95679e-06
700000.0003	3.05165e-05
700000.0003	-1.86495e-05
700000.0003	6.97778e-05
700000.0003	1.79059e-05
700000.0003	-2.23511e-05
700000.0003	-7.43983e-05
700000.0003	-1.58606e-05
700000.0003	-6.62146e-06
700000.0003	-3.78155e-05
700000.0003	5.61905e-05
700000.0003	3.7392e-05
700000.0003	-1.58872e-05
700000.0003	-4.93316e-05
700000.0003	1.17852e-05
700000.0003	-1.0529e-05
700000.0003	5.28895e-06
700000.0003	-2.49587e-05
700000.0003	4.66858e-05
700000.0003	1.71356e-05
700000.0003	2.80862e-05
700000.0003	-2.81021e-05
700000.0003	-1.81337e-05
700000.0003	1.33931e-05
700000.0003	-3.73335e-05
700000.0003	1.79295e-05
700000.0003	1.78269e-05
700000.0003	3.00828e-05
700000.0003	-3.37337e-05
700000.0003	-3.0647e-05
700000.0003	2.69289e-05
700000.0003	-1.40166e-06
700000.0003	-1.51736e-05
700000.0003	-2.50154e-05
700000.0003	-1.89093e-05
700000.0003	1.99943e-05
700000.0003	2.61629e-05
700000.0003	-2.75504e-05
700000.0003	-2.78682e-05
700000.0003	8.81704e-06
700000.0003	8.05862e-07
700000.0003	2.97646e-06
700000.0003	-8.63875e-05
700000.0003	-2.21502e-05
700000.0003	-3.09931e-05
700000.0003	-3.44136e-05
700000.0003	-1.14904e-05
700000.0003	-2.42914e-05
700000.0003	7.69079e-06
700000.0003	2.47964e-05
700000.0003	3.54669e-05
700000.0003	-3.83813e-05
700000.0003	5.25241e-05
700000.0003	2.17553e-05
700000.0003	-5.94951e-06
700000.0003	1.30654e-05
700000.0003	2.30377e-06
700000.0003	-2.15594e-05
700000.0003	1.05708e-06
700000.0003	6.49695e-05
700000.0003	4.54708e-05
700000.0003	-4.15805e-05
700000.0003	-3.48882e-05
700000.0003	-5.44956e-05
700000.0003	1.55157e-05
700000.0003	4.45334e-05
700000.0003	-7.05723e-05
700000.0003	3.37415e-05
700000.0003	3.93163e-05
700000.0003	-1.15834e-05
700000.0003	0.000116718
700000.0003	-6.49619e-06
700000.0003	-6.40431e-06
700000.0003	-2.43132e-05
700000.0003	-1.14252e-05
700000.0003	1.46634e-05
700000.0003	-5.99186e-05
700000.0003	3.77471e-05
700000.0003	9.80464e-06
700000.0003	-1.71702e-05
700000.0003	-2.3249e-06
700000.0003	4.747e-06
700000.0003	4.14526e-05
700000.0003	1.32992e-05
700000.0003	0.000125737
700000.0003	-3.57411e-05
700000.0003	-0.000170918
700000.0003	-8.1687e-05
700000.0003	4.4618e-05
700000.0003	-5.77546e-05
700000.0003	6.87906e-05
700000.0003	-0.00014239
700000.0003	-5.51986e-05
700000.0003	-1.91059e-05
700000.0003	-0.000158209
700000.0003	0.000179213
700000.0003	0.000130198
700000.0003	-0.000377896
700000.0003	9.52437e-05
700000.0003	-0.000121991
700000.0003	-0.000511755
700000.0003	-0.000186989
700000.0003	-0.00204845
700000.0003	0.00054181
700000.0003	8.48504e-05
700000.0003	0.000628027
700000.0003	-0.00223432
700000.0003	0.00132046
700000.0003	0.00095311
700000.0003	0.00787483
700000.0003	-0.000769673
700000.0003	0.0116701
700000.0003	-0.00562265
700000.0003	-0.0107109
700000.0003	-0.0103733
700000.0003	0.00252181
700000.0003	-0.0065445
700000.0003	0.0111504
700000.0003	0.00306391
700000.0003	-0.0174706
700000.0003	0.00250732
700000.0003	-0.0209025
700000.0003	0.00311866
700000.0003	0.00347969
700000.0003	0.0501916
700000.0003	-0.00360474
700000.0003	0.00993276
700000.0003	-0.00374219
700000.0003	-0.0463684
700000.0003	0.0146324
700000.0003	0.00892426
700000.0003	0.0325431
700000.0003	0.0304536
700000.0003	0.0757505
700000.0003	-0.0385524
700000.0003	0.0117178
700000.0003	0.015471
700000.0003	0.0354871
700000.0003	0.0107077
700000.0003	0.0201583
700000.0003	-0.0057497
700000.0003	-0.00666779
700000.0003	0.00613684
700000.0003	-0.0136823
700000.0003	0.0238792
700000.0003	-0.00461887
700000.0003	0.0131985
700000.0003	0.0094743
700000.0003	-0.00167313
700000.0003	-0.0218752
700000.0003	0.0200344
700000.0003	-0.00118606
700000.0003	0.0505277
700000.0003	-0.00298921
700000.0003	0.0260312
700000.0003	0.0326486
700000.0003	-1.60951e-06
700000.0003	-0.0288736
700000.0003	-0.0426219
700000.0003	0.0289096
700000.0003	0.00479122
700000.0003	-0.0198105
700000.0003	-0.0431581
700000.0003	0.0404399
700000.0003	-0.0182801
700000.0003	-0.0188125
700000.0003	0.0485877
700000.0003	0.0120619
700000.0003	-0.00865095
700000.0003	-0.00610599
700000.0003	-0.0184701
700000.0003	-0.0307725
700000.0003	-0.0173057
700000.0003	-0.0302937
700000.0003	-0.0231869
700000.0003	-0.00751119
700000.0003	-0.0245714
700000.0003	-0.0139048
700000.0003	0.0154648
700000.0003	-0.0164781
700000.0003	-0.0250682
700000.0003	-0.00270325
700000.0003	-0.00396361
700000.0003	0.00537575
700000.0003	-0.000735733
700000.0003	-0.00541434
700000.0003	0.000134146
700000.0003	-0.0157385
700000.0003	-0.00339833
700000.0003	-0.018229
700000.0003	-0.0553661
700000.0003	0.00603714
700000.0003	-0.0127335
700000.0003	0.0392459
700000.0003	0.0170743
700000.0003	-0.0667967
700000.0003	-0.0126437
700000.0003	0.0211105
700000.0003	0.0164622
700000.0003	0.0110122
700000.0003	-0.0128786
700000.0003	-0.0216559
700000.0003	0.000138892
700000.0003	-0.0250614
700000.0003	-0.0105109
700000.0003	0.00354346
700000.0003	-0.0257983
700000.0003	0.0148015
700000.0003	-0.0286483
700000.0003	-0.00163723
700000.0003	0.000550861
700000.0003	0.0291678
700000.0003	0.00890403
700000.0003	-6.08486e-05
700000.0003	0.0140793
700000.0003	0.00534973
700000.0003	-0.00439166
700000.0003	-0.00262498
700000.0003	-0.0306242
700000.0003	-0.00431482
700000.0003	0.00420993
700000.0003	-0.00261421
700000.0003	-0.0191102
700000.0003	0.0576749
700000.0003	-0.0275717
700000.0003	-0.00326042
700000.0003	-0.0237489
700000.0003	0.0339804
700000.0003	0.0351471
700000.0003	-0.0126628
700000.0003	-0.0134195
700000.0003	-0.0254734
700000.0003	-0.0401003
700000.0003	-0.0658044
700000.0003	0.0371979
700000.0003	-1.95897e-05
700000.0003	0.0313035
700000.0003	0.00531181
700000.0003	0.0198971
700000.0003	-0.00136163
700000.0003	-0.0132868
700000.0003	0.00339446
700000.0003	0.00151238
700000.0003	0.0171603
700000.0003	-0.00164292
700000.0003	0.00219274
700000.0003	-0.0178313
700000.0003	-0.00170289
700000.0003	0.0219329
700000.0003	-0.0364978
700000.0003	-0.0047002
700000.0003	-0.00935812
700000.0003	-0.00956386
700000.0003	0.0200229
700000.0003	-0.0410199
700000.0003	-0.010799
700000.0003	0.0165762
700000.0003	0.0234592
700000.0003	-0.0367427
700000.0003	0.00385729
700000.0003	0.00608161
700000.0003	0.0230331
700000.0003	0.0157578
700000.0003	-0.0183233
700000.0003	-0.0124168
700000.0003	-0.0120092
700000.0003	0.0211729
700000.0003	0.00485458
700000.0003	-0.0246124
700000.0003	0.022063
700000.0003	-0.000443082
700000.0003	-0.0255603
700000.0003	0.00533094
700000.0003	-0.00266284
700000.0003	0.00761838
700000.0003	-0.0197287
700000.0003	-0.00474195
700000.0003	-0.0221738
700000.0003	-0.00570398
700000.0003	0.0240709
700000.0003	0.0212576
700000.0003	0.00942139
700000.0003	-0.00881318
700000.0003	-0.02853
700000.0003	0.0357293
700000.0003	-0.00696457
700000.0003	-0.00094227
700000.0003	0.0333142
700000.0003	-0.0054532
700000.0003	-0.0333448
700000.0003	-0.00662801
700000.0003	0.0255648
700000.0003	-0.00302859
700000.0003	-0.0255567
700000.0003	-0.00206837
700000.0003	-0.0317174
700000.0003	0.00465485
700000.0003	0.00847157
700000.0003	0.00778119
700000.0003	0.00674855
700000.0003	0.00886252
700000.0003	0.00333812
700000.0003	0.0129216
700000.0003	-0.0353697
700000.0003	0.00430956
700000.0003	-0.0125752
700000.0003	-0.0106741
700000.0003	-0.0115257
700000.0003	-0.00730809
700000.0003	0.0187657
700000.0003	0.00563067
700000.0003	-0.00321356
700000.0003	0.000648699
700000.0003	-0.00932157
700000.0003	0.00725176
700000.0003	0.0171
700000.0003	0.00484377
700000.0003	0.00561236
700000.0003	-0.00190353
700000.0003	-0.00880345
700000.0003	-0.005012
700000.0003	0.00722056
700000.0003	0.00287462
700000.0003	0.00877036
700000.0003	0.00328423
700000.0003	0.00858092
700000.0003	-0.00612304
700000.0003	-0.0102872
700000.0003	-0.0103181
700000.0003	-0.0128603
700000.0003	-0.00417975
700000.0003	0.00859072
700000.0003	0.00718152
700000.0003	-0.00705727
700000.0003	0.00288909
700000.0003	-0.0053458
700000.0003	-0.00377751
700000.0003	0.00297439
700000.0003	0.00340112
700000.0003	0.0107394
700000.0003	0.00143561
700000.0003	0.000992632
700000.0003	0.000847302
700000.0003	-0.00862821
700000.0003	-0.000913298
700000.0003	0.00192714
700000.0003	0.00228834
700000.0003	-0.00260195
700000.0003	0.000823747
700000.0003	-0.00706399
700000.0003	0.000957394
700000.0003	0.00439433
700000.0003	0.00299931
700000.0003	-0.000123323
700000.0003	0.00116292
700000.0003	-0.00018275
700000.0003	0.00052504
700000.0003	0.00169631
700000.0003	-0.000172609
700000.0003	-0.000697058
700000.0003	-0.00270164
700000.0003	0.00135119
700000.0003	0.000145562
700000.0003	-0.00197619
700000.0003	-0.000807373
700000.0003	0.000821891
700000.0003	-0.0018309
700000.0003	6.30431e-05
700000.0003	-0.00148298
700000.0003	0.00128745
700000.0003	-1.20679e-05
700000.0003	-0.000186462
700000.0003	0.000300486
700000.0003	0.000316472
700000.0003	-0.000519321
700000.0003	-0.000550672
700000.0003	-0.000443429
700000.0003	-6.92227e-05
700000.0003	4.62522e-05
700000.0003	1.55323e-05
700000.0003	3.18779e-05
700000.0003	1.48903e-05
700000.0003	7.07141e-05
700000.0003	-0.000103808
700000.0003	4.01433e-05
700000.0003	0.000148564
700000.0003	2.0861e-05
700000.0003	-7.87562e-05
700000.0003	1.41133e-05
700000.0003	-9.54385e-05
700000.0003	1.54021e-05
700000.0003	-3.15127e-05
700000.0003	1.56751e-05
700000.0003	-3.66123e-05
700000.0003	3.59857e-05
700000.0003	-2.53249e-05
700000.0003	-1.88481e-06
700000.0003	-1.46455e-05
700000.0003	1.83143e-05
700000.0003	3.77013e-07
700000.0003	3.73364e-05
700000.0003	9.30177e-06
700000.0003	4.40853e-05
700000.0003	6.8469e-06
700000.0003	-4.75565e-05
700000.0003	1.09484e-05
700000.0003	6.65625e-05
700000.0003	2.42844e-05
700000.0003	4.56418e-05
700000.0003	6.92645e-05
700000.0003	-2.30254e-05
700000.0003	-2.25583e-05
700000.0003	7.65002e-06
700000.0003	7.00272e-05
700000.0003	-1.72836e-05
700000.0003	-2.22777e-05
700000.0003	-1.09775e-05
700000.0003	4.43367e-05
700000.0003	-2.50154e-05
700000.0003	1.48486e-07
700000.0003	7.88662e-05
700000.0003	-1.0547e-05
700000.0003	7.54852e-05
700000.0003	-1.10524e-05
700000.0003	6.11095e-06
700000.0003	-8.39124e-05
700000.0003	-3.54734e-05
700000.0003	4.75288e-05
700000.0003	-2.59484e-05
700000.0003	-6.82595e-05
700000.0003	3.8761e-05
700000.0003	-1.97458e-05
700000.0003	-8.62002e-06
700000.0003	1.34753e-05
700000.0003	-1.08731e-05
700000.0003	-2.81193e-05
700000.0003	-2.13629e-05
700000.0003	-1.10925e-05
700000.0003	4.26384e-05
700000.0003	2.78087e-05
700000.0003	-3.38567e-06
700000.0003	-2.8241e-05
700000.0003	5.02282e-05
700000.0003	9.77182e-05
700000.0003	4.7835e-06
700000.0003	2.48234e-05
700000.0003	3.60307e-05
700000.0003	-5.4982e-06
700000.0003	-4.67614e-05
700000.0003	-7.00765e-05
700000.0003	-3.80204e-05
700000.0003	4.20975e-05
700000.0003	1.12664e-05
700000.0003	6.55573e-06
700000.0003	4.88067e-05
700000.0003	-2.71634e-05
700000.0003	-1.34589e-05
700000.0003	4.87025e-05
700000.0003	-1.7707e-06
700000.0003	1.8806e-05
700000.0003	-1.71147e-05
700000.0003	-3.70371e-05
700000.0003	-6.21586e-06
700000.0003	5.4269e-05
700000.0003	1.71645e-05
700000.0003	2.74729e-05
700000.0003	-1.50626e-05
700000.0003	3.66036e-05
700000.0003	2.11515e-05
700000.0003	3.89282e-05
700000.0003	2.21241e-06
700000.0003	-3.46348e-05
700000.0003	6.05325e-05
700000.0003	-0.000117371
700000.0003	1.94724e-05
700000.0003	-2.91213e-05
700000.0003	-7.36723e-05
700000.0003	-5.37012e-05
700000.0003	9.17296e-05
700000.0003	9.90102e-06
700000.0003	2.91269e-05
700000.0003	-2.06866e-05
700000.0003	0.000126217
700000.0003	-0.000162552
700000.0003	0.000189448
700000.0003	7.2691e-05
700000.0003	-1.20469e-05
700000.0003	2.00961e-05
700000.0003	6.83734e-05
700000.0003	-0.000158013
700000.0003	-0.000115389
700000.0003	0.000251173
700000.0003	0.000205813
700000.0003	0.000108232
700000.0003	0.000270499
700000.0003	0.000274223
700000.0003	0.0182612
700000.0003	0.0242072
700000.0003	0.0368651
700000.0003	0.0605773
700000.0003	0.101352
700000.0003	0.166962
700000.0003	0.266905
700000.0003	0.408513
700000.0003	0.604703
700000.0003	0.87337
700000.0003	1.24814
700000.0003	1.75816
700000.0003	2.44671
700000.0003	3.34771
700000.0003	4.46329
700000.0003	5.83694
700000.0003	7.43017
700000.0003	9.2643
700000.0003	11.272
700000.0003	13.3307
700000.0003	15.2205
700000.0003	16.9136
700000.0003	18.2461
700000.0003	19.0178
700000.0003	19.5086
700000.0003	19.6979
700000.0003	19.615
700000.0003	19.5015
700000.0003	19.3167
700000.0003	19.0068
700000.0003	18.8133
700000.0003	18.5122
700000.0003	18.2462
700000.0003	17.9644
700000.0003	17.6942
700000.0003	17.4735
700000.0003	17.144
700000.0003	16.9798
700000.0003	16.6651
700000.0003	16.2723
700000.0003	16.0662
700000.0003	15.6725
700000.0003	15.3419
700000.0003	15.1303
700000.0003	14.8134
700000.0003	14.6271
700000.0003	14.3286
700000.0003	14.2913
700000.0003	14.1075
700000.0003	13.923
700000.0003	13.6594
700000.0003	13.6255
700000.0003	13.5019
700000.0003	13.321
700000.0003	13.2199
700000.0003	13.1296
700000.0003	12.9648
700000.0003	12.9437
700000.0003	12.7544
700000.0003	12.6064
700000.0003	12.6222
700000.0003	12.4513
700000.0003	12.33
700000.0003	12.3295
700000.0003	12.3314
700000.0003	12.1309
700000.0003	12.0135
700000.0003	12.0708
700000.0003	11.8943
700000.0003	11.9059
700000.0003	11.8859
700000.0003	11.8271
700000.0003	11.7576
700000.0003	11.6237
700000.0003	11.6478
700000.0003	11.6281
700000.0003	11.5245
700000.0003	11.4959
700000.0003	11.4618
700000.0003	11.4441
700000.0003	11.4408
700000.0003	11.3332
700000.0003	11.3688
700000.0003	11.2485
700000.0003	11.1921
700000.0003	11.1977
700000.0003	11.2457
700000.0003	11.1583
700000.0003	11.1527
700000.0003	11.1493
700000.0003	11.0808
700000.0003	11.0712
700000.0003	11.006
700000.0003	11.0526
700000.0003	10.9795
700000.0003	10.9165
700000.0003	10.9436
700000.0003	10.9629
700000.0003	10.9583
700000.0003	10.8891
700000.0003	10.966
700000.0003	10.8484
700000.0003	10.8768
700000.0003	10.864
700000.0003	10.8707
700000.0003	10.8948
700000.0003	10.7997
700000.0003	10.8427
700000.0003	10.8042
700000.0003	10.7451
700000.0003	10.8202
700000.0003	10.7576
700000.0003	10.7745
700000.0003	10.7778
700000.0003	10.7052
700000.0003	10.6991
700000.0003	10.6961
700000.0003	10.7026
700000.0003	10.6536
700000.0003	10.6833
700000.0003	10.6957
700000.0003	10.6891
700000.0003	10.5976
700000.0003	10.728
700000.0003	10.6635
700000.0003	10.6557
700000.0003	10.7038
700000.0003	10.6689
700000.0003	10.651
700000.0003	10.606
700000.0003	10.6446
700000.0003	10.6349
700000.0003	10.6348
700000.0003	10.6305
700000.0003	10.6129
700000.0003	10.6684
700000.0003	10.755
700000.0003	10.6372
700000.0003	10.5664
700000.0003	10.6212
700000.0003	10.5812
700000.0003	10.6155
700000.0003	10.7547
700000.0003	10.5795
700000.0003	10.6641
700000.0003	10.5959
700000.0003	10.5225
700000.0003	10.6466
700000.0003	10.6406
700000.0003	10.5933
700000.0003	10.5437
700000.0003	10.6169
700000.0003	10.4688
700000.0003	10.4166
700000.0003	10.4372
700000.0003	10.3992
700000.0003	10.4439
700000.0003	10.3407
700000.0003	10.2013
700000.0003	10.3225
700000.0003	10.2045
700000.0003	10.1167
700000.0003	10.1271
700000.0003	10.053
700000.0003	10.0065
700000.0003	9.92964
700000.0003	9.93804
700000.0003	9.8899
700000.0003	9.78926
700000.0003	9.76414
700000.0003	9.72473
700000.0003	9.66439
700000.0003	9.63363
700000.0003	9.59206
700000.0003	9.45536
700000.0003	9.3933
700000.0003	9.38742
700000.0003	9.28112
700000.0003	9.19898
700000.0003	9.20838
700000.0003	9.13116
700000.0003	9.07903
700000.0003	8.94583
700000.0003	8.87607
700000.0003	8.83495
700000.0003	8.71274
700000.0003	8.62889
700000.0003	8.66235
700000.0003	8.54166
700000.0003	8.49735
700000.0003	8.38852
700000.0003	8.29886
700000.0003	8.2205
700000.0003	8.10851
700000.0003	8.108
700000.0003	7.97842
700000.0003	7.90815
700000.0003	7.83624
700000.0003	7.7547
700000.0003	7.72444
700000.0003	7.58022
700000.0003	7.51855
700000.0003	7.47954
700000.0003	7.35536
700000.0003	7.33005
700000.0003	7.19949
700000.0003	7.14591
700000.0003	7.11072
700000.0003	6.99919
700000.0003	6.90378
700000.0003	6.83936
700000.0003	6.73341
700000.0003	6.69705
700000.0003	6.61452
700000.0003	6.50298
700000.0003	6.46934
700000.0003	6.38414
700000.0003	6.33357
700000.0003	6.24159
700000.0003	6.2156
700000.0003	6.11581
700000.0003	6.09668
700000.0003	6.0134
700000.0003	5.97068
700000.0003	5.89757
700000.0003	5.85178
700000.0003	5.82635
700000.0003	5.79231
700000.0003	5.72924
700000.0003	5.70887
700000.0003	5.6577
700000.0003	5.64072
700000.0003	5.60034
700000.0003	5.57353
700000.0003	5.52726
700000.0003	5.48299
700000.0003	5.45078
700000.0003	5.38638
700000.0003	5.31258
700000.0003	5.21143
700000.0003	5.10694
700000.0003	4.99505
700000.0003	4.83892
700000.0003	4.65818
700000.0003	4.46931
700000.0003	4.26503
700000.0003	4.0315
700000.0003	3.78426
700000.0003	3.53591
700000.0003	3.29095
700000.0003	3.0401
700000.0003	2.78976
700000.0003	2.56215
700000.0003	2.33338
700000.0003	2.12255
700000.0003	1.92754
700000.0003	1.748
700000.0003	1.57632
700000.0003	1.42453
700000.0003	1.2809
700000.0003	1.15119
700000.0003	1.03264
700000.0003	0.924881
700000.0003	0.822067
700000.0003	0.736051
700000.0003	0.649472
700000.0003	0.57519
700000.0003	0.507009
700000.0003	0.445983
700000.0003	0.389896
700000.0003	0.339494
700000.0003	0.294445
700000.0003	0.252268
700000.0003	0.219897
700000.0003	0.187156
700000.0003	0.159633
700000.0003	0.136035
700000.0003	0.115102
700000.0003	0.097851
700000.0003	0.0821795
700000.0003	0.0683099
700000.0003	0.0576141
700000.0003	0.0478131
700000.0003	0.0404544
700000.0003	0.0338231
700000.0003	0.0283688
700000.0003	0.0235891
700000.0003	0.0200493
700000.0003	0.0170821
700000.0003	0.0145175
700000.0003	0.0125769
700000.0003	0.0107981
700000.0003	0.0094506
700000.0003	0.00837127
700000.0003	0.00754413
700000.0003	0.00680679
700000.0003	0.00621202
700000.0003	0.00574557
700000.0003	0.00539572
700000.0003	0.00515662
700000.0003	0.00508804
700000.0003	0.0049689
700000.0003	0.00487537
700000.0003	0.00478631
700000.0003	0.0047005
700000.0003	0.00466707
700000.0003	0.00464202
700000.0003	0.00458818
700000.0003	0.00450355
700000.0003	0.00446559
700000.0003	0.00438412
700000.0003	0.00442012
700000.0003	0.00438482
700000.0003	0.00434607
700000.0003	0.00430716
700000.0003	0.00431727
700000.0003	0.00430528
700000.0003	0.00421481
700000.0003	0.00421774
700000.0003	0.00421427
700000.0003	0.0042322
700000.0003	0.00413073
700000.0003	0.00412954
700000.0003	0.00419028
700000.0003	0.00415793
700000.0003	0.00414084
700000.0003	0.00410474
700000.0003	0.00409869
700000.0003	0.0041442
700000.0003	0.00414422
700000.0003	0.00408376
700000.0003	0.00412861
700000.0003	0.00411181
700000.0003	0.00408781
700000.0003	0.00413015
700000.0003	0.00407221
700000.0003	0.0041079
700000.0003	0.0041175
700000.0003	0.00410936
700000.0003	0.00405941
700000.0003	0.00410736
700000.0003	0.00410755
700000.0003	0.00408667
700000.0003	0.00414293
700000.0003	0.00406647
700000.0003	0.00420051
700000.0003	0.00415562
700000.0003	0.00417002
700000.0003	0.00410722
700000.0003	0.00419315
700000.0003	0.00414397
700000.0003	0.00411308
700000.0003	0.00417094
700000.0003	0.00413609
700000.0003	0.00418462
700000.0003	0.00416463
700000.0003	0.00423043
700000.0003	0.00424426
700000.0003	0.00423069
700000.0003	0.00427909
700000.0003	0.00425439
700000.0003	0.00426232
700000.0003	0.00431636
700000.0003	0.00439617
700000.0003	0.00434649
700000.0003	0.00439929
700000.0003	0.00443811
700000.0003	0.00443726
700000.0003	0.00451672
700000.0003	0.00453114
700000.0003	0.00461882
700000.0003	0.00465372
700000.0003	0.00471403
700000.0003	0.00472778
700000.0003	0.00479346
700000.0003	0.00483612
700000.0003	0.00494484
700000.0003	0.0050685
700000.0003	0.00512092
700000.0003	0.0052992
700000.0003	0.00535682
700000.0003	0.00544948
700000.0003	0.00571051
700000.0003	0.00580801
700000.0003	0.00613191
700000.0003	0.00627072
700000.0003	0.00651703
700000.0003	0.00688805
700000.0003	0.00731434
700000.0003	0.007762
700000.0003	0.00811813
700000.0003	0.00855297
700000.0003	0.00930828
700000.0003	0.00972306
700000.0003	0.0107056
700000.0003	0.011647
700000.0003	0.0125454
700000.0003	0.0139413
700000.0003	0.0153604
700000.0003	0.0165572
