700000.0003	0.0262123
700000.0003	0.0354997
700000.0003	0.0536204
700000.0003	0.0808292
700000.0003	0.125016
700000.0003	0.189433
700000.0003	0.278583
700000.0003	0.398132
700000.0003	0.553725
700000.0003	0.744542
700000.0003	0.986677
700000.0003	1.27647
700000.0003	1.60213
700000.0003	1.99804
700000.0003	2.41352
700000.0003	2.87442
700000.0003	3.32868
700000.0003	3.82057
700000.0003	4.2773
700000.0003	4.75673
700000.0003	5.19449
700000.0003	5.62348
700000.0003	6.05363
700000.0003	6.43078
700000.0003	6.81945
700000.0003	7.23891
700000.0003	7.56298
700000.0003	7.91353
700000.0003	8.21712
700000.0003	8.54852
700000.0003	8.8457
700000.0003	9.07444
700000.0003	9.31301
700000.0003	9.64488
700000.0003	9.80096
700000.0003	9.86095
700000.0003	10.0358
700000.0003	10.0903
700000.0003	10.2349
700000.0003	10.2842
700000.0003	10.281
700000.0003	10.2199
700000.0003	10.3114
700000.0003	10.2508
700000.0003	10.2723
700000.0003	10.2783
700000.0003	10.2644
700000.0003	10.224
700000.0003	10.2642
700000.0003	10.355
700000.0003	10.3152
700000.0003	10.3121
700000.0003	10.247
700000.0003	10.2139
700000.0003	10.3191
700000.0003	10.3157
700000.0003	10.2267
700000.0003	10.3409
700000.0003	10.2608
700000.0003	10.3821
700000.0003	10.3234
700000.0003	10.2908
700000.0003	10.2821
700000.0003	10.2955
700000.0003	10.3446
700000.0003	10.353
700000.0003	10.3215
700000.0003	10.391
700000.0003	10.3994
700000.0003	10.2841
700000.0003	10.3093
700000.0003	10.3767
700000.0003	10.3777
700000.0003	10.2827
700000.0003	10.3326
700000.0003	10.3461
700000.0003	10.3824
700000.0003	10.4006
700000.0003	10.3424
700000.0003	10.353
700000.0003	10.3552
700000.0003	10.2252
700000.0003	10.3601
700000.0003	10.3077
700000.0003	10.3669
700000.0003	10.3319
700000.0003	10.3999
700000.0003	10.3005
700000.0003	10.3682
700000.0003	10.3102
700000.0003	10.3614
700000.0003	10.3823
700000.0003	10.3446
700000.0003	10.4547
700000.0003	10.4016
700000.0003	10.3783
700000.0003	10.4456
700000.0003	10.3816
700000.0003	10.3831
700000.0003	10.4178
700000.0003	10.3814
700000.0003	10.3772
700000.0003	10.3723
700000.0003	10.4004
700000.0003	10.4793
700000.0003	10.3285
700000.0003	10.4298
700000.0003	10.3877
700000.0003	10.4895
700000.0003	10.4181
700000.0003	10.3747
700000.0003	10.3759
700000.0003	10.4525
700000.0003	10.4462
700000.0003	10.4349
700000.0003	10.4129
700000.0003	10.3762
700000.0003	10.3945
700000.0003	10.4573
700000.0003	10.4869
700000.0003	10.4382
700000.0003	10.523
700000.0003	10.3483
700000.0003	10.4837
700000.0003	10.4331
700000.0003	10.4411
700000.0003	10.4521
700000.0003	10.4297
700000.0003	10.4739
700000.0003	10.4564
700000.0003	10.4421
700000.0003	10.4322
700000.0003	10.4113
700000.0003	10.5106
700000.0003	10.4387
700000.0003	10.4713
700000.0003	10.5057
700000.0003	10.4311
700000.0003	10.4699
700000.0003	10.4336
700000.0003	10.4038
700000.0003	10.4681
700000.0003	10.4459
700000.0003	10.4636
700000.0003	10.5094
700000.0003	10.3695
700000.0003	10.4234
700000.0003	10.4112
700000.0003	10.3216
700000.0003	10.3803
700000.0003	10.3707
700000.0003	10.3231
700000.0003	10.3014
700000.0003	10.2888
700000.0003	10.2732
700000.0003	10.127
700000.0003	10.1569
700000.0003	10.2615
700000.0003	10.1808
700000.0003	10.1139
700000.0003	10.0939
700000.0003	10.006
700000.0003	10.001
700000.0003	9.92175
700000.0003	9.81342
700000.0003	9.82068
700000.0003	9.75725
700000.0003	9.76448
700000.0003	9.66467
700000.0003	9.5971
700000.0003	9.56618
700000.0003	9.53627
700000.0003	9.48632
700000.0003	9.37795
700000.0003	9.37518
700000.0003	9.29087
700000.0003	9.18237
700000.0003	9.18238
700000.0003	9.12524
700000.0003	8.96288
700000.0003	8.9758
700000.0003	8.85225
700000.0003	8.80596
700000.0003	8.71478
700000.0003	8.64182
700000.0003	8.54734
700000.0003	8.4783
700000.0003	8.39146
700000.0003	8.3266
700000.0003	8.2518
700000.0003	8.18115
700000.0003	8.06981
700000.0003	8.01633
700000.0003	7.91323
700000.0003	7.84967
700000.0003	7.71629
700000.0003	7.68902
700000.0003	7.58615
700000.0003	7.47041
700000.0003	7.41191
700000.0003	7.29519
700000.0003	7.20067
700000.0003	7.12075
700000.0003	7.01635
700000.0003	6.95119
700000.0003	6.87737
700000.0003	6.79122
700000.0003	6.64423
700000.0003	6.56685
700000.0003	6.5004
700000.0003	6.39519
700000.0003	6.30031
700000.0003	6.18401
700000.0003	6.11069
700000.0003	6.02034
700000.0003	5.90776
700000.0003	5.82992
700000.0003	5.72577
700000.0003	5.61526
700000.0003	5.52416
700000.0003	5.4307
700000.0003	5.40092
700000.0003	5.24858
700000.0003	5.16611
700000.0003	5.03922
700000.0003	4.99035
700000.0003	4.87907
700000.0003	4.75956
700000.0003	4.67611
700000.0003	4.59378
700000.0003	4.48284
700000.0003	4.37835
700000.0003	4.28168
700000.0003	4.17211
700000.0003	4.08422
700000.0003	3.98118
700000.0003	3.87497
700000.0003	3.78181
700000.0003	3.66486
700000.0003	3.56042
700000.0003	3.44271
700000.0003	3.33105
700000.0003	3.20979
700000.0003	3.10534
700000.0003	2.9856
700000.0003	2.86314
700000.0003	2.72371
700000.0003	2.60003
700000.0003	2.46962
700000.0003	2.33237
700000.0003	2.20007
700000.0003	2.06541
700000.0003	1.926
700000.0003	1.7938
700000.0003	1.67048
700000.0003	1.53531
700000.0003	1.41749
700000.0003	1.29724
700000.0003	1.18817
700000.0003	1.07701
700000.0003	0.981751
700000.0003	0.881815
700000.0003	0.792744
700000.0003	0.712758
700000.0003	0.634367
700000.0003	0.563728
700000.0003	0.498688
700000.0003	0.438453
700000.0003	0.385394
700000.0003	0.33711
700000.0003	0.290838
700000.0003	0.25144
700000.0003	0.217871
700000.0003	0.18544
700000.0003	0.158712
700000.0003	0.135789
700000.0003	0.114365
700000.0003	0.0970895
700000.0003	0.0824731
700000.0003	0.0689086
700000.0003	0.0575131
700000.0003	0.0487178
700000.0003	0.0411314
700000.0003	0.0348509
700000.0003	0.0290862
700000.0003	0.0248599
700000.0003	0.0212745
700000.0003	0.017908
700000.0003	0.0157358
700000.0003	0.0134013
700000.0003	0.0115919
700000.0003	0.0101834
700000.0003	0.00907102
700000.0003	0.00821113
700000.0003	0.00740301
700000.0003	0.00672982
700000.0003	0.0062538
700000.0003	0.00565146
700000.0003	0.00557976
700000.0003	0.00538029
700000.0003	0.0052445
700000.0003	0.00510438
700000.0003	0.00495488
700000.0003	0.00496284
700000.0003	0.00486415
700000.0003	0.00486172
700000.0003	0.00470926
700000.0003	0.00481412
700000.0003	0.00465816
700000.0003	0.00456648
700000.0003	0.00457751
700000.0003	0.00448394
700000.0003	0.00449403
700000.0003	0.00444482
700000.0003	0.00437231
700000.0003	0.00443137
700000.0003	0.00438087
700000.0003	0.00431866
700000.0003	0.00432749
700000.0003	0.00430705
700000.0003	0.00433279
700000.0003	0.00433701
700000.0003	0.00425363
700000.0003	0.00420915
700000.0003	0.00426923
700000.0003	0.00421142
700000.0003	0.00426477
700000.0003	0.00417544
700000.0003	0.00414427
700000.0003	0.00415298
700000.0003	0.00417556
700000.0003	0.00417554
700000.0003	0.00412388
700000.0003	0.0041254
700000.0003	0.00415387
700000.0003	0.00413745
700000.0003	0.00414277
700000.0003	0.00408101
700000.0003	0.00410381
700000.0003	0.00408912
700000.0003	0.00414249
700000.0003	0.00413444
700000.0003	0.00410451
700000.0003	0.00418692
700000.0003	0.00417148
700000.0003	0.00415827
700000.0003	0.00413218
700000.0003	0.00421098
700000.0003	0.0042058
700000.0003	0.00422997
700000.0003	0.00420886
700000.0003	0.00417451
700000.0003	0.00421659
700000.0003	0.00429956
700000.0003	0.00423316
700000.0003	0.00423162
700000.0003	0.00430539
700000.0003	0.00437441
700000.0003	0.00434774
700000.0003	0.00432505
700000.0003	0.00435286
700000.0003	0.0043706
700000.0003	0.00437304
700000.0003	0.00451122
700000.0003	0.0044701
700000.0003	0.00456639
700000.0003	0.00465297
700000.0003	0.00456803
700000.0003	0.00462561
700000.0003	0.004649
700000.0003	0.00470602
700000.0003	0.00477403
700000.0003	0.00487007
700000.0003	0.0049492
700000.0003	0.00492347
700000.0003	0.00500409
700000.0003	0.00520457
700000.0003	0.00523907
700000.0003	0.00532445
700000.0003	0.00540583
700000.0003	0.00554521
700000.0003	0.0056671
700000.0003	0.00572616
700000.0003	0.00600292
700000.0003	0.00615588
700000.0003	0.00653675
700000.0003	0.0065882
700000.0003	0.00682119
700000.0003	0.00718686
700000.0003	0.00763576
700000.0003	0.00806852
700000.0003	0.00842873
700000.0003	0.00910218
700000.0003	0.00984264
700000.0003	0.0108744
700000.0003	0.0121807
700000.0003	0.0133363
700000.0003	0.0151707
700000.0003	0.0179218
700000.0003	0.0211982
700000.0003	6.56639e-05
700000.0003	-0.000141213
700000.0003	-0.000182244
700000.0003	-0.00026922
700000.0003	-0.000504846
700000.0003	5.91961e-05
700000.0003	-0.00239927
700000.0003	-0.000529575
700000.0003	0.00054972
700000.0003	0.00545112
700000.0003	0.00159737
700000.0003	-0.00101808
700000.0003	-0.00115645
700000.0003	-0.00900853
700000.0003	0.00184367
700000.0003	-0.0126404
700000.0003	0.0105167
700000.0003	0.00917538
700000.0003	-0.00606601
700000.0003	0.0155477
700000.0003	-0.022945
700000.0003	0.00310584
700000.0003	0.0261748
700000.0003	-0.00976558
700000.0003	-0.00805366
700000.0003	-0.035601
700000.0003	0.00160768
700000.0003	-0.0151381
700000.0003	0.00164141
700000.0003	-0.023146
700000.0003	-0.00637685
700000.0003	-0.0357001
700000.0003	-0.015971
700000.0003	-0.00587349
700000.0003	0.0323256
700000.0003	-0.0488063
700000.0003	-0.0159679
700000.0003	-0.0332018
700000.0003	-0.0264886
700000.0003	0.0535231
700000.0003	-0.00121581
700000.0003	0.0112733
700000.0003	0.0323139
700000.0003	-0.0126
700000.0003	-0.0259394
700000.0003	0.0230157
700000.0003	-0.026277
700000.0003	0.0361359
700000.0003	0.00608542
700000.0003	-0.0251075
700000.0003	-0.0316654
700000.0003	0.0285571
700000.0003	-0.0137821
700000.0003	-0.0162825
700000.0003	0.00449889
700000.0003	-0.0170621
700000.0003	-0.00242682
700000.0003	0.0329129
700000.0003	-0.0439228
700000.0003	-0.0181684
700000.0003	0.0131031
700000.0003	0.0513304
700000.0003	-0.00941268
700000.0003	0.0191923
700000.0003	-0.0393741
700000.0003	0.0030175
700000.0003	0.0358883
700000.0003	0.00995025
700000.0003	0.00338602
700000.0003	-0.000825375
700000.0003	0.0287881
700000.0003	-0.0320216
700000.0003	0.00389227
700000.0003	-0.0203268
700000.0003	0.00898906
700000.0003	0.0359732
700000.0003	0.0126981
700000.0003	-0.0150711
700000.0003	0.00755274
700000.0003	-0.0252082
700000.0003	0.0286897
700000.0003	0.0108383
700000.0003	0.014539
700000.0003	0.0017773
700000.0003	-0.00573822
700000.0003	0.0361797
700000.0003	-0.0236765
700000.0003	0.014279
700000.0003	0.00273596
700000.0003	0.0134353
700000.0003	0.0242792
700000.0003	0.0401288
700000.0003	0.0164003
700000.0003	0.000956609
700000.0003	-0.0116747
700000.0003	0.000956006
700000.0003	0.0374155
700000.0003	0.00446052
700000.0003	-0.000749861
700000.0003	0.0839454
700000.0003	0.0095027
700000.0003	0.0299519
700000.0003	0.0203891
700000.0003	0.0132536
700000.0003	0.0350865
700000.0003	-0.0171613
700000.0003	0.0340318
700000.0003	0.00290458
700000.0003	0.0243174
700000.0003	0.0457179
700000.0003	-0.0177695
700000.0003	-0.00420795
700000.0003	0.0597798
700000.0003	0.0211121
700000.0003	-0.0116579
700000.0003	-0.000318697
700000.0003	-0.0261016
700000.0003	-0.0256177
700000.0003	-0.0128546
700000.0003	0.00558393
700000.0003	-0.0197847
700000.0003	0.038783
700000.0003	0.0031513
700000.0003	-0.0129511
700000.0003	-0.0508299
700000.0003	-0.00584911
700000.0003	-0.0183905
700000.0003	-0.00945253
700000.0003	-0.0294286
700000.0003	0.037693
700000.0003	-0.0167574
700000.0003	0.0380348
700000.0003	-0.007494
700000.0003	0.0090016
700000.0003	0.0188895
700000.0003	0.0128506
700000.0003	-0.00523667
700000.0003	0.0072164
700000.0003	0.0102198
700000.0003	0.0103961
700000.0003	0.00917578
700000.0003	0.0457035
700000.0003	0.0261159
700000.0003	0.0153566
700000.0003	0.0338369
700000.0003	0.018278
700000.0003	0.00713355
700000.0003	0.0232788
700000.0003	-0.00900422
700000.0003	-0.0261723
700000.0003	-0.00926536
700000.0003	-0.0374215
700000.0003	0.0285379
700000.0003	-0.011672
700000.0003	0.00468641
700000.0003	-0.0379576
700000.0003	0.00665401
700000.0003	-0.0213829
700000.0003	0.00265806
700000.0003	0.00437977
700000.0003	0.0181735
700000.0003	0.0432972
700000.0003	0.00573577
700000.0003	-0.0118635
700000.0003	0.022508
700000.0003	0.0135768
700000.0003	-0.0367558
700000.0003	-0.0179677
700000.0003	-0.0050941
700000.0003	0.0144423
700000.0003	-0.0256173
700000.0003	-0.0164264
700000.0003	0.00995873
700000.0003	0.00386655
700000.0003	-0.0185857
700000.0003	0.0222313
700000.0003	-0.0183126
700000.0003	-0.0211969
700000.0003	0.0155414
700000.0003	-0.0161874
700000.0003	0.0387558
700000.0003	7.63523e-05
700000.0003	-0.00313824
700000.0003	-0.0279513
700000.0003	0.00967877
700000.0003	-0.0241714
700000.0003	-0.00289904
700000.0003	0.0156548
700000.0003	0.0141777
700000.0003	-0.00213198
700000.0003	-0.0404226
700000.0003	0.0099524
700000.0003	0.011147
700000.0003	0.00253065
700000.0003	0.0109033
700000.0003	0.0173458
700000.0003	0.0138358
700000.0003	0.00902377
700000.0003	-0.0034139
700000.0003	-0.0250464
700000.0003	0.0374465
700000.0003	-0.017497
700000.0003	-0.000596114
700000.0003	-0.0116371
700000.0003	-0.0224337
700000.0003	0.00515504
700000.0003	0.00298784
700000.0003	-0.00633375
700000.0003	-0.0294322
700000.0003	0.00533171
700000.0003	-0.00516178
700000.0003	0.0234916
700000.0003	-0.00693887
700000.0003	0.00987919
700000.0003	0.00554503
700000.0003	0.0164649
700000.0003	0.00391209
700000.0003	0.00826279
700000.0003	-0.00814179
700000.0003	0.0117302
700000.0003	0.00924103
700000.0003	-0.00251654
700000.0003	0.00694857
700000.0003	0.0103772
700000.0003	-0.0105187
700000.0003	-0.0150825
700000.0003	0.00227144
700000.0003	0.01343
700000.0003	0.00275444
700000.0003	0.000344702
700000.0003	0.0127937
700000.0003	0.000245821
700000.0003	-0.00114559
700000.0003	-0.00793202
700000.0003	-0.00248886
700000.0003	-0.00860331
700000.0003	-0.00385023
700000.0003	-0.00247757
700000.0003	-0.00283958
700000.0003	-0.0102554
700000.0003	0.00836139
700000.0003	-0.00521545
700000.0003	0.000209311
700000.0003	-0.0109915
700000.0003	-0.00172647
700000.0003	-0.000982358
700000.0003	-0.00121012
700000.0003	-0.00285063
700000.0003	0.0008173
700000.0003	-0.00183248
700000.0003	0.00440657
700000.0003	0.00409492
700000.0003	-0.00274358
700000.0003	0.000788118
700000.0003	0.00109803
700000.0003	0.00220187
700000.0003	-0.000237304
700000.0003	0.00230176
700000.0003	-0.00272458
700000.0003	0.000906049
700000.0003	0.000375408
700000.0003	0.000186464
700000.0003	0.00097679
700000.0003	-0.000163607
700000.0003	0.000227596
700000.0003	0.00305222
700000.0003	0.000462695
700000.0003	0.00149286
700000.0003	-0.000312513
700000.0003	0.000198642
700000.0003	0.000172856
700000.0003	0.000217614
700000.0003	6.57902e-05
700000.0003	0.000688816
700000.0003	0.00106813
700000.0003	0.00081351
700000.0003	-0.000600596
700000.0003	-0.000833155
700000.0003	-0.00024824
700000.0003	-0.000195711
700000.0003	-0.000127053
700000.0003	1.81007e-05
700000.0003	0.000300213
700000.0003	-0.000268035
700000.0003	0.000131983
700000.0003	0.000119399
700000.0003	5.84777e-05
700000.0003	0.000102698
700000.0003	-4.3392e-05
700000.0003	-4.97421e-05
700000.0003	2.35693e-05
700000.0003	-0.000118872
700000.0003	3.44255e-06
700000.0003	-1.00206e-05
700000.0003	2.3143e-05
700000.0003	-5.35997e-05
700000.0003	-5.17318e-05
700000.0003	-5.40364e-05
700000.0003	2.8456e-05
700000.0003	3.72917e-05
700000.0003	8.32987e-07
700000.0003	-4.82957e-06
700000.0003	5.42111e-05
700000.0003	5.70242e-05
700000.0003	-2.68989e-05
700000.0003	2.10135e-07
700000.0003	-5.18777e-05
700000.0003	-4.64709e-05
700000.0003	1.10235e-06
700000.0003	-4.16703e-05
700000.0003	1.91862e-06
700000.0003	2.81686e-05
700000.0003	-6.46417e-06
700000.0003	-4.09513e-06
700000.0003	2.94661e-05
700000.0003	-4.22367e-05
700000.0003	-1.33741e-06
700000.0003	-1.11181e-07
700000.0003	-1.68142e-05
700000.0003	1.71038e-05
700000.0003	-5.39419e-06
700000.0003	2.61906e-05
700000.0003	-1.62461e-05
700000.0003	-3.54538e-05
700000.0003	-6.8024e-07
700000.0003	6.909e-06
700000.0003	-2.88056e-05
700000.0003	3.01457e-05
700000.0003	2.19343e-05
700000.0003	2.0353e-05
700000.0003	-3.40587e-06
700000.0003	3.20947e-05
700000.0003	3.50274e-05
700000.0003	8.68409e-06
700000.0003	-8.01585e-06
700000.0003	4.75695e-05
700000.0003	7.15644e-05
700000.0003	-3.24405e-05
700000.0003	-7.63375e-06
700000.0003	1.16241e-06
700000.0003	-7.19767e-06
700000.0003	2.68317e-06
700000.0003	1.61585e-05
700000.0003	7.85627e-06
700000.0003	-1.91269e-05
700000.0003	-3.6818e-05
700000.0003	3.44955e-05
700000.0003	-4.58188e-05
700000.0003	-1.86407e-05
700000.0003	6.2563e-05
700000.0003	-3.67624e-05
700000.0003	5.77962e-05
700000.0003	6.32451e-06
700000.0003	3.94449e-05
700000.0003	4.83491e-05
700000.0003	-5.74279e-05
700000.0003	2.4188e-05
700000.0003	5.87022e-07
700000.0003	3.76654e-05
700000.0003	7.23089e-05
700000.0003	4.41961e-05
700000.0003	-8.58784e-06
700000.0003	-5.95624e-06
700000.0003	-3.69678e-06
700000.0003	5.13768e-06
700000.0003	-2.40528e-05
700000.0003	-3.73351e-05
700000.0003	-3.09245e-05
700000.0003	-1.71573e-06
700000.0003	1.81951e-05
700000.0003	3.52343e-05
700000.0003	2.49924e-05
700000.0003	-2.70392e-05
700000.0003	1.66084e-05
700000.0003	5.80164e-05
700000.0003	-1.28735e-05
700000.0003	-3.41001e-05
700000.0003	7.80564e-05
700000.0003	-1.59354e-05
700000.0003	5.73935e-05
700000.0003	-1.96638e-05
700000.0003	5.8174e-05
700000.0003	1.63345e-06
700000.0003	0.000121878
700000.0003	0.000122643
700000.0003	-5.95196e-05
700000.0003	-0.000103717
700000.0003	7.21275e-05
700000.0003	-5.0918e-05
700000.0003	8.51901e-05
700000.0003	-4.56626e-05
700000.0003	-0.000146866
700000.0003	9.85951e-05
700000.0003	0.000148204
700000.0003	6.43978e-05
700000.0003	6.06571e-05
700000.0003	-0.000179056
700000.0003	-3.42164e-05
700000.0003	-3.80868e-05
700000.0003	9.24928e-05
700000.0003	-0.000183659
700000.0003	-4.37774e-05
700000.0003	0.000214888
700000.0003	0.000182064
700000.0003	-0.000267504
700000.0003	0.000853699
700000.0003	-0.000758762
700000.0003	0.000998148
700000.0003	0.000255201
700000.0003	4.38236e-05
700000.0003	0.000420931
700000.0003	0.00715166
700000.0003	0.00619652
700000.0003	0.00595547
700000.0003	-0.00404223
700000.0003	-0.00959698
700000.0003	0.00696193
700000.0003	0.00755708
700000.0003	-0.00109873
700000.0003	0.00533676
700000.0003	0.000926039
700000.0003	0.0145794
700000.0003	-0.00469891
700000.0003	-0.0150953
700000.0003	-0.0254151
700000.0003	-0.048207
700000.0003	0.010206
700000.0003	-0.0144284
700000.0003	0.0131216
700000.0003	-0.029682
700000.0003	0.00313007
700000.0003	-0.0121181
700000.0003	-0.000663389
700000.0003	-0.0214396
700000.0003	0.0111488
700000.0003	-0.043628
700000.0003	-0.0269185
700000.0003	-0.0200242
700000.0003	-0.0221513
700000.0003	0.0485154
700000.0003	0.00382213
700000.0003	0.00277637
700000.0003	0.020423
700000.0003	-0.0115157
700000.0003	-0.0144359
700000.0003	0.0199659
700000.0003	-0.0283296
700000.0003	0.037348
700000.0003	-0.00143692
700000.0003	-0.0264894
700000.0003	-0.0214678
700000.0003	0.0361885
700000.0003	-0.00885115
700000.0003	-0.0109098
700000.0003	0.0201734
700000.0003	-0.00531857
700000.0003	-0.0136037
700000.0003	0.0288988
700000.0003	-0.0560236
700000.0003	-0.00644752
700000.0003	0.0249098
700000.0003	0.0573843
700000.0003	-0.0138375
700000.0003	0.00884552
700000.0003	-0.0516334
700000.0003	-0.0023218
700000.0003	0.0266983
700000.0003	-0.000423065
700000.0003	0.00599332
700000.0003	-0.0182233
700000.0003	0.0276942
700000.0003	-0.0144851
700000.0003	0.00274399
700000.0003	-0.0099372
700000.0003	0.0142103
700000.0003	0.0450671
700000.0003	0.00488795
700000.0003	-0.0297631
700000.0003	0.0181407
700000.0003	-0.0123595
700000.0003	0.0490134
700000.0003	0.0149471
700000.0003	0.0141488
700000.0003	-0.00342698
700000.0003	-0.000182373
700000.0003	0.0294142
700000.0003	-0.0293971
700000.0003	0.0309481
700000.0003	-0.00151585
700000.0003	-0.00203815
700000.0003	0.0309127
700000.0003	0.0529431
700000.0003	0.0134455
700000.0003	-0.00133736
700000.0003	0.0052786
700000.0003	0.00446942
700000.0003	0.0227582
700000.0003	0.0227689
700000.0003	-0.00978421
700000.0003	0.0724928
700000.0003	0.0205419
700000.0003	0.031463
700000.0003	0.0307361
700000.0003	0.00510357
700000.0003	0.0328223
700000.0003	-0.0130262
700000.0003	0.0247674
700000.0003	0.00756228
700000.0003	0.00926704
700000.0003	0.056566
700000.0003	-0.0102679
700000.0003	0.00292127
700000.0003	0.0635013
700000.0003	0.0216878
700000.0003	-0.0111664
700000.0003	-0.00534397
700000.0003	-0.0244914
700000.0003	-0.0280407
700000.0003	-0.0217841
700000.0003	-0.00019595
700000.0003	-0.0312546
700000.0003	0.0239136
700000.0003	0.0161401
700000.0003	-0.0194863
700000.0003	-0.0456176
700000.0003	-0.013
700000.0003	-0.0168253
700000.0003	-0.0067752
700000.0003	-0.0224093
700000.0003	0.0356996
700000.0003	-0.0224295
700000.0003	0.0259388
700000.0003	0.00297092
700000.0003	0.00718919
700000.0003	0.0193613
700000.0003	0.0118507
700000.0003	-0.00941528
700000.0003	8.43289e-05
700000.0003	0.0155354
700000.0003	0.0080351
700000.0003	0.00424665
700000.0003	0.0487324
700000.0003	0.0407376
700000.0003	0.00660931
700000.0003	0.0175264
700000.0003	0.0164136
700000.0003	-0.0113377
700000.0003	0.022865
700000.0003	-0.0166975
700000.0003	-0.0461251
700000.0003	-0.0143441
700000.0003	-0.0426208
700000.0003	0.0374842
700000.0003	-0.0152616
700000.0003	-0.00599474
700000.0003	-0.0325704
700000.0003	-0.00166907
700000.0003	-0.0175814
700000.0003	0.00186391
700000.0003	0.00547386
700000.0003	0.025161
700000.0003	0.0286774
700000.0003	0.00276518
700000.0003	-0.00937137
700000.0003	0.0300335
700000.0003	0.0138089
700000.0003	-0.0290362
700000.0003	-0.0197135
700000.0003	0.00945866
700000.0003	0.0102658
700000.0003	-0.0179937
700000.0003	-0.0112822
700000.0003	0.0113448
700000.0003	0.00645098
700000.0003	-0.0277163
700000.0003	0.0166987
700000.0003	-0.00750188
700000.0003	-0.0171322
700000.0003	0.0187567
700000.0003	-0.006526
700000.0003	0.0373617
700000.0003	-0.00669594
700000.0003	0.00143951
700000.0003	-0.0304769
700000.0003	0.00529203
700000.0003	-0.018077
700000.0003	-0.00784987
700000.0003	0.0101798
700000.0003	0.0100479
700000.0003	0.00339784
700000.0003	-0.0289616
700000.0003	0.00486948
700000.0003	0.00399138
700000.0003	0.00503919
700000.0003	0.00936172
700000.0003	0.0180273
700000.0003	0.0200761
700000.0003	0.0199133
700000.0003	-0.00211912
700000.0003	-0.0248726
700000.0003	0.0412553
700000.0003	-0.0122237
700000.0003	-0.000145159
700000.0003	-0.00497519
700000.0003	-0.0237282
700000.0003	-0.00713425
700000.0003	0.00477214
700000.0003	-0.00581283
700000.0003	-0.028917
700000.0003	0.00417802
700000.0003	-0.00666123
700000.0003	0.0224488
700000.0003	-0.0111828
700000.0003	0.0129555
700000.0003	0.0136562
700000.0003	0.0115175
700000.0003	0.00567586
700000.0003	-0.00792845
700000.0003	-0.00376895
700000.0003	0.00963914
700000.0003	0.00972201
700000.0003	-0.00228332
700000.0003	0.00966821
700000.0003	-0.00104632
700000.0003	-0.000279786
700000.0003	-0.0112592
700000.0003	-0.000317109
700000.0003	0.00336161
700000.0003	-0.00140816
700000.0003	-0.00410442
700000.0003	0.014624
700000.0003	0.00644423
700000.0003	-0.000711071
700000.0003	-0.00841293
700000.0003	-0.00336659
700000.0003	-0.00554899
700000.0003	-0.0104599
700000.0003	-0.0117859
700000.0003	0.0057786
700000.0003	0.00233529
700000.0003	0.011275
700000.0003	0.00284462
700000.0003	-0.00286611
700000.0003	-0.00346566
700000.0003	-0.00235375
700000.0003	0.00478866
700000.0003	0.00211682
700000.0003	0.00117488
700000.0003	-0.00195247
700000.0003	0.00723843
700000.0003	0.00404393
700000.0003	0.000904859
700000.0003	-0.000970698
700000.0003	-0.00388519
700000.0003	-0.00596586
700000.0003	0.00572575
700000.0003	-0.00210636
700000.0003	0.000439164
700000.0003	-0.00260793
700000.0003	-0.000387569
700000.0003	5.62242e-05
700000.0003	-0.00039536
700000.0003	-0.000916754
700000.0003	-0.00233371
700000.0003	-0.000327384
700000.0003	0.00354053
700000.0003	-0.000679405
700000.0003	0.00159817
700000.0003	0.0017687
700000.0003	-0.000655288
700000.0003	-0.000575616
700000.0003	-6.64117e-05
700000.0003	-0.000374188
700000.0003	0.000812102
700000.0003	0.000391814
700000.0003	-0.000410427
700000.0003	0.000721304
700000.0003	-0.000333987
700000.0003	-0.000164921
700000.0003	-9.10932e-05
700000.0003	0.000202338
700000.0003	0.00046958
700000.0003	0.000485693
700000.0003	0.000107777
700000.0003	0.000196463
700000.0003	7.57124e-06
700000.0003	0.000113489
700000.0003	0.000281219
700000.0003	-0.000156839
700000.0003	0.000100194
700000.0003	4.27299e-06
700000.0003	8.50581e-05
700000.0003	8.82926e-05
700000.0003	6.06397e-05
700000.0003	-0.000104635
700000.0003	-3.35762e-05
700000.0003	-8.00857e-05
700000.0003	-4.80332e-05
700000.0003	-4.02494e-05
700000.0003	2.95292e-05
700000.0003	1.67391e-05
700000.0003	-6.24329e-05
700000.0003	-5.1228e-05
700000.0003	5.63486e-05
700000.0003	5.16369e-05
700000.0003	-4.62411e-05
700000.0003	-2.7777e-05
700000.0003	-6.5602e-06
700000.0003	-3.84248e-05
700000.0003	-9.8437e-06
700000.0003	-4.59684e-05
700000.0003	1.82051e-05
700000.0003	-1.7819e-06
700000.0003	6.6944e-05
700000.0003	5.29904e-05
700000.0003	-6.21391e-05
700000.0003	-4.21557e-05
700000.0003	1.5792e-05
700000.0003	-4.17141e-05
700000.0003	1.30213e-05
700000.0003	-2.20397e-05
700000.0003	-2.02347e-05
700000.0003	1.38277e-05
700000.0003	7.88059e-05
700000.0003	-9.82141e-06
700000.0003	7.23541e-05
700000.0003	1.14541e-05
700000.0003	5.63908e-05
700000.0003	1.62786e-05
700000.0003	-5.88804e-05
700000.0003	-2.00217e-05
700000.0003	5.89335e-05
700000.0003	-1.25865e-05
700000.0003	0.000101678
700000.0003	6.267e-05
700000.0003	-2.97836e-05
700000.0003	5.91176e-05
700000.0003	-3.17e-05
700000.0003	1.37195e-05
700000.0003	1.21639e-05
700000.0003	5.00518e-05
700000.0003	-1.09085e-05
700000.0003	-4.41524e-07
700000.0003	-3.89145e-06
700000.0003	7.51476e-05
700000.0003	-1.17481e-05
700000.0003	-4.67053e-05
700000.0003	-1.64727e-05
700000.0003	6.91643e-06
700000.0003	-1.31759e-06
700000.0003	5.32399e-05
700000.0003	-3.61287e-05
700000.0003	3.57093e-05
700000.0003	1.63225e-05
700000.0003	9.8085e-05
700000.0003	-8.94773e-06
700000.0003	3.57187e-05
700000.0003	-5.74398e-05
700000.0003	-3.88337e-05
700000.0003	-1.29338e-05
700000.0003	-2.50564e-08
700000.0003	2.2531e-05
700000.0003	4.4477e-05
700000.0003	5.37149e-06
700000.0003	0.000121854
700000.0003	5.1079e-06
700000.0003	2.20464e-05
700000.0003	-5.52119e-06
700000.0003	5.06379e-05
700000.0003	3.33125e-05
700000.0003	5.36775e-05
700000.0003	-1.1544e-05
700000.0003	-3.98917e-05
700000.0003	9.88784e-05
700000.0003	-1.7843e-05
700000.0003	1.67733e-05
700000.0003	1.5386e-05
700000.0003	-2.06343e-05
700000.0003	3.67485e-05
700000.0003	-7.30166e-05
700000.0003	-0.000117099
700000.0003	-2.95087e-06
700000.0003	-1.67585e-05
700000.0003	5.24114e-05
700000.0003	-7.07782e-05
700000.0003	-1.11507e-05
700000.0003	6.58234e-05
700000.0003	6.48421e-05
700000.0003	0.000165627
700000.0003	-0.000113561
700000.0003	-0.000164851
700000.0003	2.4888e-05
700000.0003	-0.000131638
700000.0003	-0.000236333
700000.0003	0.000171062
700000.0003	-9.93214e-05
700000.0003	1.66791e-05
700000.0003	2.64276e-05
700000.0003	0.000166701
700000.0003	0.000276825
700000.0003	0.0179718
700000.0003	0.0238477
700000.0003	0.0366277
700000.0003	0.0611484
700000.0003	0.101537
700000.0003	0.167683
700000.0003	0.265913
700000.0003	0.408655
700000.0003	0.60366
700000.0003	0.878496
700000.0003	1.25228
700000.0003	1.76123
700000.0003	2.44549
700000.0003	3.33751
700000.0003	4.48068
700000.0003	5.8159
700000.0003	7.45913
700000.0003	9.25633
700000.0003	11.3104
700000.0003	13.3578
700000.0003	15.2928
700000.0003	16.9619
700000.0003	18.2221
700000.0003	19.0172
700000.0003	19.5614
700000.0003	19.629
700000.0003	19.6965
700000.0003	19.5536
700000.0003	19.4052
700000.0003	19.1387
700000.0003	18.7143
700000.0003	18.4927
700000.0003	18.2012
700000.0003	17.9574
700000.0003	17.7785
700000.0003	17.4368
700000.0003	17.136
700000.0003	16.8728
700000.0003	16.6406
700000.0003	16.4358
700000.0003	15.9341
700000.0003	15.6991
700000.0003	15.4031
700000.0003	15.1617
700000.0003	14.8588
700000.0003	14.5819
700000.0003	14.4406
700000.0003	14.1447
700000.0003	14.0738
700000.0003	13.8585
700000.0003	13.7118
700000.0003	13.6506
700000.0003	13.3935
700000.0003	13.3083
700000.0003	13.292
700000.0003	13.1465
700000.0003	13.0186
700000.0003	12.8384
700000.0003	12.698
700000.0003	12.7425
700000.0003	12.577
700000.0003	12.5173
700000.0003	12.425
700000.0003	12.2436
700000.0003	12.2906
700000.0003	12.2154
700000.0003	12.0881
700000.0003	12.1027
700000.0003	12.0296
700000.0003	11.8559
700000.0003	11.8516
700000.0003	11.818
700000.0003	11.7741
700000.0003	11.6489
700000.0003	11.6249
700000.0003	11.5239
700000.0003	11.5538
700000.0003	11.5564
700000.0003	11.4349
700000.0003	11.4838
700000.0003	11.4097
700000.0003	11.3085
700000.0003	11.3702
700000.0003	11.3301
700000.0003	11.2839
700000.0003	11.1946
700000.0003	11.3269
700000.0003	11.1746
700000.0003	11.182
700000.0003	11.1039
700000.0003	11.0945
700000.0003	11.055
700000.0003	11.0536
700000.0003	10.984
700000.0003	11.1434
700000.0003	10.9659
700000.0003	11.0272
700000.0003	10.9578
700000.0003	10.9051
700000.0003	10.9305
700000.0003	10.9258
700000.0003	10.9058
700000.0003	10.9069
700000.0003	10.8502
700000.0003	10.9116
700000.0003	10.8314
700000.0003	10.8039
700000.0003	10.8445
700000.0003	10.8952
700000.0003	10.8495
700000.0003	10.7637
700000.0003	10.6941
700000.0003	10.7557
700000.0003	10.7289
700000.0003	10.7243
700000.0003	10.6858
700000.0003	10.6812
700000.0003	10.7096
700000.0003	10.7383
700000.0003	10.7285
700000.0003	10.6874
700000.0003	10.7519
700000.0003	10.6218
700000.0003	10.6926
700000.0003	10.6336
700000.0003	10.6735
700000.0003	10.6626
700000.0003	10.6353
700000.0003	10.7078
700000.0003	10.7021
700000.0003	10.6382
700000.0003	10.5613
700000.0003	10.6127
700000.0003	10.5962
700000.0003	10.5955
700000.0003	10.6248
700000.0003	10.6191
700000.0003	10.6507
700000.0003	10.6705
700000.0003	10.6481
700000.0003	10.6436
700000.0003	10.641
700000.0003	10.5886
700000.0003	10.6871
700000.0003	10.5935
700000.0003	10.5605
700000.0003	10.6058
700000.0003	10.6235
700000.0003	10.5522
700000.0003	10.5315
700000.0003	10.5921
700000.0003	10.5066
700000.0003	10.5016
700000.0003	10.4526
700000.0003	10.4031
700000.0003	10.2701
700000.0003	10.3346
700000.0003	10.3549
700000.0003	10.304
700000.0003	10.2664
700000.0003	10.226
700000.0003	10.1918
700000.0003	10.0802
700000.0003	10.0569
700000.0003	10.0222
700000.0003	10.0299
700000.0003	10.0228
700000.0003	9.89866
700000.0003	9.84498
700000.0003	9.7317
700000.0003	9.69838
700000.0003	9.66134
700000.0003	9.67036
700000.0003	9.53846
700000.0003	9.55702
700000.0003	9.43335
700000.0003	9.35842
700000.0003	9.33423
700000.0003	9.29011
700000.0003	9.1407
700000.0003	9.14251
700000.0003	9.00295
700000.0003	9.00097
700000.0003	8.87471
700000.0003	8.83834
700000.0003	8.77993
700000.0003	8.66001
700000.0003	8.67351
700000.0003	8.54077
700000.0003	8.46885
700000.0003	8.39316
700000.0003	8.32509
700000.0003	8.26247
700000.0003	8.1891
700000.0003	8.08003
700000.0003	7.98888
700000.0003	7.94731
700000.0003	7.81842
700000.0003	7.74214
700000.0003	7.69273
700000.0003	7.59395
700000.0003	7.54503
700000.0003	7.4913
700000.0003	7.34442
700000.0003	7.32676
700000.0003	7.24821
700000.0003	7.13588
700000.0003	7.04535
700000.0003	6.9802
700000.0003	6.95058
700000.0003	6.80503
700000.0003	6.75988
700000.0003	6.67052
700000.0003	6.63007
700000.0003	6.57067
700000.0003	6.45154
700000.0003	6.41108
700000.0003	6.31123
700000.0003	6.26478
700000.0003	6.19934
700000.0003	6.12164
700000.0003	6.09524
700000.0003	6.02632
700000.0003	5.96794
700000.0003	5.90108
700000.0003	5.88585
700000.0003	5.82593
700000.0003	5.77044
700000.0003	5.72284
700000.0003	5.73411
700000.0003	5.66701
700000.0003	5.68053
700000.0003	5.61186
700000.0003	5.5693
700000.0003	5.52389
700000.0003	5.50217
700000.0003	5.43208
700000.0003	5.38897
700000.0003	5.31293
700000.0003	5.22503
700000.0003	5.11088
700000.0003	4.98134
700000.0003	4.83762
700000.0003	4.65562
700000.0003	4.46374
700000.0003	4.25688
700000.0003	4.0272
700000.0003	3.79203
700000.0003	3.54176
700000.0003	3.29242
700000.0003	3.04111
700000.0003	2.79653
700000.0003	2.56114
700000.0003	2.33446
700000.0003	2.11552
700000.0003	1.93255
700000.0003	1.74991
700000.0003	1.57979
700000.0003	1.42677
700000.0003	1.28148
700000.0003	1.15158
700000.0003	1.03184
700000.0003	0.925139
700000.0003	0.824496
700000.0003	0.731493
700000.0003	0.652854
700000.0003	0.573035
700000.0003	0.507447
700000.0003	0.445299
700000.0003	0.391773
700000.0003	0.338711
700000.0003	0.294242
700000.0003	0.254626
700000.0003	0.220727
700000.0003	0.18766
700000.0003	0.160721
700000.0003	0.137079
700000.0003	0.115595
700000.0003	0.0975363
700000.0003	0.0825592
700000.0003	0.0693194
700000.0003	0.0576436
700000.0003	0.0483843
700000.0003	0.0404005
700000.0003	0.0340366
700000.0003	0.028529
700000.0003	0.0239067
700000.0003	0.0201346
700000.0003	0.0171843
700000.0003	0.0145183
700000.0003	0.0125567
700000.0003	0.0108577
700000.0003	0.00950067
700000.0003	0.00851033
700000.0003	0.00754231
700000.0003	0.00682702
700000.0003	0.00619819
700000.0003	0.00573587
700000.0003	0.0055056
700000.0003	0.00526375
700000.0003	0.00507848
700000.0003	0.00507246
700000.0003	0.00492482
700000.0003	0.00488174
700000.0003	0.0047705
700000.0003	0.00469441
700000.0003	0.00461342
700000.0003	0.00458845
700000.0003	0.0045454
700000.0003	0.00446562
700000.0003	0.00446148
700000.0003	0.00439485
700000.0003	0.00441179
700000.0003	0.00436384
700000.0003	0.00426364
700000.0003	0.00427477
700000.0003	0.00427299
700000.0003	0.00422508
700000.0003	0.00420903
700000.0003	0.00420293
700000.0003	0.00420362
700000.0003	0.00415806
700000.0003	0.0042207
700000.0003	0.00419365
700000.0003	0.00416927
700000.0003	0.00413237
700000.0003	0.00417467
700000.0003	0.00413628
700000.0003	0.00412468
700000.0003	0.0040589
700000.0003	0.00409259
700000.0003	0.00413658
700000.0003	0.00414398
700000.0003	0.00411234
700000.0003	0.00415349
700000.0003	0.00411416
700000.0003	0.00411189
700000.0003	0.0040945
700000.0003	0.00411482
700000.0003	0.00411211
700000.0003	0.00413754
700000.0003	0.00412683
700000.0003	0.00415579
700000.0003	0.00407495
700000.0003	0.00411772
700000.0003	0.00412097
700000.0003	0.00411359
700000.0003	0.00411947
700000.0003	0.00415115
700000.0003	0.00410874
700000.0003	0.00418385
700000.0003	0.0041588
700000.0003	0.00418699
700000.0003	0.00419534
700000.0003	0.00421613
700000.0003	0.0042035
700000.0003	0.00420474
700000.0003	0.00424298
700000.0003	0.00425424
700000.0003	0.00427433
700000.0003	0.00430655
700000.0003	0.00429599
700000.0003	0.0043109
700000.0003	0.00432475
700000.0003	0.00435975
700000.0003	0.00440123
700000.0003	0.00439737
700000.0003	0.00447162
700000.0003	0.00451105
700000.0003	0.00459008
700000.0003	0.00461466
700000.0003	0.00464539
700000.0003	0.00470946
700000.0003	0.00472434
700000.0003	0.004766
700000.0003	0.00490256
700000.0003	0.00504356
700000.0003	0.00499487
700000.0003	0.00518253
700000.0003	0.00523416
700000.0003	0.00540353
700000.0003	0.00549867
700000.0003	0.00558317
700000.0003	0.00574978
700000.0003	0.00612096
700000.0003	0.00627181
700000.0003	0.00650456
700000.0003	0.00699162
700000.0003	0.00720106
700000.0003	0.00783212
700000.0003	0.00820812
700000.0003	0.00867256
700000.0003	0.00933901
700000.0003	0.00992137
700000.0003	0.0106258
700000.0003	0.0114929
700000.0003	0.0126593
700000.0003	0.0140254
700000.0003	0.0152981
700000.0003	0.0162266
