700000.0003	1471383
700000.0003	1466697
700000.0003	1469686
700000.0003	1480614
700000.0003	1485386
700000.0003	1491530
700000.0003	1475307
700000.0003	1451030
700000.0003	1416539
700000.0003	1393194
700000.0003	1385799
700000.0003	1386873
700000.0003	1376002
700000.0003	1346424
700000.0003	1271402
700000.0003	1165373
700000.0003	1032965
700000.0003	900453
700000.0003	778662
700000.0003	667754
700000.0003	576776
700000.0003	497407
700000.0003	429872
700000.0003	375937
700000.0003	328362
700000.0003	290861
700000.0003	258857
700000.0003	232636
700000.0003	211716
700000.0003	193435
700000.0003	179524
700000.0003	168502
700000.0003	158477
700000.0003	149539
700000.0003	142947
700000.0003	137538
700000.0003	133203
700000.0003	128804
700000.0003	125140
700000.0003	123460
700000.0003	121873
700000.0003	120114
700000.0003	118591
700000.0003	117233
700000.0003	115785
700000.0003	115843
700000.0003	114458
700000.0003	113198
700000.0003	112723
700000.0003	111622
700000.0003	110950
700000.0003	110107
700000.0003	109417
700000.0003	108713
700000.0003	108388
700000.0003	107349
700000.0003	106980
700000.0003	106703
700000.0003	106103
700000.0003	106221
700000.0003	105618
700000.0003	104949
700000.0003	104430
700000.0003	104213
700000.0003	103923
700000.0003	104157
700000.0003	103357
700000.0003	103185
700000.0003	102508
700000.0003	102589
700000.0003	102184
700000.0003	101845
700000.0003	101722
700000.0003	101521
700000.0003	101076
700000.0003	100504
700000.0003	100227
700000.0003	100977
700000.0003	101183
700000.0003	99870
700000.0003	100211
700000.0003	99892
700000.0003	99241
700000.0003	99345
700000.0003	99198
700000.0003	98947
700000.0003	99255
700000.0003	98760
700000.0003	98974
700000.0003	98597
700000.0003	98731
700000.0003	98783
700000.0003	98595
700000.0003	97785
700000.0003	98392
700000.0003	98065
700000.0003	97747
700000.0003	98024
700000.0003	97692
700000.0003	97789
700000.0003	98280
700000.0003	97665
700000.0003	97644
700000.0003	97766
700000.0003	97623
700000.0003	97646
700000.0003	97196
700000.0003	97064
700000.0003	97170
700000.0003	97941
700000.0003	97310
700000.0003	96806
700000.0003	96798
700000.0003	97324
700000.0003	97210
700000.0003	96911
700000.0003	97043
700000.0003	97215
700000.0003	96754
700000.0003	96982
700000.0003	97322
700000.0003	97284
700000.0003	97446
700000.0003	97424
700000.0003	96844
700000.0003	97294
700000.0003	97182
700000.0003	97033
700000.0003	97479
700000.0003	96602
700000.0003	97385
700000.0003	97006
700000.0003	97064
700000.0003	96788
700000.0003	97115
700000.0003	97136
700000.0003	96843
700000.0003	97308
700000.0003	97198
700000.0003	97477
700000.0003	97392
700000.0003	97015
700000.0003	97499
700000.0003	97347
700000.0003	97101
700000.0003	96878
700000.0003	97674
700000.0003	97728
700000.0003	98438
700000.0003	97907
700000.0003	98105
700000.0003	98046
700000.0003	98743
700000.0003	99472
700000.0003	99431
700000.0003	99607
700000.0003	100364
700000.0003	100688
700000.0003	101241
700000.0003	101598
700000.0003	102022
700000.0003	102756
700000.0003	102872
700000.0003	103681
700000.0003	104093
700000.0003	104858
700000.0003	105284
700000.0003	105957
700000.0003	106542
700000.0003	107570
700000.0003	107696
700000.0003	109508
700000.0003	109675
700000.0003	111121
700000.0003	111321
700000.0003	111912
700000.0003	113788
700000.0003	114254
700000.0003	115211
700000.0003	116672
700000.0003	117337
700000.0003	118035
700000.0003	119942
700000.0003	120521
700000.0003	122192
700000.0003	123169
700000.0003	124250
700000.0003	125098
700000.0003	126307
700000.0003	128774
700000.0003	130359
700000.0003	132372
700000.0003	133303
700000.0003	134704
700000.0003	137467
700000.0003	138459
700000.0003	140536
700000.0003	142554
700000.0003	144598
700000.0003	147075
700000.0003	149261
700000.0003	151964
700000.0003	153404
700000.0003	156318
700000.0003	158653
700000.0003	161201
700000.0003	163832
700000.0003	167294
700000.0003	170136
700000.0003	173459
700000.0003	176463
700000.0003	179702
700000.0003	184441
700000.0003	187805
700000.0003	190176
700000.0003	195436
700000.0003	199446
700000.0003	203853
700000.0003	210274
700000.0003	214794
700000.0003	220136
700000.0003	226913
700000.0003	233192
700000.0003	239739
700000.0003	247165
700000.0003	255217
700000.0003	263850
700000.0003	273584
700000.0003	283691
700000.0003	294331
700000.0003	306167
700000.0003	320825
700000.0003	335184
700000.0003	351612
700000.0003	370358
700000.0003	390049
700000.0003	412717
700000.0003	437415
700000.0003	464688
700000.0003	493767
700000.0003	525991
700000.0003	562018
700000.0003	600041
700000.0003	640589
700000.0003	685848
700000.0003	729344
700000.0003	777210
700000.0003	828324
700000.0003	876873
700000.0003	924842
700000.0003	973328
700000.0003	1019336
700000.0003	1063313
700000.0003	1103160
700000.0003	1141196
700000.0003	1171288
700000.0003	1203391
700000.0003	1230504
700000.0003	1256402
700000.0003	1275584
700000.0003	1292616
700000.0003	1311059
700000.0003	1326817
700000.0003	1338738
700000.0003	1353438
700000.0003	1363346
700000.0003	1372633
700000.0003	1381874
700000.0003	1391649
700000.0003	1397472
700000.0003	1402436
700000.0003	1410442
700000.0003	1415479
700000.0003	1420299
700000.0003	1425857
700000.0003	1426553
700000.0003	1432963
700000.0003	1434946
700000.0003	1436560
700000.0003	1441080
700000.0003	1442853
700000.0003	1444567
700000.0003	1445680
700000.0003	1450256
700000.0003	1448374
700000.0003	1450330
700000.0003	1452283
700000.0003	1453071
700000.0003	1456496
700000.0003	1455355
700000.0003	1455854
700000.0003	1455398
700000.0003	1456585
700000.0003	1456330
700000.0003	1459372
700000.0003	1457905
700000.0003	1458177
700000.0003	1458586
700000.0003	1458985
700000.0003	1459369
700000.0003	1457204
700000.0003	1457711
700000.0003	1458889
700000.0003	1459956
700000.0003	1463211
700000.0003	1457080
700000.0003	1459245
700000.0003	1459256
700000.0003	1459666
700000.0003	1459084
700000.0003	1459223
700000.0003	1460483
700000.0003	1461435
700000.0003	1461936
700000.0003	1460319
700000.0003	1458814
700000.0003	1460254
700000.0003	1461512
700000.0003	1461842
700000.0003	1461114
700000.0003	1460105
700000.0003	1462502
700000.0003	1462783
700000.0003	1461639
700000.0003	1459111
700000.0003	1461944
700000.0003	1463842
700000.0003	1463831
700000.0003	1461867
700000.0003	1462063
700000.0003	1463604
700000.0003	1462513
700000.0003	1463551
700000.0003	1462310
700000.0003	1464558
700000.0003	1464508
700000.0003	1465071
700000.0003	1464407
700000.0003	1462215
700000.0003	1463596
700000.0003	1466471
700000.0003	1465335
700000.0003	1464852
700000.0003	1466138
700000.0003	1465583
700000.0003	1467749
700000.0003	1464350
700000.0003	1464732
700000.0003	1466321
700000.0003	1469878
700000.0003	1467030
700000.0003	1466510
700000.0003	1467793
700000.0003	1467190
700000.0003	1467684
700000.0003	1467329
700000.0003	1469099
700000.0003	1468369
700000.0003	1471715
700000.0003	1469465
700000.0003	1469221
700000.0003	1468584
700000.0003	1469982
700000.0003	1471062
700000.0003	1471483
700000.0003	1471671
700000.0003	1470367
700000.0003	1473268
700000.0003	1472576
700000.0003	1471326
700000.0003	1470853
700000.0003	1474803
700000.0003	1474778
700000.0003	1474619
700000.0003	1476167
700000.0003	1474334
700000.0003	1475715
700000.0003	1472473
700000.0003	1475809
700000.0003	1476218
700000.0003	1478949
700000.0003	1480141
700000.0003	1479870
700000.0003	1478947
700000.0003	1476974
700000.0003	1476076
700000.0003	1478020
700000.0003	1480825
700000.0003	1485823
700000.0003	1485350
700000.0003	1484507
700000.0003	1483046
700000.0003	1478459
700000.0003	1479108
700000.0003	1476408
700000.0003	1483545
700000.0003	1490952
700000.0003	1492611
700000.0003	1488301
700000.0003	1481560
