700000.0003	28.1879
700000.0003	100.535
700000.0003	202.347
700000.0003	344.311
700000.0003	533.21
700000.0003	779.017
700000.0003	1072.27
700000.0003	1425.72
700000.0003	1832.82
700000.0003	2277.85
700000.0003	2763.81
700000.0003	3324.59
700000.0003	3859.14
700000.0003	4466.71
700000.0003	5022.01
700000.0003	5530.55
700000.0003	6010.84
700000.0003	6368.32
700000.0003	6667.21
700000.0003	6899.04
700000.0003	7055.74
700000.0003	7083.82
700000.0003	7100.56
700000.0003	7063
700000.0003	6938.04
700000.0003	6772.25
700000.0003	6583.48
700000.0003	6373.81
700000.0003	6049.35
700000.0003	5729.25
700000.0003	5370.71
700000.0003	4972.87
700000.0003	4538.97
700000.0003	4055.25
700000.0003	3518.24
700000.0003	2957.68
700000.0003	2359.44
700000.0003	1734.76
700000.0003	1067.99
700000.0003	366.047
700000.0003	0
700000.0003	0
700000.0003	0
700000.0003	0
700000.0003	0
700000.0003	0
700000.0003	0
700000.0003	0
700000.0003	0
700000.0003	0
700000.0003	0
700000.0003	0
700000.0003	0
700000.0003	0
700000.0003	0
700000.0003	0
700000.0003	0
700000.0003	0
700000.0003	0
700000.0003	0
700000.0003	0
700000.0003	0
700000.0003	0
700000.0003	0
700000.0003	0
700000.0003	0
700000.0003	0
700000.0003	0
700000.0003	0
700000.0003	0
700000.0003	0
700000.0003	0
700000.0003	0
700000.0003	0
700000.0003	0
700000.0003	0
700000.0003	0
700000.0003	0
700000.0003	0
700000.0003	0
700000.0003	0
700000.0003	0
700000.0003	0
700000.0003	0
700000.0003	0
700000.0003	0
700000.0003	0
700000.0003	0
700000.0003	0
700000.0003	0
700000.0003	0
700000.0003	0
700000.0003	0
700000.0003	0
700000.0003	0
700000.0003	0
700000.0003	0
700000.0003	0
700000.0003	0
700000.0003	0
700000.0003	0
700000.0003	0
700000.0003	0
700000.0003	0
700000.0003	0
700000.0003	0
700000.0003	0
700000.0003	0
700000.0003	0
700000.0003	0
700000.0003	0
700000.0003	0
700000.0003	0
700000.0003	0
700000.0003	0
700000.0003	0
700000.0003	0
700000.0003	0
700000.0003	0
700000.0003	0
700000.0003	0
700000.0003	0
700000.0003	0
700000.0003	0
700000.0003	0
700000.0003	0
700000.0003	0
700000.0003	0
700000.0003	0
700000.0003	0
700000.0003	0
700000.0003	0
700000.0003	0
700000.0003	0
700000.0003	0
700000.0003	0
700000.0003	0
700000.0003	0
700000.0003	0
700000.0003	0
700000.0003	-23.6459
700000.0003	-70.8739
700000.0003	-115.643
700000.0003	-161.041
700000.0003	-206.861
700000.0003	-251.7
700000.0003	-298.398
700000.0003	-338.295
700000.0003	-381.034
700000.0003	-423.674
700000.0003	-467.881
700000.0003	-507.981
700000.0003	-549.009
700000.0003	-587.099
700000.0003	-622.903
700000.0003	-670.415
700000.0003	-707.938
700000.0003	-748.036
700000.0003	-777.011
700000.0003	-816.822
700000.0003	-853.046
700000.0003	-886.232
700000.0003	-920.033
700000.0003	-951.482
700000.0003	-988.46
700000.0003	-1025.67
700000.0003	-1057.21
700000.0003	-1087.18
700000.0003	-1116.33
700000.0003	-1153.41
700000.0003	-1190.04
700000.0003	-1217.27
700000.0003	-1230.87
700000.0003	-1273.53
700000.0003	-1288
700000.0003	-1315.93
700000.0003	-1342.66
700000.0003	-1374.49
700000.0003	-1394.59
700000.0003	-1420.96
700000.0003	-1442.4
700000.0003	-1477.59
700000.0003	-1495.94
700000.0003	-1516.56
700000.0003	-1537.39
700000.0003	-1552.04
700000.0003	-1584.3
700000.0003	-1599.44
700000.0003	-1622.97
700000.0003	-1641.78
700000.0003	-1673.51
700000.0003	-1669.17
700000.0003	-1690.07
700000.0003	-1710.4
700000.0003	-1734.82
700000.0003	-1748.21
700000.0003	-1757.85
700000.0003	-1767.76
700000.0003	-1781.8
700000.0003	-1802.99
700000.0003	-1806.48
700000.0003	-1820.78
700000.0003	-1820.99
700000.0003	-1841.19
700000.0003	-1847.06
700000.0003	-1858.64
700000.0003	-1858.56
700000.0003	-1869.33
700000.0003	-1887.74
700000.0003	-1892.52
700000.0003	-1900.19
700000.0003	-1895.9
700000.0003	-1909.09
700000.0003	-1899.37
700000.0003	-1908.26
700000.0003	-1917.22
700000.0003	-1927.48
700000.0003	-1922.88
700000.0003	-1933.14
700000.0003	-1932.2
700000.0003	-1933.55
700000.0003	-1928.13
700000.0003	-1924.22
700000.0003	-1918.69
700000.0003	-1924
700000.0003	-1913.59
700000.0003	-1922.26
700000.0003	-1912.19
700000.0003	-1904.14
700000.0003	-1896.13
700000.0003	-1901.27
700000.0003	-1884.21
700000.0003	-1863.26
700000.0003	-1857.96
700000.0003	-1850.39
700000.0003	-1843.36
700000.0003	-1829.44
700000.0003	-1801.68
700000.0003	-1781.9
700000.0003	-1773.53
700000.0003	-1745.52
700000.0003	-1719.36
700000.0003	-1685.77
700000.0003	-1662.78
700000.0003	-1617.58
700000.0003	-1587.29
700000.0003	-1545.75
700000.0003	-1495.98
700000.0003	-1447.14
700000.0003	-1393.55
700000.0003	-1339.18
700000.0003	-1289.08
700000.0003	-1222.84
700000.0003	-1166.26
700000.0003	-1103.86
700000.0003	-1035.73
700000.0003	-975.885
700000.0003	-910.902
700000.0003	-847.985
700000.0003	-787.894
700000.0003	-730.77
700000.0003	-673.949
700000.0003	-615.821
700000.0003	-562.991
700000.0003	-514.013
700000.0003	-464.022
700000.0003	-419.198
700000.0003	-376.115
700000.0003	-337.164
700000.0003	-300.336
700000.0003	-265.176
700000.0003	-233.408
700000.0003	-204.814
700000.0003	-177.74
700000.0003	-155.176
700000.0003	-134.451
700000.0003	-116.117
700000.0003	-99.6222
700000.0003	-85.3953
700000.0003	-72.083
700000.0003	-61.8046
700000.0003	-52.0654
700000.0003	-44.5739
700000.0003	-37.2048
700000.0003	-31.2961
700000.0003	-26.8885
700000.0003	-22.1386
700000.0003	-18.9058
700000.0003	-15.567
700000.0003	-13.0618
700000.0003	-10.9902
700000.0003	-9.07862
700000.0003	-7.39652
700000.0003	-6.07297
700000.0003	-4.83972
700000.0003	-3.70119
700000.0003	-2.82382
700000.0003	-1.9136
700000.0003	-1.1097
700000.0003	-0.370028
700000.0003	0
700000.0003	0
700000.0003	0
700000.0003	0
700000.0003	0
700000.0003	0
700000.0003	0
700000.0003	0
700000.0003	0
700000.0003	0
700000.0003	0
700000.0003	0
700000.0003	0
700000.0003	0
700000.0003	0
700000.0003	0
700000.0003	0
700000.0003	0
700000.0003	0
700000.0003	0
700000.0003	0
700000.0003	0
700000.0003	0
700000.0003	0
700000.0003	0
700000.0003	0
700000.0003	0
700000.0003	0
700000.0003	0
700000.0003	0
700000.0003	0
700000.0003	0
700000.0003	0
700000.0003	0
700000.0003	0
700000.0003	0
700000.0003	0
700000.0003	0
700000.0003	0
700000.0003	0
700000.0003	0
700000.0003	0
700000.0003	0
700000.0003	0
700000.0003	0
700000.0003	0
700000.0003	0
700000.0003	0
700000.0003	0
700000.0003	0
700000.0003	0
700000.0003	0
700000.0003	0
700000.0003	0
700000.0003	0
700000.0003	0
700000.0003	0
700000.0003	0
700000.0003	0
700000.0003	0
700000.0003	0
700000.0003	0
700000.0003	0
700000.0003	0
700000.0003	0
700000.0003	0
700000.0003	0
700000.0003	0
700000.0003	0
700000.0003	0
700000.0003	0
700000.0003	0
700000.0003	0
700000.0003	0
700000.0003	0
700000.0003	0
700000.0003	0
700000.0003	0
700000.0003	0
700000.0003	0
700000.0003	0
700000.0003	0
700000.0003	0
700000.0003	0
700000.0003	0
700000.0003	0
700000.0003	0
700000.0003	0
700000.0003	0
700000.0003	0
700000.0003	0
700000.0003	0
700000.0003	0
700000.0003	0
700000.0003	0
700000.0003	0
700000.0003	0
700000.0003	0
700000.0003	0
700000.0003	0
700000.0003	-0.46579
700000.0003	0.310843
700000.0003	0.521915
700000.0003	1.42517
700000.0003	1.87616
700000.0003	-3.48736
700000.0003	0.568194
700000.0003	1.29344
700000.0003	0.36663
700000.0003	-0.336743
700000.0003	3.4202
700000.0003	5.97571
700000.0003	10.0773
700000.0003	16.1166
700000.0003	13.4183
700000.0003	-9.64811
700000.0003	-6.18328
700000.0003	4.73209
700000.0003	-33.2111
700000.0003	-4.67696
700000.0003	3.01874
700000.0003	-0.975566
700000.0003	-22.1627
700000.0003	-3.11316
700000.0003	-9.51722
700000.0003	18.2236
700000.0003	33.9722
700000.0003	-19.7685
700000.0003	-8.16399
700000.0003	1.33835
700000.0003	2.14535
700000.0003	-5.09608
700000.0003	13.5978
700000.0003	-10.1846
700000.0003	-3.93205
700000.0003	6.87856
700000.0003	1.96428
700000.0003	-7.13747
700000.0003	-1.24739
700000.0003	0.167865
700000.0003	0
700000.0003	0
700000.0003	0
700000.0003	0
700000.0003	0
700000.0003	0
700000.0003	0
700000.0003	0
700000.0003	0
700000.0003	0
700000.0003	0
700000.0003	0
700000.0003	0
700000.0003	0
700000.0003	0
700000.0003	0
700000.0003	0
700000.0003	0
700000.0003	0
700000.0003	0
700000.0003	0
700000.0003	0
700000.0003	0
700000.0003	0
700000.0003	0
700000.0003	0
700000.0003	0
700000.0003	0
700000.0003	0
700000.0003	0
700000.0003	0
700000.0003	0
700000.0003	0
700000.0003	0
700000.0003	0
700000.0003	0
700000.0003	0
700000.0003	0
700000.0003	0
700000.0003	0
700000.0003	0
700000.0003	0
700000.0003	0
700000.0003	0
700000.0003	0
700000.0003	0
700000.0003	0
700000.0003	0
700000.0003	0
700000.0003	0
700000.0003	0
700000.0003	0
700000.0003	0
700000.0003	0
700000.0003	0
700000.0003	0
700000.0003	0
700000.0003	0
700000.0003	0
700000.0003	0
700000.0003	0
700000.0003	0
700000.0003	0
700000.0003	0
700000.0003	0
700000.0003	0
700000.0003	0
700000.0003	0
700000.0003	0
700000.0003	0
700000.0003	0
700000.0003	0
700000.0003	0
700000.0003	0
700000.0003	0
700000.0003	0
700000.0003	0
700000.0003	0
700000.0003	0
700000.0003	0
700000.0003	0
700000.0003	0
700000.0003	0
700000.0003	0
700000.0003	0
700000.0003	0
700000.0003	0
700000.0003	0
700000.0003	0
700000.0003	0
700000.0003	0
700000.0003	0
700000.0003	0
700000.0003	0
700000.0003	0
700000.0003	0
700000.0003	0
700000.0003	0
700000.0003	0
700000.0003	0
700000.0003	-0.00851157
700000.0003	-0.142875
700000.0003	0.0759432
700000.0003	-0.0894792
700000.0003	-0.0617365
700000.0003	-0.0231146
700000.0003	-0.69796
700000.0003	-0.710502
700000.0003	0.247973
700000.0003	-0.918911
700000.0003	0.890395
700000.0003	-0.471005
700000.0003	0.493172
700000.0003	-0.0197689
700000.0003	-0.875083
700000.0003	2.46252
700000.0003	-1.53631
700000.0003	1.49374
700000.0003	0.236864
700000.0003	0.0865276
700000.0003	-0.884304
700000.0003	-1.06272
700000.0003	-1.01054
700000.0003	2.77128
700000.0003	-1.21043
700000.0003	-2.16655
700000.0003	-0.683061
700000.0003	6.406
700000.0003	-1.08657
700000.0003	1.86992
700000.0003	3.00344
700000.0003	-0.137996
700000.0003	2.10564
700000.0003	-1.01431
700000.0003	1.79991
700000.0003	-1.90077
700000.0003	10.6626
700000.0003	-3.07677
700000.0003	0.676332
700000.0003	4.76295
700000.0003	-4.18416
700000.0003	-0.897565
700000.0003	0.486745
700000.0003	2.67614
700000.0003	2.95918
700000.0003	2.16529
700000.0003	0.862596
700000.0003	-0.887832
700000.0003	0.0949548
700000.0003	-7.40788
700000.0003	2.27212
700000.0003	0.795616
700000.0003	-1.20512
700000.0003	-3.48345
700000.0003	-7.18323
700000.0003	-0.814433
700000.0003	-3.64553
700000.0003	-2.10765
700000.0003	2.53331
700000.0003	-3.56595
700000.0003	0.30807
700000.0003	1.76652
700000.0003	-0.156506
700000.0003	3.83229
700000.0003	2.89408
700000.0003	11.5413
700000.0003	5.25556
700000.0003	-4.08098
700000.0003	-2.21864
700000.0003	5.54784
700000.0003	-1.8131
700000.0003	-4.33462
700000.0003	1.1275
700000.0003	-3.15952
700000.0003	-7.11166
700000.0003	4.45988
700000.0003	-3.89025
700000.0003	5.02281
700000.0003	2.66402
700000.0003	-1.06275
700000.0003	1.80873
700000.0003	-0.930318
700000.0003	-1.22792
700000.0003	-6.46674
700000.0003	-2.72568
700000.0003	3.07369
700000.0003	-0.613176
700000.0003	-3.59769
700000.0003	3.29718
700000.0003	-5.61833
700000.0003	-2.21667
700000.0003	-0.668983
700000.0003	-7.83533
700000.0003	-1.18897
700000.0003	1.34513
700000.0003	4.08308
700000.0003	-5.40015
700000.0003	0.468437
700000.0003	7.07309
700000.0003	2.74944
700000.0003	-1.2798
700000.0003	0.690638
700000.0003	1.4311
700000.0003	-3.19555
700000.0003	2.43065
700000.0003	1.45428
700000.0003	-1.85618
700000.0003	1.24463
700000.0003	0.0275526
700000.0003	2.70462
700000.0003	-1.08943
700000.0003	-2.70123
700000.0003	-0.0490592
700000.0003	0.325542
700000.0003	0.0708179
700000.0003	3.40679
700000.0003	1.2261
700000.0003	0.912057
700000.0003	-0.372244
700000.0003	0.342508
700000.0003	-1.54132
700000.0003	0.344108
700000.0003	0.399999
700000.0003	-0.0594742
700000.0003	0.189915
700000.0003	-0.507211
700000.0003	0.558457
700000.0003	1.47166
700000.0003	-0.9089
700000.0003	-0.61491
700000.0003	-1.12665
700000.0003	-0.835074
700000.0003	-0.629641
700000.0003	-0.39591
700000.0003	0.388911
700000.0003	0.567775
700000.0003	0.106406
700000.0003	0.260487
700000.0003	0.433396
700000.0003	-0.0355151
700000.0003	0.199046
700000.0003	0.427554
700000.0003	0.161057
700000.0003	0.0747292
700000.0003	0.244133
700000.0003	-0.354554
700000.0003	-0.107255
700000.0003	0.102053
700000.0003	-0.150523
700000.0003	0.0437895
700000.0003	0.242331
700000.0003	0.00114529
700000.0003	-0.0669132
700000.0003	-0.0229449
700000.0003	-0.0490102
700000.0003	-0.0467096
700000.0003	-0.0137987
700000.0003	0.00810437
700000.0003	0.0117965
700000.0003	-0.00441404
700000.0003	0
700000.0003	0
700000.0003	0
700000.0003	0
700000.0003	0
700000.0003	0
700000.0003	0
700000.0003	0
700000.0003	0
700000.0003	0
700000.0003	0
700000.0003	0
700000.0003	0
700000.0003	0
700000.0003	0
700000.0003	0
700000.0003	0
700000.0003	0
700000.0003	0
700000.0003	0
700000.0003	0
700000.0003	0
700000.0003	0
700000.0003	0
700000.0003	0
700000.0003	0
700000.0003	0
700000.0003	0
700000.0003	0
700000.0003	0
700000.0003	0
700000.0003	0
700000.0003	0
700000.0003	0
700000.0003	0
700000.0003	0
700000.0003	0
700000.0003	0
700000.0003	0
700000.0003	0
700000.0003	0
700000.0003	0
700000.0003	0
700000.0003	0
700000.0003	0
700000.0003	0
700000.0003	0
700000.0003	0
700000.0003	0
700000.0003	0
700000.0003	0
700000.0003	0
700000.0003	0
700000.0003	0
700000.0003	0
700000.0003	0
700000.0003	0
700000.0003	0
700000.0003	0
700000.0003	0
700000.0003	0
700000.0003	0
700000.0003	0
700000.0003	0
700000.0003	0
700000.0003	0
700000.0003	0
700000.0003	0
700000.0003	0
700000.0003	0
700000.0003	0
700000.0003	0
700000.0003	0
700000.0003	0
700000.0003	0
700000.0003	0
700000.0003	0
700000.0003	0
700000.0003	0
700000.0003	0
700000.0003	0
700000.0003	0
700000.0003	0
700000.0003	0
700000.0003	0
700000.0003	0
700000.0003	0
700000.0003	0
700000.0003	0
700000.0003	0
700000.0003	0
700000.0003	0
700000.0003	0
700000.0003	0
700000.0003	0
700000.0003	0
700000.0003	0
700000.0003	0
700000.0003	0
700000.0003	0
