700000.0003	1471923
700000.0003	1467413
700000.0003	1469117
700000.0003	1478456
700000.0003	1489254
700000.0003	1489998
700000.0003	1476554
700000.0003	1448291
700000.0003	1419277
700000.0003	1393082
700000.0003	1385965
700000.0003	1384310
700000.0003	1378624
700000.0003	1344349
700000.0003	1272753
700000.0003	1164750
700000.0003	1036171
700000.0003	900303
700000.0003	777851
700000.0003	668047
700000.0003	575269
700000.0003	496062
700000.0003	430952
700000.0003	374698
700000.0003	327705
700000.0003	290346
700000.0003	259369
700000.0003	234030
700000.0003	211271
700000.0003	194256
700000.0003	179972
700000.0003	168069
700000.0003	158092
700000.0003	150230
700000.0003	143064
700000.0003	137410
700000.0003	132238
700000.0003	128726
700000.0003	125668
700000.0003	123786
700000.0003	121811
700000.0003	119922
700000.0003	118753
700000.0003	117916
700000.0003	116634
700000.0003	115408
700000.0003	113857
700000.0003	113223
700000.0003	112573
700000.0003	112220
700000.0003	110631
700000.0003	110490
700000.0003	109575
700000.0003	109259
700000.0003	108166
700000.0003	107784
700000.0003	107170
700000.0003	106654
700000.0003	106670
700000.0003	105405
700000.0003	105720
700000.0003	105119
700000.0003	104544
700000.0003	104745
700000.0003	104009
700000.0003	104090
700000.0003	102959
700000.0003	102655
700000.0003	102796
700000.0003	101889
700000.0003	102312
700000.0003	102302
700000.0003	101851
700000.0003	100744
700000.0003	101274
700000.0003	101176
700000.0003	101017
700000.0003	100631
700000.0003	99927
700000.0003	100116
700000.0003	99962
700000.0003	99655
700000.0003	99585
700000.0003	99894
700000.0003	99839
700000.0003	99408
700000.0003	99631
700000.0003	98932
700000.0003	98281
700000.0003	98565
700000.0003	98630
700000.0003	98098
700000.0003	98868
700000.0003	98551
700000.0003	98778
700000.0003	98209
700000.0003	98102
700000.0003	98576
700000.0003	97836
700000.0003	97693
700000.0003	98341
700000.0003	97543
700000.0003	97937
700000.0003	97981
700000.0003	97674
700000.0003	97674
700000.0003	97679
700000.0003	97440
700000.0003	97444
700000.0003	97464
700000.0003	97317
700000.0003	96630
700000.0003	97363
700000.0003	97000
700000.0003	96756
700000.0003	97602
700000.0003	97439
700000.0003	96585
700000.0003	97129
700000.0003	97026
700000.0003	97516
700000.0003	96774
700000.0003	96873
700000.0003	97253
700000.0003	96646
700000.0003	96782
700000.0003	96795
700000.0003	96689
700000.0003	96900
700000.0003	96839
700000.0003	97316
700000.0003	97096
700000.0003	97207
700000.0003	96640
700000.0003	97088
700000.0003	97174
700000.0003	97108
700000.0003	96464
700000.0003	97145
700000.0003	96575
700000.0003	97231
700000.0003	97458
700000.0003	96498
700000.0003	96678
700000.0003	97106
700000.0003	97154
700000.0003	97944
700000.0003	97673
700000.0003	97737
700000.0003	98066
700000.0003	98768
700000.0003	98535
700000.0003	99106
700000.0003	99030
700000.0003	99351
700000.0003	100544
700000.0003	100775
700000.0003	101563
700000.0003	101148
700000.0003	101661
700000.0003	102385
700000.0003	102772
700000.0003	102783
700000.0003	103552
700000.0003	104200
700000.0003	105027
700000.0003	105654
700000.0003	106213
700000.0003	106697
700000.0003	107984
700000.0003	109085
700000.0003	109691
700000.0003	109537
700000.0003	110887
700000.0003	110996
700000.0003	111996
700000.0003	113019
700000.0003	114367
700000.0003	115432
700000.0003	116473
700000.0003	117236
700000.0003	118529
700000.0003	119631
700000.0003	120520
700000.0003	122266
700000.0003	122827
700000.0003	124993
700000.0003	125954
700000.0003	127327
700000.0003	128935
700000.0003	131214
700000.0003	131860
700000.0003	133368
700000.0003	135486
700000.0003	137024
700000.0003	139682
700000.0003	140917
700000.0003	142702
700000.0003	144521
700000.0003	147001
700000.0003	148896
700000.0003	151284
700000.0003	152973
700000.0003	156012
700000.0003	158055
700000.0003	161432
700000.0003	163748
700000.0003	166211
700000.0003	170265
700000.0003	173260
700000.0003	177014
700000.0003	179944
700000.0003	183383
700000.0003	185893
700000.0003	191115
700000.0003	195118
700000.0003	200233
700000.0003	204764
700000.0003	210426
700000.0003	215544
700000.0003	220580
700000.0003	226637
700000.0003	233084
700000.0003	239920
700000.0003	247545
700000.0003	254518
700000.0003	264729
700000.0003	274010
700000.0003	283364
700000.0003	294513
700000.0003	308777
700000.0003	321533
700000.0003	334910
700000.0003	351526
700000.0003	369627
700000.0003	391477
700000.0003	413213
700000.0003	436402
700000.0003	463636
700000.0003	495269
700000.0003	526779
700000.0003	561957
700000.0003	600206
700000.0003	641469
700000.0003	684686
700000.0003	730067
700000.0003	778563
700000.0003	826926
700000.0003	875582
700000.0003	925111
700000.0003	971786
700000.0003	1020432
700000.0003	1063880
700000.0003	1103562
700000.0003	1140562
700000.0003	1172565
700000.0003	1203745
700000.0003	1229108
700000.0003	1254531
700000.0003	1274685
700000.0003	1292591
700000.0003	1312769
700000.0003	1326490
700000.0003	1338777
700000.0003	1351828
700000.0003	1363826
700000.0003	1373077
700000.0003	1382030
700000.0003	1389272
700000.0003	1398173
700000.0003	1403490
700000.0003	1409954
700000.0003	1415411
700000.0003	1421367
700000.0003	1422549
700000.0003	1429652
700000.0003	1431429
700000.0003	1432987
700000.0003	1439045
700000.0003	1439154
700000.0003	1441628
700000.0003	1446761
700000.0003	1447538
700000.0003	1448251
700000.0003	1449180
700000.0003	1450490
700000.0003	1451023
700000.0003	1454448
700000.0003	1454085
700000.0003	1454935
700000.0003	1455744
700000.0003	1457903
700000.0003	1456145
700000.0003	1457352
700000.0003	1457378
700000.0003	1456039
700000.0003	1459570
700000.0003	1457653
700000.0003	1457978
700000.0003	1459674
700000.0003	1459332
700000.0003	1457973
700000.0003	1459116
700000.0003	1459158
700000.0003	1457575
700000.0003	1459391
700000.0003	1458978
700000.0003	1461664
700000.0003	1460473
700000.0003	1458648
700000.0003	1459751
700000.0003	1459246
700000.0003	1460781
700000.0003	1458015
700000.0003	1460785
700000.0003	1463147
700000.0003	1460211
700000.0003	1460553
700000.0003	1460294
700000.0003	1460022
700000.0003	1462686
700000.0003	1459747
700000.0003	1460817
700000.0003	1463128
700000.0003	1463847
700000.0003	1460475
700000.0003	1461313
700000.0003	1462330
700000.0003	1461769
700000.0003	1462763
700000.0003	1463043
700000.0003	1462906
700000.0003	1462551
700000.0003	1465534
700000.0003	1463001
700000.0003	1462099
700000.0003	1462597
700000.0003	1465371
700000.0003	1465875
700000.0003	1464155
700000.0003	1463844
700000.0003	1464016
700000.0003	1467724
700000.0003	1463866
700000.0003	1464932
700000.0003	1464858
700000.0003	1467700
700000.0003	1467276
700000.0003	1466657
700000.0003	1464394
700000.0003	1467164
700000.0003	1468078
700000.0003	1468303
700000.0003	1467082
700000.0003	1466635
700000.0003	1468802
700000.0003	1469912
700000.0003	1468423
700000.0003	1467327
700000.0003	1468841
700000.0003	1471876
700000.0003	1471001
700000.0003	1469359
700000.0003	1468580
700000.0003	1469854
700000.0003	1473838
700000.0003	1472419
700000.0003	1470556
700000.0003	1471203
700000.0003	1473716
700000.0003	1473324
700000.0003	1471820
700000.0003	1474134
700000.0003	1473123
700000.0003	1477343
700000.0003	1475552
700000.0003	1473453
700000.0003	1474575
700000.0003	1475706
700000.0003	1477376
700000.0003	1477208
700000.0003	1479889
700000.0003	1478767
700000.0003	1480569
700000.0003	1477374
700000.0003	1477872
700000.0003	1475200
700000.0003	1482195
700000.0003	1484984
700000.0003	1484785
700000.0003	1486579
700000.0003	1482009
700000.0003	1478856
700000.0003	1477202
700000.0003	1479150
700000.0003	1484142
700000.0003	1489072
700000.0003	1493546
700000.0003	1487958
700000.0003	1481729
