700000.0003	2961.09	2962.74	2960.84	2957.39	2959.48	2958.64	2958.65	2957.25	2956.96	2955.11	2956.1	2961.16	2960.24	2962.08	2960.17
700000.0003	1535.78	1536.27	1534.76	1535.46	1531.1	1532.89	1531.6	1533.12	1532.72	1532.12	1531.59	1534.01	1531.86	1536.15	1535.2
700000.0003	194.459	193.894	195.099	194.358	192.76	193.657	193.638	192.588	194.075	194.909	192.858	194.238	192.363	195.014	195.059
700000.0003	32.0512	32.0566	32.1711	32.516	32.3997	32.2547	32.9289	31.8617	32.2006	32.6506	32.1592	32.0015	32.2067	32.3708	32.6092
700000.0003	19.1571	19.3346	19.1736	19.4914	19.1308	19.5291	19.4079	19.1911	19.2093	18.8869	19.0604	19.345	19.6851	19.5845	19.1766
700000.0003	16.7181	16.472	16.3051	17.0016	17.2073	16.537	16.6975	16.9794	16.5546	16.4169	16.894	16.4128	16.9938	16.5372	16.1911
700000.0003	15.265	15.2851	15.6228	15.436	15.4495	15.2563	15.2728	15.2691	15.3758	15.2489	15.4439	15.1319	15.3999	15.1653	15.3642
700000.0003	14.6026	14.8415	14.5063	14.6786	14.7183	14.4929	14.3844	14.353	14.2019	14.4064	14.4627	14.5605	13.9061	14.149	14.749
700000.0003	14.855	14.3038	14.105	14.2942	14.2481	14.0965	13.966	13.8577	13.9361	14.3232	13.7436	13.8505	13.8265	13.7371	14.0597
700000.0003	14.0859	13.7305	13.4611	14.1065	13.3815	13.7722	13.5795	13.2105	13.6764	13.944	13.3348	13.7852	13.7867	13.8325	13.4861
700000.0003	13.479	13.165	13.472	13.7858	13.6165	13.8714	13.8216	13.4497	13.526	13.6087	13.5292	13.5187	13.358	13.5415	13.2494
700000.0003	13.6099	13.3248	13.2063	13.3181	13.3729	13.7776	13.2319	13.5412	13.5856	13.5168	13.5404	13.5825	13.3752	13.1155	13.5646
700000.0003	13.4307	13.133	13.0346	13.504	13.2785	13.0383	13.0207	13.2065	13.5025	13.2441	13.4257	13.3144	13.3564	13.0899	13.3089
700000.0003	13.1629	13.3167	13.2085	13.2959	13.143	13.2652	13.2429	13.4365	13.0032	13.511	13.1874	13.1114	13.3516	13.2395	13.1834
700000.0003	13.6474	13.7208	13.3037	13.3888	13.831	13.5873	13.5095	13.1161	13.1061	13.3925	13.4388	13.2404	13.1966	13.4992	13.4533
700000.0003	14.1175	14.2085	13.9565	14.1577	13.8002	14.2033	14.1381	13.6796	13.9866	14.0601	14.0098	14.2022	14.2329	14.2846	13.7117
700000.0003	15.2561	14.7993	15.0836	15.0301	14.6358	14.9769	14.9284	15.0105	14.9598	15.3357	15.3227	14.9658	14.9825	15.0243	15.1183
700000.0003	16.9614	16.8146	17.2283	16.6653	17.3486	16.905	16.9751	16.6284	17.0237	16.85	17.2254	16.7	16.9531	16.7941	17.2588
700000.0003	19.8604	19.4966	19.8042	19.8075	19.7261	19.7519	20.046	19.5459	19.8713	20.1439	19.8094	19.4684	19.9008	19.9065	20.2199
700000.0003	24.0437	24.2309	23.7237	23.8386	24.164	24.0291	23.8697	23.4937	24.1292	24.264	23.833	24.0411	23.6616	24.0806	24.1986
700000.0003	30.4497	30.5163	30.182	30.7983	30.9259	30.5137	30.2848	30.5711	30.6191	30.8597	30.611	30.6335	30.4029	30.5774	30.5081
700000.0003	42.124	42.1619	42.1907	42.3358	42.4286	41.8071	42.1605	41.5125	41.8916	41.456	41.8102	42.466	42.1756	42.0561	41.6353
700000.0003	67.2522	67.1155	67.1019	68.0613	68.0066	67.0218	67.145	67.1127	67.4781	67.047	67.7788	67.3525	67.1476	67.8865	67.4449
700000.0003	155.458	156.161	155.619	155.564	155.923	155.972	155.54	155.33	156.745	155.977	155.444	154.904	155.539	154.986	154.75
700000.0003	514.226	515.693	516.578	516.307	517.52	515.157	517.338	516.311	517.653	516.85	515.371	517.372	514.514	516.061	515.202
700000.0003	1360.3	1360.57	1362.45	1363.2	1364.52	1362.37	1363.04	1363.04	1361.76	1362.81	1365.29	1363.4	1361.42	1360.87	1362
700000.0003	2201.94	2201.7	2198.66	2203.42	2202.95	2203.75	2202.18	2202.62	2203.65	2203.03	2202.05	2203.59	2200.75	2201.79	2201.27
700000.0003	2641.04	2639.65	2639.72	2641.47	2643.83	2645.9	2641.88	2644.29	2640.8	2640.79	2642.17	2643.78	2643.58	2642.57	2642.13
700000.0003	2785.93	2783.65	2789.99	2787.73	2787.63	2790.68	2791.61	2788.75	2785.69	2786.48	2790.74	2792.41	2788.48	2791.44	2787.19
700000.0003	2833.68	2834.6	2835.51	2836.45	2833.95	2836.01	2838.44	2836.95	2833.55	2835.75	2837.81	2838.15	2834.42	2836.33	2834.17
700000.0003	2863.04	2865.34	2865.13	2866.7	2865.87	2865.13	2865.71	2864.49	2864.6	2865.6	2864.71	2864.99	2867.27	2865.9	2864.19
700000.0003	2891.37	2896.87	2892.51	2892.27	2891.53	2893.68	2892.69	2891.22	2895.07	2892.12	2890.4	2891	2898.1	2893.15	2890.14
700000.0003	2919.94	2922.56	2921.81	2917.22	2919.51	2922.05	2921.06	2917.41	2918.13	2922.22	2921.6	2918.39	2920.88	2919.45	2918.03
700000.0003	2943.22	2945.64	2952.04	2948.46	2945.27	2945.59	2949.37	2946.69	2942.79	2945.76	2947.88	2948.08	2945.81	2949.66	2949.17
700000.0003	2975.5	2975.04	2976.01	2975.61	2971.29	2971.8	2972.25	2976.66	2969.4	2971.97	2974.97	2978.91	2971.99	2972.08	2974.31
700000.0003	3002.6	2999.15	3001.24	3001.81	3002.12	2998.86	3000.55	2999.45	2998.62	2997.43	3001.52	3002.26	3000.85	3000.31	3003.33
700000.0003	3029.72	3027.77	3026.73	3026.81	3030.62	3028.07	3022.91	3024.24	3027.06	3028.14	3025.18	3026.03	3028.92	3028.87	3028.14
700000.0003	3053.76	3057.37	3056.37	3049.74	3049.64	3056.53	3054.59	3051.45	3048.57	3052.11	3054.02	3053.16	3054.51	3054.81	3056.38
700000.0003	3076.4	3078.51	3080.77	3081.13	3076.68	3078.53	3078.07	3076.05	3073.9	3079.4	3077.73	3078.68	3076.51	3082.8	3084.37
700000.0003	3100.26	3098.4	3099.96	3097.62	3094.94	3094.8	3099.21	3093.15	3093.94	3095.23	3097.14	3095.52	3096.09	3099.6	3100.1
700000.0003	0.0271147	0.512326	-0.145221	-0.866332	0.793596	-0.923372	-0.576782	-0.345939	-0.0434795	-0.226557	-0.123581	1.27473	-1.85913	0.934983	-0.15081
700000.0003	0.0526384	0.205686	1.62394	0.236309	-0.917802	-0.444974	0.654166	-0.447697	-0.396365	-0.603702	-0.0821523	-1.02704	0.981429	0.667776	-0.0274313
700000.0003	-0.382685	0.203393	0.0897511	0.223535	-0.199943	0.312053	-0.466854	0.234038	-0.0668906	0.00717984	-0.192857	-0.0846437	0.263726	0.036958	0.36819
700000.0003	0.150676	0.167236	0.0503346	0.106576	-0.0569787	-0.0723508	-0.0564719	-0.0726882	0.053675	0.133121	0.199772	0.0647958	0.0349186	0.164058	-0.0999184
700000.0003	0.107934	-0.00408021	0.00502924	-0.0648233	-0.0359246	0.202036	-0.0947661	0.148859	0.194037	-0.163868	-0.105593	0.0977506	0.0525121	-0.0399003	0.171342
700000.0003	0.165394	0.132344	0.107793	-0.0269137	-0.0992468	0.128841	-0.0553182	-0.0137542	-0.163913	-0.0723198	-0.000620855	0.0355609	0.0269189	-0.0176397	0.0973995
700000.0003	0.109387	-0.0545355	0.0348652	-0.0434105	-0.152809	0.0577943	-0.0448323	-0.00586989	0.0279405	-0.0079425	0.0566752	-0.104476	0.0108764	0.0909762	0.326977
700000.0003	-0.136795	-0.019116	-0.138836	0.115443	-0.171774	-0.0312364	-0.122415	-0.0916463	0.0159892	0.0149534	-0.0273382	-0.121687	0.0901565	-0.0927638	0.114204
700000.0003	-0.21822	0.0170961	0.0787493	-0.0476811	0.11041	-0.106924	-0.0540303	-0.0280883	0.0805791	0.0668701	-0.138023	0.0216813	0.0652284	0.0548924	-0.105992
700000.0003	-0.0570106	0.0228237	0.155569	0.152759	-0.052742	-0.207165	0.0485199	-0.124695	0.0302468	0.00754853	0.0800871	0.137565	-0.00620615	0.0447552	-0.146022
700000.0003	-0.182194	-0.134085	0.0461153	-0.0925957	0.0410651	0.126079	0.110998	0.0129078	-0.0589166	-0.0293589	-0.108354	0.0269341	0.0197005	0.0194349	-0.0258339
700000.0003	0.165494	0.093902	-0.136323	0.138457	0.111573	0.144412	0.246771	0.139481	0.0992839	0.0877205	0.135512	0.0903168	-0.165887	0.0253171	0.0447996
700000.0003	-0.0027177	-0.038395	-0.0984895	0.143768	0.0555168	-0.0431238	0.099013	0.0141214	0.331171	-0.0535686	-0.114592	0.0409792	-0.105835	0.0177519	-0.197867
700000.0003	-0.0201033	-0.0950819	0.0413788	-0.0254459	0.0237633	-0.268119	0.0591293	-0.00271008	0.0348107	-0.0309605	-0.0449046	-0.0465675	-0.0506762	-0.050661	-0.0304788
700000.0003	-0.0322408	0.158524	0.0563779	-0.0799878	0.00210836	0.126121	-0.134421	0.151505	-0.0592248	-0.114176	0.00991926	-0.0353148	-0.19414	-0.0841341	-0.00618229
700000.0003	-0.0258659	-0.167107	0.078678	-0.117952	-0.115379	0.0593651	-0.11737	0.135921	0.1902	0.140604	0.0992645	0.0601575	-0.106888	-0.0260055	-0.0691648
700000.0003	-0.0335214	0.193692	0.0351749	0.107574	0.121391	0.00789333	0.174258	-0.023738	0.0204242	-0.102861	-0.189114	0.159795	0.0361884	0.16177	0.025253
700000.0003	-0.0388251	0.0713311	0.194462	-0.089075	0.074929	0.115357	0.165762	-0.143685	-0.0194855	0.112401	0.158668	-0.0662746	0.133202	-0.107362	0.0133275
700000.0003	0.170246	0.0557127	-0.0724505	0.151309	0.108704	0.103888	0.126637	0.255898	-0.0249939	-0.129377	0.0441346	-0.0299535	0.0937138	-0.0653742	0.12688
700000.0003	0.153478	0.184619	-0.185193	-0.0795822	-0.149072	0.050024	-0.0808525	-0.0782289	-0.215587	-0.139037	-0.0160118	0.117367	0.183553	-0.0904508	-0.0726258
700000.0003	0.181125	-0.0893414	-0.357592	0.0244534	0.0225508	-0.0212233	0.13242	-0.286727	0.0552783	-0.0307515	-0.0340232	0.0457698	-0.165842	-0.0777645	0.0331366
700000.0003	0.174616	0.156121	0.122294	0.155589	0.103955	0.0320864	-0.14009	-0.446117	0.0930752	-0.0548887	0.0717629	0.0189695	-0.0937806	0.0581494	-0.0208886
700000.0003	0.0735357	0.0047916	0.087388	0.0730034	0.0753418	-0.0116689	-0.13441	0.119689	-0.0633107	0.344845	-0.236583	0.266829	-0.0771656	-0.356049	0.147547
700000.0003	0.00139646	0.28572	-0.0127853	-0.147127	0.223416	0.230491	0.176177	0.357935	0.00116576	-0.136146	0.250572	-0.0952113	-0.679813	-0.00686157	0.200646
700000.0003	0.574828	0.70096	0.703686	-0.415417	0.0798763	0.474926	0.0364895	-0.543922	-0.488319	-0.233841	0.49834	0.0775716	-0.0288087	-0.0956627	0.214113
700000.0003	-0.0735783	0.0509723	-0.226029	-0.172528	0.357026	-0.0200437	0.112589	0.0140234	-0.587705	0.384657	-0.0967331	0.597212	-1.16275	0.085179	-0.0796795
700000.0003	1.29456	-0.445599	0.621997	-0.159126	0.908285	-0.242121	-0.53425	-0.521609	-0.84036	-0.764587	-0.572775	-0.287013	0.652242	-0.938946	0.408529
700000.0003	-0.465074	1.43972	-0.360447	0.66927	-0.392276	-0.543777	0.215714	-0.858943	-0.676326	0.308181	0.55443	-0.329015	-0.755747	0.118118	-0.702852
700000.0003	-0.245365	0.514938	0.672246	-0.560251	-0.241696	1.53164	-0.0684862	-0.242468	-0.283319	-0.0683857	-0.675523	0.246149	0.60454	1.482	1.29834
700000.0003	1.17476	1.06339	-0.186952	-0.224507	-1.10781	-0.331593	-0.904586	0.804379	0.302466	-0.455978	0.075014	1.38967	0.624953	2.44624	1.39105
700000.0003	2.16047	-0.382754	-0.366937	-0.940462	-0.448904	-0.577171	-0.0293871	0.114982	0.761887	-1.25119	-0.321229	0.643785	1.53822	0.939629	2.17993
700000.0003	1.08979	0.511226	0.367824	-0.674752	-0.643909	-0.321248	-1.33771	-1.22742	0.0914027	1.10673	0.0871974	-1.05051	0.471983	1.07859	1.13355
700000.0003	-0.279675	0.414271	0.350589	-1.27179	-1.72188	-0.523858	0.0131828	-0.522546	-0.556493	0.926097	-0.194169	-0.130417	0.732383	0.643176	0.433209
700000.0003	0.184262	-0.231533	-0.466848	-0.435467	-0.596952	-0.614932	-0.172911	-0.601669	0.0503972	0.0221493	1.10147	0.0456247	0.0142552	0.678781	0.863202
700000.0003	-0.330508	-1.21611	-0.529437	0.648385	-0.203264	-1.36647	-0.648543	-0.334275	0.0790675	0.357334	1.02193	0.317732	-0.0371362	0.802278	0.417118
700000.0003	-0.394782	-1.24443	-0.430318	-0.226413	-0.119536	-1.23184	-0.575437	0.484062	1.02597	0.116805	-0.526257	0.7822	1.95396	0.932187	-0.677169
700000.0003	-0.946136	-0.0391021	-1.42216	-1.71053	-0.321501	0.753177	-0.196661	-0.5453	0.178778	1.34183	0.353617	0.993751	1.3378	0.624129	-0.262737
700000.0003	-0.891615	-1.55935	-0.643483	-0.878934	-0.996213	-0.235947	0.15564	0.498154	0.116458	0.0294259	-0.00921276	0.703989	0.888238	1.34225	-0.149832
700000.0003	-0.570419	-1.22195	-1.46217	-0.549072	-0.645595	-0.88279	-0.522997	-0.663293	0.542807	0.801796	0.787441	0.601106	0.0903832	-0.100723	1.14014
700000.0003	0.373987	-0.186092	-1.30016	-0.466756	-0.701193	-0.270321	-0.11973	-0.361404	-1.06978	-0.424231	1.81193	0.44311	0.538687	-0.394974	-0.0743199
700000.0003	2913.64	2914.28	2912.24	2909.14	2910.29	2909.99	2909.86	2907.28	2909.52	2910.16	2910.94	2912.7	2915.21	2912.95	2911.31
700000.0003	1608.71	1609.4	1607.76	1608.4	1605.38	1604.65	1603.88	1606.4	1604.57	1603.63	1604.76	1608.2	1605.27	1608.35	1610.52
700000.0003	174.248	174.973	174.283	174.433	172.73	174.014	173.779	172.916	174.042	174.048	174.113	174.276	172.867	174.95	175.023
700000.0003	28.436	28.0243	28.0551	28.7404	28.4934	28.56	28.2428	28.3749	28.0491	28.6958	28.3492	28.2691	28.4991	28.4946	28.5685
700000.0003	18.0843	18.3507	18.1829	18.3479	18.2078	18.6368	17.8326	17.9381	18.1231	17.9427	17.7801	18.563	18.1189	18.5233	18.3733
700000.0003	16.0975	16.3774	16.4771	16.5553	16.501	15.7593	15.9949	16.1175	16.4545	16.3159	16.1576	16.0523	16.1949	16.0942	15.9039
700000.0003	15.0763	14.9663	15.3662	15.137	15.082	15.2823	15.2773	15.1203	15.4122	15.1019	15.0286	14.7463	14.9932	14.8205	14.9816
700000.0003	14.5313	14.4805	14.221	14.2583	14.4408	14.0226	14.0942	14.255	14.3356	14.3318	14.1188	14.164	14.1805	14.2115	14.341
700000.0003	14.4798	14.0021	14.1479	14.0319	13.9099	14.0177	14.0159	13.907	13.7413	13.8018	13.7389	13.9274	13.6011	13.7042	14.1605
700000.0003	13.6964	13.3937	13.3539	13.8173	13.404	13.351	13.5467	13.1721	13.6446	13.7813	13.513	13.5426	13.4313	13.7142	13.6924
700000.0003	13.5187	13.267	13.5994	13.5958	13.45	13.4813	13.3562	13.5649	13.6565	14.0127	13.5903	13.4714	13.2015	13.3908	13.5162
700000.0003	13.7102	13.1647	13.0776	13.393	13.6328	13.5905	12.979	13.5268	13.3699	13.6224	13.4122	13.0961	12.9513	12.7937	13.5888
700000.0003	13.2126	13.2059	13.1918	13.4772	13.4256	13.2118	13.1246	13.3493	13.3923	12.9907	13.2089	13.3618	13.3283	13.2027	12.8769
700000.0003	13.362	13.4609	13.2854	13.06	12.9633	13.2157	13.1676	13.2602	13.0029	13.2226	13.2386	13.1935	13.3643	13.0908	13.3404
700000.0003	13.7289	13.7667	13.1857	13.5172	13.5114	13.6251	13.6307	13.3284	13.4184	13.3142	13.5756	13.1087	13.0747	13.5019	13.5608
700000.0003	14.144	14.0408	13.9654	14.1041	14.0859	14.3697	13.9162	13.858	13.94	14.1116	14.0382	14.1003	13.9973	14.3413	14.0456
700000.0003	15.4016	14.9667	15.0607	15.0344	14.976	14.8833	15.1488	14.9822	15.0889	15.3412	15.1234	15.1603	15.1669	14.9893	14.8435
700000.0003	16.733	16.6379	17.1747	16.9122	17.1943	17.2031	16.9377	16.913	16.8617	16.7698	16.8696	16.578	17.2218	16.9701	17.1197
700000.0003	19.6807	19.242	19.2903	19.6224	19.7465	19.8287	19.7796	19.5579	19.5006	19.7913	19.713	19.6898	19.8996	19.3385	19.5786
700000.0003	23.847	23.6652	23.4087	24.0649	23.7908	23.5999	23.8646	23.5674	24.2493	24.1419	23.8673	23.6094	23.957	23.5127	24.0049
700000.0003	30.0694	30.0439	30.1912	30.4008	30.5307	30.4943	30.2828	30.1615	30.5964	30.4271	30.476	30.3201	30.106	30.5818	30.2126
700000.0003	41.8293	42.0917	41.7663	42.1381	42.2833	41.3553	41.8865	41.8327	41.519	41.36	42.2421	42.1667	41.7858	42.1861	41.5542
700000.0003	66.4503	66.0221	66.0476	67.1063	67.2281	66.8415	65.9076	66.0547	66.139	66.1845	66.74	65.9243	66.4566	67.3294	66.8434
700000.0003	152.511	154.541	153.891	153.414	153.568	152.751	152.838	152.848	153.244	152.837	153.14	152.376	152.797	152.463	152.247
700000.0003	518.621	520.361	520.705	522.132	521.52	519.568	520.003	521.774	521.809	521.097	520.469	521.089	519.34	521.15	520.334
700000.0003	1361.02	1360.75	1365.55	1364.55	1363.72	1364.45	1364.6	1365.41	1363.47	1364	1364.49	1362.84	1362.93	1361.83	1362.17
700000.0003	2153.79	2154.5	2153.16	2153.75	2155.46	2154.85	2154.8	2154.2	2154.99	2155.14	2153.15	2157.61	2152.97	2153.91	2154.08
700000.0003	2586.27	2584.62	2585.61	2584.64	2588.5	2591.18	2586.36	2585.62	2585.56	2583.26	2587.78	2585	2587.07	2586.17	2586.06
700000.0003	2775.26	2777.06	2777.85	2778.19	2779.25	2780.27	2778.61	2777.62	2779.38	2779.14	2779.59	2779.91	2779.33	2778	2776.63
700000.0003	2864.34	2866.14	2865.96	2867.33	2865.51	2862.95	2867.08	2866.31	2867.49	2866.38	2866.06	2866.2	2864.65	2866.59	2867.17
700000.0003	2909.68	2904.45	2905.57	2908.84	2904.34	2906.18	2904.67	2906.13	2902.25	2905.22	2905.77	2905.47	2904.05	2905.2	2906.27
700000.0003	2931.61	2931.97	2930.69	2932.26	2932.77	2930.96	2931.99	2930.61	2932.32	2930.51	2931.83	2929.34	2933.46	2931.38	2930.67
700000.0003	2953.54	2954.91	2952.77	2952.15	2952.35	2954.45	2951.61	2951.58	2952.71	2953.87	2951.76	2951.2	2953.07	2951.13	2949.6
700000.0003	2970.06	2970.66	2975.74	2968.78	2972.56	2969.57	2973.45	2971.97	2971.29	2970.78	2971.12	2970.3	2971.76	2972.81	2971.75
700000.0003	2988.88	2990.58	2988.99	2991	2989.92	2988.09	2989.22	2989.82	2988.55	2988.27	2991.38	2990.27	2987.03	2988.56	2989.7
700000.0003	3006.61	3004.21	3007.27	3008.98	3008.05	3006.68	3008.3	3005.93	3006.05	3007.62	3008.15	3008.42	3003.88	3006.58	3006.81
700000.0003	3024.49	3024.11	3023.44	3028.07	3025.07	3025.77	3021.04	3026.86	3024.11	3025.68	3022.18	3023.56	3024.19	3023.56	3023.65
700000.0003	3045.99	3045.86	3045.63	3042.37	3044.39	3046.04	3046.84	3046.02	3045.25	3044.17	3044.62	3043.79	3046.92	3043.8	3044.71
700000.0003	3070.86	3071.84	3070.54	3070	3069.81	3071.46	3068.68	3070.51	3070.43	3069.99	3070.21	3070.95	3069.64	3072.27	3071.65
700000.0003	3087	3085.78	3085.22	3086.65	3084.59	3081.31	3084.3	3080.21	3084.34	3083.97	3084.91	3084.81	3085.89	3085.8	3088.35
