700000.0003	0.0266096
700000.0003	0.0352408
700000.0003	0.0525311
700000.0003	0.0800314
700000.0003	0.124002
700000.0003	0.188224
700000.0003	0.278964
700000.0003	0.39756
700000.0003	0.552879
700000.0003	0.749014
700000.0003	0.983095
700000.0003	1.27186
700000.0003	1.60642
700000.0003	1.98821
700000.0003	2.41481
700000.0003	2.86483
700000.0003	3.33108
700000.0003	3.81098
700000.0003	4.2899
700000.0003	4.74841
700000.0003	5.18423
700000.0003	5.62468
700000.0003	6.05418
700000.0003	6.45123
700000.0003	6.87723
700000.0003	7.2103
700000.0003	7.58976
700000.0003	7.8968
700000.0003	8.18202
700000.0003	8.4855
700000.0003	8.85106
700000.0003	9.11188
700000.0003	9.33708
700000.0003	9.50134
700000.0003	9.75379
700000.0003	9.94253
700000.0003	10.0315
700000.0003	10.1437
700000.0003	10.2189
700000.0003	10.2079
700000.0003	10.2702
700000.0003	10.3412
700000.0003	10.277
700000.0003	10.1984
700000.0003	10.2431
700000.0003	10.2629
700000.0003	10.2955
700000.0003	10.3251
700000.0003	10.3294
700000.0003	10.2529
700000.0003	10.2714
700000.0003	10.2806
700000.0003	10.2966
700000.0003	10.251
700000.0003	10.3279
700000.0003	10.2841
700000.0003	10.3227
700000.0003	10.2981
700000.0003	10.278
700000.0003	10.3967
700000.0003	10.2349
700000.0003	10.3422
700000.0003	10.3566
700000.0003	10.3341
700000.0003	10.3311
700000.0003	10.3256
700000.0003	10.3091
700000.0003	10.3209
700000.0003	10.2803
700000.0003	10.3324
700000.0003	10.3672
700000.0003	10.3802
700000.0003	10.3167
700000.0003	10.329
700000.0003	10.3497
700000.0003	10.343
700000.0003	10.4013
700000.0003	10.3345
700000.0003	10.3298
700000.0003	10.3167
700000.0003	10.3747
700000.0003	10.4146
700000.0003	10.3237
700000.0003	10.4059
700000.0003	10.3205
700000.0003	10.3244
700000.0003	10.365
700000.0003	10.3921
700000.0003	10.3469
700000.0003	10.3682
700000.0003	10.3891
700000.0003	10.3652
700000.0003	10.3275
700000.0003	10.3517
700000.0003	10.4268
700000.0003	10.3929
700000.0003	10.389
700000.0003	10.399
700000.0003	10.4301
700000.0003	10.3458
700000.0003	10.383
700000.0003	10.3741
700000.0003	10.3585
700000.0003	10.4026
700000.0003	10.4243
700000.0003	10.3705
700000.0003	10.465
700000.0003	10.3695
700000.0003	10.4452
700000.0003	10.3858
700000.0003	10.3307
700000.0003	10.3837
700000.0003	10.4434
700000.0003	10.4026
700000.0003	10.3563
700000.0003	10.3999
700000.0003	10.4331
700000.0003	10.4238
700000.0003	10.3745
700000.0003	10.5101
700000.0003	10.4527
700000.0003	10.432
700000.0003	10.4729
700000.0003	10.529
700000.0003	10.4449
700000.0003	10.5067
700000.0003	10.4209
700000.0003	10.4136
700000.0003	10.4919
700000.0003	10.5206
700000.0003	10.5097
700000.0003	10.498
700000.0003	10.4146
700000.0003	10.464
700000.0003	10.4246
700000.0003	10.4484
700000.0003	10.4032
700000.0003	10.3741
700000.0003	10.543
700000.0003	10.4265
700000.0003	10.4523
700000.0003	10.4649
700000.0003	10.5324
700000.0003	10.4366
700000.0003	10.4726
700000.0003	10.4813
700000.0003	10.449
700000.0003	10.4416
700000.0003	10.4172
700000.0003	10.47
700000.0003	10.3934
700000.0003	10.3608
700000.0003	10.3766
700000.0003	10.278
700000.0003	10.2249
700000.0003	10.1949
700000.0003	10.132
700000.0003	10.1862
700000.0003	10.1561
700000.0003	10.0203
700000.0003	9.97939
700000.0003	10.0131
700000.0003	9.96341
700000.0003	9.90058
700000.0003	9.93133
700000.0003	9.79971
700000.0003	9.80552
700000.0003	9.7509
700000.0003	9.61239
700000.0003	9.6169
700000.0003	9.59294
700000.0003	9.49504
700000.0003	9.43748
700000.0003	9.38445
700000.0003	9.31694
700000.0003	9.31432
700000.0003	9.18055
700000.0003	9.16058
700000.0003	9.05328
700000.0003	8.99718
700000.0003	8.91971
700000.0003	8.8527
700000.0003	8.78542
700000.0003	8.72001
700000.0003	8.63078
700000.0003	8.49067
700000.0003	8.51604
700000.0003	8.42798
700000.0003	8.28359
700000.0003	8.22633
700000.0003	8.15112
700000.0003	8.06032
700000.0003	8.02843
700000.0003	7.96903
700000.0003	7.81348
700000.0003	7.74679
700000.0003	7.64648
700000.0003	7.59073
700000.0003	7.52351
700000.0003	7.34403
700000.0003	7.31242
700000.0003	7.2207
700000.0003	7.11548
700000.0003	7.03112
700000.0003	6.92712
700000.0003	6.86791
700000.0003	6.78738
700000.0003	6.68334
700000.0003	6.52797
700000.0003	6.4792
700000.0003	6.41072
700000.0003	6.29408
700000.0003	6.16234
700000.0003	6.11538
700000.0003	6.01262
700000.0003	5.90995
700000.0003	5.82575
700000.0003	5.78197
700000.0003	5.6275
700000.0003	5.54834
700000.0003	5.44215
700000.0003	5.35286
700000.0003	5.24686
700000.0003	5.15163
700000.0003	5.05947
700000.0003	4.98793
700000.0003	4.86752
700000.0003	4.76801
700000.0003	4.6726
700000.0003	4.58918
700000.0003	4.47832
700000.0003	4.38217
700000.0003	4.27323
700000.0003	4.19111
700000.0003	4.06615
700000.0003	3.97924
700000.0003	3.87554
700000.0003	3.76793
700000.0003	3.65995
700000.0003	3.5646
700000.0003	3.44212
700000.0003	3.3297
700000.0003	3.22443
700000.0003	3.11356
700000.0003	2.98211
700000.0003	2.86132
700000.0003	2.72532
700000.0003	2.59695
700000.0003	2.47111
700000.0003	2.33597
700000.0003	2.18583
700000.0003	2.06483
700000.0003	1.92626
700000.0003	1.797
700000.0003	1.66588
700000.0003	1.54005
700000.0003	1.41164
700000.0003	1.29756
700000.0003	1.18768
700000.0003	1.07842
700000.0003	0.98124
700000.0003	0.879384
700000.0003	0.794252
700000.0003	0.710817
700000.0003	0.636647
700000.0003	0.561367
700000.0003	0.496178
700000.0003	0.442046
700000.0003	0.384435
700000.0003	0.334823
700000.0003	0.293177
700000.0003	0.253031
700000.0003	0.216975
700000.0003	0.185471
700000.0003	0.159285
700000.0003	0.134992
700000.0003	0.113505
700000.0003	0.096618
700000.0003	0.0814404
700000.0003	0.0688125
700000.0003	0.0582744
700000.0003	0.0485038
700000.0003	0.0410412
700000.0003	0.0347014
700000.0003	0.0294048
700000.0003	0.024775
700000.0003	0.0211817
700000.0003	0.0179922
700000.0003	0.0157067
700000.0003	0.0131265
700000.0003	0.0115931
700000.0003	0.0102468
700000.0003	0.00899179
700000.0003	0.00808709
700000.0003	0.00735082
700000.0003	0.00670488
700000.0003	0.00613773
700000.0003	0.00589901
700000.0003	0.00550979
700000.0003	0.00531996
700000.0003	0.0051953
700000.0003	0.00522067
700000.0003	0.00510027
700000.0003	0.00489489
700000.0003	0.00495333
700000.0003	0.00485284
700000.0003	0.00472586
700000.0003	0.00474525
700000.0003	0.00469744
700000.0003	0.00455392
700000.0003	0.00454426
700000.0003	0.00450114
700000.0003	0.00444877
700000.0003	0.00442198
700000.0003	0.00443097
700000.0003	0.00437881
700000.0003	0.00436916
700000.0003	0.004326
700000.0003	0.00430819
700000.0003	0.00432342
700000.0003	0.00433325
700000.0003	0.00422306
700000.0003	0.00422275
700000.0003	0.00425623
700000.0003	0.00424195
700000.0003	0.00418784
700000.0003	0.00418842
700000.0003	0.00421102
700000.0003	0.00420716
700000.0003	0.00420231
700000.0003	0.00416657
700000.0003	0.00410245
700000.0003	0.00414751
700000.0003	0.00414622
700000.0003	0.00413824
700000.0003	0.0041577
700000.0003	0.00414735
700000.0003	0.00411236
700000.0003	0.00412454
700000.0003	0.00405515
700000.0003	0.00413643
700000.0003	0.00416807
700000.0003	0.00406117
700000.0003	0.00420359
700000.0003	0.00414421
700000.0003	0.00416245
700000.0003	0.00419061
700000.0003	0.00410185
700000.0003	0.00417762
700000.0003	0.00421102
700000.0003	0.00424492
700000.0003	0.00411681
700000.0003	0.00419969
700000.0003	0.00418512
700000.0003	0.00426438
700000.0003	0.00425897
700000.0003	0.00426489
700000.0003	0.0043194
700000.0003	0.00427307
700000.0003	0.00437202
700000.0003	0.0043606
700000.0003	0.00433312
700000.0003	0.0044489
700000.0003	0.00439346
700000.0003	0.00446395
700000.0003	0.00450409
700000.0003	0.00458892
700000.0003	0.00460321
700000.0003	0.00464562
700000.0003	0.00466659
700000.0003	0.00475701
700000.0003	0.00475042
700000.0003	0.00490073
700000.0003	0.0048241
700000.0003	0.00499036
700000.0003	0.00507289
700000.0003	0.00519071
700000.0003	0.00514004
700000.0003	0.00537427
700000.0003	0.00539974
700000.0003	0.00546112
700000.0003	0.00575635
700000.0003	0.0058343
700000.0003	0.00591779
700000.0003	0.00626308
700000.0003	0.00650281
700000.0003	0.00655075
700000.0003	0.0068969
700000.0003	0.00718804
700000.0003	0.00761916
700000.0003	0.00807384
700000.0003	0.00860774
700000.0003	0.00888059
700000.0003	0.00984666
700000.0003	0.0106665
700000.0003	0.0120313
700000.0003	0.013211
700000.0003	0.0151385
700000.0003	0.0178108
700000.0003	0.0212957
700000.0003	0.000412453
700000.0003	-0.000135503
700000.0003	0.000128466
700000.0003	1.30159e-05
700000.0003	0.000343309
700000.0003	-5.24727e-06
700000.0003	0.0003456
700000.0003	-0.00114345
700000.0003	0.00119247
700000.0003	0.00224791
700000.0003	0.00054064
700000.0003	0.00117871
700000.0003	0.000800322
700000.0003	0.00152928
700000.0003	-0.00276262
700000.0003	0.00267879
700000.0003	-0.011913
700000.0003	-0.00487688
700000.0003	0.0101258
700000.0003	-0.00773723
700000.0003	-0.0123939
700000.0003	-0.00292628
700000.0003	-0.0078676
700000.0003	-0.00318895
700000.0003	-0.0142291
700000.0003	-0.0125846
700000.0003	0.00698599
700000.0003	-0.0635704
700000.0003	-0.0144216
700000.0003	-0.0191882
700000.0003	-0.018595
700000.0003	0.00357889
700000.0003	-0.0416809
700000.0003	0.025924
700000.0003	-0.0343581
700000.0003	0.00328403
700000.0003	-0.0148508
700000.0003	0.0204621
700000.0003	-0.0208029
700000.0003	-0.00158456
700000.0003	0.044073
700000.0003	0.0134695
700000.0003	0.00596067
700000.0003	-0.017794
700000.0003	0.027105
700000.0003	-0.0133342
700000.0003	0.00340115
700000.0003	0.0109619
700000.0003	-0.0207103
700000.0003	0.0440957
700000.0003	-0.0448337
700000.0003	0.0113644
700000.0003	0.0260346
700000.0003	-0.0384098
700000.0003	0.0453528
700000.0003	0.00607635
700000.0003	0.0264982
700000.0003	-0.00244804
700000.0003	0.0238245
700000.0003	0.00242488
700000.0003	-0.0660549
700000.0003	0.0025733
700000.0003	0.0289782
700000.0003	0.0317496
700000.0003	0.0271081
700000.0003	0.0119985
700000.0003	0.0172942
700000.0003	0.0221423
700000.0003	0.01631
700000.0003	0.0124817
700000.0003	-0.0105558
700000.0003	-0.00299892
700000.0003	0.0122866
700000.0003	-0.0536195
700000.0003	0.0298304
700000.0003	-0.0173302
700000.0003	0.0450309
700000.0003	0.00253699
700000.0003	0.0396752
700000.0003	-0.0305364
700000.0003	0.022468
700000.0003	0.0368072
700000.0003	0.00381653
700000.0003	0.0659635
700000.0003	0.0395123
700000.0003	-0.031576
700000.0003	-0.0187007
700000.0003	0.00162648
700000.0003	-0.0112865
700000.0003	-0.029294
700000.0003	-0.0264462
700000.0003	-0.0109907
700000.0003	-0.0677945
700000.0003	0.0325548
700000.0003	-0.0105466
700000.0003	-0.0185035
700000.0003	-0.00801322
700000.0003	0.0306375
700000.0003	-0.0145996
700000.0003	-0.0124659
700000.0003	0.0011287
700000.0003	-0.0152269
700000.0003	-0.0231252
700000.0003	-0.0288894
700000.0003	-0.0354637
700000.0003	-0.0137828
700000.0003	-0.0411122
700000.0003	-0.00926782
700000.0003	-0.035141
700000.0003	-0.00809008
700000.0003	0.0114569
700000.0003	0.0346254
700000.0003	-0.0259082
700000.0003	0.00660944
700000.0003	-0.0350706
700000.0003	-0.0174543
700000.0003	0.0305433
700000.0003	0.00563235
700000.0003	0.0140161
700000.0003	-0.0350103
700000.0003	0.0246364
700000.0003	0.0161797
700000.0003	-0.0298228
700000.0003	-0.0313742
700000.0003	0.0226559
700000.0003	0.0206386
700000.0003	-0.0128184
700000.0003	0.0351532
700000.0003	-0.0552611
700000.0003	0.0133887
700000.0003	-0.0146616
700000.0003	-0.00849307
700000.0003	-0.00602821
700000.0003	-0.0336026
700000.0003	-0.000855741
700000.0003	0.00295973
700000.0003	0.0118284
700000.0003	-0.0116627
700000.0003	0.015962
700000.0003	0.0165493
700000.0003	0.056993
700000.0003	0.0208301
700000.0003	0.0166464
700000.0003	0.00886632
700000.0003	0.0113647
700000.0003	-0.0123698
700000.0003	-0.0325711
700000.0003	0.00384669
700000.0003	-0.0259695
700000.0003	0.0222009
700000.0003	0.0216165
700000.0003	0.00236213
700000.0003	0.0454922
700000.0003	0.000936954
700000.0003	0.0190686
700000.0003	0.0228648
700000.0003	-0.00946043
700000.0003	0.0107075
700000.0003	-0.0240636
700000.0003	-0.000381801
700000.0003	-0.0170424
700000.0003	0.0154123
700000.0003	-0.00901994
700000.0003	-0.00864202
700000.0003	-0.00150404
700000.0003	0.0159628
700000.0003	-0.0805061
700000.0003	-0.0160131
700000.0003	0.0264112
700000.0003	-0.00296776
700000.0003	0.00567957
700000.0003	-0.0322468
700000.0003	-0.0170816
700000.0003	-0.00671041
700000.0003	-0.0094315
700000.0003	-0.00468646
700000.0003	-0.0243933
700000.0003	0.000911255
700000.0003	-0.00755009
700000.0003	0.00164602
700000.0003	-0.00970735
700000.0003	-0.00524961
700000.0003	-0.00124856
700000.0003	0.0102305
700000.0003	0.00423251
700000.0003	-0.00227518
700000.0003	0.0175079
700000.0003	-0.00445582
700000.0003	0.0155824
700000.0003	-0.0312291
700000.0003	-0.00185567
700000.0003	-0.0151428
700000.0003	-0.025029
700000.0003	-0.0262561
700000.0003	0.00627977
700000.0003	-0.00423781
700000.0003	-0.00305025
700000.0003	-0.0035678
700000.0003	-0.0293577
700000.0003	0.00785154
700000.0003	0.0216434
700000.0003	0.00350013
700000.0003	-0.0166711
700000.0003	-0.00250446
700000.0003	-0.0037257
700000.0003	-0.0266525
700000.0003	-0.00120261
700000.0003	-0.00405931
700000.0003	-0.0140628
700000.0003	-0.00877689
700000.0003	0.011244
700000.0003	-0.00632709
700000.0003	0.00971067
700000.0003	0.00289939
700000.0003	-0.00968306
700000.0003	0.00336458
700000.0003	-0.0049752
700000.0003	-0.0116403
700000.0003	-0.0092921
700000.0003	0.00212676
700000.0003	-0.0103544
700000.0003	-0.00637405
700000.0003	0.00521708
700000.0003	0.00606903
700000.0003	-0.0082493
700000.0003	-0.0102004
700000.0003	0.000447516
700000.0003	-0.00915724
700000.0003	0.00664731
700000.0003	-0.00850672
700000.0003	0.0117693
700000.0003	0.000760879
700000.0003	0.000244317
700000.0003	0.00356229
700000.0003	-0.00231749
700000.0003	-0.00987572
700000.0003	-0.00354464
700000.0003	0.000486546
700000.0003	0.00494212
700000.0003	-0.000150691
700000.0003	-0.00218298
700000.0003	0.0040423
700000.0003	-0.00211778
700000.0003	-0.00534823
700000.0003	0.00356435
700000.0003	0.00163865
700000.0003	0.00378875
700000.0003	-0.00742599
700000.0003	0.00273684
700000.0003	-0.000108341
700000.0003	-0.0042796
700000.0003	0.00215509
700000.0003	-0.00317022
700000.0003	-9.7787e-05
700000.0003	-0.00388021
700000.0003	0.00389767
700000.0003	0.00287766
700000.0003	0.00414296
700000.0003	-0.00543928
700000.0003	-0.00150782
700000.0003	-0.000728328
700000.0003	-0.000645166
700000.0003	0.0032479
700000.0003	0.000976806
700000.0003	-0.00250993
700000.0003	-0.000416572
700000.0003	-1.95436e-06
700000.0003	-0.0013591
700000.0003	0.000950752
700000.0003	9.27207e-05
700000.0003	0.000500654
700000.0003	-0.000346359
700000.0003	-0.000583458
700000.0003	-0.000781819
700000.0003	0.00177115
700000.0003	-0.00023623
700000.0003	8.91401e-05
700000.0003	7.08105e-05
700000.0003	0.000607968
700000.0003	0.000123161
700000.0003	0.000182255
700000.0003	0.000334079
700000.0003	-8.76385e-05
700000.0003	9.15245e-05
700000.0003	0.000176983
700000.0003	-1.74399e-05
700000.0003	-0.000133571
700000.0003	-4.72721e-05
700000.0003	-0.000149525
700000.0003	-2.8121e-05
700000.0003	0.00017303
700000.0003	4.47324e-05
700000.0003	-0.000115636
700000.0003	-2.92324e-05
700000.0003	-3.60775e-05
700000.0003	4.76949e-05
700000.0003	1.18356e-06
700000.0003	2.02064e-05
700000.0003	-2.55467e-05
700000.0003	-8.5142e-05
700000.0003	3.82707e-05
700000.0003	-3.89463e-05
700000.0003	2.61475e-05
700000.0003	-5.9593e-05
700000.0003	2.60484e-05
700000.0003	3.75007e-05
700000.0003	3.84093e-06
700000.0003	5.62619e-05
700000.0003	-2.25357e-05
700000.0003	4.9285e-05
700000.0003	-2.89835e-05
700000.0003	1.68001e-05
700000.0003	1.07701e-06
700000.0003	-2.07989e-05
700000.0003	-3.47279e-05
700000.0003	1.96346e-05
700000.0003	2.33049e-05
700000.0003	8.73322e-06
700000.0003	-3.07194e-05
700000.0003	-1.891e-05
700000.0003	1.22999e-05
700000.0003	-6.42833e-06
700000.0003	8.62186e-06
700000.0003	3.83064e-06
700000.0003	8.20633e-06
700000.0003	-2.31013e-05
700000.0003	9.78116e-06
700000.0003	2.68268e-05
700000.0003	-4.54299e-05
700000.0003	1.47884e-05
700000.0003	-3.13504e-05
700000.0003	2.92156e-05
700000.0003	1.40588e-05
700000.0003	3.07599e-05
700000.0003	1.845e-05
700000.0003	-4.88251e-05
700000.0003	-1.39437e-05
700000.0003	-3.93551e-05
700000.0003	-2.17668e-05
700000.0003	6.23534e-06
700000.0003	-1.84061e-05
700000.0003	-6.0664e-05
700000.0003	-9.12967e-06
700000.0003	-1.90282e-05
700000.0003	4.45854e-05
700000.0003	1.54371e-05
700000.0003	4.01192e-06
700000.0003	-1.20306e-05
700000.0003	5.68814e-05
700000.0003	-1.84852e-06
700000.0003	-2.52783e-05
700000.0003	1.04443e-05
700000.0003	-3.48711e-05
700000.0003	1.56911e-05
700000.0003	8.89836e-06
700000.0003	-3.02497e-05
700000.0003	-5.63511e-05
700000.0003	-7.99352e-06
700000.0003	-8.21041e-06
700000.0003	3.33559e-05
700000.0003	-2.67674e-05
700000.0003	-3.43114e-05
700000.0003	-3.25777e-05
700000.0003	2.79167e-05
700000.0003	3.32614e-05
700000.0003	5.67268e-07
700000.0003	-3.64103e-05
700000.0003	1.25574e-05
700000.0003	-6.74194e-06
700000.0003	2.04328e-05
700000.0003	-1.47234e-05
700000.0003	-5.52021e-06
700000.0003	1.59984e-05
700000.0003	3.48531e-06
700000.0003	2.81445e-05
700000.0003	2.04437e-05
700000.0003	-3.82192e-05
700000.0003	5.57032e-08
700000.0003	-2.26256e-06
700000.0003	-4.24826e-05
700000.0003	4.60072e-05
700000.0003	-5.88934e-05
700000.0003	1.61281e-05
700000.0003	-2.08518e-05
700000.0003	7.28225e-05
700000.0003	2.55908e-05
700000.0003	0.000127936
700000.0003	4.29092e-05
700000.0003	-6.8156e-06
700000.0003	-9.87093e-05
700000.0003	-1.35885e-05
700000.0003	-0.000103127
700000.0003	6.16432e-05
700000.0003	-0.000278991
700000.0003	5.93742e-05
700000.0003	-0.000127222
700000.0003	0.000134951
700000.0003	3.48113e-05
700000.0003	-4.23286e-05
700000.0003	0.000135285
700000.0003	0.000160677
700000.0003	6.37762e-05
700000.0003	-0.000496186
700000.0003	4.29983e-05
700000.0003	-0.000484205
700000.0003	0.000122381
700000.0003	0.00138761
700000.0003	-0.00153008
700000.0003	-0.000708086
700000.0003	0.000274921
700000.0003	-0.00138419
700000.0003	-0.0015256
700000.0003	0.00442607
700000.0003	-0.00411557
700000.0003	-0.000658073
700000.0003	0.000662568
700000.0003	0.000247003
700000.0003	0.0286252
700000.0003	-0.00946924
700000.0003	-0.00443305
700000.0003	-0.00449361
700000.0003	-0.0108282
700000.0003	-0.00514115
700000.0003	-0.0145607
700000.0003	0.0155822
700000.0003	0.00539532
700000.0003	-0.000953738
700000.0003	-0.0579533
700000.0003	0.00352785
700000.0003	-0.0234507
700000.0003	-0.0351002
700000.0003	-0.0108251
700000.0003	-0.0362505
700000.0003	0.0429022
700000.0003	-0.0443584
700000.0003	0.00133115
700000.0003	-0.0359427
700000.0003	0.0076377
700000.0003	-0.0272749
700000.0003	0.00291832
700000.0003	0.0597785
700000.0003	0.0238688
700000.0003	0.00145816
700000.0003	-0.0100171
700000.0003	0.0241936
700000.0003	-0.0134935
700000.0003	0.0156059
700000.0003	0.0132204
700000.0003	-0.0136287
700000.0003	0.041141
700000.0003	-0.050975
700000.0003	-0.00592171
700000.0003	0.0343559
700000.0003	-0.0298929
700000.0003	0.0425304
700000.0003	0.00427917
700000.0003	0.0285597
700000.0003	-0.00287094
700000.0003	0.0117919
700000.0003	-0.00201484
700000.0003	-0.0628033
700000.0003	0.00692696
700000.0003	0.02998
700000.0003	0.0193956
700000.0003	0.0287771
700000.0003	0.00754838
700000.0003	0.0105345
700000.0003	0.021216
700000.0003	0.00987169
700000.0003	0.00554961
700000.0003	-0.00709751
700000.0003	-0.0202403
700000.0003	0.0115895
700000.0003	-0.0487586
700000.0003	0.0253405
700000.0003	-0.00692151
700000.0003	0.0404743
700000.0003	-0.0179744
700000.0003	0.0354158
700000.0003	-0.0344632
700000.0003	0.0259764
700000.0003	0.0515029
700000.0003	-0.00234374
700000.0003	0.0528455
700000.0003	0.0287663
700000.0003	-0.027274
700000.0003	-0.0156967
700000.0003	0.00078091
700000.0003	-0.00764305
700000.0003	-0.0282697
700000.0003	-0.0283529
700000.0003	-0.0016698
700000.0003	-0.0695401
700000.0003	0.0275513
700000.0003	0.00483971
700000.0003	-0.00780228
700000.0003	-0.0128522
700000.0003	0.0415493
700000.0003	0.000715142
700000.0003	0.00191729
700000.0003	0.00476962
700000.0003	-0.0172728
700000.0003	-0.0153883
700000.0003	-0.027236
700000.0003	-0.0177192
700000.0003	-0.0107684
700000.0003	-0.0402978
700000.0003	-0.0103214
700000.0003	-0.0111493
700000.0003	0.00700368
700000.0003	0.0167632
700000.0003	0.0308264
700000.0003	-0.020384
700000.0003	0.0122554
700000.0003	-0.0386604
700000.0003	-0.0182432
700000.0003	0.0419832
700000.0003	0.00443385
700000.0003	0.0367157
700000.0003	-0.0349639
700000.0003	0.017982
700000.0003	0.0291031
700000.0003	-0.0185594
700000.0003	-0.0296581
700000.0003	0.0357463
700000.0003	0.0185921
700000.0003	-0.00400474
700000.0003	0.0322469
700000.0003	-0.0399464
700000.0003	0.0115553
700000.0003	-0.0171462
700000.0003	0.00463363
700000.0003	0.00813943
700000.0003	-0.0290258
700000.0003	0.00100772
700000.0003	0.0100013
700000.0003	0.0226238
700000.0003	-0.00265033
700000.0003	0.00574275
700000.0003	0.0132258
700000.0003	0.0563417
700000.0003	0.00766205
700000.0003	0.00103643
700000.0003	-0.00867932
700000.0003	0.021548
700000.0003	-0.0074182
700000.0003	-0.0378248
700000.0003	-0.0118929
700000.0003	-0.0203357
700000.0003	0.0134156
700000.0003	0.0363368
700000.0003	-0.00578021
700000.0003	0.0427776
700000.0003	0.00486922
700000.0003	0.0253775
700000.0003	0.0231633
700000.0003	-0.0118303
700000.0003	0.00512848
700000.0003	-0.00223108
700000.0003	-0.00496063
700000.0003	-0.0183257
700000.0003	0.0264706
700000.0003	-0.00241791
700000.0003	-0.00892664
700000.0003	-0.0103443
700000.0003	0.0184623
700000.0003	-0.0840135
700000.0003	-0.0118675
700000.0003	0.0257534
700000.0003	-0.018941
700000.0003	0.00183457
700000.0003	-0.0212905
700000.0003	-0.0273253
700000.0003	0.00514739
700000.0003	-0.0147472
700000.0003	0.0018858
700000.0003	-0.0322059
700000.0003	0.00303594
700000.0003	-0.00695373
700000.0003	-0.000368496
700000.0003	0.000686766
700000.0003	-0.00128841
700000.0003	0.00156239
700000.0003	0.0139969
700000.0003	-0.00234084
700000.0003	-0.00025177
700000.0003	0.0100449
700000.0003	-0.00333392
700000.0003	0.0138764
700000.0003	-0.0336687
700000.0003	0.00159092
700000.0003	-0.0167989
700000.0003	-0.0256597
700000.0003	-0.0205561
700000.0003	0.00703798
700000.0003	0.000641746
700000.0003	-0.00165419
700000.0003	-0.00595977
700000.0003	-0.0330164
700000.0003	0.0116819
700000.0003	0.00598461
700000.0003	0.000319609
700000.0003	-0.0140989
700000.0003	0.00297269
700000.0003	0.0028819
700000.0003	-0.0238702
700000.0003	0.00474166
700000.0003	-0.00101369
700000.0003	-0.00763696
700000.0003	-0.00969058
700000.0003	0.00443089
700000.0003	-0.0134561
700000.0003	0.00789615
700000.0003	0.00517463
700000.0003	-0.00972243
700000.0003	0.00268008
700000.0003	-0.00678696
700000.0003	-0.00909999
700000.0003	-0.00974834
700000.0003	-0.00507723
700000.0003	-0.00787171
700000.0003	-0.0030481
700000.0003	0.0111129
700000.0003	0.00822148
700000.0003	-0.00748815
700000.0003	-0.00675647
700000.0003	-0.00492173
700000.0003	-0.0101374
700000.0003	0.0023753
700000.0003	-0.00676406
700000.0003	0.0146507
700000.0003	0.00569188
700000.0003	-0.00157504
700000.0003	0.00265047
700000.0003	0.00917275
700000.0003	-0.0104344
700000.0003	0.00532795
700000.0003	-0.00370993
700000.0003	-0.00233626
700000.0003	0.00814562
700000.0003	0.00669451
700000.0003	0.000664339
700000.0003	0.00521043
700000.0003	-0.00663115
700000.0003	0.000391295
700000.0003	-0.00132651
700000.0003	0.00480351
700000.0003	-0.00666696
700000.0003	-0.00451062
700000.0003	-0.00166234
700000.0003	-0.005224
700000.0003	-0.00394512
700000.0003	-0.002876
700000.0003	0.000554356
700000.0003	-0.00182997
700000.0003	-0.000973475
700000.0003	-0.000145099
700000.0003	0.00389836
700000.0003	0.00080058
700000.0003	0.00107368
700000.0003	0.000579259
700000.0003	-0.000221479
700000.0003	0.00302269
700000.0003	0.000651298
700000.0003	-0.000975538
700000.0003	8.05393e-05
700000.0003	-0.000155583
700000.0003	-0.00122465
700000.0003	-0.00208842
700000.0003	0.000311544
700000.0003	-0.000166378
700000.0003	9.70677e-05
700000.0003	-0.000580318
700000.0003	0.000122617
700000.0003	0.000204761
700000.0003	0.00027098
700000.0003	-0.000530806
700000.0003	-0.000495721
700000.0003	-0.000494969
700000.0003	-0.000283566
700000.0003	0.000237333
700000.0003	0.000364087
700000.0003	-0.000261012
700000.0003	0.000225878
700000.0003	0.000274731
700000.0003	7.44302e-05
700000.0003	-0.000137081
700000.0003	-1.78817e-05
700000.0003	0.000185865
700000.0003	-8.04583e-05
700000.0003	7.64691e-05
700000.0003	5.76018e-05
700000.0003	0.000157366
700000.0003	5.09193e-05
700000.0003	2.96013e-05
700000.0003	-5.3904e-05
700000.0003	1.4584e-05
700000.0003	-0.000148871
700000.0003	1.20853e-05
700000.0003	3.3119e-05
700000.0003	2.18189e-05
700000.0003	-0.000111302
700000.0003	3.23012e-05
700000.0003	-9.3006e-05
700000.0003	4.2416e-06
700000.0003	-6.36873e-05
700000.0003	4.23557e-05
700000.0003	-4.93861e-06
700000.0003	-4.81102e-05
700000.0003	4.09927e-05
700000.0003	5.5903e-05
700000.0003	1.34986e-05
700000.0003	-4.33926e-05
700000.0003	-3.81798e-05
700000.0003	2.44632e-05
700000.0003	6.10819e-06
700000.0003	7.36813e-05
700000.0003	9.85007e-05
700000.0003	5.50701e-06
700000.0003	3.28609e-05
700000.0003	2.48714e-05
700000.0003	-1.94797e-05
700000.0003	-5.13551e-05
700000.0003	-1.49981e-05
700000.0003	8.66005e-05
700000.0003	1.30864e-05
700000.0003	6.84469e-05
700000.0003	1.53463e-05
700000.0003	3.08894e-05
700000.0003	1.36339e-05
700000.0003	-4.79899e-05
700000.0003	-1.53878e-05
700000.0003	-2.13944e-05
700000.0003	-5.77433e-05
700000.0003	6.49743e-05
700000.0003	-2.18095e-06
700000.0003	-0.000104534
700000.0003	1.97361e-05
700000.0003	2.89326e-05
700000.0003	2.85615e-05
700000.0003	3.50298e-05
700000.0003	2.34745e-05
700000.0003	-4.13879e-05
700000.0003	5.60738e-05
700000.0003	-3.25154e-05
700000.0003	2.26743e-06
700000.0003	6.58823e-06
700000.0003	-9.41605e-07
700000.0003	-2.1367e-05
700000.0003	-1.98164e-05
700000.0003	-2.03782e-05
700000.0003	2.11834e-05
700000.0003	2.26516e-06
700000.0003	-3.47647e-05
700000.0003	3.31965e-06
700000.0003	6.05275e-05
700000.0003	-2.97714e-05
700000.0003	-3.45938e-05
700000.0003	-3.61273e-05
700000.0003	4.73208e-05
700000.0003	-2.51008e-05
700000.0003	3.16316e-05
700000.0003	2.95617e-05
700000.0003	-4.7906e-05
700000.0003	4.03689e-05
700000.0003	-3.98261e-05
700000.0003	-1.05568e-05
700000.0003	-5.36211e-05
700000.0003	-7.47832e-05
700000.0003	1.06212e-05
700000.0003	-4.46891e-05
700000.0003	-4.31629e-05
700000.0003	-3.66239e-05
700000.0003	0.000130085
700000.0003	1.71029e-05
700000.0003	1.18067e-05
700000.0003	-1.05573e-05
700000.0003	-4.17212e-05
700000.0003	7.25046e-05
700000.0003	-1.39786e-06
700000.0003	-0.000156225
700000.0003	-2.93714e-06
700000.0003	0.000140627
700000.0003	4.06679e-05
700000.0003	-5.91201e-05
700000.0003	-0.000102193
700000.0003	-4.57171e-06
700000.0003	1.55781e-05
700000.0003	-5.9034e-05
700000.0003	-0.000237863
700000.0003	8.62658e-05
700000.0003	-3.38138e-05
700000.0003	-0.000177678
700000.0003	-2.01864e-05
700000.0003	-0.000256355
700000.0003	-0.000271493
700000.0003	-0.000118719
700000.0003	2.71694e-05
700000.0003	-0.000208919
700000.0003	-0.000224523
700000.0003	0.0181286
700000.0003	0.0241529
700000.0003	0.0365277
700000.0003	0.0606881
700000.0003	0.10139
700000.0003	0.1679
700000.0003	0.266931
700000.0003	0.410699
700000.0003	0.606235
700000.0003	0.875983
700000.0003	1.25103
700000.0003	1.7577
700000.0003	2.44894
700000.0003	3.3554
700000.0003	4.46565
700000.0003	5.82404
700000.0003	7.46754
700000.0003	9.26666
700000.0003	11.2758
700000.0003	13.3259
700000.0003	15.2817
700000.0003	17.0024
700000.0003	18.1429
700000.0003	19.0387
700000.0003	19.5525
700000.0003	19.6596
700000.0003	19.657
700000.0003	19.5425
700000.0003	19.2341
700000.0003	18.9724
700000.0003	18.7515
700000.0003	18.5294
700000.0003	18.2726
700000.0003	18.0816
700000.0003	17.8236
700000.0003	17.5099
700000.0003	17.1649
700000.0003	17.0102
700000.0003	16.6135
700000.0003	16.3204
700000.0003	15.94
700000.0003	15.637
700000.0003	15.3248
700000.0003	15.1011
700000.0003	14.8915
700000.0003	14.6463
700000.0003	14.3529
700000.0003	14.2022
700000.0003	14.1199
700000.0003	13.8727
700000.0003	13.6799
700000.0003	13.5751
700000.0003	13.4039
700000.0003	13.2791
700000.0003	13.26
700000.0003	13.0179
700000.0003	12.9259
700000.0003	12.7632
700000.0003	12.7911
700000.0003	12.7117
700000.0003	12.5454
700000.0003	12.4689
700000.0003	12.3979
700000.0003	12.3348
700000.0003	12.2311
700000.0003	12.2924
700000.0003	12.0576
700000.0003	12.084
700000.0003	11.9851
700000.0003	11.8254
700000.0003	11.8712
700000.0003	11.8402
700000.0003	11.7276
700000.0003	11.7258
700000.0003	11.7113
700000.0003	11.6489
700000.0003	11.5616
700000.0003	11.5138
700000.0003	11.4693
700000.0003	11.5162
700000.0003	11.4344
700000.0003	11.4435
700000.0003	11.3715
700000.0003	11.359
700000.0003	11.1984
700000.0003	11.1848
700000.0003	11.1707
700000.0003	11.231
700000.0003	11.1503
700000.0003	11.1224
700000.0003	11.1288
700000.0003	11.0866
700000.0003	10.9999
700000.0003	11.0471
700000.0003	11.0036
700000.0003	11.0012
700000.0003	10.9408
700000.0003	10.9716
700000.0003	10.9533
700000.0003	10.8563
700000.0003	10.8448
700000.0003	10.8937
700000.0003	10.8489
700000.0003	10.8305
700000.0003	10.8985
700000.0003	10.7958
700000.0003	10.9481
700000.0003	10.8394
700000.0003	10.8094
700000.0003	10.7908
700000.0003	10.7339
700000.0003	10.786
700000.0003	10.7793
700000.0003	10.857
700000.0003	10.7502
700000.0003	10.681
700000.0003	10.7829
700000.0003	10.7206
700000.0003	10.6928
700000.0003	10.7137
700000.0003	10.6989
700000.0003	10.645
700000.0003	10.6944
700000.0003	10.7457
700000.0003	10.6653
700000.0003	10.7002
700000.0003	10.6706
700000.0003	10.6733
700000.0003	10.6618
700000.0003	10.6633
700000.0003	10.6119
700000.0003	10.7045
700000.0003	10.6492
700000.0003	10.6913
700000.0003	10.6456
700000.0003	10.5914
700000.0003	10.6669
700000.0003	10.596
700000.0003	10.6977
700000.0003	10.6669
700000.0003	10.6067
700000.0003	10.6416
700000.0003	10.6402
700000.0003	10.6421
700000.0003	10.6551
700000.0003	10.6118
700000.0003	10.612
700000.0003	10.5858
700000.0003	10.5369
700000.0003	10.5651
700000.0003	10.5051
700000.0003	10.5661
700000.0003	10.4787
700000.0003	10.4493
700000.0003	10.3724
700000.0003	10.337
700000.0003	10.3061
700000.0003	10.3641
700000.0003	10.2551
700000.0003	10.1523
700000.0003	10.13
700000.0003	10.1182
700000.0003	10.1165
700000.0003	10.1126
700000.0003	10.1053
700000.0003	9.96581
700000.0003	9.96774
700000.0003	9.90316
700000.0003	9.86193
700000.0003	9.76378
700000.0003	9.79528
700000.0003	9.62811
700000.0003	9.58995
700000.0003	9.5164
700000.0003	9.4861
700000.0003	9.47613
700000.0003	9.32461
700000.0003	9.3651
700000.0003	9.15206
700000.0003	9.21046
700000.0003	9.14064
700000.0003	9.08802
700000.0003	8.96905
700000.0003	8.93905
700000.0003	8.83794
700000.0003	8.80015
700000.0003	8.74376
700000.0003	8.6029
700000.0003	8.60237
700000.0003	8.40516
700000.0003	8.42131
700000.0003	8.27844
700000.0003	8.23516
700000.0003	8.14792
700000.0003	8.07193
700000.0003	8.0017
700000.0003	7.97112
700000.0003	7.87426
700000.0003	7.79363
700000.0003	7.64647
700000.0003	7.61599
700000.0003	7.53903
700000.0003	7.45603
700000.0003	7.38598
700000.0003	7.31277
700000.0003	7.16747
700000.0003	7.14378
700000.0003	7.03679
700000.0003	6.95459
700000.0003	6.89953
700000.0003	6.81733
700000.0003	6.78211
700000.0003	6.65715
700000.0003	6.61687
700000.0003	6.54491
700000.0003	6.44756
700000.0003	6.36329
700000.0003	6.32522
700000.0003	6.24704
700000.0003	6.20943
700000.0003	6.13309
700000.0003	6.08429
700000.0003	6.00696
700000.0003	5.97952
700000.0003	5.92614
700000.0003	5.89774
700000.0003	5.80575
700000.0003	5.77044
700000.0003	5.72648
700000.0003	5.70393
700000.0003	5.6618
700000.0003	5.62733
700000.0003	5.60039
700000.0003	5.57227
700000.0003	5.5367
700000.0003	5.48388
700000.0003	5.45568
700000.0003	5.3704
700000.0003	5.30279
700000.0003	5.20947
700000.0003	5.11999
700000.0003	4.98381
700000.0003	4.83529
700000.0003	4.67848
700000.0003	4.47599
700000.0003	4.25931
700000.0003	4.03348
700000.0003	3.78839
700000.0003	3.54052
700000.0003	3.29096
700000.0003	3.02755
700000.0003	2.79563
700000.0003	2.56269
700000.0003	2.33047
700000.0003	2.12694
700000.0003	1.92805
700000.0003	1.74433
700000.0003	1.57736
700000.0003	1.42608
700000.0003	1.28459
700000.0003	1.15037
700000.0003	1.03097
700000.0003	0.920577
700000.0003	0.824836
700000.0003	0.734737
700000.0003	0.650172
700000.0003	0.575826
700000.0003	0.506583
700000.0003	0.446191
700000.0003	0.388757
700000.0003	0.339392
700000.0003	0.294689
700000.0003	0.255548
700000.0003	0.219463
700000.0003	0.187251
700000.0003	0.16085
700000.0003	0.136387
700000.0003	0.116039
700000.0003	0.0978562
700000.0003	0.0824351
700000.0003	0.0691801
700000.0003	0.0579344
700000.0003	0.0481586
700000.0003	0.0404549
700000.0003	0.0336254
700000.0003	0.0283712
700000.0003	0.0238461
700000.0003	0.0201896
700000.0003	0.0172133
700000.0003	0.0146839
700000.0003	0.0125144
700000.0003	0.010944
700000.0003	0.00954883
700000.0003	0.00836694
700000.0003	0.00744235
700000.0003	0.00675727
700000.0003	0.0063325
700000.0003	0.00568401
700000.0003	0.00547523
700000.0003	0.00518354
700000.0003	0.00513846
700000.0003	0.0050315
700000.0003	0.00493865
700000.0003	0.00484354
700000.0003	0.00475183
700000.0003	0.00470507
700000.0003	0.00467029
700000.0003	0.00463076
700000.0003	0.00444944
700000.0003	0.00448476
700000.0003	0.00454015
700000.0003	0.00442562
700000.0003	0.00439629
700000.0003	0.0042984
700000.0003	0.00429933
700000.0003	0.00426353
700000.0003	0.00428286
700000.0003	0.0042912
700000.0003	0.00424906
700000.0003	0.00422092
700000.0003	0.00421446
700000.0003	0.00418703
700000.0003	0.00416738
700000.0003	0.00419719
700000.0003	0.004187
700000.0003	0.00418804
700000.0003	0.00416405
700000.0003	0.00415556
700000.0003	0.0041622
700000.0003	0.00410594
700000.0003	0.00411381
700000.0003	0.00412481
700000.0003	0.00410237
700000.0003	0.00411349
700000.0003	0.00411332
700000.0003	0.00414599
700000.0003	0.00410941
700000.0003	0.00410078
700000.0003	0.00404212
700000.0003	0.00416308
700000.0003	0.00411193
700000.0003	0.00410963
700000.0003	0.00414969
700000.0003	0.00413641
700000.0003	0.00413876
700000.0003	0.00414503
700000.0003	0.00414924
700000.0003	0.00415493
700000.0003	0.00416194
700000.0003	0.00418932
700000.0003	0.00419222
700000.0003	0.00416249
700000.0003	0.00419032
700000.0003	0.00417558
700000.0003	0.00422441
700000.0003	0.00420992
700000.0003	0.0042254
700000.0003	0.00423667
700000.0003	0.00423936
700000.0003	0.00424597
700000.0003	0.00426007
700000.0003	0.00425938
700000.0003	0.00431104
700000.0003	0.00440693
700000.0003	0.00438455
700000.0003	0.00439896
700000.0003	0.00443122
700000.0003	0.00449206
700000.0003	0.00450355
700000.0003	0.00453005
700000.0003	0.00461164
700000.0003	0.00460393
700000.0003	0.00476198
700000.0003	0.00477226
700000.0003	0.00483964
700000.0003	0.00486854
700000.0003	0.00499444
700000.0003	0.00507582
700000.0003	0.00516258
700000.0003	0.00520964
700000.0003	0.00536057
700000.0003	0.00556022
700000.0003	0.0058417
700000.0003	0.00589012
700000.0003	0.00601766
700000.0003	0.00634556
700000.0003	0.00657438
700000.0003	0.00690954
700000.0003	0.0073002
700000.0003	0.00772849
700000.0003	0.00813889
700000.0003	0.00859956
700000.0003	0.00929106
700000.0003	0.0100268
700000.0003	0.0107209
700000.0003	0.0117848
700000.0003	0.0128287
700000.0003	0.0137995
700000.0003	0.0152068
700000.0003	0.0164377
