700000.0003	27.9695
700000.0003	102.171
700000.0003	204.334
700000.0003	341.953
700000.0003	535.344
700000.0003	780.5
700000.0003	1080.39
700000.0003	1427.13
700000.0003	1828.61
700000.0003	2287.77
700000.0003	2790.34
700000.0003	3301.09
700000.0003	3873.01
700000.0003	4459.38
700000.0003	5025.91
700000.0003	5571.84
700000.0003	5999.08
700000.0003	6379.75
700000.0003	6666.5
700000.0003	6915.24
700000.0003	7016.26
700000.0003	7115.41
700000.0003	7135.81
700000.0003	7074.54
700000.0003	6937.5
700000.0003	6802.94
700000.0003	6586.48
700000.0003	6361.62
700000.0003	6042.77
700000.0003	5752.51
700000.0003	5336.89
700000.0003	4961.61
700000.0003	4518.31
700000.0003	4038.06
700000.0003	3505.34
700000.0003	2949.07
700000.0003	2361.99
700000.0003	1744.82
700000.0003	1075.02
700000.0003	365.536
700000.0003	0
700000.0003	0
700000.0003	0
700000.0003	0
700000.0003	0
700000.0003	0
700000.0003	0
700000.0003	0
700000.0003	0
700000.0003	0
700000.0003	0
700000.0003	0
700000.0003	0
700000.0003	0
700000.0003	0
700000.0003	0
700000.0003	0
700000.0003	0
700000.0003	0
700000.0003	0
700000.0003	0
700000.0003	0
700000.0003	0
700000.0003	0
700000.0003	0
700000.0003	0
700000.0003	0
700000.0003	0
700000.0003	0
700000.0003	0
700000.0003	0
700000.0003	0
700000.0003	0
700000.0003	0
700000.0003	0
700000.0003	0
700000.0003	0
700000.0003	0
700000.0003	0
700000.0003	0
700000.0003	0
700000.0003	0
700000.0003	0
700000.0003	0
700000.0003	0
700000.0003	0
700000.0003	0
700000.0003	0
700000.0003	0
700000.0003	0
700000.0003	0
700000.0003	0
700000.0003	0
700000.0003	0
700000.0003	0
700000.0003	0
700000.0003	0
700000.0003	0
700000.0003	0
700000.0003	0
700000.0003	0
700000.0003	0
700000.0003	0
700000.0003	0
700000.0003	0
700000.0003	0
700000.0003	0
700000.0003	0
700000.0003	0
700000.0003	0
700000.0003	0
700000.0003	0
700000.0003	0
700000.0003	0
700000.0003	0
700000.0003	0
700000.0003	0
700000.0003	0
700000.0003	0
700000.0003	0
700000.0003	0
700000.0003	0
700000.0003	0
700000.0003	0
700000.0003	0
700000.0003	0
700000.0003	0
700000.0003	0
700000.0003	0
700000.0003	0
700000.0003	0
700000.0003	0
700000.0003	0
700000.0003	0
700000.0003	0
700000.0003	0
700000.0003	0
700000.0003	0
700000.0003	0
700000.0003	0
700000.0003	-23.5142
700000.0003	-70.5023
700000.0003	-116.386
700000.0003	-163.658
700000.0003	-207.959
700000.0003	-254.101
700000.0003	-295.486
700000.0003	-339.148
700000.0003	-381.957
700000.0003	-425.179
700000.0003	-465.74
700000.0003	-505.769
700000.0003	-551.233
700000.0003	-588.419
700000.0003	-626.892
700000.0003	-666.388
700000.0003	-699.732
700000.0003	-742.645
700000.0003	-777.007
700000.0003	-816.203
700000.0003	-853.376
700000.0003	-887.999
700000.0003	-922.049
700000.0003	-958.031
700000.0003	-990.278
700000.0003	-1020.92
700000.0003	-1052.11
700000.0003	-1084.13
700000.0003	-1118.29
700000.0003	-1155.89
700000.0003	-1182.19
700000.0003	-1203.13
700000.0003	-1244.3
700000.0003	-1259.64
700000.0003	-1299.05
700000.0003	-1316.61
700000.0003	-1338.84
700000.0003	-1373.58
700000.0003	-1392.76
700000.0003	-1424.24
700000.0003	-1443.02
700000.0003	-1475.62
700000.0003	-1488.63
700000.0003	-1512.57
700000.0003	-1534.15
700000.0003	-1559.14
700000.0003	-1584.78
700000.0003	-1598.64
700000.0003	-1612.28
700000.0003	-1648.23
700000.0003	-1661.53
700000.0003	-1671.95
700000.0003	-1693.22
700000.0003	-1701.31
700000.0003	-1726.17
700000.0003	-1738.71
700000.0003	-1751.72
700000.0003	-1775.13
700000.0003	-1779.82
700000.0003	-1795.44
700000.0003	-1805.89
700000.0003	-1820.67
700000.0003	-1829.66
700000.0003	-1834.47
700000.0003	-1854.03
700000.0003	-1852.59
700000.0003	-1859.94
700000.0003	-1868.26
700000.0003	-1877.52
700000.0003	-1893.99
700000.0003	-1900.05
700000.0003	-1897.63
700000.0003	-1906.9
700000.0003	-1906.5
700000.0003	-1903.97
700000.0003	-1916.73
700000.0003	-1925.45
700000.0003	-1924.42
700000.0003	-1919.6
700000.0003	-1913.26
700000.0003	-1929.56
700000.0003	-1935.98
700000.0003	-1927.57
700000.0003	-1923.97
700000.0003	-1916.11
700000.0003	-1924.63
700000.0003	-1910.42
700000.0003	-1911.93
700000.0003	-1900.13
700000.0003	-1896.67
700000.0003	-1892.66
700000.0003	-1886.3
700000.0003	-1871.5
700000.0003	-1857.29
700000.0003	-1855.05
700000.0003	-1837.24
700000.0003	-1817.02
700000.0003	-1806.17
700000.0003	-1784.8
700000.0003	-1769.46
700000.0003	-1748.73
700000.0003	-1723.3
700000.0003	-1684.64
700000.0003	-1657.16
700000.0003	-1625.79
700000.0003	-1582.05
700000.0003	-1541.02
700000.0003	-1503.34
700000.0003	-1448.73
700000.0003	-1392.22
700000.0003	-1344.24
700000.0003	-1286.9
700000.0003	-1227.57
700000.0003	-1162.42
700000.0003	-1099.58
700000.0003	-1035.8
700000.0003	-972.173
700000.0003	-909.634
700000.0003	-845.145
700000.0003	-788.385
700000.0003	-730.894
700000.0003	-669.965
700000.0003	-614.645
700000.0003	-563.397
700000.0003	-510.903
700000.0003	-465.799
700000.0003	-418.968
700000.0003	-377.791
700000.0003	-337.621
700000.0003	-299.109
700000.0003	-263.755
700000.0003	-233.868
700000.0003	-204.091
700000.0003	-179.381
700000.0003	-155.778
700000.0003	-135.33
700000.0003	-114.901
700000.0003	-99.7813
700000.0003	-85.2489
700000.0003	-71.7938
700000.0003	-62.0538
700000.0003	-52.6973
700000.0003	-44.1297
700000.0003	-37.3522
700000.0003	-31.5298
700000.0003	-26.7563
700000.0003	-22.4496
700000.0003	-18.8084
700000.0003	-15.7862
700000.0003	-13.1732
700000.0003	-10.9607
700000.0003	-9.04232
700000.0003	-7.46553
700000.0003	-6.03763
700000.0003	-4.86839
700000.0003	-3.73374
700000.0003	-2.75284
700000.0003	-1.90808
700000.0003	-1.11508
700000.0003	-0.365152
700000.0003	0
700000.0003	0
700000.0003	0
700000.0003	0
700000.0003	0
700000.0003	0
700000.0003	0
700000.0003	0
700000.0003	0
700000.0003	0
700000.0003	0
700000.0003	0
700000.0003	0
700000.0003	0
700000.0003	0
700000.0003	0
700000.0003	0
700000.0003	0
700000.0003	0
700000.0003	0
700000.0003	0
700000.0003	0
700000.0003	0
700000.0003	0
700000.0003	0
700000.0003	0
700000.0003	0
700000.0003	0
700000.0003	0
700000.0003	0
700000.0003	0
700000.0003	0
700000.0003	0
700000.0003	0
700000.0003	0
700000.0003	0
700000.0003	0
700000.0003	0
700000.0003	0
700000.0003	0
700000.0003	0
700000.0003	0
700000.0003	0
700000.0003	0
700000.0003	0
700000.0003	0
700000.0003	0
700000.0003	0
700000.0003	0
700000.0003	0
700000.0003	0
700000.0003	0
700000.0003	0
700000.0003	0
700000.0003	0
700000.0003	0
700000.0003	0
700000.0003	0
700000.0003	0
700000.0003	0
700000.0003	0
700000.0003	0
700000.0003	0
700000.0003	0
700000.0003	0
700000.0003	0
700000.0003	0
700000.0003	0
700000.0003	0
700000.0003	0
700000.0003	0
700000.0003	0
700000.0003	0
700000.0003	0
700000.0003	0
700000.0003	0
700000.0003	0
700000.0003	0
700000.0003	0
700000.0003	0
700000.0003	0
700000.0003	0
700000.0003	0
700000.0003	0
700000.0003	0
700000.0003	0
700000.0003	0
700000.0003	0
700000.0003	0
700000.0003	0
700000.0003	0
700000.0003	0
700000.0003	0
700000.0003	0
700000.0003	0
700000.0003	0
700000.0003	0
700000.0003	0
700000.0003	0
700000.0003	0
700000.0003	-0.0848549
700000.0003	0.565561
700000.0003	1.53714
700000.0003	-1.14962
700000.0003	2.15947
700000.0003	1.7522
700000.0003	-2.35778
700000.0003	-3.02752
700000.0003	-1.7753
700000.0003	-2.81465
700000.0003	-12.4771
700000.0003	-1.39777
700000.0003	1.34153
700000.0003	18.2677
700000.0003	-6.15083
700000.0003	4.95353
700000.0003	-7.24624
700000.0003	25.3592
700000.0003	-15.0171
700000.0003	11.1504
700000.0003	-23.4993
700000.0003	14.2574
700000.0003	-3.46833
700000.0003	7.28472
700000.0003	0.328443
700000.0003	12.2865
700000.0003	2.96488
700000.0003	-9.28147
700000.0003	5.42548
700000.0003	-11.8427
700000.0003	16.205
700000.0003	19.5497
700000.0003	-30.9884
700000.0003	23.6274
700000.0003	3.35104
700000.0003	2.08921
700000.0003	-4.04582
700000.0003	-1.01503
700000.0003	-4.26795
700000.0003	-1.04538
700000.0003	0
700000.0003	0
700000.0003	0
700000.0003	0
700000.0003	0
700000.0003	0
700000.0003	0
700000.0003	0
700000.0003	0
700000.0003	0
700000.0003	0
700000.0003	0
700000.0003	0
700000.0003	0
700000.0003	0
700000.0003	0
700000.0003	0
700000.0003	0
700000.0003	0
700000.0003	0
700000.0003	0
700000.0003	0
700000.0003	0
700000.0003	0
700000.0003	0
700000.0003	0
700000.0003	0
700000.0003	0
700000.0003	0
700000.0003	0
700000.0003	0
700000.0003	0
700000.0003	0
700000.0003	0
700000.0003	0
700000.0003	0
700000.0003	0
700000.0003	0
700000.0003	0
700000.0003	0
700000.0003	0
700000.0003	0
700000.0003	0
700000.0003	0
700000.0003	0
700000.0003	0
700000.0003	0
700000.0003	0
700000.0003	0
700000.0003	0
700000.0003	0
700000.0003	0
700000.0003	0
700000.0003	0
700000.0003	0
700000.0003	0
700000.0003	0
700000.0003	0
700000.0003	0
700000.0003	0
700000.0003	0
700000.0003	0
700000.0003	0
700000.0003	0
700000.0003	0
700000.0003	0
700000.0003	0
700000.0003	0
700000.0003	0
700000.0003	0
700000.0003	0
700000.0003	0
700000.0003	0
700000.0003	0
700000.0003	0
700000.0003	0
700000.0003	0
700000.0003	0
700000.0003	0
700000.0003	0
700000.0003	0
700000.0003	0
700000.0003	0
700000.0003	0
700000.0003	0
700000.0003	0
700000.0003	0
700000.0003	0
700000.0003	0
700000.0003	0
700000.0003	0
700000.0003	0
700000.0003	0
700000.0003	0
700000.0003	0
700000.0003	0
700000.0003	0
700000.0003	0
700000.0003	0
700000.0003	0
700000.0003	-0.0424468
700000.0003	-0.225742
700000.0003	-0.0167331
700000.0003	-0.140714
700000.0003	0.760781
700000.0003	-0.760663
700000.0003	0.416644
700000.0003	0.427929
700000.0003	1.2837
700000.0003	-0.6013
700000.0003	1.51043
700000.0003	-0.361547
700000.0003	-3.39638
700000.0003	-2.16342
700000.0003	-1.51883
700000.0003	-2.21897
700000.0003	-0.344321
700000.0003	1.53364
700000.0003	1.77725
700000.0003	-0.458216
700000.0003	-3.15031
700000.0003	0.74337
700000.0003	-0.729153
700000.0003	-1.74624
700000.0003	-2.71725
700000.0003	-0.108452
700000.0003	-0.00123872
700000.0003	-3.39571
700000.0003	4.99991
700000.0003	0.867854
700000.0003	-0.79948
700000.0003	-3.18426
700000.0003	-3.01326
700000.0003	2.80979
700000.0003	-4.15857
700000.0003	3.09003
700000.0003	-1.99679
700000.0003	5.12843
700000.0003	-2.11514
700000.0003	-3.33787
700000.0003	1.61641
700000.0003	-1.90075
700000.0003	-3.34966
700000.0003	-4.14352
700000.0003	-1.63284
700000.0003	3.33839
700000.0003	-3.14904
700000.0003	-3.72255
700000.0003	2.53886
700000.0003	-3.44189
700000.0003	2.69449
700000.0003	0.41007
700000.0003	-3.33055
700000.0003	-1.10342
700000.0003	-5.08482
700000.0003	-0.150438
700000.0003	-1.5237
700000.0003	-2.33956
700000.0003	6.13166
700000.0003	1.6096
700000.0003	3.04808
700000.0003	-3.68535
700000.0003	1.04444
700000.0003	1.58369
700000.0003	1.85132
700000.0003	2.49027
700000.0003	2.18926
700000.0003	1.03671
700000.0003	1.39566
700000.0003	3.88131
700000.0003	-0.86405
700000.0003	-0.491251
700000.0003	2.95026
700000.0003	-2.14318
700000.0003	-1.62616
700000.0003	-2.57159
700000.0003	3.8889
700000.0003	1.60513
700000.0003	-0.384538
700000.0003	0.79774
700000.0003	-2.21493
700000.0003	-3.18023
700000.0003	1.12585
700000.0003	1.3484
700000.0003	4.5039
700000.0003	4.1618
700000.0003	-3.75354
700000.0003	-1.94966
700000.0003	0.290007
700000.0003	3.75432
700000.0003	-2.21626
700000.0003	2.96777
700000.0003	4.87188
700000.0003	-4.60894
700000.0003	1.84111
700000.0003	-1.77165
700000.0003	1.0204
700000.0003	-2.59084
700000.0003	-2.57667
700000.0003	2.72867
700000.0003	5.33191
700000.0003	4.13223
700000.0003	-0.769513
700000.0003	1.59541
700000.0003	2.85928
700000.0003	-0.0426339
700000.0003	-2.08427
700000.0003	-0.0144044
700000.0003	1.37336
700000.0003	-0.876054
700000.0003	-3.79426
700000.0003	-5.04386
700000.0003	3.86455
700000.0003	0.68958
700000.0003	0.596521
700000.0003	-0.12756
700000.0003	0.6809
700000.0003	1.48394
700000.0003	0.19423
700000.0003	2.80264
700000.0003	-0.610142
700000.0003	0.0507318
700000.0003	3.02673
700000.0003	1.03869
700000.0003	-0.549235
700000.0003	0.679147
700000.0003	-1.14012
700000.0003	-0.507367
700000.0003	-0.782441
700000.0003	0.394791
700000.0003	-0.570134
700000.0003	0.456226
700000.0003	-0.160133
700000.0003	0.319504
700000.0003	-0.877049
700000.0003	-0.353769
700000.0003	0.497213
700000.0003	0.0929712
700000.0003	-0.187752
700000.0003	-0.25382
700000.0003	0.087463
700000.0003	0.516164
700000.0003	0.000939439
700000.0003	-0.25589
700000.0003	0.335792
700000.0003	0.0600284
700000.0003	-0.194448
700000.0003	0.0910967
700000.0003	0.100958
700000.0003	0.00773241
700000.0003	-0.0749526
700000.0003	-0.00791232
700000.0003	0.0439216
700000.0003	-0.10874
700000.0003	0.0489239
700000.0003	0.00196323
700000.0003	-0.0140887
700000.0003	-0.0119083
700000.0003	-0.0237267
700000.0003	0.00743859
700000.0003	0
700000.0003	0
700000.0003	0
700000.0003	0
700000.0003	0
700000.0003	0
700000.0003	0
700000.0003	0
700000.0003	0
700000.0003	0
700000.0003	0
700000.0003	0
700000.0003	0
700000.0003	0
700000.0003	0
700000.0003	0
700000.0003	0
700000.0003	0
700000.0003	0
700000.0003	0
700000.0003	0
700000.0003	0
700000.0003	0
700000.0003	0
700000.0003	0
700000.0003	0
700000.0003	0
700000.0003	0
700000.0003	0
700000.0003	0
700000.0003	0
700000.0003	0
700000.0003	0
700000.0003	0
700000.0003	0
700000.0003	0
700000.0003	0
700000.0003	0
700000.0003	0
700000.0003	0
700000.0003	0
700000.0003	0
700000.0003	0
700000.0003	0
700000.0003	0
700000.0003	0
700000.0003	0
700000.0003	0
700000.0003	0
700000.0003	0
700000.0003	0
700000.0003	0
700000.0003	0
700000.0003	0
700000.0003	0
700000.0003	0
700000.0003	0
700000.0003	0
700000.0003	0
700000.0003	0
700000.0003	0
700000.0003	0
700000.0003	0
700000.0003	0
700000.0003	0
700000.0003	0
700000.0003	0
700000.0003	0
700000.0003	0
700000.0003	0
700000.0003	0
700000.0003	0
700000.0003	0
700000.0003	0
700000.0003	0
700000.0003	0
700000.0003	0
700000.0003	0
700000.0003	0
700000.0003	0
700000.0003	0
700000.0003	0
700000.0003	0
700000.0003	0
700000.0003	0
700000.0003	0
700000.0003	0
700000.0003	0
700000.0003	0
700000.0003	0
700000.0003	0
700000.0003	0
700000.0003	0
700000.0003	0
700000.0003	0
700000.0003	0
700000.0003	0
700000.0003	0
700000.0003	0
700000.0003	0
