700000.0003	0.0258049
700000.0003	0.0363
700000.0003	0.0533113
700000.0003	0.080511
700000.0003	0.125125
700000.0003	0.18978
700000.0003	0.279729
700000.0003	0.397852
700000.0003	0.551683
700000.0003	0.748112
700000.0003	0.989037
700000.0003	1.26645
700000.0003	1.60597
700000.0003	1.99524
700000.0003	2.42292
700000.0003	2.88996
700000.0003	3.34391
700000.0003	3.81819
700000.0003	4.28128
700000.0003	4.76358
700000.0003	5.18437
700000.0003	5.64101
700000.0003	6.0738
700000.0003	6.47187
700000.0003	6.83082
700000.0003	7.22456
700000.0003	7.56464
700000.0003	7.92848
700000.0003	8.20819
700000.0003	8.56386
700000.0003	8.77093
700000.0003	9.08164
700000.0003	9.32074
700000.0003	9.53966
700000.0003	9.68692
700000.0003	9.84411
700000.0003	9.99235
700000.0003	10.1621
700000.0003	10.2562
700000.0003	10.2516
700000.0003	10.243
700000.0003	10.2047
700000.0003	10.2458
700000.0003	10.2455
700000.0003	10.3111
700000.0003	10.3365
700000.0003	10.2607
700000.0003	10.3165
700000.0003	10.3766
700000.0003	10.2631
700000.0003	10.2082
700000.0003	10.2679
700000.0003	10.3073
700000.0003	10.3418
700000.0003	10.274
700000.0003	10.3012
700000.0003	10.3023
700000.0003	10.3152
700000.0003	10.3951
700000.0003	10.3573
700000.0003	10.3204
700000.0003	10.3306
700000.0003	10.2961
700000.0003	10.2594
700000.0003	10.349
700000.0003	10.3667
700000.0003	10.3125
700000.0003	10.2929
700000.0003	10.3381
700000.0003	10.35
700000.0003	10.3183
700000.0003	10.3167
700000.0003	10.2717
700000.0003	10.3807
700000.0003	10.3737
700000.0003	10.3298
700000.0003	10.3777
700000.0003	10.3563
700000.0003	10.3114
700000.0003	10.3708
700000.0003	10.4156
700000.0003	10.3567
700000.0003	10.3452
700000.0003	10.3856
700000.0003	10.3607
700000.0003	10.4958
700000.0003	10.3373
700000.0003	10.3054
700000.0003	10.4088
700000.0003	10.4002
700000.0003	10.3534
700000.0003	10.322
700000.0003	10.3841
700000.0003	10.3508
700000.0003	10.3887
700000.0003	10.347
700000.0003	10.4027
700000.0003	10.4638
700000.0003	10.4071
700000.0003	10.4129
700000.0003	10.3729
700000.0003	10.3876
700000.0003	10.3606
700000.0003	10.4481
700000.0003	10.4102
700000.0003	10.4176
700000.0003	10.3793
700000.0003	10.3658
700000.0003	10.4708
700000.0003	10.3961
700000.0003	10.4345
700000.0003	10.4649
700000.0003	10.4222
700000.0003	10.3587
700000.0003	10.4067
700000.0003	10.5085
700000.0003	10.4537
700000.0003	10.4792
700000.0003	10.3911
700000.0003	10.4372
700000.0003	10.4259
700000.0003	10.4542
700000.0003	10.4889
700000.0003	10.4439
700000.0003	10.4344
700000.0003	10.5086
700000.0003	10.524
700000.0003	10.4245
700000.0003	10.5101
700000.0003	10.4228
700000.0003	10.4219
700000.0003	10.5401
700000.0003	10.4531
700000.0003	10.4871
700000.0003	10.4442
700000.0003	10.4123
700000.0003	10.5126
700000.0003	10.5275
700000.0003	10.4365
700000.0003	10.5024
700000.0003	10.4449
700000.0003	10.4651
700000.0003	10.4287
700000.0003	10.5349
700000.0003	10.4715
700000.0003	10.5234
700000.0003	10.4099
700000.0003	10.4057
700000.0003	10.3924
700000.0003	10.399
700000.0003	10.3516
700000.0003	10.3073
700000.0003	10.3795
700000.0003	10.299
700000.0003	10.2589
700000.0003	10.2386
700000.0003	10.1348
700000.0003	10.1773
700000.0003	10.1064
700000.0003	10.1038
700000.0003	10.077
700000.0003	10.0273
700000.0003	9.97783
700000.0003	9.95021
700000.0003	9.88964
700000.0003	9.81848
700000.0003	9.75782
700000.0003	9.7087
700000.0003	9.68219
700000.0003	9.68469
700000.0003	9.59617
700000.0003	9.47055
700000.0003	9.50572
700000.0003	9.34773
700000.0003	9.37075
700000.0003	9.23902
700000.0003	9.14533
700000.0003	9.13864
700000.0003	9.03109
700000.0003	9.00578
700000.0003	8.90203
700000.0003	8.88512
700000.0003	8.75319
700000.0003	8.689
700000.0003	8.61336
700000.0003	8.55878
700000.0003	8.50853
700000.0003	8.39772
700000.0003	8.2891
700000.0003	8.29578
700000.0003	8.18891
700000.0003	8.07158
700000.0003	8.00923
700000.0003	7.88677
700000.0003	7.84365
700000.0003	7.7458
700000.0003	7.65253
700000.0003	7.60579
700000.0003	7.4807
700000.0003	7.40416
700000.0003	7.30754
700000.0003	7.23052
700000.0003	7.13213
700000.0003	7.01961
700000.0003	6.96507
700000.0003	6.83364
700000.0003	6.73713
700000.0003	6.64575
700000.0003	6.55962
700000.0003	6.49935
700000.0003	6.40454
700000.0003	6.28333
700000.0003	6.20314
700000.0003	6.09311
700000.0003	5.97827
700000.0003	5.91313
700000.0003	5.83629
700000.0003	5.73164
700000.0003	5.61774
700000.0003	5.50179
700000.0003	5.45231
700000.0003	5.37534
700000.0003	5.25882
700000.0003	5.15761
700000.0003	5.04711
700000.0003	4.98132
700000.0003	4.85822
700000.0003	4.77715
700000.0003	4.66463
700000.0003	4.57428
700000.0003	4.48443
700000.0003	4.39062
700000.0003	4.27909
700000.0003	4.17145
700000.0003	4.09229
700000.0003	3.9806
700000.0003	3.86628
700000.0003	3.7741
700000.0003	3.66207
700000.0003	3.56485
700000.0003	3.45885
700000.0003	3.34624
700000.0003	3.21106
700000.0003	3.10038
700000.0003	2.98524
700000.0003	2.85071
700000.0003	2.72477
700000.0003	2.60814
700000.0003	2.46573
700000.0003	2.32444
700000.0003	2.20139
700000.0003	2.06698
700000.0003	1.93358
700000.0003	1.79538
700000.0003	1.66515
700000.0003	1.5378
700000.0003	1.41489
700000.0003	1.29766
700000.0003	1.18171
700000.0003	1.08041
700000.0003	0.981612
700000.0003	0.881751
700000.0003	0.792729
700000.0003	0.71203
700000.0003	0.632759
700000.0003	0.565362
700000.0003	0.498367
700000.0003	0.440483
700000.0003	0.385894
700000.0003	0.335211
700000.0003	0.289916
700000.0003	0.252198
700000.0003	0.216018
700000.0003	0.186447
700000.0003	0.159094
700000.0003	0.135909
700000.0003	0.113576
700000.0003	0.097182
700000.0003	0.0819146
700000.0003	0.0681664
700000.0003	0.0583248
700000.0003	0.0491409
700000.0003	0.0409346
700000.0003	0.0345728
700000.0003	0.0292287
700000.0003	0.0249517
700000.0003	0.0211717
700000.0003	0.0180516
700000.0003	0.0155365
700000.0003	0.0134142
700000.0003	0.0116805
700000.0003	0.0102204
700000.0003	0.00910567
700000.0003	0.00811579
700000.0003	0.00741917
700000.0003	0.00669868
700000.0003	0.00615645
700000.0003	0.00581199
700000.0003	0.00554127
700000.0003	0.00543533
700000.0003	0.00524599
700000.0003	0.00511473
700000.0003	0.00506065
700000.0003	0.00496707
700000.0003	0.00482788
700000.0003	0.0048591
700000.0003	0.00479121
700000.0003	0.00479986
700000.0003	0.00468725
700000.0003	0.00466481
700000.0003	0.00449723
700000.0003	0.00451902
700000.0003	0.00449677
700000.0003	0.00446622
700000.0003	0.00439806
700000.0003	0.00442367
700000.0003	0.00435814
700000.0003	0.00438241
700000.0003	0.0043946
700000.0003	0.00431637
700000.0003	0.00425752
700000.0003	0.00425493
700000.0003	0.00422248
700000.0003	0.00419555
700000.0003	0.00423187
700000.0003	0.00424276
700000.0003	0.00415855
700000.0003	0.00416776
700000.0003	0.00418241
700000.0003	0.00414859
700000.0003	0.00415321
700000.0003	0.00420366
700000.0003	0.00416404
700000.0003	0.00415345
700000.0003	0.00411587
700000.0003	0.00415505
700000.0003	0.00411455
700000.0003	0.0041677
700000.0003	0.00415801
700000.0003	0.00411628
700000.0003	0.00412023
700000.0003	0.00414356
700000.0003	0.00417748
700000.0003	0.00415933
700000.0003	0.00415098
700000.0003	0.00415233
700000.0003	0.00415473
700000.0003	0.00409699
700000.0003	0.00413347
700000.0003	0.00410233
700000.0003	0.00418205
700000.0003	0.00419817
700000.0003	0.00425719
700000.0003	0.00425917
700000.0003	0.00429245
700000.0003	0.00429615
700000.0003	0.00424892
700000.0003	0.00426218
700000.0003	0.0043695
700000.0003	0.00434275
700000.0003	0.00439895
700000.0003	0.00438152
700000.0003	0.0044474
700000.0003	0.00441311
700000.0003	0.00451709
700000.0003	0.00453063
700000.0003	0.00455165
700000.0003	0.00464668
700000.0003	0.00462531
700000.0003	0.00468944
700000.0003	0.00468588
700000.0003	0.00473591
700000.0003	0.00482528
700000.0003	0.00487295
700000.0003	0.00493397
700000.0003	0.00501084
700000.0003	0.00508589
700000.0003	0.00512981
700000.0003	0.00530111
700000.0003	0.00537626
700000.0003	0.00541892
700000.0003	0.00574062
700000.0003	0.00572303
700000.0003	0.00594658
700000.0003	0.00617278
700000.0003	0.00640482
700000.0003	0.00669603
700000.0003	0.00691167
700000.0003	0.00730945
700000.0003	0.00759441
700000.0003	0.00789716
700000.0003	0.00827976
700000.0003	0.00915965
700000.0003	0.0099116
700000.0003	0.0108187
700000.0003	0.0118695
700000.0003	0.0131583
700000.0003	0.0150843
700000.0003	0.0182288
700000.0003	0.0212356
700000.0003	0.000194362
700000.0003	0.000398313
700000.0003	-2.7509e-05
700000.0003	-0.00049448
700000.0003	-0.000488202
700000.0003	0.000293605
700000.0003	-0.0016547
700000.0003	0.000981435
700000.0003	4.39095e-05
700000.0003	-0.004723
700000.0003	0.0011486
700000.0003	0.00475863
700000.0003	-0.00435242
700000.0003	0.00119052
700000.0003	-0.00125557
700000.0003	0.0137355
700000.0003	0.0136152
700000.0003	0.00541861
700000.0003	-0.00244729
700000.0003	-0.011088
700000.0003	0.00450476
700000.0003	0.0164287
700000.0003	0.00275399
700000.0003	0.0274221
700000.0003	0.0239308
700000.0003	-0.00367495
700000.0003	-0.00662114
700000.0003	-0.0173081
700000.0003	-0.00378557
700000.0003	-0.0282438
700000.0003	0.0235661
700000.0003	0.0243632
700000.0003	-0.0707643
700000.0003	0.0513388
700000.0003	-0.00468916
700000.0003	-0.0154469
700000.0003	-0.0252195
700000.0003	-0.00186467
700000.0003	-0.0354196
700000.0003	-0.00661761
700000.0003	-0.0315131
700000.0003	-0.00533607
700000.0003	-0.0345146
700000.0003	0.00708601
700000.0003	0.032257
700000.0003	0.032617
700000.0003	0.0671182
700000.0003	-0.0129534
700000.0003	0.0344149
700000.0003	0.0132327
700000.0003	-0.0635833
700000.0003	-0.0236344
700000.0003	0.011189
700000.0003	-0.0137566
700000.0003	-0.0290689
700000.0003	-0.0164013
700000.0003	0.0247769
700000.0003	-0.0126967
700000.0003	-0.0244085
700000.0003	-0.00376434
700000.0003	-0.00553797
700000.0003	0.0429508
700000.0003	0.0219648
700000.0003	0.00144844
700000.0003	-0.0138574
700000.0003	0.0177155
700000.0003	-0.0147413
700000.0003	0.0165179
700000.0003	0.00390483
700000.0003	-0.0117767
700000.0003	0.0357871
700000.0003	-0.0312315
700000.0003	-0.0200117
700000.0003	-0.0137246
700000.0003	0.0179911
700000.0003	0.030305
700000.0003	0.0201324
700000.0003	0.00171496
700000.0003	-0.00383123
700000.0003	0.015352
700000.0003	0.00374651
700000.0003	-0.0439138
700000.0003	0.0247573
700000.0003	-0.0224339
700000.0003	0.0218396
700000.0003	0.0125319
700000.0003	-0.025802
700000.0003	-0.00682355
700000.0003	-0.00980446
700000.0003	0.00386553
700000.0003	-0.00540916
700000.0003	0.00670037
700000.0003	-0.0379341
700000.0003	0.031557
700000.0003	0.0568271
700000.0003	0.0291321
700000.0003	0.00174044
700000.0003	-0.0319615
700000.0003	0.0436814
700000.0003	0.0256811
700000.0003	0.0107083
700000.0003	0.0357446
700000.0003	0.00237943
700000.0003	0.024863
700000.0003	0.028066
700000.0003	0.00612911
700000.0003	-0.0244092
700000.0003	-0.0106523
700000.0003	-0.0163936
700000.0003	-0.0225306
700000.0003	0.0135578
700000.0003	-0.0171151
700000.0003	0.0307669
700000.0003	-0.00441195
700000.0003	-0.0495417
700000.0003	-0.0805079
700000.0003	0.0176147
700000.0003	0.00670152
700000.0003	0.00858763
700000.0003	0.0208188
700000.0003	-0.0247025
700000.0003	0.0364406
700000.0003	-0.0251896
700000.0003	-0.0195509
700000.0003	0.0183258
700000.0003	-0.0374442
700000.0003	0.00226228
700000.0003	-0.0144789
700000.0003	0.0171357
700000.0003	-0.0209382
700000.0003	0.036956
700000.0003	-0.039023
700000.0003	0.0337235
700000.0003	0.0146803
700000.0003	-0.0204958
700000.0003	-0.054686
700000.0003	-0.0377016
700000.0003	-0.0351366
700000.0003	-0.0473932
700000.0003	0.0255778
700000.0003	0.0313951
700000.0003	0.0292961
700000.0003	0.000564358
700000.0003	0.0250371
700000.0003	-0.0312617
700000.0003	0.0268955
700000.0003	0.000838917
700000.0003	-0.0067363
700000.0003	-0.0362714
700000.0003	0.0313942
700000.0003	-0.0361983
700000.0003	0.0067764
700000.0003	0.0630654
700000.0003	0.0275137
700000.0003	0.0227619
700000.0003	0.0213551
700000.0003	-0.00920637
700000.0003	-0.0239646
700000.0003	-0.0155873
700000.0003	0.0180473
700000.0003	0.0369457
700000.0003	-0.018845
700000.0003	0.00157165
700000.0003	0.00733824
700000.0003	0.0143188
700000.0003	0.00735295
700000.0003	-0.0127964
700000.0003	0.02331
700000.0003	-0.0388911
700000.0003	-0.0101842
700000.0003	0.00845012
700000.0003	0.0283692
700000.0003	0.0283315
700000.0003	-0.0314197
700000.0003	0.0272833
700000.0003	-0.0140885
700000.0003	0.0040844
700000.0003	-0.0232135
700000.0003	0.0164708
700000.0003	0.0182901
700000.0003	-0.0115482
700000.0003	0.0163118
700000.0003	0.0186464
700000.0003	0.0161425
700000.0003	0.0097579
700000.0003	-0.0218962
700000.0003	0.025617
700000.0003	0.0225861
700000.0003	-0.00200019
700000.0003	0.0160056
700000.0003	-0.00830182
700000.0003	0.00282214
700000.0003	0.0245362
700000.0003	0.0139846
700000.0003	0.0275438
700000.0003	0.000979436
700000.0003	0.00746828
700000.0003	0.0195355
700000.0003	-0.0312604
700000.0003	-0.00636255
700000.0003	-0.00804809
700000.0003	0.0160451
700000.0003	0.00825279
700000.0003	-0.0102694
700000.0003	-0.0121927
700000.0003	-0.00312385
700000.0003	-0.00685149
700000.0003	0.00365581
700000.0003	-0.00182673
700000.0003	-0.00472975
700000.0003	-0.00271919
700000.0003	-0.00239345
700000.0003	-0.0104507
700000.0003	0.0127237
700000.0003	0.000254216
700000.0003	-0.0029201
700000.0003	-0.0124714
700000.0003	-0.0172703
700000.0003	0.00785551
700000.0003	-0.0104305
700000.0003	0.00528535
700000.0003	0.019554
700000.0003	-0.00538974
700000.0003	-0.00390319
700000.0003	-0.00865869
700000.0003	-0.0138985
700000.0003	0.00409196
700000.0003	0.00807212
700000.0003	-0.000429478
700000.0003	-0.0101906
700000.0003	0.0124335
700000.0003	-0.00545268
700000.0003	-0.00470413
700000.0003	0.00843212
700000.0003	0.00127649
700000.0003	-0.00310596
700000.0003	-0.00829122
700000.0003	0.00832537
700000.0003	-0.00400729
700000.0003	0.00434949
700000.0003	-0.00648328
700000.0003	-0.0129477
700000.0003	-0.00450367
700000.0003	-0.00814335
700000.0003	-0.00517438
700000.0003	0.00665592
700000.0003	0.00166103
700000.0003	-0.00516797
700000.0003	-0.000557745
700000.0003	0.00626144
700000.0003	0.00346711
700000.0003	0.000465056
700000.0003	-0.00844321
700000.0003	-0.000449798
700000.0003	0.00110324
700000.0003	0.00151622
700000.0003	0.000851693
700000.0003	-0.000387859
700000.0003	-0.0015928
700000.0003	0.000294048
700000.0003	-0.000895189
700000.0003	0.00252605
700000.0003	-0.000797866
700000.0003	0.000150992
700000.0003	-0.00104424
700000.0003	-0.00160757
700000.0003	-0.000156867
700000.0003	-0.00088977
700000.0003	-9.27595e-05
700000.0003	0.000525505
700000.0003	0.000293591
700000.0003	-0.000768032
700000.0003	-0.000135962
700000.0003	-0.000175425
700000.0003	0.000663523
700000.0003	-0.000742778
700000.0003	0.00148068
700000.0003	0.000480776
700000.0003	-0.000425151
700000.0003	-0.000224414
700000.0003	-0.000106936
700000.0003	-0.000297791
700000.0003	-0.000246613
700000.0003	4.04542e-05
700000.0003	0.000186688
700000.0003	-0.00037818
700000.0003	0.000225661
700000.0003	-3.47396e-05
700000.0003	0.000115995
700000.0003	8.67891e-05
700000.0003	-0.000133803
700000.0003	2.23574e-05
700000.0003	0.000109616
700000.0003	-7.76034e-05
700000.0003	-5.90701e-05
700000.0003	1.44663e-05
700000.0003	-1.1683e-06
700000.0003	-4.77533e-05
700000.0003	1.46828e-05
700000.0003	2.85423e-05
700000.0003	-1.34232e-05
700000.0003	-2.90318e-05
700000.0003	-1.52942e-05
700000.0003	-4.54492e-05
700000.0003	-4.78087e-06
700000.0003	-5.44595e-05
700000.0003	-9.67226e-06
700000.0003	-1.59575e-05
700000.0003	-6.3849e-06
700000.0003	3.55075e-06
700000.0003	3.57127e-05
700000.0003	-2.66795e-05
700000.0003	-3.94926e-05
700000.0003	-8.35146e-06
700000.0003	3.66403e-05
700000.0003	-1.25593e-05
700000.0003	-1.53676e-05
700000.0003	-3.50574e-05
700000.0003	6.16299e-06
700000.0003	4.12721e-05
700000.0003	-2.19561e-05
700000.0003	4.41e-05
700000.0003	3.04216e-05
700000.0003	-1.87627e-06
700000.0003	3.65866e-05
700000.0003	-2.07722e-05
700000.0003	-1.95622e-05
700000.0003	-1.18677e-05
700000.0003	7.17334e-06
700000.0003	-1.77708e-05
700000.0003	3.56294e-07
700000.0003	4.6831e-05
700000.0003	1.86674e-05
700000.0003	-1.08057e-05
700000.0003	2.513e-05
700000.0003	-1.34156e-05
700000.0003	-1.91623e-05
700000.0003	-3.92718e-05
700000.0003	-1.3778e-05
700000.0003	-2.92521e-05
700000.0003	3.24426e-05
700000.0003	3.78109e-05
700000.0003	-3.24762e-05
700000.0003	-2.32562e-05
700000.0003	-4.52017e-07
700000.0003	-1.97168e-06
700000.0003	-3.62768e-05
700000.0003	-6.13884e-05
700000.0003	-1.47865e-05
700000.0003	1.5903e-05
700000.0003	-4.07089e-05
700000.0003	-5.70213e-05
700000.0003	1.03456e-05
700000.0003	3.72411e-05
700000.0003	-4.20646e-05
700000.0003	1.30432e-05
700000.0003	1.73138e-05
700000.0003	2.33533e-05
700000.0003	-7.97173e-06
700000.0003	6.43382e-06
700000.0003	-8.01339e-06
700000.0003	-2.92745e-05
700000.0003	-4.38425e-05
700000.0003	-8.36105e-06
700000.0003	1.57555e-07
700000.0003	-1.68214e-07
700000.0003	-1.73756e-05
700000.0003	-4.62264e-05
700000.0003	-1.59168e-06
700000.0003	2.87881e-06
700000.0003	-2.31298e-05
700000.0003	-2.70951e-05
700000.0003	1.03408e-05
700000.0003	-2.95619e-05
700000.0003	-4.58162e-05
700000.0003	-4.94431e-05
700000.0003	-3.1509e-05
700000.0003	7.05996e-05
700000.0003	-3.0676e-05
700000.0003	3.17444e-05
700000.0003	-7.09439e-05
700000.0003	1.86142e-05
700000.0003	1.68959e-05
700000.0003	3.4355e-05
700000.0003	-0.00012466
700000.0003	-7.0098e-05
700000.0003	-1.07937e-05
700000.0003	7.15713e-06
700000.0003	2.53944e-05
700000.0003	-1.15605e-05
700000.0003	-5.53376e-05
700000.0003	-8.91628e-05
700000.0003	-0.00013754
700000.0003	-2.51118e-06
700000.0003	0.000125988
700000.0003	-3.20613e-05
700000.0003	-2.15874e-06
700000.0003	3.2039e-05
700000.0003	4.64438e-06
700000.0003	8.01977e-05
700000.0003	-3.26703e-05
700000.0003	0.000213234
700000.0003	0.000383093
700000.0003	-0.000272186
700000.0003	0.000505302
700000.0003	0.000415921
700000.0003	-0.000607734
700000.0003	-0.000809033
700000.0003	-0.000519342
700000.0003	-0.000982672
700000.0003	-0.00442833
700000.0003	-0.000554307
700000.0003	0.000513028
700000.0003	0.00828441
700000.0003	-0.0029404
700000.0003	0.00263317
700000.0003	-0.00420309
700000.0003	0.0152015
700000.0003	-0.00967001
700000.0003	0.00780951
700000.0003	-0.0171278
700000.0003	0.0109545
700000.0003	-0.00335149
700000.0003	0.00637308
700000.0003	0.000343188
700000.0003	0.0137029
700000.0003	0.00335377
700000.0003	-0.011953
700000.0003	0.00804505
700000.0003	-0.0175975
700000.0003	0.027057
700000.0003	0.0349709
700000.0003	-0.0623536
700000.0003	0.0565798
700000.0003	0.0102639
700000.0003	0.0058035
700000.0003	-0.0158741
700000.0003	-0.00460054
700000.0003	-0.03713
700000.0003	-0.0247495
700000.0003	-0.0186778
700000.0003	-0.00985618
700000.0003	-0.0250719
700000.0003	-0.00158576
700000.0003	0.0424705
700000.0003	0.0316681
700000.0003	0.046333
700000.0003	-0.0112373
700000.0003	0.031906
700000.0003	0.000608048
700000.0003	-0.0551363
700000.0003	-0.0374939
700000.0003	-0.0065769
700000.0003	-0.0167833
700000.0003	-0.0395378
700000.0003	-0.0254749
700000.0003	0.0217892
700000.0003	-0.0171397
700000.0003	-0.0121674
700000.0003	0.0021707
700000.0003	-0.00993375
700000.0003	0.0393251
700000.0003	0.0264484
700000.0003	0.00268248
700000.0003	-0.00948298
700000.0003	0.0253204
700000.0003	-0.0196478
700000.0003	0.0286263
700000.0003	0.00652917
700000.0003	-0.0188264
700000.0003	0.0376474
700000.0003	-0.028677
700000.0003	-0.0274509
700000.0003	-0.0192341
700000.0003	0.0115338
700000.0003	0.024269
700000.0003	0.018959
700000.0003	0.000539708
700000.0003	-0.00706119
700000.0003	0.0137062
700000.0003	0.0038236
700000.0003	-0.0534185
700000.0003	0.00900258
700000.0003	-0.0140544
700000.0003	-0.00124603
700000.0003	0.0174232
700000.0003	-0.0252942
700000.0003	-0.000495844
700000.0003	-0.0126126
700000.0003	-0.00192275
700000.0003	-0.00879952
700000.0003	0.015606
700000.0003	-0.0469999
700000.0003	0.0168621
700000.0003	0.0503394
700000.0003	0.0352535
700000.0003	0.00403851
700000.0003	-0.0245477
700000.0003	0.0402898
700000.0003	0.031983
700000.0003	0.00918805
700000.0003	0.0279751
700000.0003	0.00195979
700000.0003	0.0157414
700000.0003	0.0279327
700000.0003	0.0096579
700000.0003	-0.0307641
700000.0003	0.0140014
700000.0003	-0.00734174
700000.0003	-0.0275062
700000.0003	0.0200632
700000.0003	0.00134251
700000.0003	0.0311949
700000.0003	-0.00306671
700000.0003	-0.0350732
700000.0003	-0.0822234
700000.0003	0.0267289
700000.0003	-0.00839603
700000.0003	0.0154919
700000.0003	0.0226906
700000.0003	-0.0271418
700000.0003	0.0473098
700000.0003	-0.0320808
700000.0003	-0.00966922
700000.0003	0.0228523
700000.0003	-0.0320961
700000.0003	0.0125129
700000.0003	-0.00205964
700000.0003	0.0232213
700000.0003	-0.00191152
700000.0003	0.0538079
700000.0003	-0.0453404
700000.0003	0.0362539
700000.0003	0.0190304
700000.0003	-0.0323695
700000.0003	-0.044887
700000.0003	-0.034734
700000.0003	-0.0354826
700000.0003	-0.0441718
700000.0003	0.00902064
700000.0003	0.0371186
700000.0003	0.035382
700000.0003	-0.000299337
700000.0003	0.00622888
700000.0003	-0.0379005
700000.0003	0.0316978
700000.0003	-0.0135674
700000.0003	-0.014913
700000.0003	-0.0358834
700000.0003	0.0140464
700000.0003	-0.0328266
700000.0003	0.00689613
700000.0003	0.0642621
700000.0003	0.0377164
700000.0003	0.0246128
700000.0003	0.034292
700000.0003	0.00569587
700000.0003	-0.021448
700000.0003	-0.0233127
700000.0003	0.00616342
700000.0003	0.0374048
700000.0003	-0.00867658
700000.0003	0.00845135
700000.0003	0.0182689
700000.0003	0.0268209
700000.0003	0.000961658
700000.0003	-0.000205322
700000.0003	0.0300294
700000.0003	-0.0429777
700000.0003	-0.00701317
700000.0003	0.00655382
700000.0003	0.0252369
700000.0003	0.0229367
700000.0003	-0.020909
700000.0003	0.0300218
700000.0003	-0.0217248
700000.0003	0.0138921
700000.0003	-0.0341086
700000.0003	0.0133703
700000.0003	0.0210053
700000.0003	-0.00986398
700000.0003	0.0114423
700000.0003	0.0197901
700000.0003	0.0237682
700000.0003	0.00919499
700000.0003	-0.0183728
700000.0003	0.0169387
700000.0003	0.0197414
700000.0003	-0.0132144
700000.0003	0.0174977
700000.0003	-0.0133603
700000.0003	-0.00195405
700000.0003	0.0157298
700000.0003	0.00515988
700000.0003	0.0230184
700000.0003	0.000746484
700000.0003	0.00678817
700000.0003	0.00994807
700000.0003	-0.0259357
700000.0003	-0.00668821
700000.0003	-0.0123326
700000.0003	0.0147401
700000.0003	-0.00395351
700000.0003	-0.00603131
700000.0003	-0.0068679
700000.0003	-0.00904884
700000.0003	-0.00795032
700000.0003	-0.00367356
700000.0003	-0.00486853
700000.0003	-0.013281
700000.0003	0.00298321
700000.0003	0.00171706
700000.0003	-0.00956947
700000.0003	0.00682126
700000.0003	0.00505767
700000.0003	0.00801489
700000.0003	-0.0118258
700000.0003	-0.00477792
700000.0003	0.00117831
700000.0003	-0.00221353
700000.0003	0.00623226
700000.0003	0.00887532
700000.0003	-0.00301949
700000.0003	-0.00353103
700000.0003	-0.0119053
700000.0003	-0.01081
700000.0003	0.00949375
700000.0003	0.00488539
700000.0003	-0.000783468
700000.0003	-0.00907969
700000.0003	0.00525028
700000.0003	-0.00692803
700000.0003	-0.0111497
700000.0003	0.0103668
700000.0003	-0.00414889
700000.0003	0.00388294
700000.0003	-0.00217495
700000.0003	0.00532789
700000.0003	0.00526696
700000.0003	-0.00554162
700000.0003	-0.0105485
700000.0003	-0.00801513
700000.0003	0.00145808
700000.0003	-0.00303836
700000.0003	-0.00531809
700000.0003	7.98247e-05
700000.0003	0.00372217
700000.0003	1.61072e-05
700000.0003	-0.00232219
700000.0003	0.00145368
700000.0003	0.00624022
700000.0003	0.00809853
700000.0003	-0.00611161
700000.0003	-0.00106717
700000.0003	-0.000921406
700000.0003	0.000207469
700000.0003	-0.000991969
700000.0003	-0.0021204
700000.0003	-0.000280433
700000.0003	-0.00383975
700000.0003	0.000807806
700000.0003	-5.00709e-05
700000.0003	-0.00389142
700000.0003	-0.00130694
700000.0003	0.000672484
700000.0003	-0.000822531
700000.0003	0.00134397
700000.0003	0.000588127
700000.0003	0.000895896
700000.0003	-0.000436899
700000.0003	0.000633809
700000.0003	-0.000496095
700000.0003	0.000169767
700000.0003	-0.000332421
700000.0003	0.000896957
700000.0003	0.000351745
700000.0003	-0.000493629
700000.0003	-8.89773e-05
700000.0003	0.000181692
700000.0003	0.000241379
700000.0003	-8.22893e-05
700000.0003	-0.000481533
700000.0003	-8.91758e-07
700000.0003	0.000236976
700000.0003	-0.000311225
700000.0003	-5.60746e-05
700000.0003	0.000182725
700000.0003	-8.76404e-05
700000.0003	-9.80871e-05
700000.0003	-7.88852e-06
700000.0003	7.94411e-05
700000.0003	5.85713e-06
700000.0003	-5.12531e-05
700000.0003	0.000146284
700000.0003	-7.67451e-05
700000.0003	-5.59403e-06
700000.0003	3.41857e-05
700000.0003	3.35853e-05
700000.0003	0.000135661
700000.0003	-0.000100007
700000.0003	-1.09053e-05
700000.0003	0.000109395
700000.0003	1.7623e-05
700000.0003	-6.65738e-05
700000.0003	-2.52369e-05
700000.0003	2.16074e-05
700000.0003	2.23163e-05
700000.0003	9.69585e-05
700000.0003	1.799e-05
700000.0003	-5.57458e-05
700000.0003	6.2921e-05
700000.0003	2.47751e-05
700000.0003	3.11488e-05
700000.0003	-5.00245e-05
700000.0003	1.78775e-05
700000.0003	6.37748e-05
700000.0003	2.73414e-05
700000.0003	-3.00984e-05
700000.0003	3.42107e-06
700000.0003	3.86776e-05
700000.0003	1.92179e-05
700000.0003	5.16107e-06
700000.0003	7.19553e-05
700000.0003	1.12142e-05
700000.0003	4.10776e-05
700000.0003	7.90624e-06
700000.0003	1.17452e-05
700000.0003	3.19284e-05
700000.0003	8.36374e-07
700000.0003	9.85835e-06
700000.0003	-9.08326e-07
700000.0003	-4.50825e-06
700000.0003	-3.72087e-05
700000.0003	-1.13193e-05
700000.0003	2.68261e-05
700000.0003	-1.87122e-05
700000.0003	4.26613e-05
700000.0003	-3.07384e-05
700000.0003	2.54828e-05
700000.0003	2.14774e-05
700000.0003	4.5677e-06
700000.0003	5.59711e-05
700000.0003	1.53087e-05
700000.0003	-7.75931e-08
700000.0003	-3.02994e-05
700000.0003	5.93434e-06
700000.0003	-2.12453e-06
700000.0003	2.20399e-05
700000.0003	-1.20816e-05
700000.0003	-5.64921e-05
700000.0003	3.90597e-05
700000.0003	6.38118e-05
700000.0003	-2.05293e-05
700000.0003	-2.06984e-05
700000.0003	-3.17919e-06
700000.0003	-3.61784e-05
700000.0003	2.08549e-05
700000.0003	-7.87073e-05
700000.0003	-2.17087e-05
700000.0003	-4.54463e-05
700000.0003	2.2058e-05
700000.0003	1.26665e-05
700000.0003	-0.000142526
700000.0003	1.18762e-05
700000.0003	-7.91893e-05
700000.0003	-2.0097e-05
700000.0003	2.33531e-05
700000.0003	4.18375e-05
700000.0003	5.27589e-05
700000.0003	2.4659e-05
700000.0003	-4.77302e-05
700000.0003	3.98414e-05
700000.0003	-9.55017e-06
700000.0003	3.49875e-05
700000.0003	4.20161e-05
700000.0003	-4.31187e-05
700000.0003	-7.29178e-05
700000.0003	8.90157e-05
700000.0003	-1.69034e-05
700000.0003	-6.99644e-06
700000.0003	8.26542e-05
700000.0003	-7.24167e-05
700000.0003	-4.85566e-05
700000.0003	-5.74e-05
700000.0003	-1.46946e-05
700000.0003	-0.000120227
700000.0003	-2.02809e-05
700000.0003	-8.8265e-05
700000.0003	-0.000198775
700000.0003	-0.000123956
700000.0003	6.96492e-05
700000.0003	-0.000130477
700000.0003	0.00011696
700000.0003	-1.24446e-05
700000.0003	-8.69599e-05
700000.0003	2.10489e-05
700000.0003	0.00011152
700000.0003	-0.000211337
700000.0003	-4.29032e-05
700000.0003	0.000176822
700000.0003	0.0182553
700000.0003	0.0240875
700000.0003	0.036801
700000.0003	0.0605808
700000.0003	0.100083
700000.0003	0.16614
700000.0003	0.265728
700000.0003	0.411034
700000.0003	0.606379
700000.0003	0.876462
700000.0003	1.25319
700000.0003	1.75703
700000.0003	2.45065
700000.0003	3.34099
700000.0003	4.46804
700000.0003	5.82931
700000.0003	7.42633
700000.0003	9.26895
700000.0003	11.2653
700000.0003	13.3538
700000.0003	15.2702
700000.0003	16.8741
700000.0003	18.1901
700000.0003	19.0595
700000.0003	19.5387
700000.0003	19.7169
700000.0003	19.5629
700000.0003	19.5288
700000.0003	19.2451
700000.0003	19.0882
700000.0003	18.8529
700000.0003	18.4629
700000.0003	18.1742
700000.0003	17.997
700000.0003	17.7903
700000.0003	17.489
700000.0003	17.2359
700000.0003	16.9377
700000.0003	16.6963
700000.0003	16.2356
700000.0003	15.9763
700000.0003	15.6966
700000.0003	15.4089
700000.0003	14.998
700000.0003	14.8422
700000.0003	14.7486
700000.0003	14.4679
700000.0003	14.2554
700000.0003	14.1884
700000.0003	13.8521
700000.0003	13.7271
700000.0003	13.5712
700000.0003	13.5009
700000.0003	13.3952
700000.0003	13.2412
700000.0003	13.0177
700000.0003	13.0336
700000.0003	12.918
700000.0003	12.8682
700000.0003	12.6889
700000.0003	12.5978
700000.0003	12.4511
700000.0003	12.4742
700000.0003	12.3497
700000.0003	12.2609
700000.0003	12.2405
700000.0003	12.1399
700000.0003	12.0682
700000.0003	12.0221
700000.0003	11.8725
700000.0003	11.824
700000.0003	11.8941
700000.0003	11.7122
700000.0003	11.7664
700000.0003	11.6343
700000.0003	11.6346
700000.0003	11.5573
700000.0003	11.4807
700000.0003	11.4466
700000.0003	11.5071
700000.0003	11.4832
700000.0003	11.2928
700000.0003	11.3461
700000.0003	11.2905
700000.0003	11.3296
700000.0003	11.3416
700000.0003	11.2638
700000.0003	11.1493
700000.0003	11.2296
700000.0003	11.1298
700000.0003	11.1091
700000.0003	11.0733
700000.0003	11.0895
700000.0003	11.0735
700000.0003	11.0114
700000.0003	10.9414
700000.0003	10.9238
700000.0003	11.0297
700000.0003	10.9594
700000.0003	10.8848
700000.0003	10.8676
700000.0003	10.8643
700000.0003	10.8814
700000.0003	10.8677
700000.0003	10.8618
700000.0003	10.8383
700000.0003	10.776
700000.0003	10.7634
700000.0003	10.8502
700000.0003	10.8056
700000.0003	10.7979
700000.0003	10.7832
700000.0003	10.7285
700000.0003	10.7531
700000.0003	10.7788
700000.0003	10.7821
700000.0003	10.8209
700000.0003	10.7193
700000.0003	10.6645
700000.0003	10.6846
700000.0003	10.6707
700000.0003	10.6486
700000.0003	10.7267
700000.0003	10.7259
700000.0003	10.7077
700000.0003	10.7095
700000.0003	10.7417
700000.0003	10.6388
700000.0003	10.7324
700000.0003	10.6167
700000.0003	10.6684
700000.0003	10.7118
700000.0003	10.6485
700000.0003	10.6337
700000.0003	10.6149
700000.0003	10.6312
700000.0003	10.6468
700000.0003	10.6456
700000.0003	10.6562
700000.0003	10.6884
700000.0003	10.63
700000.0003	10.6918
700000.0003	10.6539
700000.0003	10.6752
700000.0003	10.6056
700000.0003	10.6465
700000.0003	10.624
700000.0003	10.5963
700000.0003	10.5392
700000.0003	10.5775
700000.0003	10.5384
700000.0003	10.4397
700000.0003	10.4647
700000.0003	10.3965
700000.0003	10.4323
700000.0003	10.3731
700000.0003	10.3638
700000.0003	10.2867
700000.0003	10.2968
700000.0003	10.3118
700000.0003	10.2167
700000.0003	10.194
700000.0003	10.123
700000.0003	10.0648
700000.0003	10.0501
700000.0003	9.98545
700000.0003	9.9063
700000.0003	9.89095
700000.0003	9.85868
700000.0003	9.79855
700000.0003	9.75513
700000.0003	9.69447
700000.0003	9.63583
700000.0003	9.51886
700000.0003	9.48129
700000.0003	9.49142
700000.0003	9.31757
700000.0003	9.31658
700000.0003	9.3338
700000.0003	9.18855
700000.0003	9.09121
700000.0003	9.03138
700000.0003	8.94915
700000.0003	8.95236
700000.0003	8.81669
700000.0003	8.656
700000.0003	8.70212
700000.0003	8.68263
700000.0003	8.51007
700000.0003	8.47164
700000.0003	8.38855
700000.0003	8.32615
700000.0003	8.25861
700000.0003	8.1819
700000.0003	8.07807
700000.0003	8.02444
700000.0003	7.89852
700000.0003	7.85198
700000.0003	7.7826
700000.0003	7.75013
700000.0003	7.63074
700000.0003	7.54541
700000.0003	7.46054
700000.0003	7.37368
700000.0003	7.27285
700000.0003	7.22868
700000.0003	7.13497
700000.0003	7.04478
700000.0003	6.98828
700000.0003	6.9499
700000.0003	6.84543
700000.0003	6.74315
700000.0003	6.65538
700000.0003	6.60196
700000.0003	6.51723
700000.0003	6.47984
700000.0003	6.39151
700000.0003	6.31823
700000.0003	6.24825
700000.0003	6.16328
700000.0003	6.14589
700000.0003	6.09176
700000.0003	6.00727
700000.0003	5.97788
700000.0003	5.92523
700000.0003	5.8654
700000.0003	5.78103
700000.0003	5.7759
700000.0003	5.73987
700000.0003	5.69089
700000.0003	5.68344
700000.0003	5.64339
700000.0003	5.62192
700000.0003	5.56712
700000.0003	5.52489
700000.0003	5.49318
700000.0003	5.45673
700000.0003	5.38119
700000.0003	5.3113
700000.0003	5.24539
700000.0003	5.12123
700000.0003	5.00072
700000.0003	4.83165
700000.0003	4.6634
700000.0003	4.47777
700000.0003	4.24514
700000.0003	4.02069
700000.0003	3.79113
700000.0003	3.54398
700000.0003	3.28767
700000.0003	3.05308
700000.0003	2.79331
700000.0003	2.55142
700000.0003	2.33432
700000.0003	2.12638
700000.0003	1.93075
700000.0003	1.74592
700000.0003	1.58018
700000.0003	1.42559
700000.0003	1.28349
700000.0003	1.15021
700000.0003	1.03165
700000.0003	0.922486
700000.0003	0.824823
700000.0003	0.731309
700000.0003	0.651183
700000.0003	0.574628
700000.0003	0.505052
700000.0003	0.44596
700000.0003	0.388482
700000.0003	0.340788
700000.0003	0.294386
700000.0003	0.254073
700000.0003	0.219257
700000.0003	0.188184
700000.0003	0.160755
700000.0003	0.135996
700000.0003	0.115168
700000.0003	0.0971493
700000.0003	0.0825322
700000.0003	0.068941
700000.0003	0.0582743
700000.0003	0.0480873
700000.0003	0.040382
700000.0003	0.0339669
700000.0003	0.0279316
700000.0003	0.0239071
700000.0003	0.0202488
700000.0003	0.017099
700000.0003	0.0144739
700000.0003	0.0124807
700000.0003	0.0110124
700000.0003	0.00938531
700000.0003	0.00843808
700000.0003	0.00750788
700000.0003	0.00672999
700000.0003	0.00625207
700000.0003	0.0057716
700000.0003	0.00547701
700000.0003	0.00529838
700000.0003	0.00516488
700000.0003	0.00499875
700000.0003	0.00492922
700000.0003	0.00481317
700000.0003	0.00472711
700000.0003	0.00471638
700000.0003	0.00467435
700000.0003	0.00455134
700000.0003	0.00453891
700000.0003	0.00451705
700000.0003	0.0043989
700000.0003	0.00436287
700000.0003	0.00438615
700000.0003	0.00435929
700000.0003	0.00429092
700000.0003	0.00430798
700000.0003	0.00429058
700000.0003	0.00423096
700000.0003	0.00424522
700000.0003	0.00421739
700000.0003	0.00420042
700000.0003	0.00422442
700000.0003	0.00414145
700000.0003	0.00412491
700000.0003	0.00415063
700000.0003	0.00415582
700000.0003	0.00411816
700000.0003	0.00410128
700000.0003	0.00412856
700000.0003	0.00414513
700000.0003	0.00411033
700000.0003	0.00410256
700000.0003	0.00407078
700000.0003	0.0040626
700000.0003	0.00405216
700000.0003	0.0040835
700000.0003	0.00413136
700000.0003	0.0040645
700000.0003	0.00411532
700000.0003	0.00407274
700000.0003	0.00412142
700000.0003	0.00407629
700000.0003	0.00407918
700000.0003	0.00408273
700000.0003	0.00412053
700000.0003	0.00415459
700000.0003	0.00415113
700000.0003	0.00411712
700000.0003	0.00416056
700000.0003	0.00410474
700000.0003	0.00415301
700000.0003	0.0041594
700000.0003	0.00415992
700000.0003	0.00421971
700000.0003	0.00419118
700000.0003	0.00418326
700000.0003	0.00415507
700000.0003	0.00426988
700000.0003	0.00427041
700000.0003	0.00423579
700000.0003	0.00428743
700000.0003	0.00428535
700000.0003	0.00430757
700000.0003	0.00435938
700000.0003	0.00434619
700000.0003	0.00443296
700000.0003	0.00448126
700000.0003	0.00445949
700000.0003	0.00452736
700000.0003	0.00449129
700000.0003	0.00464233
700000.0003	0.00467033
700000.0003	0.00465339
700000.0003	0.00475026
700000.0003	0.00482277
700000.0003	0.00488103
700000.0003	0.00504678
700000.0003	0.00503369
700000.0003	0.00517209
700000.0003	0.00523606
700000.0003	0.00542081
700000.0003	0.00554562
700000.0003	0.00574856
700000.0003	0.00587897
700000.0003	0.00595903
700000.0003	0.00630651
700000.0003	0.00662217
700000.0003	0.00684129
700000.0003	0.00735267
700000.0003	0.00762914
700000.0003	0.00812484
700000.0003	0.00864783
700000.0003	0.00932758
700000.0003	0.00982725
700000.0003	0.0107303
700000.0003	0.0116651
700000.0003	0.0128189
700000.0003	0.0139363
700000.0003	0.0152666
700000.0003	0.0164915
