700000.0003	2958.41	2955.65	2956.91	2957.31	2960.12	2955.22	2954.17	2952.74	2958.54	2957.27	2958.17	2961.25	2958.09	2960.58	2954.25
700000.0003	1531.6	1532.58	1534.09	1530.79	1532.98	1533.64	1528.53	1529.73	1532.19	1534.84	1530.89	1533.18	1536.19	1531.51	1532.29
700000.0003	192.978	193.901	194.138	194.39	193.672	194.531	193.474	193.576	194.876	195.2	194.396	193.097	195.017	193.547	194.127
700000.0003	32.2551	32.0628	31.9605	32.5698	32.3781	32.4818	31.9111	32.1095	32.4886	32.5678	32.5217	32.4999	32.0837	32.4519	32.0482
700000.0003	19.3232	19.0131	19.087	19.0006	19.0463	19.4221	19.293	19.2541	19.0859	19.3516	19.4665	19.0784	18.9262	19.1846	19.1007
700000.0003	16.7324	16.8779	16.4721	16.791	16.7719	16.7527	16.8132	16.8148	16.247	16.7725	16.3819	16.7055	16.2867	16.4383	16.7703
700000.0003	14.9923	15.113	15.4268	15.3977	15.3688	15.6675	15.338	15.1976	15.2937	14.8174	15.5678	15.3173	15.4839	15.2817	15.5666
700000.0003	14.3933	14.4458	14.4334	14.2702	14.5882	14.4744	14.7954	14.4592	14.4721	14.3738	14.9344	14.9719	14.5872	14.5899	14.5199
700000.0003	14.0365	14.0174	13.9472	13.8669	14.0347	13.907	13.802	14.2223	14.0248	14.2491	13.9627	14.1415	14.0316	13.9161	14.4139
700000.0003	13.5471	13.4537	13.8529	13.7042	13.1687	13.6307	13.4561	13.5813	13.9549	13.99	13.6875	13.7897	13.9225	13.718	13.7343
700000.0003	13.0516	13.4274	13.7498	13.528	13.481	13.4324	13.5409	13.4698	13.7226	13.3994	13.4926	13.3704	13.2813	13.6683	13.6262
700000.0003	13.1021	13.2416	13.4323	13.6734	13.6258	13.4926	13.7446	13.6958	13.3999	13.4336	13.2949	13.1605	13.1504	13.4335	13.2466
700000.0003	13.0269	13.2165	13.2485	13.3257	13.1016	13.0629	13.4505	13.1411	13.4318	13.6246	13.0114	13.164	13.2516	13.386	13.154
700000.0003	12.8764	13.1183	13.1907	13.0891	13.3125	13.1049	13.1923	12.7222	13.1084	13.2747	13.1264	13.3896	13.834	13.3624	13.3087
700000.0003	13.0481	13.6221	13.5955	13.5383	13.5436	13.1296	13.0977	13.4561	13.2793	13.4687	13.5305	13.5552	13.4101	13.3474	13.5663
700000.0003	14.1801	13.9028	13.9656	13.9596	14.0584	13.9229	14.1154	13.5734	14.1709	13.8312	13.6682	13.6522	13.8999	13.8668	14.0999
700000.0003	15.1269	15.3085	15.1448	15.0674	15.5455	14.9662	14.7374	15.1779	15.1098	15.2494	14.9564	15.0268	14.9496	15.2669	14.9653
700000.0003	17.3906	16.9739	17.0324	17.0674	17.103	16.8249	17.0292	17.0971	17.1481	16.9632	17.0441	17.3453	16.9452	16.8373	16.7172
700000.0003	19.7664	19.8984	19.7081	19.5451	19.5542	19.8057	20.0415	20.0315	19.9516	19.6401	20.2415	20.1225	19.8121	19.4281	19.9668
700000.0003	23.9242	24.5474	24.022	24.2583	24.2326	24.2175	24.4163	23.9993	23.881	24.0424	23.9459	24.2334	24.0868	23.5072	23.9272
700000.0003	30.4898	30.2009	30.5261	30.6581	30.5734	30.8022	30.5995	31.0083	30.6227	30.481	30.1342	31.0698	30.9957	30.5688	31.0918
700000.0003	42.4381	41.741	42.593	42.2976	42.0692	41.9705	42.3966	41.9446	42.4062	42.2339	42.5402	42.329	42.7882	42.0536	42.1443
700000.0003	68.3026	67.5214	67.2814	67.6601	67.4793	67.663	67.4587	67.2115	67.8226	67.8551	68.1024	67.4958	66.9012	67.1131	68.1062
700000.0003	155.731	155.127	155.221	154.997	155.546	155.628	155.887	156.53	154.903	155.469	155.699	155.578	155.563	156.525	156.142
700000.0003	516.655	515.403	516.172	515.073	516.881	516.521	517.262	518.438	517.33	516.16	516.77	515.891	516.967	517.073	517.108
700000.0003	1363.59	1362.52	1360.6	1363.89	1364.45	1363.53	1365.22	1364.21	1364.27	1363.3	1364.86	1362.2	1362.81	1365.12	1362.63
700000.0003	2204.59	2201.54	2203.91	2199.8	2202.84	2203.71	2203.06	2203.2	2203.47	2206.35	2204.19	2202.67	2205.29	2204.26	2202.02
700000.0003	2644.19	2642.51	2640.42	2642.24	2640.46	2640.22	2642.5	2642.32	2641.77	2644.21	2647.01	2644.62	2644.52	2643.47	2642.25
700000.0003	2791.92	2790.99	2785.38	2788.93	2786.06	2787.23	2787	2788.75	2787.79	2787.73	2793.6	2795.4	2787.91	2786.2	2790.79
700000.0003	2836.09	2836.08	2834.04	2838.01	2835.64	2832.12	2832.44	2837.6	2837.7	2835.55	2837.9	2837.72	2836.72	2836.22	2838.15
700000.0003	2867.97	2864.8	2863.77	2865.76	2866.27	2861.57	2860.33	2867.48	2867.38	2866.72	2865.84	2868.75	2865.49	2866.47	2866.21
700000.0003	2895.84	2895.9	2888.46	2891.28	2894.42	2890.68	2888.57	2893.02	2892.82	2893.91	2891.85	2897.12	2895.93	2890.99	2893.85
700000.0003	2920.6	2917.63	2919.01	2922.33	2923.42	2915.38	2912.73	2922.55	2923.37	2921.65	2916.12	2921.62	2921.26	2921.87	2920.13
700000.0003	2947.42	2947.18	2944.68	2945.02	2946.16	2945.8	2949.22	2947.36	2943.75	2943.13	2949.89	2951.58	2947.91	2946.06	2945.92
700000.0003	2974.84	2971.54	2975.08	2974.64	2973.2	2968.7	2970.78	2974.46	2972.68	2974.06	2974.29	2973.78	2971.42	2975.38	2974.41
700000.0003	2999.86	2998.48	2998.55	3001.63	3002.5	2998.85	2996.94	2998.16	2999.18	3000.47	2997.96	3001.98	2999.84	3002.15	3001.39
700000.0003	3027.59	3030.93	3027.46	3024.71	3020.34	3028.8	3024.44	3028.07	3022.74	3026.47	3027.43	3029.27	3025.95	3024.46	3025.64
700000.0003	3048.51	3048.98	3053.01	3053.53	3053.23	3052.13	3051.64	3048.36	3048.23	3057.31	3053.82	3048.41	3050.62	3059.76	3058.12
700000.0003	3077.33	3079.62	3076.67	3079.88	3075.16	3075.41	3076.92	3073.49	3075.32	3076.71	3080.16	3078.83	3077.28	3076.47	3079.58
700000.0003	3098.8	3095.21	3093.95	3093.92	3097.45	3095.89	3093.5	3093.45	3094.48	3092.66	3095.72	3098.21	3100.18	3094.94	3093.89
700000.0003	-0.455165	1.66321	-1.32945	-0.73596	0.496556	0.916908	0.0789919	0.770563	0.393328	0.878236	1.14415	-0.190513	0.122887	0.255116	0.291766
700000.0003	0.180526	-0.0343527	-1.13278	-0.854903	-0.000313911	1.08249	0.723217	-0.636309	0.836722	-1.05258	-0.738937	0.222787	0.257689	0.163721	-0.68565
700000.0003	0.289696	-0.348476	-0.0115945	-0.0528028	-0.19894	-0.258358	0.318065	0.36234	0.142708	0.0840412	0.0173584	-0.128417	-0.375741	0.0463895	0.233492
700000.0003	0.0621963	-0.161794	0.128191	0.170209	0.107956	0.284312	0.037448	0.0690781	0.0175288	0.151752	0.0943751	0.240854	-0.149131	0.127282	0.147449
700000.0003	0.0245555	0.00478197	-0.0850456	0.0622342	-0.0250144	0.0480804	0.108338	-0.0401277	0.0665009	-0.224813	0.117397	0.0802589	0.132469	0.112224	0.256187
700000.0003	-0.161084	-0.0106128	-0.215752	0.0710809	0.102087	-0.0625748	0.0261415	0.0375798	0.198768	-0.154685	-0.234473	0.134255	-0.041447	0.0346656	-0.226377
700000.0003	0.0290268	-0.145936	-0.00701085	-0.0917046	0.0284167	-0.178471	0.0325684	-0.207156	0.0760823	0.0139405	0.0977143	0.0504927	-0.061535	-0.103543	0.19131
700000.0003	0.105482	-0.0284923	-0.0588387	-0.114043	0.139508	0.222831	0.111907	-0.114754	-0.166431	0.116848	0.121737	0.0334314	-0.00265248	0.143738	-0.206362
700000.0003	0.0222301	-0.0247905	0.0611414	0.00524236	0.0324491	0.0354036	0.130745	0.143179	0.0457178	0.093649	0.0893258	-0.118746	0.0987359	0.0167387	-0.0227779
700000.0003	0.0726014	0.107723	-0.00187268	0.155835	-0.0183026	-0.00719578	0.0562183	0.0259954	-0.0990555	0.0435336	0.0398973	-0.145026	0.0390855	0.0143528	0.115512
700000.0003	-0.0879907	-0.0207999	-0.0185744	-0.0618023	0.0775332	0.0971467	0.0209692	-0.0900414	0.0544742	0.032035	0.0256218	0.123176	0.236035	0.134142	0.112482
700000.0003	-0.102972	-0.0198561	0.0844524	-0.0698302	-0.195632	0.0745254	0.144348	-0.033848	0.135586	-0.0023708	-0.00231853	0.162324	0.0414831	0.182272	-0.0330821
700000.0003	0.0907539	0.038513	-0.154072	0.00209577	0.0895013	-0.000700244	-0.00028019	-0.160426	0.0711453	-0.0705228	0.0190269	0.0443569	-0.0300743	0.194756	-0.0534604
700000.0003	0.103161	0.0609872	-0.0648021	-0.083958	-0.00473827	-0.0860409	0.0961452	-0.0978677	0.14439	0.123321	0.0141613	-0.0330826	-0.00155892	0.128825	-0.116395
700000.0003	-0.00626935	-0.0356765	0.0142843	-0.0650951	0.0320472	0.0275505	0.228011	-0.0709123	0.147249	0.100936	-0.0824721	-0.00621938	-0.161048	0.107907	-0.207557
700000.0003	0.0555101	-0.0158993	0.0119809	-0.036585	0.109388	-0.0490992	-0.176269	0.000769623	0.0807678	-0.0532606	-0.0074117	-0.0639526	0.140629	-0.215563	0.0916886
700000.0003	0.0351954	-0.0216563	-0.0733947	0.0964697	-0.186445	0.0386717	0.0730238	0.0225642	0.162237	-0.0106328	-0.0661157	0.0452647	0.0769693	0.152972	0.0970402
700000.0003	-0.0344116	0.173102	-0.0567673	-0.0521647	-0.0829844	0.089569	0.0688767	-0.0593663	0.101281	0.235215	0.147345	-0.0103077	-0.117815	0.0865141	0.0399782
700000.0003	-0.0713649	-0.0904069	-0.232205	0.17765	-0.190948	-0.04237	-0.100308	-0.0776595	-0.129267	-0.0189828	-0.214068	0.0744419	-0.0104433	-0.0118975	0.0747228
700000.0003	0.00849333	-0.118115	-0.152009	0.110896	0.19173	-0.0234382	-0.148791	-0.0357909	-0.05777	0.0655977	-0.405336	0.252559	0.149489	0.0413545	0.0114913
700000.0003	0.146985	0.173429	0.0716438	0.2587	0.112137	-0.0162512	0.172402	-0.220155	-0.00643464	0.114892	-0.283167	0.0742019	0.253844	0.0280833	-0.00549937
700000.0003	0.147616	-0.347698	-0.299842	0.134908	0.344868	0.271654	0.0151681	0.333928	-0.146733	0.107993	0.0896738	-0.000571481	0.171784	0.0168705	-0.0187926
700000.0003	-0.0558314	-0.0986501	-0.168989	-0.163564	0.137874	-0.0324715	0.208085	-0.380604	0.306042	-0.000353309	0.0268148	0.118654	0.0520902	0.70793	-0.101171
700000.0003	-0.415582	0.485255	-0.219975	-0.07584	0.187349	0.493932	0.1001	-0.134974	0.18693	-0.43438	0.490679	-0.139298	0.320301	-0.299976	-0.0447026
700000.0003	0.179877	-0.897893	0.555522	-0.651227	-0.124563	-0.272113	0.270921	0.49507	-0.299174	-0.115961	0.263705	-0.171189	0.345758	-0.721275	0.819663
700000.0003	-0.206685	-0.20713	0.533608	0.166863	0.255533	-0.308764	-0.584378	-0.144185	0.412907	0.145529	-0.486826	0.241904	-0.673066	-0.172001	-0.415234
700000.0003	-0.0806591	0.0579824	-1.06952	0.156197	-0.586394	-0.290527	-0.108551	0.419792	0.0366022	0.819063	0.0266819	-1.18469	-0.595448	-0.163051	-0.680665
700000.0003	0.750989	-0.951487	0.53994	-0.597567	-1.1831	-0.814229	-0.124361	0.859954	0.191117	0.510959	1.34161	-1.63354	-0.91288	-0.0288816	0.298167
700000.0003	0.41813	1.07817	0.251788	1.04182	0.229585	-0.741895	-0.685958	0.787649	-0.456	-0.9694	-0.242508	0.618448	-0.390688	-0.190352	-0.289323
700000.0003	0.920574	0.197433	0.279488	0.2441	-0.195473	-0.756456	-0.948102	0.462272	0.124078	-0.995978	-0.884337	0.291805	1.53468	-0.134782	0.0890072
700000.0003	0.847809	-0.645523	-0.154291	0.252009	0.374376	-0.288672	-0.319842	-1.10169	-0.296614	-0.115493	-0.496018	-0.186936	-0.0784437	0.819474	0.281475
700000.0003	-0.226882	0.735814	0.83311	-0.587367	-0.928521	-0.427707	-0.212663	-0.441894	-0.735668	-0.36763	-1.05885	0.707813	0.981102	0.179028	-0.786585
700000.0003	-0.216357	-0.376564	-1.06338	-0.931084	0.264638	0.158944	-0.648096	-1.7771	-0.419166	0.366357	0.522504	-0.479743	-0.569012	-0.43449	0.487738
700000.0003	0.0975315	-0.396682	-0.499331	-0.552083	-1.47742	-0.567182	-0.316816	0.00851958	-0.787311	-0.657579	-1.22945	0.6445	0.253368	-0.75438	-1.11474
700000.0003	-1.28972	-0.549109	-0.263861	0.0631749	-0.527961	-0.707416	-1.29438	-0.357778	-0.0895956	-1.30968	-0.196051	-0.435878	0.296008	-0.265857	-0.504505
700000.0003	0.186379	-0.382423	-1.3082	-1.76234	0.544354	0.475258	-0.379772	-1.49469	-0.574584	0.670274	0.289656	-1.22062	0.304567	0.501185	0.589267
700000.0003	-1.90929	0.418155	0.234845	-0.273102	-1.02518	-0.985758	0.0709715	0.728102	0.493166	0.774112	-0.714113	0.235528	1.15995	0.92862	-1.03137
700000.0003	0.991608	-0.980494	-0.38957	0.358535	-0.974769	-1.14164	0.64596	0.0384574	0.487552	0.215954	1.11011	0.90815	-0.858249	-0.110811	0.766608
700000.0003	0.264673	-0.891093	0.0415498	0.0274358	0.652473	-0.903681	-0.634746	0.596576	0.239155	-0.417179	1.44715	1.54994	-0.0514583	-0.164937	-0.266156
700000.0003	0.55419	0.137982	0.604109	-0.498832	0.233476	-0.0415491	0.200653	0.391475	0.314238	0.506122	0.470896	0.0360456	-0.358116	-1.06884	-0.217711
700000.0003	2912.49	2909.58	2909.3	2910.02	2910.47	2907.89	2907.81	2904.42	2908.09	2908.9	2913.53	2911.25	2909.92	2910.24	2907.72
700000.0003	1601.64	1605.98	1607.86	1604.21	1604.11	1604.41	1601.2	1603	1603.54	1607.59	1604.75	1606.36	1607.76	1603.56	1602.69
700000.0003	172.775	173.562	173.456	173.655	173.744	174.022	173.363	173.584	174.186	173.681	174.227	173.325	173.497	173.693	174.394
700000.0003	28.2837	28.6918	28.1701	28.3618	28.618	28.2026	28.2125	28.3221	28.6474	28.5854	28.1761	28.461	28.5987	28.7012	28.2535
700000.0003	18.0686	17.8891	18.3803	18.3233	18.3189	18.5183	18.3855	18.1964	18.1378	18.1706	18.0571	18.3744	18.4526	18.2977	18.0637
700000.0003	16.1903	16.1824	15.975	16.7565	16.2981	16.4096	16.2159	15.9583	15.8914	16.1813	16.0519	16.1062	16.0941	16.135	16.0313
700000.0003	14.6796	15.0089	15.0047	15.135	15.0954	15.2564	14.7418	14.5899	14.992	14.6123	14.9273	14.5804	15.435	14.7558	14.9118
700000.0003	14.3425	14.4265	14.3469	14.3228	14.4634	14.3804	14.3083	14.2202	14.0956	14.0596	14.7018	14.482	14.5529	14.3071	14.0236
700000.0003	14.023	13.9925	13.8111	14.0223	14.0605	13.7575	14.228	13.9001	13.9308	13.9149	13.9067	13.7174	13.9735	13.7358	13.8554
700000.0003	13.5954	13.2842	13.5502	13.4313	13.4866	13.6189	13.341	13.6054	13.5529	13.8496	13.5403	13.5159	13.5702	13.9034	13.61
700000.0003	13.1663	13.6409	13.373	13.4132	13.4191	13.6107	13.566	13.2175	13.4275	13.8843	13.5497	13.1059	13.4401	13.631	13.6566
700000.0003	13.2343	13.2514	13.5914	13.6019	13.6623	13.5272	13.5852	13.6786	13.3768	13.1203	13.5841	13.013	13.3672	13.4462	13.0333
700000.0003	13.0183	12.9763	13.1067	13.3552	13.3848	12.9636	13.3933	13.0879	13.3757	13.4657	13.2198	13.187	13.1894	13.242	13.3153
700000.0003	13.0688	13.0591	12.6324	12.9725	13.0411	13.0635	13.1463	13.1649	13.3359	13.729	13.2837	13.2719	13.7151	13.5377	13.5076
700000.0003	13.282	13.8419	13.3201	13.4528	13.3189	13.2258	13.2858	13.4646	13.719	13.6963	13.6024	13.8009	13.4296	13.2651	13.408
700000.0003	14.0309	14.0546	14.016	13.9084	13.9017	13.9555	14.0591	14.0992	14.1831	13.8106	14.0229	13.8022	14.0001	14.0204	14.1744
700000.0003	15.0689	15.4373	15.2744	15.055	15.2712	14.8869	14.7907	14.968	14.6484	14.8438	14.8703	15.2449	15.0882	15.2307	14.9546
700000.0003	17.187	17.2311	16.8643	17.005	16.9264	16.8793	17.0071	16.9325	16.919	17.1108	16.9257	17.4678	16.7981	16.8915	16.5365
700000.0003	19.7344	19.9289	19.7244	19.5244	19.7059	19.6583	19.9124	19.6854	19.9879	19.6772	20.1107	19.9153	19.8	19.8855	19.8248
700000.0003	24.1893	24.3551	23.9825	24.3897	24.369	23.7063	23.998	23.9654	23.8964	23.4914	23.4948	23.8259	24.0827	23.7511	23.935
700000.0003	30.3041	31.0564	30.3503	30.685	30.456	30.4445	30.5741	30.9203	29.9874	30.5289	30.4245	30.6422	30.6	30.2892	30.39
700000.0003	42.0193	42.1051	42.2504	41.8481	41.8122	41.6166	41.5888	41.5978	41.5666	41.8906	42.1179	41.8441	41.9666	41.6241	41.4213
700000.0003	66.8933	66.6675	66.6477	66.3969	66.4618	66.6037	66.0744	66.4722	67.3883	66.4922	66.5016	66.8022	66.4391	66.2003	66.7233
700000.0003	153.673	153.093	152.625	152.331	152.946	152.594	152.741	153.537	152.757	152.736	152.605	153.117	152.893	153.906	152.352
700000.0003	520.529	521.506	520.384	521.178	521.096	521.686	522.143	522.377	521.914	520.149	520.56	520.814	523.444	520.923	522.09
700000.0003	1362.95	1363.08	1363.08	1362.78	1366.93	1365.61	1368.48	1366.73	1364.99	1363.66	1363.05	1364.23	1364.35	1364.91	1366.52
700000.0003	2157.19	2154.63	2155.44	2153.13	2154.19	2155.3	2153.3	2157.4	2156.4	2157.66	2157.26	2155.95	2156.71	2154.79	2155.45
700000.0003	2586.34	2585.52	2583.9	2583.94	2581.46	2582.71	2587.17	2582.76	2584.6	2587.93	2589.03	2586.63	2586.33	2586.61	2585.75
700000.0003	2778.33	2779.49	2777.4	2776.44	2776.65	2777.21	2777.72	2778.83	2779.42	2780.22	2780.19	2780.97	2780.51	2778.26	2777.18
700000.0003	2865.82	2866.91	2866.56	2867.11	2866.96	2868.47	2867.11	2866.12	2868.11	2866.69	2867.7	2866.18	2866.85	2865.26	2864.63
700000.0003	2905.7	2904.46	2906.78	2908.5	2907.31	2905.33	2906.96	2907.81	2905.35	2906.7	2906.03	2905.78	2903.87	2907.84	2906.12
700000.0003	2930.7	2933.32	2931.13	2932.89	2930.71	2935.17	2931.77	2932.82	2930.4	2934.39	2931.92	2931.76	2930.27	2929.97	2931.54
700000.0003	2952.82	2953.28	2954.11	2951.64	2954.87	2952.73	2951.07	2952.65	2954.62	2952.09	2951.49	2951.07	2954.59	2951.08	2953.2
700000.0003	2971.63	2971.49	2970.68	2972.62	2973.54	2971.83	2972.51	2971.48	2972.58	2971.52	2973.26	2972.26	2973.31	2971.51	2970.32
700000.0003	2988.76	2989.03	2990.99	2988.98	2989.02	2987.62	2992.66	2990.32	2989.48	2988.16	2991.78	2990.21	2987.83	2989.96	2988.99
700000.0003	3006.03	3004.35	3007.78	3008.34	3008.17	3007.6	3006.61	3004.81	3008.65	3005.95	3006.1	3006.84	3005.92	3009.03	3007.58
700000.0003	3025.7	3026.08	3023.41	3024.14	3022.76	3026.21	3022.4	3027.72	3022.45	3023.47	3022.84	3026.82	3021.62	3020.95	3022.08
700000.0003	3042.06	3044.07	3044.19	3044.4	3043.13	3043.56	3041.8	3044.57	3041.07	3046.86	3042.65	3041.95	3042.73	3044.77	3043.32
700000.0003	3068.22	3070	3069.55	3069.55	3068	3065.96	3068.29	3066.36	3068.82	3068.35	3068.73	3066.38	3069.63	3069.15	3071.57
700000.0003	3083.29	3082.67	3081.77	3082.81	3083.82	3083.41	3082.29	3081.95	3081.75	3078.89	3082.05	3083.19	3084.45	3083.91	3083.73
