700000.0003	65.2526
700000.0003	112.696
700000.0003	194.186
700000.0003	313.418
700000.0003	481.834
700000.0003	698.283
700000.0003	962.498
700000.0003	1259.62
700000.0003	1590.61
700000.0003	1965.97
700000.0003	2392.77
700000.0003	2858.43
700000.0003	3304.73
700000.0003	3642.62
700000.0003	3801.42
700000.0003	3732.22
700000.0003	3455.36
700000.0003	3049.57
700000.0003	2584.58
700000.0003	2138.68
700000.0003	1728.73
700000.0003	1363.11
700000.0003	1054.83
700000.0003	808.924
700000.0003	612.052
700000.0003	462.195
700000.0003	350.517
700000.0003	262.223
700000.0003	203.357
700000.0003	151.436
700000.0003	114.398
700000.0003	89.5597
700000.0003	70.1517
700000.0003	56.9958
700000.0003	42.5186
700000.0003	35.126
700000.0003	28.5776
700000.0003	22.3547
700000.0003	17.5459
700000.0003	13.2207
700000.0003	11.1868
700000.0003	10.3693
700000.0003	7.47162
700000.0003	7.87286
700000.0003	5.95767
700000.0003	5.99652
700000.0003	5.96119
700000.0003	5.00636
700000.0003	3.07751
700000.0003	3.30911
700000.0003	2.76791
700000.0003	3.23964
700000.0003	3.14284
700000.0003	1.73361
700000.0003	2.18217
700000.0003	2.29858
700000.0003	1.27063
700000.0003	1.55289
700000.0003	1.70635
700000.0003	1.82424
700000.0003	2.87963
700000.0003	2.33782
700000.0003	1.73641
700000.0003	1.81634
700000.0003	2.10644
700000.0003	1.69686
700000.0003	2.03356
700000.0003	1.2702
700000.0003	1.59195
700000.0003	1.37146
700000.0003	0.455152
700000.0003	-0.160068
700000.0003	0.366566
700000.0003	1.2791
700000.0003	0.99772
700000.0003	1.49758
700000.0003	0.62561
700000.0003	0.790296
700000.0003	1.46078
700000.0003	1.18677
700000.0003	0.479456
700000.0003	0.150568
700000.0003	0.836807
700000.0003	0.84025
700000.0003	-0.293398
700000.0003	0.645255
700000.0003	0.723905
700000.0003	0.950634
700000.0003	0.779898
700000.0003	1.00047
700000.0003	0.221938
700000.0003	-0.43068
700000.0003	0.636018
700000.0003	0.977269
700000.0003	0.883481
700000.0003	0.0711527
700000.0003	1.01302
700000.0003	0.136294
700000.0003	0.66817
700000.0003	0.339098
700000.0003	-0.688035
700000.0003	0.766384
700000.0003	0.0813034
700000.0003	0.351723
700000.0003	0.122018
700000.0003	-0.067376
700000.0003	-0.0731543
700000.0003	0.484814
700000.0003	-0.332774
700000.0003	-0.74925
700000.0003	0.535455
700000.0003	0.240543
700000.0003	0.188031
700000.0003	0.606226
700000.0003	0.709004
700000.0003	-0.0395827
700000.0003	-0.0406877
700000.0003	0.327268
700000.0003	-0.547286
700000.0003	0.0503878
700000.0003	0.0162083
700000.0003	0.664069
700000.0003	0.993931
700000.0003	0.313022
700000.0003	0.484506
700000.0003	1.20874
700000.0003	-0.313621
700000.0003	-0.115366
700000.0003	-0.648924
700000.0003	0.263037
700000.0003	0.133813
700000.0003	-0.456823
700000.0003	-0.458066
700000.0003	1.10456
700000.0003	0.0513265
700000.0003	-0.731946
700000.0003	-0.215107
700000.0003	0.350784
700000.0003	0.26406
700000.0003	-0.668306
700000.0003	-0.420212
700000.0003	0.747535
700000.0003	-1.30121
700000.0003	-0.0492246
700000.0003	-1.62653
700000.0003	-1.14785
700000.0003	-0.734942
700000.0003	-0.318926
700000.0003	0.0291586
700000.0003	-1.50293
700000.0003	-0.458643
700000.0003	-0.422817
700000.0003	-0.568806
700000.0003	-0.781701
700000.0003	-0.843921
700000.0003	-2.11611
700000.0003	-0.750923
700000.0003	-1.30455
700000.0003	-1.77112
700000.0003	-0.284251
700000.0003	-1.95975
700000.0003	-1.98988
700000.0003	-2.80234
700000.0003	-1.65243
700000.0003	-3.6634
700000.0003	-3.01947
700000.0003	-3.35384
700000.0003	-3.09052
700000.0003	-2.22196
700000.0003	-2.73562
700000.0003	-3.30341
700000.0003	-1.88914
700000.0003	-1.96015
700000.0003	-3.88527
700000.0003	-3.82246
700000.0003	-3.36003
700000.0003	-2.79895
700000.0003	-2.85935
700000.0003	-3.48143
700000.0003	-4.89883
700000.0003	-4.72054
700000.0003	-4.56919
700000.0003	-5.41122
700000.0003	-4.38377
700000.0003	-4.35354
700000.0003	-5.84877
700000.0003	-5.3306
700000.0003	-5.05098
700000.0003	-6.01651
700000.0003	-5.67114
700000.0003	-6.72959
700000.0003	-6.03035
700000.0003	-7.5517
700000.0003	-7.99823
700000.0003	-7.14059
700000.0003	-8.21719
700000.0003	-8.94468
700000.0003	-9.17746
700000.0003	-7.97024
700000.0003	-8.60274
700000.0003	-9.4499
700000.0003	-10.1929
700000.0003	-10.7533
700000.0003	-10.7342
700000.0003	-12.174
700000.0003	-14.1984
700000.0003	-13.5367
700000.0003	-14.9445
700000.0003	-15.2433
700000.0003	-16.0618
700000.0003	-18.1601
700000.0003	-18.4712
700000.0003	-18.126
700000.0003	-19.9548
700000.0003	-22.3139
700000.0003	-22.8924
700000.0003	-26.5868
700000.0003	-26.8721
700000.0003	-29.6931
700000.0003	-32.6573
700000.0003	-36.0037
700000.0003	-39.545
700000.0003	-42.4513
700000.0003	-48.1238
700000.0003	-54.2341
700000.0003	-59.3764
700000.0003	-67.4763
700000.0003	-78.325
700000.0003	-89.7882
700000.0003	-101.113
700000.0003	-114.563
700000.0003	-136.574
700000.0003	-154.466
700000.0003	-182.148
700000.0003	-213.666
700000.0003	-249.099
700000.0003	-289.217
700000.0003	-337.297
700000.0003	-392.405
700000.0003	-456.322
700000.0003	-525.118
700000.0003	-598.723
700000.0003	-679.126
700000.0003	-774.11
700000.0003	-868.101
700000.0003	-963.772
700000.0003	-1065.61
700000.0003	-1164.79
700000.0003	-1249.61
700000.0003	-1330.7
700000.0003	-1396.06
700000.0003	-1455.67
700000.0003	-1491.04
700000.0003	-1507.08
700000.0003	-1517.3
700000.0003	-1504.14
700000.0003	-1479.64
700000.0003	-1438.06
700000.0003	-1392.26
700000.0003	-1331.86
700000.0003	-1273.26
700000.0003	-1207.79
700000.0003	-1136.21
700000.0003	-1072.09
700000.0003	-1004.75
700000.0003	-936.336
700000.0003	-866.842
700000.0003	-798.068
700000.0003	-735.565
700000.0003	-670.799
700000.0003	-609.188
700000.0003	-552.365
700000.0003	-493.965
700000.0003	-444.195
700000.0003	-391.924
700000.0003	-347.254
700000.0003	-303.961
700000.0003	-266.783
700000.0003	-234.574
700000.0003	-205.414
700000.0003	-178.742
700000.0003	-156.405
700000.0003	-135.089
700000.0003	-118.614
700000.0003	-103.531
700000.0003	-93.5618
700000.0003	-84.9869
700000.0003	-78.1372
700000.0003	-70.651
700000.0003	-64.6163
700000.0003	-60.3842
700000.0003	-57.9449
700000.0003	-54.2017
700000.0003	-52.0795
700000.0003	-49.889
700000.0003	-47.04
700000.0003	-46.3402
700000.0003	-44.8961
700000.0003	-44.264
700000.0003	-42.1958
700000.0003	-42.262
700000.0003	-42.8294
700000.0003	-41.8045
700000.0003	-41.9812
700000.0003	-41.2606
700000.0003	-41.3867
700000.0003	-41.0285
700000.0003	-41.4767
700000.0003	-40.9323
700000.0003	-40.473
700000.0003	-40.8636
700000.0003	-41.1507
700000.0003	-40.1457
700000.0003	-40.418
700000.0003	-40.9409
700000.0003	-41.4397
700000.0003	-41.0243
700000.0003	-40.4984
700000.0003	-39.9822
700000.0003	-40.1427
700000.0003	-40.0644
700000.0003	-40.8393
700000.0003	-39.8453
700000.0003	-40.9894
700000.0003	-40.6342
700000.0003	-40.2836
700000.0003	-41.0761
700000.0003	-40.378
700000.0003	-39.0586
700000.0003	-40.5168
700000.0003	-39.6895
700000.0003	-39.529
700000.0003	-40.9793
700000.0003	-40.1161
700000.0003	-40.4262
700000.0003	-40.1847
700000.0003	-38.9191
700000.0003	-39.351
700000.0003	-40.1336
700000.0003	-39.5611
700000.0003	-39.9822
700000.0003	-39.2294
700000.0003	-39.8393
700000.0003	-40.1583
700000.0003	-39.928
700000.0003	-40.4235
700000.0003	-39.6829
700000.0003	-39.5708
700000.0003	-40.1383
700000.0003	-40.0997
700000.0003	-40.1786
700000.0003	-39.5469
700000.0003	-40.1823
700000.0003	-39.1603
700000.0003	-40.0409
700000.0003	-39.604
700000.0003	-40.1789
700000.0003	-38.7705
700000.0003	-39.4752
700000.0003	-39.1266
700000.0003	-39.9617
700000.0003	-39.9335
700000.0003	-40.1342
700000.0003	-39.8268
700000.0003	-39.431
700000.0003	-39.6101
700000.0003	-39.2195
700000.0003	-39.3633
700000.0003	-39.7396
700000.0003	-39.171
700000.0003	-39.2036
700000.0003	-38.7581
700000.0003	-38.8254
700000.0003	-39.3312
700000.0003	-38.3216
700000.0003	-38.4529
700000.0003	-38.9619
700000.0003	-37.7834
700000.0003	-38.28
700000.0003	-37.3676
700000.0003	-36.8027
700000.0003	-37.6577
700000.0003	-36.5971
700000.0003	-37.071
700000.0003	-36.9043
700000.0003	-36.0369
700000.0003	-34.9266
700000.0003	-33.9893
700000.0003	-32.0147
700000.0003	-32.176
700000.0003	-31.0121
700000.0003	-28.6374
700000.0003	-26.0138
700000.0003	-23.7793
700000.0003	-19.3258
700000.0003	-13.9957
700000.0003	-5.37101
700000.0003	4.46388
700000.0003	17.4524
700000.0003	36.3556
700000.0003	-0.432146
700000.0003	-0.949898
700000.0003	-1.99645
700000.0003	0.537375
700000.0003	-2.17508
700000.0003	0.0979015
700000.0003	-0.468522
700000.0003	-1.3679
700000.0003	2.18102
700000.0003	3.26461
700000.0003	1.89401
700000.0003	-0.561857
700000.0003	3.92238
700000.0003	-2.09355
700000.0003	2.52556
700000.0003	-3.14997
700000.0003	2.84119
700000.0003	0.513016
700000.0003	-0.988207
700000.0003	-3.73828
700000.0003	-0.0418558
700000.0003	1.5308
700000.0003	-1.33337
700000.0003	1.36786
700000.0003	-1.05182
700000.0003	0.082885
700000.0003	3.1234
700000.0003	-2.68398
700000.0003	-1.88616
700000.0003	0.0824954
700000.0003	1.35393
700000.0003	-0.783073
700000.0003	-0.600739
700000.0003	0.735985
700000.0003	0.0648175
700000.0003	-0.521819
700000.0003	0.195987
700000.0003	-1.08689
700000.0003	0.953654
700000.0003	0.340001
700000.0003	1.14122
700000.0003	-0.0642575
700000.0003	-0.370514
700000.0003	-0.51568
700000.0003	-0.843172
700000.0003	-0.171684
700000.0003	0.633175
700000.0003	-0.101499
700000.0003	1.19643
700000.0003	-0.000180868
700000.0003	0.353389
700000.0003	0.543544
700000.0003	0.138006
700000.0003	0.454156
700000.0003	-1.17711
700000.0003	-0.391692
700000.0003	-0.350707
700000.0003	0.490517
700000.0003	1.28788
700000.0003	-0.0551527
700000.0003	-0.539021
700000.0003	0.145963
700000.0003	0.430159
700000.0003	-0.310312
700000.0003	0.343072
700000.0003	-0.57624
700000.0003	-0.943068
700000.0003	-0.644429
700000.0003	-0.0791501
700000.0003	-0.167746
700000.0003	0.574333
700000.0003	-0.351975
700000.0003	1.07718
700000.0003	-0.229906
700000.0003	-0.453563
700000.0003	-0.280838
700000.0003	0.169738
700000.0003	1.13029
700000.0003	0.386515
700000.0003	-0.881983
700000.0003	-0.429302
700000.0003	0.285853
700000.0003	-1.13125
700000.0003	-0.225875
700000.0003	0.618611
700000.0003	0.352258
700000.0003	0.339648
700000.0003	0.184648
700000.0003	0.228341
700000.0003	-0.359781
700000.0003	-0.674852
700000.0003	0.246684
700000.0003	0.423442
700000.0003	0.74673
700000.0003	-0.236386
700000.0003	-0.591948
700000.0003	-0.403858
700000.0003	-0.538266
700000.0003	0.341528
700000.0003	0.616162
700000.0003	-0.00160078
700000.0003	-0.494528
700000.0003	0.86673
700000.0003	-0.115352
700000.0003	-1.27709
700000.0003	0.0383676
700000.0003	0.668616
700000.0003	0.438985
700000.0003	-1.59024
700000.0003	0.559102
700000.0003	0.662554
700000.0003	-0.145877
700000.0003	0.972729
700000.0003	-0.487362
700000.0003	-0.175241
700000.0003	0.239961
700000.0003	0.0130405
700000.0003	-0.618279
700000.0003	-0.156154
700000.0003	0.181292
700000.0003	0.0577891
700000.0003	-0.155656
700000.0003	-0.32305
700000.0003	0.378616
700000.0003	0.251578
700000.0003	1.26803
700000.0003	-0.126744
700000.0003	-0.290507
700000.0003	0.528169
700000.0003	-0.639571
700000.0003	-0.304423
700000.0003	0.180254
700000.0003	-0.302583
700000.0003	0.463575
700000.0003	-0.161667
700000.0003	-0.175715
700000.0003	-0.481433
700000.0003	-0.447817
700000.0003	-0.0295155
700000.0003	1.03751
700000.0003	0.017071
700000.0003	-0.197066
700000.0003	0.287038
700000.0003	-0.0623065
700000.0003	-0.834455
700000.0003	0.674993
700000.0003	-0.373043
700000.0003	0.34273
700000.0003	0.397204
700000.0003	0.0936996
700000.0003	-0.219518
700000.0003	-0.330183
700000.0003	-0.397034
700000.0003	0.636502
700000.0003	0.055994
700000.0003	0.717223
700000.0003	0.0927209
700000.0003	-0.398703
700000.0003	-0.502614
700000.0003	0.136661
700000.0003	0.0483668
700000.0003	-0.0530932
700000.0003	-0.368791
700000.0003	0.0673479
700000.0003	-0.444166
700000.0003	-0.0954926
700000.0003	-0.811734
700000.0003	0.107885
700000.0003	0.898315
700000.0003	-0.0252284
700000.0003	-0.345882
700000.0003	0.363723
700000.0003	0.671473
700000.0003	-0.155743
700000.0003	-0.860395
700000.0003	-0.46679
700000.0003	0.242975
700000.0003	-0.0140068
700000.0003	0.925516
700000.0003	1.08531
700000.0003	-0.729233
700000.0003	-0.163935
700000.0003	0.404325
700000.0003	-0.31523
700000.0003	1.38618
700000.0003	-0.758779
700000.0003	0.686521
700000.0003	0.426082
700000.0003	-0.953831
700000.0003	0.521806
700000.0003	-1.64971
700000.0003	-0.349449
700000.0003	1.088
700000.0003	-0.352145
700000.0003	-1.24548
700000.0003	0.478719
700000.0003	1.00226
700000.0003	0.669076
700000.0003	-0.846913
700000.0003	-0.0452724
700000.0003	-0.730358
700000.0003	0.060692
700000.0003	-0.21184
700000.0003	-0.0704287
700000.0003	-1.95791
700000.0003	0.665973
700000.0003	0.733469
700000.0003	1.47888
700000.0003	-0.294146
700000.0003	-0.705419
700000.0003	-0.0495557
700000.0003	-0.954417
700000.0003	1.14318
700000.0003	0.830365
700000.0003	-1.17071
700000.0003	0.261588
700000.0003	-0.568387
700000.0003	0.157878
700000.0003	1.43125
700000.0003	0.415962
700000.0003	-1.86586
700000.0003	-0.0404509
700000.0003	-0.0293037
700000.0003	-0.398913
700000.0003	1.16396
700000.0003	1.10568
700000.0003	-0.211496
700000.0003	-0.861038
700000.0003	0.20268
700000.0003	0.316502
700000.0003	-0.488715
700000.0003	-0.755239
700000.0003	0.666938
700000.0003	0.138497
700000.0003	-0.81312
700000.0003	0.44123
700000.0003	-0.0397259
700000.0003	1.56628
700000.0003	-2.13021
700000.0003	1.2667
700000.0003	0.738581
700000.0003	-0.141142
700000.0003	0.391031
700000.0003	-2.54632
700000.0003	0.701232
700000.0003	0.68546
700000.0003	2.65087
700000.0003	-1.13634
700000.0003	-0.911699
700000.0003	0.547141
700000.0003	2.60379
700000.0003	-0.83622
700000.0003	-0.937043
700000.0003	-1.22744
700000.0003	0.403282
700000.0003	0.666329
700000.0003	0.378169
700000.0003	-0.919231
700000.0003	0.742343
700000.0003	1.21899
700000.0003	-0.809093
700000.0003	-1.57718
700000.0003	0.705013
700000.0003	2.05137
700000.0003	-0.608273
700000.0003	-0.199459
700000.0003	0.836657
700000.0003	1.41708
700000.0003	0.875802
700000.0003	-0.468076
700000.0003	0.0453976
700000.0003	-1.4763
700000.0003	-1.33056
700000.0003	-2.13163
700000.0003	-1.45461
700000.0003	-0.561551
700000.0003	2.35487
700000.0003	2.21759
700000.0003	-0.628265
700000.0003	-1.28826
700000.0003	-0.188008
700000.0003	-1.36841
700000.0003	-0.560012
700000.0003	-0.36529
700000.0003	-0.123031
700000.0003	-0.101082
700000.0003	0.893709
700000.0003	0.831774
700000.0003	1.07614
700000.0003	-0.0493985
700000.0003	-0.775144
700000.0003	0.33077
700000.0003	-1.34697
700000.0003	0.0617661
700000.0003	0.23228
700000.0003	-0.163164
700000.0003	0.232311
700000.0003	0.348247
700000.0003	-0.082277
700000.0003	0.00587494
700000.0003	0.621966
700000.0003	-0.226234
700000.0003	0.225435
700000.0003	0.118406
700000.0003	0.195303
700000.0003	1.40339
700000.0003	0.0152147
700000.0003	-0.234556
700000.0003	-0.372719
700000.0003	0.22826
700000.0003	-0.239212
700000.0003	-1.06197
700000.0003	0.421841
700000.0003	0.47109
700000.0003	0.770026
700000.0003	0.227466
700000.0003	1.00872
700000.0003	0.515048
700000.0003	-0.022303
700000.0003	-0.0158712
700000.0003	-0.0598624
700000.0003	0.234259
700000.0003	0.567656
700000.0003	-0.186087
700000.0003	1.00078
700000.0003	0.567564
700000.0003	0.160517
700000.0003	-0.225508
700000.0003	-0.413581
700000.0003	0.161329
700000.0003	0.0537127
700000.0003	0.736122
700000.0003	0.987665
700000.0003	-0.229685
700000.0003	0.174951
700000.0003	-0.251349
700000.0003	1.03584
700000.0003	0.235416
700000.0003	-0.0919727
700000.0003	-0.161988
700000.0003	1.19897
700000.0003	-0.204812
700000.0003	-0.85682
700000.0003	-0.504149
700000.0003	-1.36397
700000.0003	0.479874
700000.0003	-0.274455
700000.0003	-0.0717882
700000.0003	-0.660428
700000.0003	0.0608112
700000.0003	-0.718846
700000.0003	-0.148308
700000.0003	-1.09405
700000.0003	-0.883844
700000.0003	0.144448
700000.0003	0.0283386
700000.0003	-0.277435
700000.0003	-0.363571
700000.0003	-0.61282
700000.0003	-0.151246
700000.0003	-0.860617
700000.0003	-0.264333
700000.0003	0.401885
700000.0003	0.435437
700000.0003	-0.407055
700000.0003	-0.273028
700000.0003	-0.238838
700000.0003	-0.309583
700000.0003	-0.200983
700000.0003	-0.101091
700000.0003	0.100635
700000.0003	-0.404806
700000.0003	-0.417242
700000.0003	-0.992475
700000.0003	-0.0227272
700000.0003	0.37954
700000.0003	-0.423132
700000.0003	0.169686
700000.0003	-0.200299
700000.0003	0.0447895
700000.0003	-0.0442478
700000.0003	-0.0239882
700000.0003	0.148107
700000.0003	0.023176
700000.0003	0.712733
700000.0003	-0.194185
700000.0003	-0.837565
700000.0003	-0.29379
700000.0003	1.28527
700000.0003	0.167987
700000.0003	0.176074
700000.0003	-1.04968
700000.0003	0.352042
700000.0003	-0.295108
700000.0003	-0.316803
700000.0003	0.121904
700000.0003	0.919128
700000.0003	-0.0653067
700000.0003	-0.32122
700000.0003	0.464508
