700000.0003	1469887
700000.0003	1466255
700000.0003	1469317
700000.0003	1480159
700000.0003	1488834
700000.0003	1490147
700000.0003	1475197
700000.0003	1450332
700000.0003	1417286
700000.0003	1394703
700000.0003	1383390
700000.0003	1385174
700000.0003	1379178
700000.0003	1345566
700000.0003	1272160
700000.0003	1163671
700000.0003	1035037
700000.0003	900093
700000.0003	777577
700000.0003	667304
700000.0003	576803
700000.0003	496594
700000.0003	430577
700000.0003	374770
700000.0003	328157
700000.0003	289907
700000.0003	259241
700000.0003	232472
700000.0003	211644
700000.0003	194525
700000.0003	179741
700000.0003	167230
700000.0003	158232
700000.0003	149954
700000.0003	143156
700000.0003	137699
700000.0003	133420
700000.0003	129282
700000.0003	125824
700000.0003	123832
700000.0003	120630
700000.0003	120245
700000.0003	119340
700000.0003	117322
700000.0003	115977
700000.0003	115804
700000.0003	113666
700000.0003	113540
700000.0003	111734
700000.0003	111870
700000.0003	110937
700000.0003	110421
700000.0003	109451
700000.0003	109031
700000.0003	108512
700000.0003	107435
700000.0003	107277
700000.0003	107051
700000.0003	105565
700000.0003	105471
700000.0003	105148
700000.0003	105294
700000.0003	104011
700000.0003	104017
700000.0003	104135
700000.0003	103385
700000.0003	103311
700000.0003	103078
700000.0003	102627
700000.0003	102441
700000.0003	102438
700000.0003	101800
700000.0003	101909
700000.0003	101670
700000.0003	100839
700000.0003	101555
700000.0003	101062
700000.0003	100699
700000.0003	100184
700000.0003	100537
700000.0003	100589
700000.0003	100010
700000.0003	99834
700000.0003	99634
700000.0003	99627
700000.0003	99625
700000.0003	99261
700000.0003	98817
700000.0003	98922
700000.0003	98709
700000.0003	98974
700000.0003	98620
700000.0003	98809
700000.0003	98351
700000.0003	98099
700000.0003	98088
700000.0003	97871
700000.0003	97843
700000.0003	97653
700000.0003	98356
700000.0003	97684
700000.0003	97909
700000.0003	97894
700000.0003	97573
700000.0003	97565
700000.0003	96932
700000.0003	97144
700000.0003	97481
700000.0003	97233
700000.0003	97076
700000.0003	97539
700000.0003	97528
700000.0003	97203
700000.0003	97028
700000.0003	97675
700000.0003	97456
700000.0003	97125
700000.0003	97637
700000.0003	97665
700000.0003	97366
700000.0003	96977
700000.0003	96942
700000.0003	97213
700000.0003	96736
700000.0003	97578
700000.0003	97138
700000.0003	96838
700000.0003	96803
700000.0003	96751
700000.0003	96942
700000.0003	96871
700000.0003	96887
700000.0003	96982
700000.0003	96520
700000.0003	96880
700000.0003	96910
700000.0003	97036
700000.0003	97024
700000.0003	96702
700000.0003	97485
700000.0003	96571
700000.0003	97278
700000.0003	97338
700000.0003	97414
700000.0003	97254
700000.0003	97528
700000.0003	97041
700000.0003	97288
700000.0003	97853
700000.0003	98289
700000.0003	98181
700000.0003	98280
700000.0003	98786
700000.0003	99239
700000.0003	99395
700000.0003	100011
700000.0003	100459
700000.0003	100457
700000.0003	101623
700000.0003	102318
700000.0003	101638
700000.0003	102513
700000.0003	102766
700000.0003	103430
700000.0003	103448
700000.0003	105052
700000.0003	105766
700000.0003	106329
700000.0003	107255
700000.0003	107370
700000.0003	108010
700000.0003	108685
700000.0003	109525
700000.0003	110733
700000.0003	111741
700000.0003	113348
700000.0003	113544
700000.0003	115098
700000.0003	115161
700000.0003	115808
700000.0003	117351
700000.0003	118630
700000.0003	119944
700000.0003	120758
700000.0003	122518
700000.0003	123397
700000.0003	125057
700000.0003	125852
700000.0003	127394
700000.0003	128389
700000.0003	129909
700000.0003	131451
700000.0003	132963
700000.0003	134948
700000.0003	136726
700000.0003	138406
700000.0003	140057
700000.0003	142200
700000.0003	145150
700000.0003	146530
700000.0003	148355
700000.0003	151316
700000.0003	153825
700000.0003	156026
700000.0003	158381
700000.0003	161334
700000.0003	164341
700000.0003	167094
700000.0003	169273
700000.0003	172892
700000.0003	176284
700000.0003	179878
700000.0003	183817
700000.0003	187121
700000.0003	191307
700000.0003	194210
700000.0003	199818
700000.0003	204484
700000.0003	210085
700000.0003	215312
700000.0003	220702
700000.0003	226494
700000.0003	233453
700000.0003	239931
700000.0003	247378
700000.0003	255835
700000.0003	264270
700000.0003	273363
700000.0003	283047
700000.0003	294534
700000.0003	307488
700000.0003	321416
700000.0003	335790
700000.0003	351605
700000.0003	369468
700000.0003	389890
700000.0003	411930
700000.0003	436639
700000.0003	464504
700000.0003	494761
700000.0003	526327
700000.0003	562304
700000.0003	600946
700000.0003	640599
700000.0003	682866
700000.0003	729329
700000.0003	777549
700000.0003	827554
700000.0003	876047
700000.0003	927020
700000.0003	971873
700000.0003	1018715
700000.0003	1063057
700000.0003	1102437
700000.0003	1140218
700000.0003	1174225
700000.0003	1204551
700000.0003	1229833
700000.0003	1252767
700000.0003	1274972
700000.0003	1292731
700000.0003	1312609
700000.0003	1325232
700000.0003	1340357
700000.0003	1352130
700000.0003	1362661
700000.0003	1373159
700000.0003	1383703
700000.0003	1389103
700000.0003	1399007
700000.0003	1403154
700000.0003	1409316
700000.0003	1415806
700000.0003	1420495
700000.0003	1423736
700000.0003	1429027
700000.0003	1432133
700000.0003	1434610
700000.0003	1437685
700000.0003	1441894
700000.0003	1441248
700000.0003	1444251
700000.0003	1446355
700000.0003	1448773
700000.0003	1450660
700000.0003	1451005
700000.0003	1453942
700000.0003	1452137
700000.0003	1454748
700000.0003	1452715
700000.0003	1455724
700000.0003	1458123
700000.0003	1457130
700000.0003	1458593
700000.0003	1458171
700000.0003	1457294
700000.0003	1456190
700000.0003	1459290
700000.0003	1456758
700000.0003	1459684
700000.0003	1460738
700000.0003	1459547
700000.0003	1459717
700000.0003	1457502
700000.0003	1458650
700000.0003	1457785
700000.0003	1459950
700000.0003	1460657
700000.0003	1461817
700000.0003	1460305
700000.0003	1459935
700000.0003	1459337
700000.0003	1458140
700000.0003	1460079
700000.0003	1459619
700000.0003	1464261
700000.0003	1460349
700000.0003	1460362
700000.0003	1462133
700000.0003	1461560
700000.0003	1461097
700000.0003	1457752
700000.0003	1462830
700000.0003	1462198
700000.0003	1465145
700000.0003	1460829
700000.0003	1463121
700000.0003	1460728
700000.0003	1462909
700000.0003	1462060
700000.0003	1462589
700000.0003	1463336
700000.0003	1464391
700000.0003	1465744
700000.0003	1464132
700000.0003	1462509
700000.0003	1461275
700000.0003	1465494
700000.0003	1464631
700000.0003	1464870
700000.0003	1464695
700000.0003	1465915
700000.0003	1467600
700000.0003	1464724
700000.0003	1462814
700000.0003	1463936
700000.0003	1469077
700000.0003	1468148
700000.0003	1465287
700000.0003	1466277
700000.0003	1468487
700000.0003	1469447
700000.0003	1465614
700000.0003	1466124
700000.0003	1466098
700000.0003	1471560
700000.0003	1468435
700000.0003	1470502
700000.0003	1468621
700000.0003	1469063
700000.0003	1469463
700000.0003	1470681
700000.0003	1467736
700000.0003	1469130
700000.0003	1473387
700000.0003	1474245
700000.0003	1472148
700000.0003	1470997
700000.0003	1469967
700000.0003	1472170
700000.0003	1473519
700000.0003	1471287
700000.0003	1474644
700000.0003	1476864
700000.0003	1476683
700000.0003	1475306
700000.0003	1472547
700000.0003	1472344
700000.0003	1475849
700000.0003	1477601
700000.0003	1478072
700000.0003	1479837
700000.0003	1481058
700000.0003	1478982
700000.0003	1475538
700000.0003	1477974
700000.0003	1474703
700000.0003	1481431
700000.0003	1485693
700000.0003	1486943
700000.0003	1485620
700000.0003	1482930
700000.0003	1478149
700000.0003	1476246
700000.0003	1478163
700000.0003	1483463
700000.0003	1489800
700000.0003	1493566
700000.0003	1490325
700000.0003	1481434
