700000.0003	28.14
700000.0003	101.288
700000.0003	200.932
700000.0003	345.121
700000.0003	533.225
700000.0003	775.484
700000.0003	1069.15
700000.0003	1426.99
700000.0003	1845.84
700000.0003	2288.21
700000.0003	2783.85
700000.0003	3319.7
700000.0003	3879.07
700000.0003	4431.65
700000.0003	5002.13
700000.0003	5548.55
700000.0003	5993.19
700000.0003	6367.92
700000.0003	6678.27
700000.0003	6875.24
700000.0003	7029.99
700000.0003	7085.71
700000.0003	7125.22
700000.0003	7054.46
700000.0003	6970.8
700000.0003	6778.68
700000.0003	6580.37
700000.0003	6351.12
700000.0003	6035.07
700000.0003	5737.77
700000.0003	5370.36
700000.0003	4965.17
700000.0003	4510.24
700000.0003	4048.15
700000.0003	3532.17
700000.0003	2982.03
700000.0003	2382.12
700000.0003	1738.3
700000.0003	1071.4
700000.0003	368.325
700000.0003	0
700000.0003	0
700000.0003	0
700000.0003	0
700000.0003	0
700000.0003	0
700000.0003	0
700000.0003	0
700000.0003	0
700000.0003	0
700000.0003	0
700000.0003	0
700000.0003	0
700000.0003	0
700000.0003	0
700000.0003	0
700000.0003	0
700000.0003	0
700000.0003	0
700000.0003	0
700000.0003	0
700000.0003	0
700000.0003	0
700000.0003	0
700000.0003	0
700000.0003	0
700000.0003	0
700000.0003	0
700000.0003	0
700000.0003	0
700000.0003	0
700000.0003	0
700000.0003	0
700000.0003	0
700000.0003	0
700000.0003	0
700000.0003	0
700000.0003	0
700000.0003	0
700000.0003	0
700000.0003	0
700000.0003	0
700000.0003	0
700000.0003	0
700000.0003	0
700000.0003	0
700000.0003	0
700000.0003	0
700000.0003	0
700000.0003	0
700000.0003	0
700000.0003	0
700000.0003	0
700000.0003	0
700000.0003	0
700000.0003	0
700000.0003	0
700000.0003	0
700000.0003	0
700000.0003	0
700000.0003	0
700000.0003	0
700000.0003	0
700000.0003	0
700000.0003	0
700000.0003	0
700000.0003	0
700000.0003	0
700000.0003	0
700000.0003	0
700000.0003	0
700000.0003	0
700000.0003	0
700000.0003	0
700000.0003	0
700000.0003	0
700000.0003	0
700000.0003	0
700000.0003	0
700000.0003	0
700000.0003	0
700000.0003	0
700000.0003	0
700000.0003	0
700000.0003	0
700000.0003	0
700000.0003	0
700000.0003	0
700000.0003	0
700000.0003	0
700000.0003	0
700000.0003	0
700000.0003	0
700000.0003	0
700000.0003	0
700000.0003	0
700000.0003	0
700000.0003	0
700000.0003	0
700000.0003	0
700000.0003	-23.5118
700000.0003	-70.8632
700000.0003	-117.493
700000.0003	-162.987
700000.0003	-207.428
700000.0003	-252.049
700000.0003	-293.061
700000.0003	-337.783
700000.0003	-381.679
700000.0003	-426.008
700000.0003	-462.72
700000.0003	-506.817
700000.0003	-548.793
700000.0003	-587.468
700000.0003	-628.024
700000.0003	-665.669
700000.0003	-706.189
700000.0003	-741.117
700000.0003	-784.53
700000.0003	-820.911
700000.0003	-847.936
700000.0003	-885.709
700000.0003	-918.979
700000.0003	-952.069
700000.0003	-980.373
700000.0003	-1022.67
700000.0003	-1056.25
700000.0003	-1088.4
700000.0003	-1123.8
700000.0003	-1145.05
700000.0003	-1176.99
700000.0003	-1206.16
700000.0003	-1234.7
700000.0003	-1264.75
700000.0003	-1295.31
700000.0003	-1335.74
700000.0003	-1350.07
700000.0003	-1382.57
700000.0003	-1393.12
700000.0003	-1419.5
700000.0003	-1452.74
700000.0003	-1473
700000.0003	-1490.15
700000.0003	-1519.93
700000.0003	-1543.39
700000.0003	-1559.08
700000.0003	-1577.61
700000.0003	-1600.31
700000.0003	-1619.8
700000.0003	-1630.56
700000.0003	-1653.29
700000.0003	-1670.61
700000.0003	-1685.03
700000.0003	-1698.02
700000.0003	-1723.42
700000.0003	-1734.44
700000.0003	-1741.74
700000.0003	-1760.35
700000.0003	-1780.73
700000.0003	-1798.64
700000.0003	-1803.44
700000.0003	-1817.34
700000.0003	-1834.25
700000.0003	-1833.32
700000.0003	-1850.18
700000.0003	-1852.17
700000.0003	-1864.51
700000.0003	-1882.25
700000.0003	-1874.89
700000.0003	-1890.36
700000.0003	-1901.35
700000.0003	-1904.5
700000.0003	-1920.72
700000.0003	-1907.87
700000.0003	-1919.01
700000.0003	-1904.02
700000.0003	-1921.88
700000.0003	-1926.17
700000.0003	-1930.99
700000.0003	-1933.3
700000.0003	-1925.33
700000.0003	-1929.44
700000.0003	-1928.29
700000.0003	-1924.57
700000.0003	-1926.23
700000.0003	-1921.23
700000.0003	-1913.97
700000.0003	-1910.51
700000.0003	-1895.81
700000.0003	-1892.92
700000.0003	-1892.21
700000.0003	-1884.24
700000.0003	-1868.21
700000.0003	-1861.23
700000.0003	-1850.15
700000.0003	-1830.4
700000.0003	-1823.31
700000.0003	-1803.16
700000.0003	-1786.26
700000.0003	-1768.46
700000.0003	-1747.04
700000.0003	-1718.74
700000.0003	-1693.98
700000.0003	-1656.37
700000.0003	-1622.72
700000.0003	-1580.77
700000.0003	-1539.03
700000.0003	-1499.17
700000.0003	-1449.86
700000.0003	-1398.72
700000.0003	-1343.06
700000.0003	-1284.8
700000.0003	-1223.91
700000.0003	-1164.85
700000.0003	-1102.86
700000.0003	-1037.23
700000.0003	-974.06
700000.0003	-910.01
700000.0003	-847.426
700000.0003	-787.176
700000.0003	-726.659
700000.0003	-671.123
700000.0003	-616.044
700000.0003	-565.07
700000.0003	-510.472
700000.0003	-465.013
700000.0003	-419.111
700000.0003	-376.039
700000.0003	-337.394
700000.0003	-299.708
700000.0003	-265.14
700000.0003	-234.827
700000.0003	-205.239
700000.0003	-178.785
700000.0003	-154.982
700000.0003	-134.54
700000.0003	-115.334
700000.0003	-99.266
700000.0003	-84.6449
700000.0003	-72.5528
700000.0003	-61.6369
700000.0003	-52.1896
700000.0003	-44.5444
700000.0003	-37.3301
700000.0003	-31.7326
700000.0003	-26.2477
700000.0003	-22.3803
700000.0003	-18.8543
700000.0003	-15.8359
700000.0003	-13.1534
700000.0003	-10.7987
700000.0003	-9.04742
700000.0003	-7.38795
700000.0003	-6.09527
700000.0003	-4.76195
700000.0003	-3.69236
700000.0003	-2.79884
700000.0003	-1.95049
700000.0003	-1.12587
700000.0003	-0.361552
700000.0003	0
700000.0003	0
700000.0003	0
700000.0003	0
700000.0003	0
700000.0003	0
700000.0003	0
700000.0003	0
700000.0003	0
700000.0003	0
700000.0003	0
700000.0003	0
700000.0003	0
700000.0003	0
700000.0003	0
700000.0003	0
700000.0003	0
700000.0003	0
700000.0003	0
700000.0003	0
700000.0003	0
700000.0003	0
700000.0003	0
700000.0003	0
700000.0003	0
700000.0003	0
700000.0003	0
700000.0003	0
700000.0003	0
700000.0003	0
700000.0003	0
700000.0003	0
700000.0003	0
700000.0003	0
700000.0003	0
700000.0003	0
700000.0003	0
700000.0003	0
700000.0003	0
700000.0003	0
700000.0003	0
700000.0003	0
700000.0003	0
700000.0003	0
700000.0003	0
700000.0003	0
700000.0003	0
700000.0003	0
700000.0003	0
700000.0003	0
700000.0003	0
700000.0003	0
700000.0003	0
700000.0003	0
700000.0003	0
700000.0003	0
700000.0003	0
700000.0003	0
700000.0003	0
700000.0003	0
700000.0003	0
700000.0003	0
700000.0003	0
700000.0003	0
700000.0003	0
700000.0003	0
700000.0003	0
700000.0003	0
700000.0003	0
700000.0003	0
700000.0003	0
700000.0003	0
700000.0003	0
700000.0003	0
700000.0003	0
700000.0003	0
700000.0003	0
700000.0003	0
700000.0003	0
700000.0003	0
700000.0003	0
700000.0003	0
700000.0003	0
700000.0003	0
700000.0003	0
700000.0003	0
700000.0003	0
700000.0003	0
700000.0003	0
700000.0003	0
700000.0003	0
700000.0003	0
700000.0003	0
700000.0003	0
700000.0003	0
700000.0003	0
700000.0003	0
700000.0003	0
700000.0003	0
700000.0003	0
700000.0003	0.023298
700000.0003	0.794622
700000.0003	-0.644574
700000.0003	-0.859411
700000.0003	3.07999
700000.0003	4.6477
700000.0003	-3.77334
700000.0003	1.25908
700000.0003	2.47732
700000.0003	0.224109
700000.0003	-6.77571
700000.0003	-11.6938
700000.0003	-8.40848
700000.0003	-9.22823
700000.0003	5.69314
700000.0003	-6.46924
700000.0003	7.57428
700000.0003	5.56039
700000.0003	-8.45063
700000.0003	-3.27724
700000.0003	-13.0784
700000.0003	-5.78505
700000.0003	-2.12251
700000.0003	13.8038
700000.0003	-9.2866
700000.0003	10.3019
700000.0003	-1.77701
700000.0003	-14.4552
700000.0003	-19.7301
700000.0003	-2.12565
700000.0003	-10.378
700000.0003	-35.905
700000.0003	-2.4119
700000.0003	17.2953
700000.0003	-4.71429
700000.0003	4.91894
700000.0003	-0.26374
700000.0003	-3.35304
700000.0003	-1.74509
700000.0003	-1.44962
700000.0003	0
700000.0003	0
700000.0003	0
700000.0003	0
700000.0003	0
700000.0003	0
700000.0003	0
700000.0003	0
700000.0003	0
700000.0003	0
700000.0003	0
700000.0003	0
700000.0003	0
700000.0003	0
700000.0003	0
700000.0003	0
700000.0003	0
700000.0003	0
700000.0003	0
700000.0003	0
700000.0003	0
700000.0003	0
700000.0003	0
700000.0003	0
700000.0003	0
700000.0003	0
700000.0003	0
700000.0003	0
700000.0003	0
700000.0003	0
700000.0003	0
700000.0003	0
700000.0003	0
700000.0003	0
700000.0003	0
700000.0003	0
700000.0003	0
700000.0003	0
700000.0003	0
700000.0003	0
700000.0003	0
700000.0003	0
700000.0003	0
700000.0003	0
700000.0003	0
700000.0003	0
700000.0003	0
700000.0003	0
700000.0003	0
700000.0003	0
700000.0003	0
700000.0003	0
700000.0003	0
700000.0003	0
700000.0003	0
700000.0003	0
700000.0003	0
700000.0003	0
700000.0003	0
700000.0003	0
700000.0003	0
700000.0003	0
700000.0003	0
700000.0003	0
700000.0003	0
700000.0003	0
700000.0003	0
700000.0003	0
700000.0003	0
700000.0003	0
700000.0003	0
700000.0003	0
700000.0003	0
700000.0003	0
700000.0003	0
700000.0003	0
700000.0003	0
700000.0003	0
700000.0003	0
700000.0003	0
700000.0003	0
700000.0003	0
700000.0003	0
700000.0003	0
700000.0003	0
700000.0003	0
700000.0003	0
700000.0003	0
700000.0003	0
700000.0003	0
700000.0003	0
700000.0003	0
700000.0003	0
700000.0003	0
700000.0003	0
700000.0003	0
700000.0003	0
700000.0003	0
700000.0003	0
700000.0003	0
700000.0003	0.0676592
700000.0003	-0.243507
700000.0003	-0.0831685
700000.0003	-0.0135365
700000.0003	-0.00478983
700000.0003	1.05038
700000.0003	-0.781731
700000.0003	0.16911
700000.0003	-0.83431
700000.0003	1.04522
700000.0003	0.112277
700000.0003	-0.343082
700000.0003	-0.5124
700000.0003	0.434358
700000.0003	-0.992091
700000.0003	2.65745
700000.0003	1.21917
700000.0003	1.38824
700000.0003	1.0305
700000.0003	0.142366
700000.0003	-2.00571
700000.0003	-0.777466
700000.0003	-1.88601
700000.0003	1.4211
700000.0003	2.18717
700000.0003	2.54281
700000.0003	1.24376
700000.0003	0.207714
700000.0003	0.667607
700000.0003	-0.19911
700000.0003	5.73126
700000.0003	-1.51423
700000.0003	-0.693926
700000.0003	-1.96628
700000.0003	3.29974
700000.0003	-2.4754
700000.0003	1.8293
700000.0003	-0.648813
700000.0003	-2.03575
700000.0003	0.641686
700000.0003	2.4898
700000.0003	1.72455
700000.0003	-5.45989
700000.0003	6.94993
700000.0003	1.01092
700000.0003	0.935334
700000.0003	3.76769
700000.0003	0.566821
700000.0003	-0.539474
700000.0003	3.48332
700000.0003	-1.64812
700000.0003	-0.746867
700000.0003	-4.061
700000.0003	-0.783053
700000.0003	4.22459
700000.0003	5.63241
700000.0003	2.3847
700000.0003	-0.402425
700000.0003	-3.33988
700000.0003	1.46897
700000.0003	2.85666
700000.0003	0.341476
700000.0003	-2.28657
700000.0003	-10.1303
700000.0003	-1.70747
700000.0003	5.2286
700000.0003	-1.91472
700000.0003	0.869811
700000.0003	4.97334
700000.0003	0.762988
700000.0003	0.312449
700000.0003	1.31859
700000.0003	0.663384
700000.0003	2.50474
700000.0003	-3.22166
700000.0003	3.12667
700000.0003	-5.43224
700000.0003	1.08457
700000.0003	0.712154
700000.0003	-5.27973
700000.0003	1.60387
700000.0003	-1.50483
700000.0003	2.42627
700000.0003	2.30454
700000.0003	3.05713
700000.0003	1.25494
700000.0003	-4.70782
700000.0003	0.962678
700000.0003	-4.5397
700000.0003	-3.93023
700000.0003	-6.6002
700000.0003	-1.84463
700000.0003	-2.16037
700000.0003	3.54815
700000.0003	-3.15784
700000.0003	2.99522
700000.0003	-2.26646
700000.0003	-0.580832
700000.0003	-2.62995
700000.0003	-4.4746
700000.0003	1.49057
700000.0003	-2.76406
700000.0003	3.7612
700000.0003	-3.37516
700000.0003	-2.82756
700000.0003	-0.0635532
700000.0003	-0.072499
700000.0003	2.74535
700000.0003	-0.940422
700000.0003	2.04343
700000.0003	-0.2892
700000.0003	1.50585
700000.0003	2.06968
700000.0003	-1.89394
700000.0003	-1.61163
700000.0003	-3.40349
700000.0003	-0.937632
700000.0003	-0.448859
700000.0003	1.59282
700000.0003	-0.997306
700000.0003	-1.35657
700000.0003	0.456259
700000.0003	-0.340016
700000.0003	0.439853
700000.0003	0.704498
700000.0003	-0.26193
700000.0003	0.105246
700000.0003	0.409366
700000.0003	-0.208667
700000.0003	-0.742506
700000.0003	0.45845
700000.0003	-0.522658
700000.0003	-0.543913
700000.0003	-0.669588
700000.0003	0.46311
700000.0003	-0.420606
700000.0003	0.0219979
700000.0003	-0.589565
700000.0003	-0.347837
700000.0003	0.30367
700000.0003	0.610606
700000.0003	-0.179635
700000.0003	0.0974684
700000.0003	0.189032
700000.0003	-0.411183
700000.0003	-0.026507
700000.0003	-0.12537
700000.0003	-0.108734
700000.0003	0.111437
700000.0003	-0.0457523
700000.0003	-0.077947
700000.0003	0.0466038
700000.0003	0.0415152
700000.0003	0.0142565
700000.0003	0.012578
700000.0003	0.0222025
700000.0003	-0.0344981
700000.0003	0.0131109
700000.0003	-0.00632276
700000.0003	0.00117809
700000.0003	0
700000.0003	0
700000.0003	0
700000.0003	0
700000.0003	0
700000.0003	0
700000.0003	0
700000.0003	0
700000.0003	0
700000.0003	0
700000.0003	0
700000.0003	0
700000.0003	0
700000.0003	0
700000.0003	0
700000.0003	0
700000.0003	0
700000.0003	0
700000.0003	0
700000.0003	0
700000.0003	0
700000.0003	0
700000.0003	0
700000.0003	0
700000.0003	0
700000.0003	0
700000.0003	0
700000.0003	0
700000.0003	0
700000.0003	0
700000.0003	0
700000.0003	0
700000.0003	0
700000.0003	0
700000.0003	0
700000.0003	0
700000.0003	0
700000.0003	0
700000.0003	0
700000.0003	0
700000.0003	0
700000.0003	0
700000.0003	0
700000.0003	0
700000.0003	0
700000.0003	0
700000.0003	0
700000.0003	0
700000.0003	0
700000.0003	0
700000.0003	0
700000.0003	0
700000.0003	0
700000.0003	0
700000.0003	0
700000.0003	0
700000.0003	0
700000.0003	0
700000.0003	0
700000.0003	0
700000.0003	0
700000.0003	0
700000.0003	0
700000.0003	0
700000.0003	0
700000.0003	0
700000.0003	0
700000.0003	0
700000.0003	0
700000.0003	0
700000.0003	0
700000.0003	0
700000.0003	0
700000.0003	0
700000.0003	0
700000.0003	0
700000.0003	0
700000.0003	0
700000.0003	0
700000.0003	0
700000.0003	0
700000.0003	0
700000.0003	0
700000.0003	0
700000.0003	0
700000.0003	0
700000.0003	0
700000.0003	0
700000.0003	0
700000.0003	0
700000.0003	0
700000.0003	0
700000.0003	0
700000.0003	0
700000.0003	0
700000.0003	0
700000.0003	0
700000.0003	0
700000.0003	0
700000.0003	0
