700000.0003	1472439
700000.0003	1468185
700000.0003	1470331
700000.0003	1480224
700000.0003	1487759
700000.0003	1488790
700000.0003	1475211
700000.0003	1448344
700000.0003	1417116
700000.0003	1394381
700000.0003	1386637
700000.0003	1386484
700000.0003	1376220
700000.0003	1344031
700000.0003	1271452
700000.0003	1164210
700000.0003	1035377
700000.0003	899709
700000.0003	776840
700000.0003	668123
700000.0003	577113
700000.0003	496680
700000.0003	430317
700000.0003	374175
700000.0003	328247
700000.0003	290145
700000.0003	258559
700000.0003	233476
700000.0003	211036
700000.0003	193880
700000.0003	179731
700000.0003	168265
700000.0003	158552
700000.0003	150089
700000.0003	143230
700000.0003	137924
700000.0003	132797
700000.0003	128841
700000.0003	126740
700000.0003	123306
700000.0003	121847
700000.0003	120411
700000.0003	118926
700000.0003	117844
700000.0003	116074
700000.0003	114393
700000.0003	114096
700000.0003	113038
700000.0003	112941
700000.0003	111200
700000.0003	110497
700000.0003	110050
700000.0003	109653
700000.0003	108475
700000.0003	108702
700000.0003	108050
700000.0003	107436
700000.0003	106308
700000.0003	105745
700000.0003	106069
700000.0003	105775
700000.0003	104154
700000.0003	104975
700000.0003	104297
700000.0003	103981
700000.0003	104282
700000.0003	103103
700000.0003	102734
700000.0003	102916
700000.0003	101890
700000.0003	102027
700000.0003	101440
700000.0003	101663
700000.0003	101249
700000.0003	101344
700000.0003	100833
700000.0003	100920
700000.0003	100194
700000.0003	100782
700000.0003	100716
700000.0003	100277
700000.0003	99631
700000.0003	99620
700000.0003	99841
700000.0003	100034
700000.0003	98945
700000.0003	99248
700000.0003	99156
700000.0003	98924
700000.0003	98572
700000.0003	98332
700000.0003	99085
700000.0003	98630
700000.0003	98583
700000.0003	97834
700000.0003	98854
700000.0003	97706
700000.0003	97409
700000.0003	97474
700000.0003	97164
700000.0003	98242
700000.0003	97494
700000.0003	97680
700000.0003	97654
700000.0003	97851
700000.0003	97785
700000.0003	97678
700000.0003	97693
700000.0003	97750
700000.0003	97346
700000.0003	97385
700000.0003	97638
700000.0003	97587
700000.0003	97186
700000.0003	97069
700000.0003	97180
700000.0003	97103
700000.0003	96959
700000.0003	96661
700000.0003	97132
700000.0003	97613
700000.0003	97358
700000.0003	97445
700000.0003	97181
700000.0003	97074
700000.0003	96599
700000.0003	97410
700000.0003	96955
700000.0003	96904
700000.0003	97346
700000.0003	97364
700000.0003	96715
700000.0003	97814
700000.0003	96521
700000.0003	97371
700000.0003	97238
700000.0003	97035
700000.0003	96588
700000.0003	97148
700000.0003	97280
700000.0003	96677
700000.0003	97023
700000.0003	97320
700000.0003	97143
700000.0003	97211
700000.0003	96994
700000.0003	96975
700000.0003	97642
700000.0003	97997
700000.0003	98081
700000.0003	98700
700000.0003	98992
700000.0003	98849
700000.0003	99324
700000.0003	99490
700000.0003	99877
700000.0003	100785
700000.0003	100845
700000.0003	100898
700000.0003	101518
700000.0003	101974
700000.0003	102595
700000.0003	102532
700000.0003	103780
700000.0003	104352
700000.0003	104413
700000.0003	105466
700000.0003	105362
700000.0003	106755
700000.0003	107537
700000.0003	107855
700000.0003	109271
700000.0003	110495
700000.0003	110789
700000.0003	111209
700000.0003	112204
700000.0003	113604
700000.0003	113716
700000.0003	115511
700000.0003	116417
700000.0003	117409
700000.0003	118170
700000.0003	118616
700000.0003	120447
700000.0003	122280
700000.0003	122803
700000.0003	124360
700000.0003	126257
700000.0003	127245
700000.0003	128736
700000.0003	130264
700000.0003	131264
700000.0003	133944
700000.0003	135691
700000.0003	137094
700000.0003	139019
700000.0003	140938
700000.0003	142987
700000.0003	144743
700000.0003	147390
700000.0003	149360
700000.0003	151467
700000.0003	153526
700000.0003	156117
700000.0003	158758
700000.0003	161205
700000.0003	164208
700000.0003	166452
700000.0003	170737
700000.0003	172920
700000.0003	176666
700000.0003	179231
700000.0003	183724
700000.0003	187700
700000.0003	191647
700000.0003	194973
700000.0003	200359
700000.0003	205389
700000.0003	209602
700000.0003	215266
700000.0003	220468
700000.0003	227185
700000.0003	232501
700000.0003	240297
700000.0003	247150
700000.0003	254958
700000.0003	264258
700000.0003	274308
700000.0003	283801
700000.0003	294490
700000.0003	306973
700000.0003	320157
700000.0003	336542
700000.0003	351489
700000.0003	370278
700000.0003	389348
700000.0003	413319
700000.0003	436921
700000.0003	464354
700000.0003	493605
700000.0003	526799
700000.0003	562311
700000.0003	601302
700000.0003	642369
700000.0003	683679
700000.0003	729466
700000.0003	778036
700000.0003	826644
700000.0003	875493
700000.0003	925290
700000.0003	974396
700000.0003	1020293
700000.0003	1063817
700000.0003	1102409
700000.0003	1137857
700000.0003	1173657
700000.0003	1203722
700000.0003	1231414
700000.0003	1254717
700000.0003	1276536
700000.0003	1293739
700000.0003	1311262
700000.0003	1324433
700000.0003	1339758
700000.0003	1351077
700000.0003	1364817
700000.0003	1374883
700000.0003	1380824
700000.0003	1391126
700000.0003	1397784
700000.0003	1402189
700000.0003	1410981
700000.0003	1416056
700000.0003	1420224
700000.0003	1425748
700000.0003	1427870
700000.0003	1430095
700000.0003	1435938
700000.0003	1436906
700000.0003	1441023
700000.0003	1443712
700000.0003	1444204
700000.0003	1447003
700000.0003	1449380
700000.0003	1447463
700000.0003	1453652
700000.0003	1452297
700000.0003	1453989
700000.0003	1453630
700000.0003	1455337
700000.0003	1456566
700000.0003	1455975
700000.0003	1455743
700000.0003	1457420
700000.0003	1459821
700000.0003	1457932
700000.0003	1458061
700000.0003	1456190
700000.0003	1459726
700000.0003	1460204
700000.0003	1456908
700000.0003	1459657
700000.0003	1459507
700000.0003	1460816
700000.0003	1458013
700000.0003	1460108
700000.0003	1457083
700000.0003	1461505
700000.0003	1458827
700000.0003	1458688
700000.0003	1463170
700000.0003	1459984
700000.0003	1459128
700000.0003	1458843
700000.0003	1461801
700000.0003	1460069
700000.0003	1460642
700000.0003	1459631
700000.0003	1462648
700000.0003	1462431
700000.0003	1461002
700000.0003	1460089
700000.0003	1460867
700000.0003	1462539
700000.0003	1461905
700000.0003	1462894
700000.0003	1461779
700000.0003	1461678
700000.0003	1464460
700000.0003	1462096
700000.0003	1461411
700000.0003	1462319
700000.0003	1464721
700000.0003	1464672
700000.0003	1464097
700000.0003	1460922
700000.0003	1464604
700000.0003	1465973
700000.0003	1463299
700000.0003	1463107
700000.0003	1464528
700000.0003	1467624
700000.0003	1467342
700000.0003	1463795
700000.0003	1462476
700000.0003	1466692
700000.0003	1467041
700000.0003	1466488
700000.0003	1465887
700000.0003	1465971
700000.0003	1469236
700000.0003	1467411
700000.0003	1466784
700000.0003	1464953
700000.0003	1467398
700000.0003	1469781
700000.0003	1471009
700000.0003	1467986
700000.0003	1467868
700000.0003	1471305
700000.0003	1469812
700000.0003	1467650
700000.0003	1467911
700000.0003	1470199
700000.0003	1473138
700000.0003	1473819
700000.0003	1470799
700000.0003	1470625
700000.0003	1471508
700000.0003	1472171
700000.0003	1472056
700000.0003	1471183
700000.0003	1476375
700000.0003	1475732
700000.0003	1475809
700000.0003	1474162
700000.0003	1471888
700000.0003	1473927
700000.0003	1476305
700000.0003	1478072
700000.0003	1478043
700000.0003	1479051
700000.0003	1480389
700000.0003	1478670
700000.0003	1476275
700000.0003	1476151
700000.0003	1477467
700000.0003	1482168
700000.0003	1485771
700000.0003	1485092
700000.0003	1484760
700000.0003	1480462
700000.0003	1478787
700000.0003	1478276
700000.0003	1478484
700000.0003	1485360
700000.0003	1490750
700000.0003	1491391
700000.0003	1487334
700000.0003	1478574
