700000.0003	1470151
700000.0003	1468710
700000.0003	1469188
700000.0003	1480687
700000.0003	1487304
700000.0003	1488942
700000.0003	1476021
700000.0003	1450632
700000.0003	1416214
700000.0003	1393916
700000.0003	1387236
700000.0003	1385000
700000.0003	1378479
700000.0003	1343856
700000.0003	1273064
700000.0003	1163668
700000.0003	1034518
700000.0003	900802
700000.0003	777706
700000.0003	668866
700000.0003	576008
700000.0003	497361
700000.0003	431286
700000.0003	373966
700000.0003	328261
700000.0003	290706
700000.0003	258346
700000.0003	232251
700000.0003	211069
700000.0003	194039
700000.0003	180195
700000.0003	168798
700000.0003	158649
700000.0003	149641
700000.0003	143111
700000.0003	137205
700000.0003	132927
700000.0003	128347
700000.0003	126536
700000.0003	123561
700000.0003	121369
700000.0003	120184
700000.0003	118426
700000.0003	118480
700000.0003	116143
700000.0003	115823
700000.0003	114161
700000.0003	113620
700000.0003	112270
700000.0003	112000
700000.0003	110477
700000.0003	109866
700000.0003	109487
700000.0003	108409
700000.0003	108688
700000.0003	107607
700000.0003	106947
700000.0003	106573
700000.0003	106048
700000.0003	105699
700000.0003	105937
700000.0003	104713
700000.0003	104655
700000.0003	103934
700000.0003	104004
700000.0003	103378
700000.0003	103211
700000.0003	103106
700000.0003	102972
700000.0003	102496
700000.0003	102269
700000.0003	101774
700000.0003	101596
700000.0003	101101
700000.0003	101085
700000.0003	101351
700000.0003	100847
700000.0003	100688
700000.0003	100486
700000.0003	99929
700000.0003	99825
700000.0003	99780
700000.0003	99763
700000.0003	99448
700000.0003	99398
700000.0003	99147
700000.0003	98982
700000.0003	99280
700000.0003	98419
700000.0003	98712
700000.0003	98439
700000.0003	98365
700000.0003	98682
700000.0003	98548
700000.0003	98314
700000.0003	98184
700000.0003	97925
700000.0003	98036
700000.0003	98236
700000.0003	97888
700000.0003	98007
700000.0003	97825
700000.0003	98014
700000.0003	97794
700000.0003	97682
700000.0003	97854
700000.0003	97220
700000.0003	97244
700000.0003	97452
700000.0003	97254
700000.0003	97267
700000.0003	97008
700000.0003	96636
700000.0003	96804
700000.0003	97342
700000.0003	97295
700000.0003	97376
700000.0003	97334
700000.0003	97190
700000.0003	97008
700000.0003	97301
700000.0003	96238
700000.0003	97469
700000.0003	97268
700000.0003	96787
700000.0003	97263
700000.0003	96883
700000.0003	96956
700000.0003	97459
700000.0003	96544
700000.0003	96417
700000.0003	97232
700000.0003	96751
700000.0003	96850
700000.0003	97161
700000.0003	96940
700000.0003	97209
700000.0003	97457
700000.0003	97094
700000.0003	96796
700000.0003	96835
700000.0003	97000
700000.0003	96492
700000.0003	97641
700000.0003	97183
700000.0003	97406
700000.0003	98436
700000.0003	97896
700000.0003	97880
700000.0003	97873
700000.0003	98437
700000.0003	99242
700000.0003	99635
700000.0003	98704
700000.0003	99431
700000.0003	100118
700000.0003	100923
700000.0003	100586
700000.0003	100906
700000.0003	101739
700000.0003	102056
700000.0003	102509
700000.0003	102784
700000.0003	103422
700000.0003	104409
700000.0003	104533
700000.0003	105799
700000.0003	106183
700000.0003	106945
700000.0003	106823
700000.0003	108500
700000.0003	108896
700000.0003	109053
700000.0003	110461
700000.0003	111490
700000.0003	111763
700000.0003	112769
700000.0003	114531
700000.0003	115293
700000.0003	116752
700000.0003	117500
700000.0003	118442
700000.0003	119823
700000.0003	121280
700000.0003	121281
700000.0003	123308
700000.0003	124522
700000.0003	125701
700000.0003	127621
700000.0003	128104
700000.0003	130852
700000.0003	131826
700000.0003	133815
700000.0003	135048
700000.0003	136431
700000.0003	138583
700000.0003	140964
700000.0003	142916
700000.0003	145140
700000.0003	147316
700000.0003	148876
700000.0003	151514
700000.0003	153223
700000.0003	155698
700000.0003	158317
700000.0003	160367
700000.0003	164167
700000.0003	166791
700000.0003	170242
700000.0003	173374
700000.0003	176566
700000.0003	180188
700000.0003	183680
700000.0003	187917
700000.0003	191235
700000.0003	195017
700000.0003	199730
700000.0003	204334
700000.0003	210500
700000.0003	215498
700000.0003	220516
700000.0003	225996
700000.0003	232388
700000.0003	239666
700000.0003	247727
700000.0003	255520
700000.0003	263577
700000.0003	273940
700000.0003	283377
700000.0003	294978
700000.0003	306986
700000.0003	319904
700000.0003	336912
700000.0003	350854
700000.0003	369635
700000.0003	390792
700000.0003	412736
700000.0003	436656
700000.0003	464630
700000.0003	494231
700000.0003	526571
700000.0003	562019
700000.0003	600794
700000.0003	639742
700000.0003	684402
700000.0003	730390
700000.0003	779522
700000.0003	827114
700000.0003	875990
700000.0003	925442
700000.0003	972617
700000.0003	1018199
700000.0003	1061658
700000.0003	1103534
700000.0003	1141012
700000.0003	1173865
700000.0003	1204137
700000.0003	1230074
700000.0003	1253617
700000.0003	1275497
700000.0003	1291462
700000.0003	1311914
700000.0003	1325537
700000.0003	1341051
700000.0003	1352296
700000.0003	1362954
700000.0003	1373617
700000.0003	1380841
700000.0003	1391807
700000.0003	1396770
700000.0003	1404542
700000.0003	1410120
700000.0003	1413151
700000.0003	1421256
700000.0003	1424473
700000.0003	1428227
700000.0003	1430592
700000.0003	1437695
700000.0003	1436900
700000.0003	1439900
700000.0003	1442264
700000.0003	1444087
700000.0003	1445652
700000.0003	1450108
700000.0003	1449687
700000.0003	1452339
700000.0003	1452233
700000.0003	1453304
700000.0003	1454071
700000.0003	1453875
700000.0003	1455905
700000.0003	1456354
700000.0003	1458168
700000.0003	1458886
700000.0003	1456528
700000.0003	1456428
700000.0003	1458413
700000.0003	1458965
700000.0003	1457669
700000.0003	1458554
700000.0003	1459842
700000.0003	1459971
700000.0003	1460390
700000.0003	1457660
700000.0003	1457762
700000.0003	1459830
700000.0003	1459729
700000.0003	1459466
700000.0003	1460059
700000.0003	1460563
700000.0003	1461940
700000.0003	1458669
700000.0003	1459103
700000.0003	1458114
700000.0003	1461922
700000.0003	1461692
700000.0003	1461428
700000.0003	1461338
700000.0003	1460624
700000.0003	1462952
700000.0003	1458692
700000.0003	1460593
700000.0003	1460615
700000.0003	1464659
700000.0003	1461559
700000.0003	1463180
700000.0003	1461689
700000.0003	1460986
700000.0003	1463509
700000.0003	1461415
700000.0003	1463021
700000.0003	1463380
700000.0003	1465904
700000.0003	1463012
700000.0003	1463173
700000.0003	1462934
700000.0003	1462738
700000.0003	1463961
700000.0003	1465752
700000.0003	1464902
700000.0003	1466055
700000.0003	1465895
700000.0003	1464050
700000.0003	1464403
700000.0003	1464655
700000.0003	1465351
700000.0003	1467749
700000.0003	1466650
700000.0003	1467252
700000.0003	1468127
700000.0003	1466504
700000.0003	1465180
700000.0003	1468240
700000.0003	1466881
700000.0003	1467891
700000.0003	1469734
700000.0003	1469776
700000.0003	1469589
700000.0003	1468723
700000.0003	1469060
700000.0003	1467306
700000.0003	1470549
700000.0003	1470555
700000.0003	1471445
700000.0003	1471212
700000.0003	1471930
700000.0003	1471531
700000.0003	1471778
700000.0003	1471217
700000.0003	1470768
700000.0003	1473409
700000.0003	1474724
700000.0003	1475778
700000.0003	1473790
700000.0003	1473222
700000.0003	1476159
700000.0003	1474256
700000.0003	1473877
700000.0003	1475272
700000.0003	1477545
700000.0003	1479327
700000.0003	1480238
700000.0003	1476494
700000.0003	1478693
700000.0003	1478808
700000.0003	1476355
700000.0003	1479185
700000.0003	1480546
700000.0003	1484116
700000.0003	1486096
700000.0003	1484627
700000.0003	1480676
700000.0003	1480290
700000.0003	1477276
700000.0003	1481435
700000.0003	1482718
700000.0003	1488718
700000.0003	1492820
700000.0003	1488122
700000.0003	1481707
