700000.0003	2963.09	2961	2955.08	2962.72	2958.81	2958.06	2959.83	2958.91	2959.33	2956.48	2958.72	2959.34	2959.85	2959.35	2961.78
700000.0003	1539.45	1536.3	1533.1	1533.69	1536.05	1534.54	1531.99	1532.27	1534.11	1533.9	1533.17	1531.48	1534.98	1534.24	1536.32
700000.0003	194.438	195.236	194.677	194.133	194.49	193.448	192.857	194.381	193.796	193.779	193.61	193.229	192.931	192.648	193.199
700000.0003	32.2742	32.2672	32.1489	32.2147	32.2605	31.9852	32.4928	32.0147	32.2756	32.5965	32.0081	31.9068	31.7624	31.9242	32.0924
700000.0003	19.6891	19.2837	19.4844	19.7374	19.4585	19.0328	19.391	19.533	19.4642	19.3646	19.1175	19.7995	19.2709	18.7566	19.7358
700000.0003	16.7819	16.9928	16.5353	16.7683	16.6209	16.7678	16.5375	16.5152	16.4952	16.4223	16.4861	16.3771	16.8467	16.6397	17.0449
700000.0003	14.9654	15.2495	15.4477	15.2129	15.4878	15.306	15.5933	15.3584	15.6143	14.9266	15.4768	15.0728	15.1875	15.8064	15.3358
700000.0003	14.4234	14.3686	14.5882	14.3252	14.5794	14.4891	14.665	14.8075	14.1227	14.6947	14.3251	14.6445	14.8674	14.6706	14.7863
700000.0003	13.7258	13.7933	14.014	14.1972	13.9952	13.7498	13.9919	14.0456	14.1095	13.9137	13.7959	13.8044	14.1065	13.9107	14.2612
700000.0003	13.9438	13.84	13.2488	13.6959	13.8962	13.5105	13.8261	13.4409	13.7647	13.781	13.5629	13.9812	13.8212	13.4548	13.9421
700000.0003	13.4894	13.2933	13.3009	13.6311	13.492	13.6443	13.0569	13.4703	13.4594	13.6389	13.8771	13.6741	13.3926	13.2863	13.5705
700000.0003	13.3598	13.5845	13.3686	13.6526	13.4874	13.3212	13.2555	13.0726	13.2488	13.2741	13.2839	13.2754	13.165	12.9443	13.3889
700000.0003	13.0249	13.3912	13.3545	13.6641	13.2928	13.4137	13.3714	13.3939	13.0323	13.4304	13.0212	13.4324	13.2192	13.3746	13.196
700000.0003	13.1233	13.3332	13.3267	13.5674	13.1261	13.386	13.3433	13.2424	13.445	13.3225	13.4111	13.1999	13.3219	13.2705	13.344
700000.0003	13.2506	13.3491	13.6588	13.6225	13.1355	13.3062	13.5621	13.4079	13.5984	13.2518	13.5563	13.4039	13.1436	13.4591	13.4027
700000.0003	13.7504	14.2746	14.1783	13.7171	13.8923	13.4755	13.9375	13.7955	13.84	14.2504	14.2232	13.7944	14.1003	14.0988	14.0906
700000.0003	14.9523	15.0481	14.9648	15.4952	14.9713	14.8353	15.4666	15.356	15.2068	15.3371	14.9678	14.9705	15.2999	14.883	14.7704
700000.0003	17.0583	16.8675	17.2276	17.0241	16.8536	16.9991	16.6356	16.872	16.7428	16.8722	17.1222	17.3308	17.0179	16.9463	17.3107
700000.0003	20.2259	19.8129	20.1246	19.8516	19.996	19.8802	19.7241	20.1773	19.6579	19.8905	19.4754	19.6697	19.4678	19.8898	19.8584
700000.0003	24.0593	24.3894	23.9132	23.911	24.1821	23.9724	24.0154	23.8242	23.6751	24.1315	24.3239	23.748	24.2542	24.1571	24.4789
700000.0003	30.5977	31.003	30.6938	30.2639	31.1553	30.448	30.6962	30.1791	30.7412	30.9102	30.5434	30.6554	30.8447	30.7853	30.7466
700000.0003	42.4427	41.5107	41.8114	42.0636	42.0435	42.3747	42.2929	42.1811	42.6223	41.6672	42.3492	41.8893	41.9445	42.5453	42.5313
700000.0003	67.263	67.5887	66.7733	67.2521	66.9989	67.3067	67.7159	68.223	67.4098	68.0385	66.7572	67.3815	67.7786	67.5853	67.309
700000.0003	155.599	155.651	155.716	155.478	154.997	155.369	156.288	156.066	155.736	156.296	155.001	155.387	155.696	155.928	155.31
700000.0003	514.953	514.323	516.982	515.9	516.717	515.448	515.539	515.964	516.299	516.886	513.839	516.63	515.419	516.053	514.822
700000.0003	1360.35	1358.03	1363.41	1360.98	1363.53	1359.26	1363.16	1360.93	1361.37	1361.59	1361.34	1364.8	1361.73	1361.88	1359.69
700000.0003	2200.43	2199.39	2198.62	2202.33	2202.63	2201.57	2200.9	2202.23	2200.54	2201.55	2203.87	2202.52	2201.37	2200.17	2200.11
700000.0003	2638.81	2641.56	2642.87	2640.24	2642.72	2642.35	2641.77	2641.07	2641.18	2641.62	2642.41	2640.42	2640.88	2641.61	2639.98
700000.0003	2786.72	2789.85	2788.41	2788.06	2788.99	2789.73	2786.98	2787.19	2789.26	2789.93	2786.37	2785.93	2790.37	2787.26	2787.2
700000.0003	2834.64	2841.58	2833.88	2833.02	2836.16	2840.11	2834.35	2834.11	2836.18	2838.36	2832.23	2833.77	2836.19	2835.44	2833.25
700000.0003	2865.61	2868.33	2865.96	2863.22	2867.75	2865.68	2865.27	2862.56	2865.58	2865.82	2865.14	2864.76	2865.45	2864.69	2862.95
700000.0003	2892.45	2892.54	2893.87	2893.32	2893.82	2891.78	2892.93	2892.6	2893.61	2892.03	2892.96	2891.89	2891.89	2893.83	2893.13
700000.0003	2919.83	2918.24	2921.53	2921.18	2916.69	2919.24	2921.93	2921.1	2916.72	2919.95	2921.59	2922.04	2918.01	2920.8	2918.98
700000.0003	2947.04	2945.06	2946.41	2946.9	2948.07	2946.01	2946.95	2946.8	2947.4	2945.93	2947.85	2945.57	2948.04	2946.52	2947.51
700000.0003	2976.08	2975.03	2970.04	2972.98	2974.29	2972.77	2973.45	2975.28	2974.08	2971.37	2972.84	2978.64	2974.3	2971.37	2974.3
700000.0003	3002.79	3001.48	2997.02	3000.13	3004.16	2999.21	2998.2	3001.27	3002.83	2998.71	3000.45	3004.4	3000.93	2998.47	3000.64
700000.0003	3027.63	3026.15	3026.05	3024.88	3029.74	3029.62	3024.52	3026.17	3030.09	3025.25	3026.03	3026.48	3031.98	3028.6	3027.76
700000.0003	3053.98	3059.14	3053.63	3048.55	3052.53	3057.39	3050.68	3052.75	3055.12	3054.4	3050.64	3055.39	3056.15	3054.69	3050.3
700000.0003	3081.48	3079.88	3075.87	3076.85	3080.73	3079.95	3076.85	3078.69	3078.75	3078.85	3076.17	3079.7	3080.23	3081.22	3077.22
700000.0003	3103.11	3101.41	3091.6	3097.52	3098.93	3095.87	3096.27	3097.25	3097.38	3096.34	3097.12	3097.17	3098.07	3094.8	3097.34
700000.0003	0.35636	-0.22954	-0.443073	-0.786282	-0.237005	-1.81918	-1.99817	0.61554	1.23459	-0.120645	0.602265	0.0814006	-0.0445295	-0.801848	0.963571
700000.0003	-1.49398	0.153398	-0.801334	-0.421059	-1.29457	-0.690743	1.72585	0.769398	0.745425	0.157001	0.0505996	0.469958	-0.249203	-0.080036	-0.343715
700000.0003	-0.126618	-0.0276737	0.482633	-0.393784	-0.0647664	0.515381	0.0487199	-0.141972	-0.30706	0.146912	-0.196416	0.121823	-0.208822	0.115586	-0.166029
700000.0003	0.211173	0.107093	-0.269962	0.126976	-0.0376932	0.135441	0.0491225	-0.118628	-0.176593	-0.0567743	-0.0970327	-0.104237	-0.0227625	-0.0687439	-0.180163
700000.0003	0.0634915	0.113093	-0.00800759	-0.0116529	-0.0330676	-0.171363	0.0640084	0.0497253	-0.231725	-0.156997	0.142332	-0.0738817	-0.00428051	0.0485337	0.147364
700000.0003	-0.118488	0.189631	0.0394994	0.218217	-0.0670445	0.20858	-0.113147	-0.0834616	0.14008	-0.201429	0.33307	0.258931	-0.00523641	-0.0941569	-0.0111066
700000.0003	0.0536928	0.0288847	0.0764916	0.0987922	0.138595	0.158872	0.0129318	-0.154489	-0.0680627	0.00512193	0.120357	0.0546763	0.289494	-0.13403	0.144716
700000.0003	-0.0250516	0.0704438	0.0173101	-0.159619	0.172959	0.125774	0.0185982	-0.181187	0.062388	-0.00266319	-0.00123976	0.0746358	-0.0721487	0.039211	0.113163
700000.0003	0.156898	0.101159	0.142335	-0.164625	-0.0594046	0.000439492	-0.112675	0.160025	0.145611	0.0213922	0.0785831	-0.0941184	-0.0222199	-0.121736	0.171514
700000.0003	-0.256978	-0.147716	-0.107737	-0.237925	-0.0265928	-0.124255	0.102132	0.0116378	0.0113009	-0.0122816	0.00205903	-0.00748188	-0.0180181	-0.103875	0.175751
700000.0003	-0.019182	0.113704	0.0292086	-0.0984763	-0.0477203	-0.146203	-0.144502	-0.000251973	0.10472	-0.115892	0.0101096	-0.00357677	-0.00934334	0.0112831	-0.0801783
700000.0003	0.135066	0.0635555	0.0347943	-0.101125	0.0384882	-0.0345836	0.0359196	-0.103015	-0.246823	-0.125324	-0.0252785	0.158645	0.058166	0.110457	-0.134763
700000.0003	0.135047	-0.0190214	0.13753	-0.109205	0.00864347	0.00602906	-0.175706	-0.0314626	0.0532376	-0.133917	0.0660924	-0.0372284	0.0767265	0.0344292	0.148611
700000.0003	0.0880279	-0.155026	0.108445	-0.0975671	-0.0156018	0.111712	0.0833519	-0.108564	0.106599	0.0792398	-0.0445374	-0.0201061	0.256135	0.111888	-0.0831129
700000.0003	-0.112642	-0.0468076	-0.18314	-0.202754	0.0221691	-0.14961	-0.122367	0.0719713	0.0586277	-0.0977017	-0.0218854	-0.00246728	0.0389184	0.0691143	0.0745799
700000.0003	0.142964	0.181107	-0.119136	0.159902	0.0415109	0.000955545	-0.00363924	0.163995	0.0841114	0.109982	0.0794059	0.0100226	0.0176802	-0.099287	-0.0436044
700000.0003	0.0626604	-0.102098	0.0513008	0.0453515	0.092143	-0.0285676	-0.00349595	-0.0164458	-0.125188	-0.20977	0.0476277	-0.196818	-0.101852	-0.145031	-0.150464
700000.0003	-0.19525	-0.0263589	-0.0274338	-0.0926671	0.151304	-0.0266855	0.0374564	-0.128728	0.0377235	0.00770804	0.183133	-0.0794891	-0.0611172	0.0414691	-0.186438
700000.0003	0.2555	-0.117192	0.0172803	0.0503207	0.271527	-0.161827	0.205735	0.138567	0.0494016	0.0195017	0.0028052	-0.0755938	-0.0952875	-0.111404	-0.17362
700000.0003	0.153189	-0.0100498	-0.154238	0.00723987	0.0141943	-0.137515	-0.133868	-0.0860426	-0.0493277	0.0819119	0.16869	-0.0323058	-0.0615939	-0.415023	0.159949
700000.0003	0.240593	-0.0837943	0.0433691	0.0459475	0.266989	0.0871823	-0.237097	0.18689	0.0569295	-0.00522663	-0.263028	-0.0578561	-0.160521	-0.0131507	0.137853
700000.0003	-0.273581	0.0215025	0.0219275	-0.0138788	-0.174856	-0.0826259	-0.0536319	-0.275378	-0.142119	-0.0423133	0.0851675	-0.280029	-0.0808399	-0.218123	-0.0613904
700000.0003	-0.0184251	0.228663	0.129771	-0.195237	0.356165	-0.239069	-0.123042	0.215634	0.0478233	0.157934	0.070355	-0.0380189	-0.227749	-0.182286	0.0825531
700000.0003	-0.346513	-0.0881564	0.474338	-0.480685	0.163949	0.459747	0.098121	-0.0555186	0.00808769	0.0867297	0.0382526	0.405144	-0.238709	-0.085839	-0.436272
700000.0003	0.0718892	0.479619	-0.296253	-0.158442	-0.604698	0.110539	-0.136321	-0.361208	0.151249	0.243749	0.455941	-0.205866	-0.184365	0.227756	-0.00368938
700000.0003	-0.522334	-0.1883	0.469966	-1.26489	-0.123388	0.718389	-0.518559	0.31833	-0.071843	-0.264327	-0.939604	-1.36828	-0.170222	-0.345384	-0.227071
700000.0003	-0.0324527	-0.17674	-1.23787	-0.882004	-0.495518	0.157709	-0.605105	0.144697	-1.11029	0.774063	-0.612478	0.179557	0.48017	0.0304245	-0.277746
700000.0003	0.422127	0.834403	-1.03865	-0.379192	1.16011	-1.61768	0.383649	-0.727646	-0.387071	-1.26857	-0.694196	0.71936	1.34751	-0.472557	0.121773
700000.0003	0.176891	0.00224768	-0.259188	0.313106	0.118342	-0.623664	-0.738875	-0.240777	-0.716025	-1.03915	-0.144794	-0.660859	0.242249	0.602659	0.634457
700000.0003	0.756421	0.00904191	0.616818	-0.428194	-0.619994	0.354987	-0.122513	-0.334466	-0.579264	0.313807	0.424196	0.799345	-1.10409	0.73181	0.0293994
700000.0003	-0.114704	-0.130668	0.77014	0.647532	-0.714891	0.720621	0.488411	0.265038	-0.0890841	0.998497	0.411626	-0.490747	-0.351621	0.0581953	-0.237484
700000.0003	-0.62073	-0.553354	-0.271403	-0.471818	0.57748	0.858788	0.61551	-0.837202	0.0654118	0.68322	0.288376	-0.0335613	-0.375159	0.266431	0.307556
700000.0003	-0.616288	-0.915578	-0.402426	0.874538	0.0601089	0.134892	0.16325	0.352891	0.684959	-0.663868	0.219472	0.832366	0.212649	-0.321178	0.491555
700000.0003	-0.0363931	-1.05902	-1.00225	0.0580758	0.427885	-0.332476	0.106585	0.622663	-0.293175	-0.937902	-0.274054	1.10797	0.790268	0.22659	0.0852684
700000.0003	-0.0756091	-0.220865	-0.264196	-0.993127	-0.380558	0.279465	0.135374	0.107667	-0.476813	-0.204272	0.499453	0.326768	0.381211	0.770361	-0.444953
700000.0003	-1.47486	-0.457918	-0.254366	0.507099	0.784207	-0.0795519	-0.59545	-0.192523	0.760861	-0.558941	0.284833	0.879346	1.02475	0.4465	-0.561454
700000.0003	0.323581	-0.0973092	-0.843783	-0.622908	0.87633	0.979494	-0.575324	0.0430449	-0.054326	0.0554284	0.157983	0.0475407	0.450725	-0.118081	-0.115522
700000.0003	-0.179613	-0.639889	0.0110249	0.506328	0.123473	0.116804	0.280157	0.0322058	-0.721522	0.0195804	0.212903	0.928022	0.452138	0.479534	0.269746
700000.0003	0.546957	-0.640095	-0.14203	0.419138	-0.599412	0.117658	0.0727065	0.59463	0.81597	1.24639	-0.452927	-0.606239	0.437699	0.496754	0.806537
700000.0003	-0.134597	-0.54066	0.156151	-0.410246	-1.16726	1.87442	0.373294	-0.757737	0.0542895	0.113564	0.0522869	-0.0893275	1.19924	0.625288	0.267104
700000.0003	2913.31	2914.81	2912.17	2914.84	2912.52	2911.8	2914.19	2911.4	2912.05	2909.25	2910.82	2911.91	2911.87	2912.87	2913.44
700000.0003	1611.46	1609.56	1607.1	1606.25	1606.93	1607.79	1603.89	1604.74	1606.09	1605.57	1604.76	1604.75	1607.26	1605.92	1608.83
700000.0003	175.185	175.097	174.089	174.111	174.677	173.2	172.409	174.006	174.331	174.75	172.801	173.173	173.585	172.953	174.163
700000.0003	28.3792	27.8402	28.2803	28.3091	28.5889	28.5205	28.2592	28.167	28.2292	28.559	28.1673	27.9538	27.8471	28.3021	28.3327
700000.0003	18.7859	18.3328	18.5582	18.7648	18.3864	18.2827	18.4045	18.3957	18.0424	18.2848	18.5478	18.5849	18.2469	17.7281	18.8085
700000.0003	15.8599	16.0239	16.1507	16.3016	16.0836	16.0894	15.8069	16.1876	15.9464	15.8806	16.2381	16.0777	16.16	16.0695	16.3213
700000.0003	15.0622	14.9952	15.0951	14.823	15.3953	15.0354	15.1209	14.9282	15.0108	14.862	15.2029	14.9667	14.8266	15.2028	15.0345
700000.0003	14.1732	14.3954	14.4629	14.0812	14.3006	14.2596	14.3146	14.5834	14.1207	14.1863	14.1278	14.7429	14.5356	14.481	14.6119
700000.0003	13.5202	13.8249	13.7423	13.651	13.5761	13.7666	13.9329	13.7433	14.0802	13.5759	13.5729	13.6688	14.0029	13.5715	13.7752
700000.0003	13.5201	13.2766	13.4113	13.7762	13.7376	13.5751	13.592	13.2395	13.4963	13.8926	14.1092	14.0516	13.8917	13.37	13.5142
700000.0003	13.5233	13.3604	13.0796	13.2906	13.2958	13.3571	13.4413	13.3517	13.5085	13.6069	13.4805	13.4871	13.1487	13.33	13.5778
700000.0003	13.3179	13.4233	13.1105	13.2889	13.406	13.3611	13.2765	12.943	13.5191	13.6389	13.1352	13.1264	13.3933	12.8161	13.5365
700000.0003	12.8607	12.9737	13.2809	13.1809	13.5207	13.4864	13.4396	13.3899	13.0215	13.4004	13.2794	13.4842	13.5299	13.5484	13.3968
700000.0003	13.4238	13.1973	13.3424	13.1446	13.5893	13.4917	13.3328	13.1347	13.2058	13.3235	13.5261	13.6402	13.2019	13.2422	13.3269
700000.0003	13.4767	13.218	13.3621	13.6445	13.2057	13.6882	13.4946	13.3741	13.5571	13.5568	13.8499	13.2875	13.106	13.3234	13.4509
700000.0003	14.0242	14.0805	14.0871	13.6575	13.625	13.4508	13.8894	13.8414	13.6923	14.0602	14.3945	13.7985	13.9917	14.0213	14.0968
700000.0003	14.6796	15.1235	14.8747	14.9071	14.6918	14.698	15.0664	15.3563	14.9524	14.8385	15.0909	15.2983	14.9076	14.8885	14.5938
700000.0003	16.8111	16.6509	16.9478	16.9273	16.7707	16.9703	16.5825	16.714	16.6692	16.9302	16.5123	17.1522	16.9473	16.829	16.6073
700000.0003	19.9158	19.8937	19.6728	19.717	19.8459	19.8459	19.7991	20.083	19.4916	19.757	19.6425	19.6486	20.0717	19.6358	19.7318
700000.0003	24.1776	24.2246	24.2339	24.2372	23.9818	24.2502	24.1408	23.8604	23.7198	23.8034	24.1766	23.8817	24.0624	24.1782	24.2729
700000.0003	30.255	30.5155	30.3638	29.8806	30.4511	30.4833	30.2776	30.4478	30.1958	30.9166	30.4324	30.2897	30.5233	30.5795	30.4097
700000.0003	41.3902	41.5373	41.9807	42.0698	42.276	41.9591	41.8762	41.985	42.2892	41.4636	41.6538	41.9085	41.8366	41.8061	41.95
700000.0003	66.094	66.6757	65.8342	66.3819	66.3512	65.7894	66.5634	67.4056	65.9716	66.6281	66.0201	66.468	66.7399	66.7721	66.7666
700000.0003	152.103	152.721	152.711	153.077	153.774	152.916	153.19	153.125	152.071	152.309	152.234	152.261	152.727	152.9	152.075
700000.0003	519.779	519.418	521.29	520.617	522.018	521.848	519.225	520.222	520.723	521.286	519.183	519.829	520.53	520.058	518.917
700000.0003	1360.34	1363.1	1363.73	1362.96	1362.22	1361.49	1363.68	1362.49	1361.78	1361.94	1363.02	1365.64	1360.66	1363.5	1360.08
700000.0003	2152.74	2153.18	2152.52	2155.82	2156.12	2153.23	2153.6	2154.31	2152.39	2154.67	2156.78	2153.58	2154.64	2151.55	2154.1
700000.0003	2584.75	2584.01	2586.11	2585.25	2584.38	2585.01	2586.37	2584.57	2586.63	2585.87	2585.98	2582.37	2583.85	2585.26	2584.05
700000.0003	2777.99	2780.18	2780.14	2779.89	2782	2778.8	2778.43	2779.7	2779.03	2779.84	2778.38	2778.89	2779.23	2778.67	2779.56
700000.0003	2867.31	2867.97	2867.32	2867.81	2867.9	2868.22	2865.9	2867.35	2866.61	2867.57	2864.34	2867.3	2866.64	2867.27	2868.69
700000.0003	2906.75	2908.4	2907.45	2907.28	2907.87	2905.99	2908.84	2909	2906.61	2907.28	2904.96	2909.17	2905.4	2908.1	2905.71
700000.0003	2934.44	2931.73	2932.94	2932.88	2933.29	2932.72	2934	2931	2934.95	2932.13	2933.85	2930.97	2932.95	2931.26	2932.68
700000.0003	2955.23	2953.46	2952.75	2954.48	2951.72	2954.9	2953.71	2953.59	2952.03	2953.6	2953.7	2954.27	2954.51	2953.3	2954.77
700000.0003	2971.75	2973.65	2974.21	2972.04	2972.34	2972.81	2973.11	2972.03	2973.55	2973	2973.94	2971.07	2974.51	2972.45	2973.37
700000.0003	2989.07	2991.8	2992	2991.02	2988.91	2988.96	2989.84	2992.78	2991.14	2990.2	2989.58	2990.45	2990.46	2992.31	2990.86
700000.0003	3008.91	3005.8	3007.62	3007.72	3009.28	3007.25	3007.87	3007.54	3005.56	3006.67	3008.97	3008.57	3005.45	3006.63	3009.79
700000.0003	3027.1	3022.06	3024.89	3025.02	3025.44	3023.76	3023.88	3024.38	3023.31	3022.78	3024.66	3024.67	3025.78	3025.83	3026.03
700000.0003	3043.21	3046.38	3044.23	3042.02	3043.36	3045.22	3043.71	3043.26	3044.12	3043.48	3041.83	3043.74	3045.98	3045.38	3043.33
700000.0003	3067.56	3070.49	3070.02	3070.14	3068.8	3069.62	3069.29	3070.19	3068.28	3070.92	3068.32	3070.55	3070.16	3071.58	3068.69
700000.0003	3085.77	3083.38	3083.32	3083.17	3085.48	3085.22	3082.99	3083.4	3084.83	3084.16	3085.49	3082.39	3081.49	3083.7	3084.57
