700000.0003	0.0262052
700000.0003	0.0356506
700000.0003	0.0532186
700000.0003	0.0809438
700000.0003	0.12438
700000.0003	0.189967
700000.0003	0.277629
700000.0003	0.398824
700000.0003	0.550901
700000.0003	0.747642
700000.0003	0.988865
700000.0003	1.26736
700000.0003	1.61055
700000.0003	1.99208
700000.0003	2.42829
700000.0003	2.87192
700000.0003	3.34087
700000.0003	3.80774
700000.0003	4.28437
700000.0003	4.73078
700000.0003	5.18943
700000.0003	5.63398
700000.0003	6.04021
700000.0003	6.4569
700000.0003	6.85077
700000.0003	7.22791
700000.0003	7.56272
700000.0003	7.89745
700000.0003	8.21327
700000.0003	8.53673
700000.0003	8.81051
700000.0003	9.12146
700000.0003	9.37962
700000.0003	9.54503
700000.0003	9.71507
700000.0003	9.89051
700000.0003	10.0654
700000.0003	10.0795
700000.0003	10.271
700000.0003	10.2405
700000.0003	10.2037
700000.0003	10.2535
700000.0003	10.2112
700000.0003	10.3365
700000.0003	10.233
700000.0003	10.2832
700000.0003	10.2795
700000.0003	10.2828
700000.0003	10.2686
700000.0003	10.3252
700000.0003	10.2263
700000.0003	10.2634
700000.0003	10.2828
700000.0003	10.2654
700000.0003	10.3006
700000.0003	10.2592
700000.0003	10.2347
700000.0003	10.2918
700000.0003	10.2663
700000.0003	10.3007
700000.0003	10.3682
700000.0003	10.2975
700000.0003	10.2955
700000.0003	10.2621
700000.0003	10.3414
700000.0003	10.2685
700000.0003	10.3298
700000.0003	10.3154
700000.0003	10.386
700000.0003	10.3415
700000.0003	10.3433
700000.0003	10.2701
700000.0003	10.3688
700000.0003	10.325
700000.0003	10.324
700000.0003	10.3682
700000.0003	10.3894
700000.0003	10.3455
700000.0003	10.3549
700000.0003	10.2874
700000.0003	10.3152
700000.0003	10.357
700000.0003	10.3852
700000.0003	10.3516
700000.0003	10.3377
700000.0003	10.3836
700000.0003	10.3333
700000.0003	10.4074
700000.0003	10.3063
700000.0003	10.3535
700000.0003	10.2942
700000.0003	10.3249
700000.0003	10.4313
700000.0003	10.381
700000.0003	10.4295
700000.0003	10.3781
700000.0003	10.3352
700000.0003	10.3977
700000.0003	10.405
700000.0003	10.3966
700000.0003	10.3696
700000.0003	10.4064
700000.0003	10.4256
700000.0003	10.3787
700000.0003	10.3779
700000.0003	10.475
700000.0003	10.4105
700000.0003	10.367
700000.0003	10.4054
700000.0003	10.3692
700000.0003	10.4028
700000.0003	10.3748
700000.0003	10.4247
700000.0003	10.4032
700000.0003	10.4399
700000.0003	10.3948
700000.0003	10.4395
700000.0003	10.4554
700000.0003	10.4262
700000.0003	10.4363
700000.0003	10.4909
700000.0003	10.378
700000.0003	10.4737
700000.0003	10.4961
700000.0003	10.453
700000.0003	10.4137
700000.0003	10.4382
700000.0003	10.4281
700000.0003	10.4849
700000.0003	10.3743
700000.0003	10.4045
700000.0003	10.4879
700000.0003	10.4746
700000.0003	10.4864
700000.0003	10.5235
700000.0003	10.4474
700000.0003	10.5125
700000.0003	10.5312
700000.0003	10.4846
700000.0003	10.4241
700000.0003	10.4284
700000.0003	10.4941
700000.0003	10.4044
700000.0003	10.5348
700000.0003	10.449
700000.0003	10.4112
700000.0003	10.4658
700000.0003	10.4015
700000.0003	10.4006
700000.0003	10.3796
700000.0003	10.3657
700000.0003	10.4426
700000.0003	10.4049
700000.0003	10.2017
700000.0003	10.2711
700000.0003	10.2783
700000.0003	10.249
700000.0003	10.1386
700000.0003	10.1009
700000.0003	10.1149
700000.0003	10.008
700000.0003	10.0119
700000.0003	9.96401
700000.0003	9.94105
700000.0003	9.91149
700000.0003	9.76672
700000.0003	9.78272
700000.0003	9.778
700000.0003	9.67979
700000.0003	9.54414
700000.0003	9.56321
700000.0003	9.49276
700000.0003	9.37298
700000.0003	9.36288
700000.0003	9.314
700000.0003	9.21823
700000.0003	9.13798
700000.0003	9.12565
700000.0003	9.0717
700000.0003	9.00592
700000.0003	8.95774
700000.0003	8.87734
700000.0003	8.80183
700000.0003	8.76548
700000.0003	8.55273
700000.0003	8.55151
700000.0003	8.47222
700000.0003	8.41169
700000.0003	8.31919
700000.0003	8.19517
700000.0003	8.18133
700000.0003	8.02913
700000.0003	8.02375
700000.0003	7.91655
700000.0003	7.80296
700000.0003	7.73272
700000.0003	7.65797
700000.0003	7.6192
700000.0003	7.53194
700000.0003	7.41754
700000.0003	7.31323
700000.0003	7.24163
700000.0003	7.10744
700000.0003	7.03119
700000.0003	6.92479
700000.0003	6.83458
700000.0003	6.78152
700000.0003	6.67196
700000.0003	6.59907
700000.0003	6.49497
700000.0003	6.4076
700000.0003	6.31827
700000.0003	6.21286
700000.0003	6.13546
700000.0003	6.00738
700000.0003	5.91421
700000.0003	5.81741
700000.0003	5.7244
700000.0003	5.65299
700000.0003	5.5604
700000.0003	5.46789
700000.0003	5.33058
700000.0003	5.23796
700000.0003	5.15336
700000.0003	5.06349
700000.0003	4.96811
700000.0003	4.86332
700000.0003	4.77894
700000.0003	4.66782
700000.0003	4.57417
700000.0003	4.46562
700000.0003	4.36012
700000.0003	4.30314
700000.0003	4.16074
700000.0003	4.05993
700000.0003	3.9832
700000.0003	3.87549
700000.0003	3.75653
700000.0003	3.6678
700000.0003	3.55712
700000.0003	3.4512
700000.0003	3.32512
700000.0003	3.22594
700000.0003	3.09014
700000.0003	2.97823
700000.0003	2.85073
700000.0003	2.73909
700000.0003	2.60009
700000.0003	2.47055
700000.0003	2.33336
700000.0003	2.19761
700000.0003	2.06839
700000.0003	1.92648
700000.0003	1.79795
700000.0003	1.66414
700000.0003	1.54319
700000.0003	1.41495
700000.0003	1.29795
700000.0003	1.18782
700000.0003	1.07425
700000.0003	0.978
700000.0003	0.884367
700000.0003	0.793803
700000.0003	0.712111
700000.0003	0.636178
700000.0003	0.564891
700000.0003	0.499411
700000.0003	0.440273
700000.0003	0.384589
700000.0003	0.335988
700000.0003	0.291459
700000.0003	0.252683
700000.0003	0.216655
700000.0003	0.18683
700000.0003	0.158893
700000.0003	0.135336
700000.0003	0.115288
700000.0003	0.0965968
700000.0003	0.0815379
700000.0003	0.0687855
700000.0003	0.0578104
700000.0003	0.0485682
700000.0003	0.0412422
700000.0003	0.0345571
700000.0003	0.0291925
700000.0003	0.0243374
700000.0003	0.0207505
700000.0003	0.0180828
700000.0003	0.0156028
700000.0003	0.0133484
700000.0003	0.0116926
700000.0003	0.010358
700000.0003	0.00910729
700000.0003	0.00816787
700000.0003	0.00731014
700000.0003	0.00659717
700000.0003	0.00624382
700000.0003	0.00573995
700000.0003	0.00558241
700000.0003	0.00544659
700000.0003	0.00522662
700000.0003	0.00512541
700000.0003	0.00507594
700000.0003	0.0050578
700000.0003	0.00494656
700000.0003	0.0048669
700000.0003	0.00479881
700000.0003	0.00464669
700000.0003	0.00466819
700000.0003	0.00462024
700000.0003	0.00460399
700000.0003	0.00450631
700000.0003	0.00447973
700000.0003	0.00442485
700000.0003	0.00444994
700000.0003	0.00443559
700000.0003	0.00436046
700000.0003	0.00427934
700000.0003	0.00435719
700000.0003	0.00430323
700000.0003	0.00428153
700000.0003	0.00429954
700000.0003	0.00424908
700000.0003	0.00429661
700000.0003	0.00413833
700000.0003	0.00424596
700000.0003	0.00420358
700000.0003	0.00418793
700000.0003	0.00419646
700000.0003	0.00413937
700000.0003	0.00420501
700000.0003	0.00411404
700000.0003	0.00417089
700000.0003	0.00410984
700000.0003	0.00405483
700000.0003	0.00413312
700000.0003	0.00408831
700000.0003	0.00416937
700000.0003	0.00410654
700000.0003	0.00409461
700000.0003	0.00416591
700000.0003	0.00417041
700000.0003	0.00412002
700000.0003	0.0041033
700000.0003	0.00413576
700000.0003	0.00409674
700000.0003	0.0041933
700000.0003	0.004161
700000.0003	0.00414306
700000.0003	0.00424754
700000.0003	0.00414891
700000.0003	0.00419074
700000.0003	0.00423324
700000.0003	0.00422211
700000.0003	0.00418412
700000.0003	0.00422765
700000.0003	0.00428265
700000.0003	0.00421443
700000.0003	0.00428247
700000.0003	0.00435233
700000.0003	0.00437976
700000.0003	0.00441303
700000.0003	0.00454754
700000.0003	0.00448467
700000.0003	0.00446618
700000.0003	0.00449086
700000.0003	0.00450186
700000.0003	0.00463568
700000.0003	0.00459141
700000.0003	0.00461364
700000.0003	0.00476217
700000.0003	0.0048682
700000.0003	0.00473089
700000.0003	0.00493324
700000.0003	0.00497516
700000.0003	0.00512836
700000.0003	0.00505835
700000.0003	0.00521113
700000.0003	0.00530308
700000.0003	0.00545769
700000.0003	0.00551444
700000.0003	0.00562453
700000.0003	0.00603487
700000.0003	0.00612628
700000.0003	0.00615294
700000.0003	0.00648548
700000.0003	0.00665041
700000.0003	0.00697918
700000.0003	0.00727363
700000.0003	0.00772365
700000.0003	0.00799161
700000.0003	0.00852726
700000.0003	0.00907479
700000.0003	0.00987014
700000.0003	0.0109483
700000.0003	0.0118096
700000.0003	0.0136379
700000.0003	0.0156034
700000.0003	0.0177399
700000.0003	0.0213393
700000.0003	0.000101714
700000.0003	-9.21629e-05
700000.0003	0.000264442
700000.0003	9.57126e-05
700000.0003	0.00134163
700000.0003	-0.000575124
700000.0003	-0.00144648
700000.0003	-0.00029867
700000.0003	-0.00224553
700000.0003	-0.000325409
700000.0003	-0.000861179
700000.0003	0.000137068
700000.0003	-0.00680405
700000.0003	-0.004606
700000.0003	-0.00134254
700000.0003	-0.00231862
700000.0003	0.00481652
700000.0003	-0.0110489
700000.0003	0.00317719
700000.0003	-0.0071391
700000.0003	0.014178
700000.0003	0.000752482
700000.0003	-0.0214938
700000.0003	-0.00240144
700000.0003	0.0109947
700000.0003	-0.00738052
700000.0003	0.0200629
700000.0003	-0.00327225
700000.0003	0.0349039
700000.0003	0.0195716
700000.0003	0.0207245
700000.0003	0.0311184
700000.0003	0.00371999
700000.0003	-0.0690851
700000.0003	-0.00211763
700000.0003	0.0578589
700000.0003	0.0307043
700000.0003	-0.0352512
700000.0003	0.025052
700000.0003	-0.0405403
700000.0003	0.0337391
700000.0003	0.0246553
700000.0003	0.0136263
700000.0003	-0.00528764
700000.0003	0.0579076
700000.0003	0.0485589
700000.0003	0.0494071
700000.0003	0.0366952
700000.0003	0.025426
700000.0003	0.0178231
700000.0003	-0.0181351
700000.0003	-0.0502542
700000.0003	0.0201595
700000.0003	7.50738e-05
700000.0003	-0.023181
700000.0003	-0.0516185
700000.0003	-0.0430927
700000.0003	-0.0206928
700000.0003	0.00361247
700000.0003	-0.0485382
700000.0003	-0.0181115
700000.0003	-0.000599934
700000.0003	0.00761061
700000.0003	0.000789285
700000.0003	0.00813988
700000.0003	-0.0429386
700000.0003	-0.0151488
700000.0003	-0.0313281
700000.0003	0.0105536
700000.0003	0.0162629
700000.0003	0.00720038
700000.0003	0.023098
700000.0003	-0.0033233
700000.0003	-0.0297223
700000.0003	-0.00169903
700000.0003	0.0262389
700000.0003	0.00257216
700000.0003	-0.0329927
700000.0003	-0.0175224
700000.0003	-0.00518934
700000.0003	-0.00222338
700000.0003	-0.0370619
700000.0003	0.00148241
700000.0003	-0.00704416
700000.0003	-0.0230173
700000.0003	-0.00231437
700000.0003	0.040635
700000.0003	0.00858788
700000.0003	0.0318756
700000.0003	0.00703505
700000.0003	-0.0175026
700000.0003	0.0118953
700000.0003	-0.0284311
700000.0003	-0.0487948
700000.0003	0.0175116
700000.0003	-0.0438115
700000.0003	0.0170194
700000.0003	0.00599868
700000.0003	0.00710323
700000.0003	-0.0269268
700000.0003	-0.00478414
700000.0003	0.0262828
700000.0003	0.01053
700000.0003	-0.0143349
700000.0003	-0.00923676
700000.0003	0.00591629
700000.0003	0.0449801
700000.0003	-0.00758857
700000.0003	0.0312131
700000.0003	-0.00207005
700000.0003	-0.0264822
700000.0003	-0.00111661
700000.0003	0.0230403
700000.0003	-0.00558654
700000.0003	0.00213235
700000.0003	0.00845655
700000.0003	0.0146615
700000.0003	-0.0484244
700000.0003	0.0107707
700000.0003	-0.0334467
700000.0003	0.00308324
700000.0003	-0.0271353
700000.0003	0.0142515
700000.0003	0.0219761
700000.0003	-0.0380161
700000.0003	0.022763
700000.0003	-0.0432604
700000.0003	-0.0195356
700000.0003	-0.0380126
700000.0003	-0.0186101
700000.0003	0.00215131
700000.0003	-0.0408173
700000.0003	-0.00803575
700000.0003	-0.00695186
700000.0003	-0.0204934
700000.0003	0.0164781
700000.0003	0.00583019
700000.0003	-0.0402122
700000.0003	0.0107959
700000.0003	0.0262301
700000.0003	-0.00106203
700000.0003	-0.0111275
700000.0003	0.0382526
700000.0003	0.0100897
700000.0003	-0.00997597
700000.0003	0.0821138
700000.0003	0.0132476
700000.0003	0.0154121
700000.0003	0.00884828
700000.0003	0.0015463
700000.0003	-0.00480216
700000.0003	-0.00740077
700000.0003	0.00459482
700000.0003	-0.00859475
700000.0003	0.0147875
700000.0003	-0.0251791
700000.0003	0.0389003
700000.0003	-0.00653237
700000.0003	-0.0235299
700000.0003	0.0158625
700000.0003	-0.015297
700000.0003	-0.0051049
700000.0003	-0.0112362
700000.0003	0.0161525
700000.0003	0.0267602
700000.0003	0.00246706
700000.0003	-0.0419563
700000.0003	0.0310323
700000.0003	0.0401972
700000.0003	-0.0129798
700000.0003	-0.0361053
700000.0003	-0.0117645
700000.0003	-0.023566
700000.0003	0.0146821
700000.0003	0.0449006
700000.0003	-0.00638225
700000.0003	0.00575986
700000.0003	-0.0092571
700000.0003	-0.0364411
700000.0003	-0.00955501
700000.0003	0.0015201
700000.0003	0.00115201
700000.0003	0.013829
700000.0003	-0.00031152
700000.0003	0.0279947
700000.0003	0.00703728
700000.0003	0.0146977
700000.0003	-0.0049443
700000.0003	-0.0261083
700000.0003	0.00314572
700000.0003	-0.0026802
700000.0003	0.0264964
700000.0003	0.00475557
700000.0003	0.00687178
700000.0003	-0.000483747
700000.0003	0.0282912
700000.0003	-0.00232976
700000.0003	-0.0167815
700000.0003	-0.0259211
700000.0003	0.000636481
700000.0003	-0.00792123
700000.0003	0.0013077
700000.0003	-0.00290278
700000.0003	0.00845204
700000.0003	-0.0172426
700000.0003	-0.00914539
700000.0003	-0.00785842
700000.0003	0.0248479
700000.0003	-0.00389001
700000.0003	-0.00368175
700000.0003	0.0107386
700000.0003	-0.0199013
700000.0003	-0.0127292
700000.0003	-0.0133318
700000.0003	-0.0101154
700000.0003	0.00543398
700000.0003	0.00792419
700000.0003	-0.000569329
700000.0003	0.00440726
700000.0003	-0.0123979
700000.0003	0.0163581
700000.0003	0.00321423
700000.0003	-0.00585712
700000.0003	-0.0107064
700000.0003	-3.8347e-05
700000.0003	0.00303312
700000.0003	-0.0164574
700000.0003	-0.0128469
700000.0003	3.54808e-05
700000.0003	0.00740166
700000.0003	0.00289194
700000.0003	-0.00796891
700000.0003	0.00565531
700000.0003	-0.00678984
700000.0003	-0.0049301
700000.0003	-0.0010479
700000.0003	-0.00933282
700000.0003	0.000522745
700000.0003	0.00266482
700000.0003	-0.00490335
700000.0003	-0.00132841
700000.0003	0.00496003
700000.0003	-0.0061837
700000.0003	-0.00183805
700000.0003	-0.00474735
700000.0003	0.00136772
700000.0003	0.00513349
700000.0003	0.00129325
700000.0003	0.00728844
700000.0003	0.00264507
700000.0003	-0.000254211
700000.0003	0.000954261
700000.0003	-0.000673536
700000.0003	-0.00265678
700000.0003	-0.00101435
700000.0003	0.00104906
700000.0003	-0.00178043
700000.0003	-0.00515899
700000.0003	0.000813894
700000.0003	0.00210839
700000.0003	-0.00296258
700000.0003	-0.00218344
700000.0003	-0.00178639
700000.0003	-0.00283602
700000.0003	0.000453077
700000.0003	-0.000299917
700000.0003	-0.00142756
700000.0003	0.000827783
700000.0003	-0.00100489
700000.0003	-0.000298174
700000.0003	-0.00094364
700000.0003	-0.000749681
700000.0003	-0.000820913
700000.0003	-0.00125474
700000.0003	0.000518492
700000.0003	0.000274185
700000.0003	-0.00028936
700000.0003	0.000527455
700000.0003	0.000190068
700000.0003	0.000278783
700000.0003	-1.54224e-05
700000.0003	-0.000155767
700000.0003	-0.000248141
700000.0003	7.10916e-05
700000.0003	-8.14078e-05
700000.0003	-9.05147e-05
700000.0003	-4.18635e-05
700000.0003	1.36221e-05
700000.0003	3.90987e-05
700000.0003	-0.000148031
700000.0003	3.61502e-05
700000.0003	-1.36901e-05
700000.0003	-5.68068e-05
700000.0003	3.85983e-06
700000.0003	9.26001e-06
700000.0003	8.16277e-05
700000.0003	8.53248e-05
700000.0003	3.78997e-05
700000.0003	3.1397e-05
700000.0003	-2.76305e-05
700000.0003	8.77195e-06
700000.0003	5.65679e-05
700000.0003	-4.10466e-05
700000.0003	3.35763e-05
700000.0003	9.31943e-06
700000.0003	-3.10239e-05
700000.0003	-7.43538e-06
700000.0003	-2.22884e-05
700000.0003	-1.52112e-05
700000.0003	2.16977e-05
700000.0003	1.35903e-05
700000.0003	2.11823e-05
700000.0003	-6.92224e-06
700000.0003	1.83248e-05
700000.0003	3.22602e-05
700000.0003	2.36686e-05
700000.0003	-5.1577e-06
700000.0003	1.22787e-07
700000.0003	-1.75823e-05
700000.0003	1.12844e-05
700000.0003	-5.30066e-05
700000.0003	-1.19453e-05
700000.0003	-3.94375e-06
700000.0003	4.47621e-06
700000.0003	-3.08054e-05
700000.0003	1.75256e-05
700000.0003	-8.89211e-06
700000.0003	1.23784e-05
700000.0003	3.71283e-05
700000.0003	1.60961e-05
700000.0003	-7.50912e-06
700000.0003	-6.43016e-06
700000.0003	-2.09858e-06
700000.0003	-1.1925e-05
700000.0003	-3.76401e-05
700000.0003	3.1796e-05
700000.0003	-3.92178e-06
700000.0003	-6.27997e-05
700000.0003	1.24342e-06
700000.0003	2.72518e-05
700000.0003	-1.72369e-06
700000.0003	5.32817e-05
700000.0003	3.99307e-05
700000.0003	2.45408e-05
700000.0003	-1.29256e-05
700000.0003	3.56217e-05
700000.0003	-2.36812e-05
700000.0003	3.29544e-05
700000.0003	2.7787e-05
700000.0003	2.77518e-06
700000.0003	3.15328e-05
700000.0003	3.94412e-06
700000.0003	6.00756e-06
700000.0003	8.88847e-05
700000.0003	1.26294e-05
700000.0003	9.96572e-06
700000.0003	-1.32735e-06
700000.0003	-2.41063e-05
700000.0003	1.45328e-05
700000.0003	2.476e-05
700000.0003	-5.57973e-05
700000.0003	1.31361e-05
700000.0003	3.94484e-06
700000.0003	-2.29393e-05
700000.0003	-1.2824e-05
700000.0003	-1.19389e-05
700000.0003	-4.28564e-05
700000.0003	2.93874e-07
700000.0003	-1.67331e-05
700000.0003	2.35626e-05
700000.0003	3.28326e-05
700000.0003	-4.63812e-06
700000.0003	1.87045e-05
700000.0003	-9.33492e-05
700000.0003	1.48077e-05
700000.0003	-2.39595e-05
700000.0003	2.534e-05
700000.0003	1.12131e-05
700000.0003	-5.85745e-05
700000.0003	8.40602e-06
700000.0003	4.0234e-06
700000.0003	2.47044e-05
700000.0003	-2.10834e-05
700000.0003	4.16555e-06
700000.0003	2.11775e-05
700000.0003	-6.64853e-05
700000.0003	-6.75104e-06
700000.0003	1.2879e-05
700000.0003	6.54408e-06
700000.0003	2.85543e-05
700000.0003	8.66895e-05
700000.0003	4.97851e-05
700000.0003	-0.000149406
700000.0003	5.47594e-05
700000.0003	5.40101e-05
700000.0003	5.65207e-05
700000.0003	6.16089e-05
700000.0003	1.54779e-05
700000.0003	0.000222254
700000.0003	-0.00020651
700000.0003	0.000102616
700000.0003	-0.000285131
700000.0003	0.000477209
700000.0003	-7.53135e-05
700000.0003	-0.000607399
700000.0003	0.000299062
700000.0003	-0.000232217
700000.0003	0.000660941
700000.0003	0.000943579
700000.0003	-0.00113633
700000.0003	0.00186691
700000.0003	0.000438457
700000.0003	0.00184179
700000.0003	0.00378142
700000.0003	-0.0113359
700000.0003	-0.0119191
700000.0003	0.00106435
700000.0003	-0.0150409
700000.0003	-0.00714079
700000.0003	0.0149619
700000.0003	-0.00946854
700000.0003	0.0104393
700000.0003	0.00144894
700000.0003	-0.00457058
700000.0003	0.0132966
700000.0003	-0.0126644
700000.0003	0.0201056
700000.0003	-0.00281479
700000.0003	0.0239154
700000.0003	0.0198346
700000.0003	0.00579525
700000.0003	0.0382129
700000.0003	-0.0112447
700000.0003	-0.0651914
700000.0003	0.00395474
700000.0003	0.0635072
700000.0003	-0.00875253
700000.0003	-0.0317489
700000.0003	0.0200872
700000.0003	-0.0464014
700000.0003	0.0477366
700000.0003	0.0332175
700000.0003	0.0200601
700000.0003	-0.00787719
700000.0003	0.051342
700000.0003	0.0575647
700000.0003	0.0283905
700000.0003	0.0398132
700000.0003	0.0349196
700000.0003	0.0376472
700000.0003	-0.0136185
700000.0003	-0.0460006
700000.0003	0.0300032
700000.0003	-0.00693357
700000.0003	-0.0119401
700000.0003	-0.0495757
700000.0003	-0.0353459
700000.0003	-0.0249583
700000.0003	-0.00857474
700000.0003	-0.0503696
700000.0003	-0.025656
700000.0003	0.00217182
700000.0003	0.0128787
700000.0003	-0.000960973
700000.0003	0.00964707
700000.0003	-0.035828
700000.0003	-0.00148755
700000.0003	-0.0354515
700000.0003	0.0291115
700000.0003	0.0057554
700000.0003	0.0154829
700000.0003	0.0364418
700000.0003	-0.00361127
700000.0003	-0.027974
700000.0003	0.0172799
700000.0003	0.0253481
700000.0003	0.00753872
700000.0003	-0.0286562
700000.0003	-0.0206784
700000.0003	-0.0269752
700000.0003	-0.0203203
700000.0003	-0.0261604
700000.0003	0.00534829
700000.0003	0.00711992
700000.0003	-0.0246826
700000.0003	0.00242772
700000.0003	0.0350959
700000.0003	0.0170225
700000.0003	0.0249435
700000.0003	0.0131206
700000.0003	-0.0091893
700000.0003	0.00800868
700000.0003	-0.0231898
700000.0003	-0.0438955
700000.0003	0.0236246
700000.0003	-0.0385226
700000.0003	0.0298569
700000.0003	0.00799603
700000.0003	0.0065696
700000.0003	-0.0131644
700000.0003	-0.00407749
700000.0003	0.0259531
700000.0003	0.0150019
700000.0003	-0.00771888
700000.0003	-0.0254944
700000.0003	0.0152767
700000.0003	0.0407299
700000.0003	-0.0076827
700000.0003	0.033023
700000.0003	-0.00706145
700000.0003	-0.0312571
700000.0003	-0.00245245
700000.0003	0.0102591
700000.0003	-0.00777874
700000.0003	-0.000894582
700000.0003	-0.00777331
700000.0003	0.024058
700000.0003	-0.0513111
700000.0003	0.00659501
700000.0003	-0.0474982
700000.0003	0.00747084
700000.0003	-0.0221363
700000.0003	0.0297346
700000.0003	0.0136763
700000.0003	-0.0413139
700000.0003	0.0105557
700000.0003	-0.0318625
700000.0003	-0.0234598
700000.0003	-0.0272775
700000.0003	-0.00421829
700000.0003	-0.00327366
700000.0003	-0.0412563
700000.0003	-0.00176909
700000.0003	-0.00939241
700000.0003	-0.0180846
700000.0003	0.0138524
700000.0003	0.00316976
700000.0003	-0.0508755
700000.0003	0.0220528
700000.0003	0.0253121
700000.0003	0.0109924
700000.0003	-0.00368069
700000.0003	0.0374982
700000.0003	0.0073423
700000.0003	-0.00164391
700000.0003	0.0617774
700000.0003	0.0192295
700000.0003	0.0289565
700000.0003	-7.99627e-05
700000.0003	0.000155203
700000.0003	-0.000672268
700000.0003	-0.00747008
700000.0003	-0.0199229
700000.0003	-0.0131614
700000.0003	0.0201243
700000.0003	-0.0240885
700000.0003	0.0467813
700000.0003	-0.0157383
700000.0003	-0.0254926
700000.0003	0.00588388
700000.0003	-0.00295673
700000.0003	-0.0170545
700000.0003	-0.0160684
700000.0003	0.0227273
700000.0003	0.0154789
700000.0003	0.00106935
700000.0003	-0.0405321
700000.0003	0.0253224
700000.0003	0.0404816
700000.0003	-0.0113705
700000.0003	-0.0568667
700000.0003	0.00472755
700000.0003	-0.0242047
700000.0003	0.0103217
700000.0003	0.041091
700000.0003	-0.00672179
700000.0003	0.00394231
700000.0003	-0.0102318
700000.0003	-0.0370839
700000.0003	-0.011781
700000.0003	-0.00183701
700000.0003	-0.00339
700000.0003	0.00672612
700000.0003	0.00307505
700000.0003	0.0312609
700000.0003	0.00819647
700000.0003	0.0165438
700000.0003	0.00172843
700000.0003	-0.0175861
700000.0003	-0.0116445
700000.0003	-0.00242399
700000.0003	0.0196643
700000.0003	-0.00117767
700000.0003	0.000283128
700000.0003	0.0106562
700000.0003	0.0331212
700000.0003	-0.00458463
700000.0003	-0.009323
700000.0003	-0.0189051
700000.0003	-0.00348534
700000.0003	-0.00508629
700000.0003	0.00203417
700000.0003	-0.00198889
700000.0003	0.00278312
700000.0003	-0.0177018
700000.0003	-0.00412556
700000.0003	-0.00672702
700000.0003	0.0179225
700000.0003	-0.0108534
700000.0003	0.000667155
700000.0003	0.00867619
700000.0003	-0.0111271
700000.0003	-0.0198963
700000.0003	-0.0130079
700000.0003	-0.00846176
700000.0003	0.00317784
700000.0003	0.00837811
700000.0003	0.0035705
700000.0003	0.00807261
700000.0003	-0.0129497
700000.0003	0.0281181
700000.0003	0.000182459
700000.0003	-0.00448339
700000.0003	-0.0141492
700000.0003	0.007705
700000.0003	0.00392154
700000.0003	-0.00582555
700000.0003	-0.0107684
700000.0003	-0.00994929
700000.0003	0.00887071
700000.0003	-0.00270649
700000.0003	-0.00629266
700000.0003	0.000724496
700000.0003	-0.00572136
700000.0003	0.00349002
700000.0003	-0.000361355
700000.0003	0.00172197
700000.0003	0.00707635
700000.0003	-0.00406878
700000.0003	-0.00986852
700000.0003	-0.00145767
700000.0003	0.0140051
700000.0003	0.00257915
700000.0003	-0.00056452
700000.0003	0.00184951
700000.0003	0.00858997
700000.0003	0.00537594
700000.0003	-0.00159527
700000.0003	0.00117024
700000.0003	0.0051395
700000.0003	0.0044668
700000.0003	0.00710624
700000.0003	-0.000496511
700000.0003	0.0051659
700000.0003	-0.00299024
700000.0003	-0.00366567
700000.0003	-0.000989601
700000.0003	0.0060724
700000.0003	0.00329004
700000.0003	0.001891
700000.0003	0.00206234
700000.0003	-0.0019304
700000.0003	-5.582e-05
700000.0003	-0.0043303
700000.0003	-0.000356879
700000.0003	0.000729375
700000.0003	0.00229006
700000.0003	0.00155088
700000.0003	0.00224633
700000.0003	-0.00113723
700000.0003	-0.000216896
700000.0003	0.00094601
700000.0003	-0.00125949
700000.0003	0.000467405
700000.0003	-0.000166056
700000.0003	8.75205e-05
700000.0003	-0.000934015
700000.0003	0.000277426
700000.0003	0.00023922
700000.0003	0.000116471
700000.0003	-0.000420157
700000.0003	-4.0908e-05
700000.0003	0.000160393
700000.0003	-6.31358e-06
700000.0003	-0.000106334
700000.0003	-0.000177149
700000.0003	2.88352e-05
700000.0003	-0.000146134
700000.0003	-3.68175e-05
700000.0003	-0.000293894
700000.0003	0.0001907
700000.0003	-4.87978e-05
700000.0003	-0.000144669
700000.0003	-0.000171668
700000.0003	-4.83073e-05
700000.0003	9.93313e-05
700000.0003	-3.4006e-05
700000.0003	2.45693e-06
700000.0003	7.05143e-05
700000.0003	0.000101611
700000.0003	-8.73204e-05
700000.0003	-0.000142271
700000.0003	-4.76117e-05
700000.0003	-8.13612e-05
700000.0003	-1.59479e-05
700000.0003	-9.17129e-06
700000.0003	-4.95187e-05
700000.0003	-7.46983e-05
700000.0003	-1.90856e-05
700000.0003	7.08621e-05
700000.0003	-5.34053e-05
700000.0003	-6.29344e-06
700000.0003	-2.35814e-05
700000.0003	1.48233e-05
700000.0003	-3.67267e-05
700000.0003	-1.2756e-05
700000.0003	-6.21325e-05
700000.0003	-9.14196e-06
700000.0003	-3.37459e-05
700000.0003	-3.78603e-05
700000.0003	-3.77418e-05
700000.0003	5.94277e-05
700000.0003	2.78324e-05
700000.0003	9.83841e-07
700000.0003	-4.41553e-05
700000.0003	5.00053e-05
700000.0003	-4.40157e-05
700000.0003	-1.03237e-05
700000.0003	-2.23332e-06
700000.0003	4.55812e-05
700000.0003	-3.14002e-06
700000.0003	9.15019e-06
700000.0003	-1.52103e-06
700000.0003	4.27311e-05
700000.0003	7.7735e-06
700000.0003	-6.07026e-06
700000.0003	-4.85254e-05
700000.0003	4.17822e-06
700000.0003	1.08185e-05
700000.0003	-2.32772e-05
700000.0003	-1.05922e-05
700000.0003	-6.58598e-06
700000.0003	-2.69143e-05
700000.0003	-3.40688e-05
700000.0003	-5.80813e-05
700000.0003	-2.36249e-05
700000.0003	4.49106e-06
700000.0003	-2.31282e-05
700000.0003	-1.43577e-05
700000.0003	-4.40341e-05
700000.0003	3.74916e-05
700000.0003	-7.1585e-05
700000.0003	8.06614e-05
700000.0003	6.00346e-05
700000.0003	-1.0173e-05
700000.0003	-4.7035e-05
700000.0003	-3.37445e-05
700000.0003	-8.96764e-05
700000.0003	5.2614e-06
700000.0003	4.37266e-05
700000.0003	-3.04822e-05
700000.0003	-3.13942e-05
700000.0003	-6.40037e-05
700000.0003	7.08832e-05
700000.0003	2.70617e-05
700000.0003	-4.02587e-05
700000.0003	-4.59125e-05
700000.0003	9.26039e-05
700000.0003	9.70108e-05
700000.0003	4.20472e-05
700000.0003	-4.48416e-06
700000.0003	-1.12178e-05
700000.0003	-2.19236e-05
700000.0003	-3.84415e-05
700000.0003	-8.85657e-05
700000.0003	-6.24144e-05
700000.0003	-3.89336e-05
700000.0003	-2.74421e-05
700000.0003	-3.88555e-05
700000.0003	6.59612e-07
700000.0003	-8.6049e-06
700000.0003	1.39014e-05
700000.0003	2.79411e-05
700000.0003	-4.10266e-05
700000.0003	-1.60194e-05
700000.0003	-3.56122e-05
700000.0003	7.4745e-05
700000.0003	-0.000151555
700000.0003	-0.000118573
700000.0003	-5.83533e-05
700000.0003	0.000330495
700000.0003	3.46779e-05
700000.0003	4.21761e-06
700000.0003	-3.47876e-05
700000.0003	1.52205e-05
700000.0003	-7.1484e-05
700000.0003	9.39373e-05
700000.0003	-9.51206e-05
700000.0003	1.6637e-05
700000.0003	-0.000151617
700000.0003	0.0177918
700000.0003	0.0241112
700000.0003	0.0371586
700000.0003	0.0602572
700000.0003	0.101165
700000.0003	0.16753
700000.0003	0.266131
700000.0003	0.409736
700000.0003	0.606552
700000.0003	0.875649
700000.0003	1.25105
700000.0003	1.762
700000.0003	2.44834
700000.0003	3.34869
700000.0003	4.46361
700000.0003	5.82803
700000.0003	7.44194
700000.0003	9.27925
700000.0003	11.2606
700000.0003	13.3673
700000.0003	15.2852
700000.0003	16.9579
700000.0003	18.2493
700000.0003	19.0319
700000.0003	19.4992
700000.0003	19.7548
700000.0003	19.6811
700000.0003	19.4851
700000.0003	19.2449
700000.0003	19.0099
700000.0003	18.8413
700000.0003	18.6137
700000.0003	18.3007
700000.0003	17.9317
700000.0003	17.7405
700000.0003	17.4235
700000.0003	17.2204
700000.0003	16.8757
700000.0003	16.7259
700000.0003	16.3614
700000.0003	15.9558
700000.0003	15.684
700000.0003	15.3551
700000.0003	15.249
700000.0003	14.8634
700000.0003	14.7784
700000.0003	14.4161
700000.0003	14.3258
700000.0003	14.052
700000.0003	13.9417
700000.0003	13.7078
700000.0003	13.5642
700000.0003	13.4532
700000.0003	13.2532
700000.0003	13.2676
700000.0003	13.0833
700000.0003	12.9767
700000.0003	12.8328
700000.0003	12.7699
700000.0003	12.6392
700000.0003	12.6342
700000.0003	12.4491
700000.0003	12.4181
700000.0003	12.3065
700000.0003	12.2466
700000.0003	12.1977
700000.0003	12.0968
700000.0003	12.0898
700000.0003	11.9845
700000.0003	11.9269
700000.0003	11.8661
700000.0003	11.8423
700000.0003	11.7269
700000.0003	11.6486
700000.0003	11.6413
700000.0003	11.6561
700000.0003	11.5305
700000.0003	11.5507
700000.0003	11.4976
700000.0003	11.444
700000.0003	11.4002
700000.0003	11.361
700000.0003	11.3194
700000.0003	11.2927
700000.0003	11.2712
700000.0003	11.1917
700000.0003	11.223
700000.0003	11.2074
700000.0003	11.1171
700000.0003	11.1276
700000.0003	11.1244
700000.0003	11.0695
700000.0003	11.0502
700000.0003	11.0629
700000.0003	10.9593
700000.0003	10.9816
700000.0003	10.9778
700000.0003	10.9355
700000.0003	10.9629
700000.0003	10.9126
700000.0003	10.9505
700000.0003	10.8945
700000.0003	10.9038
700000.0003	10.8913
700000.0003	10.8811
700000.0003	10.8275
700000.0003	10.7546
700000.0003	10.7986
700000.0003	10.8018
700000.0003	10.8023
700000.0003	10.7616
700000.0003	10.7346
700000.0003	10.6164
700000.0003	10.6756
700000.0003	10.7633
700000.0003	10.7924
700000.0003	10.758
700000.0003	10.7444
700000.0003	10.7428
700000.0003	10.6846
700000.0003	10.6952
700000.0003	10.5741
700000.0003	10.7632
700000.0003	10.6919
700000.0003	10.6247
700000.0003	10.7498
700000.0003	10.6608
700000.0003	10.6747
700000.0003	10.7325
700000.0003	10.6433
700000.0003	10.5867
700000.0003	10.6918
700000.0003	10.5691
700000.0003	10.5976
700000.0003	10.6278
700000.0003	10.6518
700000.0003	10.6442
700000.0003	10.6758
700000.0003	10.6557
700000.0003	10.6462
700000.0003	10.6433
700000.0003	10.5981
700000.0003	10.5756
700000.0003	10.6422
700000.0003	10.5965
700000.0003	10.635
700000.0003	10.7517
700000.0003	10.6391
700000.0003	10.561
700000.0003	10.5048
700000.0003	10.5337
700000.0003	10.5382
700000.0003	10.5387
700000.0003	10.4288
700000.0003	10.4027
700000.0003	10.3959
700000.0003	10.4167
700000.0003	10.3278
700000.0003	10.2544
700000.0003	10.2431
700000.0003	10.2588
700000.0003	10.1582
700000.0003	10.0718
700000.0003	10.0282
700000.0003	10.0386
700000.0003	9.99829
700000.0003	9.99495
700000.0003	9.87616
700000.0003	9.86159
700000.0003	9.74984
700000.0003	9.76057
700000.0003	9.68189
700000.0003	9.5626
700000.0003	9.54857
700000.0003	9.51184
700000.0003	9.38395
700000.0003	9.32922
700000.0003	9.35304
700000.0003	9.24006
700000.0003	9.24388
700000.0003	9.10694
700000.0003	9.00565
700000.0003	8.96917
700000.0003	8.91611
700000.0003	8.81317
700000.0003	8.77769
700000.0003	8.68244
700000.0003	8.59293
700000.0003	8.5819
700000.0003	8.4066
700000.0003	8.44083
700000.0003	8.35692
700000.0003	8.24135
700000.0003	8.12281
700000.0003	8.04117
700000.0003	7.99886
700000.0003	7.9654
700000.0003	7.83954
700000.0003	7.77933
700000.0003	7.73922
700000.0003	7.5848
700000.0003	7.54799
700000.0003	7.45188
700000.0003	7.36377
700000.0003	7.29753
700000.0003	7.17767
700000.0003	7.13708
700000.0003	7.05374
700000.0003	6.99866
700000.0003	6.92269
700000.0003	6.83587
700000.0003	6.77407
700000.0003	6.69241
700000.0003	6.6289
700000.0003	6.52346
700000.0003	6.44463
700000.0003	6.3775
700000.0003	6.31145
700000.0003	6.28222
700000.0003	6.19489
700000.0003	6.10858
700000.0003	6.05805
700000.0003	6.00114
700000.0003	5.95856
700000.0003	5.93157
700000.0003	5.86081
700000.0003	5.80111
700000.0003	5.79276
700000.0003	5.74288
700000.0003	5.69764
700000.0003	5.67925
700000.0003	5.63679
700000.0003	5.61071
700000.0003	5.55048
700000.0003	5.52966
700000.0003	5.51101
700000.0003	5.44945
700000.0003	5.38791
700000.0003	5.31668
700000.0003	5.21491
700000.0003	5.11045
700000.0003	4.99204
700000.0003	4.83875
700000.0003	4.65579
700000.0003	4.46242
700000.0003	4.2597
700000.0003	4.03302
700000.0003	3.79175
700000.0003	3.5391
700000.0003	3.28808
700000.0003	3.03973
700000.0003	2.79106
700000.0003	2.56413
700000.0003	2.33328
700000.0003	2.12858
700000.0003	1.9303
700000.0003	1.74882
700000.0003	1.58214
700000.0003	1.42197
700000.0003	1.28495
700000.0003	1.14772
700000.0003	1.03236
700000.0003	0.922755
700000.0003	0.824208
700000.0003	0.735399
700000.0003	0.652847
700000.0003	0.574729
700000.0003	0.505816
700000.0003	0.447184
700000.0003	0.388965
700000.0003	0.340325
700000.0003	0.2941
700000.0003	0.253691
700000.0003	0.219669
700000.0003	0.187643
700000.0003	0.160571
700000.0003	0.13584
700000.0003	0.115461
700000.0003	0.0976137
700000.0003	0.0821533
700000.0003	0.0695154
700000.0003	0.0579286
700000.0003	0.048642
700000.0003	0.0402857
700000.0003	0.0340842
700000.0003	0.0285702
700000.0003	0.023715
700000.0003	0.020175
700000.0003	0.0172364
700000.0003	0.0145319
700000.0003	0.0125525
700000.0003	0.0108806
700000.0003	0.009427
700000.0003	0.00821034
700000.0003	0.00746731
700000.0003	0.00669655
700000.0003	0.00619668
700000.0003	0.00578417
700000.0003	0.00543888
700000.0003	0.00528932
700000.0003	0.00520051
700000.0003	0.0050412
700000.0003	0.00490154
700000.0003	0.00484877
700000.0003	0.00473696
700000.0003	0.00465905
700000.0003	0.00467135
700000.0003	0.00457206
700000.0003	0.00452303
700000.0003	0.00448213
700000.0003	0.00443314
700000.0003	0.00438826
700000.0003	0.00432958
700000.0003	0.00430527
700000.0003	0.00435042
700000.0003	0.00431993
700000.0003	0.00430527
700000.0003	0.00430009
700000.0003	0.00418972
700000.0003	0.00421786
700000.0003	0.00421781
700000.0003	0.00422091
700000.0003	0.00412894
700000.0003	0.00418361
700000.0003	0.00415986
700000.0003	0.00416257
700000.0003	0.0041694
700000.0003	0.00411406
700000.0003	0.00411509
700000.0003	0.0041255
700000.0003	0.00411881
700000.0003	0.00411738
700000.0003	0.00413069
700000.0003	0.00412404
700000.0003	0.0041067
700000.0003	0.00406571
700000.0003	0.00411426
700000.0003	0.00407595
700000.0003	0.00415828
700000.0003	0.00410936
700000.0003	0.00411237
700000.0003	0.00406695
700000.0003	0.00410122
700000.0003	0.00408389
700000.0003	0.00414841
700000.0003	0.00413382
700000.0003	0.00412193
700000.0003	0.00418281
700000.0003	0.00414888
700000.0003	0.00413746
700000.0003	0.00407633
700000.0003	0.00419322
700000.0003	0.00419174
700000.0003	0.00419467
700000.0003	0.00416928
700000.0003	0.00422657
700000.0003	0.00419588
700000.0003	0.00425574
700000.0003	0.00424534
700000.0003	0.00429478
700000.0003	0.00427333
700000.0003	0.00432304
700000.0003	0.00437265
700000.0003	0.00437072
700000.0003	0.00435492
700000.0003	0.00439028
700000.0003	0.0044946
700000.0003	0.0044501
700000.0003	0.00448311
700000.0003	0.00459511
700000.0003	0.00459434
700000.0003	0.00463083
700000.0003	0.00467687
700000.0003	0.0048269
700000.0003	0.00479853
700000.0003	0.00485654
700000.0003	0.00494822
700000.0003	0.00501724
700000.0003	0.00508687
700000.0003	0.00526312
700000.0003	0.00544895
700000.0003	0.00563336
700000.0003	0.00563956
700000.0003	0.00595088
700000.0003	0.00597885
700000.0003	0.00639538
700000.0003	0.0067731
700000.0003	0.00687877
700000.0003	0.00711294
700000.0003	0.00781476
700000.0003	0.00818943
700000.0003	0.00859293
700000.0003	0.00922876
700000.0003	0.00984557
700000.0003	0.0106251
700000.0003	0.0115698
700000.0003	0.012659
700000.0003	0.0137542
700000.0003	0.0151629
700000.0003	0.0164369
