700000.0003	63.5722
700000.0003	112.621
700000.0003	194.052
700000.0003	314.2
700000.0003	481.642
700000.0003	696.575
700000.0003	961.777
700000.0003	1255.62
700000.0003	1594.09
700000.0003	1968.22
700000.0003	2392.12
700000.0003	2861.29
700000.0003	3305.85
700000.0003	3655.79
700000.0003	3809.62
700000.0003	3722.75
700000.0003	3456.44
700000.0003	3053.94
700000.0003	2599.67
700000.0003	2145.19
700000.0003	1728.5
700000.0003	1362.37
700000.0003	1054.48
700000.0003	805.452
700000.0003	612.141
700000.0003	461.745
700000.0003	347.486
700000.0003	263.249
700000.0003	198.521
700000.0003	151.968
700000.0003	115.908
700000.0003	90.2812
700000.0003	70.5752
700000.0003	55.2555
700000.0003	42.5374
700000.0003	33.9106
700000.0003	28.6617
700000.0003	22.1988
700000.0003	17.9634
700000.0003	14.2934
700000.0003	11.9266
700000.0003	9.81795
700000.0003	8.59078
700000.0003	5.97673
700000.0003	5.32974
700000.0003	4.57926
700000.0003	5.31556
700000.0003	4.85447
700000.0003	4.46169
700000.0003	4.01754
700000.0003	5.06338
700000.0003	3.27179
700000.0003	3.86501
700000.0003	4.03898
700000.0003	1.83168
700000.0003	2.35406
700000.0003	1.86226
700000.0003	0.590416
700000.0003	2.4347
700000.0003	1.10634
700000.0003	1.1459
700000.0003	1.4182
700000.0003	1.52227
700000.0003	2.47883
700000.0003	2.72141
700000.0003	1.69573
700000.0003	1.80218
700000.0003	1.73113
700000.0003	0.876402
700000.0003	1.22193
700000.0003	1.94097
700000.0003	1.63616
700000.0003	0.636043
700000.0003	-1.02263
700000.0003	1.11474
700000.0003	0.726024
700000.0003	1.03649
700000.0003	0.768221
700000.0003	0.843577
700000.0003	0.180952
700000.0003	0.436831
700000.0003	0.57108
700000.0003	0.156927
700000.0003	0.962851
700000.0003	-0.35765
700000.0003	0.975835
700000.0003	0.762107
700000.0003	0.602983
700000.0003	1.49223
700000.0003	1.64145
700000.0003	0.428286
700000.0003	1.00382
700000.0003	0.65401
700000.0003	1.43582
700000.0003	1.03832
700000.0003	-0.726136
700000.0003	0.114296
700000.0003	0.229697
700000.0003	0.746264
700000.0003	0.501838
700000.0003	0.281961
700000.0003	-0.149686
700000.0003	-1.31796
700000.0003	0.797205
700000.0003	-0.727178
700000.0003	-0.205577
700000.0003	0.349738
700000.0003	-0.760274
700000.0003	0.930904
700000.0003	0.239849
700000.0003	0.77444
700000.0003	1.33095
700000.0003	0.195387
700000.0003	0.19193
700000.0003	-0.216376
700000.0003	1.25181
700000.0003	0.397167
700000.0003	-0.0568751
700000.0003	0.788291
700000.0003	0.226052
700000.0003	-0.42139
700000.0003	0.0948718
700000.0003	0.300045
700000.0003	0.198758
700000.0003	0.00215032
700000.0003	-0.177351
700000.0003	-0.718135
700000.0003	-0.872423
700000.0003	-0.784896
700000.0003	-0.164309
700000.0003	1.43414
700000.0003	0.223937
700000.0003	-0.75556
700000.0003	0.417849
700000.0003	-0.287135
700000.0003	0.491783
700000.0003	0.357619
700000.0003	-0.817519
700000.0003	1.21957
700000.0003	-0.593748
700000.0003	-0.113555
700000.0003	0.582188
700000.0003	-0.149855
700000.0003	-0.481821
700000.0003	-0.922703
700000.0003	-0.803364
700000.0003	-0.421407
700000.0003	-1.20302
700000.0003	-1.08115
700000.0003	-0.822504
700000.0003	-1.13455
700000.0003	-0.823379
700000.0003	-0.63494
700000.0003	-0.793977
700000.0003	-1.85634
700000.0003	-1.08868
700000.0003	-0.519798
700000.0003	-2.16394
700000.0003	-1.63404
700000.0003	-1.99968
700000.0003	-2.29693
700000.0003	-1.81182
700000.0003	-2.41305
700000.0003	-1.05826
700000.0003	-1.45078
700000.0003	-2.39005
700000.0003	-3.38876
700000.0003	-1.41661
700000.0003	-2.37749
700000.0003	-2.10971
700000.0003	-2.89293
700000.0003	-3.73915
700000.0003	-2.75855
700000.0003	-4.07444
700000.0003	-3.2056
700000.0003	-3.84531
700000.0003	-4.28483
700000.0003	-3.77588
700000.0003	-4.46869
700000.0003	-3.99133
700000.0003	-5.14596
700000.0003	-2.91669
700000.0003	-4.22446
700000.0003	-4.85383
700000.0003	-4.50678
700000.0003	-4.96594
700000.0003	-5.15259
700000.0003	-5.49783
700000.0003	-5.8055
700000.0003	-6.13611
700000.0003	-6.6167
700000.0003	-6.52913
700000.0003	-7.32923
700000.0003	-6.64307
700000.0003	-7.2228
700000.0003	-7.77511
700000.0003	-8.07683
700000.0003	-8.94534
700000.0003	-8.41515
700000.0003	-10.0588
700000.0003	-9.85781
700000.0003	-10.5405
700000.0003	-11.4257
700000.0003	-12.3461
700000.0003	-12.6178
700000.0003	-13.1673
700000.0003	-12.7543
700000.0003	-14.2392
700000.0003	-13.3985
700000.0003	-16.3933
700000.0003	-16.1349
700000.0003	-18.35
700000.0003	-18.5417
700000.0003	-22.0583
700000.0003	-21.3514
700000.0003	-24.4546
700000.0003	-25.7367
700000.0003	-27.5903
700000.0003	-30.4199
700000.0003	-31.6858
700000.0003	-36.2646
700000.0003	-37.7391
700000.0003	-43.0214
700000.0003	-47.9339
700000.0003	-53.8839
700000.0003	-61.3625
700000.0003	-67.6245
700000.0003	-76.8847
700000.0003	-88.6465
700000.0003	-102.22
700000.0003	-118.014
700000.0003	-133.795
700000.0003	-158.747
700000.0003	-179.707
700000.0003	-213.241
700000.0003	-248.824
700000.0003	-287.504
700000.0003	-334.727
700000.0003	-392.821
700000.0003	-451.529
700000.0003	-521.429
700000.0003	-600.332
700000.0003	-683.844
700000.0003	-776.336
700000.0003	-869.045
700000.0003	-967.647
700000.0003	-1063.77
700000.0003	-1158.04
700000.0003	-1246.79
700000.0003	-1331.77
700000.0003	-1401.51
700000.0003	-1449.3
700000.0003	-1491.33
700000.0003	-1511.24
700000.0003	-1520.17
700000.0003	-1502.67
700000.0003	-1478.29
700000.0003	-1439.27
700000.0003	-1387.58
700000.0003	-1337.77
700000.0003	-1270.62
700000.0003	-1207.84
700000.0003	-1147.15
700000.0003	-1071.52
700000.0003	-1005.26
700000.0003	-934.926
700000.0003	-867.437
700000.0003	-801.046
700000.0003	-740.519
700000.0003	-671.136
700000.0003	-608.365
700000.0003	-549.718
700000.0003	-495.691
700000.0003	-441.434
700000.0003	-393.053
700000.0003	-347.705
700000.0003	-304.706
700000.0003	-267.832
700000.0003	-234.179
700000.0003	-203.406
700000.0003	-177.02
700000.0003	-155.118
700000.0003	-136.37
700000.0003	-120.075
700000.0003	-106.714
700000.0003	-93.3311
700000.0003	-83.847
700000.0003	-75.7122
700000.0003	-70.9269
700000.0003	-64.7132
700000.0003	-60.6145
700000.0003	-57.1037
700000.0003	-54.1377
700000.0003	-51.8317
700000.0003	-49.2245
700000.0003	-47.7856
700000.0003	-47.0132
700000.0003	-44.7677
700000.0003	-43.1537
700000.0003	-42.7547
700000.0003	-42.9009
700000.0003	-42.0936
700000.0003	-41.347
700000.0003	-41.494
700000.0003	-41.6157
700000.0003	-40.8029
700000.0003	-41.7961
700000.0003	-41.7792
700000.0003	-41.3905
700000.0003	-41.8321
700000.0003	-40.9715
700000.0003	-41.0645
700000.0003	-40.9928
700000.0003	-40.5437
700000.0003	-40.9842
700000.0003	-40.1745
700000.0003	-41.1995
700000.0003	-40.4011
700000.0003	-39.9458
700000.0003	-40.588
700000.0003	-40.0807
700000.0003	-40.8027
700000.0003	-40.6686
700000.0003	-41.8165
700000.0003	-40.8303
700000.0003	-41.1117
700000.0003	-41.5387
700000.0003	-40.5622
700000.0003	-41.4028
700000.0003	-40.6208
700000.0003	-40.9782
700000.0003	-40.8793
700000.0003	-40.5169
700000.0003	-40.0114
700000.0003	-40.3012
700000.0003	-39.5211
700000.0003	-40.4938
700000.0003	-40.402
700000.0003	-39.0195
700000.0003	-39.9436
700000.0003	-40.562
700000.0003	-39.4026
700000.0003	-40.21
700000.0003	-40.4188
700000.0003	-40.0159
700000.0003	-40.0919
700000.0003	-39.1705
700000.0003	-39.4856
700000.0003	-40.5431
700000.0003	-40.1454
700000.0003	-40.1047
700000.0003	-39.7786
700000.0003	-39.5918
700000.0003	-40.8684
700000.0003	-39.2862
700000.0003	-39.3038
700000.0003	-39.9082
700000.0003	-39.9243
700000.0003	-38.8028
700000.0003	-39.1611
700000.0003	-40.0329
700000.0003	-40.5206
700000.0003	-40.6598
700000.0003	-39.9048
700000.0003	-39.0855
700000.0003	-39.7253
700000.0003	-39.2108
700000.0003	-39.513
700000.0003	-39.5625
700000.0003	-39.5571
700000.0003	-39.5072
700000.0003	-39.2524
700000.0003	-38.3737
700000.0003	-39.3226
700000.0003	-38.9328
700000.0003	-38.6318
700000.0003	-38.5201
700000.0003	-38.4354
700000.0003	-37.8167
700000.0003	-37.9829
700000.0003	-37.0715
700000.0003	-37.569
700000.0003	-37.178
700000.0003	-36.904
700000.0003	-35.5567
700000.0003	-36.5359
700000.0003	-35.8944
700000.0003	-35.0674
700000.0003	-34.1419
700000.0003	-32.1237
700000.0003	-31.0224
700000.0003	-29.7865
700000.0003	-27.1735
700000.0003	-23.2732
700000.0003	-19.6878
700000.0003	-13.9189
700000.0003	-7.32108
700000.0003	4.02372
700000.0003	17.0489
700000.0003	35.5404
700000.0003	-0.114657
700000.0003	-0.72972
700000.0003	1.16799
700000.0003	-0.839128
700000.0003	-0.827845
700000.0003	-0.336471
700000.0003	1.33349
700000.0003	-1.61953
700000.0003	-0.520572
700000.0003	1.98905
700000.0003	-2.50605
700000.0003	-1.03292
700000.0003	0.305907
700000.0003	2.22161
700000.0003	-2.46395
700000.0003	-2.50868
700000.0003	3.77533
700000.0003	-0.783786
700000.0003	-2.60966
700000.0003	0.406905
700000.0003	-4.32155
700000.0003	1.3647
700000.0003	1.12693
700000.0003	0.585394
700000.0003	0.204121
700000.0003	-1.14695
700000.0003	0.567808
700000.0003	1.8895
700000.0003	-1.03851
700000.0003	1.25192
700000.0003	1.36696
700000.0003	0.0809302
700000.0003	-1.23575
700000.0003	-0.173002
700000.0003	-0.39716
700000.0003	0.22691
700000.0003	0.15447
700000.0003	0.291071
700000.0003	0.625069
700000.0003	0.29375
700000.0003	-0.34879
700000.0003	-0.586988
700000.0003	0.38963
700000.0003	-0.341433
700000.0003	-0.993258
700000.0003	0.126173
700000.0003	0.460784
700000.0003	-0.103299
700000.0003	0.335432
700000.0003	0.745125
700000.0003	-0.0777354
700000.0003	-0.82874
700000.0003	1.05249
700000.0003	-0.644029
700000.0003	-0.982836
700000.0003	0.0627837
700000.0003	0.363502
700000.0003	-1.24297
700000.0003	0.222181
700000.0003	1.42369
700000.0003	0.570252
700000.0003	-0.376139
700000.0003	-0.0774889
700000.0003	0.350451
700000.0003	0.779584
700000.0003	-0.152069
700000.0003	-0.393446
700000.0003	-0.682318
700000.0003	-0.749393
700000.0003	-1.0173
700000.0003	0.292599
700000.0003	0.345241
700000.0003	-0.399324
700000.0003	1.01924
700000.0003	-0.0622238
700000.0003	0.742028
700000.0003	0.448476
700000.0003	0.753567
700000.0003	-1.05856
700000.0003	0.257794
700000.0003	-0.293574
700000.0003	0.168893
700000.0003	-0.933176
700000.0003	0.980129
700000.0003	-1.32934
700000.0003	0.287515
700000.0003	1.18149
700000.0003	-0.835016
700000.0003	-0.417278
700000.0003	-0.31043
700000.0003	0.351469
700000.0003	0.325019
700000.0003	0.415804
700000.0003	0.216931
700000.0003	-0.203356
700000.0003	-0.251314
700000.0003	-0.118193
700000.0003	0.336595
700000.0003	-0.399311
700000.0003	0.773483
700000.0003	-0.504105
700000.0003	0.0641415
700000.0003	0.0727924
700000.0003	-0.30281
700000.0003	-0.129604
700000.0003	-0.784533
700000.0003	0.8769
700000.0003	-0.529295
700000.0003	1.03671
700000.0003	-0.171696
700000.0003	0.593746
700000.0003	-0.367256
700000.0003	-0.316418
700000.0003	0.143077
700000.0003	-0.626731
700000.0003	-0.577105
700000.0003	-0.224349
700000.0003	0.966441
700000.0003	-0.340636
700000.0003	0.271121
700000.0003	0.922565
700000.0003	0.0929845
700000.0003	-0.81012
700000.0003	-0.0127003
700000.0003	0.333171
700000.0003	-0.0165242
700000.0003	0.1292
700000.0003	-0.655784
700000.0003	-0.550363
700000.0003	0.222859
700000.0003	0.0696452
700000.0003	0.0674258
700000.0003	0.00719928
700000.0003	-0.36256
700000.0003	0.89177
700000.0003	-0.20119
700000.0003	0.438531
700000.0003	0.563899
700000.0003	-0.100245
700000.0003	0.142559
700000.0003	0.0288672
700000.0003	0.421449
700000.0003	-0.623007
700000.0003	-0.239503
700000.0003	-0.654769
700000.0003	1.07581
700000.0003	0.511948
700000.0003	-0.303767
700000.0003	-1.03718
700000.0003	-0.428992
700000.0003	-0.305361
700000.0003	0.436857
700000.0003	0.728475
700000.0003	-0.977878
700000.0003	0.960039
700000.0003	0.353949
700000.0003	-0.283611
700000.0003	-1.50342
700000.0003	-0.300136
700000.0003	0.815247
700000.0003	0.400604
700000.0003	-0.268495
700000.0003	-0.667026
700000.0003	0.494897
700000.0003	0.584681
700000.0003	0.589629
700000.0003	0.968708
700000.0003	-1.20638
700000.0003	-0.225302
700000.0003	-0.0652088
700000.0003	-0.784442
700000.0003	-0.627225
700000.0003	0.375763
700000.0003	0.831428
700000.0003	0.392014
700000.0003	-0.0712027
700000.0003	-0.351238
700000.0003	-0.169367
700000.0003	1.02136
700000.0003	-0.621911
700000.0003	-0.268551
700000.0003	-0.81947
700000.0003	0.963341
700000.0003	-1.44357
700000.0003	-0.377466
700000.0003	0.397204
700000.0003	0.909967
700000.0003	0.970001
700000.0003	-0.137025
700000.0003	0.379473
700000.0003	-1.12953
700000.0003	-0.717127
700000.0003	0.112262
700000.0003	0.530594
700000.0003	0.21186
700000.0003	0.0921095
700000.0003	0.96889
700000.0003	-0.343112
700000.0003	0.129058
700000.0003	0.235873
700000.0003	-0.0944842
700000.0003	-0.0696663
700000.0003	-0.24091
700000.0003	-0.0205828
700000.0003	0.404738
700000.0003	-0.730853
700000.0003	-0.909189
700000.0003	0.198176
700000.0003	1.18988
700000.0003	0.137786
700000.0003	-0.302803
700000.0003	-0.0853536
700000.0003	-0.0811369
700000.0003	-0.044806
700000.0003	-0.112599
700000.0003	0.564175
700000.0003	0.378823
700000.0003	-1.02963
700000.0003	0.578191
700000.0003	0.422624
700000.0003	-1.01717
700000.0003	0.0393636
700000.0003	1.16553
700000.0003	-1.1417
700000.0003	-1.12726
700000.0003	1.13274
700000.0003	1.00805
700000.0003	0.475027
700000.0003	-0.556444
700000.0003	-0.635533
700000.0003	-0.324832
700000.0003	0.314834
700000.0003	0.3535
700000.0003	-0.709386
700000.0003	1.75757
700000.0003	-0.122958
700000.0003	-1.55142
700000.0003	-1.16866
700000.0003	1.43683
700000.0003	-0.543715
700000.0003	0.00539297
700000.0003	0.565473
700000.0003	0.71406
700000.0003	2.43969
700000.0003	-0.141901
700000.0003	-4.74116
700000.0003	-0.360336
700000.0003	-0.159539
700000.0003	-0.296419
700000.0003	3.05805
700000.0003	-0.755047
700000.0003	1.95529
700000.0003	-0.11858
700000.0003	3.25615
700000.0003	-2.53235
700000.0003	0.722374
700000.0003	-2.51121
700000.0003	-1.19114
700000.0003	-0.391428
700000.0003	1.55572
700000.0003	-4.92765
700000.0003	3.4906
700000.0003	1.8101
700000.0003	-0.462674
700000.0003	1.72884
700000.0003	-2.00281
700000.0003	-0.837225
700000.0003	0.826363
700000.0003	0.177065
700000.0003	1.19161
700000.0003	-2.47562
700000.0003	1.49532
700000.0003	1.13258
700000.0003	-1.09991
700000.0003	-0.413886
700000.0003	-1.76802
700000.0003	-0.00338239
700000.0003	1.23949
700000.0003	0.160659
700000.0003	0.174834
700000.0003	0.13198
700000.0003	-0.789106
700000.0003	-0.725623
700000.0003	0.298946
700000.0003	0.525394
700000.0003	0.410458
700000.0003	-0.0114421
700000.0003	-0.179174
700000.0003	-0.0256661
700000.0003	-0.910691
700000.0003	-0.134466
700000.0003	-0.453775
700000.0003	0.191574
700000.0003	-0.350286
700000.0003	0.190757
700000.0003	0.598969
700000.0003	0.106062
700000.0003	0.0869054
700000.0003	0.376249
700000.0003	-0.0207891
700000.0003	0.112566
700000.0003	0.393921
700000.0003	-0.576049
700000.0003	-0.137816
700000.0003	0.511544
700000.0003	-0.296923
700000.0003	-0.252155
700000.0003	0.178172
700000.0003	-1.10187
700000.0003	-0.37974
700000.0003	-0.0692145
700000.0003	0.487866
700000.0003	-0.00156635
700000.0003	-0.0105722
700000.0003	-0.0371317
700000.0003	-0.608541
700000.0003	-0.381008
700000.0003	-0.357401
700000.0003	-0.319645
700000.0003	0.241044
700000.0003	-0.408515
700000.0003	0.14683
700000.0003	-0.0181695
700000.0003	0.116288
700000.0003	0.369232
700000.0003	-0.0237882
700000.0003	-0.212604
700000.0003	0.0319823
700000.0003	-0.00477324
700000.0003	0.851909
700000.0003	-0.302208
700000.0003	-0.308256
700000.0003	-0.00342179
700000.0003	0.202426
700000.0003	0.564187
700000.0003	0.424943
700000.0003	1.32881
700000.0003	0.635849
700000.0003	0.0423232
700000.0003	1.18448
700000.0003	-0.0372407
700000.0003	-0.60817
700000.0003	-0.71516
700000.0003	-0.0608781
700000.0003	0.867382
700000.0003	-0.0143382
700000.0003	0.234465
700000.0003	-0.00251672
700000.0003	0.476228
700000.0003	-0.0451219
700000.0003	-0.0471956
700000.0003	0.0177283
700000.0003	0.501525
700000.0003	-0.357223
700000.0003	0.302618
700000.0003	0.710169
700000.0003	-0.0351851
700000.0003	0.360987
700000.0003	0.78385
700000.0003	-0.0342265
700000.0003	0.900119
700000.0003	0.561933
700000.0003	-0.109067
700000.0003	-0.307359
700000.0003	-0.00898482
700000.0003	-0.337735
700000.0003	0.27865
700000.0003	0.492418
700000.0003	-0.651442
700000.0003	0.318049
700000.0003	0.0592188
700000.0003	-0.143332
700000.0003	0.605909
700000.0003	0.497875
700000.0003	-0.174357
700000.0003	-0.462513
700000.0003	0.0566901
700000.0003	-0.583179
700000.0003	0.0729076
700000.0003	-0.526621
700000.0003	0.135295
700000.0003	-1.10041
700000.0003	-0.0613087
700000.0003	-0.371983
700000.0003	0.611836
700000.0003	-0.0741217
700000.0003	-0.00594889
700000.0003	-0.177336
700000.0003	0.711748
700000.0003	-0.226213
700000.0003	-0.106147
700000.0003	-0.00235409
700000.0003	-0.354763
700000.0003	-0.401382
700000.0003	0.258365
700000.0003	0.354372
700000.0003	-0.0132083
700000.0003	0.303393
700000.0003	0.280838
700000.0003	0.770326
