700000.0003	28.3405
700000.0003	101.577
700000.0003	200.928
700000.0003	343.171
700000.0003	532.827
700000.0003	777.83
700000.0003	1072.99
700000.0003	1432.9
700000.0003	1822.16
700000.0003	2270.17
700000.0003	2785.72
700000.0003	3306.39
700000.0003	3857.27
700000.0003	4443.53
700000.0003	5007.46
700000.0003	5520.48
700000.0003	5990.79
700000.0003	6363.61
700000.0003	6669.57
700000.0003	6870.86
700000.0003	7009.26
700000.0003	7088.53
700000.0003	7107.83
700000.0003	7043.05
700000.0003	6922.9
700000.0003	6783.33
700000.0003	6613.49
700000.0003	6329.33
700000.0003	6054
700000.0003	5747.78
700000.0003	5354.33
700000.0003	4964.66
700000.0003	4519.33
700000.0003	4030.13
700000.0003	3526.33
700000.0003	2965.77
700000.0003	2384.84
700000.0003	1741.74
700000.0003	1073.16
700000.0003	364.954
700000.0003	0
700000.0003	0
700000.0003	0
700000.0003	0
700000.0003	0
700000.0003	0
700000.0003	0
700000.0003	0
700000.0003	0
700000.0003	0
700000.0003	0
700000.0003	0
700000.0003	0
700000.0003	0
700000.0003	0
700000.0003	0
700000.0003	0
700000.0003	0
700000.0003	0
700000.0003	0
700000.0003	0
700000.0003	0
700000.0003	0
700000.0003	0
700000.0003	0
700000.0003	0
700000.0003	0
700000.0003	0
700000.0003	0
700000.0003	0
700000.0003	0
700000.0003	0
700000.0003	0
700000.0003	0
700000.0003	0
700000.0003	0
700000.0003	0
700000.0003	0
700000.0003	0
700000.0003	0
700000.0003	0
700000.0003	0
700000.0003	0
700000.0003	0
700000.0003	0
700000.0003	0
700000.0003	0
700000.0003	0
700000.0003	0
700000.0003	0
700000.0003	0
700000.0003	0
700000.0003	0
700000.0003	0
700000.0003	0
700000.0003	0
700000.0003	0
700000.0003	0
700000.0003	0
700000.0003	0
700000.0003	0
700000.0003	0
700000.0003	0
700000.0003	0
700000.0003	0
700000.0003	0
700000.0003	0
700000.0003	0
700000.0003	0
700000.0003	0
700000.0003	0
700000.0003	0
700000.0003	0
700000.0003	0
700000.0003	0
700000.0003	0
700000.0003	0
700000.0003	0
700000.0003	0
700000.0003	0
700000.0003	0
700000.0003	0
700000.0003	0
700000.0003	0
700000.0003	0
700000.0003	0
700000.0003	0
700000.0003	0
700000.0003	0
700000.0003	0
700000.0003	0
700000.0003	0
700000.0003	0
700000.0003	0
700000.0003	0
700000.0003	0
700000.0003	0
700000.0003	0
700000.0003	0
700000.0003	0
700000.0003	-23.6116
700000.0003	-70.0761
700000.0003	-116.972
700000.0003	-163.043
700000.0003	-208.24
700000.0003	-252.807
700000.0003	-296.925
700000.0003	-339.012
700000.0003	-385.221
700000.0003	-423.235
700000.0003	-466.289
700000.0003	-509.489
700000.0003	-545.353
700000.0003	-587.27
700000.0003	-623.324
700000.0003	-669.424
700000.0003	-704.03
700000.0003	-742.828
700000.0003	-780.923
700000.0003	-821.676
700000.0003	-852.345
700000.0003	-888.26
700000.0003	-917.163
700000.0003	-954.439
700000.0003	-990.306
700000.0003	-1025.77
700000.0003	-1058.29
700000.0003	-1095.43
700000.0003	-1112.08
700000.0003	-1142.22
700000.0003	-1175.19
700000.0003	-1201.41
700000.0003	-1235.72
700000.0003	-1263.48
700000.0003	-1297.24
700000.0003	-1322.53
700000.0003	-1345.3
700000.0003	-1366.43
700000.0003	-1403.97
700000.0003	-1422.55
700000.0003	-1438.3
700000.0003	-1477.96
700000.0003	-1487.29
700000.0003	-1510.6
700000.0003	-1545.33
700000.0003	-1548.97
700000.0003	-1572.91
700000.0003	-1600.73
700000.0003	-1622.33
700000.0003	-1642.3
700000.0003	-1660.4
700000.0003	-1677.08
700000.0003	-1695.88
700000.0003	-1702.17
700000.0003	-1722.94
700000.0003	-1743.68
700000.0003	-1743.59
700000.0003	-1761.59
700000.0003	-1771.35
700000.0003	-1796.43
700000.0003	-1805.55
700000.0003	-1816.55
700000.0003	-1829.88
700000.0003	-1836.61
700000.0003	-1852.66
700000.0003	-1854.03
700000.0003	-1861.71
700000.0003	-1885.41
700000.0003	-1875.35
700000.0003	-1899.37
700000.0003	-1896.47
700000.0003	-1913.84
700000.0003	-1896.56
700000.0003	-1907.52
700000.0003	-1912.02
700000.0003	-1921.51
700000.0003	-1921.9
700000.0003	-1934.82
700000.0003	-1936.64
700000.0003	-1928.01
700000.0003	-1926.55
700000.0003	-1920.98
700000.0003	-1923.73
700000.0003	-1926.45
700000.0003	-1919.23
700000.0003	-1912.1
700000.0003	-1909.03
700000.0003	-1906.95
700000.0003	-1906.94
700000.0003	-1908.94
700000.0003	-1884.32
700000.0003	-1880.64
700000.0003	-1874.02
700000.0003	-1859.49
700000.0003	-1849.21
700000.0003	-1835.47
700000.0003	-1818.04
700000.0003	-1806.9
700000.0003	-1787.1
700000.0003	-1765.11
700000.0003	-1748.7
700000.0003	-1717.67
700000.0003	-1682.53
700000.0003	-1661.02
700000.0003	-1622.87
700000.0003	-1582.26
700000.0003	-1540.37
700000.0003	-1499.26
700000.0003	-1448.68
700000.0003	-1397.08
700000.0003	-1343.23
700000.0003	-1282.72
700000.0003	-1224.92
700000.0003	-1159.46
700000.0003	-1098.11
700000.0003	-1033.8
700000.0003	-973.298
700000.0003	-910.653
700000.0003	-846.55
700000.0003	-786.038
700000.0003	-728.398
700000.0003	-672.428
700000.0003	-618.32
700000.0003	-561.675
700000.0003	-511.661
700000.0003	-464.585
700000.0003	-419.608
700000.0003	-376.802
700000.0003	-335.608
700000.0003	-299.61
700000.0003	-265.762
700000.0003	-234.602
700000.0003	-204.732
700000.0003	-178.495
700000.0003	-154.814
700000.0003	-134.298
700000.0003	-115.8
700000.0003	-99.7963
700000.0003	-85.604
700000.0003	-72.4276
700000.0003	-61.6876
700000.0003	-52.4073
700000.0003	-44.5685
700000.0003	-37.3877
700000.0003	-31.2912
700000.0003	-26.8472
700000.0003	-22.6342
700000.0003	-18.8876
700000.0003	-15.5704
700000.0003	-13.2846
700000.0003	-11.009
700000.0003	-8.90756
700000.0003	-7.48327
700000.0003	-5.95464
700000.0003	-4.76523
700000.0003	-3.72448
700000.0003	-2.74485
700000.0003	-1.89756
700000.0003	-1.11743
700000.0003	-0.36524
700000.0003	0
700000.0003	0
700000.0003	0
700000.0003	0
700000.0003	0
700000.0003	0
700000.0003	0
700000.0003	0
700000.0003	0
700000.0003	0
700000.0003	0
700000.0003	0
700000.0003	0
700000.0003	0
700000.0003	0
700000.0003	0
700000.0003	0
700000.0003	0
700000.0003	0
700000.0003	0
700000.0003	0
700000.0003	0
700000.0003	0
700000.0003	0
700000.0003	0
700000.0003	0
700000.0003	0
700000.0003	0
700000.0003	0
700000.0003	0
700000.0003	0
700000.0003	0
700000.0003	0
700000.0003	0
700000.0003	0
700000.0003	0
700000.0003	0
700000.0003	0
700000.0003	0
700000.0003	0
700000.0003	0
700000.0003	0
700000.0003	0
700000.0003	0
700000.0003	0
700000.0003	0
700000.0003	0
700000.0003	0
700000.0003	0
700000.0003	0
700000.0003	0
700000.0003	0
700000.0003	0
700000.0003	0
700000.0003	0
700000.0003	0
700000.0003	0
700000.0003	0
700000.0003	0
700000.0003	0
700000.0003	0
700000.0003	0
700000.0003	0
700000.0003	0
700000.0003	0
700000.0003	0
700000.0003	0
700000.0003	0
700000.0003	0
700000.0003	0
700000.0003	0
700000.0003	0
700000.0003	0
700000.0003	0
700000.0003	0
700000.0003	0
700000.0003	0
700000.0003	0
700000.0003	0
700000.0003	0
700000.0003	0
700000.0003	0
700000.0003	0
700000.0003	0
700000.0003	0
700000.0003	0
700000.0003	0
700000.0003	0
700000.0003	0
700000.0003	0
700000.0003	0
700000.0003	0
700000.0003	0
700000.0003	0
700000.0003	0
700000.0003	0
700000.0003	0
700000.0003	0
700000.0003	0
700000.0003	0
700000.0003	-0.0364797
700000.0003	0.633177
700000.0003	1.00833
700000.0003	-3.39967
700000.0003	-1.50843
700000.0003	-4.37073
700000.0003	-1.34041
700000.0003	1.25897
700000.0003	4.70009
700000.0003	-7.8415
700000.0003	6.64886
700000.0003	10.1128
700000.0003	-9.14231
700000.0003	-1.24365
700000.0003	3.97641
700000.0003	13.0071
700000.0003	-8.86592
700000.0003	-3.64354
700000.0003	-46.0348
700000.0003	-6.81037
700000.0003	8.468
700000.0003	5.31885
700000.0003	-19.5941
700000.0003	16.5587
700000.0003	-4.41925
700000.0003	-21.8635
700000.0003	-7.62879
700000.0003	-11.9976
700000.0003	-8.41727
700000.0003	13.1139
700000.0003	-14.5244
700000.0003	-25.2189
700000.0003	17.7176
700000.0003	2.921
700000.0003	-3.87293
700000.0003	-11.9031
700000.0003	8.21884
700000.0003	-0.18418
700000.0003	-2.38679
700000.0003	1.42511
700000.0003	0
700000.0003	0
700000.0003	0
700000.0003	0
700000.0003	0
700000.0003	0
700000.0003	0
700000.0003	0
700000.0003	0
700000.0003	0
700000.0003	0
700000.0003	0
700000.0003	0
700000.0003	0
700000.0003	0
700000.0003	0
700000.0003	0
700000.0003	0
700000.0003	0
700000.0003	0
700000.0003	0
700000.0003	0
700000.0003	0
700000.0003	0
700000.0003	0
700000.0003	0
700000.0003	0
700000.0003	0
700000.0003	0
700000.0003	0
700000.0003	0
700000.0003	0
700000.0003	0
700000.0003	0
700000.0003	0
700000.0003	0
700000.0003	0
700000.0003	0
700000.0003	0
700000.0003	0
700000.0003	0
700000.0003	0
700000.0003	0
700000.0003	0
700000.0003	0
700000.0003	0
700000.0003	0
700000.0003	0
700000.0003	0
700000.0003	0
700000.0003	0
700000.0003	0
700000.0003	0
700000.0003	0
700000.0003	0
700000.0003	0
700000.0003	0
700000.0003	0
700000.0003	0
700000.0003	0
700000.0003	0
700000.0003	0
700000.0003	0
700000.0003	0
700000.0003	0
700000.0003	0
700000.0003	0
700000.0003	0
700000.0003	0
700000.0003	0
700000.0003	0
700000.0003	0
700000.0003	0
700000.0003	0
700000.0003	0
700000.0003	0
700000.0003	0
700000.0003	0
700000.0003	0
700000.0003	0
700000.0003	0
700000.0003	0
700000.0003	0
700000.0003	0
700000.0003	0
700000.0003	0
700000.0003	0
700000.0003	0
700000.0003	0
700000.0003	0
700000.0003	0
700000.0003	0
700000.0003	0
700000.0003	0
700000.0003	0
700000.0003	0
700000.0003	0
700000.0003	0
700000.0003	0
700000.0003	0
700000.0003	-0.05814
700000.0003	0.0215252
700000.0003	0.192676
700000.0003	0.102945
700000.0003	0.782272
700000.0003	-0.404217
700000.0003	-1.22667
700000.0003	1.64515
700000.0003	0.170508
700000.0003	0.601521
700000.0003	-0.454692
700000.0003	0.540101
700000.0003	0.0982652
700000.0003	-0.313524
700000.0003	1.77595
700000.0003	0.230475
700000.0003	4.59919
700000.0003	-0.722095
700000.0003	-2.37073
700000.0003	-0.701374
700000.0003	0.0233396
700000.0003	-2.51229
700000.0003	-1.23893
700000.0003	0.077359
700000.0003	0.794513
700000.0003	2.99036
700000.0003	2.55198
700000.0003	-3.57638
700000.0003	0.114567
700000.0003	-5.22059
700000.0003	1.65455
700000.0003	3.08871
700000.0003	1.67167
700000.0003	1.17859
700000.0003	0.0593362
700000.0003	2.38516
700000.0003	-1.30715
700000.0003	-0.358023
700000.0003	4.30883
700000.0003	-0.765718
700000.0003	3.50721
700000.0003	3.59022
700000.0003	1.40162
700000.0003	-1.2053
700000.0003	-0.42043
700000.0003	2.32136
700000.0003	0.486047
700000.0003	-1.62673
700000.0003	-0.888146
700000.0003	1.09164
700000.0003	-1.10942
700000.0003	5.83304
700000.0003	-0.452673
700000.0003	-0.359059
700000.0003	-1.1932
700000.0003	5.82513
700000.0003	-1.96222
700000.0003	-0.821604
700000.0003	7.05878
700000.0003	0.72752
700000.0003	3.6559
700000.0003	0.699929
700000.0003	-0.741777
700000.0003	-5.09234
700000.0003	1.96995
700000.0003	-6.04072
700000.0003	2.83539
700000.0003	4.50674
700000.0003	10.0372
700000.0003	-8.8324
700000.0003	4.47296
700000.0003	-3.80606
700000.0003	-0.890907
700000.0003	-6.4679
700000.0003	-0.968136
700000.0003	-3.63098
700000.0003	-1.69935
700000.0003	-2.81134
700000.0003	2.32102
700000.0003	4.55821
700000.0003	1.74227
700000.0003	-2.67591
700000.0003	1.63283
700000.0003	-2.12801
700000.0003	7.49763
700000.0003	-1.08991
700000.0003	-1.16156
700000.0003	-1.89617
700000.0003	-2.905
700000.0003	-0.938957
700000.0003	-1.05673
700000.0003	-4.18791
700000.0003	-0.982487
700000.0003	-1.62076
700000.0003	-5.8712
700000.0003	3.75131
700000.0003	0.931823
700000.0003	-1.39548
700000.0003	-2.95785
700000.0003	1.76487
700000.0003	-5.32902
700000.0003	-2.79681
700000.0003	4.04415
700000.0003	2.57315
700000.0003	-2.3287
700000.0003	-2.69297
700000.0003	3.74505
700000.0003	-4.04824
700000.0003	-0.873399
700000.0003	-2.01069
700000.0003	-0.926628
700000.0003	0.777881
700000.0003	1.54484
700000.0003	-2.22241
700000.0003	1.10734
700000.0003	-0.0816002
700000.0003	-0.870934
700000.0003	-0.322459
700000.0003	0.557863
700000.0003	-1.8325
700000.0003	2.23295
700000.0003	-2.61721
700000.0003	-3.14926
700000.0003	-0.20024
700000.0003	-0.829161
700000.0003	0.466282
700000.0003	0.0451787
700000.0003	0.912536
700000.0003	-0.175713
700000.0003	1.36315
700000.0003	0.157345
700000.0003	0.654948
700000.0003	1.50837
700000.0003	0.430515
700000.0003	-0.726002
700000.0003	-0.0120937
700000.0003	0.001436
700000.0003	-0.0764071
700000.0003	0.477499
700000.0003	0.0470574
700000.0003	0.211273
700000.0003	0.0294287
700000.0003	0.401689
700000.0003	-0.101661
700000.0003	0.0291185
700000.0003	-0.509525
700000.0003	0.0459291
700000.0003	0.0840273
700000.0003	-0.0805599
700000.0003	0.0513949
700000.0003	0.101818
700000.0003	-0.0776492
700000.0003	-0.0110263
700000.0003	0.0865189
700000.0003	-0.114699
700000.0003	0.0353332
700000.0003	-0.0110392
700000.0003	0.0447732
700000.0003	-0.000795496
700000.0003	-0.00425005
700000.0003	0
700000.0003	0
700000.0003	0
700000.0003	0
700000.0003	0
700000.0003	0
700000.0003	0
700000.0003	0
700000.0003	0
700000.0003	0
700000.0003	0
700000.0003	0
700000.0003	0
700000.0003	0
700000.0003	0
700000.0003	0
700000.0003	0
700000.0003	0
700000.0003	0
700000.0003	0
700000.0003	0
700000.0003	0
700000.0003	0
700000.0003	0
700000.0003	0
700000.0003	0
700000.0003	0
700000.0003	0
700000.0003	0
700000.0003	0
700000.0003	0
700000.0003	0
700000.0003	0
700000.0003	0
700000.0003	0
700000.0003	0
700000.0003	0
700000.0003	0
700000.0003	0
700000.0003	0
700000.0003	0
700000.0003	0
700000.0003	0
700000.0003	0
700000.0003	0
700000.0003	0
700000.0003	0
700000.0003	0
700000.0003	0
700000.0003	0
700000.0003	0
700000.0003	0
700000.0003	0
700000.0003	0
700000.0003	0
700000.0003	0
700000.0003	0
700000.0003	0
700000.0003	0
700000.0003	0
700000.0003	0
700000.0003	0
700000.0003	0
700000.0003	0
700000.0003	0
700000.0003	0
700000.0003	0
700000.0003	0
700000.0003	0
700000.0003	0
700000.0003	0
700000.0003	0
700000.0003	0
700000.0003	0
700000.0003	0
700000.0003	0
700000.0003	0
700000.0003	0
700000.0003	0
700000.0003	0
700000.0003	0
700000.0003	0
700000.0003	0
700000.0003	0
700000.0003	0
700000.0003	0
700000.0003	0
700000.0003	0
700000.0003	0
700000.0003	0
700000.0003	0
700000.0003	0
700000.0003	0
700000.0003	0
700000.0003	0
700000.0003	0
700000.0003	0
700000.0003	0
700000.0003	0
700000.0003	0
