700000.0003	28.4347
700000.0003	101.159
700000.0003	202.432
700000.0003	342.352
700000.0003	532.158
700000.0003	773.125
700000.0003	1079.97
700000.0003	1430.33
700000.0003	1831.54
700000.0003	2285.38
700000.0003	2777.67
700000.0003	3315.26
700000.0003	3852.84
700000.0003	4452.11
700000.0003	5008.08
700000.0003	5526.92
700000.0003	6007.98
700000.0003	6377.2
700000.0003	6693.56
700000.0003	6913.03
700000.0003	7031.02
700000.0003	7112.54
700000.0003	7095.45
700000.0003	7034.73
700000.0003	6930.42
700000.0003	6762.45
700000.0003	6607.91
700000.0003	6359.87
700000.0003	6075.82
700000.0003	5690.7
700000.0003	5387.29
700000.0003	4967.14
700000.0003	4515.5
700000.0003	4041.25
700000.0003	3524.04
700000.0003	2976.71
700000.0003	2371.83
700000.0003	1731.81
700000.0003	1072.22
700000.0003	365.892
700000.0003	0
700000.0003	0
700000.0003	0
700000.0003	0
700000.0003	0
700000.0003	0
700000.0003	0
700000.0003	0
700000.0003	0
700000.0003	0
700000.0003	0
700000.0003	0
700000.0003	0
700000.0003	0
700000.0003	0
700000.0003	0
700000.0003	0
700000.0003	0
700000.0003	0
700000.0003	0
700000.0003	0
700000.0003	0
700000.0003	0
700000.0003	0
700000.0003	0
700000.0003	0
700000.0003	0
700000.0003	0
700000.0003	0
700000.0003	0
700000.0003	0
700000.0003	0
700000.0003	0
700000.0003	0
700000.0003	0
700000.0003	0
700000.0003	0
700000.0003	0
700000.0003	0
700000.0003	0
700000.0003	0
700000.0003	0
700000.0003	0
700000.0003	0
700000.0003	0
700000.0003	0
700000.0003	0
700000.0003	0
700000.0003	0
700000.0003	0
700000.0003	0
700000.0003	0
700000.0003	0
700000.0003	0
700000.0003	0
700000.0003	0
700000.0003	0
700000.0003	0
700000.0003	0
700000.0003	0
700000.0003	0
700000.0003	0
700000.0003	0
700000.0003	0
700000.0003	0
700000.0003	0
700000.0003	0
700000.0003	0
700000.0003	0
700000.0003	0
700000.0003	0
700000.0003	0
700000.0003	0
700000.0003	0
700000.0003	0
700000.0003	0
700000.0003	0
700000.0003	0
700000.0003	0
700000.0003	0
700000.0003	0
700000.0003	0
700000.0003	0
700000.0003	0
700000.0003	0
700000.0003	0
700000.0003	0
700000.0003	0
700000.0003	0
700000.0003	0
700000.0003	0
700000.0003	0
700000.0003	0
700000.0003	0
700000.0003	0
700000.0003	0
700000.0003	0
700000.0003	0
700000.0003	0
700000.0003	0
700000.0003	-23.5943
700000.0003	-70.2636
700000.0003	-116.412
700000.0003	-162.692
700000.0003	-208.59
700000.0003	-251.171
700000.0003	-296.16
700000.0003	-340.268
700000.0003	-384.402
700000.0003	-427.073
700000.0003	-462.946
700000.0003	-507.933
700000.0003	-546.451
700000.0003	-590.305
700000.0003	-629.705
700000.0003	-665.372
700000.0003	-707.216
700000.0003	-744.817
700000.0003	-779.758
700000.0003	-811.52
700000.0003	-847.382
700000.0003	-887.103
700000.0003	-917.332
700000.0003	-952.275
700000.0003	-992.411
700000.0003	-1017.78
700000.0003	-1050.26
700000.0003	-1085.85
700000.0003	-1122.92
700000.0003	-1152.55
700000.0003	-1183.8
700000.0003	-1209.99
700000.0003	-1229.68
700000.0003	-1263.71
700000.0003	-1290.97
700000.0003	-1318.31
700000.0003	-1347.75
700000.0003	-1372.62
700000.0003	-1393.95
700000.0003	-1411.45
700000.0003	-1449.79
700000.0003	-1475.63
700000.0003	-1497.23
700000.0003	-1507.91
700000.0003	-1536.11
700000.0003	-1560.15
700000.0003	-1589.78
700000.0003	-1592.87
700000.0003	-1618.08
700000.0003	-1635.71
700000.0003	-1665.69
700000.0003	-1676.8
700000.0003	-1687.08
700000.0003	-1697.87
700000.0003	-1720.78
700000.0003	-1734.4
700000.0003	-1751.56
700000.0003	-1767.08
700000.0003	-1788.34
700000.0003	-1801.26
700000.0003	-1804.66
700000.0003	-1806.78
700000.0003	-1815.65
700000.0003	-1832.47
700000.0003	-1853.01
700000.0003	-1868.62
700000.0003	-1865.53
700000.0003	-1871.8
700000.0003	-1883.26
700000.0003	-1883.03
700000.0003	-1889.63
700000.0003	-1901.15
700000.0003	-1908.04
700000.0003	-1906.45
700000.0003	-1918.21
700000.0003	-1914.01
700000.0003	-1925.12
700000.0003	-1920.89
700000.0003	-1938.28
700000.0003	-1927.81
700000.0003	-1923.49
700000.0003	-1925.47
700000.0003	-1923.83
700000.0003	-1935.65
700000.0003	-1921.46
700000.0003	-1922.38
700000.0003	-1904.94
700000.0003	-1908.77
700000.0003	-1897.41
700000.0003	-1891.49
700000.0003	-1889.28
700000.0003	-1881.22
700000.0003	-1874.71
700000.0003	-1858.83
700000.0003	-1845.78
700000.0003	-1842.65
700000.0003	-1824.4
700000.0003	-1802.67
700000.0003	-1776.31
700000.0003	-1766.62
700000.0003	-1740.71
700000.0003	-1718.54
700000.0003	-1686.59
700000.0003	-1660.28
700000.0003	-1626.96
700000.0003	-1581.84
700000.0003	-1540.67
700000.0003	-1500.22
700000.0003	-1447.72
700000.0003	-1395.38
700000.0003	-1340.05
700000.0003	-1286.78
700000.0003	-1222.74
700000.0003	-1162.64
700000.0003	-1101.41
700000.0003	-1035.25
700000.0003	-972.278
700000.0003	-909.263
700000.0003	-846.738
700000.0003	-787.585
700000.0003	-728.283
700000.0003	-671.999
700000.0003	-616.083
700000.0003	-561.685
700000.0003	-514.38
700000.0003	-463.333
700000.0003	-417.842
700000.0003	-376.01
700000.0003	-335.938
700000.0003	-298.597
700000.0003	-264.661
700000.0003	-233.829
700000.0003	-204.557
700000.0003	-178.302
700000.0003	-154.911
700000.0003	-134.667
700000.0003	-115.714
700000.0003	-99.5861
700000.0003	-84.7795
700000.0003	-72.1381
700000.0003	-61.7952
700000.0003	-52.3771
700000.0003	-44.2679
700000.0003	-37.4103
700000.0003	-31.7028
700000.0003	-26.6137
700000.0003	-22.3064
700000.0003	-18.7051
700000.0003	-15.6721
700000.0003	-13.2341
700000.0003	-10.9432
700000.0003	-9.09866
700000.0003	-7.34982
700000.0003	-6.03777
700000.0003	-4.79775
700000.0003	-3.74691
700000.0003	-2.78202
700000.0003	-1.91106
700000.0003	-1.13078
700000.0003	-0.363808
700000.0003	0
700000.0003	0
700000.0003	0
700000.0003	0
700000.0003	0
700000.0003	0
700000.0003	0
700000.0003	0
700000.0003	0
700000.0003	0
700000.0003	0
700000.0003	0
700000.0003	0
700000.0003	0
700000.0003	0
700000.0003	0
700000.0003	0
700000.0003	0
700000.0003	0
700000.0003	0
700000.0003	0
700000.0003	0
700000.0003	0
700000.0003	0
700000.0003	0
700000.0003	0
700000.0003	0
700000.0003	0
700000.0003	0
700000.0003	0
700000.0003	0
700000.0003	0
700000.0003	0
700000.0003	0
700000.0003	0
700000.0003	0
700000.0003	0
700000.0003	0
700000.0003	0
700000.0003	0
700000.0003	0
700000.0003	0
700000.0003	0
700000.0003	0
700000.0003	0
700000.0003	0
700000.0003	0
700000.0003	0
700000.0003	0
700000.0003	0
700000.0003	0
700000.0003	0
700000.0003	0
700000.0003	0
700000.0003	0
700000.0003	0
700000.0003	0
700000.0003	0
700000.0003	0
700000.0003	0
700000.0003	0
700000.0003	0
700000.0003	0
700000.0003	0
700000.0003	0
700000.0003	0
700000.0003	0
700000.0003	0
700000.0003	0
700000.0003	0
700000.0003	0
700000.0003	0
700000.0003	0
700000.0003	0
700000.0003	0
700000.0003	0
700000.0003	0
700000.0003	0
700000.0003	0
700000.0003	0
700000.0003	0
700000.0003	0
700000.0003	0
700000.0003	0
700000.0003	0
700000.0003	0
700000.0003	0
700000.0003	0
700000.0003	0
700000.0003	0
700000.0003	0
700000.0003	0
700000.0003	0
700000.0003	0
700000.0003	0
700000.0003	0
700000.0003	0
700000.0003	0
700000.0003	0
700000.0003	0
700000.0003	0.386498
700000.0003	0.0564482
700000.0003	-0.918972
700000.0003	-1.67681
700000.0003	1.1993
700000.0003	1.20187
700000.0003	1.78134
700000.0003	-8.08494
700000.0003	1.02171
700000.0003	-6.00448
700000.0003	16.7118
700000.0003	-3.43941
700000.0003	-8.85371
700000.0003	1.68509
700000.0003	14.784
700000.0003	-1.14501
700000.0003	-31.1387
700000.0003	-4.8075
700000.0003	8.42196
700000.0003	-37.9697
700000.0003	-18.9128
700000.0003	-9.88155
700000.0003	-4.26323
700000.0003	10.5508
700000.0003	-27.8143
700000.0003	6.84045
700000.0003	18.8828
700000.0003	-14.5665
700000.0003	13.8428
700000.0003	11.4302
700000.0003	-26.3449
700000.0003	-10.8585
700000.0003	-15.0638
700000.0003	0.450976
700000.0003	-12.9947
700000.0003	16.4234
700000.0003	-4.80277
700000.0003	10.4742
700000.0003	-1.2796
700000.0003	-0.0532316
700000.0003	0
700000.0003	0
700000.0003	0
700000.0003	0
700000.0003	0
700000.0003	0
700000.0003	0
700000.0003	0
700000.0003	0
700000.0003	0
700000.0003	0
700000.0003	0
700000.0003	0
700000.0003	0
700000.0003	0
700000.0003	0
700000.0003	0
700000.0003	0
700000.0003	0
700000.0003	0
700000.0003	0
700000.0003	0
700000.0003	0
700000.0003	0
700000.0003	0
700000.0003	0
700000.0003	0
700000.0003	0
700000.0003	0
700000.0003	0
700000.0003	0
700000.0003	0
700000.0003	0
700000.0003	0
700000.0003	0
700000.0003	0
700000.0003	0
700000.0003	0
700000.0003	0
700000.0003	0
700000.0003	0
700000.0003	0
700000.0003	0
700000.0003	0
700000.0003	0
700000.0003	0
700000.0003	0
700000.0003	0
700000.0003	0
700000.0003	0
700000.0003	0
700000.0003	0
700000.0003	0
700000.0003	0
700000.0003	0
700000.0003	0
700000.0003	0
700000.0003	0
700000.0003	0
700000.0003	0
700000.0003	0
700000.0003	0
700000.0003	0
700000.0003	0
700000.0003	0
700000.0003	0
700000.0003	0
700000.0003	0
700000.0003	0
700000.0003	0
700000.0003	0
700000.0003	0
700000.0003	0
700000.0003	0
700000.0003	0
700000.0003	0
700000.0003	0
700000.0003	0
700000.0003	0
700000.0003	0
700000.0003	0
700000.0003	0
700000.0003	0
700000.0003	0
700000.0003	0
700000.0003	0
700000.0003	0
700000.0003	0
700000.0003	0
700000.0003	0
700000.0003	0
700000.0003	0
700000.0003	0
700000.0003	0
700000.0003	0
700000.0003	0
700000.0003	0
700000.0003	0
700000.0003	0
700000.0003	0
700000.0003	-0.0933161
700000.0003	0.164207
700000.0003	-0.296223
700000.0003	-0.215379
700000.0003	0.346104
700000.0003	-0.553752
700000.0003	-0.264461
700000.0003	-0.931184
700000.0003	1.14213
700000.0003	1.11908
700000.0003	0.373113
700000.0003	-1.45073
700000.0003	-0.516855
700000.0003	1.5476
700000.0003	1.25749
700000.0003	-2.84312
700000.0003	-0.64132
700000.0003	-1.15801
700000.0003	-4.10984
700000.0003	1.52207
700000.0003	3.9556
700000.0003	2.70218
700000.0003	4.56199
700000.0003	-2.02201
700000.0003	0.312785
700000.0003	0.341021
700000.0003	-0.993598
700000.0003	-2.68698
700000.0003	-2.57758
700000.0003	0.474919
700000.0003	3.61353
700000.0003	2.48738
700000.0003	6.09729
700000.0003	2.32129
700000.0003	-0.520498
700000.0003	-3.00131
700000.0003	-2.71492
700000.0003	-2.14067
700000.0003	3.17302
700000.0003	1.23622
700000.0003	-6.76185
700000.0003	-0.884803
700000.0003	-2.56641
700000.0003	-7.15113
700000.0003	1.52497
700000.0003	-4.38865
700000.0003	-1.9209
700000.0003	2.73474
700000.0003	-3.1786
700000.0003	-2.88094
700000.0003	-0.756664
700000.0003	-3.89158
700000.0003	0.682313
700000.0003	2.01254
700000.0003	1.89533
700000.0003	1.75254
700000.0003	2.13774
700000.0003	3.57933
700000.0003	-1.15347
700000.0003	-1.84508
700000.0003	3.30499
700000.0003	2.44294
700000.0003	0.677375
700000.0003	3.65146
700000.0003	3.35692
700000.0003	-5.01851
700000.0003	-0.572189
700000.0003	6.42188
700000.0003	-3.29819
700000.0003	-3.01621
700000.0003	1.67115
700000.0003	3.16526
700000.0003	-2.56738
700000.0003	4.67126
700000.0003	-4.9387
700000.0003	-2.49717
700000.0003	-4.90102
700000.0003	1.4898
700000.0003	-6.25819
700000.0003	4.49443
700000.0003	-2.4058
700000.0003	0.310938
700000.0003	-0.537237
700000.0003	3.87464
700000.0003	2.54366
700000.0003	-2.48334
700000.0003	1.12795
700000.0003	-2.27717
700000.0003	3.44609
700000.0003	0.64713
700000.0003	2.41849
700000.0003	0.66315
700000.0003	2.45135
700000.0003	1.22618
700000.0003	0.967875
700000.0003	-6.67796
700000.0003	2.23404
700000.0003	0.0849039
700000.0003	4.98459
700000.0003	1.22248
700000.0003	0.585032
700000.0003	1.83441
700000.0003	-0.719983
700000.0003	2.58449
700000.0003	-0.224916
700000.0003	-1.23601
700000.0003	2.96823
700000.0003	-0.989932
700000.0003	-1.01505
700000.0003	-1.97233
700000.0003	-1.45176
700000.0003	2.96546
700000.0003	-4.05874
700000.0003	-1.76
700000.0003	1.942
700000.0003	0.358841
700000.0003	0.770654
700000.0003	-2.31026
700000.0003	-1.07113
700000.0003	-1.13123
700000.0003	3.06905
700000.0003	1.44327
700000.0003	-1.83167
700000.0003	1.1517
700000.0003	0.499946
700000.0003	2.8444
700000.0003	1.10664
700000.0003	1.10225
700000.0003	-0.634138
700000.0003	0.308656
700000.0003	0.825083
700000.0003	1.15759
700000.0003	0.236364
700000.0003	-0.783681
700000.0003	0.437817
700000.0003	0.221784
700000.0003	0.807679
700000.0003	-0.73336
700000.0003	-0.697939
700000.0003	-0.287177
700000.0003	-0.349105
700000.0003	0.288863
700000.0003	0.0850962
700000.0003	-0.0934824
700000.0003	0.146224
700000.0003	0.220025
700000.0003	0.135749
700000.0003	-0.0605326
700000.0003	0.0584311
700000.0003	0.115502
700000.0003	-0.0129763
700000.0003	-0.164186
700000.0003	-0.0412403
700000.0003	0.0351951
700000.0003	-0.000822601
700000.0003	0.00475014
700000.0003	0.0370718
700000.0003	-0.00171579
700000.0003	-0.00481367
700000.0003	-0.00361183
700000.0003	0
700000.0003	0
700000.0003	0
700000.0003	0
700000.0003	0
700000.0003	0
700000.0003	0
700000.0003	0
700000.0003	0
700000.0003	0
700000.0003	0
700000.0003	0
700000.0003	0
700000.0003	0
700000.0003	0
700000.0003	0
700000.0003	0
700000.0003	0
700000.0003	0
700000.0003	0
700000.0003	0
700000.0003	0
700000.0003	0
700000.0003	0
700000.0003	0
700000.0003	0
700000.0003	0
700000.0003	0
700000.0003	0
700000.0003	0
700000.0003	0
700000.0003	0
700000.0003	0
700000.0003	0
700000.0003	0
700000.0003	0
700000.0003	0
700000.0003	0
700000.0003	0
700000.0003	0
700000.0003	0
700000.0003	0
700000.0003	0
700000.0003	0
700000.0003	0
700000.0003	0
700000.0003	0
700000.0003	0
700000.0003	0
700000.0003	0
700000.0003	0
700000.0003	0
700000.0003	0
700000.0003	0
700000.0003	0
700000.0003	0
700000.0003	0
700000.0003	0
700000.0003	0
700000.0003	0
700000.0003	0
700000.0003	0
700000.0003	0
700000.0003	0
700000.0003	0
700000.0003	0
700000.0003	0
700000.0003	0
700000.0003	0
700000.0003	0
700000.0003	0
700000.0003	0
700000.0003	0
700000.0003	0
700000.0003	0
700000.0003	0
700000.0003	0
700000.0003	0
700000.0003	0
700000.0003	0
700000.0003	0
700000.0003	0
700000.0003	0
700000.0003	0
700000.0003	0
700000.0003	0
700000.0003	0
700000.0003	0
700000.0003	0
700000.0003	0
700000.0003	0
700000.0003	0
700000.0003	0
700000.0003	0
700000.0003	0
700000.0003	0
700000.0003	0
700000.0003	0
700000.0003	0
700000.0003	0
