700000.0003	2960.5	2959.42	2961.36	2959.17	2959.54	2957.85	2961.01	2961.44	2957.82	2958.59	2960.82	2961.94	2964.96	2960.11	2959.3
700000.0003	1533.16	1532.11	1534.34	1536.38	1532.81	1534.04	1532.09	1534.48	1534.21	1533.83	1534.39	1534.93	1533.37	1533.96	1535.09
700000.0003	194.114	193.96	194.722	194.438	193.661	194.126	193.913	193.431	193.726	194.712	194.449	194.303	192.934	194.087	194.666
700000.0003	32.0143	32.0924	32.2972	32.6181	32.5978	31.9702	31.4799	31.9696	32.3109	32.8639	32.5001	32.3997	32.3584	32.0852	32.175
700000.0003	19.2122	18.7655	19.5362	19.3828	19.0294	19.6382	19.1156	19.3273	19.6126	19.1467	19.4282	19.5086	19.2454	19.5346	19.1821
700000.0003	16.9724	16.7678	16.5115	16.5671	16.417	16.7325	16.668	16.4183	16.4442	16.6236	16.7012	16.7516	16.5195	16.6048	16.5616
700000.0003	15.4076	15.6159	15.619	15.4068	15.2545	14.9962	15.3017	15.1854	15.3226	15.4273	15.2374	15.2856	15.5873	15.0246	15.4634
700000.0003	15.0735	14.7487	14.4071	14.7492	14.8942	14.3061	14.8353	14.4277	14.7423	14.5245	14.6643	14.2061	14.7642	14.4973	14.7418
700000.0003	14.3939	14.098	13.7856	13.8972	13.9682	13.7518	14.086	14.2101	13.8048	14.0008	14.1691	14.3229	14.2793	14.0861	14.0269
700000.0003	13.2217	13.6612	13.8747	13.7647	13.5821	13.8423	13.8174	13.268	13.4473	13.8209	13.8335	13.7733	13.7497	13.5525	13.94
700000.0003	13.6481	13.5661	13.4344	13.4288	13.1477	13.5481	13.4931	13.5413	13.4928	13.5255	13.5113	13.5463	13.2535	13.5387	13.6908
700000.0003	13.4041	13.3437	13.4829	13.4637	13.3797	13.5963	13.3207	13.2594	13.3271	13.476	13.6345	13.4684	13.6395	13.8532	13.4203
700000.0003	13.4322	13.3335	13.3687	12.9735	13.3944	13.3734	13.4332	13.3213	13.5277	13.3563	13.2727	12.964	13.2183	13.5077	13.5724
700000.0003	13.6826	13.3018	13.0576	13.1831	13.4374	13.1866	13.3322	13.3458	12.8798	13.4356	13.0139	12.7975	13.202	13.0442	13.5821
700000.0003	13.5712	13.1217	13.3845	13.1667	13.5205	13.2602	13.4113	13.4302	13.0386	13.635	13.4458	13.3294	13.2189	13.341	13.4349
700000.0003	13.434	14.1431	13.7167	13.9742	14.0433	13.7652	14.0655	13.9551	14.1098	14.2022	14.3987	13.7513	13.9595	14.2571	14.2944
700000.0003	15.1639	15.0879	15.3015	15.2934	14.7209	14.9949	15.3626	15.3908	14.9181	15.1888	15.2462	15.1067	15.4218	14.9083	15.2752
700000.0003	17.1292	16.873	16.7809	17.1011	16.9174	17.4472	17.4056	17.2153	16.7532	16.7106	16.9596	16.8687	16.9555	17.0527	17.2214
700000.0003	19.6409	19.5486	19.9626	19.6314	19.9755	19.8033	20.0788	19.712	19.7505	19.9079	19.8886	19.5771	19.7048	19.8045	19.9443
700000.0003	23.5031	23.6559	24.0351	23.8551	24.1856	23.8603	23.819	24.4698	23.8408	24.142	23.8364	24.5832	24.7878	24.6531	24.3816
700000.0003	30.7501	30.477	30.292	29.7918	30.7957	30.3827	29.9931	30.5186	30.7933	30.5146	30.8667	31.0551	30.9966	30.9917	30.7199
700000.0003	42.1303	41.9628	41.6593	41.5471	41.9874	42.2549	42.1689	41.5358	41.7699	41.9641	42.1685	41.8797	41.7759	42.0701	42.0656
700000.0003	66.97	66.9801	67.0918	67.1459	67.063	67.3951	67.1884	67.2418	67.3014	66.8818	67.4532	67.4038	67.1287	67.5401	67.3986
700000.0003	155.474	155.593	154.993	155.526	156.51	155.742	156.113	155.044	155.171	156.104	154.221	155.174	155.754	156.038	155.094
700000.0003	514.107	518.011	515.524	516.54	517.01	516.471	516.522	514.959	516.597	515.537	515.11	514.029	516.658	517.977	515.532
700000.0003	1362.43	1361.16	1365.19	1364	1362.94	1366.12	1363.22	1363.19	1361.72	1361.91	1363.46	1363.1	1361.8	1363.49	1361.55
700000.0003	2201.98	2205	2203	2201.63	2203.53	2203.23	2205.13	2203.39	2204.47	2203.55	2202.65	2204.22	2200.59	2204.67	2201.5
700000.0003	2639.86	2640.33	2643.58	2641.82	2643.75	2643.79	2646.23	2642.73	2642.93	2643.71	2647.2	2642.52	2644.55	2641.5	2642.36
700000.0003	2787.13	2787.53	2789.12	2789.8	2789.61	2787.04	2791.55	2791.65	2790.61	2789.96	2790.12	2791.4	2787.21	2787.33	2789.18
700000.0003	2835.36	2836.15	2836.07	2836.99	2835.78	2836.49	2839.21	2839.6	2834.55	2833.69	2839.41	2838.71	2836.75	2834.39	2835.08
700000.0003	2865.2	2865.52	2865.9	2866.88	2864.9	2864.99	2866.83	2866.55	2866.83	2868.45	2867.75	2868.52	2862.19	2863.59	2866.31
700000.0003	2892.2	2891.22	2891.32	2893.12	2894.83	2895	2893.19	2892.87	2894.78	2895.72	2891.76	2892.38	2893.95	2894.33	2892.77
700000.0003	2921.74	2922.41	2921.05	2920.11	2921.52	2920.83	2919.87	2917.91	2919.26	2921.67	2921.06	2920.94	2923.2	2919.2	2916.54
700000.0003	2946.18	2947	2947.37	2946.65	2946.77	2950.16	2948.64	2943.19	2948.1	2951.64	2945.83	2945.71	2947.6	2951.71	2947.09
700000.0003	2972	2974.95	2978.25	2973.04	2972.87	2974.12	2975.83	2972.57	2972.51	2976.96	2977.35	2974.45	2975.35	2977.1	2971.38
700000.0003	3000.23	2999.15	3003.87	2999.22	2998.98	3000.14	3004.76	3000.17	2998.87	3002.82	3001.97	3000.88	2999.25	3004.87	3003.36
700000.0003	3025.8	3024.93	3028.94	3029.33	3026.06	3025.46	3027.41	3026.07	3026.33	3027.92	3030.85	3029.13	3027.5	3030.86	3029.23
700000.0003	3052.16	3053.99	3052.73	3053.95	3050.57	3052.59	3053.99	3055.14	3053.67	3053.1	3056.67	3054.77	3055.39	3053.39	3056.43
700000.0003	3078.26	3078.71	3078.81	3079.35	3077.87	3078.61	3074.05	3079.47	3080.35	3081.16	3077.66	3081.04	3082.41	3078.27	3080.17
700000.0003	3100.22	3096.01	3100.77	3095	3095.31	3099.51	3095.14	3098.1	3097.58	3095.66	3099.11	3101	3102.11	3097.24	3095.88
700000.0003	-0.159225	0.728015	-0.241741	-0.771552	-0.292138	0.488188	0.48007	1.32607	-0.144806	-0.813111	-0.0193035	0.851237	-0.0578565	0.61053	-0.920993
700000.0003	-0.610452	0.317479	0.366644	0.401893	-1.29764	0.0704312	0.247283	0.0164487	0.866049	0.657395	-0.465545	-0.167765	1.21655	0.00740064	-0.803471
700000.0003	0.174031	-0.212726	0.381189	-0.109869	-0.45148	-0.582627	-0.105476	-0.117824	0.587739	-0.488576	0.0231214	-0.300369	0.304419	-0.162658	0.0349104
700000.0003	-0.126908	0.0501637	0.200382	-0.142139	0.0463938	0.116161	0.232424	-0.0603645	0.0434533	0.050563	-0.00630854	0.0420213	-0.0537671	-0.127935	-0.281366
700000.0003	-0.145203	-0.10108	-0.12908	-0.0866994	-0.141614	-0.0960447	-0.0112015	-0.103314	0.183867	-0.198184	0.177758	0.0610649	-0.0766467	0.0784678	-0.1539
700000.0003	-0.0649621	-0.00920136	-0.00717553	-0.163654	0.123818	0.170309	0.00726013	-0.00123067	-0.0552715	-0.204785	0.215894	0.095748	-0.00832224	-0.0591008	-0.0012065
700000.0003	0.208022	0.0278833	-0.0511832	0.0342917	0.000229329	0.113019	0.0809271	0.00383032	0.0342282	0.00205694	0.0163128	-0.0512034	-0.0413355	0.198325	0.0541693
700000.0003	0.181193	0.0872511	0.224738	-0.116219	0.0559576	0.0484411	0.170359	0.141646	0.0352801	-0.142306	-0.0729572	0.122165	0.0546847	0.0974136	-0.041861
700000.0003	-0.0268874	0.0958855	-0.0347542	0.23207	-0.110368	-0.106529	0.115496	0.0533825	0.0837398	0.0817819	0.0295236	-0.134133	0.0700483	0.00132166	-0.0335992
700000.0003	0.032613	-0.0810836	0.0890713	-0.00888523	0.0381245	0.0203405	0.0132912	0.00596532	0.113377	-0.0215415	0.0993476	0.263134	-0.00820484	-0.183497	-0.147108
700000.0003	-0.0366388	0.157599	0.0786472	0.0414367	-0.142242	-0.156843	-0.0675053	-0.0217388	-0.136037	-0.0354213	-0.160744	0.0194015	0.000518635	-0.185723	-0.101862
700000.0003	-0.112408	-0.037112	0.129767	-0.0504253	0.00427372	-0.0107082	0.0365152	0.133909	-0.0128673	-0.221947	0.0990169	0.171143	0.000263524	0.137599	-0.138313
700000.0003	0.0870873	-0.00515456	0.0359631	0.102913	-0.0285331	0.120174	0.0178578	0.00936586	0.0752267	0.0643567	0.0944537	-0.0736366	-0.00213374	0.0178041	-0.010707
700000.0003	-0.0450052	-6.49503e-05	-0.187201	-0.182762	0.107129	-0.0594034	0.242937	0.0717575	-0.0119734	0.0670632	0.0476519	0.172488	0.236867	0.00519631	0.00276027
700000.0003	-0.124757	0.00432417	0.0614822	-0.00742775	0.00803708	-0.0455073	0.10524	0.0509466	-0.0126766	-0.110458	-0.072109	0.0514835	-0.135954	-0.0581237	0.0150669
700000.0003	-0.0622959	0.0698297	0.161867	-0.048475	-0.141191	-0.00186754	0.0870665	-0.173715	-0.127272	0.0469025	0.0154607	-0.140744	0.044218	-0.0559503	-0.0917843
700000.0003	-0.343281	0.376927	0.0718951	-0.149675	0.175891	-0.110775	0.00468261	-0.0514138	0.113144	-0.115162	-0.0280937	0.0301279	-0.195071	0.00592373	0.00627144
700000.0003	-0.145614	-0.114526	0.0363398	-0.0250532	-0.138199	-0.00196935	0.0191807	-0.106539	0.0471636	-0.140345	0.0406461	-0.0284463	-0.00709347	0.107661	0.0281241
700000.0003	0.263914	-0.0129805	0.0986907	-0.0535922	0.095117	0.0370696	-0.0252685	-0.193577	-0.0670965	-0.059954	0.0407216	0.0624391	-0.0276952	-0.263918	-0.138294
700000.0003	-0.0213451	0.0234954	-0.0954928	-0.0743475	-0.327653	-0.190738	0.107183	0.181565	-0.0361461	0.00437766	0.306117	0.128552	0.0884244	-0.246787	0.0429936
700000.0003	-0.119463	0.21406	0.189573	0.185085	0.00501315	0.0834217	-0.15984	0.0658149	0.0617577	-0.0424693	-0.121874	0.302378	-0.0163917	-0.0116496	0.0589051
700000.0003	-0.1093	0.27278	0.0836253	-0.0880957	0.232389	0.0762445	-0.0138414	-0.185457	-0.258831	-0.0127086	-0.0720796	-0.0179392	-0.119891	-0.112299	0.113365
700000.0003	0.227732	-0.121001	0.255556	-0.0154024	-0.038449	0.190126	-0.3192	0.103494	0.219745	-0.0460483	-0.151626	0.145177	-0.302409	0.143751	-0.364017
700000.0003	-0.0399764	-0.00326904	0.373093	-0.132457	0.22191	0.0929706	-0.285982	0.111553	0.421284	0.0224893	0.127414	-0.0153722	0.520508	-0.295454	0.106733
700000.0003	-0.0447314	-0.244366	-0.384689	-0.0580357	-0.145483	-0.317291	0.376952	-0.0224519	-0.159358	0.354691	-0.549163	0.00804552	-0.418079	0.348229	0.151311
700000.0003	0.295963	0.319054	-0.613828	0.14407	-1.24343	-0.328824	-0.254046	-0.882108	0.312908	-0.57334	0.586274	0.0124278	0.584595	-0.470022	0.706346
700000.0003	-0.390195	-0.0973194	1.52174	-0.474409	0.12918	-1.56843	0.513948	1.00855	0.0325998	1.48621	-0.663529	-0.0940958	-0.93927	0.238653	0.748087
700000.0003	-0.102767	1.39731	-0.257266	0.503326	-0.973237	0.576842	1.2565	1.30891	0.276847	-0.599404	0.416765	-0.787243	0.958473	0.722389	0.862907
700000.0003	0.538734	0.239996	-0.826512	0.396785	-0.722815	-0.147723	1.95348	0.40867	0.608293	1.74776	1.39898	0.754053	-0.378512	1.10271	0.981593
700000.0003	1.26085	-0.931492	-0.476452	-0.397364	0.929309	-0.204725	0.291558	1.6088	1.09469	0.814771	0.169046	1.24875	0.746456	1.30474	0.767007
700000.0003	-0.973146	0.220254	0.498479	0.75173	-0.206767	-0.669258	-0.402894	1.32868	1.18953	0.275271	0.817031	2.21499	1.78728	1.16747	-0.158194
700000.0003	1.02447	0.0652549	-0.626262	-1.20272	-0.0707615	-0.506207	0.0284925	0.602505	1.85529	0.881548	0.756994	1.06133	1.16439	0.799499	-0.103866
700000.0003	-0.178141	-0.499048	-0.176895	-0.579724	-0.14791	0.231439	0.235653	0.961755	0.889573	1.16122	1.18943	0.853385	1.41539	0.425877	0.35363
700000.0003	0.379489	0.774403	-0.733551	-1.48437	-0.393806	1.76438	0.503009	0.4483	0.771102	1.04605	0.755621	0.847394	0.609773	0.707423	0.187895
700000.0003	-0.33002	-0.293179	0.154379	-0.589286	-0.120924	0.404226	1.27774	0.434718	0.132502	0.714289	0.867758	-0.0963853	0.407279	1.06535	-0.334847
700000.0003	-0.0272605	0.00860477	0.495322	-0.175355	-0.133072	-0.581669	0.665027	1.55387	0.618963	-0.0075212	0.317697	-0.0468147	-0.8006	-0.998943	-0.0296386
700000.0003	-0.229425	0.171727	-0.910328	-0.369683	-0.101579	0.522848	1.47671	0.619511	0.367804	0.492705	0.313785	0.330911	-0.391633	-0.640661	-0.435855
700000.0003	-0.203119	-1.273	-0.0545532	-0.32382	0.20942	-0.404654	0.616642	2.30437	0.911222	-0.271023	0.664682	0.0865867	-0.833118	-1.35975	-1.12167
700000.0003	-0.561332	0.100154	-0.519633	-0.278375	-0.135579	-0.111285	0.622042	-0.062494	0.87944	1.20738	0.539538	0.344545	-1.24097	-0.802584	-0.356656
700000.0003	-0.890379	0.116013	0.213364	-0.273379	0.649812	0.34222	0.518438	-1.17044	0.835756	1.31685	0.651339	-0.855122	-0.149806	-0.249136	-0.267065
700000.0003	2909.8	2909.43	2909.02	2908.18	2909.2	2908.13	2910.68	2909.38	2910.08	2910.55	2912.99	2910.08	2911.44	2909.15	2909.26
700000.0003	1606.64	1608.84	1607.98	1609.44	1606.41	1609.77	1608.04	1609.6	1606.18	1607.7	1609.1	1610.86	1608.21	1609.65	1609.67
700000.0003	174.078	174.412	175.429	174.547	174.027	173.656	174.079	173.567	172.831	174.089	174.527	173.797	172.96	174.475	174.229
700000.0003	28.3181	28.1501	28.1729	28.5063	28.8211	28.1193	27.7157	28.0971	27.9449	28.7735	28.0836	28.7345	28.555	28.1177	28.2384
700000.0003	17.7548	17.8847	18.6124	18.4175	17.8855	18.4028	18.4193	18.2215	18.2281	17.5876	18.3649	18.3344	18.1459	18.3674	18.2649
700000.0003	16.2974	16.404	15.8695	16.1053	15.9087	16.1885	16.2242	16.0446	16.0335	16.2455	16.028	15.9506	16.3661	15.9662	15.9344
700000.0003	14.9247	15.0696	15.0271	14.9799	15.0714	14.7537	15.1818	15.1889	15.2501	15.0847	14.665	15.0097	15.191	14.7256	14.9833
700000.0003	14.6744	14.663	14.4072	14.2769	14.6136	14.2615	14.3972	14.5095	14.3463	14.1098	14.1442	13.9784	14.1652	14.3742	14.6435
700000.0003	13.7293	13.8402	13.6388	13.9259	13.6675	13.3587	13.8718	13.9424	14.0135	13.9742	13.8653	13.9275	14.0178	13.8844	14.1213
700000.0003	13.2932	13.6249	13.4993	13.7169	13.8465	13.9338	13.8023	13.2753	13.583	13.6528	13.4532	13.742	13.4531	13.647	13.7467
700000.0003	13.5843	13.2522	13.622	13.5033	13.1582	13.3884	13.5299	13.7022	13.8048	13.4106	13.5009	13.1633	13.4001	13.3122	13.6485
700000.0003	13.7264	13.385	13.3946	13.3594	13.5183	13.2726	13.2391	13.4934	13.4763	13.2644	13.4799	13.348	13.5979	13.5316	13.299
700000.0003	13.2836	13.4432	13.6523	13.2084	13.371	13.4856	13.3067	13.5343	13.4563	13.1885	13.0884	13.0596	13.4108	13.3936	13.4985
700000.0003	13.7454	13.3364	12.9915	13.2108	13.2786	13.2411	13.0359	13.3065	13.2022	13.2648	12.8972	13.0789	13.2271	13.1473	13.4044
700000.0003	13.3401	13.0396	13.3274	13.3096	13.3682	13.3754	13.4756	13.2898	13.2132	13.8886	13.3768	13.5645	13.4968	13.0779	13.6634
700000.0003	13.5088	14.0642	13.8047	14.0662	14.2297	13.8363	14.1384	14.1698	13.9075	13.9933	13.9793	14.0761	13.6805	13.9974	14.0275
700000.0003	14.9208	14.967	15.3	14.9796	14.9555	14.9291	15.0175	15.2586	15.0378	14.8534	15.0983	15.1637	14.6773	15.101	15.2763
700000.0003	16.8089	16.5769	17.1773	16.6382	17.0643	17.0286	17.3778	17.0624	16.6865	16.7678	16.8034	16.8921	16.982	17.159	16.9232
700000.0003	19.602	19.5188	19.6934	19.443	19.5466	19.9255	19.721	19.6358	20.0408	19.9817	19.7498	19.7771	19.7244	19.9552	19.9165
700000.0003	23.7964	23.7413	23.4752	23.3937	23.8648	23.4458	23.5964	24.0462	23.8465	24.2518	23.838	24.0377	24.3475	24.2692	24.1269
700000.0003	30.6633	30.2439	29.7867	30.5246	30.2301	30.086	29.6573	30.3455	30.73	30.6071	30.7012	30.5435	30.6908	30.4789	30.9511
700000.0003	41.8194	41.3532	41.731	41.1663	41.7444	41.0075	42.0837	41.4059	41.2688	41.5786	41.8125	41.7121	41.1067	41.1355	41.794
700000.0003	65.8934	66.3093	66.0877	66.0028	65.58	66.4791	66.2703	65.6966	66.4589	66.4437	66.2781	66.32	66.3826	66.9041	65.8622
700000.0003	152.428	152.782	152.818	152.885	152.494	153.406	152.949	152.444	152.599	152.551	152.619	152.392	152.93	153.03	153.062
700000.0003	520.238	521.113	518.694	521.61	521.659	520.517	521.278	520.909	521.515	520.32	519.824	519.612	519.847	521.771	519.584
700000.0003	1364.17	1363.06	1364.73	1365.3	1364.13	1367.36	1365.35	1364.1	1363.28	1364.64	1366.16	1366.47	1364.64	1362.79	1363.04
700000.0003	2155.4	2157.68	2152.8	2154.81	2157.67	2158.68	2157.57	2157.79	2155.05	2155.31	2154.23	2156.39	2155.19	2155.77	2153.55
700000.0003	2585.43	2582.56	2585.69	2584.59	2585.22	2585.91	2588.41	2585.9	2586.38	2587.34	2586.62	2585.23	2587.54	2584.58	2585.51
700000.0003	2777.23	2778.21	2779.42	2776.33	2778.42	2776.48	2777.46	2778.37	2778.55	2777.82	2777.28	2777.43	2776.46	2775.76	2775.42
700000.0003	2862.74	2866.73	2862.37	2862.13	2862.04	2863.88	2863.63	2863.64	2863.76	2862.39	2865.71	2864.1	2864.91	2861.94	2863.29
700000.0003	2903.18	2900.92	2902.12	2902.15	2901.68	2903.64	2903.64	2902.23	2903.09	2902.55	2904.46	2903.12	2901.46	2901.04	2904.59
700000.0003	2927.91	2926.75	2928.57	2930.7	2930.79	2928.52	2925.63	2930.16	2928.33	2930.06	2924.95	2927.85	2927.28	2929.43	2929.79
700000.0003	2952.96	2950.63	2949.93	2951.68	2950.05	2946.93	2948.82	2948.7	2947.28	2947.59	2949.41	2951.14	2951.62	2951.27	2947.71
700000.0003	2968.75	2969.26	2966.88	2965.05	2965.82	2969.96	2968.65	2967.59	2968.17	2967.53	2969.2	2970.39	2968.98	2969.5	2968.4
700000.0003	2985.75	2986.35	2985.78	2985.78	2986.07	2986.56	2987.87	2984.66	2987.97	2986.96	2987.64	2986.55	2985.42	2987.23	2985.77
700000.0003	3003.91	3005.32	3004.53	3003.81	3005.99	3005.01	3004.43	3005.4	3003.58	3002.78	3002.84	3002.16	3003.96	3003.27	3006.18
700000.0003	3020.51	3021.33	3022.11	3021.47	3022.41	3018.88	3021.7	3020.07	3019.74	3022.04	3020.93	3019.89	3022.1	3022.08	3021.21
700000.0003	3041.74	3040.74	3040.5	3040.35	3039.15	3041.23	3042.37	3042.27	3041.45	3039.81	3042.34	3043.18	3042.07	3042.75	3042.56
700000.0003	3068.43	3068.73	3069.1	3071.3	3067.74	3068.65	3066.67	3068.48	3066.82	3069.03	3068.16	3066.67	3068.51	3068.22	3068.35
700000.0003	3085.18	3082.72	3083.91	3081.7	3084.55	3084.71	3082.35	3081.97	3084.94	3085.04	3082.38	3085.35	3082.29	3083.25	3082.3
