700000.0003	0.0260668
700000.0003	0.0359812
700000.0003	0.0528147
700000.0003	0.0806134
700000.0003	0.124385
700000.0003	0.187979
700000.0003	0.27958
700000.0003	0.398724
700000.0003	0.552611
700000.0003	0.747438
700000.0003	0.984419
700000.0003	1.27192
700000.0003	1.59741
700000.0003	1.99209
700000.0003	2.41437
700000.0003	2.86656
700000.0003	3.34879
700000.0003	3.81652
700000.0003	4.29885
700000.0003	4.76239
700000.0003	5.19548
700000.0003	5.63921
700000.0003	6.03931
700000.0003	6.43597
700000.0003	6.82379
700000.0003	7.18237
700000.0003	7.58915
700000.0003	7.92763
700000.0003	8.25431
700000.0003	8.47151
700000.0003	8.85312
700000.0003	9.09225
700000.0003	9.31744
700000.0003	9.54549
700000.0003	9.74211
700000.0003	9.93535
700000.0003	10.0382
700000.0003	10.0896
700000.0003	10.2142
700000.0003	10.2882
700000.0003	10.2688
700000.0003	10.2694
700000.0003	10.2178
700000.0003	10.2731
700000.0003	10.2731
700000.0003	10.2683
700000.0003	10.298
700000.0003	10.2627
700000.0003	10.3236
700000.0003	10.2751
700000.0003	10.2659
700000.0003	10.2659
700000.0003	10.2365
700000.0003	10.2668
700000.0003	10.2518
700000.0003	10.2361
700000.0003	10.2841
700000.0003	10.3155
700000.0003	10.2712
700000.0003	10.33
700000.0003	10.2929
700000.0003	10.2969
700000.0003	10.325
700000.0003	10.3133
700000.0003	10.3294
700000.0003	10.3331
700000.0003	10.2958
700000.0003	10.2976
700000.0003	10.3583
700000.0003	10.3197
700000.0003	10.3246
700000.0003	10.2749
700000.0003	10.3391
700000.0003	10.4401
700000.0003	10.2934
700000.0003	10.3328
700000.0003	10.2834
700000.0003	10.3937
700000.0003	10.2765
700000.0003	10.3813
700000.0003	10.3263
700000.0003	10.3086
700000.0003	10.3487
700000.0003	10.3477
700000.0003	10.2924
700000.0003	10.3292
700000.0003	10.3583
700000.0003	10.4141
700000.0003	10.3391
700000.0003	10.3652
700000.0003	10.4007
700000.0003	10.4753
700000.0003	10.4831
700000.0003	10.3547
700000.0003	10.3638
700000.0003	10.3031
700000.0003	10.4719
700000.0003	10.4487
700000.0003	10.435
700000.0003	10.3781
700000.0003	10.3261
700000.0003	10.4065
700000.0003	10.3896
700000.0003	10.4452
700000.0003	10.3626
700000.0003	10.4366
700000.0003	10.3378
700000.0003	10.4277
700000.0003	10.4284
700000.0003	10.4647
700000.0003	10.4621
700000.0003	10.3657
700000.0003	10.4532
700000.0003	10.4644
700000.0003	10.4858
700000.0003	10.3714
700000.0003	10.4105
700000.0003	10.4071
700000.0003	10.4212
700000.0003	10.3642
700000.0003	10.468
700000.0003	10.3883
700000.0003	10.4614
700000.0003	10.4214
700000.0003	10.5017
700000.0003	10.448
700000.0003	10.4261
700000.0003	10.4582
700000.0003	10.4307
700000.0003	10.4082
700000.0003	10.4441
700000.0003	10.4199
700000.0003	10.4705
700000.0003	10.4874
700000.0003	10.4577
700000.0003	10.5395
700000.0003	10.4082
700000.0003	10.4346
700000.0003	10.4368
700000.0003	10.5149
700000.0003	10.4372
700000.0003	10.4386
700000.0003	10.4375
700000.0003	10.4715
700000.0003	10.5052
700000.0003	10.4015
700000.0003	10.4327
700000.0003	10.4397
700000.0003	10.4556
700000.0003	10.4429
700000.0003	10.289
700000.0003	10.3534
700000.0003	10.2908
700000.0003	10.3345
700000.0003	10.3046
700000.0003	10.2233
700000.0003	10.2439
700000.0003	10.2069
700000.0003	10.1413
700000.0003	10.0451
700000.0003	10.007
700000.0003	10.0176
700000.0003	9.92539
700000.0003	9.891
700000.0003	9.91122
700000.0003	9.78893
700000.0003	9.74112
700000.0003	9.72457
700000.0003	9.72167
700000.0003	9.65692
700000.0003	9.60944
700000.0003	9.52397
700000.0003	9.39405
700000.0003	9.37767
700000.0003	9.31216
700000.0003	9.25095
700000.0003	9.2058
700000.0003	9.13253
700000.0003	9.03916
700000.0003	8.92416
700000.0003	8.9438
700000.0003	8.88583
700000.0003	8.8039
700000.0003	8.66252
700000.0003	8.62486
700000.0003	8.56435
700000.0003	8.53526
700000.0003	8.3677
700000.0003	8.31882
700000.0003	8.23305
700000.0003	8.20985
700000.0003	8.09533
700000.0003	7.9801
700000.0003	7.87081
700000.0003	7.81946
700000.0003	7.72665
700000.0003	7.65168
700000.0003	7.57131
700000.0003	7.51639
700000.0003	7.42786
700000.0003	7.30266
700000.0003	7.17549
700000.0003	7.07756
700000.0003	7.01186
700000.0003	6.9611
700000.0003	6.89266
700000.0003	6.7574
700000.0003	6.65841
700000.0003	6.57973
700000.0003	6.46158
700000.0003	6.36947
700000.0003	6.29508
700000.0003	6.20686
700000.0003	6.09275
700000.0003	6.02292
700000.0003	5.90472
700000.0003	5.83555
700000.0003	5.72106
700000.0003	5.67238
700000.0003	5.54384
700000.0003	5.4351
700000.0003	5.34605
700000.0003	5.2486
700000.0003	5.1891
700000.0003	5.06129
700000.0003	4.9755
700000.0003	4.84432
700000.0003	4.76924
700000.0003	4.65794
700000.0003	4.56192
700000.0003	4.47636
700000.0003	4.37871
700000.0003	4.28634
700000.0003	4.17489
700000.0003	4.0718
700000.0003	3.99233
700000.0003	3.88196
700000.0003	3.76675
700000.0003	3.64473
700000.0003	3.5591
700000.0003	3.44302
700000.0003	3.33694
700000.0003	3.21479
700000.0003	3.10623
700000.0003	2.98735
700000.0003	2.85037
700000.0003	2.72417
700000.0003	2.60264
700000.0003	2.46401
700000.0003	2.32971
700000.0003	2.19454
700000.0003	2.06676
700000.0003	1.92596
700000.0003	1.79571
700000.0003	1.66792
700000.0003	1.53698
700000.0003	1.41505
700000.0003	1.29713
700000.0003	1.18397
700000.0003	1.0793
700000.0003	0.978088
700000.0003	0.884407
700000.0003	0.794572
700000.0003	0.709883
700000.0003	0.637055
700000.0003	0.562367
700000.0003	0.497047
700000.0003	0.4384
700000.0003	0.383976
700000.0003	0.334642
700000.0003	0.290908
700000.0003	0.252152
700000.0003	0.216511
700000.0003	0.185325
700000.0003	0.158211
700000.0003	0.135243
700000.0003	0.11438
700000.0003	0.0969908
700000.0003	0.0814606
700000.0003	0.0684915
700000.0003	0.0580828
700000.0003	0.048842
700000.0003	0.0410633
700000.0003	0.0346267
700000.0003	0.0293888
700000.0003	0.0248193
700000.0003	0.021035
700000.0003	0.017952
700000.0003	0.0154241
700000.0003	0.013478
700000.0003	0.0116584
700000.0003	0.0102806
700000.0003	0.00896147
700000.0003	0.00811482
700000.0003	0.00731154
700000.0003	0.00671789
700000.0003	0.00621619
700000.0003	0.00583505
700000.0003	0.00562494
700000.0003	0.00535098
700000.0003	0.00526209
700000.0003	0.00513877
700000.0003	0.00513888
700000.0003	0.00492564
700000.0003	0.00484399
700000.0003	0.00487849
700000.0003	0.00475016
700000.0003	0.00469109
700000.0003	0.00470445
700000.0003	0.00465132
700000.0003	0.00460956
700000.0003	0.00458496
700000.0003	0.00446499
700000.0003	0.00441436
700000.0003	0.00443304
700000.0003	0.00434007
700000.0003	0.00436214
700000.0003	0.00441769
700000.0003	0.00428852
700000.0003	0.00429169
700000.0003	0.00423174
700000.0003	0.00421839
700000.0003	0.00422985
700000.0003	0.00422732
700000.0003	0.00420069
700000.0003	0.00418638
700000.0003	0.00421976
700000.0003	0.00422304
700000.0003	0.00416317
700000.0003	0.00415254
700000.0003	0.00409664
700000.0003	0.00411537
700000.0003	0.00420446
700000.0003	0.00411537
700000.0003	0.00416521
700000.0003	0.0041351
700000.0003	0.00417536
700000.0003	0.00411978
700000.0003	0.00417378
700000.0003	0.00411086
700000.0003	0.00412497
700000.0003	0.0041529
700000.0003	0.00410766
700000.0003	0.0041247
700000.0003	0.00413168
700000.0003	0.00413363
700000.0003	0.00418351
700000.0003	0.00416602
700000.0003	0.00424754
700000.0003	0.00417825
700000.0003	0.00422962
700000.0003	0.0042188
700000.0003	0.00423529
700000.0003	0.00424371
700000.0003	0.00426099
700000.0003	0.00429823
700000.0003	0.0042593
700000.0003	0.00435368
700000.0003	0.00430578
700000.0003	0.00437939
700000.0003	0.00439846
700000.0003	0.00434474
700000.0003	0.00436561
700000.0003	0.00444263
700000.0003	0.00448874
700000.0003	0.00446743
700000.0003	0.00449572
700000.0003	0.00454089
700000.0003	0.00464937
700000.0003	0.00466638
700000.0003	0.0047398
700000.0003	0.00472684
700000.0003	0.0048144
700000.0003	0.00494352
700000.0003	0.0050012
700000.0003	0.00504243
700000.0003	0.00513959
700000.0003	0.0052139
700000.0003	0.0053771
700000.0003	0.00537089
700000.0003	0.00553884
700000.0003	0.00567602
700000.0003	0.00587381
700000.0003	0.00600703
700000.0003	0.0060819
700000.0003	0.00639669
700000.0003	0.0067343
700000.0003	0.00708689
700000.0003	0.0071689
700000.0003	0.00757288
700000.0003	0.00790477
700000.0003	0.00844556
700000.0003	0.00909807
700000.0003	0.00984489
700000.0003	0.0108207
700000.0003	0.0121914
700000.0003	0.0132624
700000.0003	0.0156516
700000.0003	0.0180006
700000.0003	0.0216773
700000.0003	1.81538e-05
700000.0003	-4.55924e-05
700000.0003	-0.000155454
700000.0003	0.000492369
700000.0003	0.000298114
700000.0003	0.000132729
700000.0003	0.00116173
700000.0003	-0.0017697
700000.0003	-0.00363577
700000.0003	-0.00164211
700000.0003	0.00171852
700000.0003	0.00466462
700000.0003	0.00102305
700000.0003	0.00103548
700000.0003	-0.00261055
700000.0003	0.00791779
700000.0003	-0.00243115
700000.0003	0.0217233
700000.0003	-0.00975071
700000.0003	-0.0127676
700000.0003	-0.00640985
700000.0003	-0.00173002
700000.0003	0.00153943
700000.0003	-0.0054584
700000.0003	-0.016825
700000.0003	0.0103293
700000.0003	-0.00981788
700000.0003	-0.0319237
700000.0003	0.0166244
700000.0003	0.0382755
700000.0003	-0.0320415
700000.0003	-0.0191672
700000.0003	-0.0415835
700000.0003	0.0077296
700000.0003	-0.0132355
700000.0003	0.029181
700000.0003	-0.00327659
700000.0003	0.0715712
700000.0003	-0.0229333
700000.0003	0.0108742
700000.0003	0.00447408
700000.0003	0.0248678
700000.0003	0.0201133
700000.0003	-0.00714135
700000.0003	0.0235911
700000.0003	0.000965422
700000.0003	-0.00731041
700000.0003	-0.018096
700000.0003	0.00975413
700000.0003	-0.0257469
700000.0003	0.0030839
700000.0003	-0.00609292
700000.0003	-0.0141048
700000.0003	-0.0133981
700000.0003	0.0336155
700000.0003	0.0310031
700000.0003	0.00511449
700000.0003	0.00904927
700000.0003	0.0050313
700000.0003	-0.00634272
700000.0003	-0.0270553
700000.0003	-0.0110473
700000.0003	0.0104141
700000.0003	-0.0283502
700000.0003	-0.037565
700000.0003	-0.0420176
700000.0003	-0.0412635
700000.0003	-0.0817698
700000.0003	0.00997716
700000.0003	0.0103813
700000.0003	-0.040443
700000.0003	-0.0158615
700000.0003	-0.00193183
700000.0003	-0.0230653
700000.0003	0.0289596
700000.0003	0.0116206
700000.0003	-0.0256792
700000.0003	0.0209634
700000.0003	0.0439821
700000.0003	-0.0326354
700000.0003	-0.00118588
700000.0003	0.0206274
700000.0003	-0.0292933
700000.0003	-0.0235619
700000.0003	-0.0298272
700000.0003	0.0167322
700000.0003	-0.000715332
700000.0003	0.00474569
700000.0003	0.00211893
700000.0003	-0.0673152
700000.0003	-0.0290916
700000.0003	0.0478555
700000.0003	-0.0265064
700000.0003	0.0186405
700000.0003	0.012239
700000.0003	0.0283101
700000.0003	-0.0324048
700000.0003	-0.00634719
700000.0003	0.0510237
700000.0003	0.00412336
700000.0003	-0.0144033
700000.0003	0.0444492
700000.0003	0.0231677
700000.0003	-0.016794
700000.0003	0.0140015
700000.0003	0.0563947
700000.0003	0.000738042
700000.0003	-0.0294965
700000.0003	0.00913166
700000.0003	-0.00948394
700000.0003	0.00293537
700000.0003	-0.0157058
700000.0003	-0.067379
700000.0003	0.0138604
700000.0003	0.0423716
700000.0003	0.0016409
700000.0003	0.0246785
700000.0003	-0.0064194
700000.0003	0.0341301
700000.0003	0.0235491
700000.0003	0.0214861
700000.0003	0.00121611
700000.0003	0.0417634
700000.0003	-0.00637021
700000.0003	-0.0273284
700000.0003	-0.00305819
700000.0003	0.00467818
700000.0003	-0.0116902
700000.0003	-0.0014305
700000.0003	0.0062167
700000.0003	-0.0350553
700000.0003	0.00509841
700000.0003	-0.0171817
700000.0003	0.00467104
700000.0003	-0.0249022
700000.0003	0.0245875
700000.0003	-0.0268114
700000.0003	0.0443728
700000.0003	0.0480145
700000.0003	-0.00177915
700000.0003	0.0283716
700000.0003	-0.0254978
700000.0003	0.032055
700000.0003	0.0271943
700000.0003	-0.0166324
700000.0003	0.0156702
700000.0003	0.00168799
700000.0003	0.019616
700000.0003	-0.0404234
700000.0003	-0.0305679
700000.0003	-0.0188026
700000.0003	0.00235853
700000.0003	0.0259307
700000.0003	-0.0322464
700000.0003	-0.0283666
700000.0003	0.0603222
700000.0003	0.0183978
700000.0003	-2.96732e-05
700000.0003	0.0451299
700000.0003	-0.025454
700000.0003	-0.0271861
700000.0003	-0.0145056
700000.0003	-0.0396181
700000.0003	0.0256579
700000.0003	-0.00246305
700000.0003	-0.00851162
700000.0003	0.00031078
700000.0003	0.0168796
700000.0003	0.0302591
700000.0003	-0.00198825
700000.0003	-0.0274902
700000.0003	-0.031603
700000.0003	-0.0488231
700000.0003	-0.0134185
700000.0003	0.00593096
700000.0003	0.0215986
700000.0003	0.0191335
700000.0003	-0.000252834
700000.0003	-0.0181951
700000.0003	-0.0108209
700000.0003	0.0367667
700000.0003	-0.00159459
700000.0003	0.00669778
700000.0003	0.0387813
700000.0003	-0.00431537
700000.0003	0.0247248
700000.0003	0.00760814
700000.0003	-0.00586703
700000.0003	0.0208443
700000.0003	0.0134924
700000.0003	0.00630639
700000.0003	0.0183174
700000.0003	0.00552156
700000.0003	-0.00651126
700000.0003	-0.0223248
700000.0003	0.00360604
700000.0003	-0.0066577
700000.0003	-0.0118968
700000.0003	0.00841681
700000.0003	0.0123783
700000.0003	-0.0134845
700000.0003	0.00695307
700000.0003	-0.0112301
700000.0003	-0.0130374
700000.0003	-0.010485
700000.0003	0.014635
700000.0003	-0.00440091
700000.0003	-0.0274483
700000.0003	0.00261952
700000.0003	0.0142167
700000.0003	0.0113097
700000.0003	-0.00444298
700000.0003	0.0143376
700000.0003	-0.0177422
700000.0003	0.0253113
700000.0003	0.0110514
700000.0003	0.00291138
700000.0003	-0.00371509
700000.0003	0.0161028
700000.0003	-0.0111718
700000.0003	-0.00154939
700000.0003	-0.000569695
700000.0003	-0.00208726
700000.0003	-0.0103527
700000.0003	-0.00365869
700000.0003	-0.00264788
700000.0003	0.00466612
700000.0003	0.0114683
700000.0003	-0.00558884
700000.0003	-0.00602442
700000.0003	-0.0016328
700000.0003	-0.00264538
700000.0003	-0.00543933
700000.0003	-0.00467743
700000.0003	0.00475482
700000.0003	0.00685201
700000.0003	-0.00757014
700000.0003	-0.00126546
700000.0003	-0.00302186
700000.0003	0.00336688
700000.0003	0.00580044
700000.0003	-0.000824667
700000.0003	-0.000236333
700000.0003	-0.00419568
700000.0003	0.00477416
700000.0003	0.00630494
700000.0003	-0.00780635
700000.0003	0.00119588
700000.0003	-0.00299491
700000.0003	0.00704072
700000.0003	0.000639125
700000.0003	-0.00060575
700000.0003	0.00167322
700000.0003	0.00511773
700000.0003	-0.000546116
700000.0003	-0.00216936
700000.0003	0.00272637
700000.0003	0.00535973
700000.0003	0.000150924
700000.0003	0.0013253
700000.0003	0.00326984
700000.0003	-0.000177959
700000.0003	-0.00235925
700000.0003	0.00236088
700000.0003	2.95992e-06
700000.0003	-0.00139262
700000.0003	0.000864178
700000.0003	0.000157026
700000.0003	1.64907e-06
700000.0003	-7.77552e-05
700000.0003	-0.000707972
700000.0003	0.000988502
700000.0003	-0.000676109
700000.0003	0.000371002
700000.0003	0.000581844
700000.0003	0.000185783
700000.0003	2.99844e-05
700000.0003	-0.000785806
700000.0003	4.4116e-05
700000.0003	-0.000131456
700000.0003	0.000323476
700000.0003	0.00038666
700000.0003	0.000147362
700000.0003	0.000391088
700000.0003	-1.22396e-05
700000.0003	6.17372e-06
700000.0003	-9.78141e-05
700000.0003	-9.68632e-05
700000.0003	0.000185963
700000.0003	-8.75552e-05
700000.0003	-3.96572e-05
700000.0003	-8.96427e-05
700000.0003	-3.45738e-05
700000.0003	5.4465e-05
700000.0003	7.35564e-05
700000.0003	-8.44907e-05
700000.0003	-7.63625e-06
700000.0003	2.02098e-05
700000.0003	6.40359e-05
700000.0003	-8.79332e-05
700000.0003	-2.77121e-05
700000.0003	3.15264e-05
700000.0003	-4.8888e-05
700000.0003	-1.49254e-05
700000.0003	-8.49944e-05
700000.0003	1.46999e-05
700000.0003	1.5502e-05
700000.0003	5.97047e-05
700000.0003	-4.26796e-06
700000.0003	1.62977e-05
700000.0003	-9.36091e-06
700000.0003	7.13728e-05
700000.0003	-5.36517e-05
700000.0003	2.10407e-05
700000.0003	-4.06491e-06
700000.0003	-5.09248e-05
700000.0003	-2.29234e-05
700000.0003	1.0166e-06
700000.0003	-2.22331e-07
700000.0003	-1.21337e-05
700000.0003	8.70538e-06
700000.0003	1.46081e-05
700000.0003	-4.87083e-06
700000.0003	-3.0117e-05
700000.0003	1.59946e-05
700000.0003	-1.5773e-05
700000.0003	-8.01787e-06
700000.0003	-5.32298e-06
700000.0003	9.22785e-05
700000.0003	4.71806e-06
700000.0003	4.55847e-06
700000.0003	-7.25418e-05
700000.0003	6.06456e-05
700000.0003	-2.84005e-05
700000.0003	4.01405e-06
700000.0003	2.36085e-05
700000.0003	-1.51009e-05
700000.0003	2.33302e-05
700000.0003	3.72249e-05
700000.0003	-2.19085e-05
700000.0003	-3.13773e-05
700000.0003	3.81371e-06
700000.0003	5.45855e-06
700000.0003	5.19995e-05
700000.0003	-1.27238e-05
700000.0003	6.53884e-06
700000.0003	-5.32032e-06
700000.0003	-6.39235e-05
700000.0003	-3.70325e-05
700000.0003	5.08635e-06
700000.0003	-4.09547e-05
700000.0003	-9.99672e-06
700000.0003	4.73015e-06
700000.0003	-4.65683e-05
700000.0003	2.14065e-05
700000.0003	-9.68558e-06
700000.0003	-1.50207e-05
700000.0003	2.4936e-06
700000.0003	-5.6875e-05
700000.0003	-6.83501e-06
700000.0003	-2.7764e-05
700000.0003	-1.66245e-05
700000.0003	1.44914e-05
700000.0003	-3.28166e-05
700000.0003	-4.05671e-06
700000.0003	-2.25525e-05
700000.0003	1.26483e-05
700000.0003	-9.72511e-06
700000.0003	2.16651e-05
700000.0003	3.92115e-06
700000.0003	-4.76276e-05
700000.0003	-1.36012e-05
700000.0003	-7.75887e-06
700000.0003	1.80726e-05
700000.0003	-1.48361e-05
700000.0003	-2.67325e-06
700000.0003	-5.18286e-05
700000.0003	1.61643e-05
700000.0003	-1.82334e-05
700000.0003	2.07345e-05
700000.0003	-6.09824e-05
700000.0003	3.22254e-06
700000.0003	-2.58628e-05
700000.0003	0.000175767
700000.0003	-3.96067e-05
700000.0003	2.56946e-05
700000.0003	-4.89062e-05
700000.0003	-5.39328e-05
700000.0003	6.49918e-05
700000.0003	-3.98247e-05
700000.0003	1.38752e-05
700000.0003	5.83496e-05
700000.0003	-0.000100236
700000.0003	-2.19064e-05
700000.0003	-6.3074e-05
700000.0003	-0.000106735
700000.0003	-6.15971e-06
700000.0003	-0.000222949
700000.0003	0.00016738
700000.0003	0.000167207
700000.0003	0.000286492
700000.0003	-1.70806e-05
700000.0003	-0.000222936
700000.0003	-0.000391512
700000.0003	0.000285505
700000.0003	0.000296226
700000.0003	0.000400004
700000.0003	-0.00221129
700000.0003	0.000311937
700000.0003	-0.00193679
700000.0003	0.00585447
700000.0003	-0.00128806
700000.0003	-0.00363815
700000.0003	0.000838509
700000.0003	0.00710408
700000.0003	-0.000608335
700000.0003	-0.0173186
700000.0003	-0.00257104
700000.0003	0.00518828
700000.0003	-0.0262197
700000.0003	-0.0136571
700000.0003	-0.00793045
700000.0003	-0.00373927
700000.0003	0.00977014
700000.0003	-0.0274378
700000.0003	0.00748216
700000.0003	0.0207899
700000.0003	-0.0182099
700000.0003	0.0197445
700000.0003	0.0172653
700000.0003	-0.0435847
700000.0003	-0.0202491
700000.0003	-0.0319495
700000.0003	0.000536165
700000.0003	-0.0356654
700000.0003	0.0552518
700000.0003	-0.0208394
700000.0003	0.0597178
700000.0003	-0.0116801
700000.0003	-0.0111955
700000.0003	0.00440047
700000.0003	0.014416
700000.0003	0.0130714
700000.0003	0.000336297
700000.0003	0.0203984
700000.0003	0.0189259
700000.0003	-0.00321036
700000.0003	-0.00864456
700000.0003	0.0225804
700000.0003	-0.0336103
700000.0003	0.0123372
700000.0003	-0.020031
700000.0003	-0.0236906
700000.0003	-0.0356837
700000.0003	0.0298857
700000.0003	0.030498
700000.0003	0.0112853
700000.0003	0.0109329
700000.0003	0.0110738
700000.0003	-0.00486702
700000.0003	-0.0272471
700000.0003	-0.0111499
700000.0003	0.00713349
700000.0003	-0.0274528
700000.0003	-0.0174796
700000.0003	-0.0393366
700000.0003	-0.0350946
700000.0003	-0.0794464
700000.0003	0.00189275
700000.0003	0.00508905
700000.0003	-0.0326252
700000.0003	-0.00510333
700000.0003	0.00536644
700000.0003	-0.0118651
700000.0003	0.0286493
700000.0003	-5.00005e-05
700000.0003	-0.0259537
700000.0003	0.0211387
700000.0003	0.0440819
700000.0003	-0.015893
700000.0003	-0.0061755
700000.0003	0.0234765
700000.0003	-0.0109437
700000.0003	-0.0330828
700000.0003	-0.00432043
700000.0003	0.0186072
700000.0003	-0.000809418
700000.0003	0.00493152
700000.0003	0.00667933
700000.0003	-0.0548473
700000.0003	-0.0160104
700000.0003	0.0582622
700000.0003	-0.0269607
700000.0003	0.0114053
700000.0003	0.00786345
700000.0003	0.0185651
700000.0003	-0.0213698
700000.0003	0.0120978
700000.0003	0.0501262
700000.0003	0.00938686
700000.0003	-0.0185104
700000.0003	0.0522407
700000.0003	0.0232133
700000.0003	-0.0111737
700000.0003	0.00301079
700000.0003	0.049844
700000.0003	0.00542962
700000.0003	-0.0143808
700000.0003	0.0147374
700000.0003	-0.0356187
700000.0003	0.0140395
700000.0003	-0.0173359
700000.0003	-0.0861656
700000.0003	0.0130518
700000.0003	0.0263497
700000.0003	-0.0142157
700000.0003	0.0226443
700000.0003	0.00834153
700000.0003	0.0149788
700000.0003	0.0320289
700000.0003	0.0176603
700000.0003	0.0018416
700000.0003	0.0427885
700000.0003	0.00224657
700000.0003	-0.0271953
700000.0003	-0.0020452
700000.0003	0.00521191
700000.0003	-0.0113408
700000.0003	-0.00310528
700000.0003	0.0082916
700000.0003	-0.0267031
700000.0003	0.00622488
700000.0003	-0.0103545
700000.0003	-0.00188096
700000.0003	-0.0206133
700000.0003	0.0428368
700000.0003	-0.020826
700000.0003	0.0633985
700000.0003	0.0435321
700000.0003	0.00230135
700000.0003	0.0340929
700000.0003	-0.0234826
700000.0003	0.0230301
700000.0003	0.0133399
700000.0003	-0.0171761
700000.0003	0.02174
700000.0003	0.00762263
700000.0003	0.0283288
700000.0003	-0.0313858
700000.0003	-0.026702
700000.0003	-0.00830143
700000.0003	0.0285249
700000.0003	0.0110526
700000.0003	-0.0276249
700000.0003	-0.019927
700000.0003	0.0439284
700000.0003	0.00867378
700000.0003	0.015602
700000.0003	0.0539545
700000.0003	-0.0189155
700000.0003	-0.0466969
700000.0003	-0.0298671
700000.0003	-0.0491818
700000.0003	0.0211774
700000.0003	-0.00321685
700000.0003	-0.00338868
700000.0003	0.00877702
700000.0003	0.0241551
700000.0003	0.0219264
700000.0003	-0.0038694
700000.0003	-0.0293245
700000.0003	-0.0196578
700000.0003	-0.0466798
700000.0003	-0.017223
700000.0003	0.00370664
700000.0003	0.0211581
700000.0003	0.0184371
700000.0003	0.01438
700000.0003	-0.0205177
700000.0003	-0.00768164
700000.0003	0.0416252
700000.0003	0.0053274
700000.0003	0.014989
700000.0003	0.0413397
700000.0003	-0.0087459
700000.0003	0.0240992
700000.0003	0.0100711
700000.0003	-0.0142507
700000.0003	0.0163969
700000.0003	0.0144285
700000.0003	0.00384165
700000.0003	0.018739
700000.0003	-0.0031622
700000.0003	-0.00927098
700000.0003	-0.00859888
700000.0003	-0.00793641
700000.0003	-0.00937439
700000.0003	-0.0153212
700000.0003	0.00473161
700000.0003	0.00751519
700000.0003	-0.0133318
700000.0003	-0.0098202
700000.0003	-0.00264544
700000.0003	-0.014003
700000.0003	-0.0126087
700000.0003	0.0184644
700000.0003	0.00197658
700000.0003	-0.0228397
700000.0003	0.0114885
700000.0003	0.0103993
700000.0003	-0.00569184
700000.0003	-0.0105187
700000.0003	0.00832501
700000.0003	-0.0149305
700000.0003	0.0155962
700000.0003	0.00771856
700000.0003	0.0148053
700000.0003	-0.00454997
700000.0003	0.0183369
700000.0003	-0.012939
700000.0003	0.00683915
700000.0003	-0.000815811
700000.0003	0.00148674
700000.0003	-0.0103074
700000.0003	-0.00663287
700000.0003	0.00642482
700000.0003	-0.00283633
700000.0003	0.00573609
700000.0003	-0.00847322
700000.0003	-0.00156658
700000.0003	-0.00569136
700000.0003	-0.0015635
700000.0003	-0.00560421
700000.0003	-0.00277581
700000.0003	-0.00217806
700000.0003	0.0144505
700000.0003	-0.00474724
700000.0003	-0.000182025
700000.0003	-0.0102329
700000.0003	-0.00242829
700000.0003	-0.00116978
700000.0003	-0.00355838
700000.0003	0.00136318
700000.0003	-0.00485961
700000.0003	0.000408009
700000.0003	0.00222261
700000.0003	-0.00523126
700000.0003	0.00171053
700000.0003	0.0017115
700000.0003	0.00332695
700000.0003	0.00236686
700000.0003	-0.00476988
700000.0003	0.00635597
700000.0003	0.00273557
700000.0003	-0.00295067
700000.0003	-0.00054522
700000.0003	-0.00114309
700000.0003	0.00330616
700000.0003	0.00149802
700000.0003	0.00154377
700000.0003	-0.00413077
700000.0003	-0.0018937
700000.0003	0.00234533
700000.0003	-0.00146019
700000.0003	-0.000627869
700000.0003	-0.00344357
700000.0003	-0.0013239
700000.0003	-0.00129709
700000.0003	0.00072838
700000.0003	-0.000344438
700000.0003	-0.000904871
700000.0003	-0.00125618
700000.0003	-0.000254011
700000.0003	0.0008151
700000.0003	-0.000445418
700000.0003	-0.000226318
700000.0003	-0.000796801
700000.0003	0.000712753
700000.0003	0.000671031
700000.0003	0.000271704
700000.0003	0.000328329
700000.0003	-0.000269492
700000.0003	-7.92354e-05
700000.0003	8.64363e-05
700000.0003	-0.000135171
700000.0003	-0.000204735
700000.0003	-0.000128357
700000.0003	5.63265e-05
700000.0003	-5.92531e-05
700000.0003	-0.000118046
700000.0003	1.18632e-05
700000.0003	0.000184148
700000.0003	5.04396e-05
700000.0003	-4.41785e-05
700000.0003	2.815e-06
700000.0003	-6.72936e-06
700000.0003	-8.50017e-05
700000.0003	3.53138e-06
700000.0003	1.94941e-05
700000.0003	3.86595e-05
700000.0003	4.68651e-05
700000.0003	-4.78417e-06
700000.0003	2.2341e-05
700000.0003	1.16513e-06
700000.0003	-5.53154e-05
700000.0003	1.63688e-05
700000.0003	-3.73014e-05
700000.0003	9.86763e-05
700000.0003	1.96989e-05
700000.0003	1.0639e-05
700000.0003	4.68721e-05
700000.0003	-3.03601e-05
700000.0003	1.62551e-05
700000.0003	-7.77114e-05
700000.0003	-1.58884e-06
700000.0003	-7.91826e-07
700000.0003	-4.10545e-05
700000.0003	-4.16781e-05
700000.0003	-6.48141e-05
700000.0003	1.28122e-05
700000.0003	-3.23278e-05
700000.0003	1.02879e-05
700000.0003	4.282e-06
700000.0003	3.323e-05
700000.0003	1.69713e-05
700000.0003	1.61739e-05
700000.0003	7.51549e-05
700000.0003	3.29598e-06
700000.0003	2.96544e-05
700000.0003	-1.6444e-06
700000.0003	3.5461e-05
700000.0003	4.41086e-05
700000.0003	-1.90997e-05
700000.0003	-2.70547e-05
700000.0003	-2.23288e-05
700000.0003	5.07689e-05
700000.0003	4.25008e-05
700000.0003	1.47945e-05
700000.0003	-1.26076e-05
700000.0003	2.53968e-05
700000.0003	4.18349e-05
700000.0003	9.11525e-06
700000.0003	1.29451e-05
700000.0003	8.71569e-06
700000.0003	2.06107e-05
700000.0003	-4.46825e-05
700000.0003	-2.40047e-05
700000.0003	5.17213e-05
700000.0003	1.26949e-05
700000.0003	-1.89113e-05
700000.0003	-2.07395e-06
700000.0003	6.06237e-05
700000.0003	-5.39913e-06
700000.0003	1.51072e-05
700000.0003	1.65592e-06
700000.0003	-6.14165e-05
700000.0003	-1.13617e-06
700000.0003	-7.02667e-05
700000.0003	2.94532e-06
700000.0003	2.57511e-05
700000.0003	-4.14211e-05
700000.0003	-8.9333e-05
700000.0003	3.1965e-05
700000.0003	0.000109732
700000.0003	-5.82063e-05
700000.0003	1.22576e-05
700000.0003	-2.06008e-05
700000.0003	-3.38453e-05
700000.0003	-4.71156e-05
700000.0003	1.583e-05
700000.0003	6.81189e-05
700000.0003	-6.06302e-05
700000.0003	7.53934e-05
700000.0003	5.31805e-05
700000.0003	-0.000129641
700000.0003	-2.11876e-05
700000.0003	-6.36989e-05
700000.0003	-1.46915e-05
700000.0003	6.11533e-05
700000.0003	-9.24025e-07
700000.0003	5.9034e-05
700000.0003	-2.15623e-05
700000.0003	7.99207e-06
700000.0003	-0.000151454
700000.0003	4.77093e-05
700000.0003	7.67015e-05
700000.0003	-1.79117e-05
700000.0003	-0.000122746
700000.0003	1.60408e-05
700000.0003	-6.47575e-05
700000.0003	7.82477e-05
700000.0003	1.88336e-05
700000.0003	2.59577e-05
700000.0003	-0.000143256
700000.0003	1.70872e-06
700000.0003	0.000176228
700000.0003	1.73409e-05
700000.0003	-0.000157459
700000.0003	0.000154774
700000.0003	0.000273749
700000.0003	0.0179785
700000.0003	0.0238575
700000.0003	0.0366563
700000.0003	0.0604848
700000.0003	0.10191
700000.0003	0.167145
700000.0003	0.266396
700000.0003	0.410746
700000.0003	0.605967
700000.0003	0.87987
700000.0003	1.25069
700000.0003	1.7653
700000.0003	2.44611
700000.0003	3.34298
700000.0003	4.47045
700000.0003	5.84468
700000.0003	7.44436
700000.0003	9.26217
700000.0003	11.2528
700000.0003	13.3533
700000.0003	15.263
700000.0003	16.8893
700000.0003	18.2338
700000.0003	19.0653
700000.0003	19.5023
700000.0003	19.6795
700000.0003	19.6875
700000.0003	19.526
700000.0003	19.2482
700000.0003	19.1045
700000.0003	18.7572
700000.0003	18.5333
700000.0003	18.2684
700000.0003	17.9878
700000.0003	17.7562
700000.0003	17.5327
700000.0003	17.2188
700000.0003	16.9378
700000.0003	16.694
700000.0003	16.3556
700000.0003	15.8745
700000.0003	15.6275
700000.0003	15.4054
700000.0003	15.0999
700000.0003	14.8757
700000.0003	14.5949
700000.0003	14.4432
700000.0003	14.3044
700000.0003	14.0574
700000.0003	13.8566
700000.0003	13.7622
700000.0003	13.6787
700000.0003	13.4632
700000.0003	13.2381
700000.0003	13.1081
700000.0003	13.0564
700000.0003	12.9931
700000.0003	12.8166
700000.0003	12.7482
700000.0003	12.6392
700000.0003	12.5862
700000.0003	12.4465
700000.0003	12.3752
700000.0003	12.3805
700000.0003	12.2381
700000.0003	12.2322
700000.0003	12.0528
700000.0003	11.9987
700000.0003	12.0598
700000.0003	11.9866
700000.0003	11.8578
700000.0003	11.7946
700000.0003	11.736
700000.0003	11.755
700000.0003	11.6611
700000.0003	11.6039
700000.0003	11.5591
700000.0003	11.581
700000.0003	11.5826
700000.0003	11.4898
700000.0003	11.4124
700000.0003	11.4062
700000.0003	11.4317
700000.0003	11.3702
700000.0003	11.3091
700000.0003	11.1286
700000.0003	11.1991
700000.0003	11.1653
700000.0003	11.1577
700000.0003	11.0886
700000.0003	11.1175
700000.0003	11.1659
700000.0003	11.0923
700000.0003	11.0533
700000.0003	11.0057
700000.0003	10.9765
700000.0003	10.9916
700000.0003	11.0094
700000.0003	11.0044
700000.0003	10.9746
700000.0003	10.8931
700000.0003	10.9103
700000.0003	10.8686
700000.0003	10.8938
700000.0003	10.7652
700000.0003	10.862
700000.0003	10.7266
700000.0003	10.8558
700000.0003	10.7983
700000.0003	10.9015
700000.0003	10.7653
700000.0003	10.7138
700000.0003	10.7015
700000.0003	10.7612
700000.0003	10.7972
700000.0003	10.6945
700000.0003	10.7525
700000.0003	10.741
700000.0003	10.674
700000.0003	10.6943
700000.0003	10.7569
700000.0003	10.6457
700000.0003	10.7765
700000.0003	10.6801
700000.0003	10.7057
700000.0003	10.6761
700000.0003	10.6753
700000.0003	10.6985
700000.0003	10.6462
700000.0003	10.6492
700000.0003	10.6239
700000.0003	10.6751
700000.0003	10.6387
700000.0003	10.657
700000.0003	10.6244
700000.0003	10.6085
700000.0003	10.6228
700000.0003	10.6194
700000.0003	10.6796
700000.0003	10.6561
700000.0003	10.6968
700000.0003	10.6077
700000.0003	10.5487
700000.0003	10.6463
700000.0003	10.6404
700000.0003	10.547
700000.0003	10.6
700000.0003	10.6137
700000.0003	10.5834
700000.0003	10.5009
700000.0003	10.5149
700000.0003	10.5234
700000.0003	10.4168
700000.0003	10.486
700000.0003	10.4437
700000.0003	10.3954
700000.0003	10.3566
700000.0003	10.3817
700000.0003	10.3164
700000.0003	10.259
700000.0003	10.2215
700000.0003	10.1923
700000.0003	10.0501
700000.0003	10.0771
700000.0003	10.0325
700000.0003	9.99007
700000.0003	10.0224
700000.0003	9.8924
700000.0003	9.83269
700000.0003	9.83912
700000.0003	9.74085
700000.0003	9.68136
700000.0003	9.47216
700000.0003	9.50831
700000.0003	9.51119
700000.0003	9.46861
700000.0003	9.39061
700000.0003	9.27306
700000.0003	9.21664
700000.0003	9.15132
700000.0003	9.11883
700000.0003	9.10066
700000.0003	9.04248
700000.0003	8.88744
700000.0003	8.79614
700000.0003	8.8206
700000.0003	8.74794
700000.0003	8.59695
700000.0003	8.55515
700000.0003	8.46466
700000.0003	8.3847
700000.0003	8.35391
700000.0003	8.27609
700000.0003	8.13059
700000.0003	8.09265
700000.0003	8.00775
700000.0003	7.93639
700000.0003	7.85254
700000.0003	7.8319
700000.0003	7.67671
700000.0003	7.60522
700000.0003	7.53474
700000.0003	7.47297
700000.0003	7.37222
700000.0003	7.32614
700000.0003	7.22209
700000.0003	7.14131
700000.0003	7.04296
700000.0003	6.96571
700000.0003	6.9246
700000.0003	6.82584
700000.0003	6.77471
700000.0003	6.68187
700000.0003	6.5706
700000.0003	6.51678
700000.0003	6.46369
700000.0003	6.42694
700000.0003	6.29388
700000.0003	6.28248
700000.0003	6.21287
700000.0003	6.11987
700000.0003	6.07848
700000.0003	6.01047
700000.0003	5.97013
700000.0003	5.89636
700000.0003	5.86304
700000.0003	5.81716
700000.0003	5.76861
700000.0003	5.75708
700000.0003	5.67996
700000.0003	5.66945
700000.0003	5.65257
700000.0003	5.60849
700000.0003	5.56958
700000.0003	5.52722
700000.0003	5.49833
700000.0003	5.4431
700000.0003	5.37118
700000.0003	5.3173
700000.0003	5.2272
700000.0003	5.11203
700000.0003	4.9988
700000.0003	4.8461
700000.0003	4.66343
700000.0003	4.48076
700000.0003	4.24512
700000.0003	4.01776
700000.0003	3.77927
700000.0003	3.54352
700000.0003	3.29483
700000.0003	3.03553
700000.0003	2.78781
700000.0003	2.55668
700000.0003	2.33769
700000.0003	2.12891
700000.0003	1.92351
700000.0003	1.74408
700000.0003	1.58507
700000.0003	1.42389
700000.0003	1.28009
700000.0003	1.1474
700000.0003	1.03184
700000.0003	0.925465
700000.0003	0.823606
700000.0003	0.734679
700000.0003	0.651645
700000.0003	0.575753
700000.0003	0.509463
700000.0003	0.444915
700000.0003	0.389301
700000.0003	0.339409
700000.0003	0.294949
700000.0003	0.255167
700000.0003	0.21941
700000.0003	0.189062
700000.0003	0.160647
700000.0003	0.136204
700000.0003	0.115216
700000.0003	0.0974897
700000.0003	0.0822585
700000.0003	0.0691772
700000.0003	0.0578114
700000.0003	0.0477587
700000.0003	0.0403217
700000.0003	0.033955
700000.0003	0.0282682
700000.0003	0.0239369
700000.0003	0.0200572
700000.0003	0.0171383
700000.0003	0.0144811
700000.0003	0.0125571
700000.0003	0.0107519
700000.0003	0.00954257
700000.0003	0.00843313
700000.0003	0.0074823
700000.0003	0.00672013
700000.0003	0.00628943
700000.0003	0.0058015
700000.0003	0.00546734
700000.0003	0.00524204
700000.0003	0.00515765
700000.0003	0.00508005
700000.0003	0.0048641
700000.0003	0.00480037
700000.0003	0.00474326
700000.0003	0.00471794
700000.0003	0.00464626
700000.0003	0.0045624
700000.0003	0.00450235
700000.0003	0.00450848
700000.0003	0.00444515
700000.0003	0.00437387
700000.0003	0.00438908
700000.0003	0.00438707
700000.0003	0.00434941
700000.0003	0.00432118
700000.0003	0.00427197
700000.0003	0.00422227
700000.0003	0.00421249
700000.0003	0.00422824
700000.0003	0.0041845
700000.0003	0.00419065
700000.0003	0.00423905
700000.0003	0.00413299
700000.0003	0.00415407
700000.0003	0.00415701
700000.0003	0.00413076
700000.0003	0.00411878
700000.0003	0.00411656
700000.0003	0.00416656
700000.0003	0.00413789
700000.0003	0.00415296
700000.0003	0.00414018
700000.0003	0.00408423
700000.0003	0.004126
700000.0003	0.00411295
700000.0003	0.0040817
700000.0003	0.00410356
700000.0003	0.00408508
700000.0003	0.0040524
700000.0003	0.00416575
700000.0003	0.00410564
700000.0003	0.00409332
700000.0003	0.00411337
700000.0003	0.00413949
700000.0003	0.00411876
700000.0003	0.00409376
700000.0003	0.0042085
700000.0003	0.00411916
700000.0003	0.00414565
700000.0003	0.00417534
700000.0003	0.00418549
700000.0003	0.00418975
700000.0003	0.00417499
700000.0003	0.00416698
700000.0003	0.00427635
700000.0003	0.00423289
700000.0003	0.00424216
700000.0003	0.00423123
700000.0003	0.0043018
700000.0003	0.00430209
700000.0003	0.00434214
700000.0003	0.00435933
700000.0003	0.00437077
700000.0003	0.00440912
700000.0003	0.00443244
700000.0003	0.00447809
700000.0003	0.00449653
700000.0003	0.00453585
700000.0003	0.00456112
700000.0003	0.00460226
700000.0003	0.00462793
700000.0003	0.00475778
700000.0003	0.00483811
700000.0003	0.00483785
700000.0003	0.00493135
700000.0003	0.00496135
700000.0003	0.00507562
700000.0003	0.00520093
700000.0003	0.00528745
700000.0003	0.0054411
700000.0003	0.00557814
700000.0003	0.00577402
700000.0003	0.00598331
700000.0003	0.00614924
700000.0003	0.00635475
700000.0003	0.00662157
700000.0003	0.00688276
700000.0003	0.00743404
700000.0003	0.00779849
700000.0003	0.00812825
700000.0003	0.00870251
700000.0003	0.00916101
700000.0003	0.0101625
700000.0003	0.0107315
700000.0003	0.0116464
700000.0003	0.0127037
700000.0003	0.0137623
700000.0003	0.0152205
700000.0003	0.0163274
