700000.0003	1472569
700000.0003	1468275
700000.0003	1469363
700000.0003	1479613
700000.0003	1487216
700000.0003	1488250
700000.0003	1475989
700000.0003	1450031
700000.0003	1417701
700000.0003	1396890
700000.0003	1386141
700000.0003	1385127
700000.0003	1376758
700000.0003	1343313
700000.0003	1271448
700000.0003	1164987
700000.0003	1034782
700000.0003	902588
700000.0003	777407
700000.0003	667810
700000.0003	574501
700000.0003	496987
700000.0003	431024
700000.0003	375092
700000.0003	328008
700000.0003	290120
700000.0003	258504
700000.0003	232335
700000.0003	212666
700000.0003	194262
700000.0003	179700
700000.0003	168244
700000.0003	157955
700000.0003	149783
700000.0003	142822
700000.0003	137609
700000.0003	132753
700000.0003	128945
700000.0003	125694
700000.0003	123465
700000.0003	122055
700000.0003	120010
700000.0003	118425
700000.0003	117824
700000.0003	116113
700000.0003	114577
700000.0003	113956
700000.0003	113265
700000.0003	112748
700000.0003	112005
700000.0003	110966
700000.0003	110071
700000.0003	109099
700000.0003	109672
700000.0003	108211
700000.0003	107734
700000.0003	107907
700000.0003	106825
700000.0003	106177
700000.0003	105881
700000.0003	104956
700000.0003	105042
700000.0003	104109
700000.0003	104604
700000.0003	103858
700000.0003	103639
700000.0003	103122
700000.0003	102772
700000.0003	102270
700000.0003	102873
700000.0003	102278
700000.0003	101736
700000.0003	102033
700000.0003	101704
700000.0003	101236
700000.0003	100799
700000.0003	100836
700000.0003	100340
700000.0003	100681
700000.0003	99894
700000.0003	100378
700000.0003	99814
700000.0003	99505
700000.0003	99117
700000.0003	99287
700000.0003	98897
700000.0003	99311
700000.0003	98779
700000.0003	98374
700000.0003	98990
700000.0003	99146
700000.0003	98269
700000.0003	99195
700000.0003	98743
700000.0003	98394
700000.0003	98102
700000.0003	98160
700000.0003	97762
700000.0003	97607
700000.0003	98425
700000.0003	97885
700000.0003	97382
700000.0003	97717
700000.0003	97776
700000.0003	97469
700000.0003	97766
700000.0003	97786
700000.0003	97056
700000.0003	97790
700000.0003	97161
700000.0003	97421
700000.0003	97405
700000.0003	97784
700000.0003	97566
700000.0003	97271
700000.0003	97284
700000.0003	97356
700000.0003	97185
700000.0003	97200
700000.0003	96788
700000.0003	96390
700000.0003	97568
700000.0003	96762
700000.0003	97056
700000.0003	97073
700000.0003	96900
700000.0003	96765
700000.0003	96847
700000.0003	96712
700000.0003	97187
700000.0003	96600
700000.0003	97149
700000.0003	96425
700000.0003	96577
700000.0003	97476
700000.0003	97339
700000.0003	96379
700000.0003	97419
700000.0003	97045
700000.0003	97396
700000.0003	97449
700000.0003	96803
700000.0003	97063
700000.0003	97163
700000.0003	97205
700000.0003	97719
700000.0003	97667
700000.0003	97948
700000.0003	97081
700000.0003	98655
700000.0003	98473
700000.0003	98660
700000.0003	98932
700000.0003	99539
700000.0003	99568
700000.0003	100444
700000.0003	100427
700000.0003	100221
700000.0003	101021
700000.0003	101386
700000.0003	101741
700000.0003	102110
700000.0003	103128
700000.0003	103965
700000.0003	103537
700000.0003	104674
700000.0003	105417
700000.0003	106192
700000.0003	106335
700000.0003	107490
700000.0003	108030
700000.0003	109079
700000.0003	109354
700000.0003	111014
700000.0003	111548
700000.0003	112580
700000.0003	112959
700000.0003	114017
700000.0003	114680
700000.0003	116225
700000.0003	117217
700000.0003	119332
700000.0003	119596
700000.0003	120042
700000.0003	121475
700000.0003	123728
700000.0003	124291
700000.0003	125846
700000.0003	127507
700000.0003	128995
700000.0003	130403
700000.0003	131289
700000.0003	133919
700000.0003	135356
700000.0003	136743
700000.0003	138383
700000.0003	140473
700000.0003	142096
700000.0003	145022
700000.0003	146993
700000.0003	149434
700000.0003	151721
700000.0003	153471
700000.0003	156009
700000.0003	159178
700000.0003	161578
700000.0003	163795
700000.0003	166573
700000.0003	169835
700000.0003	173224
700000.0003	176991
700000.0003	179886
700000.0003	183908
700000.0003	187495
700000.0003	191580
700000.0003	195686
700000.0003	199630
700000.0003	204769
700000.0003	210177
700000.0003	214613
700000.0003	220043
700000.0003	227232
700000.0003	233941
700000.0003	240389
700000.0003	246674
700000.0003	255544
700000.0003	264170
700000.0003	273310
700000.0003	283352
700000.0003	294355
700000.0003	306639
700000.0003	321831
700000.0003	335893
700000.0003	352351
700000.0003	369161
700000.0003	390723
700000.0003	412658
700000.0003	437302
700000.0003	463645
700000.0003	494013
700000.0003	526905
700000.0003	561375
700000.0003	598780
700000.0003	640960
700000.0003	684720
700000.0003	730647
700000.0003	777972
700000.0003	827599
700000.0003	877601
700000.0003	926219
700000.0003	973621
700000.0003	1019240
700000.0003	1062096
700000.0003	1103524
700000.0003	1139918
700000.0003	1174396
700000.0003	1203353
700000.0003	1231273
700000.0003	1252973
700000.0003	1274931
700000.0003	1293534
700000.0003	1310158
700000.0003	1326846
700000.0003	1340697
700000.0003	1351664
700000.0003	1364516
700000.0003	1373466
700000.0003	1380265
700000.0003	1388980
700000.0003	1398673
700000.0003	1404064
700000.0003	1410950
700000.0003	1413971
700000.0003	1421990
700000.0003	1423938
700000.0003	1427732
700000.0003	1430962
700000.0003	1435116
700000.0003	1437220
700000.0003	1441110
700000.0003	1441153
700000.0003	1445622
700000.0003	1446890
700000.0003	1447935
700000.0003	1450285
700000.0003	1451785
700000.0003	1452109
700000.0003	1453684
700000.0003	1452957
700000.0003	1455017
700000.0003	1455822
700000.0003	1457711
700000.0003	1457256
700000.0003	1456693
700000.0003	1458029
700000.0003	1457279
700000.0003	1458268
700000.0003	1456501
700000.0003	1459466
700000.0003	1460461
700000.0003	1457957
700000.0003	1459302
700000.0003	1458381
700000.0003	1459981
700000.0003	1457586
700000.0003	1458573
700000.0003	1460606
700000.0003	1460483
700000.0003	1460706
700000.0003	1457904
700000.0003	1460507
700000.0003	1459189
700000.0003	1462001
700000.0003	1458631
700000.0003	1460426
700000.0003	1461544
700000.0003	1460894
700000.0003	1461823
700000.0003	1459395
700000.0003	1461364
700000.0003	1460870
700000.0003	1462002
700000.0003	1462321
700000.0003	1460397
700000.0003	1462393
700000.0003	1462047
700000.0003	1463973
700000.0003	1461167
700000.0003	1462179
700000.0003	1462652
700000.0003	1462203
700000.0003	1464612
700000.0003	1462420
700000.0003	1463546
700000.0003	1463178
700000.0003	1466650
700000.0003	1462899
700000.0003	1463281
700000.0003	1464539
700000.0003	1462776
700000.0003	1466655
700000.0003	1465175
700000.0003	1465216
700000.0003	1465851
700000.0003	1466679
700000.0003	1465265
700000.0003	1464684
700000.0003	1465722
700000.0003	1465879
700000.0003	1469130
700000.0003	1467635
700000.0003	1468298
700000.0003	1466177
700000.0003	1468034
700000.0003	1466907
700000.0003	1467935
700000.0003	1467643
700000.0003	1468686
700000.0003	1473118
700000.0003	1469831
700000.0003	1468095
700000.0003	1467901
700000.0003	1470399
700000.0003	1470670
700000.0003	1470258
700000.0003	1473167
700000.0003	1471054
700000.0003	1474150
700000.0003	1470949
700000.0003	1471734
700000.0003	1471874
700000.0003	1471090
700000.0003	1476796
700000.0003	1474679
700000.0003	1475340
700000.0003	1474572
700000.0003	1474061
700000.0003	1475418
700000.0003	1474981
700000.0003	1476169
700000.0003	1478062
700000.0003	1480218
700000.0003	1478972
700000.0003	1479519
700000.0003	1476868
700000.0003	1477920
700000.0003	1477096
700000.0003	1481215
700000.0003	1484262
700000.0003	1486119
700000.0003	1484073
700000.0003	1482742
700000.0003	1478630
700000.0003	1478252
700000.0003	1478827
700000.0003	1484565
700000.0003	1488788
700000.0003	1490979
700000.0003	1490100
700000.0003	1480298
