700000.0003	0.0264354
700000.0003	0.0353866
700000.0003	0.052288
700000.0003	0.0809523
700000.0003	0.12473
700000.0003	0.188469
700000.0003	0.277424
700000.0003	0.398983
700000.0003	0.55356
700000.0003	0.745272
700000.0003	0.986612
700000.0003	1.27162
700000.0003	1.60184
700000.0003	1.99914
700000.0003	2.40827
700000.0003	2.87667
700000.0003	3.35234
700000.0003	3.80979
700000.0003	4.30391
700000.0003	4.74409
700000.0003	5.18148
700000.0003	5.64426
700000.0003	6.04739
700000.0003	6.45236
700000.0003	6.83748
700000.0003	7.19929
700000.0003	7.5673
700000.0003	7.85741
700000.0003	8.25042
700000.0003	8.54448
700000.0003	8.81369
700000.0003	9.10187
700000.0003	9.30956
700000.0003	9.50887
700000.0003	9.73183
700000.0003	9.93859
700000.0003	10.0704
700000.0003	10.1309
700000.0003	10.1493
700000.0003	10.1669
700000.0003	10.266
700000.0003	10.3414
700000.0003	10.2565
700000.0003	10.3217
700000.0003	10.2796
700000.0003	10.2706
700000.0003	10.2274
700000.0003	10.2992
700000.0003	10.315
700000.0003	10.3153
700000.0003	10.3236
700000.0003	10.2105
700000.0003	10.2485
700000.0003	10.3816
700000.0003	10.2845
700000.0003	10.2854
700000.0003	10.3879
700000.0003	10.3382
700000.0003	10.2654
700000.0003	10.2933
700000.0003	10.288
700000.0003	10.3354
700000.0003	10.219
700000.0003	10.36
700000.0003	10.3069
700000.0003	10.3044
700000.0003	10.2876
700000.0003	10.3049
700000.0003	10.3041
700000.0003	10.3555
700000.0003	10.3666
700000.0003	10.3485
700000.0003	10.4344
700000.0003	10.3274
700000.0003	10.298
700000.0003	10.3281
700000.0003	10.3559
700000.0003	10.3698
700000.0003	10.3912
700000.0003	10.3612
700000.0003	10.3554
700000.0003	10.3541
700000.0003	10.3538
700000.0003	10.2724
700000.0003	10.347
700000.0003	10.3018
700000.0003	10.4022
700000.0003	10.3251
700000.0003	10.3017
700000.0003	10.4065
700000.0003	10.394
700000.0003	10.346
700000.0003	10.465
700000.0003	10.4634
700000.0003	10.3901
700000.0003	10.4079
700000.0003	10.3629
700000.0003	10.3471
700000.0003	10.3164
700000.0003	10.4127
700000.0003	10.3743
700000.0003	10.356
700000.0003	10.395
700000.0003	10.4199
700000.0003	10.3942
700000.0003	10.4268
700000.0003	10.4458
700000.0003	10.3555
700000.0003	10.4629
700000.0003	10.3292
700000.0003	10.4056
700000.0003	10.4033
700000.0003	10.4789
700000.0003	10.446
700000.0003	10.4294
700000.0003	10.4189
700000.0003	10.4374
700000.0003	10.4391
700000.0003	10.4111
700000.0003	10.3432
700000.0003	10.3377
700000.0003	10.4765
700000.0003	10.4218
700000.0003	10.483
700000.0003	10.4262
700000.0003	10.4729
700000.0003	10.3912
700000.0003	10.4093
700000.0003	10.4016
700000.0003	10.4659
700000.0003	10.3748
700000.0003	10.4427
700000.0003	10.4227
700000.0003	10.3754
700000.0003	10.5028
700000.0003	10.4979
700000.0003	10.4031
700000.0003	10.5356
700000.0003	10.4197
700000.0003	10.543
700000.0003	10.4648
700000.0003	10.4603
700000.0003	10.4869
700000.0003	10.4832
700000.0003	10.4361
700000.0003	10.4742
700000.0003	10.4266
700000.0003	10.4397
700000.0003	10.3066
700000.0003	10.4515
700000.0003	10.3869
700000.0003	10.3889
700000.0003	10.3218
700000.0003	10.3425
700000.0003	10.2883
700000.0003	10.323
700000.0003	10.2288
700000.0003	10.1111
700000.0003	10.1107
700000.0003	10.0821
700000.0003	10.034
700000.0003	10.0282
700000.0003	9.9723
700000.0003	9.98022
700000.0003	9.83641
700000.0003	9.77587
700000.0003	9.78934
700000.0003	9.69882
700000.0003	9.65308
700000.0003	9.59926
700000.0003	9.54655
700000.0003	9.56915
700000.0003	9.4495
700000.0003	9.44195
700000.0003	9.31212
700000.0003	9.2651
700000.0003	9.16231
700000.0003	9.13035
700000.0003	9.00631
700000.0003	8.98974
700000.0003	8.92145
700000.0003	8.89593
700000.0003	8.76648
700000.0003	8.6239
700000.0003	8.61706
700000.0003	8.6047
700000.0003	8.45201
700000.0003	8.40072
700000.0003	8.3744
700000.0003	8.25678
700000.0003	8.19539
700000.0003	8.05548
700000.0003	8.01181
700000.0003	7.90922
700000.0003	7.81373
700000.0003	7.71249
700000.0003	7.64161
700000.0003	7.57303
700000.0003	7.48921
700000.0003	7.41629
700000.0003	7.33821
700000.0003	7.24824
700000.0003	7.13633
700000.0003	7.03767
700000.0003	7.00312
700000.0003	6.86336
700000.0003	6.73729
700000.0003	6.64192
700000.0003	6.56214
700000.0003	6.49307
700000.0003	6.40136
700000.0003	6.3029
700000.0003	6.21603
700000.0003	6.09279
700000.0003	6.03455
700000.0003	5.94125
700000.0003	5.83377
700000.0003	5.74036
700000.0003	5.63521
700000.0003	5.53249
700000.0003	5.43053
700000.0003	5.36358
700000.0003	5.2804
700000.0003	5.17518
700000.0003	5.03342
700000.0003	4.97566
700000.0003	4.85382
700000.0003	4.75044
700000.0003	4.67236
700000.0003	4.57327
700000.0003	4.45775
700000.0003	4.38071
700000.0003	4.28471
700000.0003	4.18178
700000.0003	4.05748
700000.0003	3.98815
700000.0003	3.87369
700000.0003	3.77172
700000.0003	3.65492
700000.0003	3.56188
700000.0003	3.45232
700000.0003	3.33132
700000.0003	3.2117
700000.0003	3.0947
700000.0003	2.98363
700000.0003	2.84677
700000.0003	2.71882
700000.0003	2.59817
700000.0003	2.47455
700000.0003	2.33526
700000.0003	2.2007
700000.0003	2.06744
700000.0003	1.92675
700000.0003	1.79788
700000.0003	1.6661
700000.0003	1.53818
700000.0003	1.41585
700000.0003	1.30108
700000.0003	1.18846
700000.0003	1.08201
700000.0003	0.979758
700000.0003	0.883991
700000.0003	0.793098
700000.0003	0.709999
700000.0003	0.634824
700000.0003	0.56498
700000.0003	0.498833
700000.0003	0.438022
700000.0003	0.382338
700000.0003	0.335572
700000.0003	0.290148
700000.0003	0.251847
700000.0003	0.216384
700000.0003	0.186732
700000.0003	0.158657
700000.0003	0.135382
700000.0003	0.113929
700000.0003	0.0973272
700000.0003	0.0818984
700000.0003	0.0687018
700000.0003	0.0579222
700000.0003	0.0484344
700000.0003	0.0409162
700000.0003	0.0344203
700000.0003	0.0295065
700000.0003	0.0249639
700000.0003	0.0211329
700000.0003	0.0178909
700000.0003	0.0155811
700000.0003	0.0137622
700000.0003	0.0118175
700000.0003	0.0103515
700000.0003	0.00902131
700000.0003	0.00799177
700000.0003	0.00728407
700000.0003	0.00671461
700000.0003	0.00618121
700000.0003	0.00572408
700000.0003	0.00558005
700000.0003	0.00540932
700000.0003	0.00520207
700000.0003	0.00516232
700000.0003	0.00511766
700000.0003	0.00492954
700000.0003	0.00484312
700000.0003	0.00486247
700000.0003	0.00468889
700000.0003	0.00471631
700000.0003	0.0046674
700000.0003	0.00451286
700000.0003	0.00456668
700000.0003	0.00456596
700000.0003	0.00447266
700000.0003	0.00445604
700000.0003	0.00446827
700000.0003	0.00435495
700000.0003	0.00434981
700000.0003	0.00442226
700000.0003	0.00429565
700000.0003	0.00433687
700000.0003	0.00420796
700000.0003	0.00424754
700000.0003	0.00419488
700000.0003	0.00423327
700000.0003	0.00422727
700000.0003	0.00417899
700000.0003	0.00416373
700000.0003	0.00415735
700000.0003	0.00419823
700000.0003	0.00412408
700000.0003	0.00414491
700000.0003	0.00408165
700000.0003	0.00414409
700000.0003	0.00406433
700000.0003	0.00409751
700000.0003	0.00410273
700000.0003	0.00411411
700000.0003	0.00407734
700000.0003	0.00418445
700000.0003	0.00411549
700000.0003	0.00414561
700000.0003	0.0041813
700000.0003	0.00417967
700000.0003	0.00410978
700000.0003	0.00414714
700000.0003	0.00410453
700000.0003	0.00413987
700000.0003	0.00419588
700000.0003	0.00413308
700000.0003	0.0041295
700000.0003	0.00418619
700000.0003	0.00421991
700000.0003	0.00417982
700000.0003	0.00419177
700000.0003	0.00422354
700000.0003	0.00429148
700000.0003	0.00423492
700000.0003	0.00429778
700000.0003	0.00434017
700000.0003	0.00434771
700000.0003	0.00435218
700000.0003	0.00440607
700000.0003	0.00441176
700000.0003	0.00449735
700000.0003	0.00450309
700000.0003	0.00450451
700000.0003	0.00456143
700000.0003	0.00451917
700000.0003	0.0045995
700000.0003	0.00470668
700000.0003	0.00471456
700000.0003	0.00481456
700000.0003	0.00486469
700000.0003	0.00485732
700000.0003	0.00501204
700000.0003	0.00504476
700000.0003	0.00508358
700000.0003	0.00521769
700000.0003	0.00541571
700000.0003	0.00540179
700000.0003	0.00546881
700000.0003	0.00571008
700000.0003	0.00577131
700000.0003	0.00612583
700000.0003	0.00606807
700000.0003	0.00645765
700000.0003	0.00676188
700000.0003	0.00679293
700000.0003	0.00725943
700000.0003	0.00758696
700000.0003	0.00796552
700000.0003	0.00858158
700000.0003	0.0089733
700000.0003	0.00959605
700000.0003	0.0107393
700000.0003	0.0119676
700000.0003	0.0134747
700000.0003	0.0156596
700000.0003	0.0177943
700000.0003	0.0210493
700000.0003	7.64393e-06
700000.0003	-3.82153e-05
700000.0003	0.000238044
700000.0003	0.000316751
700000.0003	0.000360929
700000.0003	-0.00177222
700000.0003	0.00127011
700000.0003	-5.38828e-05
700000.0003	-0.0029491
700000.0003	0.00181223
700000.0003	-0.00252771
700000.0003	0.00651795
700000.0003	0.00117272
700000.0003	0.00955162
700000.0003	0.00987426
700000.0003	0.0163548
700000.0003	0.00833082
700000.0003	0.00945324
700000.0003	-0.011103
700000.0003	-0.0186111
700000.0003	0.0033293
700000.0003	0.00539801
700000.0003	-0.0173191
700000.0003	-0.0456848
700000.0003	0.0123587
700000.0003	0.0123058
700000.0003	-0.00989822
700000.0003	0.00905055
700000.0003	-0.0231896
700000.0003	-0.0376944
700000.0003	-0.0574001
700000.0003	-0.0197776
700000.0003	-0.0431725
700000.0003	0.0378267
700000.0003	-0.0110441
700000.0003	-0.0211088
700000.0003	0.00525374
700000.0003	-0.0257987
700000.0003	-0.041909
700000.0003	-0.00430681
700000.0003	0.0183036
700000.0003	0.0213001
700000.0003	0.015709
700000.0003	0.0314858
700000.0003	-0.0029535
700000.0003	-0.0257833
700000.0003	-0.0134231
700000.0003	-0.00654451
700000.0003	-0.00557114
700000.0003	-0.0206776
700000.0003	0.00819939
700000.0003	0.0291958
700000.0003	-0.00922733
700000.0003	-0.00743171
700000.0003	0.00677217
700000.0003	0.0126164
700000.0003	0.0671317
700000.0003	0.0455934
700000.0003	0.0424713
700000.0003	0.0288734
700000.0003	0.0105845
700000.0003	0.0651395
700000.0003	-0.00688277
700000.0003	-0.0591396
700000.0003	-0.020611
700000.0003	0.022125
700000.0003	0.0268591
700000.0003	0.0159882
700000.0003	-0.0387777
700000.0003	-0.0354544
700000.0003	0.0114877
700000.0003	-0.0106361
700000.0003	-0.0440688
700000.0003	0.0350645
700000.0003	-0.0141022
700000.0003	-0.0212692
700000.0003	-0.0223526
700000.0003	0.000915826
700000.0003	-0.0277
700000.0003	-0.00954406
700000.0003	0.00293372
700000.0003	-0.0149613
700000.0003	0.000281375
700000.0003	-0.00324459
700000.0003	0.0343719
700000.0003	-0.0281611
700000.0003	0.0222596
700000.0003	-0.00106144
700000.0003	-0.0493727
700000.0003	-0.0217587
700000.0003	0.00610668
700000.0003	0.00732903
700000.0003	0.0118712
700000.0003	-0.0371948
700000.0003	-0.0129354
700000.0003	-0.0286779
700000.0003	-0.0379129
700000.0003	-0.00969129
700000.0003	0.00347177
700000.0003	-9.73909e-05
700000.0003	0.00813207
700000.0003	-0.00230161
700000.0003	-0.0139133
700000.0003	-0.0171279
700000.0003	0.00787395
700000.0003	0.0075393
700000.0003	-0.0250572
700000.0003	-0.0320111
700000.0003	-0.0379762
700000.0003	0.0159932
700000.0003	0.0559036
700000.0003	0.0166864
700000.0003	-0.00520064
700000.0003	0.0249361
700000.0003	-0.0168087
700000.0003	0.0423789
700000.0003	0.00977375
700000.0003	0.00135126
700000.0003	0.00817543
700000.0003	0.0165256
700000.0003	0.00209204
700000.0003	0.0024654
700000.0003	-0.0361964
700000.0003	-0.0105144
700000.0003	-0.016359
700000.0003	0.00529703
700000.0003	-0.0376916
700000.0003	-0.00838074
700000.0003	0.0563245
700000.0003	-0.0366809
700000.0003	-0.0304578
700000.0003	0.00644693
700000.0003	-0.020541
700000.0003	-0.00262516
700000.0003	-0.0116535
700000.0003	0.0377851
700000.0003	-0.00816189
700000.0003	0.0117596
700000.0003	0.00815399
700000.0003	-0.00781218
700000.0003	-0.00352516
700000.0003	-0.0254479
700000.0003	0.00921645
700000.0003	-0.0400585
700000.0003	0.0025237
700000.0003	0.0182558
700000.0003	-0.0427185
700000.0003	0.0107615
700000.0003	-0.00709684
700000.0003	0.00749622
700000.0003	0.0507808
700000.0003	-0.0206568
700000.0003	-0.0115926
700000.0003	-0.0168337
700000.0003	-0.0043488
700000.0003	0.0282101
700000.0003	0.0208983
700000.0003	-0.0377834
700000.0003	0.00728731
700000.0003	-0.031266
700000.0003	0.0216733
700000.0003	0.020171
700000.0003	0.0895559
700000.0003	0.0420261
700000.0003	0.0227994
700000.0003	-0.027985
700000.0003	0.0207204
700000.0003	-0.0256844
700000.0003	0.0330364
700000.0003	-0.00168757
700000.0003	-0.00636655
700000.0003	-0.00458944
700000.0003	-0.0648085
700000.0003	-0.0434724
700000.0003	0.0348445
700000.0003	0.0175901
700000.0003	-0.00577114
700000.0003	-0.0142277
700000.0003	-0.0364783
700000.0003	0.0143265
700000.0003	-0.0577588
700000.0003	-0.00103609
700000.0003	-0.00695414
700000.0003	-7.9953e-05
700000.0003	0.01911
700000.0003	-0.0149195
700000.0003	0.00475003
700000.0003	0.0354454
700000.0003	0.0396055
700000.0003	-0.00185721
700000.0003	-0.0204472
700000.0003	-0.00919692
700000.0003	0.0131107
700000.0003	0.000787845
700000.0003	-0.00792415
700000.0003	-0.0111645
700000.0003	-0.020694
700000.0003	0.00353074
700000.0003	-0.00100372
700000.0003	0.0113359
700000.0003	0.00519199
700000.0003	0.0193908
700000.0003	-0.00486822
700000.0003	0.0106614
700000.0003	-0.00291916
700000.0003	-0.01864
700000.0003	0.016099
700000.0003	0.0263233
700000.0003	0.0284049
700000.0003	0.00331493
700000.0003	0.00827351
700000.0003	-0.0105355
700000.0003	0.000685952
700000.0003	0.0152137
700000.0003	0.010157
700000.0003	-4.55465e-05
700000.0003	-0.00727835
700000.0003	-0.000409673
700000.0003	-0.00676296
700000.0003	0.00728066
700000.0003	-0.0119663
700000.0003	-0.0023898
700000.0003	-0.0130433
700000.0003	-0.00535008
700000.0003	0.0106397
700000.0003	0.00515567
700000.0003	0.00157148
700000.0003	0.00564241
700000.0003	-0.00567949
700000.0003	-0.0018364
700000.0003	0.000421178
700000.0003	0.00497133
700000.0003	0.00222788
700000.0003	-0.0127682
700000.0003	-0.0041088
700000.0003	-0.00281313
700000.0003	-0.00459986
700000.0003	-0.00593784
700000.0003	0.00491839
700000.0003	0.00791689
700000.0003	-0.00532222
700000.0003	-0.00452048
700000.0003	-3.94911e-05
700000.0003	0.00123067
700000.0003	0.0110868
700000.0003	0.00283332
700000.0003	0.00639956
700000.0003	0.000205605
700000.0003	-0.00571063
700000.0003	-0.000391649
700000.0003	-0.00040884
700000.0003	-0.00589725
700000.0003	0.00472758
700000.0003	0.00280464
700000.0003	-0.00196134
700000.0003	-0.00236707
700000.0003	-0.00386602
700000.0003	-0.00166558
700000.0003	0.00522877
700000.0003	-0.000122886
700000.0003	-0.00185693
700000.0003	-0.000160607
700000.0003	0.00182118
700000.0003	-0.00133746
700000.0003	0.00111211
700000.0003	-0.000286943
700000.0003	0.00295116
700000.0003	0.000990746
700000.0003	-0.000500028
700000.0003	4.92324e-06
700000.0003	-0.0001674
700000.0003	-0.000214817
700000.0003	-8.22221e-05
700000.0003	-0.00051429
700000.0003	0.000105671
700000.0003	0.000494245
700000.0003	-0.000460576
700000.0003	-0.000406779
700000.0003	0.000194753
700000.0003	-2.11721e-05
700000.0003	0.000273614
700000.0003	0.000132977
700000.0003	0.00027435
700000.0003	-9.30551e-05
700000.0003	-0.000108297
700000.0003	9.0626e-05
700000.0003	5.5765e-05
700000.0003	-9.11917e-06
700000.0003	6.1439e-05
700000.0003	-0.000105599
700000.0003	-0.000172512
700000.0003	0.000128744
700000.0003	9.784e-05
700000.0003	-2.21712e-05
700000.0003	-6.59834e-05
700000.0003	-5.02911e-05
700000.0003	-3.74002e-05
700000.0003	5.73786e-05
700000.0003	-0.000112732
700000.0003	9.75859e-05
700000.0003	-2.68415e-05
700000.0003	-4.13863e-05
700000.0003	-2.69939e-05
700000.0003	4.68797e-05
700000.0003	-4.05937e-05
700000.0003	3.25275e-06
700000.0003	-7.05827e-06
700000.0003	-5.34057e-06
700000.0003	3.80148e-06
700000.0003	2.05766e-05
700000.0003	2.21195e-05
700000.0003	-2.5104e-05
700000.0003	1.56589e-05
700000.0003	3.05583e-05
700000.0003	2.18977e-05
700000.0003	1.57596e-05
700000.0003	1.82039e-05
700000.0003	3.62804e-05
700000.0003	3.26182e-05
700000.0003	8.31815e-06
700000.0003	4.34232e-06
700000.0003	4.80065e-05
700000.0003	-1.52521e-07
700000.0003	2.35535e-07
700000.0003	3.54699e-05
700000.0003	8.77223e-06
700000.0003	-1.81368e-05
700000.0003	-1.72565e-06
700000.0003	4.65734e-05
700000.0003	-4.31878e-05
700000.0003	2.67351e-05
700000.0003	2.51745e-06
700000.0003	1.7123e-05
700000.0003	3.96425e-06
700000.0003	-1.16268e-05
700000.0003	1.97455e-05
700000.0003	-5.10123e-05
700000.0003	-1.05092e-05
700000.0003	-1.76779e-05
700000.0003	8.43229e-06
700000.0003	4.38548e-05
700000.0003	-6.03373e-05
700000.0003	-1.47769e-05
700000.0003	-5.00325e-05
700000.0003	-2.31646e-05
700000.0003	5.87825e-06
700000.0003	-4.93066e-05
700000.0003	-7.64937e-06
700000.0003	9.1704e-06
700000.0003	4.37104e-07
700000.0003	-2.23664e-05
700000.0003	-5.41148e-06
700000.0003	-2.29038e-05
700000.0003	-1.08885e-05
700000.0003	2.96566e-05
700000.0003	-1.02619e-05
700000.0003	-5.57453e-05
700000.0003	5.79892e-05
700000.0003	1.27677e-05
700000.0003	1.64792e-06
700000.0003	2.85608e-05
700000.0003	3.81099e-05
700000.0003	-2.22088e-05
700000.0003	-2.60768e-05
700000.0003	5.85485e-05
700000.0003	-8.56833e-06
700000.0003	-5.87145e-05
700000.0003	3.15071e-05
700000.0003	2.17096e-06
700000.0003	-7.94691e-05
700000.0003	-7.45803e-05
700000.0003	-3.15255e-05
700000.0003	1.1227e-05
700000.0003	-1.12001e-05
700000.0003	4.56078e-05
700000.0003	-5.57189e-05
700000.0003	8.76669e-05
700000.0003	4.71742e-05
700000.0003	4.4166e-05
700000.0003	5.57385e-05
700000.0003	-7.38579e-06
700000.0003	-5.14539e-05
700000.0003	1.89738e-06
700000.0003	-4.56232e-05
700000.0003	6.17254e-05
700000.0003	-1.48196e-05
700000.0003	8.03157e-05
700000.0003	5.6457e-05
700000.0003	-3.14053e-05
700000.0003	4.9649e-05
700000.0003	5.90128e-06
700000.0003	-9.44334e-05
700000.0003	0.000125034
700000.0003	-3.69084e-05
700000.0003	-4.17282e-05
700000.0003	4.03901e-05
700000.0003	0.000109389
700000.0003	-6.46502e-05
700000.0003	-0.000164274
700000.0003	4.4475e-05
700000.0003	-9.54389e-05
700000.0003	-4.44937e-05
700000.0003	-0.000131089
700000.0003	-0.000504772
700000.0003	0.000553291
700000.0003	0.00220962
700000.0003	3.29537e-05
700000.0003	-0.00029851
700000.0003	-0.000650757
700000.0003	0.00144347
700000.0003	-0.00436578
700000.0003	-0.0023721
700000.0003	0.00104121
700000.0003	-0.00790098
700000.0003	-0.0122446
700000.0003	0.0153063
700000.0003	-0.000949634
700000.0003	-0.0090636
700000.0003	0.0029882
700000.0003	-0.00985572
700000.0003	0.016225
700000.0003	-0.00693169
700000.0003	-0.00749475
700000.0003	-0.0289938
700000.0003	0.0191935
700000.0003	-0.00153707
700000.0003	-0.0145143
700000.0003	0.0243195
700000.0003	-0.0532973
700000.0003	-0.0304902
700000.0003	-0.0525473
700000.0003	-0.00396935
700000.0003	-0.0208189
700000.0003	0.0200664
700000.0003	-0.0286065
700000.0003	-0.0184586
700000.0003	0.00488657
700000.0003	-0.0293074
700000.0003	-0.0469193
700000.0003	-0.00376407
700000.0003	0.0171332
700000.0003	0.032284
700000.0003	-0.00845132
700000.0003	0.0222174
700000.0003	-0.00141565
700000.0003	-0.0295612
700000.0003	-0.0188978
700000.0003	-0.000388855
700000.0003	0.00936106
700000.0003	-0.00546166
700000.0003	-0.00305551
700000.0003	0.0287271
700000.0003	0.0130337
700000.0003	-0.00406569
700000.0003	0.0156832
700000.0003	-0.0117713
700000.0003	0.0615625
700000.0003	0.0429341
700000.0003	0.0487509
700000.0003	0.0458284
700000.0003	0.0237516
700000.0003	0.0617639
700000.0003	0.00617916
700000.0003	-0.0554939
700000.0003	-0.0143579
700000.0003	0.0192514
700000.0003	0.0320984
700000.0003	0.0207838
700000.0003	-0.0458612
700000.0003	-0.0508196
700000.0003	0.0104201
700000.0003	-0.0115637
700000.0003	-0.0519587
700000.0003	0.0405818
700000.0003	-0.016958
700000.0003	-0.0170566
700000.0003	-0.0325925
700000.0003	0.000396682
700000.0003	-0.0254855
700000.0003	-0.0109648
700000.0003	0.00163144
700000.0003	-0.0204729
700000.0003	0.0114297
700000.0003	0.00414641
700000.0003	0.0313237
700000.0003	-0.0282718
700000.0003	0.035889
700000.0003	0.00026406
700000.0003	-0.0461165
700000.0003	-0.0105858
700000.0003	0.0086853
700000.0003	0.0106433
700000.0003	0.0055361
700000.0003	-0.0302257
700000.0003	-0.0149003
700000.0003	-0.0240611
700000.0003	-0.0313132
700000.0003	0.00100316
700000.0003	0.0134346
700000.0003	0.0111978
700000.0003	-0.000261686
700000.0003	-0.00651742
700000.0003	-0.00324149
700000.0003	-0.0159367
700000.0003	0.00249439
700000.0003	0.00207294
700000.0003	-0.0176041
700000.0003	-0.0354139
700000.0003	-0.0363595
700000.0003	0.008361
700000.0003	0.0561312
700000.0003	0.00694028
700000.0003	0.00403364
700000.0003	0.01505
700000.0003	-0.0174413
700000.0003	0.0386955
700000.0003	-0.00717706
700000.0003	0.00412041
700000.0003	0.0131144
700000.0003	0.0189699
700000.0003	0.00541777
700000.0003	0.0114809
700000.0003	-0.0346299
700000.0003	0.0125603
700000.0003	-0.00846504
700000.0003	0.00428272
700000.0003	-0.0424046
700000.0003	-0.0042147
700000.0003	0.0525905
700000.0003	-0.0330331
700000.0003	-0.0196952
700000.0003	0.00746591
700000.0003	-0.0133217
700000.0003	0.00890953
700000.0003	-0.00741038
700000.0003	0.00768873
700000.0003	0.00705734
700000.0003	0.00466936
700000.0003	-0.00605589
700000.0003	-0.00469225
700000.0003	-0.0159257
700000.0003	-0.0282802
700000.0003	2.45336e-05
700000.0003	-0.0400742
700000.0003	0.00390492
700000.0003	0.0144396
700000.0003	-0.0590065
700000.0003	0.0227778
700000.0003	-0.00865156
700000.0003	0.00435375
700000.0003	0.0415132
700000.0003	-0.0187217
700000.0003	0.00034508
700000.0003	-0.0140569
700000.0003	-0.00602155
700000.0003	0.0306301
700000.0003	0.0188612
700000.0003	-0.021184
700000.0003	0.000575455
700000.0003	-0.0383452
700000.0003	0.00513245
700000.0003	0.0217742
700000.0003	0.0788817
700000.0003	0.0244119
700000.0003	0.00988674
700000.0003	-0.023466
700000.0003	0.0237739
700000.0003	-0.0270611
700000.0003	0.0383142
700000.0003	0.00509639
700000.0003	0.00334242
700000.0003	-0.00921769
700000.0003	-0.0641027
700000.0003	-0.0451464
700000.0003	0.032389
700000.0003	0.0109447
700000.0003	-0.00252754
700000.0003	-0.0129092
700000.0003	-0.0400197
700000.0003	0.0176618
700000.0003	-0.0671958
700000.0003	-0.00943746
700000.0003	0.00673811
700000.0003	0.00346321
700000.0003	0.0212496
700000.0003	-0.0111153
700000.0003	0.00517337
700000.0003	0.03558
700000.0003	0.0365958
700000.0003	-0.00432104
700000.0003	-0.0114956
700000.0003	-0.0126146
700000.0003	0.0137532
700000.0003	0.0193743
700000.0003	-0.0114838
700000.0003	-0.00691931
700000.0003	-0.0103892
700000.0003	0.00922098
700000.0003	-0.00842991
700000.0003	0.00759577
700000.0003	0.00405696
700000.0003	0.0126729
700000.0003	-0.00452275
700000.0003	0.00752484
700000.0003	-0.00304657
700000.0003	-0.0225856
700000.0003	0.0058542
700000.0003	0.0285898
700000.0003	0.0233949
700000.0003	0.00260884
700000.0003	0.00388901
700000.0003	-0.0110592
700000.0003	-0.000498667
700000.0003	0.0169802
700000.0003	0.0046799
700000.0003	-0.00206873
700000.0003	-0.0181722
700000.0003	0.00690057
700000.0003	-0.0119818
700000.0003	0.00778895
700000.0003	-0.00793764
700000.0003	-0.00444333
700000.0003	-0.0123337
700000.0003	0.00149023
700000.0003	0.00653608
700000.0003	0.00329031
700000.0003	-0.00431264
700000.0003	0.015056
700000.0003	0.00445034
700000.0003	-0.0021367
700000.0003	0.00234057
700000.0003	0.00697758
700000.0003	-0.00261101
700000.0003	-0.00852558
700000.0003	-0.0017184
700000.0003	-0.01014
700000.0003	-0.00449676
700000.0003	0.00156189
700000.0003	-0.00468214
700000.0003	0.00354919
700000.0003	7.08326e-05
700000.0003	-0.0115215
700000.0003	0.00125586
700000.0003	-0.0037944
700000.0003	0.00485535
700000.0003	-0.00749663
700000.0003	0.00338352
700000.0003	-0.000654396
700000.0003	-0.00661634
700000.0003	-0.0020621
700000.0003	-0.00431909
700000.0003	-0.00192165
700000.0003	-0.00580953
700000.0003	-0.000138968
700000.0003	0.000723497
700000.0003	-0.00288408
700000.0003	-0.00376412
700000.0003	-0.00180055
700000.0003	0.00233207
700000.0003	-0.0027323
700000.0003	-0.00201749
700000.0003	0.000183851
700000.0003	-0.000950371
700000.0003	0.00054951
700000.0003	-0.000842806
700000.0003	-0.00047609
700000.0003	-0.000341344
700000.0003	0.000607011
700000.0003	-0.000723445
700000.0003	0.000561543
700000.0003	6.883e-05
700000.0003	0.000996627
700000.0003	0.000575878
700000.0003	-0.000680288
700000.0003	0.000604093
700000.0003	-3.31245e-05
700000.0003	0.0002998
700000.0003	-0.000341213
700000.0003	0.000585632
700000.0003	-0.000248823
700000.0003	7.18267e-05
700000.0003	-7.49013e-05
700000.0003	-0.000338474
700000.0003	-0.000100505
700000.0003	-3.38585e-05
700000.0003	-0.000159829
700000.0003	-0.000157872
700000.0003	8.84426e-05
700000.0003	-0.000284788
700000.0003	-9.32323e-05
700000.0003	2.45584e-05
700000.0003	-8.93601e-06
700000.0003	1.29032e-05
700000.0003	0.000170237
700000.0003	-0.000102898
700000.0003	3.07574e-05
700000.0003	0.000142056
700000.0003	4.50631e-05
700000.0003	2.43905e-05
700000.0003	-0.000135405
700000.0003	1.72151e-05
700000.0003	7.01648e-05
700000.0003	-3.4473e-05
700000.0003	9.46982e-05
700000.0003	-7.08088e-05
700000.0003	4.56329e-05
700000.0003	4.48084e-05
700000.0003	-6.00052e-05
700000.0003	-4.28692e-05
700000.0003	-4.74619e-05
700000.0003	5.01734e-05
700000.0003	-3.10408e-05
700000.0003	7.71732e-06
700000.0003	-9.94129e-06
700000.0003	-3.71039e-05
700000.0003	3.88254e-05
700000.0003	2.81825e-05
700000.0003	-3.44081e-06
700000.0003	7.05498e-05
700000.0003	6.35385e-05
700000.0003	-3.79276e-05
700000.0003	5.47477e-05
700000.0003	-4.45621e-05
700000.0003	5.27282e-05
700000.0003	1.40661e-05
700000.0003	-2.38691e-05
700000.0003	4.88933e-05
700000.0003	-1.84095e-05
700000.0003	3.03576e-05
700000.0003	-1.21144e-05
700000.0003	-3.58672e-05
700000.0003	8.41642e-05
700000.0003	-1.52325e-05
700000.0003	-1.91354e-05
700000.0003	-6.24215e-05
700000.0003	-6.30075e-05
700000.0003	2.30296e-05
700000.0003	-4.10293e-05
700000.0003	4.82831e-05
700000.0003	-1.17237e-05
700000.0003	-3.00809e-05
700000.0003	-3.47724e-05
700000.0003	-3.3798e-07
700000.0003	-2.73813e-05
700000.0003	-2.67474e-05
700000.0003	4.60873e-05
700000.0003	-3.94156e-05
700000.0003	3.6698e-06
700000.0003	-6.15203e-05
700000.0003	6.39974e-05
700000.0003	8.16001e-05
700000.0003	-8.74218e-05
700000.0003	1.31982e-05
700000.0003	-2.56683e-05
700000.0003	-1.03146e-05
700000.0003	1.84486e-05
700000.0003	-6.27198e-05
700000.0003	-2.10742e-06
700000.0003	-2.01056e-05
700000.0003	1.75709e-05
700000.0003	3.33804e-06
700000.0003	-6.19963e-05
700000.0003	3.87242e-05
700000.0003	-7.02279e-05
700000.0003	-4.77444e-05
700000.0003	-6.72649e-06
700000.0003	-1.96748e-05
700000.0003	3.70084e-05
700000.0003	-1.65397e-05
700000.0003	2.22683e-05
700000.0003	6.94252e-05
700000.0003	9.27863e-05
700000.0003	0.000140063
700000.0003	-2.98406e-05
700000.0003	3.46061e-05
700000.0003	-4.01602e-05
700000.0003	1.90684e-05
700000.0003	4.31023e-06
700000.0003	-6.92104e-05
700000.0003	-3.53685e-05
700000.0003	5.77943e-05
700000.0003	-4.57325e-05
700000.0003	4.62676e-05
700000.0003	-8.61144e-05
700000.0003	-2.91823e-05
700000.0003	0.000147192
700000.0003	-1.67748e-05
700000.0003	-2.87648e-06
700000.0003	-2.54635e-05
700000.0003	1.99874e-05
700000.0003	-0.000130118
700000.0003	-9.56755e-06
700000.0003	0.000274614
700000.0003	3.26848e-05
700000.0003	7.18552e-05
700000.0003	-7.71161e-05
700000.0003	-0.000129289
700000.0003	0.000113872
700000.0003	0.000222918
700000.0003	3.28243e-05
700000.0003	0.0183337
700000.0003	0.0238971
700000.0003	0.0367749
700000.0003	0.0604111
700000.0003	0.100967
700000.0003	0.167082
700000.0003	0.266795
700000.0003	0.410226
700000.0003	0.609925
700000.0003	0.881919
700000.0003	1.25099
700000.0003	1.76236
700000.0003	2.44755
700000.0003	3.33972
700000.0003	4.46487
700000.0003	5.83385
700000.0003	7.44637
700000.0003	9.28735
700000.0003	11.2737
700000.0003	13.3261
700000.0003	15.25
700000.0003	16.9405
700000.0003	18.2373
700000.0003	19.0502
700000.0003	19.524
700000.0003	19.7159
700000.0003	19.6725
700000.0003	19.5202
700000.0003	19.4324
700000.0003	19.0234
700000.0003	18.7439
700000.0003	18.557
700000.0003	18.2461
700000.0003	17.9948
700000.0003	17.677
700000.0003	17.4733
700000.0003	17.1854
700000.0003	16.9583
700000.0003	16.6481
700000.0003	16.3662
700000.0003	16.0417
700000.0003	15.5897
700000.0003	15.317
700000.0003	15.1379
700000.0003	14.82
700000.0003	14.5135
700000.0003	14.4243
700000.0003	14.2464
700000.0003	14.0915
700000.0003	13.9463
700000.0003	13.7294
700000.0003	13.6351
700000.0003	13.4083
700000.0003	13.4161
700000.0003	13.1751
700000.0003	13.0917
700000.0003	13.0329
700000.0003	12.8448
700000.0003	12.7735
700000.0003	12.6879
700000.0003	12.5177
700000.0003	12.4811
700000.0003	12.3865
700000.0003	12.3527
700000.0003	12.26
700000.0003	12.2038
700000.0003	12.1262
700000.0003	12.0151
700000.0003	11.9164
700000.0003	11.9967
700000.0003	11.87
700000.0003	11.7661
700000.0003	11.7485
700000.0003	11.78
700000.0003	11.7034
700000.0003	11.5893
700000.0003	11.5708
700000.0003	11.4333
700000.0003	11.5191
700000.0003	11.3899
700000.0003	11.4666
700000.0003	11.3568
700000.0003	11.2869
700000.0003	11.2991
700000.0003	11.2489
700000.0003	11.2136
700000.0003	11.2136
700000.0003	11.1694
700000.0003	11.0993
700000.0003	11.1513
700000.0003	11.187
700000.0003	11.0383
700000.0003	11.1166
700000.0003	11.0291
700000.0003	11.0253
700000.0003	10.9344
700000.0003	10.9782
700000.0003	10.9184
700000.0003	10.9207
700000.0003	11.0083
700000.0003	10.9259
700000.0003	10.8276
700000.0003	10.8759
700000.0003	10.8587
700000.0003	10.8207
700000.0003	10.8534
700000.0003	10.8443
700000.0003	10.7667
700000.0003	10.8154
700000.0003	10.8135
700000.0003	10.8077
700000.0003	10.7992
700000.0003	10.8028
700000.0003	10.8049
700000.0003	10.7445
700000.0003	10.7654
700000.0003	10.7615
700000.0003	10.7127
700000.0003	10.7452
700000.0003	10.7231
700000.0003	10.6509
700000.0003	10.7569
700000.0003	10.6571
700000.0003	10.6596
700000.0003	10.7126
700000.0003	10.6105
700000.0003	10.6778
700000.0003	10.6664
700000.0003	10.6677
700000.0003	10.6929
700000.0003	10.6524
700000.0003	10.7108
700000.0003	10.5733
700000.0003	10.6406
700000.0003	10.7251
700000.0003	10.6946
700000.0003	10.5906
700000.0003	10.6875
700000.0003	10.713
700000.0003	10.6606
700000.0003	10.7475
700000.0003	10.5924
700000.0003	10.6217
700000.0003	10.6121
700000.0003	10.6384
700000.0003	10.6488
700000.0003	10.6298
700000.0003	10.6262
700000.0003	10.4838
700000.0003	10.5913
700000.0003	10.5075
700000.0003	10.4526
700000.0003	10.4763
700000.0003	10.4778
700000.0003	10.3883
700000.0003	10.4063
700000.0003	10.3686
700000.0003	10.2861
700000.0003	10.2655
700000.0003	10.2199
700000.0003	10.1595
700000.0003	10.0669
700000.0003	10.1195
700000.0003	10.0893
700000.0003	9.94459
700000.0003	10.0066
700000.0003	9.9374
700000.0003	9.9168
700000.0003	9.78629
700000.0003	9.80289
700000.0003	9.71492
700000.0003	9.63118
700000.0003	9.53699
700000.0003	9.56032
700000.0003	9.51369
700000.0003	9.47845
700000.0003	9.33572
700000.0003	9.27674
700000.0003	9.21314
700000.0003	9.17246
700000.0003	9.09919
700000.0003	9.12967
700000.0003	8.9829
700000.0003	8.89042
700000.0003	8.77734
700000.0003	8.77483
700000.0003	8.67168
700000.0003	8.60658
700000.0003	8.51007
700000.0003	8.46425
700000.0003	8.38703
700000.0003	8.2797
700000.0003	8.27492
700000.0003	8.19506
700000.0003	8.08013
700000.0003	8.00243
700000.0003	7.92688
700000.0003	7.79978
700000.0003	7.81574
700000.0003	7.69558
700000.0003	7.63936
700000.0003	7.56655
700000.0003	7.44223
700000.0003	7.38735
700000.0003	7.31741
700000.0003	7.24677
700000.0003	7.14467
700000.0003	7.06795
700000.0003	6.99879
700000.0003	6.92257
700000.0003	6.87497
700000.0003	6.74089
700000.0003	6.69049
700000.0003	6.64773
700000.0003	6.52807
700000.0003	6.4635
700000.0003	6.37735
700000.0003	6.31764
700000.0003	6.28641
700000.0003	6.17305
700000.0003	6.12476
700000.0003	6.09026
700000.0003	6.03421
700000.0003	5.96914
700000.0003	5.91387
700000.0003	5.877
700000.0003	5.85231
700000.0003	5.78668
700000.0003	5.7313
700000.0003	5.69289
700000.0003	5.6858
700000.0003	5.66831
700000.0003	5.60903
700000.0003	5.58642
700000.0003	5.53581
700000.0003	5.4956
700000.0003	5.45487
700000.0003	5.38398
700000.0003	5.31373
700000.0003	5.21647
700000.0003	5.12408
700000.0003	4.98333
700000.0003	4.82445
700000.0003	4.66148
700000.0003	4.46327
700000.0003	4.25213
700000.0003	4.03101
700000.0003	3.79348
700000.0003	3.54444
700000.0003	3.28687
700000.0003	3.03565
700000.0003	2.79495
700000.0003	2.56158
700000.0003	2.33885
700000.0003	2.12615
700000.0003	1.92995
700000.0003	1.74816
700000.0003	1.58068
700000.0003	1.42264
700000.0003	1.28328
700000.0003	1.15191
700000.0003	1.03283
700000.0003	0.927005
700000.0003	0.825272
700000.0003	0.73544
700000.0003	0.649807
700000.0003	0.575679
700000.0003	0.506938
700000.0003	0.442865
700000.0003	0.390104
700000.0003	0.341188
700000.0003	0.294554
700000.0003	0.254051
700000.0003	0.218569
700000.0003	0.188279
700000.0003	0.160898
700000.0003	0.136497
700000.0003	0.115623
700000.0003	0.0969189
700000.0003	0.0818533
700000.0003	0.0687371
700000.0003	0.0576762
700000.0003	0.0481635
700000.0003	0.0407932
700000.0003	0.0337915
700000.0003	0.0284422
700000.0003	0.0239303
700000.0003	0.0202407
700000.0003	0.0172012
700000.0003	0.0145787
700000.0003	0.0124812
700000.0003	0.0107623
700000.0003	0.0094069
700000.0003	0.0082694
700000.0003	0.0075282
700000.0003	0.00679489
700000.0003	0.00621418
700000.0003	0.00575943
700000.0003	0.00543768
700000.0003	0.00527609
700000.0003	0.00508768
700000.0003	0.00501713
700000.0003	0.0049107
700000.0003	0.00486276
700000.0003	0.00472553
700000.0003	0.00467124
700000.0003	0.00464974
700000.0003	0.00455989
700000.0003	0.00451187
700000.0003	0.00445165
700000.0003	0.00448198
700000.0003	0.00439614
700000.0003	0.00437555
700000.0003	0.00433312
700000.0003	0.00436582
700000.0003	0.00431619
700000.0003	0.00428233
700000.0003	0.00427435
700000.0003	0.00421811
700000.0003	0.00423601
700000.0003	0.0042285
700000.0003	0.00420959
700000.0003	0.00416418
700000.0003	0.0041473
700000.0003	0.00415319
700000.0003	0.00416497
700000.0003	0.00418301
700000.0003	0.00411869
700000.0003	0.00411978
700000.0003	0.00412423
700000.0003	0.00416143
700000.0003	0.00409678
700000.0003	0.00409267
700000.0003	0.00409217
700000.0003	0.00411137
700000.0003	0.0041501
700000.0003	0.00409575
700000.0003	0.0041048
700000.0003	0.00407946
700000.0003	0.004056
700000.0003	0.00411713
700000.0003	0.00406045
700000.0003	0.00414031
700000.0003	0.00410943
700000.0003	0.00412549
700000.0003	0.00411215
700000.0003	0.00414693
700000.0003	0.00414749
700000.0003	0.00411792
700000.0003	0.00414605
700000.0003	0.00415135
700000.0003	0.00418464
700000.0003	0.00412032
700000.0003	0.00421679
700000.0003	0.00414649
700000.0003	0.00416657
700000.0003	0.0042173
700000.0003	0.00426351
700000.0003	0.00426097
700000.0003	0.00421139
700000.0003	0.004274
700000.0003	0.00435521
700000.0003	0.00427436
700000.0003	0.00438419
700000.0003	0.00436584
700000.0003	0.0044021
700000.0003	0.00442119
700000.0003	0.00446692
700000.0003	0.00448361
700000.0003	0.0045311
700000.0003	0.00462169
700000.0003	0.00458881
700000.0003	0.00469891
700000.0003	0.00472156
700000.0003	0.00482475
700000.0003	0.00490913
700000.0003	0.00494223
700000.0003	0.00499808
700000.0003	0.00509069
700000.0003	0.00517033
700000.0003	0.00540021
700000.0003	0.00559863
700000.0003	0.00565667
700000.0003	0.00583283
700000.0003	0.0061199
700000.0003	0.00630367
700000.0003	0.00655972
700000.0003	0.00702848
700000.0003	0.00730301
700000.0003	0.00754057
700000.0003	0.00817021
700000.0003	0.00860758
700000.0003	0.00937837
700000.0003	0.0101271
700000.0003	0.0108682
700000.0003	0.0118519
700000.0003	0.0126834
700000.0003	0.0141394
700000.0003	0.0153402
700000.0003	0.0166374
