700000.0003	28.8951
700000.0003	99.4448
700000.0003	200.346
700000.0003	343.784
700000.0003	533.659
700000.0003	775.104
700000.0003	1071.68
700000.0003	1431.04
700000.0003	1834.66
700000.0003	2278.93
700000.0003	2783.57
700000.0003	3314.42
700000.0003	3863.19
700000.0003	4468.37
700000.0003	4995.7
700000.0003	5546.35
700000.0003	6013.88
700000.0003	6366.17
700000.0003	6701.45
700000.0003	6886.24
700000.0003	7012.47
700000.0003	7119.79
700000.0003	7104.74
700000.0003	7053.23
700000.0003	6943.66
700000.0003	6779.04
700000.0003	6589.29
700000.0003	6303.76
700000.0003	6074.23
700000.0003	5739.09
700000.0003	5363.3
700000.0003	4973.08
700000.0003	4511.76
700000.0003	4024.82
700000.0003	3520.07
700000.0003	2977.01
700000.0003	2380.49
700000.0003	1739.57
700000.0003	1066.2
700000.0003	363.126
700000.0003	0
700000.0003	0
700000.0003	0
700000.0003	0
700000.0003	0
700000.0003	0
700000.0003	0
700000.0003	0
700000.0003	0
700000.0003	0
700000.0003	0
700000.0003	0
700000.0003	0
700000.0003	0
700000.0003	0
700000.0003	0
700000.0003	0
700000.0003	0
700000.0003	0
700000.0003	0
700000.0003	0
700000.0003	0
700000.0003	0
700000.0003	0
700000.0003	0
700000.0003	0
700000.0003	0
700000.0003	0
700000.0003	0
700000.0003	0
700000.0003	0
700000.0003	0
700000.0003	0
700000.0003	0
700000.0003	0
700000.0003	0
700000.0003	0
700000.0003	0
700000.0003	0
700000.0003	0
700000.0003	0
700000.0003	0
700000.0003	0
700000.0003	0
700000.0003	0
700000.0003	0
700000.0003	0
700000.0003	0
700000.0003	0
700000.0003	0
700000.0003	0
700000.0003	0
700000.0003	0
700000.0003	0
700000.0003	0
700000.0003	0
700000.0003	0
700000.0003	0
700000.0003	0
700000.0003	0
700000.0003	0
700000.0003	0
700000.0003	0
700000.0003	0
700000.0003	0
700000.0003	0
700000.0003	0
700000.0003	0
700000.0003	0
700000.0003	0
700000.0003	0
700000.0003	0
700000.0003	0
700000.0003	0
700000.0003	0
700000.0003	0
700000.0003	0
700000.0003	0
700000.0003	0
700000.0003	0
700000.0003	0
700000.0003	0
700000.0003	0
700000.0003	0
700000.0003	0
700000.0003	0
700000.0003	0
700000.0003	0
700000.0003	0
700000.0003	0
700000.0003	0
700000.0003	0
700000.0003	0
700000.0003	0
700000.0003	0
700000.0003	0
700000.0003	0
700000.0003	0
700000.0003	0
700000.0003	0
700000.0003	-23.6562
700000.0003	-70.5007
700000.0003	-117.016
700000.0003	-162.877
700000.0003	-207.299
700000.0003	-252.858
700000.0003	-295.979
700000.0003	-340.27
700000.0003	-378.787
700000.0003	-427.337
700000.0003	-467.347
700000.0003	-509.687
700000.0003	-548.119
700000.0003	-590.748
700000.0003	-628.792
700000.0003	-671.885
700000.0003	-706.215
700000.0003	-737.786
700000.0003	-777.354
700000.0003	-814.548
700000.0003	-849.608
700000.0003	-888.031
700000.0003	-921.662
700000.0003	-960.884
700000.0003	-984.937
700000.0003	-1016.46
700000.0003	-1055.53
700000.0003	-1083.04
700000.0003	-1115.02
700000.0003	-1145.64
700000.0003	-1176.05
700000.0003	-1215.68
700000.0003	-1236.85
700000.0003	-1272.38
700000.0003	-1290.88
700000.0003	-1320.34
700000.0003	-1341.39
700000.0003	-1372.28
700000.0003	-1388.97
700000.0003	-1421.78
700000.0003	-1446.18
700000.0003	-1477.42
700000.0003	-1490.86
700000.0003	-1501.21
700000.0003	-1534.77
700000.0003	-1567.59
700000.0003	-1574.16
700000.0003	-1599.26
700000.0003	-1628.9
700000.0003	-1640.47
700000.0003	-1662.72
700000.0003	-1668.48
700000.0003	-1693.76
700000.0003	-1706.09
700000.0003	-1719.59
700000.0003	-1731.24
700000.0003	-1749.17
700000.0003	-1767.48
700000.0003	-1781.78
700000.0003	-1798.45
700000.0003	-1813.46
700000.0003	-1825.18
700000.0003	-1830.77
700000.0003	-1839.17
700000.0003	-1864.11
700000.0003	-1860.72
700000.0003	-1860.01
700000.0003	-1867.11
700000.0003	-1878.28
700000.0003	-1892.15
700000.0003	-1899.07
700000.0003	-1903.49
700000.0003	-1910.87
700000.0003	-1906.45
700000.0003	-1921.91
700000.0003	-1925.81
700000.0003	-1924.59
700000.0003	-1927.31
700000.0003	-1925.57
700000.0003	-1923.9
700000.0003	-1921.81
700000.0003	-1931.78
700000.0003	-1935.5
700000.0003	-1930.47
700000.0003	-1910.83
700000.0003	-1922.41
700000.0003	-1908.68
700000.0003	-1901.25
700000.0003	-1903.29
700000.0003	-1896.19
700000.0003	-1881.38
700000.0003	-1882.05
700000.0003	-1873.94
700000.0003	-1861.91
700000.0003	-1839.33
700000.0003	-1840.69
700000.0003	-1820.49
700000.0003	-1805.02
700000.0003	-1781.3
700000.0003	-1768.02
700000.0003	-1745.42
700000.0003	-1715.63
700000.0003	-1684.97
700000.0003	-1654.15
700000.0003	-1624.92
700000.0003	-1579.87
700000.0003	-1537.63
700000.0003	-1497.64
700000.0003	-1453.9
700000.0003	-1398.69
700000.0003	-1343.8
700000.0003	-1287.2
700000.0003	-1223.25
700000.0003	-1164.06
700000.0003	-1100.22
700000.0003	-1036.07
700000.0003	-972.828
700000.0003	-912.014
700000.0003	-849.954
700000.0003	-789.551
700000.0003	-729.527
700000.0003	-671.654
700000.0003	-614.944
700000.0003	-561.781
700000.0003	-512.568
700000.0003	-465.492
700000.0003	-419.352
700000.0003	-375.686
700000.0003	-334.508
700000.0003	-299.427
700000.0003	-263.97
700000.0003	-233.543
700000.0003	-204.442
700000.0003	-179.656
700000.0003	-155.341
700000.0003	-134.801
700000.0003	-115.259
700000.0003	-99.9301
700000.0003	-85.2337
700000.0003	-72.3596
700000.0003	-61.6265
700000.0003	-51.9397
700000.0003	-44.1094
700000.0003	-37.1875
700000.0003	-31.8296
700000.0003	-26.7697
700000.0003	-22.4086
700000.0003	-18.6414
700000.0003	-15.8334
700000.0003	-13.5115
700000.0003	-11.0904
700000.0003	-9.15949
700000.0003	-7.39612
700000.0003	-5.94323
700000.0003	-4.7758
700000.0003	-3.74019
700000.0003	-2.76653
700000.0003	-1.87761
700000.0003	-1.11637
700000.0003	-0.364284
700000.0003	0
700000.0003	0
700000.0003	0
700000.0003	0
700000.0003	0
700000.0003	0
700000.0003	0
700000.0003	0
700000.0003	0
700000.0003	0
700000.0003	0
700000.0003	0
700000.0003	0
700000.0003	0
700000.0003	0
700000.0003	0
700000.0003	0
700000.0003	0
700000.0003	0
700000.0003	0
700000.0003	0
700000.0003	0
700000.0003	0
700000.0003	0
700000.0003	0
700000.0003	0
700000.0003	0
700000.0003	0
700000.0003	0
700000.0003	0
700000.0003	0
700000.0003	0
700000.0003	0
700000.0003	0
700000.0003	0
700000.0003	0
700000.0003	0
700000.0003	0
700000.0003	0
700000.0003	0
700000.0003	0
700000.0003	0
700000.0003	0
700000.0003	0
700000.0003	0
700000.0003	0
700000.0003	0
700000.0003	0
700000.0003	0
700000.0003	0
700000.0003	0
700000.0003	0
700000.0003	0
700000.0003	0
700000.0003	0
700000.0003	0
700000.0003	0
700000.0003	0
700000.0003	0
700000.0003	0
700000.0003	0
700000.0003	0
700000.0003	0
700000.0003	0
700000.0003	0
700000.0003	0
700000.0003	0
700000.0003	0
700000.0003	0
700000.0003	0
700000.0003	0
700000.0003	0
700000.0003	0
700000.0003	0
700000.0003	0
700000.0003	0
700000.0003	0
700000.0003	0
700000.0003	0
700000.0003	0
700000.0003	0
700000.0003	0
700000.0003	0
700000.0003	0
700000.0003	0
700000.0003	0
700000.0003	0
700000.0003	0
700000.0003	0
700000.0003	0
700000.0003	0
700000.0003	0
700000.0003	0
700000.0003	0
700000.0003	0
700000.0003	0
700000.0003	0
700000.0003	0
700000.0003	0
700000.0003	0
700000.0003	-0.112342
700000.0003	-0.210551
700000.0003	-0.57889
700000.0003	-2.12492
700000.0003	2.35331
700000.0003	9.13556
700000.0003	0.173085
700000.0003	-1.09646
700000.0003	-2.13618
700000.0003	4.5652
700000.0003	-12.4486
700000.0003	-5.92489
700000.0003	2.56231
700000.0003	-17.6451
700000.0003	-25.6701
700000.0003	29.149
700000.0003	-1.39027
700000.0003	-15.3444
700000.0003	5.07325
700000.0003	-14.2241
700000.0003	21.3625
700000.0003	-8.3675
700000.0003	-8.71845
700000.0003	-31.1313
700000.0003	19.3329
700000.0003	-1.49134
700000.0003	-12.0108
700000.0003	19.7984
700000.0003	-39.5213
700000.0003	-20.4331
700000.0003	-31.5201
700000.0003	-2.02115
700000.0003	-10.3235
700000.0003	8.08731
700000.0003	-10.8166
700000.0003	-5.67413
700000.0003	2.51792
700000.0003	-4.65211
700000.0003	-5.2352
700000.0003	-0.413402
700000.0003	0
700000.0003	0
700000.0003	0
700000.0003	0
700000.0003	0
700000.0003	0
700000.0003	0
700000.0003	0
700000.0003	0
700000.0003	0
700000.0003	0
700000.0003	0
700000.0003	0
700000.0003	0
700000.0003	0
700000.0003	0
700000.0003	0
700000.0003	0
700000.0003	0
700000.0003	0
700000.0003	0
700000.0003	0
700000.0003	0
700000.0003	0
700000.0003	0
700000.0003	0
700000.0003	0
700000.0003	0
700000.0003	0
700000.0003	0
700000.0003	0
700000.0003	0
700000.0003	0
700000.0003	0
700000.0003	0
700000.0003	0
700000.0003	0
700000.0003	0
700000.0003	0
700000.0003	0
700000.0003	0
700000.0003	0
700000.0003	0
700000.0003	0
700000.0003	0
700000.0003	0
700000.0003	0
700000.0003	0
700000.0003	0
700000.0003	0
700000.0003	0
700000.0003	0
700000.0003	0
700000.0003	0
700000.0003	0
700000.0003	0
700000.0003	0
700000.0003	0
700000.0003	0
700000.0003	0
700000.0003	0
700000.0003	0
700000.0003	0
700000.0003	0
700000.0003	0
700000.0003	0
700000.0003	0
700000.0003	0
700000.0003	0
700000.0003	0
700000.0003	0
700000.0003	0
700000.0003	0
700000.0003	0
700000.0003	0
700000.0003	0
700000.0003	0
700000.0003	0
700000.0003	0
700000.0003	0
700000.0003	0
700000.0003	0
700000.0003	0
700000.0003	0
700000.0003	0
700000.0003	0
700000.0003	0
700000.0003	0
700000.0003	0
700000.0003	0
700000.0003	0
700000.0003	0
700000.0003	0
700000.0003	0
700000.0003	0
700000.0003	0
700000.0003	0
700000.0003	0
700000.0003	0
700000.0003	0
700000.0003	0.0527535
700000.0003	0.220286
700000.0003	0.0272831
700000.0003	0.665992
700000.0003	-0.0534531
700000.0003	-0.320011
700000.0003	1.696
700000.0003	-0.716582
700000.0003	0.324017
700000.0003	-0.207395
700000.0003	-1.8305
700000.0003	0.936632
700000.0003	-0.0401433
700000.0003	0.743914
700000.0003	0.347527
700000.0003	-1.99708
700000.0003	-1.33098
700000.0003	1.5634
700000.0003	-0.0363093
700000.0003	3.14382
700000.0003	-0.428303
700000.0003	-1.92564
700000.0003	-7.26666
700000.0003	-2.30416
700000.0003	-0.983858
700000.0003	2.47337
700000.0003	-2.59546
700000.0003	3.01612
700000.0003	-4.38368
700000.0003	-0.590692
700000.0003	-0.421561
700000.0003	1.17031
700000.0003	8.40514
700000.0003	6.08
700000.0003	-4.49836
700000.0003	-1.59369
700000.0003	0.355066
700000.0003	1.92023
700000.0003	6.15397
700000.0003	-2.79024
700000.0003	10.8912
700000.0003	1.57556
700000.0003	-1.13534
700000.0003	-0.531424
700000.0003	-3.82892
700000.0003	1.99485
700000.0003	-0.96238
700000.0003	-6.7871
700000.0003	-7.09915
700000.0003	0.858171
700000.0003	2.3278
700000.0003	2.62128
700000.0003	-2.90749
700000.0003	-4.16762
700000.0003	2.50243
700000.0003	1.56224
700000.0003	2.39906
700000.0003	-2.16948
700000.0003	2.02012
700000.0003	-1.83625
700000.0003	-0.999617
700000.0003	-3.23484
700000.0003	1.1325
700000.0003	-1.93967
700000.0003	0.819025
700000.0003	6.13586
700000.0003	-1.62584
700000.0003	-8.04257
700000.0003	-6.68582
700000.0003	-0.767758
700000.0003	-1.17147
700000.0003	3.34115
700000.0003	0.137884
700000.0003	-5.32326
700000.0003	-1.49952
700000.0003	0.675836
700000.0003	5.99683
700000.0003	-2.3257
700000.0003	4.09989
700000.0003	-2.71578
700000.0003	2.79923
700000.0003	1.58492
700000.0003	4.52377
700000.0003	-0.564099
700000.0003	-2.46737
700000.0003	-1.25945
700000.0003	1.706
700000.0003	-6.0301
700000.0003	-1.80399
700000.0003	0.880219
700000.0003	-0.990722
700000.0003	-2.99204
700000.0003	1.14572
700000.0003	3.81404
700000.0003	0.783916
700000.0003	4.64543
700000.0003	2.10294
700000.0003	-0.729148
700000.0003	2.28806
700000.0003	-1.76622
700000.0003	-0.0608879
700000.0003	5.94007
700000.0003	-0.683435
700000.0003	2.02125
700000.0003	-2.64349
700000.0003	4.1665
700000.0003	-1.92001
700000.0003	0.375441
700000.0003	3.94498
700000.0003	1.21355
700000.0003	2.6567
700000.0003	1.18684
700000.0003	3.68978
700000.0003	0.0968246
700000.0003	-0.480012
700000.0003	1.9488
700000.0003	2.60776
700000.0003	1.25889
700000.0003	-1.66991
700000.0003	2.00803
700000.0003	1.48909
700000.0003	-0.127424
700000.0003	0.744815
700000.0003	-0.431006
700000.0003	0.685038
700000.0003	0.391635
700000.0003	0.29271
700000.0003	-0.517465
700000.0003	0.64199
700000.0003	-0.501227
700000.0003	-0.0638637
700000.0003	-0.92592
700000.0003	-0.540292
700000.0003	0.653789
700000.0003	-0.595878
700000.0003	0.035694
700000.0003	-0.30482
700000.0003	0.351187
700000.0003	-0.608817
700000.0003	0.26264
700000.0003	-0.0762316
700000.0003	0.0799126
700000.0003	0.364503
700000.0003	0.108567
700000.0003	0.0368329
700000.0003	0.171662
700000.0003	0.168508
700000.0003	-0.0928401
700000.0003	0.29
700000.0003	0.0903729
700000.0003	-0.0227718
700000.0003	0.00853894
700000.0003	-0.0116329
700000.0003	-0.126883
700000.0003	0.0664084
700000.0003	-0.0169131
700000.0003	-0.0694918
700000.0003	-0.0126437
700000.0003	-0.00488431
700000.0003	0.00664179
700000.0003	0
700000.0003	0
700000.0003	0
700000.0003	0
700000.0003	0
700000.0003	0
700000.0003	0
700000.0003	0
700000.0003	0
700000.0003	0
700000.0003	0
700000.0003	0
700000.0003	0
700000.0003	0
700000.0003	0
700000.0003	0
700000.0003	0
700000.0003	0
700000.0003	0
700000.0003	0
700000.0003	0
700000.0003	0
700000.0003	0
700000.0003	0
700000.0003	0
700000.0003	0
700000.0003	0
700000.0003	0
700000.0003	0
700000.0003	0
700000.0003	0
700000.0003	0
700000.0003	0
700000.0003	0
700000.0003	0
700000.0003	0
700000.0003	0
700000.0003	0
700000.0003	0
700000.0003	0
700000.0003	0
700000.0003	0
700000.0003	0
700000.0003	0
700000.0003	0
700000.0003	0
700000.0003	0
700000.0003	0
700000.0003	0
700000.0003	0
700000.0003	0
700000.0003	0
700000.0003	0
700000.0003	0
700000.0003	0
700000.0003	0
700000.0003	0
700000.0003	0
700000.0003	0
700000.0003	0
700000.0003	0
700000.0003	0
700000.0003	0
700000.0003	0
700000.0003	0
700000.0003	0
700000.0003	0
700000.0003	0
700000.0003	0
700000.0003	0
700000.0003	0
700000.0003	0
700000.0003	0
700000.0003	0
700000.0003	0
700000.0003	0
700000.0003	0
700000.0003	0
700000.0003	0
700000.0003	0
700000.0003	0
700000.0003	0
700000.0003	0
700000.0003	0
700000.0003	0
700000.0003	0
700000.0003	0
700000.0003	0
700000.0003	0
700000.0003	0
700000.0003	0
700000.0003	0
700000.0003	0
700000.0003	0
700000.0003	0
700000.0003	0
700000.0003	0
700000.0003	0
700000.0003	0
700000.0003	0
