700000.0003	0.0262071
700000.0003	0.0356346
700000.0003	0.0527614
700000.0003	0.0809078
700000.0003	0.12445
700000.0003	0.188827
700000.0003	0.278042
700000.0003	0.39906
700000.0003	0.553459
700000.0003	0.748739
700000.0003	0.977644
700000.0003	1.27026
700000.0003	1.60298
700000.0003	1.99634
700000.0003	2.41894
700000.0003	2.87708
700000.0003	3.3399
700000.0003	3.82583
700000.0003	4.28322
700000.0003	4.7488
700000.0003	5.20052
700000.0003	5.62869
700000.0003	6.06337
700000.0003	6.43351
700000.0003	6.85817
700000.0003	7.22232
700000.0003	7.59312
700000.0003	7.87584
700000.0003	8.21922
700000.0003	8.52456
700000.0003	8.81987
700000.0003	9.09819
700000.0003	9.29608
700000.0003	9.56958
700000.0003	9.75413
700000.0003	9.92159
700000.0003	10.043
700000.0003	10.1434
700000.0003	10.2281
700000.0003	10.314
700000.0003	10.2122
700000.0003	10.2509
700000.0003	10.2629
700000.0003	10.2833
700000.0003	10.3191
700000.0003	10.2242
700000.0003	10.2786
700000.0003	10.3018
700000.0003	10.2958
700000.0003	10.2353
700000.0003	10.2986
700000.0003	10.2352
700000.0003	10.1901
700000.0003	10.2584
700000.0003	10.3346
700000.0003	10.3375
700000.0003	10.3221
700000.0003	10.355
700000.0003	10.2557
700000.0003	10.3582
700000.0003	10.2978
700000.0003	10.3666
700000.0003	10.2849
700000.0003	10.2879
700000.0003	10.342
700000.0003	10.3302
700000.0003	10.4084
700000.0003	10.4118
700000.0003	10.2746
700000.0003	10.3585
700000.0003	10.2996
700000.0003	10.3454
700000.0003	10.338
700000.0003	10.2954
700000.0003	10.3125
700000.0003	10.3901
700000.0003	10.3452
700000.0003	10.3546
700000.0003	10.3362
700000.0003	10.3501
700000.0003	10.3638
700000.0003	10.3641
700000.0003	10.3664
700000.0003	10.3976
700000.0003	10.3305
700000.0003	10.3762
700000.0003	10.3203
700000.0003	10.3285
700000.0003	10.3919
700000.0003	10.4573
700000.0003	10.3903
700000.0003	10.3538
700000.0003	10.3612
700000.0003	10.3892
700000.0003	10.4133
700000.0003	10.3552
700000.0003	10.329
700000.0003	10.4186
700000.0003	10.4236
700000.0003	10.422
700000.0003	10.382
700000.0003	10.3827
700000.0003	10.4116
700000.0003	10.3726
700000.0003	10.3675
700000.0003	10.4445
700000.0003	10.4186
700000.0003	10.4274
700000.0003	10.3872
700000.0003	10.4193
700000.0003	10.457
700000.0003	10.4113
700000.0003	10.4486
700000.0003	10.4149
700000.0003	10.4129
700000.0003	10.4683
700000.0003	10.398
700000.0003	10.4122
700000.0003	10.3602
700000.0003	10.4119
700000.0003	10.3778
700000.0003	10.385
700000.0003	10.3729
700000.0003	10.4136
700000.0003	10.4321
700000.0003	10.4391
700000.0003	10.4969
700000.0003	10.4489
700000.0003	10.4439
700000.0003	10.392
700000.0003	10.4795
700000.0003	10.5029
700000.0003	10.3506
700000.0003	10.4472
700000.0003	10.5203
700000.0003	10.5455
700000.0003	10.4419
700000.0003	10.5188
700000.0003	10.454
700000.0003	10.4525
700000.0003	10.4673
700000.0003	10.4722
700000.0003	10.4763
700000.0003	10.4288
700000.0003	10.4842
700000.0003	10.4414
700000.0003	10.4834
700000.0003	10.4734
700000.0003	10.4317
700000.0003	10.3684
700000.0003	10.3303
700000.0003	10.3381
700000.0003	10.306
700000.0003	10.356
700000.0003	10.255
700000.0003	10.2243
700000.0003	10.1608
700000.0003	10.1365
700000.0003	10.0782
700000.0003	10.1355
700000.0003	10.0736
700000.0003	10.022
700000.0003	10.0672
700000.0003	9.9093
700000.0003	9.93684
700000.0003	9.804
700000.0003	9.78312
700000.0003	9.68215
700000.0003	9.65451
700000.0003	9.61395
700000.0003	9.61211
700000.0003	9.48662
700000.0003	9.48774
700000.0003	9.3233
700000.0003	9.40434
700000.0003	9.23238
700000.0003	9.18568
700000.0003	9.0799
700000.0003	9.13578
700000.0003	8.99864
700000.0003	8.91918
700000.0003	8.8441
700000.0003	8.78042
700000.0003	8.70215
700000.0003	8.69382
700000.0003	8.60924
700000.0003	8.49688
700000.0003	8.42574
700000.0003	8.33415
700000.0003	8.20387
700000.0003	8.13535
700000.0003	8.09282
700000.0003	8.0197
700000.0003	7.89127
700000.0003	7.85639
700000.0003	7.73596
700000.0003	7.65102
700000.0003	7.54627
700000.0003	7.48171
700000.0003	7.38035
700000.0003	7.35869
700000.0003	7.20869
700000.0003	7.11303
700000.0003	7.02528
700000.0003	6.9354
700000.0003	6.82101
700000.0003	6.75327
700000.0003	6.67057
700000.0003	6.61512
700000.0003	6.46931
700000.0003	6.40674
700000.0003	6.32089
700000.0003	6.19786
700000.0003	6.08875
700000.0003	5.99484
700000.0003	5.89948
700000.0003	5.84202
700000.0003	5.71689
700000.0003	5.63143
700000.0003	5.53126
700000.0003	5.42919
700000.0003	5.34544
700000.0003	5.26166
700000.0003	5.13161
700000.0003	5.06975
700000.0003	4.94958
700000.0003	4.86713
700000.0003	4.76316
700000.0003	4.67002
700000.0003	4.55977
700000.0003	4.48792
700000.0003	4.38203
700000.0003	4.28816
700000.0003	4.19036
700000.0003	4.06814
700000.0003	3.9793
700000.0003	3.88163
700000.0003	3.7746
700000.0003	3.65867
700000.0003	3.55705
700000.0003	3.44888
700000.0003	3.33994
700000.0003	3.223
700000.0003	3.11316
700000.0003	2.96774
700000.0003	2.85817
700000.0003	2.72987
700000.0003	2.59293
700000.0003	2.46725
700000.0003	2.34133
700000.0003	2.19842
700000.0003	2.06869
700000.0003	1.92894
700000.0003	1.79139
700000.0003	1.67047
700000.0003	1.54294
700000.0003	1.42156
700000.0003	1.30089
700000.0003	1.18797
700000.0003	1.07951
700000.0003	0.975934
700000.0003	0.882634
700000.0003	0.795647
700000.0003	0.712422
700000.0003	0.633069
700000.0003	0.564057
700000.0003	0.499875
700000.0003	0.438953
700000.0003	0.384216
700000.0003	0.335185
700000.0003	0.290677
700000.0003	0.252518
700000.0003	0.216319
700000.0003	0.186558
700000.0003	0.159421
700000.0003	0.134784
700000.0003	0.114561
700000.0003	0.096643
700000.0003	0.0817182
700000.0003	0.068107
700000.0003	0.058015
700000.0003	0.0486144
700000.0003	0.040925
700000.0003	0.0345382
700000.0003	0.029683
700000.0003	0.0248464
700000.0003	0.0209902
700000.0003	0.0177373
700000.0003	0.0153039
700000.0003	0.0132576
700000.0003	0.0116353
700000.0003	0.0101467
700000.0003	0.00915659
700000.0003	0.00810425
700000.0003	0.00726346
700000.0003	0.0067044
700000.0003	0.00624546
700000.0003	0.00586024
700000.0003	0.00552699
700000.0003	0.00530911
700000.0003	0.00523558
700000.0003	0.00519477
700000.0003	0.00507256
700000.0003	0.00498307
700000.0003	0.00486767
700000.0003	0.00483525
700000.0003	0.0047879
700000.0003	0.00475481
700000.0003	0.00468686
700000.0003	0.00467678
700000.0003	0.00456546
700000.0003	0.00457106
700000.0003	0.00453681
700000.0003	0.00450115
700000.0003	0.00446801
700000.0003	0.00437815
700000.0003	0.00440194
700000.0003	0.00430515
700000.0003	0.00435024
700000.0003	0.0043372
700000.0003	0.00426265
700000.0003	0.00428307
700000.0003	0.00427167
700000.0003	0.00425756
700000.0003	0.00417744
700000.0003	0.00423714
700000.0003	0.00417726
700000.0003	0.00416419
700000.0003	0.00420083
700000.0003	0.00415944
700000.0003	0.00415806
700000.0003	0.00412121
700000.0003	0.00413977
700000.0003	0.00414038
700000.0003	0.00415432
700000.0003	0.0041568
700000.0003	0.00406974
700000.0003	0.00407912
700000.0003	0.00409012
700000.0003	0.0041219
700000.0003	0.0041096
700000.0003	0.00416926
700000.0003	0.00411839
700000.0003	0.00415778
700000.0003	0.00418872
700000.0003	0.00423254
700000.0003	0.00415019
700000.0003	0.00415746
700000.0003	0.00415045
700000.0003	0.00417101
700000.0003	0.00420182
700000.0003	0.00424923
700000.0003	0.004221
700000.0003	0.00415276
700000.0003	0.00428731
700000.0003	0.00417333
700000.0003	0.00434073
700000.0003	0.00429322
700000.0003	0.00431672
700000.0003	0.00428852
700000.0003	0.00433339
700000.0003	0.00435249
700000.0003	0.00433044
700000.0003	0.00438571
700000.0003	0.00449274
700000.0003	0.00449933
700000.0003	0.00456106
700000.0003	0.0045842
700000.0003	0.00470537
700000.0003	0.00466207
700000.0003	0.00476411
700000.0003	0.00483182
700000.0003	0.00488299
700000.0003	0.00491296
700000.0003	0.00489093
700000.0003	0.00513878
700000.0003	0.00510845
700000.0003	0.00528598
700000.0003	0.00531373
700000.0003	0.00535624
700000.0003	0.00558201
700000.0003	0.0056905
700000.0003	0.0057603
700000.0003	0.00600046
700000.0003	0.00612749
700000.0003	0.00652879
700000.0003	0.00675793
700000.0003	0.00693954
700000.0003	0.00732345
700000.0003	0.00741635
700000.0003	0.00791393
700000.0003	0.00844325
700000.0003	0.00910244
700000.0003	0.00967776
700000.0003	0.0105917
700000.0003	0.0121383
700000.0003	0.0134614
700000.0003	0.0152423
700000.0003	0.018233
700000.0003	0.0207833
700000.0003	0.000162743
700000.0003	0.000253305
700000.0003	0.000526372
700000.0003	0.000712107
700000.0003	-3.10126e-05
700000.0003	0.000861795
700000.0003	-0.000593703
700000.0003	0.000691507
700000.0003	9.67283e-05
700000.0003	-0.0014217
700000.0003	-0.00297846
700000.0003	0.00272839
700000.0003	0.0091608
700000.0003	0.00640441
700000.0003	-0.00889176
700000.0003	0.0122365
700000.0003	0.0106551
700000.0003	0.00801857
700000.0003	0.00370519
700000.0003	0.00621567
700000.0003	-0.00749481
700000.0003	-0.0297268
700000.0003	-0.0257325
700000.0003	0.0212311
700000.0003	-0.00207765
700000.0003	0.0199267
700000.0003	-0.0162001
700000.0003	-0.0341012
700000.0003	0.0114413
700000.0003	-0.0346908
700000.0003	-0.00811026
700000.0003	0.010073
700000.0003	-0.0336255
700000.0003	0.0101721
700000.0003	-0.00298659
700000.0003	-0.0112333
700000.0003	-0.0369563
700000.0003	0.001334
700000.0003	-0.000219525
700000.0003	-0.00334594
700000.0003	-0.00556522
700000.0003	-0.0155741
700000.0003	0.0254875
700000.0003	-0.0166351
700000.0003	0.0111014
700000.0003	0.000869595
700000.0003	0.00626287
700000.0003	-0.00790564
700000.0003	0.0430155
700000.0003	-0.0136612
700000.0003	0.00222884
700000.0003	0.0284813
700000.0003	-0.0110373
700000.0003	0.0184847
700000.0003	0.0421735
700000.0003	0.0165591
700000.0003	-0.0478059
700000.0003	0.022225
700000.0003	-0.0038884
700000.0003	0.00468602
700000.0003	-0.00574792
700000.0003	-0.000423084
700000.0003	0.0304393
700000.0003	0.0531575
700000.0003	-0.00939469
700000.0003	-0.00376066
700000.0003	0.0332196
700000.0003	-0.031566
700000.0003	-0.00991553
700000.0003	-0.0162212
700000.0003	-0.015619
700000.0003	-0.00462296
700000.0003	0.0397414
700000.0003	0.0228581
700000.0003	-0.00187697
700000.0003	-0.00716969
700000.0003	-0.0173124
700000.0003	-0.00179619
700000.0003	-0.0224418
700000.0003	0.0267863
700000.0003	0.0242589
700000.0003	-0.0521627
700000.0003	-0.0154917
700000.0003	-0.0226826
700000.0003	-0.0145042
700000.0003	0.0367624
700000.0003	-0.010551
700000.0003	0.00213039
700000.0003	0.032745
700000.0003	-0.00662242
700000.0003	0.00290815
700000.0003	-0.0412654
700000.0003	0.037121
700000.0003	-0.019813
700000.0003	-0.00722836
700000.0003	0.0155037
700000.0003	-0.0280147
700000.0003	0.0064212
700000.0003	0.0185121
700000.0003	0.0107409
700000.0003	0.0124173
700000.0003	0.0139255
700000.0003	0.00683198
700000.0003	0.0345398
700000.0003	0.0126797
700000.0003	0.00915549
700000.0003	0.0139976
700000.0003	-0.0319231
700000.0003	-0.00776079
700000.0003	-0.00940846
700000.0003	-0.0429533
700000.0003	0.0312475
700000.0003	-0.0174691
700000.0003	-0.0155653
700000.0003	-0.0164301
700000.0003	0.00297649
700000.0003	-0.00983329
700000.0003	-0.0168172
700000.0003	0.00837579
700000.0003	0.0265752
700000.0003	-0.00639012
700000.0003	0.0139395
700000.0003	-0.00783876
700000.0003	0.0204616
700000.0003	0.0283886
700000.0003	-0.0135379
700000.0003	0.0526065
700000.0003	0.0350641
700000.0003	0.00677755
700000.0003	0.0182334
700000.0003	-0.0282974
700000.0003	-0.040189
700000.0003	-0.0215208
700000.0003	-0.0027496
700000.0003	-0.00380338
700000.0003	0.0132053
700000.0003	0.0249228
700000.0003	-0.0422626
700000.0003	-0.0177474
700000.0003	0.00906304
700000.0003	0.000360939
700000.0003	0.0143858
700000.0003	-0.000722909
700000.0003	0.0104555
700000.0003	0.00899926
700000.0003	-0.0118217
700000.0003	-0.0115237
700000.0003	-0.0301639
700000.0003	0.0320407
700000.0003	-0.0519942
700000.0003	0.0231294
700000.0003	-0.037157
700000.0003	0.0139225
700000.0003	-0.0152333
700000.0003	-0.0119347
700000.0003	0.00808869
700000.0003	0.0164057
700000.0003	0.0230582
700000.0003	-0.00734674
700000.0003	0.0145153
700000.0003	-0.0236489
700000.0003	0.0123313
700000.0003	-0.0191816
700000.0003	0.0110796
700000.0003	0.00712332
700000.0003	-0.00619701
700000.0003	-0.0251864
700000.0003	0.00151044
700000.0003	-0.0146789
700000.0003	-0.0166562
700000.0003	-0.00350001
700000.0003	0.0313175
700000.0003	0.00171441
700000.0003	0.0188801
700000.0003	0.0360605
700000.0003	-0.0101041
700000.0003	-0.0151692
700000.0003	-0.00422306
700000.0003	-0.000953495
700000.0003	0.023685
700000.0003	0.0192655
700000.0003	0.0142679
700000.0003	-0.00198695
700000.0003	0.0100565
700000.0003	-0.0090939
700000.0003	-0.000351029
700000.0003	0.0256698
700000.0003	0.0115668
700000.0003	-0.0212738
700000.0003	-0.0159434
700000.0003	-0.00636682
700000.0003	0.0234548
700000.0003	0.0322302
700000.0003	-0.00759324
700000.0003	-0.0155487
700000.0003	-0.00328542
700000.0003	-0.00695145
700000.0003	-0.00569914
700000.0003	-0.01365
700000.0003	-0.0203397
700000.0003	0.0130048
700000.0003	-0.00433428
700000.0003	-0.00149811
700000.0003	0.0221901
700000.0003	0.00180255
700000.0003	-0.0112078
700000.0003	-0.00166083
700000.0003	-0.012654
700000.0003	0.00822073
700000.0003	-0.0160038
700000.0003	0.00502974
700000.0003	-0.00728837
700000.0003	0.00838798
700000.0003	0.00302013
700000.0003	0.0140036
700000.0003	0.000149051
700000.0003	-0.0126175
700000.0003	-0.00705278
700000.0003	0.00301477
700000.0003	0.00166996
700000.0003	0.00292807
700000.0003	0.0191608
700000.0003	0.00750497
700000.0003	0.0053175
700000.0003	0.0101026
700000.0003	-0.00446297
700000.0003	0.00622118
700000.0003	-0.0204959
700000.0003	-0.00643604
700000.0003	-0.0045827
700000.0003	-0.00281727
700000.0003	0.00537994
700000.0003	-0.00158512
700000.0003	-0.00798614
700000.0003	0.000888049
700000.0003	0.00577506
700000.0003	-0.010096
700000.0003	-0.0105517
700000.0003	-0.00154233
700000.0003	-0.0159978
700000.0003	-0.00784569
700000.0003	0.00293248
700000.0003	-0.00709021
700000.0003	-0.00139263
700000.0003	-0.00188372
700000.0003	-0.00564327
700000.0003	-0.00438203
700000.0003	0.00219385
700000.0003	-0.00709893
700000.0003	0.00327328
700000.0003	-0.00921169
700000.0003	0.00455602
700000.0003	0.000339383
700000.0003	0.00309872
700000.0003	0.0014666
700000.0003	-0.00354521
700000.0003	0.00169622
700000.0003	0.0016387
700000.0003	0.00185477
700000.0003	0.00140942
700000.0003	-0.000814062
700000.0003	0.00145355
700000.0003	0.00271297
700000.0003	0.00197052
700000.0003	0.00287191
700000.0003	0.00197094
700000.0003	-3.52274e-05
700000.0003	-0.000470692
700000.0003	-0.00108759
700000.0003	0.000400161
700000.0003	0.000318019
700000.0003	-0.00041396
700000.0003	-0.000319156
700000.0003	0.00047875
700000.0003	0.000268234
700000.0003	0.000126148
700000.0003	-0.000173559
700000.0003	0.000235052
700000.0003	0.000255594
700000.0003	0.00054968
700000.0003	-0.000397918
700000.0003	-0.000144558
700000.0003	0.000378162
700000.0003	-0.000225698
700000.0003	0.000226208
700000.0003	0.000153767
700000.0003	0.000195464
700000.0003	2.65423e-05
700000.0003	-6.26746e-05
700000.0003	0.000184997
700000.0003	-0.000100562
700000.0003	-3.35225e-05
700000.0003	-1.21115e-05
700000.0003	-4.91952e-05
700000.0003	0.000108427
700000.0003	-2.2146e-05
700000.0003	-2.30913e-06
700000.0003	-1.36159e-05
700000.0003	-9.0698e-06
700000.0003	3.87997e-06
700000.0003	-1.78214e-05
700000.0003	2.33969e-05
700000.0003	8.06094e-06
700000.0003	-3.6506e-05
700000.0003	-3.78063e-05
700000.0003	-5.15452e-05
700000.0003	3.88834e-05
700000.0003	9.86921e-06
700000.0003	3.60554e-05
700000.0003	-4.40611e-05
700000.0003	-2.79292e-05
700000.0003	-2.73233e-05
700000.0003	5.97532e-05
700000.0003	-4.13216e-05
700000.0003	-4.61754e-06
700000.0003	-1.73261e-05
700000.0003	-2.05548e-05
700000.0003	-5.80731e-05
700000.0003	-7.46326e-05
700000.0003	4.23064e-07
700000.0003	6.11763e-05
700000.0003	3.12488e-05
700000.0003	-9.18749e-06
700000.0003	1.3356e-05
700000.0003	3.21804e-05
700000.0003	2.16366e-05
700000.0003	1.07704e-05
700000.0003	-2.24023e-05
700000.0003	4.11712e-05
700000.0003	1.17246e-06
700000.0003	-2.10442e-05
700000.0003	2.35897e-05
700000.0003	-4.53957e-05
700000.0003	1.46881e-05
700000.0003	-1.68599e-06
700000.0003	-1.30762e-05
700000.0003	1.1182e-05
700000.0003	2.85883e-05
700000.0003	-4.63215e-06
700000.0003	3.8875e-06
700000.0003	7.5873e-05
700000.0003	-1.7246e-06
700000.0003	-4.09709e-05
700000.0003	4.49773e-05
700000.0003	-2.22777e-05
700000.0003	1.743e-06
700000.0003	2.58586e-06
700000.0003	1.03338e-05
700000.0003	6.05732e-05
700000.0003	6.12843e-05
700000.0003	-9.09719e-06
700000.0003	2.29405e-05
700000.0003	-1.47412e-05
700000.0003	-4.67551e-05
700000.0003	-8.69161e-06
700000.0003	-2.13357e-05
700000.0003	-5.55629e-06
700000.0003	-1.1216e-05
700000.0003	-2.19177e-05
700000.0003	4.20603e-05
700000.0003	-3.8178e-05
700000.0003	-2.691e-05
700000.0003	7.8321e-05
700000.0003	3.98855e-05
700000.0003	9.03762e-06
700000.0003	-3.91371e-05
700000.0003	-9.30379e-06
700000.0003	7.75991e-05
700000.0003	5.82548e-05
700000.0003	-4.74161e-07
700000.0003	4.94979e-05
700000.0003	-3.77253e-05
700000.0003	-8.29334e-06
700000.0003	-7.46389e-05
700000.0003	1.38777e-05
700000.0003	5.44533e-05
700000.0003	-9.20876e-06
700000.0003	-5.9923e-05
700000.0003	-4.87973e-05
700000.0003	6.15489e-05
700000.0003	-4.86121e-05
700000.0003	6.80247e-05
700000.0003	-2.27399e-05
700000.0003	7.68383e-05
700000.0003	-4.3101e-05
700000.0003	6.20654e-06
700000.0003	-0.000135698
700000.0003	9.04618e-06
700000.0003	4.29886e-05
700000.0003	-5.80608e-05
700000.0003	2.55385e-05
700000.0003	6.58341e-05
700000.0003	1.14345e-05
700000.0003	8.58363e-05
700000.0003	-6.76708e-05
700000.0003	7.62388e-05
700000.0003	0.000135155
700000.0003	-0.000100591
700000.0003	0.000147397
700000.0003	0.000283645
700000.0003	0.000110488
700000.0003	-0.000382321
700000.0003	0.000471533
700000.0003	-8.55774e-05
700000.0003	-0.000352511
700000.0003	-2.37191e-05
700000.0003	-0.000270858
700000.0003	-0.0019486
700000.0003	0.00112198
700000.0003	0.00126242
700000.0003	0.0013136
700000.0003	0.00229102
700000.0003	-0.00408115
700000.0003	-0.0029038
700000.0003	0.000279309
700000.0003	0.00528209
700000.0003	0.0067855
700000.0003	-0.00571849
700000.0003	0.00478565
700000.0003	-0.0063127
700000.0003	-0.00764089
700000.0003	-0.00448935
700000.0003	-0.00871078
700000.0003	0.0240388
700000.0003	-0.0122417
700000.0003	0.0164562
700000.0003	0.00372305
700000.0003	-0.0202118
700000.0003	-0.003136
700000.0003	-0.0230387
700000.0003	0.000153041
700000.0003	0.0290524
700000.0003	-0.0304164
700000.0003	0.00847382
700000.0003	-0.0172362
700000.0003	-0.000500114
700000.0003	-0.0209347
700000.0003	0.00701096
700000.0003	-0.010692
700000.0003	-0.00775674
700000.0003	-0.0162719
700000.0003	-0.0125272
700000.0003	0.0140576
700000.0003	-0.0286904
700000.0003	0.0203917
700000.0003	-0.00653263
700000.0003	0.00959229
700000.0003	-0.0159504
700000.0003	0.0265942
700000.0003	-0.0207764
700000.0003	-0.00190203
700000.0003	0.0172705
700000.0003	0.00062097
700000.0003	0.00554324
700000.0003	0.0338646
700000.0003	0.00380944
700000.0003	-0.0343191
700000.0003	0.0175956
700000.0003	-0.015278
700000.0003	0.0173865
700000.0003	-0.000967408
700000.0003	0.0108277
700000.0003	0.0273291
700000.0003	0.0619928
700000.0003	-0.0117319
700000.0003	-0.00449952
700000.0003	0.0378486
700000.0003	-0.0267749
700000.0003	-0.00184929
700000.0003	-0.013978
700000.0003	-0.0120258
700000.0003	-0.0165891
700000.0003	0.0310373
700000.0003	0.0248891
700000.0003	-0.015547
700000.0003	-0.0210635
700000.0003	-0.0101231
700000.0003	0.00336441
700000.0003	-0.00224779
700000.0003	0.0182755
700000.0003	0.0194817
700000.0003	-0.042456
700000.0003	-0.0279638
700000.0003	-0.0132389
700000.0003	-0.00903189
700000.0003	0.0263183
700000.0003	-0.0123501
700000.0003	0.000928308
700000.0003	0.043698
700000.0003	-0.00918466
700000.0003	0.00372021
700000.0003	-0.0411764
700000.0003	0.0417365
700000.0003	-0.0209132
700000.0003	-0.0076781
700000.0003	-0.0017131
700000.0003	-0.0257066
700000.0003	0.0161856
700000.0003	0.0245614
700000.0003	0.00399283
700000.0003	0.0284492
700000.0003	0.0225418
700000.0003	0.00157282
700000.0003	0.0157875
700000.0003	0.0234888
700000.0003	0.00647122
700000.0003	0.0210596
700000.0003	-0.0270408
700000.0003	-0.023941
700000.0003	-0.0306189
700000.0003	-0.0292755
700000.0003	0.0349576
700000.0003	-0.0137203
700000.0003	-0.0110952
700000.0003	-0.00824139
700000.0003	-0.00823263
700000.0003	-0.00412028
700000.0003	-0.0287368
700000.0003	0.00641456
700000.0003	0.0306019
700000.0003	-0.0259926
700000.0003	0.0177199
700000.0003	-0.0307106
700000.0003	0.00730051
700000.0003	0.0177581
700000.0003	-0.0228026
700000.0003	0.0539417
700000.0003	0.0428705
700000.0003	0.0178425
700000.0003	0.00983924
700000.0003	-0.0204965
700000.0003	-0.0370998
700000.0003	-0.0142441
700000.0003	3.93132e-05
700000.0003	-0.00709768
700000.0003	-0.000679732
700000.0003	0.0261929
700000.0003	-0.0465614
700000.0003	-0.0233391
700000.0003	0.0239646
700000.0003	0.000831518
700000.0003	0.0171298
700000.0003	0.0103904
700000.0003	-0.000258329
700000.0003	0.00779972
700000.0003	-0.0253981
700000.0003	-0.0198496
700000.0003	-0.0471504
700000.0003	0.0283045
700000.0003	-0.0380578
700000.0003	0.00744132
700000.0003	-0.0350015
700000.0003	0.0106058
700000.0003	-0.014112
700000.0003	-0.00586969
700000.0003	0.0128367
700000.0003	0.00774733
700000.0003	0.0104107
700000.0003	-0.0102268
700000.0003	-0.00391148
700000.0003	-0.0109308
700000.0003	0.0127491
700000.0003	-0.0154873
700000.0003	0.014068
700000.0003	0.0167974
700000.0003	-0.0149167
700000.0003	-0.0232894
700000.0003	-0.0136477
700000.0003	-0.00913552
700000.0003	-0.00648572
700000.0003	-0.00171085
700000.0003	0.0300254
700000.0003	0.00267249
700000.0003	0.00408736
700000.0003	0.0352845
700000.0003	-0.0109556
700000.0003	-0.0027605
700000.0003	-0.00139669
700000.0003	0.00750838
700000.0003	0.0112772
700000.0003	0.00704992
700000.0003	0.0270601
700000.0003	0.0106077
700000.0003	0.0146818
700000.0003	0.0023027
700000.0003	-0.00362398
700000.0003	0.0154918
700000.0003	-0.00495463
700000.0003	-0.0181178
700000.0003	-0.0158936
700000.0003	-0.0189669
700000.0003	0.0119295
700000.0003	0.0142802
700000.0003	-0.0144503
700000.0003	-0.0132889
700000.0003	-0.00839299
700000.0003	-0.00598676
700000.0003	-0.0130014
700000.0003	-0.0119422
700000.0003	-0.0183473
700000.0003	0.0149665
700000.0003	-0.00481861
700000.0003	-0.0172365
700000.0003	0.0189687
700000.0003	-0.00384097
700000.0003	-0.0172917
700000.0003	0.000964988
700000.0003	-0.0238565
700000.0003	0.00881766
700000.0003	-0.0108037
700000.0003	0.000192921
700000.0003	-0.0118488
700000.0003	0.00886922
700000.0003	-0.00176737
700000.0003	0.00944775
700000.0003	-0.00153644
700000.0003	-0.00757193
700000.0003	0.00313326
700000.0003	0.000121994
700000.0003	-0.000763156
700000.0003	0.00328288
700000.0003	0.0138166
700000.0003	0.00313899
700000.0003	0.000634229
700000.0003	0.0139454
700000.0003	-0.00762186
700000.0003	0.00113744
700000.0003	-0.0189294
700000.0003	-0.00936571
700000.0003	-0.00499371
700000.0003	-0.000711112
700000.0003	0.00886971
700000.0003	0.00307296
700000.0003	-0.00616377
700000.0003	-0.0170008
700000.0003	0.0071741
700000.0003	-0.00103415
700000.0003	-0.00624682
700000.0003	0.00636818
700000.0003	-0.0116312
700000.0003	0.00545339
700000.0003	0.00567596
700000.0003	-0.0125043
700000.0003	0.000886436
700000.0003	-0.00239855
700000.0003	-0.00416874
700000.0003	0.00924492
700000.0003	-0.00734505
700000.0003	-0.0036277
700000.0003	0.00557536
700000.0003	-0.0106295
700000.0003	-0.00384908
700000.0003	-0.000684985
700000.0003	-0.00383719
700000.0003	-0.00128125
700000.0003	-0.00230691
700000.0003	-0.00294511
700000.0003	0.000692094
700000.0003	0.000394356
700000.0003	9.13744e-05
700000.0003	0.00284034
700000.0003	-0.000438262
700000.0003	-0.0013298
700000.0003	0.00116422
700000.0003	-0.000930278
700000.0003	0.000969947
700000.0003	0.000667939
700000.0003	-0.00153021
700000.0003	-0.000712499
700000.0003	-0.00115627
700000.0003	-0.0011461
700000.0003	0.000921326
700000.0003	-0.00109464
700000.0003	0.000280696
700000.0003	-0.000510559
700000.0003	-0.000256884
700000.0003	-0.00086444
700000.0003	-0.000349355
700000.0003	0.000222201
700000.0003	-0.000514859
700000.0003	0.000749823
700000.0003	-0.000321844
700000.0003	-0.000455458
700000.0003	6.58575e-05
700000.0003	-8.57786e-05
700000.0003	-0.000102553
700000.0003	-1.33652e-05
700000.0003	-3.66669e-06
700000.0003	-8.84529e-05
700000.0003	-7.27783e-05
700000.0003	-0.000112717
700000.0003	0.000189332
700000.0003	0.000104949
700000.0003	3.16312e-05
700000.0003	-4.21805e-05
700000.0003	9.11957e-05
700000.0003	-2.12426e-05
700000.0003	-4.32252e-05
700000.0003	-4.90213e-05
700000.0003	1.79798e-05
700000.0003	3.82738e-05
700000.0003	2.10937e-05
700000.0003	1.74365e-05
700000.0003	-8.1239e-06
700000.0003	-7.28503e-05
700000.0003	-6.34034e-05
700000.0003	1.86374e-05
700000.0003	1.03561e-05
700000.0003	-6.04843e-05
700000.0003	1.67405e-06
700000.0003	-9.15842e-06
700000.0003	-1.31044e-05
700000.0003	1.82241e-05
700000.0003	5.08483e-06
700000.0003	-3.88668e-05
700000.0003	4.28829e-06
700000.0003	-2.92359e-05
700000.0003	1.10039e-05
700000.0003	3.30383e-05
700000.0003	-4.03545e-05
700000.0003	3.02434e-05
700000.0003	5.3698e-05
700000.0003	-3.06836e-05
700000.0003	-3.33251e-05
700000.0003	4.42591e-05
700000.0003	4.22763e-05
700000.0003	-4.7982e-05
700000.0003	-2.71712e-05
700000.0003	-4.0162e-05
700000.0003	-4.27746e-05
700000.0003	-4.03464e-05
700000.0003	-3.24695e-05
700000.0003	-2.03738e-05
700000.0003	-2.60431e-06
700000.0003	4.34298e-07
700000.0003	2.22526e-05
700000.0003	4.05094e-05
700000.0003	-1.58399e-05
700000.0003	-1.6674e-05
700000.0003	2.94112e-05
700000.0003	-3.80932e-05
700000.0003	6.14154e-05
700000.0003	4.88592e-05
700000.0003	-2.37573e-05
700000.0003	1.77112e-05
700000.0003	4.62553e-06
700000.0003	6.48752e-06
700000.0003	-1.52155e-05
700000.0003	5.52668e-05
700000.0003	-1.23363e-05
700000.0003	-5.94391e-06
700000.0003	-1.80944e-05
700000.0003	-6.29694e-05
700000.0003	-8.74209e-06
700000.0003	7.35838e-06
700000.0003	-1.08841e-05
700000.0003	-9.34559e-05
700000.0003	-3.11446e-05
700000.0003	-2.82996e-06
700000.0003	-7.6814e-05
700000.0003	-1.60113e-05
700000.0003	-3.41898e-05
700000.0003	-1.46548e-05
700000.0003	-1.03474e-05
700000.0003	-4.29705e-05
700000.0003	-1.60769e-05
700000.0003	5.89707e-05
700000.0003	-3.0791e-05
700000.0003	-1.61254e-05
700000.0003	8.31167e-06
700000.0003	-8.6889e-05
700000.0003	1.73239e-05
700000.0003	-8.49474e-05
700000.0003	2.08637e-05
700000.0003	-6.33818e-05
700000.0003	-2.08847e-05
700000.0003	-2.09437e-06
700000.0003	8.89576e-07
700000.0003	3.9745e-05
700000.0003	-3.53602e-05
700000.0003	-3.69169e-05
700000.0003	-4.06468e-05
700000.0003	6.36441e-05
700000.0003	4.35611e-05
700000.0003	5.87804e-05
700000.0003	-7.0404e-05
700000.0003	0.000124433
700000.0003	-0.000116596
700000.0003	-0.000108205
700000.0003	9.32875e-05
700000.0003	5.14255e-05
700000.0003	-8.48674e-05
700000.0003	-0.000164302
700000.0003	3.19258e-05
700000.0003	-4.36229e-05
700000.0003	-9.03492e-05
700000.0003	-3.80943e-05
700000.0003	-0.000142632
700000.0003	0.000226578
700000.0003	-0.00010888
700000.0003	0.0180711
700000.0003	0.0242424
700000.0003	0.0365603
700000.0003	0.0612004
700000.0003	0.10242
700000.0003	0.166579
700000.0003	0.267508
700000.0003	0.407906
700000.0003	0.603278
700000.0003	0.881151
700000.0003	1.25323
700000.0003	1.76356
700000.0003	2.44724
700000.0003	3.34209
700000.0003	4.45689
700000.0003	5.83451
700000.0003	7.44212
700000.0003	9.2813
700000.0003	11.2873
700000.0003	13.3611
700000.0003	15.2438
700000.0003	16.9145
700000.0003	18.1684
700000.0003	19.1034
700000.0003	19.454
700000.0003	19.7523
700000.0003	19.7179
700000.0003	19.6093
700000.0003	19.3021
700000.0003	19.0381
700000.0003	18.7785
700000.0003	18.5746
700000.0003	18.2108
700000.0003	18.0483
700000.0003	17.8157
700000.0003	17.4003
700000.0003	17.1823
700000.0003	16.8917
700000.0003	16.5686
700000.0003	16.3215
700000.0003	15.9513
700000.0003	15.6985
700000.0003	15.3784
700000.0003	15.1631
700000.0003	14.9337
700000.0003	14.6873
700000.0003	14.4605
700000.0003	14.2623
700000.0003	14.0993
700000.0003	13.9104
700000.0003	13.7428
700000.0003	13.5247
700000.0003	13.426
700000.0003	13.2808
700000.0003	13.2846
700000.0003	13.1573
700000.0003	12.95
700000.0003	12.9205
700000.0003	12.6838
700000.0003	12.7121
700000.0003	12.5686
700000.0003	12.5287
700000.0003	12.4246
700000.0003	12.3823
700000.0003	12.3245
700000.0003	12.2685
700000.0003	12.2292
700000.0003	12.0715
700000.0003	11.963
700000.0003	11.903
700000.0003	11.8905
700000.0003	11.769
700000.0003	11.6903
700000.0003	11.723
700000.0003	11.6408
700000.0003	11.5811
700000.0003	11.5819
700000.0003	11.5707
700000.0003	11.4638
700000.0003	11.3715
700000.0003	11.447
700000.0003	11.3961
700000.0003	11.3858
700000.0003	11.3458
700000.0003	11.2954
700000.0003	11.2956
700000.0003	11.2455
700000.0003	11.1822
700000.0003	11.1384
700000.0003	11.1195
700000.0003	11.1308
700000.0003	11.0852
700000.0003	11.0783
700000.0003	11.0174
700000.0003	11.0344
700000.0003	10.948
700000.0003	10.9372
700000.0003	11.0435
700000.0003	10.9298
700000.0003	11.0255
700000.0003	10.9191
700000.0003	10.8979
700000.0003	10.8844
700000.0003	10.8687
700000.0003	10.789
700000.0003	10.8526
700000.0003	10.7837
700000.0003	10.8383
700000.0003	10.7769
700000.0003	10.7377
700000.0003	10.7746
700000.0003	10.7663
700000.0003	10.7773
700000.0003	10.738
700000.0003	10.7444
700000.0003	10.696
700000.0003	10.689
700000.0003	10.707
700000.0003	10.7164
700000.0003	10.6853
700000.0003	10.665
700000.0003	10.6732
700000.0003	10.6496
700000.0003	10.6592
700000.0003	10.67
700000.0003	10.6352
700000.0003	10.6882
700000.0003	10.6429
700000.0003	10.6386
700000.0003	10.6065
700000.0003	10.635
700000.0003	10.6486
700000.0003	10.6674
700000.0003	10.6016
700000.0003	10.6913
700000.0003	10.6639
700000.0003	10.6687
700000.0003	10.6318
700000.0003	10.6027
700000.0003	10.653
700000.0003	10.6113
700000.0003	10.6542
700000.0003	10.6155
700000.0003	10.5984
700000.0003	10.6158
700000.0003	10.5874
700000.0003	10.6586
700000.0003	10.7012
700000.0003	10.5584
700000.0003	10.558
700000.0003	10.4774
700000.0003	10.471
700000.0003	10.5257
700000.0003	10.4333
700000.0003	10.3931
700000.0003	10.3322
700000.0003	10.3675
700000.0003	10.3004
700000.0003	10.2606
700000.0003	10.2978
700000.0003	10.1575
700000.0003	10.1084
700000.0003	10.1929
700000.0003	10.0907
700000.0003	10.0652
700000.0003	9.98168
700000.0003	9.94561
700000.0003	9.83882
700000.0003	9.78281
700000.0003	9.76205
700000.0003	9.77973
700000.0003	9.75388
700000.0003	9.64494
700000.0003	9.52265
700000.0003	9.53657
700000.0003	9.41283
700000.0003	9.37026
700000.0003	9.29488
700000.0003	9.25524
700000.0003	9.15788
700000.0003	9.08131
700000.0003	8.99969
700000.0003	9.00757
700000.0003	8.91152
700000.0003	8.87171
700000.0003	8.79207
700000.0003	8.6941
700000.0003	8.53867
700000.0003	8.52171
700000.0003	8.49306
700000.0003	8.41072
700000.0003	8.32943
700000.0003	8.30019
700000.0003	8.16272
700000.0003	8.07423
700000.0003	8.0383
700000.0003	7.95397
700000.0003	7.82035
700000.0003	7.78869
700000.0003	7.70202
700000.0003	7.62405
700000.0003	7.5495
700000.0003	7.44495
700000.0003	7.40044
700000.0003	7.30782
700000.0003	7.1781
700000.0003	7.14184
700000.0003	7.03459
700000.0003	6.99671
700000.0003	6.89766
700000.0003	6.85001
700000.0003	6.76828
700000.0003	6.67743
700000.0003	6.62893
700000.0003	6.53669
700000.0003	6.46909
700000.0003	6.42223
700000.0003	6.31512
700000.0003	6.23681
700000.0003	6.19998
700000.0003	6.11729
700000.0003	6.07296
700000.0003	6.02635
700000.0003	5.96327
700000.0003	5.90383
700000.0003	5.86843
700000.0003	5.82397
700000.0003	5.76285
700000.0003	5.72143
700000.0003	5.69878
700000.0003	5.6777
700000.0003	5.62776
700000.0003	5.60545
700000.0003	5.58565
700000.0003	5.52963
700000.0003	5.50828
700000.0003	5.45546
700000.0003	5.36893
700000.0003	5.30472
700000.0003	5.2256
700000.0003	5.11342
700000.0003	4.99125
700000.0003	4.8496
700000.0003	4.66912
700000.0003	4.46284
700000.0003	4.25631
700000.0003	4.03064
700000.0003	3.79108
700000.0003	3.53673
700000.0003	3.287
700000.0003	3.0281
700000.0003	2.78971
700000.0003	2.5535
700000.0003	2.33378
700000.0003	2.12424
700000.0003	1.92945
700000.0003	1.75116
700000.0003	1.57483
700000.0003	1.42061
700000.0003	1.28516
700000.0003	1.14938
700000.0003	1.0313
700000.0003	0.925193
700000.0003	0.823054
700000.0003	0.734899
700000.0003	0.650318
700000.0003	0.575505
700000.0003	0.507857
700000.0003	0.444542
700000.0003	0.389327
700000.0003	0.338639
700000.0003	0.294571
700000.0003	0.254761
700000.0003	0.219045
700000.0003	0.189024
700000.0003	0.162035
700000.0003	0.13664
700000.0003	0.115287
700000.0003	0.0975926
700000.0003	0.0822489
700000.0003	0.068792
700000.0003	0.0579549
700000.0003	0.0483067
700000.0003	0.0402283
700000.0003	0.0338649
700000.0003	0.0284907
700000.0003	0.0238737
700000.0003	0.0201005
700000.0003	0.0171429
700000.0003	0.0145756
700000.0003	0.0125524
700000.0003	0.0108096
700000.0003	0.00948692
700000.0003	0.00836414
700000.0003	0.00761749
700000.0003	0.00673875
700000.0003	0.00625823
700000.0003	0.00580022
700000.0003	0.00544792
700000.0003	0.00524927
700000.0003	0.00510631
700000.0003	0.00496392
700000.0003	0.00487912
700000.0003	0.00478015
700000.0003	0.0046862
700000.0003	0.00469128
700000.0003	0.00464898
700000.0003	0.00457825
700000.0003	0.00457674
700000.0003	0.00449433
700000.0003	0.00445475
700000.0003	0.00439227
700000.0003	0.00437372
700000.0003	0.00438339
700000.0003	0.00431113
700000.0003	0.00432537
700000.0003	0.00428172
700000.0003	0.00425107
700000.0003	0.00422543
700000.0003	0.00423207
700000.0003	0.00419911
700000.0003	0.00421352
700000.0003	0.00412758
700000.0003	0.00409955
700000.0003	0.0041371
700000.0003	0.00414793
700000.0003	0.00412058
700000.0003	0.00416539
700000.0003	0.00415292
700000.0003	0.00411209
700000.0003	0.00412958
700000.0003	0.00414208
700000.0003	0.00412702
700000.0003	0.00409756
700000.0003	0.00410764
700000.0003	0.0041237
700000.0003	0.00413843
700000.0003	0.00406903
700000.0003	0.0041117
700000.0003	0.00408173
700000.0003	0.00411253
700000.0003	0.00409782
700000.0003	0.00415444
700000.0003	0.00411346
700000.0003	0.00410495
700000.0003	0.00414484
700000.0003	0.00411794
700000.0003	0.00413998
700000.0003	0.00412732
700000.0003	0.00417906
700000.0003	0.00417117
700000.0003	0.00416599
700000.0003	0.00419842
700000.0003	0.00420831
700000.0003	0.00421394
700000.0003	0.00419211
700000.0003	0.004178
700000.0003	0.0041963
700000.0003	0.00425199
700000.0003	0.00429708
700000.0003	0.00426896
700000.0003	0.00427573
700000.0003	0.00435935
700000.0003	0.00434232
700000.0003	0.00436282
700000.0003	0.00443347
700000.0003	0.00437791
700000.0003	0.0044784
700000.0003	0.00450858
700000.0003	0.00449613
700000.0003	0.00461795
700000.0003	0.00466155
700000.0003	0.0046685
700000.0003	0.0047216
700000.0003	0.00482875
700000.0003	0.0048337
700000.0003	0.00501639
700000.0003	0.00505905
700000.0003	0.00511059
700000.0003	0.00522596
700000.0003	0.00545516
700000.0003	0.00546929
700000.0003	0.00573006
700000.0003	0.00588317
700000.0003	0.00603701
700000.0003	0.00628266
700000.0003	0.00664193
700000.0003	0.00693064
700000.0003	0.00727066
700000.0003	0.00777094
700000.0003	0.00812787
700000.0003	0.00867535
700000.0003	0.00927435
700000.0003	0.00992087
700000.0003	0.0107084
700000.0003	0.0117971
700000.0003	0.0125623
700000.0003	0.0141806
700000.0003	0.0153891
700000.0003	0.016735
