700000.0003	28.2022
700000.0003	100.015
700000.0003	202.231
700000.0003	343.623
700000.0003	532.464
700000.0003	776.571
700000.0003	1073.85
700000.0003	1431.25
700000.0003	1834.48
700000.0003	2289.51
700000.0003	2758.33
700000.0003	3310.88
700000.0003	3865.79
700000.0003	4461.61
700000.0003	5017.11
700000.0003	5546.73
700000.0003	5992.06
700000.0003	6392.59
700000.0003	6669.03
700000.0003	6892.92
700000.0003	7038.06
700000.0003	7099.17
700000.0003	7123.45
700000.0003	7032.61
700000.0003	6965.27
700000.0003	6800.54
700000.0003	6611.67
700000.0003	6320.58
700000.0003	6050.59
700000.0003	5725.27
700000.0003	5367.3
700000.0003	4971.21
700000.0003	4505.39
700000.0003	4050.78
700000.0003	3527.98
700000.0003	2972.1
700000.0003	2374
700000.0003	1740.88
700000.0003	1073.88
700000.0003	368.17
700000.0003	0
700000.0003	0
700000.0003	0
700000.0003	0
700000.0003	0
700000.0003	0
700000.0003	0
700000.0003	0
700000.0003	0
700000.0003	0
700000.0003	0
700000.0003	0
700000.0003	0
700000.0003	0
700000.0003	0
700000.0003	0
700000.0003	0
700000.0003	0
700000.0003	0
700000.0003	0
700000.0003	0
700000.0003	0
700000.0003	0
700000.0003	0
700000.0003	0
700000.0003	0
700000.0003	0
700000.0003	0
700000.0003	0
700000.0003	0
700000.0003	0
700000.0003	0
700000.0003	0
700000.0003	0
700000.0003	0
700000.0003	0
700000.0003	0
700000.0003	0
700000.0003	0
700000.0003	0
700000.0003	0
700000.0003	0
700000.0003	0
700000.0003	0
700000.0003	0
700000.0003	0
700000.0003	0
700000.0003	0
700000.0003	0
700000.0003	0
700000.0003	0
700000.0003	0
700000.0003	0
700000.0003	0
700000.0003	0
700000.0003	0
700000.0003	0
700000.0003	0
700000.0003	0
700000.0003	0
700000.0003	0
700000.0003	0
700000.0003	0
700000.0003	0
700000.0003	0
700000.0003	0
700000.0003	0
700000.0003	0
700000.0003	0
700000.0003	0
700000.0003	0
700000.0003	0
700000.0003	0
700000.0003	0
700000.0003	0
700000.0003	0
700000.0003	0
700000.0003	0
700000.0003	0
700000.0003	0
700000.0003	0
700000.0003	0
700000.0003	0
700000.0003	0
700000.0003	0
700000.0003	0
700000.0003	0
700000.0003	0
700000.0003	0
700000.0003	0
700000.0003	0
700000.0003	0
700000.0003	0
700000.0003	0
700000.0003	0
700000.0003	0
700000.0003	0
700000.0003	0
700000.0003	0
700000.0003	0
700000.0003	-23.6499
700000.0003	-70.6629
700000.0003	-116.814
700000.0003	-161.968
700000.0003	-208.242
700000.0003	-252.035
700000.0003	-297.669
700000.0003	-341.289
700000.0003	-383.51
700000.0003	-423.941
700000.0003	-464.736
700000.0003	-507.24
700000.0003	-547.301
700000.0003	-591.606
700000.0003	-626.84
700000.0003	-665.486
700000.0003	-701.497
700000.0003	-739.653
700000.0003	-774.919
700000.0003	-818.793
700000.0003	-853.071
700000.0003	-887.501
700000.0003	-930.383
700000.0003	-954.087
700000.0003	-994.975
700000.0003	-1019.32
700000.0003	-1054.82
700000.0003	-1081.14
700000.0003	-1115.18
700000.0003	-1147.41
700000.0003	-1184.14
700000.0003	-1205.24
700000.0003	-1241.85
700000.0003	-1256.38
700000.0003	-1303.73
700000.0003	-1315.71
700000.0003	-1344.72
700000.0003	-1364.74
700000.0003	-1408.95
700000.0003	-1423.17
700000.0003	-1445.81
700000.0003	-1468.76
700000.0003	-1493.26
700000.0003	-1514.89
700000.0003	-1548.5
700000.0003	-1568.32
700000.0003	-1582.6
700000.0003	-1603.98
700000.0003	-1621.03
700000.0003	-1630.05
700000.0003	-1650.66
700000.0003	-1676.35
700000.0003	-1695.45
700000.0003	-1702.34
700000.0003	-1728.97
700000.0003	-1736.47
700000.0003	-1751.36
700000.0003	-1761.15
700000.0003	-1779.97
700000.0003	-1789.72
700000.0003	-1818.5
700000.0003	-1815.17
700000.0003	-1824.77
700000.0003	-1835.95
700000.0003	-1846.15
700000.0003	-1849.2
700000.0003	-1864.42
700000.0003	-1875.23
700000.0003	-1893.41
700000.0003	-1885.23
700000.0003	-1900.67
700000.0003	-1908.9
700000.0003	-1905.32
700000.0003	-1905.17
700000.0003	-1909.2
700000.0003	-1912.32
700000.0003	-1927.26
700000.0003	-1919.44
700000.0003	-1924.26
700000.0003	-1923.46
700000.0003	-1921.42
700000.0003	-1925.26
700000.0003	-1928.63
700000.0003	-1914.29
700000.0003	-1924.7
700000.0003	-1912.36
700000.0003	-1913.9
700000.0003	-1906.33
700000.0003	-1902.36
700000.0003	-1890.61
700000.0003	-1894.12
700000.0003	-1882.61
700000.0003	-1875.43
700000.0003	-1865.75
700000.0003	-1844.11
700000.0003	-1836.68
700000.0003	-1824.22
700000.0003	-1806.43
700000.0003	-1783.15
700000.0003	-1765.63
700000.0003	-1743.68
700000.0003	-1720.08
700000.0003	-1690.93
700000.0003	-1664
700000.0003	-1616.27
700000.0003	-1586.14
700000.0003	-1543.89
700000.0003	-1494.58
700000.0003	-1449.61
700000.0003	-1402.33
700000.0003	-1342.4
700000.0003	-1287.97
700000.0003	-1224.66
700000.0003	-1159.84
700000.0003	-1103.11
700000.0003	-1039.27
700000.0003	-976.764
700000.0003	-911.906
700000.0003	-849.612
700000.0003	-787.722
700000.0003	-726.682
700000.0003	-670.627
700000.0003	-616.913
700000.0003	-563.684
700000.0003	-511.158
700000.0003	-464.732
700000.0003	-420.237
700000.0003	-376.481
700000.0003	-336.161
700000.0003	-299.086
700000.0003	-264.451
700000.0003	-234.156
700000.0003	-204.377
700000.0003	-179.487
700000.0003	-156.097
700000.0003	-134.213
700000.0003	-115.899
700000.0003	-99.2303
700000.0003	-85.0442
700000.0003	-71.7324
700000.0003	-61.7236
700000.0003	-52.1337
700000.0003	-44.119
700000.0003	-37.3147
700000.0003	-32.0197
700000.0003	-26.6433
700000.0003	-22.2587
700000.0003	-18.4829
700000.0003	-15.5497
700000.0003	-13.018
700000.0003	-10.9182
700000.0003	-8.97712
700000.0003	-7.50557
700000.0003	-6.03092
700000.0003	-4.77196
700000.0003	-3.73651
700000.0003	-2.79644
700000.0003	-1.92304
700000.0003	-1.10846
700000.0003	-0.361493
700000.0003	0
700000.0003	0
700000.0003	0
700000.0003	0
700000.0003	0
700000.0003	0
700000.0003	0
700000.0003	0
700000.0003	0
700000.0003	0
700000.0003	0
700000.0003	0
700000.0003	0
700000.0003	0
700000.0003	0
700000.0003	0
700000.0003	0
700000.0003	0
700000.0003	0
700000.0003	0
700000.0003	0
700000.0003	0
700000.0003	0
700000.0003	0
700000.0003	0
700000.0003	0
700000.0003	0
700000.0003	0
700000.0003	0
700000.0003	0
700000.0003	0
700000.0003	0
700000.0003	0
700000.0003	0
700000.0003	0
700000.0003	0
700000.0003	0
700000.0003	0
700000.0003	0
700000.0003	0
700000.0003	0
700000.0003	0
700000.0003	0
700000.0003	0
700000.0003	0
700000.0003	0
700000.0003	0
700000.0003	0
700000.0003	0
700000.0003	0
700000.0003	0
700000.0003	0
700000.0003	0
700000.0003	0
700000.0003	0
700000.0003	0
700000.0003	0
700000.0003	0
700000.0003	0
700000.0003	0
700000.0003	0
700000.0003	0
700000.0003	0
700000.0003	0
700000.0003	0
700000.0003	0
700000.0003	0
700000.0003	0
700000.0003	0
700000.0003	0
700000.0003	0
700000.0003	0
700000.0003	0
700000.0003	0
700000.0003	0
700000.0003	0
700000.0003	0
700000.0003	0
700000.0003	0
700000.0003	0
700000.0003	0
700000.0003	0
700000.0003	0
700000.0003	0
700000.0003	0
700000.0003	0
700000.0003	0
700000.0003	0
700000.0003	0
700000.0003	0
700000.0003	0
700000.0003	0
700000.0003	0
700000.0003	0
700000.0003	0
700000.0003	0
700000.0003	0
700000.0003	0
700000.0003	0
700000.0003	0
700000.0003	0.139128
700000.0003	-1.21462
700000.0003	1.7403
700000.0003	-0.346462
700000.0003	-1.55279
700000.0003	-0.134242
700000.0003	-1.05769
700000.0003	-7.01398
700000.0003	3.64247
700000.0003	4.0399
700000.0003	3.6625
700000.0003	5.88235
700000.0003	-9.84183
700000.0003	-6.67588
700000.0003	0.985075
700000.0003	9.65494
700000.0003	11.3562
700000.0003	-9.45532
700000.0003	7.45601
700000.0003	-9.4712
700000.0003	-9.79697
700000.0003	-5.23477
700000.0003	-9.80816
700000.0003	26.5462
700000.0003	-12.4337
700000.0003	15.213
700000.0003	3.06224
700000.0003	-16.392
700000.0003	-2.5674
700000.0003	-15.9333
700000.0003	0.258618
700000.0003	16.3849
700000.0003	-14.8147
700000.0003	3.85672
700000.0003	-6.17987
700000.0003	0.302898
700000.0003	-5.61008
700000.0003	0.909448
700000.0003	-1.17361
700000.0003	0.366189
700000.0003	0
700000.0003	0
700000.0003	0
700000.0003	0
700000.0003	0
700000.0003	0
700000.0003	0
700000.0003	0
700000.0003	0
700000.0003	0
700000.0003	0
700000.0003	0
700000.0003	0
700000.0003	0
700000.0003	0
700000.0003	0
700000.0003	0
700000.0003	0
700000.0003	0
700000.0003	0
700000.0003	0
700000.0003	0
700000.0003	0
700000.0003	0
700000.0003	0
700000.0003	0
700000.0003	0
700000.0003	0
700000.0003	0
700000.0003	0
700000.0003	0
700000.0003	0
700000.0003	0
700000.0003	0
700000.0003	0
700000.0003	0
700000.0003	0
700000.0003	0
700000.0003	0
700000.0003	0
700000.0003	0
700000.0003	0
700000.0003	0
700000.0003	0
700000.0003	0
700000.0003	0
700000.0003	0
700000.0003	0
700000.0003	0
700000.0003	0
700000.0003	0
700000.0003	0
700000.0003	0
700000.0003	0
700000.0003	0
700000.0003	0
700000.0003	0
700000.0003	0
700000.0003	0
700000.0003	0
700000.0003	0
700000.0003	0
700000.0003	0
700000.0003	0
700000.0003	0
700000.0003	0
700000.0003	0
700000.0003	0
700000.0003	0
700000.0003	0
700000.0003	0
700000.0003	0
700000.0003	0
700000.0003	0
700000.0003	0
700000.0003	0
700000.0003	0
700000.0003	0
700000.0003	0
700000.0003	0
700000.0003	0
700000.0003	0
700000.0003	0
700000.0003	0
700000.0003	0
700000.0003	0
700000.0003	0
700000.0003	0
700000.0003	0
700000.0003	0
700000.0003	0
700000.0003	0
700000.0003	0
700000.0003	0
700000.0003	0
700000.0003	0
700000.0003	0
700000.0003	0
700000.0003	0
700000.0003	0
700000.0003	-0.0755505
700000.0003	-0.0748612
700000.0003	-0.128334
700000.0003	0.0430686
700000.0003	-0.0945379
700000.0003	0.642565
700000.0003	0.522807
700000.0003	1.5499
700000.0003	-1.01266
700000.0003	1.56589
700000.0003	-0.28623
700000.0003	1.72099
700000.0003	-0.573538
700000.0003	0.837833
700000.0003	0.329417
700000.0003	-0.80364
700000.0003	-0.505515
700000.0003	-0.751696
700000.0003	0.787015
700000.0003	0.358944
700000.0003	0.916532
700000.0003	-1.10752
700000.0003	1.47382
700000.0003	-1.35276
700000.0003	-1.65962
700000.0003	1.57395
700000.0003	2.47113
700000.0003	1.4948
700000.0003	1.04947
700000.0003	0.745282
700000.0003	0.199364
700000.0003	-3.75521
700000.0003	-0.374081
700000.0003	-0.56571
700000.0003	-4.8645
700000.0003	1.57473
700000.0003	0.360776
700000.0003	0.208193
700000.0003	-1.19149
700000.0003	-1.74377
700000.0003	-1.13935
700000.0003	-4.49385
700000.0003	-1.79032
700000.0003	-2.58714
700000.0003	-0.444601
700000.0003	0.654695
700000.0003	-2.87467
700000.0003	0.956028
700000.0003	3.53874
700000.0003	3.15208
700000.0003	3.88189
700000.0003	-2.45629
700000.0003	-2.99836
700000.0003	3.14805
700000.0003	2.92611
700000.0003	1.91719
700000.0003	1.35198
700000.0003	3.04173
700000.0003	2.83128
700000.0003	4.46332
700000.0003	-3.67475
700000.0003	1.19745
700000.0003	4.42688
700000.0003	-4.98808
700000.0003	1.03991
700000.0003	4.64383
700000.0003	-0.266762
700000.0003	6.73129
700000.0003	-2.5156
700000.0003	3.13009
700000.0003	-0.0700688
700000.0003	3.59784
700000.0003	-2.75129
700000.0003	0.538539
700000.0003	-2.99332
700000.0003	0.508755
700000.0003	2.48409
700000.0003	-1.0598
700000.0003	-0.0752704
700000.0003	0.233463
700000.0003	-1.17295
700000.0003	-4.99563
700000.0003	-1.15008
700000.0003	-0.230132
700000.0003	-5.29101
700000.0003	2.93294
700000.0003	-0.425627
700000.0003	7.60184
700000.0003	3.81808
700000.0003	2.04559
700000.0003	0.294562
700000.0003	-3.80206
700000.0003	-1.36406
700000.0003	2.72419
700000.0003	7.71569
700000.0003	-3.32651
700000.0003	0.487035
700000.0003	2.99786
700000.0003	-3.12088
700000.0003	5.79907
700000.0003	-2.7465
700000.0003	-2.93396
700000.0003	6.50772
700000.0003	-0.472995
700000.0003	1.30838
700000.0003	2.3202
700000.0003	-5.20417
700000.0003	4.21441
700000.0003	2.12352
700000.0003	-3.34997
700000.0003	6.47874
700000.0003	2.38631
700000.0003	0.41471
700000.0003	2.47668
700000.0003	0.831433
700000.0003	1.55007
700000.0003	2.0233
700000.0003	-0.472532
700000.0003	-0.292697
700000.0003	-0.0680301
700000.0003	-2.12408
700000.0003	0.311969
700000.0003	1.0256
700000.0003	-0.919282
700000.0003	0.753144
700000.0003	-0.796995
700000.0003	-0.560932
700000.0003	1.31362
700000.0003	0.618148
700000.0003	1.02855
700000.0003	1.04274
700000.0003	-0.854164
700000.0003	1.03888
700000.0003	-0.270743
700000.0003	0.501799
700000.0003	0.257678
700000.0003	0.87695
700000.0003	0.356373
700000.0003	-0.229815
700000.0003	0.543009
700000.0003	-0.796923
700000.0003	0.345015
700000.0003	0.490844
700000.0003	-0.0710419
700000.0003	0.0924471
700000.0003	0.109711
700000.0003	0.0122739
700000.0003	0.00491696
700000.0003	0.0908735
700000.0003	0.0726308
700000.0003	0.105832
700000.0003	-0.171051
700000.0003	-0.0898739
700000.0003	-0.0242609
700000.0003	0.0288088
700000.0003	-0.0500797
700000.0003	0.00941367
700000.0003	0.011848
700000.0003	0.00990877
700000.0003	-0.0029466
700000.0003	0
700000.0003	0
700000.0003	0
700000.0003	0
700000.0003	0
700000.0003	0
700000.0003	0
700000.0003	0
700000.0003	0
700000.0003	0
700000.0003	0
700000.0003	0
700000.0003	0
700000.0003	0
700000.0003	0
700000.0003	0
700000.0003	0
700000.0003	0
700000.0003	0
700000.0003	0
700000.0003	0
700000.0003	0
700000.0003	0
700000.0003	0
700000.0003	0
700000.0003	0
700000.0003	0
700000.0003	0
700000.0003	0
700000.0003	0
700000.0003	0
700000.0003	0
700000.0003	0
700000.0003	0
700000.0003	0
700000.0003	0
700000.0003	0
700000.0003	0
700000.0003	0
700000.0003	0
700000.0003	0
700000.0003	0
700000.0003	0
700000.0003	0
700000.0003	0
700000.0003	0
700000.0003	0
700000.0003	0
700000.0003	0
700000.0003	0
700000.0003	0
700000.0003	0
700000.0003	0
700000.0003	0
700000.0003	0
700000.0003	0
700000.0003	0
700000.0003	0
700000.0003	0
700000.0003	0
700000.0003	0
700000.0003	0
700000.0003	0
700000.0003	0
700000.0003	0
700000.0003	0
700000.0003	0
700000.0003	0
700000.0003	0
700000.0003	0
700000.0003	0
700000.0003	0
700000.0003	0
700000.0003	0
700000.0003	0
700000.0003	0
700000.0003	0
700000.0003	0
700000.0003	0
700000.0003	0
700000.0003	0
700000.0003	0
700000.0003	0
700000.0003	0
700000.0003	0
700000.0003	0
700000.0003	0
700000.0003	0
700000.0003	0
700000.0003	0
700000.0003	0
700000.0003	0
700000.0003	0
700000.0003	0
700000.0003	0
700000.0003	0
700000.0003	0
700000.0003	0
700000.0003	0
700000.0003	0
