700000.0003	63.8168
700000.0003	112.753
700000.0003	192.154
700000.0003	314.337
700000.0003	480.758
700000.0003	698.65
700000.0003	961.085
700000.0003	1258.48
700000.0003	1590.29
700000.0003	1964.82
700000.0003	2395.02
700000.0003	2858.5
700000.0003	3306.64
700000.0003	3648.15
700000.0003	3806.8
700000.0003	3733.99
700000.0003	3453.93
700000.0003	3049.05
700000.0003	2595.09
700000.0003	2146.33
700000.0003	1725.96
700000.0003	1363.54
700000.0003	1059.87
700000.0003	807.345
700000.0003	609.65
700000.0003	462.385
700000.0003	348.576
700000.0003	264.145
700000.0003	200.759
700000.0003	150.871
700000.0003	119.618
700000.0003	89.873
700000.0003	71.174
700000.0003	54.6302
700000.0003	44.7457
700000.0003	35.2898
700000.0003	26.6102
700000.0003	20.8093
700000.0003	18.5041
700000.0003	14.4941
700000.0003	10.0477
700000.0003	10.5922
700000.0003	8.16748
700000.0003	6.65349
700000.0003	6.02212
700000.0003	4.05938
700000.0003	4.91856
700000.0003	4.3161
700000.0003	3.73152
700000.0003	3.55324
700000.0003	4.46655
700000.0003	2.58886
700000.0003	2.88813
700000.0003	2.52997
700000.0003	3.26592
700000.0003	3.30057
700000.0003	3.05823
700000.0003	1.78586
700000.0003	3.01239
700000.0003	3.12712
700000.0003	2.66295
700000.0003	1.21758
700000.0003	1.42959
700000.0003	1.85962
700000.0003	1.59405
700000.0003	1.46888
700000.0003	1.53941
700000.0003	0.597963
700000.0003	0.836736
700000.0003	1.32905
700000.0003	0.889263
700000.0003	0.245778
700000.0003	0.119927
700000.0003	0.587751
700000.0003	0.780277
700000.0003	0.861491
700000.0003	1.69217
700000.0003	0.449423
700000.0003	-0.169604
700000.0003	1.98584
700000.0003	0.066978
700000.0003	1.83811
700000.0003	1.39016
700000.0003	1.46162
700000.0003	1.31969
700000.0003	-0.307307
700000.0003	-0.525105
700000.0003	1.05099
700000.0003	-0.444178
700000.0003	0.941657
700000.0003	-0.0786133
700000.0003	1.14194
700000.0003	1.09713
700000.0003	0.301175
700000.0003	0.121872
700000.0003	0.00109666
700000.0003	0.70176
700000.0003	1.37215
700000.0003	0.0276551
700000.0003	-0.50129
700000.0003	0.0712117
700000.0003	-0.237849
700000.0003	-0.308881
700000.0003	0.413407
700000.0003	1.30903
700000.0003	-0.083096
700000.0003	0.640224
700000.0003	-0.453874
700000.0003	-0.452314
700000.0003	0.762982
700000.0003	0.835852
700000.0003	-0.0150616
700000.0003	1.27853
700000.0003	-0.717366
700000.0003	-0.526559
700000.0003	0.496877
700000.0003	-0.371899
700000.0003	1.5777
700000.0003	0.0709933
700000.0003	0.0184548
700000.0003	0.0789936
700000.0003	-0.48791
700000.0003	1.28075
700000.0003	-0.327123
700000.0003	-0.742753
700000.0003	0.782155
700000.0003	0.64053
700000.0003	-0.43223
700000.0003	-0.532715
700000.0003	0.142107
700000.0003	-0.575986
700000.0003	0.227777
700000.0003	0.194275
700000.0003	0.146756
700000.0003	-0.0679607
700000.0003	0.799802
700000.0003	0.199869
700000.0003	-0.327005
700000.0003	0.193017
700000.0003	-1.14485
700000.0003	0.272684
700000.0003	-0.869436
700000.0003	-0.51448
700000.0003	-0.127536
700000.0003	-0.941656
700000.0003	0.263921
700000.0003	0.0571965
700000.0003	-0.453686
700000.0003	-0.227902
700000.0003	-0.781725
700000.0003	-2.09605
700000.0003	-2.88816
700000.0003	-1.38215
700000.0003	-0.710321
700000.0003	-0.933676
700000.0003	-0.310041
700000.0003	-1.84656
700000.0003	-1.872
700000.0003	-0.936146
700000.0003	-1.9795
700000.0003	-1.36236
700000.0003	-1.22595
700000.0003	-2.34149
700000.0003	-2.33
700000.0003	-2.84231
700000.0003	-1.63504
700000.0003	-2.42567
700000.0003	-2.682
700000.0003	-3.06755
700000.0003	-2.75781
700000.0003	-1.54238
700000.0003	-2.35966
700000.0003	-3.12827
700000.0003	-3.61322
700000.0003	-3.56569
700000.0003	-3.22557
700000.0003	-4.06097
700000.0003	-3.32832
700000.0003	-3.899
700000.0003	-3.11007
700000.0003	-5.47243
700000.0003	-4.04822
700000.0003	-3.7514
700000.0003	-4.89705
700000.0003	-4.59351
700000.0003	-6.17628
700000.0003	-3.94723
700000.0003	-5.66861
700000.0003	-6.21869
700000.0003	-5.53428
700000.0003	-7.57018
700000.0003	-7.39827
700000.0003	-8.33642
700000.0003	-6.4955
700000.0003	-9.65213
700000.0003	-7.19483
700000.0003	-9.12802
700000.0003	-7.71754
700000.0003	-8.40334
700000.0003	-8.84631
700000.0003	-8.87147
700000.0003	-10.5741
700000.0003	-10.959
700000.0003	-10.826
700000.0003	-11.248
700000.0003	-13.5292
700000.0003	-14.4765
700000.0003	-13.719
700000.0003	-14.5076
700000.0003	-16.5138
700000.0003	-16.4293
700000.0003	-16.919
700000.0003	-20.2096
700000.0003	-20.6531
700000.0003	-22.5383
700000.0003	-23.9278
700000.0003	-25.8463
700000.0003	-27.9151
700000.0003	-29.5032
700000.0003	-31.9413
700000.0003	-34.7023
700000.0003	-37.9402
700000.0003	-42.4482
700000.0003	-47.3918
700000.0003	-54.7495
700000.0003	-60.6933
700000.0003	-69.6974
700000.0003	-78.6078
700000.0003	-88.5719
700000.0003	-102.244
700000.0003	-116.523
700000.0003	-133.227
700000.0003	-156.675
700000.0003	-180.827
700000.0003	-212.423
700000.0003	-248.859
700000.0003	-289.933
700000.0003	-335.752
700000.0003	-391.156
700000.0003	-453.607
700000.0003	-522.371
700000.0003	-597.622
700000.0003	-680.928
700000.0003	-774.829
700000.0003	-866.048
700000.0003	-961.793
700000.0003	-1065.2
700000.0003	-1162.75
700000.0003	-1245.94
700000.0003	-1330.8
700000.0003	-1399.51
700000.0003	-1449.29
700000.0003	-1490.74
700000.0003	-1510.01
700000.0003	-1514.23
700000.0003	-1502.46
700000.0003	-1472.56
700000.0003	-1436.2
700000.0003	-1388.7
700000.0003	-1334.13
700000.0003	-1276.48
700000.0003	-1206.06
700000.0003	-1143.21
700000.0003	-1075.16
700000.0003	-1005.33
700000.0003	-936.495
700000.0003	-869.996
700000.0003	-798.145
700000.0003	-735.454
700000.0003	-672.006
700000.0003	-608.795
700000.0003	-550.234
700000.0003	-493.054
700000.0003	-442.518
700000.0003	-394.169
700000.0003	-345.775
700000.0003	-305.136
700000.0003	-269.021
700000.0003	-233.774
700000.0003	-202.202
700000.0003	-179.817
700000.0003	-156.095
700000.0003	-136.455
700000.0003	-119.252
700000.0003	-106.012
700000.0003	-94.2608
700000.0003	-85.0062
700000.0003	-77.8325
700000.0003	-72.7641
700000.0003	-65.1987
700000.0003	-60.8637
700000.0003	-57.7826
700000.0003	-55.0607
700000.0003	-52.4415
700000.0003	-49.7221
700000.0003	-48.3227
700000.0003	-46.7328
700000.0003	-45.3071
700000.0003	-43.1988
700000.0003	-43.1584
700000.0003	-41.4582
700000.0003	-42.9741
700000.0003	-43.0115
700000.0003	-42.1816
700000.0003	-41.8382
700000.0003	-41.5032
700000.0003	-41.269
700000.0003	-40.6823
700000.0003	-41.0068
700000.0003	-40.9678
700000.0003	-41.7654
700000.0003	-41.004
700000.0003	-41.0381
700000.0003	-41.6821
700000.0003	-40.7186
700000.0003	-41.783
700000.0003	-40.5564
700000.0003	-40.1381
700000.0003	-40.4599
700000.0003	-41.3394
700000.0003	-40.19
700000.0003	-40.5313
700000.0003	-40.7604
700000.0003	-41.0584
700000.0003	-41.945
700000.0003	-40.7546
700000.0003	-40.8023
700000.0003	-40.5066
700000.0003	-41.0377
700000.0003	-40.6848
700000.0003	-40.4235
700000.0003	-40.6116
700000.0003	-40.3941
700000.0003	-39.9735
700000.0003	-40.025
700000.0003	-40.5718
700000.0003	-40.6491
700000.0003	-39.1804
700000.0003	-39.9201
700000.0003	-40.689
700000.0003	-40.129
700000.0003	-40.6675
700000.0003	-40.1749
700000.0003	-40.5295
700000.0003	-40.4442
700000.0003	-40.3663
700000.0003	-40.1033
700000.0003	-39.5003
700000.0003	-40.0465
700000.0003	-40.182
700000.0003	-40.0939
700000.0003	-40.6814
700000.0003	-39.8981
700000.0003	-40.6386
700000.0003	-39.3024
700000.0003	-40.4741
700000.0003	-40.3712
700000.0003	-39.8046
700000.0003	-40.1855
700000.0003	-40.05
700000.0003	-40.0986
700000.0003	-39.9163
700000.0003	-40.2231
700000.0003	-40.0423
700000.0003	-38.9973
700000.0003	-40.0119
700000.0003	-40.281
700000.0003	-39.5831
700000.0003	-40.3575
700000.0003	-39.3824
700000.0003	-39.6426
700000.0003	-39.128
700000.0003	-39.0948
700000.0003	-39.2271
700000.0003	-38.79
700000.0003	-38.2626
700000.0003	-37.4713
700000.0003	-38.8758
700000.0003	-38.8703
700000.0003	-38.1766
700000.0003	-38.0236
700000.0003	-37.3206
700000.0003	-37.5445
700000.0003	-38.0743
700000.0003	-36.9423
700000.0003	-35.6273
700000.0003	-35.8802
700000.0003	-34.1214
700000.0003	-33.0744
700000.0003	-32.0958
700000.0003	-30.6508
700000.0003	-30.0912
700000.0003	-26.8792
700000.0003	-25.2862
700000.0003	-19.6926
700000.0003	-14.8554
700000.0003	-6.33176
700000.0003	3.79137
700000.0003	18.1135
700000.0003	35.24
700000.0003	0.17564
700000.0003	-0.267076
700000.0003	-0.505218
700000.0003	0.0865776
700000.0003	-0.241218
700000.0003	-1.0868
700000.0003	2.22698
700000.0003	-0.0414531
700000.0003	-0.293164
700000.0003	1.56711
700000.0003	-1.31529
700000.0003	-2.25717
700000.0003	-1.07242
700000.0003	0.302157
700000.0003	1.51999
700000.0003	8.69019
700000.0003	-5.44963
700000.0003	-3.10354
700000.0003	0.116942
700000.0003	-1.1004
700000.0003	3.50181
700000.0003	-0.873724
700000.0003	0.511967
700000.0003	1.30564
700000.0003	-0.787652
700000.0003	-2.29202
700000.0003	4.02941
700000.0003	-0.432925
700000.0003	0.497927
700000.0003	2.12888
700000.0003	0.0599468
700000.0003	-0.737868
700000.0003	-1.78669
700000.0003	-0.0682292
700000.0003	-0.0332782
700000.0003	0.667363
700000.0003	0.503856
700000.0003	0.771747
700000.0003	-0.451292
700000.0003	-0.153837
700000.0003	0.0614384
700000.0003	0.221659
700000.0003	-0.325844
700000.0003	-0.515597
700000.0003	0.313722
700000.0003	0.323872
700000.0003	-0.781442
700000.0003	-0.193532
700000.0003	0.0336327
700000.0003	1.07025
700000.0003	-0.270303
700000.0003	-1.40695
700000.0003	-0.103946
700000.0003	-0.0432003
700000.0003	1.27357
700000.0003	-0.600934
700000.0003	-0.325754
700000.0003	-0.163672
700000.0003	-0.0886372
700000.0003	0.69812
700000.0003	-0.144187
700000.0003	0.806702
700000.0003	-0.259364
700000.0003	0.0558439
700000.0003	-0.516033
700000.0003	0.540858
700000.0003	-0.766425
700000.0003	0.723711
700000.0003	0.725061
700000.0003	0.434341
700000.0003	-1.06437
700000.0003	0.290446
700000.0003	0.931942
700000.0003	-0.402263
700000.0003	-0.166141
700000.0003	0.330829
700000.0003	0.124324
700000.0003	-0.515199
700000.0003	-1.3854
700000.0003	0.609371
700000.0003	-0.382426
700000.0003	-0.317442
700000.0003	0.109803
700000.0003	-0.365537
700000.0003	0.752958
700000.0003	-0.122117
700000.0003	-0.0703097
700000.0003	-0.462003
700000.0003	0.88062
700000.0003	0.218615
700000.0003	0.241392
700000.0003	-0.916168
700000.0003	-0.613319
700000.0003	-0.159524
700000.0003	0.463086
700000.0003	-0.0188862
700000.0003	0.036134
700000.0003	-0.467648
700000.0003	0.261734
700000.0003	0.43075
700000.0003	-0.697838
700000.0003	-0.364625
700000.0003	0.170873
700000.0003	-0.288979
700000.0003	0.478366
700000.0003	1.20639
700000.0003	-0.399117
700000.0003	1.01148
700000.0003	-0.209577
700000.0003	-0.338629
700000.0003	-0.363767
700000.0003	0.932743
700000.0003	0.321779
700000.0003	0.442334
700000.0003	0.0500501
700000.0003	-1.39194
700000.0003	0.377057
700000.0003	-0.779822
700000.0003	-0.482097
700000.0003	1.21828
700000.0003	-0.495448
700000.0003	0.746001
700000.0003	-1.12506
700000.0003	-0.170818
700000.0003	0.170164
700000.0003	-0.471201
700000.0003	-0.416746
700000.0003	-0.518293
700000.0003	0.710139
700000.0003	0.38284
700000.0003	0.552154
700000.0003	0.286858
700000.0003	-0.268264
700000.0003	0.753061
700000.0003	-0.579668
700000.0003	0.941806
700000.0003	-0.300864
700000.0003	0.0149015
700000.0003	-0.517676
700000.0003	0.311353
700000.0003	-0.338697
700000.0003	-0.212237
700000.0003	0.326586
700000.0003	0.48639
700000.0003	-0.825761
700000.0003	0.656383
700000.0003	-0.291127
700000.0003	0.066215
700000.0003	-0.839224
700000.0003	-0.319074
700000.0003	-0.136836
700000.0003	0.0470125
700000.0003	1.51474
700000.0003	0.41099
700000.0003	-1.15926
700000.0003	0.415454
700000.0003	0.522276
700000.0003	0.025287
700000.0003	-0.431675
700000.0003	-0.0268727
700000.0003	-0.536623
700000.0003	-0.1637
700000.0003	0.0585829
700000.0003	0.570313
700000.0003	-0.528116
700000.0003	-0.11105
700000.0003	0.58392
700000.0003	1.0133
700000.0003	-0.73999
700000.0003	-0.469854
700000.0003	0.607097
700000.0003	-1.20273
700000.0003	-0.173199
700000.0003	0.546731
700000.0003	-1.51347
700000.0003	0.405418
700000.0003	1.09033
700000.0003	0.347476
700000.0003	0.0377969
700000.0003	-0.0366136
700000.0003	-0.475517
700000.0003	-0.645063
700000.0003	0.623925
700000.0003	0.185895
700000.0003	-0.00550738
700000.0003	0.348912
700000.0003	0.197722
700000.0003	0.588874
700000.0003	0.357007
700000.0003	-0.243327
700000.0003	-0.049888
700000.0003	-0.185955
700000.0003	-1.3816
700000.0003	-0.0194656
700000.0003	-0.750963
700000.0003	-0.893679
700000.0003	0.812724
700000.0003	0.159727
700000.0003	1.28232
700000.0003	-1.05058
700000.0003	0.753037
700000.0003	-0.440738
700000.0003	-0.465948
700000.0003	-0.00301349
700000.0003	-0.250722
700000.0003	-0.156335
700000.0003	0.592763
700000.0003	0.305226
700000.0003	0.296188
700000.0003	-0.354067
700000.0003	0.282191
700000.0003	1.43473
700000.0003	-0.659376
700000.0003	0.756696
700000.0003	0.374328
700000.0003	-1.3254
700000.0003	-0.468793
700000.0003	-0.15572
700000.0003	0.735888
700000.0003	-0.325389
700000.0003	-0.277054
700000.0003	0.846435
700000.0003	0.271885
700000.0003	0.322914
700000.0003	0.312655
700000.0003	-2.33689
700000.0003	0.687512
700000.0003	-0.195791
700000.0003	0.0763449
700000.0003	1.84196
700000.0003	0.341335
700000.0003	-0.555398
700000.0003	-0.0406367
700000.0003	-0.203718
700000.0003	-0.789438
700000.0003	0.109546
700000.0003	-0.316579
700000.0003	1.04173
700000.0003	0.909985
700000.0003	-0.262184
700000.0003	-1.38889
700000.0003	-0.416338
700000.0003	0.90954
700000.0003	1.22788
700000.0003	-1.22972
700000.0003	-0.599962
700000.0003	2.07541
700000.0003	-2.18668
700000.0003	0.175665
700000.0003	-0.34559
700000.0003	2.01762
700000.0003	1.68307
700000.0003	-1.72787
700000.0003	-1.46601
700000.0003	-2.71062
700000.0003	0.857498
700000.0003	1.61674
700000.0003	1.24007
700000.0003	2.61187
700000.0003	2.356
700000.0003	-2.76693
700000.0003	1.67748
700000.0003	-1.00672
700000.0003	-3.67494
700000.0003	-1.27536
700000.0003	-0.125865
700000.0003	1.64006
700000.0003	-0.0534429
700000.0003	-0.194874
700000.0003	1.3849
700000.0003	-0.63424
700000.0003	-0.476078
700000.0003	-0.992956
700000.0003	-0.975773
700000.0003	2.09468
700000.0003	-0.8633
700000.0003	0.193949
700000.0003	-0.44547
700000.0003	-0.742433
700000.0003	-0.869955
700000.0003	1.17051
700000.0003	0.129342
700000.0003	0.293279
700000.0003	0.883255
700000.0003	0.056922
700000.0003	-0.515169
700000.0003	0.264806
700000.0003	-1.9346
700000.0003	0.516339
700000.0003	-0.44932
700000.0003	-0.42529
700000.0003	-0.442608
700000.0003	-0.443519
700000.0003	0.0219109
700000.0003	-1.31005
700000.0003	-0.198308
700000.0003	0.0915551
700000.0003	0.214022
700000.0003	-0.0827998
700000.0003	-0.136296
700000.0003	0.202697
700000.0003	0.320033
700000.0003	0.702849
700000.0003	-0.707229
700000.0003	-0.200979
700000.0003	-0.485256
700000.0003	-0.438688
700000.0003	-0.31124
700000.0003	-0.220757
700000.0003	0.344114
700000.0003	0.143183
700000.0003	-0.341514
700000.0003	0.155189
700000.0003	0.145643
700000.0003	0.0990577
700000.0003	-0.252304
700000.0003	0.876339
700000.0003	-0.135091
700000.0003	-0.496554
700000.0003	0.410495
700000.0003	-0.103825
700000.0003	0.526707
700000.0003	0.092366
700000.0003	-0.0844067
700000.0003	-0.0247857
700000.0003	0.24251
700000.0003	-0.414235
700000.0003	0.850173
700000.0003	0.233751
700000.0003	0.589521
700000.0003	0.125001
700000.0003	0.658723
700000.0003	-0.282832
700000.0003	-0.217348
700000.0003	-0.172061
700000.0003	0.526249
700000.0003	0.432307
700000.0003	-0.0780232
700000.0003	-0.543818
700000.0003	0.0995363
700000.0003	-0.514243
700000.0003	0.397484
700000.0003	-0.249582
700000.0003	-0.124248
700000.0003	-0.00888643
700000.0003	-0.589811
700000.0003	0.807315
700000.0003	0.020254
700000.0003	-0.0969157
700000.0003	-0.149462
700000.0003	0.0420239
700000.0003	-0.535085
700000.0003	-0.163475
700000.0003	-0.175995
700000.0003	-0.282563
700000.0003	-0.707684
700000.0003	0.0151644
700000.0003	-0.0180963
700000.0003	0.719283
700000.0003	0.49083
700000.0003	0.196538
700000.0003	-0.213853
700000.0003	-0.19248
700000.0003	0.422592
700000.0003	-0.238439
700000.0003	-0.576057
700000.0003	0.110353
700000.0003	-0.222757
700000.0003	0.524319
700000.0003	-0.579715
700000.0003	0.188782
700000.0003	0.434501
700000.0003	0.0494528
700000.0003	0.0545034
700000.0003	0.457628
700000.0003	-0.44915
700000.0003	-0.215292
700000.0003	-0.51733
700000.0003	-0.720426
700000.0003	0.193545
700000.0003	-0.449497
700000.0003	-0.391808
700000.0003	-0.410827
700000.0003	0.0988907
700000.0003	-0.0106773
700000.0003	0.171782
700000.0003	0.359691
700000.0003	0.518533
700000.0003	-0.0718398
700000.0003	0.31356
700000.0003	0.157304
700000.0003	-0.282344
700000.0003	1.06997
700000.0003	0.573621
700000.0003	0.0644382
700000.0003	-0.328376
700000.0003	0.432099
700000.0003	0.103939
700000.0003	-1.17852
700000.0003	-0.368464
