700000.0003	28.023
700000.0003	99.3152
700000.0003	203.419
700000.0003	345.709
700000.0003	530.366
700000.0003	781.021
700000.0003	1075.39
700000.0003	1427.04
700000.0003	1831.67
700000.0003	2279.69
700000.0003	2781.56
700000.0003	3314.42
700000.0003	3869.3
700000.0003	4458.39
700000.0003	5024.72
700000.0003	5533.42
700000.0003	5984.04
700000.0003	6392.04
700000.0003	6681.32
700000.0003	6887.41
700000.0003	7062.61
700000.0003	7099.13
700000.0003	7105.77
700000.0003	7043.77
700000.0003	6932.45
700000.0003	6813.59
700000.0003	6571.08
700000.0003	6347.47
700000.0003	6067.04
700000.0003	5699.89
700000.0003	5400.87
700000.0003	4987.89
700000.0003	4528.89
700000.0003	4077.96
700000.0003	3527.94
700000.0003	2984.75
700000.0003	2380
700000.0003	1726.83
700000.0003	1074.19
700000.0003	367.006
700000.0003	0
700000.0003	0
700000.0003	0
700000.0003	0
700000.0003	0
700000.0003	0
700000.0003	0
700000.0003	0
700000.0003	0
700000.0003	0
700000.0003	0
700000.0003	0
700000.0003	0
700000.0003	0
700000.0003	0
700000.0003	0
700000.0003	0
700000.0003	0
700000.0003	0
700000.0003	0
700000.0003	0
700000.0003	0
700000.0003	0
700000.0003	0
700000.0003	0
700000.0003	0
700000.0003	0
700000.0003	0
700000.0003	0
700000.0003	0
700000.0003	0
700000.0003	0
700000.0003	0
700000.0003	0
700000.0003	0
700000.0003	0
700000.0003	0
700000.0003	0
700000.0003	0
700000.0003	0
700000.0003	0
700000.0003	0
700000.0003	0
700000.0003	0
700000.0003	0
700000.0003	0
700000.0003	0
700000.0003	0
700000.0003	0
700000.0003	0
700000.0003	0
700000.0003	0
700000.0003	0
700000.0003	0
700000.0003	0
700000.0003	0
700000.0003	0
700000.0003	0
700000.0003	0
700000.0003	0
700000.0003	0
700000.0003	0
700000.0003	0
700000.0003	0
700000.0003	0
700000.0003	0
700000.0003	0
700000.0003	0
700000.0003	0
700000.0003	0
700000.0003	0
700000.0003	0
700000.0003	0
700000.0003	0
700000.0003	0
700000.0003	0
700000.0003	0
700000.0003	0
700000.0003	0
700000.0003	0
700000.0003	0
700000.0003	0
700000.0003	0
700000.0003	0
700000.0003	0
700000.0003	0
700000.0003	0
700000.0003	0
700000.0003	0
700000.0003	0
700000.0003	0
700000.0003	0
700000.0003	0
700000.0003	0
700000.0003	0
700000.0003	0
700000.0003	0
700000.0003	0
700000.0003	0
700000.0003	0
700000.0003	-23.5869
700000.0003	-70.5172
700000.0003	-116.588
700000.0003	-162.673
700000.0003	-206.166
700000.0003	-253.029
700000.0003	-295.86
700000.0003	-338.304
700000.0003	-382.669
700000.0003	-422.597
700000.0003	-470.651
700000.0003	-505.802
700000.0003	-547.756
700000.0003	-588.595
700000.0003	-626.637
700000.0003	-664.308
700000.0003	-703.826
700000.0003	-741.689
700000.0003	-780.111
700000.0003	-814.445
700000.0003	-856.866
700000.0003	-879.422
700000.0003	-924.737
700000.0003	-953.219
700000.0003	-995.141
700000.0003	-1024.6
700000.0003	-1054.55
700000.0003	-1083.87
700000.0003	-1116.54
700000.0003	-1142.73
700000.0003	-1176.18
700000.0003	-1207.62
700000.0003	-1240.84
700000.0003	-1269.08
700000.0003	-1293.52
700000.0003	-1316.95
700000.0003	-1349.31
700000.0003	-1377.53
700000.0003	-1400.51
700000.0003	-1409.57
700000.0003	-1447.19
700000.0003	-1463.54
700000.0003	-1491.86
700000.0003	-1514.4
700000.0003	-1535.83
700000.0003	-1549.77
700000.0003	-1575.4
700000.0003	-1594.82
700000.0003	-1619.42
700000.0003	-1635.99
700000.0003	-1656.64
700000.0003	-1672.44
700000.0003	-1704.02
700000.0003	-1695.81
700000.0003	-1711.85
700000.0003	-1732.03
700000.0003	-1756.22
700000.0003	-1770.21
700000.0003	-1782.84
700000.0003	-1794.05
700000.0003	-1807.15
700000.0003	-1814.77
700000.0003	-1830.31
700000.0003	-1835.32
700000.0003	-1859.76
700000.0003	-1856.84
700000.0003	-1869.72
700000.0003	-1879.15
700000.0003	-1879.25
700000.0003	-1893.24
700000.0003	-1897.39
700000.0003	-1904.48
700000.0003	-1906.21
700000.0003	-1910.73
700000.0003	-1919.73
700000.0003	-1915.08
700000.0003	-1922.9
700000.0003	-1930.95
700000.0003	-1920.43
700000.0003	-1934.36
700000.0003	-1933.59
700000.0003	-1924.18
700000.0003	-1926
700000.0003	-1918.19
700000.0003	-1915.88
700000.0003	-1928.89
700000.0003	-1920.97
700000.0003	-1910.9
700000.0003	-1899.83
700000.0003	-1897.02
700000.0003	-1884.78
700000.0003	-1870.95
700000.0003	-1870.88
700000.0003	-1854.87
700000.0003	-1852.15
700000.0003	-1840.48
700000.0003	-1819.51
700000.0003	-1811.36
700000.0003	-1779.25
700000.0003	-1761.2
700000.0003	-1737.96
700000.0003	-1725.04
700000.0003	-1691.41
700000.0003	-1659.05
700000.0003	-1617.9
700000.0003	-1582.68
700000.0003	-1540.37
700000.0003	-1496.21
700000.0003	-1451.71
700000.0003	-1393.13
700000.0003	-1343.13
700000.0003	-1285.06
700000.0003	-1223.88
700000.0003	-1165.53
700000.0003	-1100.35
700000.0003	-1038.36
700000.0003	-975.495
700000.0003	-910.374
700000.0003	-846.954
700000.0003	-787.418
700000.0003	-727.486
700000.0003	-672.811
700000.0003	-613.676
700000.0003	-565.101
700000.0003	-513.372
700000.0003	-462.899
700000.0003	-420.125
700000.0003	-378.429
700000.0003	-336.775
700000.0003	-299.971
700000.0003	-265.418
700000.0003	-233.302
700000.0003	-206.735
700000.0003	-178.49
700000.0003	-155.516
700000.0003	-134.249
700000.0003	-115.303
700000.0003	-99.3196
700000.0003	-84.7524
700000.0003	-73.0888
700000.0003	-61.5699
700000.0003	-52.281
700000.0003	-44.3557
700000.0003	-37.1493
700000.0003	-31.555
700000.0003	-26.5992
700000.0003	-22.26
700000.0003	-18.9544
700000.0003	-15.8489
700000.0003	-12.9917
700000.0003	-10.9314
700000.0003	-8.93984
700000.0003	-7.44891
700000.0003	-5.98777
700000.0003	-4.91104
700000.0003	-3.79354
700000.0003	-2.79311
700000.0003	-1.8819
700000.0003	-1.12748
700000.0003	-0.35924
700000.0003	0
700000.0003	0
700000.0003	0
700000.0003	0
700000.0003	0
700000.0003	0
700000.0003	0
700000.0003	0
700000.0003	0
700000.0003	0
700000.0003	0
700000.0003	0
700000.0003	0
700000.0003	0
700000.0003	0
700000.0003	0
700000.0003	0
700000.0003	0
700000.0003	0
700000.0003	0
700000.0003	0
700000.0003	0
700000.0003	0
700000.0003	0
700000.0003	0
700000.0003	0
700000.0003	0
700000.0003	0
700000.0003	0
700000.0003	0
700000.0003	0
700000.0003	0
700000.0003	0
700000.0003	0
700000.0003	0
700000.0003	0
700000.0003	0
700000.0003	0
700000.0003	0
700000.0003	0
700000.0003	0
700000.0003	0
700000.0003	0
700000.0003	0
700000.0003	0
700000.0003	0
700000.0003	0
700000.0003	0
700000.0003	0
700000.0003	0
700000.0003	0
700000.0003	0
700000.0003	0
700000.0003	0
700000.0003	0
700000.0003	0
700000.0003	0
700000.0003	0
700000.0003	0
700000.0003	0
700000.0003	0
700000.0003	0
700000.0003	0
700000.0003	0
700000.0003	0
700000.0003	0
700000.0003	0
700000.0003	0
700000.0003	0
700000.0003	0
700000.0003	0
700000.0003	0
700000.0003	0
700000.0003	0
700000.0003	0
700000.0003	0
700000.0003	0
700000.0003	0
700000.0003	0
700000.0003	0
700000.0003	0
700000.0003	0
700000.0003	0
700000.0003	0
700000.0003	0
700000.0003	0
700000.0003	0
700000.0003	0
700000.0003	0
700000.0003	0
700000.0003	0
700000.0003	0
700000.0003	0
700000.0003	0
700000.0003	0
700000.0003	0
700000.0003	0
700000.0003	0
700000.0003	0
700000.0003	0
700000.0003	0.0247042
700000.0003	-0.16517
700000.0003	-1.0454
700000.0003	-3.38736
700000.0003	2.40544
700000.0003	8.39293
700000.0003	-7.73564
700000.0003	-0.0441885
700000.0003	-2.64643
700000.0003	7.01736
700000.0003	4.76646
700000.0003	-7.11457
700000.0003	5.63134
700000.0003	10.8575
700000.0003	6.7767
700000.0003	-3.50252
700000.0003	-10.6793
700000.0003	-22.6309
700000.0003	-18.7967
700000.0003	-10.1371
700000.0003	-28.4292
700000.0003	-9.58009
700000.0003	-8.96194
700000.0003	-26.2263
700000.0003	19.4861
700000.0003	9.68289
700000.0003	-14.5044
700000.0003	0.812171
700000.0003	4.19592
700000.0003	-11.7776
700000.0003	-21.1659
700000.0003	-9.89454
700000.0003	-4.07059
700000.0003	21.0731
700000.0003	16.9194
700000.0003	6.87948
700000.0003	3.29961
700000.0003	-1.60338
700000.0003	4.37852
700000.0003	-0.637317
700000.0003	0
700000.0003	0
700000.0003	0
700000.0003	0
700000.0003	0
700000.0003	0
700000.0003	0
700000.0003	0
700000.0003	0
700000.0003	0
700000.0003	0
700000.0003	0
700000.0003	0
700000.0003	0
700000.0003	0
700000.0003	0
700000.0003	0
700000.0003	0
700000.0003	0
700000.0003	0
700000.0003	0
700000.0003	0
700000.0003	0
700000.0003	0
700000.0003	0
700000.0003	0
700000.0003	0
700000.0003	0
700000.0003	0
700000.0003	0
700000.0003	0
700000.0003	0
700000.0003	0
700000.0003	0
700000.0003	0
700000.0003	0
700000.0003	0
700000.0003	0
700000.0003	0
700000.0003	0
700000.0003	0
700000.0003	0
700000.0003	0
700000.0003	0
700000.0003	0
700000.0003	0
700000.0003	0
700000.0003	0
700000.0003	0
700000.0003	0
700000.0003	0
700000.0003	0
700000.0003	0
700000.0003	0
700000.0003	0
700000.0003	0
700000.0003	0
700000.0003	0
700000.0003	0
700000.0003	0
700000.0003	0
700000.0003	0
700000.0003	0
700000.0003	0
700000.0003	0
700000.0003	0
700000.0003	0
700000.0003	0
700000.0003	0
700000.0003	0
700000.0003	0
700000.0003	0
700000.0003	0
700000.0003	0
700000.0003	0
700000.0003	0
700000.0003	0
700000.0003	0
700000.0003	0
700000.0003	0
700000.0003	0
700000.0003	0
700000.0003	0
700000.0003	0
700000.0003	0
700000.0003	0
700000.0003	0
700000.0003	0
700000.0003	0
700000.0003	0
700000.0003	0
700000.0003	0
700000.0003	0
700000.0003	0
700000.0003	0
700000.0003	0
700000.0003	0
700000.0003	0
700000.0003	0
700000.0003	0
700000.0003	0.155531
700000.0003	0.0486836
700000.0003	-0.130727
700000.0003	-0.466151
700000.0003	0.189462
700000.0003	0.786719
700000.0003	0.729215
700000.0003	0.667127
700000.0003	-1.43647
700000.0003	-0.186796
700000.0003	1.98188
700000.0003	-1.26996
700000.0003	2.23983
700000.0003	-0.809446
700000.0003	-1.22248
700000.0003	-2.27741
700000.0003	-0.703412
700000.0003	3.29685
700000.0003	1.17346
700000.0003	-2.17264
700000.0003	4.84707
700000.0003	0.0350132
700000.0003	-1.04768
700000.0003	-0.986575
700000.0003	1.51314
700000.0003	-1.43011
700000.0003	-3.11313
700000.0003	1.19293
700000.0003	1.91226
700000.0003	-2.82256
700000.0003	-1.67808
700000.0003	2.96507
700000.0003	-1.8219
700000.0003	-7.51864
700000.0003	-2.6021
700000.0003	2.86762
700000.0003	11.0658
700000.0003	1.78873
700000.0003	-0.790359
700000.0003	3.14441
700000.0003	0.658341
700000.0003	-2.03675
700000.0003	-0.0826544
700000.0003	-5.34403
700000.0003	-1.78963
700000.0003	-1.11481
700000.0003	-1.40161
700000.0003	-2.85369
700000.0003	2.7891
700000.0003	-0.3892
700000.0003	2.50179
700000.0003	2.09797
700000.0003	1.84589
700000.0003	-1.52912
700000.0003	0.548459
700000.0003	-3.03078
700000.0003	2.07143
700000.0003	-0.192965
700000.0003	0.5259
700000.0003	-1.83266
700000.0003	-2.33959
700000.0003	-5.03709
700000.0003	1.05974
700000.0003	-5.74518
700000.0003	2.20283
700000.0003	3.8844
700000.0003	7.52847
700000.0003	-7.86379
700000.0003	-4.78926
700000.0003	2.76779
700000.0003	3.66961
700000.0003	-1.32329
700000.0003	0.505221
700000.0003	-3.67074
700000.0003	-2.02345
700000.0003	-1.45548
700000.0003	2.6512
700000.0003	-1.17527
700000.0003	-2.41605
700000.0003	1.22113
700000.0003	0.662933
700000.0003	1.96226
700000.0003	0.673287
700000.0003	-2.21778
700000.0003	-1.43646
700000.0003	3.63576
700000.0003	-2.12858
700000.0003	-3.53863
700000.0003	-1.53603
700000.0003	-0.488882
700000.0003	-5.50759
700000.0003	-2.104
700000.0003	-2.53527
700000.0003	-8.74451
700000.0003	-2.57131
700000.0003	-3.76521
700000.0003	-1.82005
700000.0003	2.30972
700000.0003	-4.55138
700000.0003	-2.87019
700000.0003	2.52447
700000.0003	-0.151899
700000.0003	-1.35299
700000.0003	-4.38717
700000.0003	1.72899
700000.0003	1.63788
700000.0003	-0.587977
700000.0003	-3.28088
700000.0003	0.904822
700000.0003	0.450305
700000.0003	-0.190862
700000.0003	2.14819
700000.0003	-1.09376
700000.0003	-1.54517
700000.0003	-0.38655
700000.0003	-0.0912014
700000.0003	0.415554
700000.0003	-0.569557
700000.0003	-1.54185
700000.0003	0.0498016
700000.0003	0.867531
700000.0003	0.118693
700000.0003	-0.497962
700000.0003	-1.51858
700000.0003	1.39251
700000.0003	-0.811792
700000.0003	-1.33787
700000.0003	2.07008
700000.0003	-0.625488
700000.0003	-1.21746
700000.0003	0.295809
700000.0003	0.149997
700000.0003	-0.236198
700000.0003	-0.291435
700000.0003	0.0893058
700000.0003	0.184303
700000.0003	-0.294026
700000.0003	-0.129955
700000.0003	-0.170987
700000.0003	-0.436153
700000.0003	0.416572
700000.0003	-0.095647
700000.0003	0.069434
700000.0003	-0.301555
700000.0003	-0.203559
700000.0003	-0.130847
700000.0003	0.177416
700000.0003	0.0807426
700000.0003	-0.0336373
700000.0003	-0.0788804
700000.0003	-0.14283
700000.0003	-0.109018
700000.0003	0.138508
700000.0003	0.0476013
700000.0003	0.0423761
700000.0003	-0.0167151
700000.0003	0.048768
700000.0003	0.0101747
700000.0003	0.0099132
700000.0003	0.00719273
700000.0003	0
700000.0003	0
700000.0003	0
700000.0003	0
700000.0003	0
700000.0003	0
700000.0003	0
700000.0003	0
700000.0003	0
700000.0003	0
700000.0003	0
700000.0003	0
700000.0003	0
700000.0003	0
700000.0003	0
700000.0003	0
700000.0003	0
700000.0003	0
700000.0003	0
700000.0003	0
700000.0003	0
700000.0003	0
700000.0003	0
700000.0003	0
700000.0003	0
700000.0003	0
700000.0003	0
700000.0003	0
700000.0003	0
700000.0003	0
700000.0003	0
700000.0003	0
700000.0003	0
700000.0003	0
700000.0003	0
700000.0003	0
700000.0003	0
700000.0003	0
700000.0003	0
700000.0003	0
700000.0003	0
700000.0003	0
700000.0003	0
700000.0003	0
700000.0003	0
700000.0003	0
700000.0003	0
700000.0003	0
700000.0003	0
700000.0003	0
700000.0003	0
700000.0003	0
700000.0003	0
700000.0003	0
700000.0003	0
700000.0003	0
700000.0003	0
700000.0003	0
700000.0003	0
700000.0003	0
700000.0003	0
700000.0003	0
700000.0003	0
700000.0003	0
700000.0003	0
700000.0003	0
700000.0003	0
700000.0003	0
700000.0003	0
700000.0003	0
700000.0003	0
700000.0003	0
700000.0003	0
700000.0003	0
700000.0003	0
700000.0003	0
700000.0003	0
700000.0003	0
700000.0003	0
700000.0003	0
700000.0003	0
700000.0003	0
700000.0003	0
700000.0003	0
700000.0003	0
700000.0003	0
700000.0003	0
700000.0003	0
700000.0003	0
700000.0003	0
700000.0003	0
700000.0003	0
700000.0003	0
700000.0003	0
700000.0003	0
700000.0003	0
700000.0003	0
700000.0003	0
700000.0003	0
700000.0003	0
