700000.0003	0.0260387
700000.0003	0.0353569
700000.0003	0.0530978
700000.0003	0.0813927
700000.0003	0.123965
700000.0003	0.189924
700000.0003	0.278435
700000.0003	0.397901
700000.0003	0.552683
700000.0003	0.745538
700000.0003	0.985812
700000.0003	1.27149
700000.0003	1.60456
700000.0003	1.99486
700000.0003	2.4224
700000.0003	2.87015
700000.0003	3.33508
700000.0003	3.82553
700000.0003	4.29048
700000.0003	4.74448
700000.0003	5.21919
700000.0003	5.62899
700000.0003	6.04909
700000.0003	6.44412
700000.0003	6.8265
700000.0003	7.23723
700000.0003	7.54676
700000.0003	7.9121
700000.0003	8.24119
700000.0003	8.48617
700000.0003	8.87537
700000.0003	9.13007
700000.0003	9.34373
700000.0003	9.63563
700000.0003	9.75384
700000.0003	9.9626
700000.0003	10.0711
700000.0003	10.0734
700000.0003	10.2296
700000.0003	10.2751
700000.0003	10.2666
700000.0003	10.2177
700000.0003	10.2557
700000.0003	10.2785
700000.0003	10.2679
700000.0003	10.2628
700000.0003	10.3272
700000.0003	10.2625
700000.0003	10.2325
700000.0003	10.2724
700000.0003	10.2892
700000.0003	10.318
700000.0003	10.2292
700000.0003	10.3434
700000.0003	10.3336
700000.0003	10.3055
700000.0003	10.3105
700000.0003	10.275
700000.0003	10.3125
700000.0003	10.2731
700000.0003	10.273
700000.0003	10.3021
700000.0003	10.2382
700000.0003	10.327
700000.0003	10.3532
700000.0003	10.2389
700000.0003	10.3241
700000.0003	10.3449
700000.0003	10.2777
700000.0003	10.3153
700000.0003	10.3803
700000.0003	10.3336
700000.0003	10.3808
700000.0003	10.3666
700000.0003	10.3584
700000.0003	10.3058
700000.0003	10.3412
700000.0003	10.3917
700000.0003	10.3282
700000.0003	10.3729
700000.0003	10.365
700000.0003	10.4501
700000.0003	10.3588
700000.0003	10.3365
700000.0003	10.3426
700000.0003	10.3205
700000.0003	10.2404
700000.0003	10.3939
700000.0003	10.3399
700000.0003	10.3836
700000.0003	10.3579
700000.0003	10.3916
700000.0003	10.3812
700000.0003	10.356
700000.0003	10.4156
700000.0003	10.3509
700000.0003	10.3592
700000.0003	10.36
700000.0003	10.3454
700000.0003	10.3722
700000.0003	10.3977
700000.0003	10.3149
700000.0003	10.4377
700000.0003	10.3875
700000.0003	10.4323
700000.0003	10.3984
700000.0003	10.4069
700000.0003	10.3517
700000.0003	10.3804
700000.0003	10.4407
700000.0003	10.3368
700000.0003	10.4461
700000.0003	10.4223
700000.0003	10.4316
700000.0003	10.3266
700000.0003	10.39
700000.0003	10.4085
700000.0003	10.3948
700000.0003	10.4744
700000.0003	10.468
700000.0003	10.4347
700000.0003	10.4298
700000.0003	10.4187
700000.0003	10.4227
700000.0003	10.4449
700000.0003	10.4581
700000.0003	10.4686
700000.0003	10.4047
700000.0003	10.4262
700000.0003	10.4775
700000.0003	10.5662
700000.0003	10.4312
700000.0003	10.4347
700000.0003	10.4649
700000.0003	10.416
700000.0003	10.4015
700000.0003	10.445
700000.0003	10.4351
700000.0003	10.468
700000.0003	10.4384
700000.0003	10.4855
700000.0003	10.4625
700000.0003	10.4465
700000.0003	10.4758
700000.0003	10.379
700000.0003	10.4806
700000.0003	10.4232
700000.0003	10.3838
700000.0003	10.41
700000.0003	10.3351
700000.0003	10.4604
700000.0003	10.308
700000.0003	10.3162
700000.0003	10.304
700000.0003	10.2526
700000.0003	10.2058
700000.0003	10.1954
700000.0003	10.1638
700000.0003	10.1457
700000.0003	10.0819
700000.0003	10.1193
700000.0003	9.93049
700000.0003	10.0058
700000.0003	9.90048
700000.0003	9.93888
700000.0003	9.85369
700000.0003	9.78024
700000.0003	9.70629
700000.0003	9.66707
700000.0003	9.57494
700000.0003	9.54765
700000.0003	9.50618
700000.0003	9.48004
700000.0003	9.41741
700000.0003	9.33105
700000.0003	9.24102
700000.0003	9.217
700000.0003	9.16509
700000.0003	9.08149
700000.0003	8.91266
700000.0003	8.92761
700000.0003	8.81222
700000.0003	8.77243
700000.0003	8.6996
700000.0003	8.62299
700000.0003	8.50751
700000.0003	8.45852
700000.0003	8.37773
700000.0003	8.32571
700000.0003	8.23426
700000.0003	8.16519
700000.0003	8.07486
700000.0003	8.06036
700000.0003	7.86092
700000.0003	7.77849
700000.0003	7.71626
700000.0003	7.67226
700000.0003	7.58483
700000.0003	7.49365
700000.0003	7.39811
700000.0003	7.31276
700000.0003	7.20691
700000.0003	7.1345
700000.0003	7.02281
700000.0003	6.98685
700000.0003	6.84938
700000.0003	6.7725
700000.0003	6.68469
700000.0003	6.56551
700000.0003	6.49681
700000.0003	6.39579
700000.0003	6.30614
700000.0003	6.20072
700000.0003	6.10637
700000.0003	6.02767
700000.0003	5.90815
700000.0003	5.82853
700000.0003	5.75114
700000.0003	5.62029
700000.0003	5.56256
700000.0003	5.46356
700000.0003	5.34253
700000.0003	5.2545
700000.0003	5.1422
700000.0003	5.04669
700000.0003	4.99238
700000.0003	4.88506
700000.0003	4.77462
700000.0003	4.66372
700000.0003	4.57513
700000.0003	4.46586
700000.0003	4.35491
700000.0003	4.27777
700000.0003	4.16592
700000.0003	4.08573
700000.0003	3.98761
700000.0003	3.87156
700000.0003	3.78492
700000.0003	3.65069
700000.0003	3.54818
700000.0003	3.43757
700000.0003	3.3496
700000.0003	3.22394
700000.0003	3.10393
700000.0003	2.97075
700000.0003	2.85185
700000.0003	2.72366
700000.0003	2.5957
700000.0003	2.47084
700000.0003	2.32591
700000.0003	2.19957
700000.0003	2.06395
700000.0003	1.92775
700000.0003	1.80016
700000.0003	1.66632
700000.0003	1.54161
700000.0003	1.41971
700000.0003	1.29875
700000.0003	1.18424
700000.0003	1.07906
700000.0003	0.977027
700000.0003	0.885496
700000.0003	0.791459
700000.0003	0.714201
700000.0003	0.635818
700000.0003	0.561827
700000.0003	0.499758
700000.0003	0.441223
700000.0003	0.384933
700000.0003	0.336181
700000.0003	0.291734
700000.0003	0.251589
700000.0003	0.218819
700000.0003	0.185521
700000.0003	0.158832
700000.0003	0.134822
700000.0003	0.113974
700000.0003	0.0967325
700000.0003	0.0814378
700000.0003	0.0693944
700000.0003	0.0578712
700000.0003	0.0487525
700000.0003	0.0411446
700000.0003	0.034385
700000.0003	0.0292518
700000.0003	0.0248041
700000.0003	0.0209927
700000.0003	0.018193
700000.0003	0.0155971
700000.0003	0.013228
700000.0003	0.0116512
700000.0003	0.0101036
700000.0003	0.00908266
700000.0003	0.0080506
700000.0003	0.00748202
700000.0003	0.00680688
700000.0003	0.0062466
700000.0003	0.0057427
700000.0003	0.00562358
700000.0003	0.00529323
700000.0003	0.00531695
700000.0003	0.00512952
700000.0003	0.00499715
700000.0003	0.00494218
700000.0003	0.00496744
700000.0003	0.00492419
700000.0003	0.00480058
700000.0003	0.00478537
700000.0003	0.00463554
700000.0003	0.00459764
700000.0003	0.00457944
700000.0003	0.00449154
700000.0003	0.00452009
700000.0003	0.00442278
700000.0003	0.00445875
700000.0003	0.00434831
700000.0003	0.00434398
700000.0003	0.00434861
700000.0003	0.00435945
700000.0003	0.00430477
700000.0003	0.00432625
700000.0003	0.00426953
700000.0003	0.00425875
700000.0003	0.00425376
700000.0003	0.00416734
700000.0003	0.00415056
700000.0003	0.00415811
700000.0003	0.00419821
700000.0003	0.00418289
700000.0003	0.00417284
700000.0003	0.00413862
700000.0003	0.0041237
700000.0003	0.00416212
700000.0003	0.00417199
700000.0003	0.00415923
700000.0003	0.00412678
700000.0003	0.00415154
700000.0003	0.00417337
700000.0003	0.00414128
700000.0003	0.00414741
700000.0003	0.0041665
700000.0003	0.00409059
700000.0003	0.00412818
700000.0003	0.00412421
700000.0003	0.00413994
700000.0003	0.00409889
700000.0003	0.00416458
700000.0003	0.00414218
700000.0003	0.00415529
700000.0003	0.00414084
700000.0003	0.00416558
700000.0003	0.00418307
700000.0003	0.00421133
700000.0003	0.00417205
700000.0003	0.00424623
700000.0003	0.00419549
700000.0003	0.0043178
700000.0003	0.00434116
700000.0003	0.00434334
700000.0003	0.00440305
700000.0003	0.00435124
700000.0003	0.00440454
700000.0003	0.00442413
700000.0003	0.00438856
700000.0003	0.00448443
700000.0003	0.00453063
700000.0003	0.0045328
700000.0003	0.00459607
700000.0003	0.0045839
700000.0003	0.0047071
700000.0003	0.00472351
700000.0003	0.00479315
700000.0003	0.00485922
700000.0003	0.00490745
700000.0003	0.00495384
700000.0003	0.00505476
700000.0003	0.00520963
700000.0003	0.00516437
700000.0003	0.00535641
700000.0003	0.00547591
700000.0003	0.00558542
700000.0003	0.00558174
700000.0003	0.00597048
700000.0003	0.00622574
700000.0003	0.00599116
700000.0003	0.00644867
700000.0003	0.00655908
700000.0003	0.00682133
700000.0003	0.00725195
700000.0003	0.00783986
700000.0003	0.00788339
700000.0003	0.00833426
700000.0003	0.00904469
700000.0003	0.00972873
700000.0003	0.0109833
700000.0003	0.0119425
700000.0003	0.0133746
700000.0003	0.015563
700000.0003	0.0178344
700000.0003	0.0208879
700000.0003	0.000213168
700000.0003	7.72642e-05
700000.0003	-0.000395662
700000.0003	2.41115e-05
700000.0003	-1.7787e-05
700000.0003	-3.70495e-05
700000.0003	-0.00118909
700000.0003	-0.00224783
700000.0003	0.00187657
700000.0003	0.000993816
700000.0003	-2.49368e-05
700000.0003	0.00661115
700000.0003	0.00552668
700000.0003	-0.0034938
700000.0003	0.00642842
700000.0003	0.00264562
700000.0003	0.00422463
700000.0003	0.00630786
700000.0003	0.00766938
700000.0003	0.0149732
700000.0003	0.0269272
700000.0003	0.00495937
700000.0003	0.0260535
700000.0003	-0.00583568
700000.0003	0.0364271
700000.0003	0.00747539
700000.0003	-0.0052331
700000.0003	0.0304827
700000.0003	0.0173165
700000.0003	-0.00792941
700000.0003	-0.0371598
700000.0003	-0.0217202
700000.0003	-0.0082228
700000.0003	0.0464834
700000.0003	0.0323777
700000.0003	0.0304184
700000.0003	0.0283852
700000.0003	-0.00843317
700000.0003	0.021427
700000.0003	-0.0280081
700000.0003	-0.00353363
700000.0003	-0.0412349
700000.0003	-0.0247497
700000.0003	-0.0356694
700000.0003	0.035003
700000.0003	0.0469923
700000.0003	0.00727751
700000.0003	-0.0283239
700000.0003	-0.0374358
700000.0003	-0.0299368
700000.0003	-0.0530509
700000.0003	-0.00872261
700000.0003	0.0412093
700000.0003	0.00751144
700000.0003	-0.0199471
700000.0003	0.0291878
700000.0003	-0.0293729
700000.0003	0.0175924
700000.0003	-0.0222858
700000.0003	-0.00094221
700000.0003	0.00522953
700000.0003	-0.0426406
700000.0003	0.0142978
700000.0003	-0.0322186
700000.0003	-0.0203551
700000.0003	0.0285729
700000.0003	0.0329113
700000.0003	0.0027936
700000.0003	-0.00631005
700000.0003	0.0408732
700000.0003	0.014513
700000.0003	-0.0556815
700000.0003	-0.00580836
700000.0003	-0.0395891
700000.0003	-0.0204985
700000.0003	-0.0568471
700000.0003	0.0337226
700000.0003	0.00390299
700000.0003	0.00811338
700000.0003	0.05236
700000.0003	0.0174407
700000.0003	-0.00419374
700000.0003	-0.0235657
700000.0003	0.000829155
700000.0003	-0.0530862
700000.0003	0.0097409
700000.0003	0.00417418
700000.0003	-0.0140759
700000.0003	-0.0156759
700000.0003	-0.0207057
700000.0003	-0.00119813
700000.0003	0.00267627
700000.0003	-0.0157364
700000.0003	0.0163855
700000.0003	-0.0344822
700000.0003	0.0127698
700000.0003	-0.0107636
700000.0003	0.0481357
700000.0003	0.0402705
700000.0003	0.0378589
700000.0003	-0.0174229
700000.0003	0.00365887
700000.0003	-0.00916348
700000.0003	0.00731756
700000.0003	-0.0558318
700000.0003	-0.0312012
700000.0003	0.005679
700000.0003	-0.0340851
700000.0003	-0.0309113
700000.0003	-0.00955091
700000.0003	-0.0280137
700000.0003	-0.0134089
700000.0003	0.0150026
700000.0003	0.0359591
700000.0003	0.00639026
700000.0003	-0.0271353
700000.0003	-0.0334719
700000.0003	-0.0189875
700000.0003	0.0263853
700000.0003	-0.0314714
700000.0003	0.00541754
700000.0003	0.0488515
700000.0003	0.0288353
700000.0003	0.0254035
700000.0003	0.0282701
700000.0003	-0.0184193
700000.0003	0.0111021
700000.0003	-0.0136548
700000.0003	-0.0219046
700000.0003	0.0213159
700000.0003	0.0175203
700000.0003	-0.0219082
700000.0003	-0.0160963
700000.0003	-0.0143284
700000.0003	-0.0360807
700000.0003	-0.0384765
700000.0003	-0.0324223
700000.0003	0.0041291
700000.0003	-0.0307407
700000.0003	0.02699
700000.0003	-0.0530994
700000.0003	-0.0226388
700000.0003	-0.00607884
700000.0003	0.021597
700000.0003	-0.00613573
700000.0003	-0.0355693
700000.0003	-0.0405783
700000.0003	-0.0266013
700000.0003	0.0447715
700000.0003	0.0126584
700000.0003	-0.0440763
700000.0003	0.0243266
700000.0003	-0.038917
700000.0003	-0.0140276
700000.0003	0.0223542
700000.0003	0.0354794
700000.0003	0.0206276
700000.0003	-0.0444665
700000.0003	-0.0180237
700000.0003	0.0284802
700000.0003	-0.0714799
700000.0003	-0.00708404
700000.0003	0.00897749
700000.0003	-0.000681323
700000.0003	-0.0332255
700000.0003	0.00790466
700000.0003	0.0250367
700000.0003	-0.00801811
700000.0003	-0.00966138
700000.0003	0.0200606
700000.0003	0.00995643
700000.0003	-0.0349239
700000.0003	0.0154527
700000.0003	0.0506351
700000.0003	0.0310338
700000.0003	-0.0128847
700000.0003	-0.0679954
700000.0003	-0.0133436
700000.0003	-0.00724491
700000.0003	-0.0235322
700000.0003	0.00108587
700000.0003	0.012455
700000.0003	-0.00708589
700000.0003	0.0476121
700000.0003	-0.00836751
700000.0003	0.00284664
700000.0003	0.0152323
700000.0003	0.0256724
700000.0003	-0.0135264
700000.0003	-0.00879135
700000.0003	-0.0130188
700000.0003	-0.00370255
700000.0003	0.00640298
700000.0003	0.0236561
700000.0003	-0.00380196
700000.0003	0.00291241
700000.0003	-0.00970713
700000.0003	0.00135373
700000.0003	0.000516975
700000.0003	0.00744027
700000.0003	0.010028
700000.0003	0.0225033
700000.0003	0.00670729
700000.0003	0.0176645
700000.0003	-0.00679751
700000.0003	-0.0223091
700000.0003	-0.0308064
700000.0003	0.0176438
700000.0003	0.00456315
700000.0003	-0.00880951
700000.0003	-0.013658
700000.0003	0.00230309
700000.0003	0.00236582
700000.0003	0.0159999
700000.0003	0.0130119
700000.0003	3.57098e-05
700000.0003	-0.010092
700000.0003	0.00902133
700000.0003	0.00945693
700000.0003	-0.00417896
700000.0003	-0.00245156
700000.0003	-0.00391337
700000.0003	0.00312748
700000.0003	0.000789895
700000.0003	-0.00488477
700000.0003	-0.0158516
700000.0003	0.0039408
700000.0003	0.00879568
700000.0003	0.000913761
700000.0003	0.00259292
700000.0003	-0.0012947
700000.0003	-0.000365675
700000.0003	0.0061114
700000.0003	0.00333227
700000.0003	0.00833678
700000.0003	0.00347852
700000.0003	0.00366119
700000.0003	0.00028244
700000.0003	0.00553867
700000.0003	0.00123146
700000.0003	-0.00647217
700000.0003	-0.0023399
700000.0003	0.0103129
700000.0003	0.00377065
700000.0003	-0.0018906
700000.0003	-0.00265027
700000.0003	0.00112924
700000.0003	0.000208067
700000.0003	-0.00475392
700000.0003	0.00207288
700000.0003	0.00330536
700000.0003	-0.000632007
700000.0003	-0.00206778
700000.0003	-0.00398277
700000.0003	0.00211589
700000.0003	-0.000415689
700000.0003	-0.000587973
700000.0003	-0.00200086
700000.0003	0.00227883
700000.0003	0.00142702
700000.0003	0.00222049
700000.0003	0.000148767
700000.0003	0.000393172
700000.0003	5.44083e-05
700000.0003	-0.0015534
700000.0003	0.000940067
700000.0003	0.000608662
700000.0003	-0.000887989
700000.0003	-0.000563955
700000.0003	0.000116318
700000.0003	4.14373e-05
700000.0003	-0.00156887
700000.0003	-0.00122519
700000.0003	0.00023136
700000.0003	0.000688168
700000.0003	0.000780093
700000.0003	8.54685e-05
700000.0003	0.000685767
700000.0003	0.000635332
700000.0003	0.000821501
700000.0003	7.89494e-05
700000.0003	-6.52886e-05
700000.0003	0.000264484
700000.0003	0.000179116
700000.0003	0.000277544
700000.0003	5.54504e-05
700000.0003	-2.32939e-05
700000.0003	-0.000176053
700000.0003	-7.8921e-05
700000.0003	3.31342e-05
700000.0003	-9.1482e-05
700000.0003	-8.22629e-06
700000.0003	7.87263e-06
700000.0003	4.57573e-05
700000.0003	4.49706e-05
700000.0003	3.59959e-05
700000.0003	-1.61665e-05
700000.0003	-6.77883e-05
700000.0003	-0.000113066
700000.0003	6.1316e-05
700000.0003	-3.77251e-05
700000.0003	1.72625e-05
700000.0003	-1.31107e-05
700000.0003	-4.01604e-05
700000.0003	-4.39048e-05
700000.0003	6.5726e-05
700000.0003	-2.43037e-05
700000.0003	1.15943e-05
700000.0003	-5.81595e-06
700000.0003	-1.98384e-05
700000.0003	-2.3613e-05
700000.0003	3.72987e-05
700000.0003	1.99845e-06
700000.0003	-3.75849e-05
700000.0003	9.15177e-06
700000.0003	1.17287e-05
700000.0003	-3.85178e-05
700000.0003	-1.06953e-05
700000.0003	-8.09006e-06
700000.0003	-2.08798e-05
700000.0003	-5.97255e-06
700000.0003	4.67672e-05
700000.0003	-3.36068e-05
700000.0003	4.03036e-06
700000.0003	-2.58295e-06
700000.0003	-5.8645e-06
700000.0003	5.02786e-06
700000.0003	4.11239e-06
700000.0003	9.62798e-06
700000.0003	-1.54492e-05
700000.0003	-2.14754e-05
700000.0003	3.72022e-05
700000.0003	-3.57784e-05
700000.0003	-1.22042e-05
700000.0003	-3.09015e-06
700000.0003	4.84682e-06
700000.0003	-3.36603e-05
700000.0003	-5.47864e-06
700000.0003	-3.69595e-05
700000.0003	1.54882e-05
700000.0003	-1.49608e-05
700000.0003	-1.67922e-05
700000.0003	-3.23818e-05
700000.0003	4.94126e-06
700000.0003	8.47054e-06
700000.0003	-1.89117e-05
700000.0003	1.54423e-05
700000.0003	-2.47185e-05
700000.0003	2.81483e-05
700000.0003	2.3148e-05
700000.0003	4.29619e-07
700000.0003	-3.39254e-05
700000.0003	-7.74597e-07
700000.0003	-3.75155e-06
700000.0003	7.18565e-06
700000.0003	1.37159e-05
700000.0003	1.05798e-05
700000.0003	-4.40618e-05
700000.0003	8.92557e-07
700000.0003	2.88883e-05
700000.0003	3.52298e-05
700000.0003	2.67595e-05
700000.0003	-2.03241e-06
700000.0003	-4.02494e-06
700000.0003	3.71672e-05
700000.0003	3.65268e-05
700000.0003	-4.63997e-05
700000.0003	-3.15169e-05
700000.0003	-2.62003e-05
700000.0003	-3.23304e-05
700000.0003	-2.7672e-05
700000.0003	4.12707e-05
700000.0003	1.85471e-05
700000.0003	2.87288e-05
700000.0003	-4.91385e-05
700000.0003	-9.79725e-06
700000.0003	7.24534e-05
700000.0003	4.31982e-05
700000.0003	7.72808e-07
700000.0003	-3.10758e-05
700000.0003	-8.0547e-05
700000.0003	7.43048e-05
700000.0003	-7.94583e-05
700000.0003	-0.000108099
700000.0003	7.75657e-05
700000.0003	1.09834e-05
700000.0003	-3.15678e-05
700000.0003	0.000113218
700000.0003	-5.95645e-05
700000.0003	7.99899e-06
700000.0003	-4.16787e-05
700000.0003	0.000129154
700000.0003	5.47294e-05
700000.0003	5.46037e-05
700000.0003	-4.23377e-05
700000.0003	3.81088e-05
700000.0003	5.15309e-05
700000.0003	0.000152814
700000.0003	0.000108468
700000.0003	-0.000388426
700000.0003	3.09457e-05
700000.0003	-3.17455e-05
700000.0003	-0.000234105
700000.0003	-0.000797208
700000.0003	0.000565882
700000.0003	0.00202988
700000.0003	-0.00199786
700000.0003	-3.85374e-05
700000.0003	-0.000768887
700000.0003	0.00237088
700000.0003	0.00168047
700000.0003	-0.00258884
700000.0003	0.00232243
700000.0003	0.0048511
700000.0003	0.00336437
700000.0003	-0.00148416
700000.0003	-0.00598649
700000.0003	-0.0133848
700000.0003	-0.0123192
700000.0003	-0.00727555
700000.0003	-0.0210375
700000.0003	-0.00775294
700000.0003	-0.00716183
700000.0003	-0.0235931
700000.0003	0.0195068
700000.0003	0.0104206
700000.0003	-0.0170516
700000.0003	0.00167233
700000.0003	0.00522203
700000.0003	-0.018115
700000.0003	-0.0339374
700000.0003	-0.0174493
700000.0003	-0.00989083
700000.0003	0.0499933
700000.0003	0.0461591
700000.0003	0.0239119
700000.0003	0.0157319
700000.0003	-0.00589871
700000.0003	0.0361827
700000.0003	-0.0422812
700000.0003	-0.00251246
700000.0003	-0.031456
700000.0003	-0.0139417
700000.0003	-0.0555275
700000.0003	0.0384176
700000.0003	0.0440541
700000.0003	-0.00971817
700000.0003	-0.0107751
700000.0003	-0.0124191
700000.0003	-0.0197681
700000.0003	-0.0528486
700000.0003	-0.00551363
700000.0003	0.0297585
700000.0003	-0.00556599
700000.0003	-0.0200078
700000.0003	0.0222421
700000.0003	-0.0310354
700000.0003	-0.00386846
700000.0003	-0.0208578
700000.0003	-0.000632924
700000.0003	-0.00407631
700000.0003	-0.0444444
700000.0003	0.00196271
700000.0003	-0.0242459
700000.0003	-0.00876357
700000.0003	0.0260498
700000.0003	0.03244
700000.0003	-0.00661556
700000.0003	-0.00790197
700000.0003	0.0399018
700000.0003	0.0128998
700000.0003	-0.044757
700000.0003	4.33791e-05
700000.0003	-0.0445755
700000.0003	-0.0359564
700000.0003	-0.0515811
700000.0003	0.0276271
700000.0003	-0.0113557
700000.0003	0.00875869
700000.0003	0.0469961
700000.0003	0.0226336
700000.0003	0.015955
700000.0003	-0.0195139
700000.0003	-0.0101731
700000.0003	-0.0498229
700000.0003	0.00911142
700000.0003	0.0180741
700000.0003	-0.0169894
700000.0003	-0.00895083
700000.0003	-0.0168978
700000.0003	0.00461526
700000.0003	0.0117095
700000.0003	-0.0120358
700000.0003	0.00448319
700000.0003	-0.0164439
700000.0003	0.0190515
700000.0003	-0.0207512
700000.0003	0.0516296
700000.0003	0.0314116
700000.0003	0.0420493
700000.0003	-0.0153857
700000.0003	0.014213
700000.0003	-0.00462615
700000.0003	0.0077203
700000.0003	-0.0502131
700000.0003	-0.0234101
700000.0003	0.0154655
700000.0003	-0.0369955
700000.0003	-0.0272833
700000.0003	-0.00721199
700000.0003	-0.039251
700000.0003	-0.0199892
700000.0003	0.0143237
700000.0003	0.0260366
700000.0003	0.00739592
700000.0003	-0.0275481
700000.0003	-0.0282962
700000.0003	-0.0174373
700000.0003	0.0256144
700000.0003	-0.00755506
700000.0003	0.00291619
700000.0003	0.0560928
700000.0003	0.0251375
700000.0003	0.018071
700000.0003	0.0147418
700000.0003	-0.0337291
700000.0003	0.0170071
700000.0003	-0.0259708
700000.0003	-0.0343346
700000.0003	0.0239954
700000.0003	0.017329
700000.0003	-0.0356582
700000.0003	-0.00120597
700000.0003	-0.00568223
700000.0003	-0.0468293
700000.0003	-0.0368775
700000.0003	-0.0312501
700000.0003	0.00569118
700000.0003	-0.0412844
700000.0003	0.0336057
700000.0003	-0.0668243
700000.0003	-0.0153022
700000.0003	0.0137369
700000.0003	0.0287754
700000.0003	-0.00907056
700000.0003	-0.0312472
700000.0003	-0.0252363
700000.0003	-0.0207902
700000.0003	0.0395234
700000.0003	0.0050879
700000.0003	-0.0432295
700000.0003	0.0256644
700000.0003	-0.0427658
700000.0003	0.014516
700000.0003	0.0205684
700000.0003	0.0347961
700000.0003	0.0102156
700000.0003	-0.0448336
700000.0003	-0.0151216
700000.0003	0.0267872
700000.0003	-0.0573598
700000.0003	-0.000538994
700000.0003	0.0115011
700000.0003	0.0102364
700000.0003	-0.0153321
700000.0003	0.0140989
700000.0003	0.0286382
700000.0003	-0.0108151
700000.0003	-0.0162561
700000.0003	0.0236839
700000.0003	0.0134071
700000.0003	-0.0236321
700000.0003	0.0137535
700000.0003	0.0561392
700000.0003	0.0187392
700000.0003	-0.0200933
700000.0003	-0.0753539
700000.0003	-0.0117432
700000.0003	0.00539889
700000.0003	-0.0200486
700000.0003	-0.00382951
700000.0003	0.0125219
700000.0003	0.000369788
700000.0003	0.0307733
700000.0003	0.0101483
700000.0003	0.00620216
700000.0003	0.00766147
700000.0003	0.0152332
700000.0003	-0.0144585
700000.0003	0.00196915
700000.0003	-0.0122556
700000.0003	-0.01015
700000.0003	-0.00873758
700000.0003	0.00729521
700000.0003	-0.00232552
700000.0003	0.0135576
700000.0003	-0.00929158
700000.0003	0.000705408
700000.0003	-0.00224802
700000.0003	0.00763571
700000.0003	0.00930651
700000.0003	0.0200325
700000.0003	-0.00414918
700000.0003	0.0220132
700000.0003	-0.0083243
700000.0003	-0.0143405
700000.0003	-0.0272977
700000.0003	0.0278859
700000.0003	0.0167815
700000.0003	-0.00943014
700000.0003	-0.0123389
700000.0003	0.00434952
700000.0003	-0.00177256
700000.0003	0.0117619
700000.0003	0.00637076
700000.0003	0.00449356
700000.0003	-0.00801201
700000.0003	0.00356323
700000.0003	0.00700459
700000.0003	-0.00356933
700000.0003	-0.00183809
700000.0003	-0.00549323
700000.0003	-0.00187114
700000.0003	0.00588834
700000.0003	0.00378329
700000.0003	-0.00941466
700000.0003	0.00540777
700000.0003	0.00880792
700000.0003	0.00376755
700000.0003	0.0011755
700000.0003	0.0130547
700000.0003	0.00492467
700000.0003	0.00585909
700000.0003	0.019588
700000.0003	0.00569728
700000.0003	0.00813937
700000.0003	0.00388359
700000.0003	-0.00482645
700000.0003	0.00930602
700000.0003	0.00581869
700000.0003	-0.00502789
700000.0003	0.000306017
700000.0003	0.002566
700000.0003	0.0082036
700000.0003	-0.00313119
700000.0003	-0.00294979
700000.0003	0.00104057
700000.0003	0.00568778
700000.0003	-0.00156588
700000.0003	-0.000753694
700000.0003	0.000326464
700000.0003	-0.00345902
700000.0003	0.00170103
700000.0003	0.002419
700000.0003	0.000550113
700000.0003	0.000112736
700000.0003	-0.000611187
700000.0003	0.000820907
700000.0003	0.00213253
700000.0003	-7.34767e-05
700000.0003	-0.00115573
700000.0003	-0.000153566
700000.0003	0.000638271
700000.0003	0.00190999
700000.0003	-0.00172225
700000.0003	0.000981845
700000.0003	0.00159063
700000.0003	-0.00241034
700000.0003	0.000720948
700000.0003	0.0013623
700000.0003	-0.000323299
700000.0003	-0.000167055
700000.0003	0.000248256
700000.0003	0.000300685
700000.0003	-9.43889e-05
700000.0003	-0.000186164
700000.0003	0.000291698
700000.0003	0.000126253
700000.0003	0.000166475
700000.0003	0.000414161
700000.0003	-0.000390841
700000.0003	8.97056e-05
700000.0003	-6.45849e-05
700000.0003	0.000279047
700000.0003	0.000188222
700000.0003	0.00012226
700000.0003	-0.000166718
700000.0003	-7.80555e-05
700000.0003	3.23703e-05
700000.0003	7.88759e-05
700000.0003	0.000153197
700000.0003	0.000123284
700000.0003	-0.00017026
700000.0003	-6.18676e-05
700000.0003	-6.18634e-05
700000.0003	2.59697e-05
700000.0003	-0.000107129
700000.0003	-2.19343e-05
700000.0003	-5.92503e-05
700000.0003	-9.48198e-05
700000.0003	-8.12593e-05
700000.0003	1.55747e-05
700000.0003	0.000109147
700000.0003	-4.67659e-05
700000.0003	3.87075e-05
700000.0003	-3.34839e-05
700000.0003	-4.48953e-05
700000.0003	4.69248e-05
700000.0003	2.06412e-05
700000.0003	-7.31354e-06
700000.0003	-1.31134e-05
700000.0003	-2.58574e-05
700000.0003	-1.07779e-05
700000.0003	3.46257e-05
700000.0003	-1.22719e-05
700000.0003	-0.000105074
700000.0003	-1.49887e-06
700000.0003	-6.84287e-05
700000.0003	-9.17309e-06
700000.0003	-1.13918e-05
700000.0003	-1.3962e-05
700000.0003	-5.32927e-06
700000.0003	-3.88087e-05
700000.0003	1.07342e-05
700000.0003	1.1002e-05
700000.0003	4.87986e-05
700000.0003	-3.62081e-05
700000.0003	-3.64441e-05
700000.0003	-5.72317e-05
700000.0003	1.51492e-05
700000.0003	-3.75564e-05
700000.0003	4.35471e-05
700000.0003	1.95564e-05
700000.0003	-4.64756e-05
700000.0003	-2.48544e-05
700000.0003	4.39541e-05
700000.0003	6.68142e-05
700000.0003	1.03398e-05
700000.0003	3.88585e-05
700000.0003	-1.53659e-05
700000.0003	-2.18364e-05
700000.0003	1.76912e-05
700000.0003	-1.26552e-05
700000.0003	2.34803e-05
700000.0003	2.14725e-05
700000.0003	-4.35348e-05
700000.0003	3.2446e-05
700000.0003	2.91704e-05
700000.0003	-1.29284e-05
700000.0003	-1.51081e-05
700000.0003	4.2161e-05
700000.0003	2.07048e-06
700000.0003	1.58138e-05
700000.0003	5.23413e-05
700000.0003	-5.39035e-07
700000.0003	8.88581e-06
700000.0003	8.9328e-05
700000.0003	1.80499e-05
700000.0003	6.18748e-05
700000.0003	7.70174e-05
700000.0003	-2.98574e-05
700000.0003	-3.8042e-05
700000.0003	8.01773e-05
700000.0003	1.18761e-05
700000.0003	-3.14739e-05
700000.0003	-4.5968e-05
700000.0003	1.5572e-06
700000.0003	3.34849e-05
700000.0003	4.20516e-05
700000.0003	-3.5125e-05
700000.0003	8.25947e-05
700000.0003	8.51068e-06
700000.0003	8.43957e-05
700000.0003	5.71912e-05
700000.0003	1.74143e-05
700000.0003	-7.38638e-05
700000.0003	-2.32148e-05
700000.0003	-8.34086e-05
700000.0003	-0.000112765
700000.0003	4.99562e-06
700000.0003	-8.11736e-05
700000.0003	-5.97753e-05
700000.0003	8.41862e-05
700000.0003	2.7536e-05
700000.0003	-0.000104848
700000.0003	-0.000182908
700000.0003	6.45864e-05
700000.0003	4.56511e-05
700000.0003	-0.000137106
700000.0003	0.000141398
700000.0003	-6.70999e-05
700000.0003	8.55137e-05
700000.0003	-5.49458e-06
700000.0003	0.000159114
700000.0003	3.29422e-05
700000.0003	0.000381648
700000.0003	0.000109813
700000.0003	-0.00022342
700000.0003	-0.000236245
700000.0003	-3.94087e-05
700000.0003	0.018282
700000.0003	0.0241757
700000.0003	0.0370544
700000.0003	0.0605253
700000.0003	0.100713
700000.0003	0.167069
700000.0003	0.267249
700000.0003	0.4097
700000.0003	0.60975
700000.0003	0.876986
700000.0003	1.24737
700000.0003	1.75903
700000.0003	2.44291
700000.0003	3.33152
700000.0003	4.47288
700000.0003	5.83822
700000.0003	7.44588
700000.0003	9.25868
700000.0003	11.2979
700000.0003	13.3657
700000.0003	15.247
700000.0003	16.944
700000.0003	18.2438
700000.0003	19.0622
700000.0003	19.446
700000.0003	19.728
700000.0003	19.6875
700000.0003	19.5932
700000.0003	19.4352
700000.0003	19.0693
700000.0003	18.8837
700000.0003	18.5217
700000.0003	18.2463
700000.0003	18.0603
700000.0003	17.7042
700000.0003	17.5804
700000.0003	17.2423
700000.0003	16.8126
700000.0003	16.5996
700000.0003	16.3363
700000.0003	16.0639
700000.0003	15.7223
700000.0003	15.3536
700000.0003	15.1242
700000.0003	14.8943
700000.0003	14.6413
700000.0003	14.4653
700000.0003	14.1941
700000.0003	14.0367
700000.0003	13.9198
700000.0003	13.7459
700000.0003	13.6287
700000.0003	13.4982
700000.0003	13.2598
700000.0003	13.196
700000.0003	13.0905
700000.0003	13.0685
700000.0003	12.8367
700000.0003	12.8038
700000.0003	12.7199
700000.0003	12.5972
700000.0003	12.5172
700000.0003	12.4071
700000.0003	12.3406
700000.0003	12.1458
700000.0003	12.1731
700000.0003	12.072
700000.0003	11.9852
700000.0003	11.9425
700000.0003	11.9046
700000.0003	11.8478
700000.0003	11.8035
700000.0003	11.7063
700000.0003	11.7528
700000.0003	11.6695
700000.0003	11.5665
700000.0003	11.6027
700000.0003	11.5621
700000.0003	11.4586
700000.0003	11.3922
700000.0003	11.4161
700000.0003	11.4756
700000.0003	11.3629
700000.0003	11.3422
700000.0003	11.2018
700000.0003	11.2159
700000.0003	11.13
700000.0003	11.2017
700000.0003	11.2428
700000.0003	11.1362
700000.0003	11.1229
700000.0003	11.1273
700000.0003	11.0807
700000.0003	11.0594
700000.0003	11.005
700000.0003	11.0082
700000.0003	11.0227
700000.0003	10.9762
700000.0003	10.9412
700000.0003	10.9408
700000.0003	10.9138
700000.0003	10.8175
700000.0003	10.9233
700000.0003	10.8743
700000.0003	10.8947
700000.0003	10.8673
700000.0003	10.8584
700000.0003	10.8049
700000.0003	10.8166
700000.0003	10.829
700000.0003	10.6789
700000.0003	10.8257
700000.0003	10.7986
700000.0003	10.7866
700000.0003	10.6916
700000.0003	10.6602
700000.0003	10.7174
700000.0003	10.7291
700000.0003	10.7039
700000.0003	10.6447
700000.0003	10.7096
700000.0003	10.7098
700000.0003	10.7061
700000.0003	10.6472
700000.0003	10.6553
700000.0003	10.6649
700000.0003	10.6598
700000.0003	10.688
700000.0003	10.6632
700000.0003	10.698
700000.0003	10.7015
700000.0003	10.7036
700000.0003	10.6858
700000.0003	10.6839
700000.0003	10.6776
700000.0003	10.583
700000.0003	10.6158
700000.0003	10.6611
700000.0003	10.6142
700000.0003	10.6951
700000.0003	10.6325
700000.0003	10.6816
700000.0003	10.5911
700000.0003	10.6062
700000.0003	10.573
700000.0003	10.676
700000.0003	10.5706
700000.0003	10.5633
700000.0003	10.5678
700000.0003	10.5091
700000.0003	10.5429
700000.0003	10.4998
700000.0003	10.4143
700000.0003	10.4778
700000.0003	10.4668
700000.0003	10.4157
700000.0003	10.2888
700000.0003	10.2871
700000.0003	10.2901
700000.0003	10.2468
700000.0003	10.2043
700000.0003	10.1323
700000.0003	10.1209
700000.0003	10.1215
700000.0003	10.0681
700000.0003	9.97416
700000.0003	9.97286
700000.0003	9.85622
700000.0003	9.81504
700000.0003	9.77225
700000.0003	9.74611
700000.0003	9.62646
700000.0003	9.66064
700000.0003	9.58673
700000.0003	9.48079
700000.0003	9.38793
700000.0003	9.41477
700000.0003	9.30629
700000.0003	9.20975
700000.0003	9.16126
700000.0003	9.17235
700000.0003	9.0055
700000.0003	8.94178
700000.0003	8.88512
700000.0003	8.79724
700000.0003	8.75825
700000.0003	8.68733
700000.0003	8.61901
700000.0003	8.54447
700000.0003	8.42681
700000.0003	8.40946
700000.0003	8.29809
700000.0003	8.27208
700000.0003	8.14836
700000.0003	8.08726
700000.0003	7.99695
700000.0003	7.93332
700000.0003	7.89733
700000.0003	7.76067
700000.0003	7.69576
700000.0003	7.62051
700000.0003	7.57617
700000.0003	7.47939
700000.0003	7.38994
700000.0003	7.29816
700000.0003	7.23244
700000.0003	7.15933
700000.0003	7.03689
700000.0003	6.94458
700000.0003	6.92593
700000.0003	6.8269
700000.0003	6.75664
700000.0003	6.68906
700000.0003	6.58186
700000.0003	6.52183
700000.0003	6.48078
700000.0003	6.39967
700000.0003	6.33815
700000.0003	6.26887
700000.0003	6.20691
700000.0003	6.13827
700000.0003	6.04902
700000.0003	5.99895
700000.0003	5.94751
700000.0003	5.89888
700000.0003	5.88733
700000.0003	5.83212
700000.0003	5.77021
700000.0003	5.72039
700000.0003	5.7223
700000.0003	5.65962
700000.0003	5.62212
700000.0003	5.59135
700000.0003	5.58123
700000.0003	5.55036
700000.0003	5.51347
700000.0003	5.43936
700000.0003	5.39672
700000.0003	5.30531
700000.0003	5.21088
700000.0003	5.10389
700000.0003	4.993
700000.0003	4.82228
700000.0003	4.6613
700000.0003	4.47056
700000.0003	4.25055
700000.0003	4.01827
700000.0003	3.78094
700000.0003	3.53681
700000.0003	3.28864
700000.0003	3.0389
700000.0003	2.79474
700000.0003	2.56112
700000.0003	2.33336
700000.0003	2.12461
700000.0003	1.92809
700000.0003	1.74651
700000.0003	1.57899
700000.0003	1.42938
700000.0003	1.28186
700000.0003	1.15115
700000.0003	1.03336
700000.0003	0.925345
700000.0003	0.82322
700000.0003	0.732795
700000.0003	0.650852
700000.0003	0.576638
700000.0003	0.507668
700000.0003	0.444532
700000.0003	0.388156
700000.0003	0.340086
700000.0003	0.295013
700000.0003	0.254598
700000.0003	0.21975
700000.0003	0.188382
700000.0003	0.161262
700000.0003	0.136092
700000.0003	0.116275
700000.0003	0.097741
700000.0003	0.0821972
700000.0003	0.0682418
700000.0003	0.057876
700000.0003	0.0477662
700000.0003	0.0406599
700000.0003	0.0338905
700000.0003	0.0282649
700000.0003	0.0240177
700000.0003	0.020294
700000.0003	0.0171144
700000.0003	0.014656
700000.0003	0.0125679
700000.0003	0.0107754
700000.0003	0.00939997
700000.0003	0.00827634
700000.0003	0.00757474
700000.0003	0.00673808
700000.0003	0.00623844
700000.0003	0.00576101
700000.0003	0.00546474
700000.0003	0.00521202
700000.0003	0.00523575
700000.0003	0.00502636
700000.0003	0.00491933
700000.0003	0.0047792
700000.0003	0.00480176
700000.0003	0.00475723
700000.0003	0.00466845
700000.0003	0.00459923
700000.0003	0.00450752
700000.0003	0.00448001
700000.0003	0.00445205
700000.0003	0.00446248
700000.0003	0.00438376
700000.0003	0.00434648
700000.0003	0.00431922
700000.0003	0.0043372
700000.0003	0.00422281
700000.0003	0.00425993
700000.0003	0.00425044
700000.0003	0.00425092
700000.0003	0.00418019
700000.0003	0.00423279
700000.0003	0.00415638
700000.0003	0.00419247
700000.0003	0.00414136
700000.0003	0.00416219
700000.0003	0.00409957
700000.0003	0.00410471
700000.0003	0.00413748
700000.0003	0.00412679
700000.0003	0.00415229
700000.0003	0.00410412
700000.0003	0.00414862
700000.0003	0.00412195
700000.0003	0.00414034
700000.0003	0.00408903
700000.0003	0.00413912
700000.0003	0.00412185
700000.0003	0.00414766
700000.0003	0.00406639
700000.0003	0.00411712
700000.0003	0.00409677
700000.0003	0.00412449
700000.0003	0.00412166
700000.0003	0.00414565
700000.0003	0.0041283
700000.0003	0.00413649
700000.0003	0.00413046
700000.0003	0.00416436
700000.0003	0.00413331
700000.0003	0.00415237
700000.0003	0.00421762
700000.0003	0.00420833
700000.0003	0.00416553
700000.0003	0.00420918
700000.0003	0.00416076
700000.0003	0.00425247
700000.0003	0.0042328
700000.0003	0.00421953
700000.0003	0.00427258
700000.0003	0.00431759
700000.0003	0.00428308
700000.0003	0.00431391
700000.0003	0.00442508
700000.0003	0.00440011
700000.0003	0.00441494
700000.0003	0.00437591
700000.0003	0.0044547
700000.0003	0.00447685
700000.0003	0.00455866
700000.0003	0.00458255
700000.0003	0.00467996
700000.0003	0.00466258
700000.0003	0.00468539
700000.0003	0.00479957
700000.0003	0.00488967
700000.0003	0.00494162
700000.0003	0.00511651
700000.0003	0.00507061
700000.0003	0.00531772
700000.0003	0.00531407
700000.0003	0.00553987
700000.0003	0.00567041
700000.0003	0.00591888
700000.0003	0.00618545
700000.0003	0.00625139
700000.0003	0.00659466
700000.0003	0.00679464
700000.0003	0.00719083
700000.0003	0.00772427
700000.0003	0.00813583
700000.0003	0.00862904
700000.0003	0.00913834
700000.0003	0.0100767
700000.0003	0.0107936
700000.0003	0.0116743
700000.0003	0.0126052
700000.0003	0.013902
700000.0003	0.0153141
700000.0003	0.0162972
