700000.0003	1468866
700000.0003	1467877
700000.0003	1471127
700000.0003	1478500
700000.0003	1488418
700000.0003	1490379
700000.0003	1476589
700000.0003	1446537
700000.0003	1417966
700000.0003	1394217
700000.0003	1387551
700000.0003	1385797
700000.0003	1376590
700000.0003	1343223
700000.0003	1273172
700000.0003	1163010
700000.0003	1033703
700000.0003	901656
700000.0003	778654
700000.0003	668647
700000.0003	576054
700000.0003	496474
700000.0003	430837
700000.0003	375541
700000.0003	327799
700000.0003	290068
700000.0003	258898
700000.0003	233214
700000.0003	211896
700000.0003	194665
700000.0003	179761
700000.0003	167159
700000.0003	158939
700000.0003	150287
700000.0003	143003
700000.0003	137551
700000.0003	132393
700000.0003	129514
700000.0003	125439
700000.0003	123056
700000.0003	121772
700000.0003	119984
700000.0003	118952
700000.0003	117906
700000.0003	115599
700000.0003	113954
700000.0003	114626
700000.0003	112853
700000.0003	112689
700000.0003	111786
700000.0003	111386
700000.0003	109719
700000.0003	109241
700000.0003	108974
700000.0003	108872
700000.0003	108140
700000.0003	107911
700000.0003	106409
700000.0003	106655
700000.0003	105831
700000.0003	105058
700000.0003	105039
700000.0003	104313
700000.0003	103759
700000.0003	103067
700000.0003	103738
700000.0003	103342
700000.0003	103502
700000.0003	103362
700000.0003	102500
700000.0003	101743
700000.0003	102424
700000.0003	101959
700000.0003	101875
700000.0003	100864
700000.0003	100822
700000.0003	100552
700000.0003	100291
700000.0003	100870
700000.0003	100518
700000.0003	100302
700000.0003	99932
700000.0003	99792
700000.0003	100004
700000.0003	99310
700000.0003	99599
700000.0003	99213
700000.0003	99591
700000.0003	98774
700000.0003	98802
700000.0003	98724
700000.0003	98610
700000.0003	98189
700000.0003	98306
700000.0003	98624
700000.0003	98540
700000.0003	98067
700000.0003	98159
700000.0003	98042
700000.0003	98502
700000.0003	97366
700000.0003	97427
700000.0003	97882
700000.0003	97870
700000.0003	97288
700000.0003	97175
700000.0003	97411
700000.0003	97537
700000.0003	97549
700000.0003	97648
700000.0003	97544
700000.0003	97097
700000.0003	97044
700000.0003	97383
700000.0003	97771
700000.0003	97172
700000.0003	97031
700000.0003	97734
700000.0003	96685
700000.0003	97218
700000.0003	97052
700000.0003	97055
700000.0003	96930
700000.0003	96678
700000.0003	96647
700000.0003	97125
700000.0003	97194
700000.0003	96928
700000.0003	97008
700000.0003	96754
700000.0003	96718
700000.0003	96446
700000.0003	97057
700000.0003	97328
700000.0003	96574
700000.0003	96569
700000.0003	97163
700000.0003	96807
700000.0003	97189
700000.0003	97090
700000.0003	97380
700000.0003	96388
700000.0003	97385
700000.0003	97002
700000.0003	97444
700000.0003	97733
700000.0003	97723
700000.0003	97850
700000.0003	98186
700000.0003	98782
700000.0003	98037
700000.0003	98821
700000.0003	99161
700000.0003	99041
700000.0003	99449
700000.0003	100138
700000.0003	100299
700000.0003	101232
700000.0003	101476
700000.0003	101179
700000.0003	101488
700000.0003	102445
700000.0003	103490
700000.0003	103677
700000.0003	103903
700000.0003	105027
700000.0003	105320
700000.0003	105995
700000.0003	107280
700000.0003	107871
700000.0003	108304
700000.0003	109239
700000.0003	109880
700000.0003	110236
700000.0003	111066
700000.0003	112081
700000.0003	113647
700000.0003	113687
700000.0003	115387
700000.0003	116139
700000.0003	117070
700000.0003	117939
700000.0003	119920
700000.0003	121179
700000.0003	122222
700000.0003	123157
700000.0003	124864
700000.0003	125744
700000.0003	127086
700000.0003	128728
700000.0003	129837
700000.0003	131763
700000.0003	133742
700000.0003	134844
700000.0003	137107
700000.0003	138474
700000.0003	141104
700000.0003	142562
700000.0003	145086
700000.0003	147127
700000.0003	148257
700000.0003	150689
700000.0003	153643
700000.0003	155907
700000.0003	157743
700000.0003	161583
700000.0003	164576
700000.0003	167045
700000.0003	170010
700000.0003	173480
700000.0003	176899
700000.0003	179610
700000.0003	182868
700000.0003	187224
700000.0003	191602
700000.0003	195980
700000.0003	200359
700000.0003	204230
700000.0003	209835
700000.0003	215117
700000.0003	220850
700000.0003	226095
700000.0003	233237
700000.0003	239956
700000.0003	247418
700000.0003	255621
700000.0003	263751
700000.0003	272608
700000.0003	283384
700000.0003	295647
700000.0003	307126
700000.0003	320097
700000.0003	335102
700000.0003	352137
700000.0003	370837
700000.0003	391031
700000.0003	412755
700000.0003	437699
700000.0003	463979
700000.0003	492710
700000.0003	525574
700000.0003	562949
700000.0003	600313
700000.0003	642475
700000.0003	684461
700000.0003	730900
700000.0003	776861
700000.0003	826678
700000.0003	874829
700000.0003	926591
700000.0003	972591
700000.0003	1018805
700000.0003	1063770
700000.0003	1104040
700000.0003	1141106
700000.0003	1174005
700000.0003	1202059
700000.0003	1230109
700000.0003	1252706
700000.0003	1274543
700000.0003	1293681
700000.0003	1311650
700000.0003	1327609
700000.0003	1339976
700000.0003	1350771
700000.0003	1363024
700000.0003	1372422
700000.0003	1382416
700000.0003	1389889
700000.0003	1397166
700000.0003	1405420
700000.0003	1412418
700000.0003	1413722
700000.0003	1420601
700000.0003	1422297
700000.0003	1428734
700000.0003	1431088
700000.0003	1435030
700000.0003	1437205
700000.0003	1440806
700000.0003	1443698
700000.0003	1445098
700000.0003	1446362
700000.0003	1447008
700000.0003	1450396
700000.0003	1450452
700000.0003	1453747
700000.0003	1451644
700000.0003	1454168
700000.0003	1457298
700000.0003	1456266
700000.0003	1456547
700000.0003	1454975
700000.0003	1456165
700000.0003	1459672
700000.0003	1457944
700000.0003	1457335
700000.0003	1458634
700000.0003	1459493
700000.0003	1459364
700000.0003	1456907
700000.0003	1457747
700000.0003	1459290
700000.0003	1462278
700000.0003	1458531
700000.0003	1457364
700000.0003	1459482
700000.0003	1460795
700000.0003	1459781
700000.0003	1460105
700000.0003	1459495
700000.0003	1460928
700000.0003	1459822
700000.0003	1461383
700000.0003	1459148
700000.0003	1460178
700000.0003	1460717
700000.0003	1461004
700000.0003	1461780
700000.0003	1461727
700000.0003	1459566
700000.0003	1461934
700000.0003	1463464
700000.0003	1460596
700000.0003	1459868
700000.0003	1463057
700000.0003	1463327
700000.0003	1463486
700000.0003	1461887
700000.0003	1460761
700000.0003	1463906
700000.0003	1463550
700000.0003	1461783
700000.0003	1464540
700000.0003	1464232
700000.0003	1465413
700000.0003	1463327
700000.0003	1462005
700000.0003	1464069
700000.0003	1465179
700000.0003	1464588
700000.0003	1466128
700000.0003	1465398
700000.0003	1466543
700000.0003	1464338
700000.0003	1466351
700000.0003	1465339
700000.0003	1465135
700000.0003	1467312
700000.0003	1468874
700000.0003	1466454
700000.0003	1466872
700000.0003	1468517
700000.0003	1465590
700000.0003	1468322
700000.0003	1467909
700000.0003	1468463
700000.0003	1470615
700000.0003	1470004
700000.0003	1468146
700000.0003	1469719
700000.0003	1468994
700000.0003	1469794
700000.0003	1470114
700000.0003	1472101
700000.0003	1472368
700000.0003	1471993
700000.0003	1471996
700000.0003	1470528
700000.0003	1471264
700000.0003	1473567
700000.0003	1471456
700000.0003	1475400
700000.0003	1476323
700000.0003	1474993
700000.0003	1474035
700000.0003	1475399
700000.0003	1472763
700000.0003	1475277
700000.0003	1476587
700000.0003	1479383
700000.0003	1479747
700000.0003	1480648
700000.0003	1477421
700000.0003	1476809
700000.0003	1476181
700000.0003	1478066
700000.0003	1481429
700000.0003	1484438
700000.0003	1487479
700000.0003	1486096
700000.0003	1480686
700000.0003	1477349
700000.0003	1477967
700000.0003	1478491
700000.0003	1484271
700000.0003	1491417
700000.0003	1491690
700000.0003	1489786
700000.0003	1480879
