700000.0003	63.9133
700000.0003	113.87
700000.0003	193.838
700000.0003	313.132
700000.0003	481.097
700000.0003	699.041
700000.0003	958.726
700000.0003	1255.77
700000.0003	1590.34
700000.0003	1966.12
700000.0003	2398.64
700000.0003	2858.26
700000.0003	3302.8
700000.0003	3647.97
700000.0003	3804.81
700000.0003	3729.79
700000.0003	3450.04
700000.0003	3055.09
700000.0003	2603.69
700000.0003	2139.75
700000.0003	1733.5
700000.0003	1362.6
700000.0003	1057.05
700000.0003	811.34
700000.0003	611.447
700000.0003	459.341
700000.0003	345.222
700000.0003	265.216
700000.0003	199.372
700000.0003	154.728
700000.0003	117.444
700000.0003	91.6022
700000.0003	70.4902
700000.0003	55.0059
700000.0003	44.2516
700000.0003	34.3236
700000.0003	28.4282
700000.0003	20.7813
700000.0003	18.2029
700000.0003	13.5652
700000.0003	11.6267
700000.0003	9.73581
700000.0003	7.72297
700000.0003	6.27083
700000.0003	6.44373
700000.0003	5.46629
700000.0003	4.20194
700000.0003	2.26774
700000.0003	4.18751
700000.0003	4.11897
700000.0003	2.95043
700000.0003	3.30493
700000.0003	3.65391
700000.0003	2.84777
700000.0003	3.71763
700000.0003	2.69027
700000.0003	2.70791
700000.0003	2.7635
700000.0003	1.28039
700000.0003	1.82013
700000.0003	3.14568
700000.0003	2.25209
700000.0003	1.72754
700000.0003	1.79479
700000.0003	1.22917
700000.0003	1.64943
700000.0003	0.975722
700000.0003	0.247281
700000.0003	0.469741
700000.0003	1.01599
700000.0003	1.45425
700000.0003	1.53856
700000.0003	2.26277
700000.0003	0.271401
700000.0003	0.235873
700000.0003	0.294211
700000.0003	0.22056
700000.0003	0.690364
700000.0003	0.791956
700000.0003	1.58964
700000.0003	0.828637
700000.0003	1.57067
700000.0003	0.370488
700000.0003	1.17771
700000.0003	0.49379
700000.0003	0.552247
700000.0003	-0.524229
700000.0003	0.867168
700000.0003	0.859963
700000.0003	0.0633269
700000.0003	-0.167777
700000.0003	0.547426
700000.0003	0.290167
700000.0003	0.0254116
700000.0003	1.88096
700000.0003	0.691392
700000.0003	0.758995
700000.0003	0.943325
700000.0003	1.03546
700000.0003	0.891062
700000.0003	0.594668
700000.0003	-0.34812
700000.0003	0.136999
700000.0003	-1.15869
700000.0003	-0.149835
700000.0003	0.78379
700000.0003	0.742372
700000.0003	0.457146
700000.0003	0.195919
700000.0003	0.159015
700000.0003	0.191938
700000.0003	-0.607493
700000.0003	0.130323
700000.0003	-0.458176
700000.0003	0.0749147
700000.0003	1.08907
700000.0003	0.265377
700000.0003	-0.586283
700000.0003	0.63809
700000.0003	0.946199
700000.0003	-0.446909
700000.0003	-1.21853
700000.0003	0.0832652
700000.0003	-0.22357
700000.0003	0.204327
700000.0003	0.135651
700000.0003	-0.373424
700000.0003	0.806883
700000.0003	-0.0660742
700000.0003	0.255813
700000.0003	-0.12546
700000.0003	-0.146727
700000.0003	0.89039
700000.0003	-0.692102
700000.0003	-0.518011
700000.0003	0.538071
700000.0003	-0.0603285
700000.0003	-0.375429
700000.0003	-0.0428485
700000.0003	-0.0747572
700000.0003	-0.614781
700000.0003	-0.47382
700000.0003	-0.167874
700000.0003	-0.580775
700000.0003	-0.145854
700000.0003	0.695233
700000.0003	-0.145438
700000.0003	-0.765893
700000.0003	0.133661
700000.0003	-1.64776
700000.0003	-1.53978
700000.0003	-2.48128
700000.0003	-0.916613
700000.0003	-0.762538
700000.0003	0.584607
700000.0003	-0.190441
700000.0003	-1.13283
700000.0003	-0.760445
700000.0003	-1.1499
700000.0003	-1.12054
700000.0003	-3.11607
700000.0003	-2.92171
700000.0003	-2.78259
700000.0003	-1.89686
700000.0003	-2.79915
700000.0003	-2.68615
700000.0003	-1.9301
700000.0003	-1.29184
700000.0003	-3.38721
700000.0003	-2.5216
700000.0003	-3.31247
700000.0003	-3.7264
700000.0003	-3.81429
700000.0003	-3.43246
700000.0003	-2.51206
700000.0003	-3.72243
700000.0003	-2.47914
700000.0003	-3.52447
700000.0003	-2.28051
700000.0003	-4.61347
700000.0003	-3.73085
700000.0003	-4.43019
700000.0003	-4.28034
700000.0003	-5.45583
700000.0003	-4.41447
700000.0003	-5.41861
700000.0003	-5.36456
700000.0003	-6.12392
700000.0003	-6.17271
700000.0003	-6.93572
700000.0003	-6.93515
700000.0003	-6.44861
700000.0003	-7.42378
700000.0003	-7.08735
700000.0003	-7.76899
700000.0003	-7.5233
700000.0003	-8.68616
700000.0003	-8.05874
700000.0003	-8.78927
700000.0003	-10.0458
700000.0003	-10.6271
700000.0003	-11.0912
700000.0003	-11.2572
700000.0003	-10.6574
700000.0003	-11.2505
700000.0003	-13.632
700000.0003	-12.5157
700000.0003	-12.7375
700000.0003	-15.4973
700000.0003	-16.6619
700000.0003	-16.3674
700000.0003	-18.1824
700000.0003	-18.7354
700000.0003	-21.3176
700000.0003	-21.4504
700000.0003	-23.3503
700000.0003	-24.1166
700000.0003	-27.2509
700000.0003	-29.4024
700000.0003	-30.9286
700000.0003	-35.5609
700000.0003	-38.5791
700000.0003	-44.478
700000.0003	-48.8753
700000.0003	-53.4871
700000.0003	-62.0669
700000.0003	-68.2574
700000.0003	-77.7765
700000.0003	-88.5547
700000.0003	-101.054
700000.0003	-117.244
700000.0003	-135.291
700000.0003	-155.348
700000.0003	-181.426
700000.0003	-213.861
700000.0003	-247.925
700000.0003	-287.908
700000.0003	-338.833
700000.0003	-390.748
700000.0003	-450.751
700000.0003	-520.577
700000.0003	-601.88
700000.0003	-683.981
700000.0003	-773.097
700000.0003	-869.572
700000.0003	-963.996
700000.0003	-1063.13
700000.0003	-1157.33
700000.0003	-1247.35
700000.0003	-1330.44
700000.0003	-1392.95
700000.0003	-1447.85
700000.0003	-1489.57
700000.0003	-1511.85
700000.0003	-1515.2
700000.0003	-1503.43
700000.0003	-1473.32
700000.0003	-1436.11
700000.0003	-1388.15
700000.0003	-1331.69
700000.0003	-1273.81
700000.0003	-1207.28
700000.0003	-1141.36
700000.0003	-1070.5
700000.0003	-1003.5
700000.0003	-938.298
700000.0003	-868.423
700000.0003	-802.779
700000.0003	-738.677
700000.0003	-671.19
700000.0003	-612.497
700000.0003	-551.34
700000.0003	-494.447
700000.0003	-444.699
700000.0003	-392.487
700000.0003	-350.072
700000.0003	-305.873
700000.0003	-269.133
700000.0003	-235.298
700000.0003	-203.944
700000.0003	-177.835
700000.0003	-155.555
700000.0003	-136.843
700000.0003	-120.302
700000.0003	-105.476
700000.0003	-96.0195
700000.0003	-86.753
700000.0003	-77.1476
700000.0003	-71.2658
700000.0003	-64.9648
700000.0003	-61.2352
700000.0003	-57.3025
700000.0003	-54.0783
700000.0003	-51.4288
700000.0003	-48.8189
700000.0003	-47.4119
700000.0003	-46.9115
700000.0003	-45.9799
700000.0003	-43.6701
700000.0003	-43.2265
700000.0003	-42.293
700000.0003	-42.5927
700000.0003	-41.6021
700000.0003	-41.9113
700000.0003	-41.6326
700000.0003	-41.9011
700000.0003	-41.6468
700000.0003	-41.9808
700000.0003	-41.7406
700000.0003	-41.2692
700000.0003	-41.3309
700000.0003	-41.0308
700000.0003	-40.835
700000.0003	-40.4607
700000.0003	-40.8449
700000.0003	-40.9781
700000.0003	-40.4438
700000.0003	-40.6801
700000.0003	-40.7759
700000.0003	-40.8727
700000.0003	-40.2915
700000.0003	-40.5652
700000.0003	-39.9819
700000.0003	-40.5289
700000.0003	-40.8856
700000.0003	-40.7886
700000.0003	-41.2142
700000.0003	-40.8777
700000.0003	-39.8144
700000.0003	-40.7587
700000.0003	-40.6699
700000.0003	-40.2371
700000.0003	-40.744
700000.0003	-40.3448
700000.0003	-40.717
700000.0003	-40.1326
700000.0003	-40.1248
700000.0003	-41.7076
700000.0003	-41.2174
700000.0003	-40.4637
700000.0003	-41.1092
700000.0003	-39.8295
700000.0003	-40.1754
700000.0003	-40.2231
700000.0003	-39.7308
700000.0003	-39.8649
700000.0003	-39.3592
700000.0003	-40.0499
700000.0003	-39.5455
700000.0003	-39.9228
700000.0003	-39.3916
700000.0003	-40.1088
700000.0003	-39.4905
700000.0003	-40.2842
700000.0003	-39.9613
700000.0003	-40.2827
700000.0003	-40.0537
700000.0003	-39.8758
700000.0003	-39.935
700000.0003	-40.0276
700000.0003	-40.2046
700000.0003	-39.5015
700000.0003	-39.7018
700000.0003	-39.5107
700000.0003	-38.6159
700000.0003	-39.8858
700000.0003	-39.1886
700000.0003	-39.891
700000.0003	-38.8094
700000.0003	-39.0656
700000.0003	-39.1639
700000.0003	-39.7082
700000.0003	-39.3115
700000.0003	-39.5602
700000.0003	-38.9391
700000.0003	-39.2234
700000.0003	-38.4384
700000.0003	-38.4682
700000.0003	-39.3898
700000.0003	-38.1251
700000.0003	-38.1467
700000.0003	-37.8991
700000.0003	-37.6878
700000.0003	-36.7335
700000.0003	-36.8745
700000.0003	-36.2318
700000.0003	-34.7809
700000.0003	-34.3535
700000.0003	-33.3521
700000.0003	-33.0852
700000.0003	-31.9237
700000.0003	-29.7976
700000.0003	-27.5
700000.0003	-24.7536
700000.0003	-20.18
700000.0003	-13.3678
700000.0003	-7.14412
700000.0003	4.05084
700000.0003	15.6322
700000.0003	35.2929
700000.0003	-1.40876
700000.0003	0.484194
700000.0003	-2.17255
700000.0003	0.36241
700000.0003	-0.481613
700000.0003	0.615162
700000.0003	1.42879
700000.0003	-0.217657
700000.0003	-0.957979
700000.0003	0.389177
700000.0003	-0.564899
700000.0003	0.0368209
700000.0003	2.72514
700000.0003	-3.07479
700000.0003	-0.99423
700000.0003	4.06977
700000.0003	0.391647
700000.0003	-0.271012
700000.0003	1.10382
700000.0003	-2.89042
700000.0003	-4.83414
700000.0003	3.52708
700000.0003	-4.18763
700000.0003	2.14688
700000.0003	0.151355
700000.0003	2.20615
700000.0003	1.13524
700000.0003	-1.12833
700000.0003	-1.25453
700000.0003	-0.704982
700000.0003	0.234162
700000.0003	0.660492
700000.0003	-0.0959136
700000.0003	0.678219
700000.0003	0.739062
700000.0003	0.0213883
700000.0003	0.0478596
700000.0003	-0.709837
700000.0003	0.483084
700000.0003	-0.239243
700000.0003	0.0560961
700000.0003	-0.886199
700000.0003	-0.293125
700000.0003	0.153432
700000.0003	0.919683
700000.0003	-0.356126
700000.0003	0.124779
700000.0003	0.484485
700000.0003	0.730361
700000.0003	-0.931067
700000.0003	0.359692
700000.0003	0.304722
700000.0003	0.0104938
700000.0003	0.518697
700000.0003	-1.96111
700000.0003	-0.255561
700000.0003	0.526562
700000.0003	-0.00383047
700000.0003	0.4032
700000.0003	0.174345
700000.0003	-1.11035
700000.0003	0.412426
700000.0003	0.270083
700000.0003	0.486039
700000.0003	-0.0390346
700000.0003	0.151277
700000.0003	0.106554
700000.0003	-0.973597
700000.0003	-0.798566
700000.0003	-0.270604
700000.0003	0.946681
700000.0003	-0.136262
700000.0003	1.97949
700000.0003	-0.0167728
700000.0003	-0.948232
700000.0003	-0.061309
700000.0003	0.38866
700000.0003	-0.436308
700000.0003	-0.787686
700000.0003	-0.0671001
700000.0003	0.79789
700000.0003	0.391973
700000.0003	-1.11881
700000.0003	-0.474572
700000.0003	0.62193
700000.0003	0.235639
700000.0003	-0.192541
700000.0003	0.520387
700000.0003	0.127817
700000.0003	0.500121
700000.0003	-0.217343
700000.0003	0.359747
700000.0003	0.0541063
700000.0003	0.0981489
700000.0003	-1.0681
700000.0003	0.922824
700000.0003	-1.16194
700000.0003	0.678437
700000.0003	0.544671
700000.0003	-1.07685
700000.0003	0.446896
700000.0003	-0.341739
700000.0003	0.295508
700000.0003	0.466889
700000.0003	0.0106722
700000.0003	-0.948418
700000.0003	0.133139
700000.0003	-1.21012
700000.0003	-0.260763
700000.0003	1.10433
700000.0003	0.371271
700000.0003	-0.0818279
700000.0003	-0.245439
700000.0003	0.511961
700000.0003	0.0615438
700000.0003	-0.710498
700000.0003	-0.611834
700000.0003	0.277128
700000.0003	0.535487
700000.0003	0.464881
700000.0003	-0.15211
700000.0003	-0.271051
700000.0003	0.411505
700000.0003	-0.662722
700000.0003	-0.0278901
700000.0003	-0.175444
700000.0003	0.669614
700000.0003	0.152822
700000.0003	-1.07479
700000.0003	0.505997
700000.0003	0.172552
700000.0003	-0.05529
700000.0003	0.842133
700000.0003	0.643143
700000.0003	-0.139869
700000.0003	-0.780233
700000.0003	-0.600043
700000.0003	-0.193857
700000.0003	-0.0387954
700000.0003	0.134096
700000.0003	0.188056
700000.0003	-0.165941
700000.0003	-0.166792
700000.0003	-0.0501987
700000.0003	0.196486
700000.0003	0.0257572
700000.0003	0.921292
700000.0003	-1.39492
700000.0003	0.804385
700000.0003	1.58173
700000.0003	-0.397758
700000.0003	0.00810625
700000.0003	-0.52902
700000.0003	0.0162883
700000.0003	-0.593913
700000.0003	-0.513689
700000.0003	0.375601
700000.0003	-0.313503
700000.0003	-0.128185
700000.0003	-0.0696979
700000.0003	-0.100693
700000.0003	1.0481
700000.0003	0.717471
700000.0003	0.163812
700000.0003	-0.169433
700000.0003	0.260816
700000.0003	-1.09302
700000.0003	-0.305194
700000.0003	0.714265
700000.0003	0.0616699
700000.0003	-0.596287
700000.0003	0.490983
700000.0003	1.0648
700000.0003	-0.10668
700000.0003	-0.120821
700000.0003	0.657726
700000.0003	-1.07909
700000.0003	-1.23045
700000.0003	-0.919628
700000.0003	0.166063
700000.0003	0.633471
700000.0003	-0.0516461
700000.0003	0.913938
700000.0003	1.4079
700000.0003	-0.426151
700000.0003	-0.723308
700000.0003	0.610112
700000.0003	-1.32269
700000.0003	-0.349964
700000.0003	-1.16538
700000.0003	1.15703
700000.0003	0.188071
700000.0003	0.117627
700000.0003	0.634723
700000.0003	-0.879117
700000.0003	1.1388
700000.0003	-0.495794
700000.0003	0.179274
700000.0003	-0.0136827
700000.0003	-0.38086
700000.0003	0.111795
700000.0003	-0.112974
700000.0003	-0.949373
700000.0003	-0.154367
700000.0003	0.594211
700000.0003	0.516835
700000.0003	0.359275
700000.0003	-1.03773
700000.0003	-0.351707
700000.0003	0.967122
700000.0003	0.597894
700000.0003	-0.625403
700000.0003	0.400034
700000.0003	-0.848695
700000.0003	0.257808
700000.0003	0.681501
700000.0003	0.589326
700000.0003	1.3345
700000.0003	0.266224
700000.0003	-0.48318
700000.0003	-1.33766
700000.0003	0.122751
700000.0003	-0.914445
700000.0003	-0.357686
700000.0003	0.873886
700000.0003	-0.439153
700000.0003	0.041837
700000.0003	-1.35388
700000.0003	2.09451
700000.0003	-2.43234
700000.0003	0.78497
700000.0003	2.57006
700000.0003	-0.470345
700000.0003	0.0917617
700000.0003	-0.440494
700000.0003	1.39254
700000.0003	-2.12319
700000.0003	-2.89217
700000.0003	0.786128
700000.0003	1.78605
700000.0003	2.11305
700000.0003	1.11296
700000.0003	-1.85615
700000.0003	-0.27226
700000.0003	-0.598533
700000.0003	-0.327119
700000.0003	-0.0203332
700000.0003	0.657056
700000.0003	-2.7829
700000.0003	0.626716
700000.0003	2.7411
700000.0003	1.33442
700000.0003	-0.134402
700000.0003	-3.01285
700000.0003	-2.80349
700000.0003	4.56574
700000.0003	-0.169961
700000.0003	-1.46894
700000.0003	0.754252
700000.0003	-1.7778
700000.0003	-0.814618
700000.0003	-3.96604
700000.0003	2.3514
700000.0003	-0.398477
700000.0003	-0.341484
700000.0003	1.90255
700000.0003	-0.777385
700000.0003	2.08111
700000.0003	-2.16326
700000.0003	-1.37469
700000.0003	-0.168079
700000.0003	0.413163
700000.0003	-0.597615
700000.0003	1.74802
700000.0003	1.57189
700000.0003	0.239159
700000.0003	-0.498063
700000.0003	1.36296
700000.0003	-0.12187
700000.0003	-0.120455
700000.0003	0.0363844
700000.0003	0.736109
700000.0003	-1.39314
700000.0003	-0.639762
700000.0003	0.0805604
700000.0003	-0.913667
700000.0003	1.00621
700000.0003	0.168561
700000.0003	0.0726167
700000.0003	0.097586
700000.0003	0.0338828
700000.0003	0.31807
700000.0003	0.0833634
700000.0003	-0.0851917
700000.0003	0.0637779
700000.0003	0.197567
700000.0003	0.825395
700000.0003	-0.467345
700000.0003	-0.432483
700000.0003	-0.385242
700000.0003	-0.274392
700000.0003	-0.108527
700000.0003	0.145354
700000.0003	0.30683
700000.0003	0.100967
700000.0003	0.446972
700000.0003	0.487625
700000.0003	-0.0898171
700000.0003	0.301967
700000.0003	-0.0949812
700000.0003	0.218952
700000.0003	0.511448
700000.0003	0.0825165
700000.0003	-0.227759
700000.0003	0.0535932
700000.0003	0.311136
700000.0003	0.35935
700000.0003	-0.613498
700000.0003	-0.11603
700000.0003	0.597885
700000.0003	-0.863393
700000.0003	-0.553293
700000.0003	0.103536
700000.0003	-0.0184533
700000.0003	0.0345764
700000.0003	-0.602598
700000.0003	-0.434811
700000.0003	0.234667
700000.0003	0.456955
700000.0003	-0.270746
700000.0003	0.4134
700000.0003	0.110658
700000.0003	-0.187162
700000.0003	-0.282601
700000.0003	-0.845264
700000.0003	-0.758857
700000.0003	-0.516097
700000.0003	-0.351941
700000.0003	0.315511
700000.0003	-0.349194
700000.0003	-0.0410592
700000.0003	-0.653615
700000.0003	0.167159
700000.0003	0.809148
700000.0003	-0.0138743
700000.0003	-0.475772
700000.0003	1.16694
700000.0003	1.08041
700000.0003	-0.228076
700000.0003	-0.318704
700000.0003	0.724459
700000.0003	0.427098
700000.0003	0.441261
700000.0003	0.727458
700000.0003	0.962813
700000.0003	-0.455425
700000.0003	-0.400027
700000.0003	-0.394365
700000.0003	-0.183118
700000.0003	-0.0711226
700000.0003	0.600461
700000.0003	0.0786766
700000.0003	0.033648
700000.0003	0.379567
700000.0003	0.63355
700000.0003	0.865769
700000.0003	1.13557
700000.0003	0.0525543
700000.0003	0.278942
700000.0003	-0.516295
700000.0003	-0.0751599
700000.0003	0.0459035
700000.0003	-0.354501
700000.0003	0.23652
700000.0003	0.530368
700000.0003	-0.509006
700000.0003	0.22254
700000.0003	-0.479416
700000.0003	-0.788096
700000.0003	-0.420769
700000.0003	0.289306
700000.0003	0.124576
700000.0003	0.375858
700000.0003	-0.340174
700000.0003	0.281756
700000.0003	-0.086749
700000.0003	-1.04463
700000.0003	-0.408867
700000.0003	0.183774
700000.0003	0.424296
700000.0003	0.441586
700000.0003	1.52166
700000.0003	0.0644295
700000.0003	-0.0872761
700000.0003	-0.0620984
700000.0003	-0.0704612
700000.0003	-0.478704
700000.0003	0.472778
700000.0003	-0.217937
700000.0003	-0.335766
