700000.0003	2955.79	2959.98	2958.34	2957.14	2961.99	2961.74	2962.53	2961.98	2959.29	2958.44	2959.4	2957.32	2957.17	2957.96	2957.87
700000.0003	1532.38	1530.56	1533.04	1530.87	1535.12	1536.26	1536.58	1535.34	1533.82	1533.31	1532.08	1531.86	1530.73	1534	1532.37
700000.0003	192.68	193.668	193.744	192.653	194.35	194.212	195.504	194.523	195.56	192.676	193.335	194.37	192.728	194.388	193.049
700000.0003	31.9776	31.7803	32.3288	32.0229	32.1448	32.836	32.2179	32.5625	31.8864	32.0816	31.8865	32.8287	32.6638	32.1412	32.1844
700000.0003	19.3865	19.2187	18.9713	19.4926	19.4021	19.4153	19.2416	19.3084	19.1874	19.2898	19.1609	19.4224	19.4703	19.2939	19.3224
700000.0003	16.6806	16.7514	16.7232	16.9604	16.8617	16.9269	16.7776	16.1021	16.645	16.7595	16.7454	16.5834	16.5823	16.3245	16.7845
700000.0003	15.2978	15.4178	15.4452	15.6628	15.131	15.6308	15.4665	15.084	15.3573	15.1091	15.2978	15.074	15.5	15.5827	15.563
700000.0003	14.6394	14.4422	14.4439	14.9414	14.7584	15.0157	14.673	14.7003	14.5478	14.2857	14.5092	14.1389	14.5882	14.3198	14.6045
700000.0003	14.1432	13.912	14.1275	14.0728	13.7678	14.1141	13.9527	13.8603	14.1	14.0404	14.4559	14.0978	13.8622	14.1634	14.1304
700000.0003	13.7224	14.064	13.562	13.4841	13.5465	13.8307	13.7911	13.7415	13.7983	13.7273	13.646	13.7226	13.8804	13.4478	13.4895
700000.0003	13.4936	13.7709	13.4916	13.675	13.4542	13.7009	13.5837	13.7138	13.1761	13.7108	13.5794	13.2271	13.6604	13.4385	13.178
700000.0003	13.4971	13.6355	12.9878	13.3258	13.5569	13.0054	13.7762	13.5693	13.5461	13.2322	13.371	13.5151	13.3053	13.641	13.568
700000.0003	13.3612	13.2105	13.1399	13.2638	13.3437	13.3098	13.1968	13.289	13.142	13.4834	13.1688	13.3294	12.9101	13.4823	13.2345
700000.0003	13.2468	13.3778	13.3445	13.3172	13.2244	13.1765	13.1638	13.1927	13.5529	13.2314	13.1118	13.2478	13.2621	13.2479	13.4545
700000.0003	13.4731	13.52	12.9699	13.7252	13.6486	13.1422	13.1931	13.5791	13.5385	13.3924	13.3663	13.3169	13.381	13.3924	13.2821
700000.0003	14.2086	14.1359	13.7572	14.3291	13.5536	13.7927	14.118	14.2947	14.1237	14.3301	13.6842	14.1695	14.0612	13.7711	14.0002
700000.0003	14.9568	15.5385	15.0368	15.4022	15.0543	14.9633	15.1675	15.0543	14.9678	15.2238	15.0701	15.0105	14.9141	14.932	15.0913
700000.0003	17.2367	17.0259	17.0438	16.9415	17.0676	16.957	17.389	17.1199	16.6656	16.9344	16.8371	16.9797	16.9078	16.5981	16.8641
700000.0003	19.9565	19.6345	19.7346	19.9997	19.8737	19.8121	19.7081	19.755	20.4241	19.7233	19.6042	19.7133	19.4858	19.5963	19.9308
700000.0003	23.7692	24.1114	24.1542	24.0177	23.8953	24.0377	24.2668	23.825	24.5164	24.1422	24.0757	24.1851	24.062	23.9732	24.3093
700000.0003	30.5249	30.5683	30.0861	30.6856	30.649	30.6971	30.2497	31.374	30.7136	30.7091	30.4195	30.5014	30.8448	30.19	30.4523
700000.0003	42.0852	42.1714	42.4917	42.2122	42.4105	41.9571	42.1077	42.2719	42.036	41.8142	41.5551	42.0443	41.9743	41.6559	42.0598
700000.0003	66.929	67.3679	67.2618	67.2267	67.7717	67.4692	67.4847	67.4996	67.5283	67.2551	66.9186	66.9611	67.5268	66.9209	67.9485
700000.0003	155.937	154.651	155.657	155.62	155.89	154.578	156.123	155.981	155.829	154.972	154.449	154.17	154.793	155.517	155.972
700000.0003	514.231	514.507	514.669	515.551	517.861	515.803	517.555	517.565	516.817	517.907	515.608	514.915	517.482	513.653	517.733
700000.0003	1362.24	1359.1	1359.57	1360.66	1362.5	1361.68	1363.34	1364.1	1363.62	1365.05	1364.42	1365.28	1363.08	1362.21	1361.5
700000.0003	2203.38	2199.28	2200.09	2201.52	2201.55	2202.75	2202.49	2204.34	2204.15	2203.4	2201.22	2203.79	2205.68	2206.39	2202.59
700000.0003	2644.62	2640.46	2643.69	2643.41	2642.69	2640.87	2642.29	2642.94	2641.87	2644.84	2646.22	2642.24	2645.18	2643.98	2646.31
700000.0003	2792.39	2791.11	2789.1	2790.47	2789.24	2788.26	2790.32	2785.43	2788.31	2790.26	2791.02	2793	2793.46	2788.7	2789.85
700000.0003	2837.7	2837.01	2838.31	2837.23	2836.4	2834.67	2836.41	2834.38	2836.32	2837.64	2839.95	2836.67	2838.53	2838.08	2838.5
700000.0003	2865.6	2865.95	2868.92	2866.43	2865.39	2867.59	2866.81	2862.69	2862.04	2869.96	2870.23	2866.51	2866.09	2870.28	2867
700000.0003	2891.98	2891.13	2897.49	2895.52	2890.06	2894.28	2894.26	2893.46	2892.75	2897.71	2897.36	2890.65	2890.85	2898.69	2897.34
700000.0003	2919.27	2921.5	2921.43	2923.05	2919.03	2922.65	2922.62	2919.09	2917.88	2922.31	2925.72	2920.06	2921.16	2921.18	2923.56
700000.0003	2946.99	2947.74	2947.05	2950.56	2948.16	2946.36	2948.93	2950.86	2945.7	2947.78	2947.21	2948.25	2949.01	2947.4	2951.09
700000.0003	2974.37	2976.32	2974.95	2975.16	2973.99	2972.3	2974.24	2976.87	2974.85	2975.76	2975.05	2975.9	2973.17	2975.49	2975.43
700000.0003	3002.67	3000.73	3001.88	2999.93	3002.59	3003.39	3002.04	3000.33	2998.93	3003.23	3000.27	3002.18	3003.22	3002.03	2998.99
700000.0003	3027.43	3030.44	3029.11	3025.82	3028.36	3027.42	3027.89	3028.44	3030.56	3028.95	3024.75	3024.31	3028.83	3029.2	3026.22
700000.0003	3055.44	3054.94	3051.56	3052.1	3056.3	3055.05	3055.17	3052.35	3055.59	3052.62	3052.22	3054.94	3056.41	3051.28	3050.57
700000.0003	3081.04	3078.7	3075.74	3076.53	3081.86	3080.48	3079.19	3079.72	3080.95	3076.26	3076.21	3079.58	3078.63	3075.3	3077.1
700000.0003	3096.89	3097.1	3096.3	3097.68	3097.16	3097.54	3099.73	3098.65	3098.88	3096.05	3096.25	3096.2	3097.26	3093.66	3094.97
700000.0003	1.02419	-0.702693	0.379482	0.570839	-0.456754	-0.708247	-0.404283	0.785015	-0.193891	-0.759133	-0.354106	-0.0233594	-0.195712	-0.86337	0.355879
700000.0003	-0.543383	0.782531	-0.537278	0.354104	-0.759057	-0.758011	-1.21048	-0.0800171	0.283957	-1.91714	0.446091	-0.321184	0.422177	0.473199	-0.612448
700000.0003	-0.14209	-0.0708048	0.0214769	-0.375511	-0.104724	0.0240922	-0.469342	0.157516	0.184027	-0.138362	-0.00769954	-0.0963898	-0.4083	0.0752053	-0.360124
700000.0003	-0.0177579	-0.00797334	0.0178408	0.0974364	0.096523	-0.0953123	0.0098382	-0.0744711	0.104197	-0.174961	0.090358	-0.00348257	0.199874	0.115394	0.422565
700000.0003	0.00718775	-0.110827	0.0729885	-0.0651721	0.0576305	-0.0763491	0.0300529	0.157065	0.0774199	-0.0713958	-0.0986952	0.234302	0.0261456	0.156925	0.036768
700000.0003	-0.270898	0.0467672	0.0173314	0.267119	0.124073	-0.0225924	0.00535859	-0.148704	0.0678612	-0.178948	0.0808718	0.01681	-0.0538661	0.050532	-0.106698
700000.0003	-0.0151132	-0.0109721	-0.0873794	-0.217642	0.11358	-0.0420328	-0.245085	-0.055507	-0.128264	-0.0455199	0.00142394	0.141943	0.218713	0.0811148	0.0585597
700000.0003	0.0795886	0.0651732	-0.128333	-0.183056	0.0502596	0.0514058	-0.0601989	-0.022493	-0.104345	0.110536	-0.189344	0.0440837	-0.00419935	-0.0515606	-0.0282307
700000.0003	-0.0190306	-0.0284396	-0.0836331	-0.0162572	0.0515656	-0.158455	-0.0798942	0.0343447	-0.00515664	0.0161444	-0.0560928	-0.0314504	0.187963	-0.0429916	-0.190889
700000.0003	-0.0352156	0.0789585	0.0613709	0.0480354	0.170958	0.0707324	0.115169	0.0246944	-0.022363	0.0853405	0.00216504	-0.147165	0.105449	-0.104033	0.0476836
700000.0003	0.0734033	-0.0987301	0.00346594	0.07048	0.139724	0.0698295	0.0489268	-0.0533728	-0.00307504	0.27423	-0.0854775	-0.288366	0.159568	0.000137305	0.0233924
700000.0003	0.0483053	0.148582	-0.0104864	-0.0450949	-0.173853	-0.080441	0.0749146	-0.0466486	-0.0982047	0.068205	0.0730762	-0.0327492	-0.0114169	0.0529255	-0.135645
700000.0003	-0.120403	0.0667768	0.0309877	0.0898943	-0.154834	0.103666	-0.181012	-0.0644087	-0.081439	0.106436	-0.160753	-0.297204	-0.042816	0.0380218	0.00350085
700000.0003	0.125673	-0.0373264	-0.0157552	0.0934933	-0.0441695	-0.0904367	-7.40957e-07	-0.0830035	0.11802	-0.022318	-0.0358572	-0.0142321	-0.0575392	-0.0825966	0.00199838
700000.0003	0.287024	0.0572234	0.0931778	-0.0878008	0.0515627	-0.126151	0.0446814	-0.0323962	-0.0628753	-0.0594199	-0.119995	0.208516	-0.232137	-0.0971835	-0.0923015
700000.0003	-0.206759	0.150016	0.0276944	-0.0845566	-0.0556544	-0.0315936	-0.0286123	0.137834	0.0237024	-0.0407713	0.134671	-0.0554546	-0.0214654	-0.0774488	-0.0711036
700000.0003	-0.0289959	0.0203175	0.105544	0.152883	0.0788733	-0.132639	0.00464856	0.0102677	-0.0811186	0.00568102	-0.0851108	-0.168721	-0.0165447	-0.0213787	0.0154727
700000.0003	0.0604783	-0.10414	-0.0364568	0.0276725	0.0899637	-0.0329881	-0.00776236	0.14839	-0.00398417	-0.0473595	-0.0835892	0.128333	0.124459	0.0302779	-0.050683
700000.0003	-0.000972094	-0.0866435	-0.0835166	0.192357	-0.146991	0.0929068	-0.171048	-0.202429	0.131086	0.191922	0.237507	0.291478	0.253107	-0.022961	-0.0219895
700000.0003	-0.110358	0.128271	0.0951305	-0.183919	-0.126054	-0.18733	-0.00656375	0.121572	-0.301822	0.0935289	0.11199	-0.134892	-0.0252953	0.157342	0.00505006
700000.0003	-0.11363	0.161038	-0.336319	0.0654195	-0.0906712	0.00262541	-0.00715691	0.0557715	-0.10139	-0.085309	0.199236	0.0537265	0.0395567	-0.292394	0.291245
700000.0003	-0.0104474	0.0534936	0.0846449	0.23732	-0.207174	0.0236817	-0.0912267	0.0773912	0.0731969	-0.3311	0.11332	-0.19036	0.0733296	0.164158	-0.0189726
700000.0003	-0.167806	0.196919	0.108815	-0.119828	-0.289209	0.092975	-0.147846	-0.0999618	-0.0636289	0.298895	-0.29938	-0.290875	-0.00267475	0.124408	-0.11284
700000.0003	-0.393717	-0.0363704	-0.271037	0.165728	0.179374	0.106684	0.4693	0.0576854	-0.473525	0.247621	0.269805	-0.0859302	-0.125462	-0.219142	0.0397208
700000.0003	0.37985	-0.0962199	0.374348	-0.174832	0.832224	0.312976	0.467045	-0.973867	0.0870706	0.684936	-0.0506859	-0.252736	0.258674	-0.217015	0.331118
700000.0003	0.202135	0.334683	0.211262	0.977648	0.17533	1.07912	-1.0106	0.487758	-0.451181	-0.145407	-0.623089	0.116565	-0.302539	0.0525123	-0.701338
700000.0003	-1.22281	1.49636	-0.292568	-0.410403	0.312747	-0.682142	0.684594	-0.480802	-0.175651	1.06613	1.13165	-0.81025	0.24367	0.683596	1.01156
700000.0003	0.0731802	0.1427	-0.422077	-0.835401	-0.146039	-0.715573	-1.06372	-0.970956	1.8901	0.64255	0.854449	0.774481	-0.416666	-0.598705	0.629588
700000.0003	0.294351	0.114072	-0.426926	-0.228579	-0.560905	-0.37182	-1.08242	0.496785	-0.165069	0.0846642	0.362777	0.492561	0.469507	-0.645125	-0.967616
700000.0003	-0.861257	0.539654	0.401723	-0.0128179	1.13119	-0.261288	0.333267	-1.2746	-0.34838	-0.228436	-1.1068	-2.02459	1.33185	-0.113551	-1.06807
700000.0003	-0.147337	0.559267	0.379953	0.223683	0.315532	0.922807	-0.205311	-0.662599	-0.573442	-1.53257	-1.97624	-1.32666	-0.12944	0.477088	0.0337893
700000.0003	0.569901	-0.46577	0.2044	0.855655	0.130391	0.121596	-0.0865808	-0.665461	-1.20991	-0.680034	0.255763	0.0793425	-1.19345	-0.823082	-0.452224
700000.0003	-0.468395	-0.720168	-0.250049	0.050966	-0.282842	0.271955	0.447727	0.147467	-1.42943	-1.38921	-0.665869	-0.0613523	-0.567152	-0.360015	-0.0216812
700000.0003	0.175105	-0.0486999	-0.279881	0.696528	0.314481	-0.367982	-1.03028	-0.937872	-0.698369	-0.483153	-0.0820061	-0.256223	-1.14227	-1.16205	0.0730529
700000.0003	0.416207	-0.0170774	-0.240442	-0.18199	0.674585	0.624699	-1.04784	-0.976053	-0.548803	-0.716698	-0.920606	-0.130119	-1.04995	-0.86544	-0.287807
700000.0003	-0.399289	0.790211	0.241863	-0.2015	-0.175101	-0.604974	0.392938	-0.166016	-0.780682	-1.25033	-0.818852	-0.670075	0.181433	-0.0427668	-0.118088
700000.0003	0.311331	-0.19401	0.590403	0.599347	0.227625	0.289195	-0.364509	-0.0314514	-0.36681	-0.897894	-0.202254	-0.521487	-1.36824	-0.199544	0.742843
700000.0003	0.569572	0.396461	0.608702	1.68202	0.738806	0.0972534	0.614982	-0.695881	-1.03195	-0.639613	-0.335285	-1.20395	-0.816559	0.265099	0.961951
700000.0003	0.146577	1.78726	1.1	0.333861	0.816339	0.725075	-0.577548	-0.755931	-0.362812	0.27	-1.0381	-0.87538	0.524549	-0.250744	0.153115
700000.0003	0.419172	1.64847	0.214164	-0.146543	0.474318	0.1454	0.149254	-0.630454	-0.845338	0.391467	0.115565	-1.02833	0.854672	-0.341112	-0.058037
700000.0003	2909.08	2913.43	2910.54	2913.45	2912.4	2912.91	2912.47	2914.61	2913.04	2910.67	2912.9	2911.33	2912.58	2909.93	2909.81
700000.0003	1605.15	1605.18	1606.37	1603.83	1606.63	1610.34	1608.61	1608.81	1607.47	1607.39	1607.52	1606.84	1604.16	1605.65	1603.57
700000.0003	173.053	173.687	173.474	172.524	173.393	173.163	174.889	173.713	173.572	174.673	173.209	173.984	173.666	174.318	173.773
700000.0003	28.1627	27.4885	28.3713	28.2083	28.3121	28.5213	28.3881	28.5338	28.0717	28.0436	28.0799	28.2282	28.5258	28.5962	28.6038
700000.0003	17.8924	18.5808	18.0193	18.5322	18.386	18.1229	18.3964	18.0097	18.0507	18.0838	18.4144	18.2764	18.4611	18.5051	18.1796
700000.0003	16.1897	16.0241	16.3807	16.1532	16.167	16.1973	16.3255	15.6887	16.2564	16.5398	15.8706	16.0467	16.283	16.1028	16.3676
700000.0003	14.6894	15.3192	15.1079	15.2976	14.7061	15.2306	14.9111	15.1194	15.1278	14.9253	14.829	14.9102	14.8071	15.1156	14.8941
700000.0003	14.1684	14.1544	14.6406	14.6281	14.45	14.4888	14.7563	13.9699	14.3692	13.8819	14.2969	14.0532	14.0535	14.2144	14.1468
700000.0003	14.078	13.9802	13.8092	13.9206	13.5528	13.8612	14.1163	13.6873	13.7785	13.9496	14.2353	13.9264	13.8175	13.6049	13.8208
700000.0003	13.5049	13.5509	13.5476	13.6595	13.376	13.7948	13.7974	13.7781	13.8778	13.7212	13.6318	13.7083	13.528	13.2246	13.2303
700000.0003	13.7464	13.7145	13.4325	13.4283	13.4403	13.4062	13.5749	13.5729	13.3519	13.394	13.5312	13.2819	13.2947	13.4402	13.5161
700000.0003	13.4664	13.3828	13.3337	13.0481	13.6366	13.1902	13.6451	13.6687	13.3427	12.9767	13.2361	13.1916	13.3312	13.4454	13.3517
700000.0003	13.3461	13.3379	13.4241	13.2492	13.0737	13.4528	13.2932	13.2094	13.2304	13.4387	12.9308	13.3524	13.0663	13.2428	13.2967
700000.0003	13.1461	13.3537	13.3278	13.2356	13.2577	13.6028	13.2236	13.3183	13.2983	13.215	13.136	13.1027	13.4475	13.0276	13.3783
700000.0003	13.05	13.1553	12.9233	13.2638	13.4377	13.1838	13.2355	13.6939	13.5771	13.5737	13.5698	13.4807	13.1618	13.4618	13.3972
700000.0003	14.0237	14.0578	14.0331	14.074	13.5861	13.9094	13.8072	13.9431	14.3201	14.0775	13.6469	13.9714	13.951	13.9474	14.3044
700000.0003	15.0012	15.4738	15.2758	15.1063	14.9868	15.0152	14.8166	15.019	15.4208	15.0317	15.1665	14.6844	14.7204	14.7287	14.8111
700000.0003	16.7561	16.8	17.0599	16.7795	17.2717	16.7916	17.067	17.2307	16.9855	16.8863	16.6744	16.9032	17.0437	16.7535	17.3869
700000.0003	19.4405	19.7388	19.3763	19.7468	19.6709	19.6486	19.7676	19.9703	19.5852	19.5072	19.5053	19.7811	19.6735	19.3035	19.3689
700000.0003	23.7222	23.7023	24.4035	23.8124	23.6444	23.8514	23.8214	24.0072	23.9054	23.9872	23.6615	23.8333	23.6788	24.1283	23.7375
700000.0003	30.7013	30.3251	30.3436	30.4498	30.3197	30.2731	30.0065	30.8615	30.617	30.6756	30.4175	30.3807	30.7365	30.171	30.4457
700000.0003	41.0867	41.9406	42.1164	42.1312	42.4107	42.1108	42.1004	41.6832	41.9575	41.5448	41.0012	41.7194	41.9843	41.7571	41.9829
700000.0003	66.5873	66.1042	66.2311	66.604	66.3771	66.2244	66.7389	66.4515	66.4057	66.4154	65.8857	65.8835	66.1226	66.3578	67.4036
700000.0003	152.979	151.325	152.145	152.953	152.725	153.101	153.517	153.055	153.288	152.987	151.911	151.479	152.357	153.106	153.688
700000.0003	520.074	518.977	519.686	521.67	520.986	520.523	521.922	521.785	522.132	521.702	519.568	520.185	520.831	520.283	521.189
700000.0003	1361.8	1362.89	1363.05	1362.96	1364.42	1362.79	1361.91	1363.85	1364.65	1366.64	1365.27	1364.61	1363.7	1362.05	1361.77
700000.0003	2156.11	2153.69	2150.55	2152.42	2154.53	2155.17	2153.64	2156.59	2157.32	2153.7	2154.84	2155.37	2156.96	2157.69	2155.45
700000.0003	2587.47	2586.21	2588.68	2588.04	2585.4	2584.23	2584.43	2583.54	2583.15	2587.24	2590.15	2586.89	2588	2586.88	2589.01
700000.0003	2779.54	2778.64	2777.96	2778.37	2777.07	2777.98	2776.77	2776.14	2774.76	2777.69	2778.23	2782.1	2780.91	2780.4	2779.41
700000.0003	2867.8	2867.15	2867.23	2866.29	2868.85	2863.99	2866.57	2865.39	2866.15	2864.64	2866	2869.13	2868.91	2867.09	2867.66
700000.0003	2907.69	2907.74	2906.47	2906.02	2907.82	2909.92	2907.92	2905	2907.03	2907.89	2905.53	2906.34	2905.59	2907.77	2906.2
700000.0003	2932.99	2931.48	2934.29	2934.47	2931.31	2933.4	2931.77	2933.84	2934.96	2933.99	2932.26	2932.57	2932.31	2936.02	2931.89
700000.0003	2953.05	2955.47	2952.18	2954.49	2952.68	2955.27	2952.37	2952.96	2953.56	2954.06	2956.25	2953.16	2954.81	2953.96	2954.11
700000.0003	2971.42	2973.42	2971.68	2971.82	2973.66	2972.66	2974.05	2972.74	2972.53	2970.88	2972.87	2971.28	2973.4	2969.03	2974.53
700000.0003	2987.96	2990.48	2990.51	2989.16	2989.31	2989.74	2990.88	2991.58	2991.79	2989.94	2990.7	2989.68	2989.06	2988.98	2989.72
700000.0003	3007.93	3005.51	3007.08	3007.25	3007.61	3005.97	3006.59	3006.76	3004.05	3007.63	3005.56	3008.41	3007.01	3007.9	3007.82
700000.0003	3025.77	3024.14	3027.12	3023.77	3022.85	3022.96	3022.77	3024.9	3022.84	3026.14	3022.56	3024.29	3024.3	3027.24	3024.46
700000.0003	3044.38	3045.59	3043.41	3044.68	3043.91	3044.57	3045.38	3043.87	3043.41	3044.4	3045.74	3044.97	3044.5	3043.85	3043.3
700000.0003	3069.55	3069.07	3068.78	3066.83	3069.73	3070.28	3071.49	3071	3071.81	3069.8	3069.49	3067.62	3069.02	3069.15	3068.86
700000.0003	3085.19	3083.89	3084.76	3086.54	3084.18	3085.98	3087.83	3086.03	3084.53	3083.96	3083.75	3083.78	3085.43	3084.45	3085.21
