700000.0003	63.0502
700000.0003	114.636
700000.0003	194.117
700000.0003	313.939
700000.0003	480.362
700000.0003	699.11
700000.0003	960.17
700000.0003	1260.85
700000.0003	1590.88
700000.0003	1966.52
700000.0003	2391.3
700000.0003	2856.55
700000.0003	3300.79
700000.0003	3651.46
700000.0003	3803.56
700000.0003	3727.16
700000.0003	3457.32
700000.0003	3052.04
700000.0003	2593.49
700000.0003	2145.53
700000.0003	1723.8
700000.0003	1366.98
700000.0003	1058.36
700000.0003	809.754
700000.0003	614.531
700000.0003	459.198
700000.0003	346.949
700000.0003	263.823
700000.0003	199.779
700000.0003	152.547
700000.0003	117.449
700000.0003	90.9303
700000.0003	69.2517
700000.0003	56.0386
700000.0003	43.2202
700000.0003	34.6093
700000.0003	27.6999
700000.0003	22.0557
700000.0003	17.9956
700000.0003	13.9627
700000.0003	10.8049
700000.0003	8.67072
700000.0003	8.48756
700000.0003	6.7286
700000.0003	4.99514
700000.0003	5.2976
700000.0003	4.98085
700000.0003	4.82181
700000.0003	3.34766
700000.0003	3.95982
700000.0003	4.44773
700000.0003	3.5289
700000.0003	2.9995
700000.0003	3.25709
700000.0003	2.74499
700000.0003	3.88412
700000.0003	1.40951
700000.0003	2.46054
700000.0003	2.43659
700000.0003	2.82444
700000.0003	1.77434
700000.0003	0.742815
700000.0003	1.58744
700000.0003	1.6787
700000.0003	1.40804
700000.0003	1.27084
700000.0003	2.14802
700000.0003	1.15603
700000.0003	1.03216
700000.0003	0.695346
700000.0003	1.93674
700000.0003	0.986063
700000.0003	1.28062
700000.0003	1.21657
700000.0003	0.870513
700000.0003	-0.166942
700000.0003	0.666539
700000.0003	1.30062
700000.0003	1.21285
700000.0003	0.35848
700000.0003	1.48847
700000.0003	1.71136
700000.0003	-0.576533
700000.0003	-0.610356
700000.0003	1.04314
700000.0003	1.0237
700000.0003	1.61135
700000.0003	0.00955283
700000.0003	0.0846958
700000.0003	-0.0623961
700000.0003	0.360827
700000.0003	0.187052
700000.0003	0.153725
700000.0003	-0.716141
700000.0003	0.0542324
700000.0003	1.8962
700000.0003	1.16924
700000.0003	0.702211
700000.0003	0.430948
700000.0003	0.679519
700000.0003	0.858472
700000.0003	0.34859
700000.0003	-0.12659
700000.0003	-0.604819
700000.0003	0.888706
700000.0003	0.034604
700000.0003	-0.476402
700000.0003	1.34036
700000.0003	-0.148152
700000.0003	-0.145006
700000.0003	-0.0444246
700000.0003	-0.637324
700000.0003	0.677213
700000.0003	-0.314729
700000.0003	0.189284
700000.0003	0.86666
700000.0003	0.857681
700000.0003	0.599419
700000.0003	-0.485179
700000.0003	-0.431789
700000.0003	-0.771833
700000.0003	-0.260212
700000.0003	0.726473
700000.0003	0.150694
700000.0003	0.0169954
700000.0003	-1.17097
700000.0003	-0.100905
700000.0003	0.302153
700000.0003	0.039384
700000.0003	1.03139
700000.0003	1.25829
700000.0003	0.224665
700000.0003	-0.764018
700000.0003	0.734404
700000.0003	0.305199
700000.0003	-1.67982
700000.0003	-0.272025
700000.0003	-0.244347
700000.0003	-0.338187
700000.0003	1.08955
700000.0003	0.0300223
700000.0003	-0.0879711
700000.0003	0.124994
700000.0003	-0.856213
700000.0003	-0.32526
700000.0003	-0.133736
700000.0003	-0.451945
700000.0003	0.248914
700000.0003	-1.31523
700000.0003	-0.895941
700000.0003	-1.06803
700000.0003	-0.545798
700000.0003	-1.22093
700000.0003	-1.17169
700000.0003	-1.89157
700000.0003	-1.82097
700000.0003	-1.16943
700000.0003	-2.33642
700000.0003	-1.41521
700000.0003	-2.39629
700000.0003	-1.99663
700000.0003	-1.09552
700000.0003	-1.23498
700000.0003	-1.60562
700000.0003	-2.36368
700000.0003	-2.92848
700000.0003	-2.68078
700000.0003	-3.22154
700000.0003	-4.11699
700000.0003	-2.83796
700000.0003	-2.18912
700000.0003	-2.68418
700000.0003	-2.2299
700000.0003	-3.02525
700000.0003	-3.2638
700000.0003	-3.88571
700000.0003	-2.90436
700000.0003	-3.59451
700000.0003	-3.18391
700000.0003	-3.85669
700000.0003	-3.61162
700000.0003	-4.27172
700000.0003	-5.36574
700000.0003	-5.15315
700000.0003	-5.25102
700000.0003	-6.26876
700000.0003	-4.61105
700000.0003	-5.24147
700000.0003	-5.24617
700000.0003	-7.68435
700000.0003	-5.4007
700000.0003	-5.45696
700000.0003	-5.48463
700000.0003	-9.12694
700000.0003	-7.23668
700000.0003	-9.07469
700000.0003	-8.25657
700000.0003	-9.2365
700000.0003	-9.43724
700000.0003	-9.43983
700000.0003	-10.4275
700000.0003	-9.60222
700000.0003	-11.755
700000.0003	-11.1966
700000.0003	-12.5704
700000.0003	-13.2619
700000.0003	-14.1344
700000.0003	-14.1243
700000.0003	-15.0347
700000.0003	-15.12
700000.0003	-17.2932
700000.0003	-17.0895
700000.0003	-18.1906
700000.0003	-19.1202
700000.0003	-22.4278
700000.0003	-23.7073
700000.0003	-25.9111
700000.0003	-27.0375
700000.0003	-30.6095
700000.0003	-34.3001
700000.0003	-35.2988
700000.0003	-39.4195
700000.0003	-42.9414
700000.0003	-48.0508
700000.0003	-50.9571
700000.0003	-60.9631
700000.0003	-66.4503
700000.0003	-77.855
700000.0003	-87.7503
700000.0003	-101.118
700000.0003	-120.168
700000.0003	-135.687
700000.0003	-155.862
700000.0003	-181.83
700000.0003	-213.562
700000.0003	-247.484
700000.0003	-288.738
700000.0003	-335.012
700000.0003	-391.238
700000.0003	-449.173
700000.0003	-520.366
700000.0003	-598.225
700000.0003	-685.439
700000.0003	-773.158
700000.0003	-869.221
700000.0003	-963.658
700000.0003	-1062.31
700000.0003	-1158.75
700000.0003	-1247.41
700000.0003	-1329.93
700000.0003	-1398.47
700000.0003	-1451.94
700000.0003	-1489.06
700000.0003	-1511.36
700000.0003	-1510.47
700000.0003	-1495.44
700000.0003	-1473.14
700000.0003	-1436.41
700000.0003	-1389.46
700000.0003	-1331.38
700000.0003	-1272.56
700000.0003	-1208.42
700000.0003	-1140.26
700000.0003	-1072.81
700000.0003	-1003.96
700000.0003	-937.64
700000.0003	-870.146
700000.0003	-800.891
700000.0003	-734.474
700000.0003	-675.027
700000.0003	-611.519
700000.0003	-552.595
700000.0003	-494.696
700000.0003	-442.048
700000.0003	-392.877
700000.0003	-348.141
700000.0003	-305.208
700000.0003	-268.13
700000.0003	-235.615
700000.0003	-205.342
700000.0003	-178.519
700000.0003	-156.118
700000.0003	-137.28
700000.0003	-119.654
700000.0003	-106.644
700000.0003	-96.4293
700000.0003	-83.9168
700000.0003	-77.5322
700000.0003	-70.6214
700000.0003	-65.3472
700000.0003	-61.6533
700000.0003	-58.0945
700000.0003	-54.605
700000.0003	-52.2693
700000.0003	-48.9861
700000.0003	-47.8624
700000.0003	-46.1698
700000.0003	-45.4276
700000.0003	-44.1543
700000.0003	-43.3326
700000.0003	-42.8086
700000.0003	-42.4055
700000.0003	-41.7506
700000.0003	-41.4356
700000.0003	-40.9421
700000.0003	-41.857
700000.0003	-41.3703
700000.0003	-40.8942
700000.0003	-41.5069
700000.0003	-41.8106
700000.0003	-41.175
700000.0003	-41.5683
700000.0003	-40.85
700000.0003	-40.8921
700000.0003	-40.3776
700000.0003	-40.3518
700000.0003	-40.4974
700000.0003	-41.1858
700000.0003	-41.0602
700000.0003	-40.9292
700000.0003	-41.2456
700000.0003	-41.2947
700000.0003	-41.8191
700000.0003	-40.5482
700000.0003	-40.7462
700000.0003	-40.374
700000.0003	-40.7188
700000.0003	-39.9599
700000.0003	-41.5551
700000.0003	-41.1321
700000.0003	-39.6756
700000.0003	-40.4294
700000.0003	-40.0592
700000.0003	-40.6691
700000.0003	-41.2752
700000.0003	-40.6042
700000.0003	-41.0291
700000.0003	-40.1626
700000.0003	-39.7001
700000.0003	-41.0337
700000.0003	-40.7193
700000.0003	-39.5747
700000.0003	-40.3774
700000.0003	-40.9779
700000.0003	-39.7769
700000.0003	-39.7816
700000.0003	-40.6449
700000.0003	-40.0843
700000.0003	-40.7718
700000.0003	-39.8681
700000.0003	-40.7938
700000.0003	-40.1354
700000.0003	-40.3579
700000.0003	-40.4857
700000.0003	-40.3946
700000.0003	-40.2693
700000.0003	-39.8239
700000.0003	-39.5159
700000.0003	-39.3495
700000.0003	-39.5748
700000.0003	-39.3678
700000.0003	-39.7695
700000.0003	-38.8402
700000.0003	-39.4498
700000.0003	-39.8793
700000.0003	-39.901
700000.0003	-40.0252
700000.0003	-39.8875
700000.0003	-39.9401
700000.0003	-39.9247
700000.0003	-40.1534
700000.0003	-39.6929
700000.0003	-38.8571
700000.0003	-38.8212
700000.0003	-39.2323
700000.0003	-37.9117
700000.0003	-39.1217
700000.0003	-38.1125
700000.0003	-38.3866
700000.0003	-38.2838
700000.0003	-38.0536
700000.0003	-38.1411
700000.0003	-36.962
700000.0003	-36.6922
700000.0003	-37.8342
700000.0003	-37.0663
700000.0003	-35.2533
700000.0003	-34.0352
700000.0003	-33.8969
700000.0003	-33.0214
700000.0003	-30.4735
700000.0003	-28.9737
700000.0003	-27.2474
700000.0003	-24.4796
700000.0003	-19.7414
700000.0003	-12.6491
700000.0003	-5.4292
700000.0003	4.46916
700000.0003	17.2235
700000.0003	35.1292
700000.0003	0.0849732
700000.0003	0.145538
700000.0003	-0.737907
700000.0003	-0.581969
700000.0003	1.4402
700000.0003	-0.238439
700000.0003	0.703411
700000.0003	0.920934
700000.0003	-0.00896824
700000.0003	-1.58322
700000.0003	1.76179
700000.0003	-1.44857
700000.0003	-1.19243
700000.0003	-0.372871
700000.0003	-3.01212
700000.0003	2.36855
700000.0003	0.918348
700000.0003	1.26401
700000.0003	-2.8883
700000.0003	-1.55108
700000.0003	0.819506
700000.0003	-1.29104
700000.0003	1.74285
700000.0003	0.188338
700000.0003	-0.215069
700000.0003	-1.06018
700000.0003	-1.83103
700000.0003	1.238
700000.0003	-2.12322
700000.0003	0.409073
700000.0003	-0.380627
700000.0003	1.63438
700000.0003	1.08813
700000.0003	0.0861365
700000.0003	1.09959
700000.0003	-0.419574
700000.0003	-0.259986
700000.0003	0.209273
700000.0003	-1.21265
700000.0003	-0.841945
700000.0003	-0.299808
700000.0003	1.01218
700000.0003	0.910616
700000.0003	0.311917
700000.0003	0.458733
700000.0003	-0.169778
700000.0003	1.21972
700000.0003	-0.631549
700000.0003	-0.458627
700000.0003	-0.567247
700000.0003	0.893602
700000.0003	-0.508163
700000.0003	-0.742671
700000.0003	0.192296
700000.0003	0.276575
700000.0003	0.133307
700000.0003	-1.04375
700000.0003	0.110911
700000.0003	0.748586
700000.0003	-0.715201
700000.0003	0.304356
700000.0003	-0.695636
700000.0003	0.75411
700000.0003	-0.792802
700000.0003	-0.293443
700000.0003	-0.111762
700000.0003	1.27215
700000.0003	1.71807
700000.0003	0.360254
700000.0003	0.0717573
700000.0003	-0.764054
700000.0003	0.0398779
700000.0003	-0.680847
700000.0003	-1.14215
700000.0003	0.546924
700000.0003	-0.10907
700000.0003	0.0298404
700000.0003	0.592308
700000.0003	-0.467401
700000.0003	-0.404618
700000.0003	0.407711
700000.0003	0.770289
700000.0003	-0.109389
700000.0003	-0.351908
700000.0003	0.377213
700000.0003	-0.0124493
700000.0003	-0.131624
700000.0003	-0.438977
700000.0003	0.321533
700000.0003	-0.134639
700000.0003	0.690064
700000.0003	0.667182
700000.0003	-1.88675
700000.0003	-0.700225
700000.0003	0.401725
700000.0003	0.492384
700000.0003	0.63534
700000.0003	0.504041
700000.0003	0.0160474
700000.0003	-0.643857
700000.0003	-0.0527429
700000.0003	-0.127203
700000.0003	0.222014
700000.0003	-0.011144
700000.0003	-0.658592
700000.0003	-0.132111
700000.0003	-0.571624
700000.0003	-0.174457
700000.0003	0.0896647
700000.0003	0.497698
700000.0003	0.0384673
700000.0003	0.00486806
700000.0003	0.460762
700000.0003	0.626796
700000.0003	-0.214408
700000.0003	0.12773
700000.0003	-0.62764
700000.0003	-0.142558
700000.0003	-0.493414
700000.0003	0.684275
700000.0003	0.204964
700000.0003	-0.630347
700000.0003	0.844682
700000.0003	0.0335558
700000.0003	0.107402
700000.0003	-0.208761
700000.0003	-0.869396
700000.0003	0.492007
700000.0003	-0.103664
700000.0003	-0.379084
700000.0003	0.161536
700000.0003	-0.7114
700000.0003	0.573476
700000.0003	-0.113821
700000.0003	-0.100532
700000.0003	0.0313538
700000.0003	0.32836
700000.0003	0.0438694
700000.0003	0.686942
700000.0003	0.101406
700000.0003	-0.187581
700000.0003	0.23818
700000.0003	0.639525
700000.0003	1.15708
700000.0003	-0.744341
700000.0003	-0.364523
700000.0003	0.322313
700000.0003	-0.155225
700000.0003	-0.718133
700000.0003	-0.35262
700000.0003	0.0616834
700000.0003	0.782342
700000.0003	0.276523
700000.0003	-0.973846
700000.0003	0.0907782
700000.0003	0.146404
700000.0003	-0.345004
700000.0003	-0.32575
700000.0003	1.00577
700000.0003	-0.13505
700000.0003	0.254433
700000.0003	-0.540329
700000.0003	0.239347
700000.0003	1.12422
700000.0003	-0.77193
700000.0003	-0.914666
700000.0003	0.00103214
700000.0003	-0.48426
700000.0003	0.854613
700000.0003	0.276866
700000.0003	-0.819571
700000.0003	-0.73904
700000.0003	0.0712689
700000.0003	0.0837475
700000.0003	-0.157653
700000.0003	-0.280311
700000.0003	0.19103
700000.0003	0.730377
700000.0003	-0.389188
700000.0003	-0.902796
700000.0003	-0.0464832
700000.0003	0.239946
700000.0003	0.68724
700000.0003	-0.324679
700000.0003	1.14284
700000.0003	0.0150875
700000.0003	0.340478
700000.0003	-0.71143
700000.0003	0.646955
700000.0003	-0.783102
700000.0003	-0.796767
700000.0003	-0.0817947
700000.0003	0.926656
700000.0003	0.350126
700000.0003	-0.757798
700000.0003	0.730525
700000.0003	-0.821303
700000.0003	-0.220392
700000.0003	0.379714
700000.0003	0.433581
700000.0003	-0.0572388
700000.0003	-0.00837835
700000.0003	0.802329
700000.0003	-0.503137
700000.0003	0.768292
700000.0003	0.606245
700000.0003	-1.06075
700000.0003	0.189
700000.0003	-0.0801025
700000.0003	-0.347878
700000.0003	-0.867835
700000.0003	-0.464225
700000.0003	0.93741
700000.0003	0.529409
700000.0003	-0.977435
700000.0003	0.316128
700000.0003	0.0887484
700000.0003	-0.132682
700000.0003	-0.707956
700000.0003	0.80571
700000.0003	1.01797
700000.0003	0.0127549
700000.0003	-1.45618
700000.0003	0.137486
700000.0003	1.41163
700000.0003	0.485931
700000.0003	0.920376
700000.0003	0.10195
700000.0003	0.100505
700000.0003	0.134299
700000.0003	1.21068
700000.0003	0.295163
700000.0003	-1.17271
700000.0003	0.624189
700000.0003	-1.75968
700000.0003	-1.79801
700000.0003	-0.907944
700000.0003	-0.0113764
700000.0003	0.151979
700000.0003	-0.671333
700000.0003	1.31097
700000.0003	-0.502367
700000.0003	0.349256
700000.0003	-0.916212
700000.0003	-1.42753
700000.0003	2.94922
700000.0003	-2.1355
700000.0003	-0.0241816
700000.0003	3.65719
700000.0003	-2.04997
700000.0003	-4.68812
700000.0003	1.10502
700000.0003	-1.48192
700000.0003	0.517534
700000.0003	0.246079
700000.0003	-0.271024
700000.0003	-1.35253
700000.0003	1.81228
700000.0003	1.3934
700000.0003	0.210009
700000.0003	1.29844
700000.0003	-2.06373
700000.0003	-0.131333
700000.0003	0.0914632
700000.0003	-0.41635
700000.0003	3.08283
700000.0003	1.72079
700000.0003	0.109349
700000.0003	0.64946
700000.0003	-0.220563
700000.0003	0.88405
700000.0003	0.395987
700000.0003	1.81915
700000.0003	-0.814953
700000.0003	-0.15344
700000.0003	1.41017
700000.0003	-0.61415
700000.0003	0.769732
700000.0003	-0.563098
700000.0003	0.0510303
700000.0003	-0.174845
700000.0003	-0.480035
700000.0003	1.11899
700000.0003	0.174433
700000.0003	-0.414734
700000.0003	1.20676
700000.0003	-1.05273
700000.0003	-1.50928
700000.0003	-0.537374
700000.0003	0.126211
700000.0003	-0.628485
700000.0003	-0.548508
700000.0003	0.183771
700000.0003	-0.42293
700000.0003	0.322203
700000.0003	0.591577
700000.0003	0.180175
700000.0003	-0.303718
700000.0003	0.218952
700000.0003	0.108112
700000.0003	-1.22402
700000.0003	-0.589127
700000.0003	0.0143303
700000.0003	0.728176
700000.0003	-0.238524
700000.0003	0.49718
700000.0003	0.668146
700000.0003	-0.51902
700000.0003	-0.798732
700000.0003	0.0943759
700000.0003	0.253064
700000.0003	-0.496684
700000.0003	-0.416635
700000.0003	-0.0548229
700000.0003	0.34666
700000.0003	-0.413263
700000.0003	0.108009
700000.0003	-0.420609
700000.0003	-0.432317
700000.0003	0.543737
700000.0003	0.277742
700000.0003	0.318835
700000.0003	0.451454
700000.0003	0.308955
700000.0003	-0.716288
700000.0003	-0.19686
700000.0003	-0.471232
700000.0003	-0.0507178
700000.0003	0.184015
700000.0003	-0.30097
700000.0003	0.15649
700000.0003	0.17814
700000.0003	0.171702
700000.0003	-0.103104
700000.0003	-0.651894
700000.0003	0.488682
700000.0003	0.308099
700000.0003	-0.839102
700000.0003	0.224109
700000.0003	0.105608
700000.0003	0.36637
700000.0003	0.0594129
700000.0003	0.190245
700000.0003	-0.434371
700000.0003	0.36179
700000.0003	-0.0162512
700000.0003	1.03698
700000.0003	0.0480476
700000.0003	-0.207763
700000.0003	-0.339542
700000.0003	0.785993
700000.0003	0.697944
700000.0003	-0.199407
700000.0003	0.326438
700000.0003	-0.588812
700000.0003	-0.512311
700000.0003	-0.542338
700000.0003	0.205738
700000.0003	-0.254427
700000.0003	-0.0753823
700000.0003	-0.137952
700000.0003	-0.24305
700000.0003	0.0425761
700000.0003	0.734701
700000.0003	0.40052
700000.0003	-0.287463
700000.0003	0.151278
700000.0003	-0.167641
700000.0003	0.124901
700000.0003	-0.00875374
700000.0003	-1.08176
700000.0003	-0.0642097
700000.0003	-0.236557
700000.0003	0.353849
700000.0003	-0.468993
700000.0003	0.660398
700000.0003	-0.243107
700000.0003	-0.169564
700000.0003	-0.457691
700000.0003	0.0555175
700000.0003	-0.405446
700000.0003	-0.31007
700000.0003	-0.269511
700000.0003	0.388031
700000.0003	0.765198
700000.0003	-0.138696
700000.0003	0.831017
700000.0003	-0.279585
700000.0003	0.754515
700000.0003	-0.321286
700000.0003	0.350183
700000.0003	0.303612
700000.0003	-0.0774543
700000.0003	0.227674
700000.0003	0.17911
700000.0003	-0.30102
700000.0003	0.875623
700000.0003	-0.437145
700000.0003	0.243087
700000.0003	0.695814
