700000.0003	28.2925
700000.0003	99.9826
700000.0003	203.005
700000.0003	345.859
700000.0003	530.375
700000.0003	777.994
700000.0003	1080.17
700000.0003	1423.67
700000.0003	1828.31
700000.0003	2281.27
700000.0003	2782.29
700000.0003	3321.43
700000.0003	3883.76
700000.0003	4447.15
700000.0003	5008.38
700000.0003	5520.7
700000.0003	5991.84
700000.0003	6377.26
700000.0003	6684.2
700000.0003	6881.73
700000.0003	7012.42
700000.0003	7096
700000.0003	7072.42
700000.0003	7067.29
700000.0003	6919.96
700000.0003	6748.75
700000.0003	6557.64
700000.0003	6338.18
700000.0003	6079.07
700000.0003	5725.98
700000.0003	5381.67
700000.0003	4976.15
700000.0003	4559.19
700000.0003	4052.54
700000.0003	3517.86
700000.0003	2977.55
700000.0003	2371.13
700000.0003	1730.15
700000.0003	1073.89
700000.0003	366.433
700000.0003	0
700000.0003	0
700000.0003	0
700000.0003	0
700000.0003	0
700000.0003	0
700000.0003	0
700000.0003	0
700000.0003	0
700000.0003	0
700000.0003	0
700000.0003	0
700000.0003	0
700000.0003	0
700000.0003	0
700000.0003	0
700000.0003	0
700000.0003	0
700000.0003	0
700000.0003	0
700000.0003	0
700000.0003	0
700000.0003	0
700000.0003	0
700000.0003	0
700000.0003	0
700000.0003	0
700000.0003	0
700000.0003	0
700000.0003	0
700000.0003	0
700000.0003	0
700000.0003	0
700000.0003	0
700000.0003	0
700000.0003	0
700000.0003	0
700000.0003	0
700000.0003	0
700000.0003	0
700000.0003	0
700000.0003	0
700000.0003	0
700000.0003	0
700000.0003	0
700000.0003	0
700000.0003	0
700000.0003	0
700000.0003	0
700000.0003	0
700000.0003	0
700000.0003	0
700000.0003	0
700000.0003	0
700000.0003	0
700000.0003	0
700000.0003	0
700000.0003	0
700000.0003	0
700000.0003	0
700000.0003	0
700000.0003	0
700000.0003	0
700000.0003	0
700000.0003	0
700000.0003	0
700000.0003	0
700000.0003	0
700000.0003	0
700000.0003	0
700000.0003	0
700000.0003	0
700000.0003	0
700000.0003	0
700000.0003	0
700000.0003	0
700000.0003	0
700000.0003	0
700000.0003	0
700000.0003	0
700000.0003	0
700000.0003	0
700000.0003	0
700000.0003	0
700000.0003	0
700000.0003	0
700000.0003	0
700000.0003	0
700000.0003	0
700000.0003	0
700000.0003	0
700000.0003	0
700000.0003	0
700000.0003	0
700000.0003	0
700000.0003	0
700000.0003	0
700000.0003	0
700000.0003	0
700000.0003	0
700000.0003	-23.8212
700000.0003	-70.547
700000.0003	-117.312
700000.0003	-162.14
700000.0003	-208.581
700000.0003	-251.408
700000.0003	-294.922
700000.0003	-337.069
700000.0003	-382.098
700000.0003	-424.672
700000.0003	-469.095
700000.0003	-509.092
700000.0003	-547.188
700000.0003	-582.362
700000.0003	-629.315
700000.0003	-668.282
700000.0003	-702.423
700000.0003	-742.924
700000.0003	-777.368
700000.0003	-818.542
700000.0003	-852.422
700000.0003	-890.219
700000.0003	-918.915
700000.0003	-949.077
700000.0003	-993.669
700000.0003	-1021.43
700000.0003	-1060.33
700000.0003	-1089.61
700000.0003	-1120.03
700000.0003	-1141.42
700000.0003	-1180.63
700000.0003	-1210.63
700000.0003	-1237.52
700000.0003	-1258.43
700000.0003	-1290.9
700000.0003	-1321.89
700000.0003	-1357.2
700000.0003	-1375.48
700000.0003	-1402.18
700000.0003	-1424.71
700000.0003	-1448.46
700000.0003	-1468.67
700000.0003	-1497.28
700000.0003	-1509.63
700000.0003	-1527.56
700000.0003	-1555.6
700000.0003	-1572.4
700000.0003	-1615.13
700000.0003	-1620.6
700000.0003	-1640.85
700000.0003	-1648.57
700000.0003	-1663.24
700000.0003	-1686.85
700000.0003	-1710.15
700000.0003	-1723.22
700000.0003	-1740.4
700000.0003	-1762.07
700000.0003	-1769.82
700000.0003	-1783.29
700000.0003	-1791.52
700000.0003	-1810.67
700000.0003	-1814.81
700000.0003	-1828.71
700000.0003	-1845.25
700000.0003	-1850.06
700000.0003	-1850.92
700000.0003	-1866.55
700000.0003	-1878.11
700000.0003	-1881.52
700000.0003	-1894.91
700000.0003	-1901.26
700000.0003	-1907.73
700000.0003	-1902.01
700000.0003	-1905.06
700000.0003	-1913.45
700000.0003	-1920.28
700000.0003	-1925.04
700000.0003	-1928.46
700000.0003	-1925.12
700000.0003	-1923.3
700000.0003	-1924.93
700000.0003	-1924.67
700000.0003	-1923.25
700000.0003	-1927.85
700000.0003	-1919.06
700000.0003	-1925.31
700000.0003	-1919.16
700000.0003	-1897.36
700000.0003	-1899.23
700000.0003	-1893.47
700000.0003	-1891.64
700000.0003	-1888.52
700000.0003	-1867.08
700000.0003	-1858.44
700000.0003	-1848.42
700000.0003	-1836.01
700000.0003	-1825.22
700000.0003	-1805.44
700000.0003	-1785.64
700000.0003	-1765.82
700000.0003	-1748.32
700000.0003	-1720.37
700000.0003	-1691.44
700000.0003	-1667.29
700000.0003	-1619.77
700000.0003	-1584.76
700000.0003	-1538.74
700000.0003	-1497.41
700000.0003	-1453.31
700000.0003	-1397.72
700000.0003	-1345.31
700000.0003	-1286.74
700000.0003	-1226.62
700000.0003	-1162.09
700000.0003	-1099.92
700000.0003	-1036.55
700000.0003	-973.279
700000.0003	-909.18
700000.0003	-845.24
700000.0003	-791.183
700000.0003	-728.519
700000.0003	-671.241
700000.0003	-614.628
700000.0003	-561.654
700000.0003	-511.004
700000.0003	-465.35
700000.0003	-420.259
700000.0003	-376.158
700000.0003	-338.083
700000.0003	-299.455
700000.0003	-265.306
700000.0003	-233.108
700000.0003	-205.677
700000.0003	-180.3
700000.0003	-155.677
700000.0003	-134.975
700000.0003	-115.849
700000.0003	-99.3586
700000.0003	-85.2518
700000.0003	-72.2914
700000.0003	-61.9978
700000.0003	-52.4024
700000.0003	-44.4684
700000.0003	-37.5295
700000.0003	-31.4191
700000.0003	-26.5825
700000.0003	-22.1803
700000.0003	-18.8912
700000.0003	-15.6956
700000.0003	-13.0553
700000.0003	-10.9443
700000.0003	-9.30708
700000.0003	-7.53242
700000.0003	-5.94938
700000.0003	-4.75571
700000.0003	-3.79078
700000.0003	-2.77947
700000.0003	-1.91944
700000.0003	-1.08686
700000.0003	-0.364286
700000.0003	0
700000.0003	0
700000.0003	0
700000.0003	0
700000.0003	0
700000.0003	0
700000.0003	0
700000.0003	0
700000.0003	0
700000.0003	0
700000.0003	0
700000.0003	0
700000.0003	0
700000.0003	0
700000.0003	0
700000.0003	0
700000.0003	0
700000.0003	0
700000.0003	0
700000.0003	0
700000.0003	0
700000.0003	0
700000.0003	0
700000.0003	0
700000.0003	0
700000.0003	0
700000.0003	0
700000.0003	0
700000.0003	0
700000.0003	0
700000.0003	0
700000.0003	0
700000.0003	0
700000.0003	0
700000.0003	0
700000.0003	0
700000.0003	0
700000.0003	0
700000.0003	0
700000.0003	0
700000.0003	0
700000.0003	0
700000.0003	0
700000.0003	0
700000.0003	0
700000.0003	0
700000.0003	0
700000.0003	0
700000.0003	0
700000.0003	0
700000.0003	0
700000.0003	0
700000.0003	0
700000.0003	0
700000.0003	0
700000.0003	0
700000.0003	0
700000.0003	0
700000.0003	0
700000.0003	0
700000.0003	0
700000.0003	0
700000.0003	0
700000.0003	0
700000.0003	0
700000.0003	0
700000.0003	0
700000.0003	0
700000.0003	0
700000.0003	0
700000.0003	0
700000.0003	0
700000.0003	0
700000.0003	0
700000.0003	0
700000.0003	0
700000.0003	0
700000.0003	0
700000.0003	0
700000.0003	0
700000.0003	0
700000.0003	0
700000.0003	0
700000.0003	0
700000.0003	0
700000.0003	0
700000.0003	0
700000.0003	0
700000.0003	0
700000.0003	0
700000.0003	0
700000.0003	0
700000.0003	0
700000.0003	0
700000.0003	0
700000.0003	0
700000.0003	0
700000.0003	0
700000.0003	0
700000.0003	0
700000.0003	0.0297128
700000.0003	0.226748
700000.0003	0.157518
700000.0003	1.58773
700000.0003	-2.29052
700000.0003	-4.44552
700000.0003	-7.06644
700000.0003	3.49413
700000.0003	5.40735
700000.0003	-1.10267
700000.0003	6.35256
700000.0003	-1.28356
700000.0003	-9.64751
700000.0003	-8.28376
700000.0003	3.86169
700000.0003	-26.0468
700000.0003	-7.60422
700000.0003	-8.14757
700000.0003	14.4327
700000.0003	12.8669
700000.0003	16.3361
700000.0003	-15.3518
700000.0003	-2.30555
700000.0003	-21.6667
700000.0003	4.92545
700000.0003	16.0228
700000.0003	-42.156
700000.0003	-0.537707
700000.0003	-5.89146
700000.0003	3.97866
700000.0003	-9.34183
700000.0003	-14.7208
700000.0003	0.862439
700000.0003	-31.1008
700000.0003	13.2339
700000.0003	-5.51632
700000.0003	-5.38492
700000.0003	0.735823
700000.0003	6.10932
700000.0003	-0.394444
700000.0003	0
700000.0003	0
700000.0003	0
700000.0003	0
700000.0003	0
700000.0003	0
700000.0003	0
700000.0003	0
700000.0003	0
700000.0003	0
700000.0003	0
700000.0003	0
700000.0003	0
700000.0003	0
700000.0003	0
700000.0003	0
700000.0003	0
700000.0003	0
700000.0003	0
700000.0003	0
700000.0003	0
700000.0003	0
700000.0003	0
700000.0003	0
700000.0003	0
700000.0003	0
700000.0003	0
700000.0003	0
700000.0003	0
700000.0003	0
700000.0003	0
700000.0003	0
700000.0003	0
700000.0003	0
700000.0003	0
700000.0003	0
700000.0003	0
700000.0003	0
700000.0003	0
700000.0003	0
700000.0003	0
700000.0003	0
700000.0003	0
700000.0003	0
700000.0003	0
700000.0003	0
700000.0003	0
700000.0003	0
700000.0003	0
700000.0003	0
700000.0003	0
700000.0003	0
700000.0003	0
700000.0003	0
700000.0003	0
700000.0003	0
700000.0003	0
700000.0003	0
700000.0003	0
700000.0003	0
700000.0003	0
700000.0003	0
700000.0003	0
700000.0003	0
700000.0003	0
700000.0003	0
700000.0003	0
700000.0003	0
700000.0003	0
700000.0003	0
700000.0003	0
700000.0003	0
700000.0003	0
700000.0003	0
700000.0003	0
700000.0003	0
700000.0003	0
700000.0003	0
700000.0003	0
700000.0003	0
700000.0003	0
700000.0003	0
700000.0003	0
700000.0003	0
700000.0003	0
700000.0003	0
700000.0003	0
700000.0003	0
700000.0003	0
700000.0003	0
700000.0003	0
700000.0003	0
700000.0003	0
700000.0003	0
700000.0003	0
700000.0003	0
700000.0003	0
700000.0003	0
700000.0003	0
700000.0003	0
700000.0003	-0.0329318
700000.0003	-0.134528
700000.0003	0.219515
700000.0003	0.0667432
700000.0003	-0.945296
700000.0003	1.27448
700000.0003	-0.461699
700000.0003	-0.43444
700000.0003	0.394313
700000.0003	-1.42331
700000.0003	0.745678
700000.0003	-0.170168
700000.0003	0.436538
700000.0003	-0.987418
700000.0003	-0.448633
700000.0003	-2.72562
700000.0003	2.64884
700000.0003	-1.83143
700000.0003	-0.929123
700000.0003	3.14714
700000.0003	-1.41124
700000.0003	3.32431
700000.0003	-4.11637
700000.0003	-2.78174
700000.0003	-0.527866
700000.0003	1.08334
700000.0003	2.53993
700000.0003	0.185351
700000.0003	1.88263
700000.0003	4.17689
700000.0003	2.36299
700000.0003	-4.13473
700000.0003	-0.0885011
700000.0003	-2.49964
700000.0003	-0.314153
700000.0003	0.0620832
700000.0003	-4.95748
700000.0003	-0.825406
700000.0003	-4.44859
700000.0003	-5.10111
700000.0003	4.87522
700000.0003	-3.08336
700000.0003	3.17443
700000.0003	-2.80613
700000.0003	1.88766
700000.0003	1.9731
700000.0003	2.04803
700000.0003	-1.87766
700000.0003	0.205021
700000.0003	-3.04886
700000.0003	-0.424208
700000.0003	3.67028
700000.0003	-5.88037
700000.0003	-3.78824
700000.0003	-0.678684
700000.0003	2.93618
700000.0003	3.12262
700000.0003	-2.59395
700000.0003	3.39138
700000.0003	-1.43976
700000.0003	0.645813
700000.0003	3.4569
700000.0003	4.25217
700000.0003	3.80618
700000.0003	-8.38593
700000.0003	6.33094
700000.0003	1.35139
700000.0003	1.33077
700000.0003	0.557524
700000.0003	2.3874
700000.0003	1.79926
700000.0003	0.940542
700000.0003	-3.76162
700000.0003	-0.807204
700000.0003	2.11171
700000.0003	-0.741816
700000.0003	0.882657
700000.0003	0.3862
700000.0003	-5.35845
700000.0003	5.92445
700000.0003	3.60016
700000.0003	3.45029
700000.0003	-4.71602
700000.0003	4.54536
700000.0003	2.93736
700000.0003	-8.10999
700000.0003	-2.00108
700000.0003	0.0119428
700000.0003	0.623725
700000.0003	-3.76865
700000.0003	-3.10071
700000.0003	-2.06717
700000.0003	-2.40526
700000.0003	-7.57117
700000.0003	-0.874947
700000.0003	-1.96164
700000.0003	3.36401
700000.0003	-4.04153
700000.0003	1.46545
700000.0003	-8.24316
700000.0003	1.96482
700000.0003	-1.45973
700000.0003	-0.0577133
700000.0003	0.965115
700000.0003	0.0737258
700000.0003	3.88676
700000.0003	-1.8356
700000.0003	-0.47846
700000.0003	1.46407
700000.0003	0.941423
700000.0003	0.660377
700000.0003	-4.22086
700000.0003	-2.61186
700000.0003	-0.0679789
700000.0003	-4.01635
700000.0003	0.208963
700000.0003	1.27243
700000.0003	0.254183
700000.0003	0.261954
700000.0003	0.496473
700000.0003	1.44115
700000.0003	0.331625
700000.0003	-1.79003
700000.0003	4.41604
700000.0003	1.98744
700000.0003	1.67044
700000.0003	0.563104
700000.0003	-0.0513375
700000.0003	-0.156883
700000.0003	-0.148319
700000.0003	-0.0688285
700000.0003	-0.610541
700000.0003	1.50283
700000.0003	-0.128925
700000.0003	0.337223
700000.0003	0.153121
700000.0003	-0.0811764
700000.0003	0.133328
700000.0003	0.0215194
700000.0003	-0.232183
700000.0003	-0.053001
700000.0003	0.247358
700000.0003	0.0428251
700000.0003	0.0234047
700000.0003	-0.101844
700000.0003	0.171429
700000.0003	0.275389
700000.0003	-0.0534829
700000.0003	-0.0409803
700000.0003	0.123745
700000.0003	-0.00655338
700000.0003	-0.00805914
700000.0003	-0.0480976
700000.0003	-0.110438
700000.0003	-0.0140501
700000.0003	-0.0105316
700000.0003	0.00403302
700000.0003	0.00407127
700000.0003	-0.0135335
700000.0003	0.0046804
700000.0003	0
700000.0003	0
700000.0003	0
700000.0003	0
700000.0003	0
700000.0003	0
700000.0003	0
700000.0003	0
700000.0003	0
700000.0003	0
700000.0003	0
700000.0003	0
700000.0003	0
700000.0003	0
700000.0003	0
700000.0003	0
700000.0003	0
700000.0003	0
700000.0003	0
700000.0003	0
700000.0003	0
700000.0003	0
700000.0003	0
700000.0003	0
700000.0003	0
700000.0003	0
700000.0003	0
700000.0003	0
700000.0003	0
700000.0003	0
700000.0003	0
700000.0003	0
700000.0003	0
700000.0003	0
700000.0003	0
700000.0003	0
700000.0003	0
700000.0003	0
700000.0003	0
700000.0003	0
700000.0003	0
700000.0003	0
700000.0003	0
700000.0003	0
700000.0003	0
700000.0003	0
700000.0003	0
700000.0003	0
700000.0003	0
700000.0003	0
700000.0003	0
700000.0003	0
700000.0003	0
700000.0003	0
700000.0003	0
700000.0003	0
700000.0003	0
700000.0003	0
700000.0003	0
700000.0003	0
700000.0003	0
700000.0003	0
700000.0003	0
700000.0003	0
700000.0003	0
700000.0003	0
700000.0003	0
700000.0003	0
700000.0003	0
700000.0003	0
700000.0003	0
700000.0003	0
700000.0003	0
700000.0003	0
700000.0003	0
700000.0003	0
700000.0003	0
700000.0003	0
700000.0003	0
700000.0003	0
700000.0003	0
700000.0003	0
700000.0003	0
700000.0003	0
700000.0003	0
700000.0003	0
700000.0003	0
700000.0003	0
700000.0003	0
700000.0003	0
700000.0003	0
700000.0003	0
700000.0003	0
700000.0003	0
700000.0003	0
700000.0003	0
700000.0003	0
700000.0003	0
700000.0003	0
700000.0003	0
