700000.0003	64.3507
700000.0003	115.106
700000.0003	194.945
700000.0003	312.12
700000.0003	481.893
700000.0003	697.643
700000.0003	961.603
700000.0003	1258.79
700000.0003	1591.75
700000.0003	1967.35
700000.0003	2396.23
700000.0003	2858.44
700000.0003	3308.45
700000.0003	3645.18
700000.0003	3806.49
700000.0003	3739.33
700000.0003	3455.67
700000.0003	3052.33
700000.0003	2593.98
700000.0003	2143.8
700000.0003	1730.25
700000.0003	1361.05
700000.0003	1059.1
700000.0003	803.786
700000.0003	612.683
700000.0003	463.49
700000.0003	350.493
700000.0003	262.492
700000.0003	199.61
700000.0003	153.522
700000.0003	116.032
700000.0003	89.9553
700000.0003	71.3144
700000.0003	53.4559
700000.0003	41.5512
700000.0003	34.1841
700000.0003	27.2983
700000.0003	21.126
700000.0003	16.2584
700000.0003	13.0684
700000.0003	11.9737
700000.0003	10.2559
700000.0003	7.78826
700000.0003	6.26064
700000.0003	7.00587
700000.0003	5.26578
700000.0003	3.45634
700000.0003	3.57267
700000.0003	3.97933
700000.0003	4.43469
700000.0003	3.39131
700000.0003	4.07454
700000.0003	2.30357
700000.0003	4.38875
700000.0003	3.06903
700000.0003	2.74796
700000.0003	1.71411
700000.0003	2.76603
700000.0003	1.64007
700000.0003	1.87244
700000.0003	1.73394
700000.0003	1.27757
700000.0003	2.63176
700000.0003	1.58762
700000.0003	1.47881
700000.0003	1.84489
700000.0003	1.36525
700000.0003	1.93811
700000.0003	0.520971
700000.0003	2.22329
700000.0003	1.76415
700000.0003	1.2354
700000.0003	1.08544
700000.0003	0.912902
700000.0003	0.380847
700000.0003	0.211304
700000.0003	0.580506
700000.0003	0.590109
700000.0003	2.16432
700000.0003	0.665397
700000.0003	0.833627
700000.0003	1.27251
700000.0003	0.498629
700000.0003	0.0854043
700000.0003	0.848398
700000.0003	1.24207
700000.0003	0.564731
700000.0003	1.37894
700000.0003	-0.292119
700000.0003	0.51986
700000.0003	0.784474
700000.0003	0.585717
700000.0003	-0.0854076
700000.0003	-0.153197
700000.0003	-0.129656
700000.0003	-0.0731495
700000.0003	0.509422
700000.0003	-0.433163
700000.0003	1.03658
700000.0003	0.0728706
700000.0003	-0.158324
700000.0003	0.365234
700000.0003	1.26234
700000.0003	1.22481
700000.0003	-0.789302
700000.0003	-0.377093
700000.0003	0.945768
700000.0003	0.00761831
700000.0003	-0.0184456
700000.0003	-0.300185
700000.0003	0.226736
700000.0003	0.0897372
700000.0003	0.980596
700000.0003	0.589367
700000.0003	-0.342362
700000.0003	-0.573052
700000.0003	0.377684
700000.0003	0.0547555
700000.0003	0.19842
700000.0003	-0.0224975
700000.0003	0.591079
700000.0003	-0.23792
700000.0003	0.597875
700000.0003	0.959086
700000.0003	0.0121968
700000.0003	-0.726015
700000.0003	-0.550498
700000.0003	0.100394
700000.0003	-0.303539
700000.0003	0.107498
700000.0003	0.335028
700000.0003	0.732426
700000.0003	0.490394
700000.0003	-0.189641
700000.0003	0.102385
700000.0003	-0.873367
700000.0003	-0.333948
700000.0003	-1.0744
700000.0003	0.214082
700000.0003	-0.541096
700000.0003	0.627537
700000.0003	-0.55732
700000.0003	-0.388943
700000.0003	0.625152
700000.0003	-0.625618
700000.0003	-0.0528672
700000.0003	-0.429933
700000.0003	-0.28311
700000.0003	-0.188046
700000.0003	-0.883513
700000.0003	-1.13401
700000.0003	-0.928791
700000.0003	-0.954965
700000.0003	-0.751602
700000.0003	-0.321262
700000.0003	-1.32744
700000.0003	-1.83137
700000.0003	-2.13736
700000.0003	-1.39749
700000.0003	-1.89857
700000.0003	-1.54296
700000.0003	-2.36952
700000.0003	-2.33557
700000.0003	-2.29977
700000.0003	-2.87893
700000.0003	-2.35194
700000.0003	-1.63299
700000.0003	-2.04387
700000.0003	-2.2233
700000.0003	-1.86749
700000.0003	-2.44493
700000.0003	-3.68512
700000.0003	-2.79536
700000.0003	-2.57424
700000.0003	-2.8431
700000.0003	-3.77571
700000.0003	-4.82245
700000.0003	-3.25172
700000.0003	-3.92835
700000.0003	-4.69778
700000.0003	-4.56999
700000.0003	-5.02417
700000.0003	-4.72338
700000.0003	-4.79425
700000.0003	-6.03903
700000.0003	-5.0158
700000.0003	-5.57521
700000.0003	-6.61097
700000.0003	-6.98121
700000.0003	-5.17197
700000.0003	-5.1685
700000.0003	-5.95384
700000.0003	-6.33786
700000.0003	-6.59606
700000.0003	-7.2474
700000.0003	-6.88914
700000.0003	-8.82741
700000.0003	-9.44198
700000.0003	-9.40427
700000.0003	-9.7338
700000.0003	-10.6894
700000.0003	-11.2151
700000.0003	-12.19
700000.0003	-10.7538
700000.0003	-11.4504
700000.0003	-12.0839
700000.0003	-12.4323
700000.0003	-13.7005
700000.0003	-14.6309
700000.0003	-16.0341
700000.0003	-17.1817
700000.0003	-17.945
700000.0003	-18.9067
700000.0003	-18.4491
700000.0003	-22.7842
700000.0003	-22.8611
700000.0003	-24.3852
700000.0003	-28.2684
700000.0003	-30.049
700000.0003	-32.8565
700000.0003	-38.2435
700000.0003	-39.3674
700000.0003	-43.9161
700000.0003	-49.2063
700000.0003	-53.6688
700000.0003	-61.2318
700000.0003	-68.0134
700000.0003	-75.5009
700000.0003	-87.346
700000.0003	-102.108
700000.0003	-115.74
700000.0003	-134.464
700000.0003	-158.123
700000.0003	-182.343
700000.0003	-211.559
700000.0003	-246.541
700000.0003	-287.776
700000.0003	-336.567
700000.0003	-388.861
700000.0003	-453.094
700000.0003	-519.899
700000.0003	-599.567
700000.0003	-684.64
700000.0003	-772.081
700000.0003	-868.217
700000.0003	-965.087
700000.0003	-1063.34
700000.0003	-1159.08
700000.0003	-1253.75
700000.0003	-1330.36
700000.0003	-1398.93
700000.0003	-1451.29
700000.0003	-1489.26
700000.0003	-1508.33
700000.0003	-1510.41
700000.0003	-1497.71
700000.0003	-1479.78
700000.0003	-1436.93
700000.0003	-1390.92
700000.0003	-1334.78
700000.0003	-1271.55
700000.0003	-1213.34
700000.0003	-1141.74
700000.0003	-1071.23
700000.0003	-1007.37
700000.0003	-934.366
700000.0003	-867.24
700000.0003	-800.313
700000.0003	-737.061
700000.0003	-672.169
700000.0003	-613.194
700000.0003	-549.485
700000.0003	-496.923
700000.0003	-443.715
700000.0003	-394.512
700000.0003	-349.308
700000.0003	-307.456
700000.0003	-268.364
700000.0003	-237.199
700000.0003	-206.689
700000.0003	-179.238
700000.0003	-156.746
700000.0003	-136.682
700000.0003	-120.301
700000.0003	-104.85
700000.0003	-94.7232
700000.0003	-85.3305
700000.0003	-77.6675
700000.0003	-70.0378
700000.0003	-65.4835
700000.0003	-60.2536
700000.0003	-56.0711
700000.0003	-53.9567
700000.0003	-52.1782
700000.0003	-49.9485
700000.0003	-47.519
700000.0003	-46.8325
700000.0003	-45.6529
700000.0003	-43.2174
700000.0003	-42.6101
700000.0003	-42.4292
700000.0003	-43.0348
700000.0003	-42.5
700000.0003	-41.6259
700000.0003	-41.8814
700000.0003	-41.347
700000.0003	-41.6898
700000.0003	-41.6676
700000.0003	-42.0046
700000.0003	-41.0333
700000.0003	-41.4369
700000.0003	-41.4261
700000.0003	-41.2629
700000.0003	-40.7843
700000.0003	-41.0064
700000.0003	-41.3135
700000.0003	-40.1939
700000.0003	-40.4382
700000.0003	-40.8817
700000.0003	-41.079
700000.0003	-41.287
700000.0003	-40.6546
700000.0003	-41.0346
700000.0003	-40.3529
700000.0003	-40.7497
700000.0003	-41.1584
700000.0003	-39.8992
700000.0003	-40.2167
700000.0003	-41.0693
700000.0003	-39.9569
700000.0003	-40.6276
700000.0003	-40.9358
700000.0003	-40.4337
700000.0003	-40.2429
700000.0003	-40.1099
700000.0003	-40.2032
700000.0003	-40.2849
700000.0003	-39.0883
700000.0003	-39.772
700000.0003	-40.3103
700000.0003	-39.9445
700000.0003	-40.9499
700000.0003	-40.4771
700000.0003	-39.8662
700000.0003	-40.3541
700000.0003	-40.0928
700000.0003	-40.9802
700000.0003	-39.7077
700000.0003	-40.7555
700000.0003	-40.1466
700000.0003	-40.2107
700000.0003	-39.747
700000.0003	-40.2742
700000.0003	-39.7032
700000.0003	-39.9286
700000.0003	-40.112
700000.0003	-40.1794
700000.0003	-40.3964
700000.0003	-40.0009
700000.0003	-40.0404
700000.0003	-40.1245
700000.0003	-39.9865
700000.0003	-39.6765
700000.0003	-39.3522
700000.0003	-39.2218
700000.0003	-38.9373
700000.0003	-39.0596
700000.0003	-39.3157
700000.0003	-39.216
700000.0003	-38.9597
700000.0003	-39.1338
700000.0003	-39.3625
700000.0003	-39.06
700000.0003	-38.5063
700000.0003	-38.5893
700000.0003	-37.6807
700000.0003	-39.1038
700000.0003	-38.4244
700000.0003	-38.3733
700000.0003	-38.3753
700000.0003	-38.1271
700000.0003	-37.4052
700000.0003	-36.3018
700000.0003	-37.1071
700000.0003	-36.8246
700000.0003	-35.8466
700000.0003	-35.4588
700000.0003	-35.0027
700000.0003	-34.1346
700000.0003	-32.4982
700000.0003	-31.6176
700000.0003	-28.8867
700000.0003	-26.8454
700000.0003	-22.8555
700000.0003	-19.7972
700000.0003	-14.2609
700000.0003	-6.93379
700000.0003	3.04541
700000.0003	17.017
700000.0003	35.8228
700000.0003	0.406129
700000.0003	0.375878
700000.0003	-0.164058
700000.0003	-0.789866
700000.0003	-1.61063
700000.0003	-0.372844
700000.0003	-0.129597
700000.0003	-0.351982
700000.0003	-1.08287
700000.0003	0.403774
700000.0003	0.631113
700000.0003	-2.06796
700000.0003	-0.422206
700000.0003	-1.07439
700000.0003	-0.530799
700000.0003	3.64016
700000.0003	-3.78158
700000.0003	5.13372
700000.0003	1.1329
700000.0003	0.688836
700000.0003	-2.71103
700000.0003	-0.710314
700000.0003	0.623055
700000.0003	-2.66003
700000.0003	1.16658
700000.0003	-0.130846
700000.0003	2.33033
700000.0003	1.75979
700000.0003	-0.978645
700000.0003	-0.727605
700000.0003	1.68673
700000.0003	-1.05361
700000.0003	0.694555
700000.0003	-1.21372
700000.0003	-0.909412
700000.0003	0.931418
700000.0003	0.634686
700000.0003	-1.13417
700000.0003	0.163494
700000.0003	-0.135082
700000.0003	-0.139341
700000.0003	0.0119984
700000.0003	1.45471
700000.0003	-0.599114
700000.0003	0.474547
700000.0003	0.262744
700000.0003	-0.0154683
700000.0003	-0.519061
700000.0003	-0.986392
700000.0003	0.0261857
700000.0003	-0.706438
700000.0003	-0.739009
700000.0003	0.660975
700000.0003	-0.167993
700000.0003	0.502541
700000.0003	0.00200859
700000.0003	-0.122882
700000.0003	0.515055
700000.0003	-0.10557
700000.0003	-0.0591493
700000.0003	-0.436635
700000.0003	0.376595
700000.0003	0.692923
700000.0003	-0.333731
700000.0003	-0.192511
700000.0003	0.245613
700000.0003	-0.0430955
700000.0003	-0.399262
700000.0003	-0.772077
700000.0003	0.742951
700000.0003	-0.362217
700000.0003	0.681483
700000.0003	-0.170959
700000.0003	0.571622
700000.0003	-0.15313
700000.0003	-0.882997
700000.0003	-0.410784
700000.0003	-1.1892
700000.0003	1.34577
700000.0003	0.53532
700000.0003	-0.87413
700000.0003	-0.553929
700000.0003	0.227138
700000.0003	0.700289
700000.0003	0.439102
700000.0003	0.672512
700000.0003	-0.262879
700000.0003	-0.00568184
700000.0003	0.227809
700000.0003	-0.0377129
700000.0003	-0.248056
700000.0003	-0.205737
700000.0003	0.0259289
700000.0003	-0.621727
700000.0003	0.28935
700000.0003	-0.396385
700000.0003	0.204301
700000.0003	0.567639
700000.0003	-1.24068
700000.0003	0.347184
700000.0003	0.62087
700000.0003	0.527333
700000.0003	0.548408
700000.0003	-0.423467
700000.0003	-0.624655
700000.0003	0.663141
700000.0003	0.89545
700000.0003	-0.357819
700000.0003	0.942872
700000.0003	-0.613256
700000.0003	-0.593957
700000.0003	-0.85473
700000.0003	-0.21915
700000.0003	1.0089
700000.0003	-0.630398
700000.0003	0.20264
700000.0003	-0.0785787
700000.0003	0.805691
700000.0003	-0.881183
700000.0003	-0.0473686
700000.0003	0.0882983
700000.0003	0.113871
700000.0003	0.0574473
700000.0003	-0.622119
700000.0003	0.660539
700000.0003	-0.361104
700000.0003	0.416129
700000.0003	-0.0583632
700000.0003	0.296794
700000.0003	-0.608483
700000.0003	0.424502
700000.0003	0.0912216
700000.0003	0.276868
700000.0003	0.901732
700000.0003	-0.0797791
700000.0003	-0.528425
700000.0003	-1.3088
700000.0003	0.11565
700000.0003	-0.175377
700000.0003	0.69804
700000.0003	0.754437
700000.0003	0.90094
700000.0003	-0.699558
700000.0003	0.444592
700000.0003	-0.0601642
700000.0003	-1.16022
700000.0003	0.953399
700000.0003	-0.430707
700000.0003	-0.556927
700000.0003	-0.261789
700000.0003	-0.411556
700000.0003	-0.427372
700000.0003	0.694665
700000.0003	0.0700047
700000.0003	0.956807
700000.0003	0.108147
700000.0003	0.351837
700000.0003	0.610029
700000.0003	-1.05897
700000.0003	-0.139036
700000.0003	0.346197
700000.0003	-0.767245
700000.0003	0.490129
700000.0003	0.131041
700000.0003	0.00229412
700000.0003	-0.0366386
700000.0003	0.481143
700000.0003	-0.0696611
700000.0003	-0.950837
700000.0003	-1.0465
700000.0003	0.2975
700000.0003	0.0251647
700000.0003	0.55035
700000.0003	-0.538023
700000.0003	-1.16163
700000.0003	1.16306
700000.0003	1.08312
700000.0003	-0.207507
700000.0003	-0.389323
700000.0003	1.1306
700000.0003	0.346404
700000.0003	-0.380714
700000.0003	-0.265492
700000.0003	0.215594
700000.0003	-0.481257
700000.0003	-0.890087
700000.0003	-0.391372
700000.0003	-0.260714
700000.0003	0.143719
700000.0003	0.372166
700000.0003	-0.665659
700000.0003	-0.163533
700000.0003	1.62865
700000.0003	-0.0371008
700000.0003	0.774362
700000.0003	-0.821569
700000.0003	-0.621614
700000.0003	-0.0894278
700000.0003	-0.975523
700000.0003	0.309713
700000.0003	1.85649
700000.0003	-0.650743
700000.0003	-0.304314
700000.0003	0.259453
700000.0003	-0.622464
700000.0003	-1.00607
700000.0003	0.784631
700000.0003	-0.0295546
700000.0003	0.452646
700000.0003	1.14916
700000.0003	0.0905486
700000.0003	-0.100249
700000.0003	0.286183
700000.0003	0.925544
700000.0003	-0.210181
700000.0003	-0.619067
700000.0003	-0.676275
700000.0003	-0.221564
700000.0003	-0.0619316
700000.0003	0.147342
700000.0003	-0.156142
700000.0003	-0.941804
700000.0003	0.326601
700000.0003	-0.545188
700000.0003	1.18864
700000.0003	1.06035
700000.0003	0.476083
700000.0003	-0.407693
700000.0003	0.278553
700000.0003	-0.459151
700000.0003	-1.07193
700000.0003	0.242684
700000.0003	0.34672
700000.0003	-0.367456
700000.0003	-0.0647676
700000.0003	0.477093
700000.0003	-0.382224
700000.0003	-0.440746
700000.0003	0.677717
700000.0003	0.73634
700000.0003	0.150635
700000.0003	2.00309
700000.0003	1.33714
700000.0003	-1.89264
700000.0003	-0.153612
700000.0003	0.291973
700000.0003	-0.953733
700000.0003	-2.47046
700000.0003	-1.09754
700000.0003	1.45673
700000.0003	-0.547337
700000.0003	-1.84149
700000.0003	-0.279331
700000.0003	0.545305
700000.0003	0.673751
700000.0003	0.157862
700000.0003	0.876792
700000.0003	-1.30905
700000.0003	1.1241
700000.0003	1.38772
700000.0003	0.0377387
700000.0003	-0.213677
700000.0003	0.552312
700000.0003	2.20911
700000.0003	-2.71797
700000.0003	0.0420119
700000.0003	-1.98978
700000.0003	-0.684645
700000.0003	0.326222
700000.0003	-0.100917
700000.0003	0.195197
700000.0003	3.69224
700000.0003	-0.60681
700000.0003	0.345501
700000.0003	1.02799
700000.0003	0.714274
700000.0003	1.21812
700000.0003	-0.685263
700000.0003	-0.238674
700000.0003	-1.1814
700000.0003	0.140817
700000.0003	-0.672698
700000.0003	-0.362577
700000.0003	0.230114
700000.0003	-1.73901
700000.0003	-0.865785
700000.0003	-0.234059
700000.0003	-0.999193
700000.0003	-1.02253
700000.0003	-1.74399
700000.0003	-0.517541
700000.0003	-1.08289
700000.0003	-0.24698
700000.0003	0.642285
700000.0003	0.247651
700000.0003	-0.148588
700000.0003	-0.671049
700000.0003	0.278249
700000.0003	-4.38983e-05
700000.0003	-0.143649
700000.0003	-0.101221
700000.0003	-0.316526
700000.0003	0.286422
700000.0003	0.0593194
700000.0003	-0.197384
700000.0003	-0.368663
700000.0003	0.851516
700000.0003	-0.2382
700000.0003	-0.802908
700000.0003	-0.795332
700000.0003	-0.0226889
700000.0003	-0.00753539
700000.0003	0.0664733
700000.0003	0.290922
700000.0003	-0.136341
700000.0003	-0.023949
700000.0003	-0.100085
700000.0003	0.587435
700000.0003	-0.2532
700000.0003	-0.555664
700000.0003	0.770865
700000.0003	-0.1989
700000.0003	-0.243394
700000.0003	0.400054
700000.0003	-0.178992
700000.0003	-0.146911
700000.0003	-0.0828257
700000.0003	-0.10079
700000.0003	0.573758
700000.0003	0.585433
700000.0003	0.13963
700000.0003	0.370107
700000.0003	-0.517299
700000.0003	0.163076
700000.0003	-0.0889588
700000.0003	0.367528
700000.0003	0.317517
700000.0003	-0.479449
700000.0003	-1.02023
700000.0003	0.161836
700000.0003	-0.0929451
700000.0003	0.569412
700000.0003	0.124641
700000.0003	-0.0293213
700000.0003	0.0949562
700000.0003	-0.694573
700000.0003	-0.00378972
700000.0003	0.756847
700000.0003	0.26837
700000.0003	0.664001
700000.0003	-0.0528124
700000.0003	1.34159
700000.0003	0.293631
700000.0003	0.291661
700000.0003	-0.0186957
700000.0003	0.361159
700000.0003	0.389186
700000.0003	0.60102
700000.0003	-0.153467
700000.0003	0.583465
700000.0003	0.228494
700000.0003	0.0593206
700000.0003	-0.62016
700000.0003	0.376149
700000.0003	0.0893516
700000.0003	0.252844
700000.0003	-0.0420557
700000.0003	0.640016
700000.0003	-0.0981651
700000.0003	-0.399159
700000.0003	-0.0698031
700000.0003	-0.0420563
700000.0003	0.657762
700000.0003	-0.0709221
700000.0003	-0.308033
700000.0003	-0.178556
700000.0003	0.496037
700000.0003	-0.459227
700000.0003	-0.263458
700000.0003	-0.0856241
700000.0003	-0.0773229
700000.0003	0.703569
700000.0003	0.374341
700000.0003	-0.0475499
700000.0003	0.516109
700000.0003	-0.0996528
700000.0003	0.216556
700000.0003	0.0904996
700000.0003	-0.122322
700000.0003	0.0265012
700000.0003	0.51926
700000.0003	0.0327748
700000.0003	-0.604727
700000.0003	0.523536
700000.0003	-0.566125
700000.0003	0.420669
700000.0003	0.497461
700000.0003	0.912865
700000.0003	-0.457716
700000.0003	1.03844
