700000.0003	2957.22	2961.86	2957.44	2960.42	2960.99	2960.5	2961.75	2960.15	2959.32	2956.92	2959.94	2957.69	2958.44	2960.6	2961.33
700000.0003	1536.63	1533.29	1530.21	1533.7	1534.67	1534.92	1534.58	1533.01	1531.35	1534.18	1532.52	1531.74	1534.88	1534.87	1533.59
700000.0003	193.99	193.409	193.299	192.528	193.683	193.628	194.694	192.967	194.024	193.937	193.657	195.036	193.973	193.271	194.27
700000.0003	32.1681	31.9603	32.0289	32.2113	32.2151	31.788	32.255	32.3584	32.4367	31.8783	32.3321	32.0516	32.4722	31.9972	31.991
700000.0003	19.5058	18.7656	19.3488	19.7903	19.4043	19.4841	19.4451	19.3893	19.8305	19.3283	19.0209	19.2876	19.5402	19.4598	19.6466
700000.0003	16.9129	16.8811	16.3333	16.3998	16.8188	16.6392	16.4885	16.6425	16.8395	16.7319	16.8739	16.9182	16.7896	16.6818	16.9263
700000.0003	15.2916	15.034	15.5538	15.2349	15.1835	15.3749	15.1531	15.36	15.6417	15.5833	15.4434	15.3653	15.5973	15.2426	15.2882
700000.0003	14.4287	14.5421	14.4672	14.3227	14.4154	14.293	14.7414	14.5353	14.457	14.7705	14.4807	14.5907	14.3424	14.5949	14.3637
700000.0003	13.9123	13.8766	14.1168	13.9752	13.8752	13.6848	13.9653	13.7953	13.9195	14.0329	13.7195	14.0935	14.0006	13.9815	14.0429
700000.0003	13.6622	13.6419	13.8828	13.7631	13.5075	13.7413	13.6049	13.7434	13.5308	13.761	13.5374	13.6381	13.8392	13.3863	13.5029
700000.0003	13.481	13.3026	13.2478	13.3504	13.587	13.5995	13.7648	13.485	13.4966	13.7412	13.3816	13.2527	13.6604	13.2581	13.7146
700000.0003	13.017	13.1821	13.395	13.3088	13.3458	13.2917	13.3504	13.4222	13.3774	13.8483	13.4853	13.5347	13.3335	13.2377	13.5641
700000.0003	13.3038	13.3822	13.3843	13.2923	13.3975	13.5514	13.3585	13.3561	13.2935	12.8864	13.0522	13.3237	13.2382	13.2226	13.1678
700000.0003	13.4125	13.1549	13.5789	13.0935	13.2623	13.3196	13.1725	13.2654	13.4932	13.2637	13.163	13.2817	13.1075	13.1772	13.4043
700000.0003	13.2199	13.5221	13.3769	13.6633	13.2275	13.4918	13.0994	13.6869	13.5093	13.5393	13.2425	13.3889	13.3793	13.5408	13.3087
700000.0003	13.9805	14.1655	13.8472	13.911	13.919	13.6458	13.7612	13.8002	13.7747	13.5711	14.2849	13.8983	13.6178	14.1193	14.0278
700000.0003	14.9212	15.397	15.1209	15.029	15.1711	15.0056	15.1506	15.3513	14.8895	15.2288	15.24	14.9606	14.7309	15.0409	15.1882
700000.0003	17.0458	16.7026	16.9875	16.9283	16.6491	16.9008	16.7068	16.8063	17.1213	16.6825	17.1507	16.9034	16.7771	17.0478	16.6131
700000.0003	19.8315	20.0844	19.5397	19.8719	19.9182	20.2801	19.9763	19.4771	20.0778	19.6348	19.9036	19.8301	19.8923	19.5898	19.7724
700000.0003	23.7848	24.3779	24.5004	24.1682	24.3018	23.7363	23.9569	23.915	24.1452	23.8436	23.6821	23.8671	23.9807	23.8015	23.888
700000.0003	30.3313	30.6909	30.7648	30.7131	30.1592	30.9419	30.9628	30.3797	30.7514	30.654	30.57	30.6329	30.511	30.9202	31.2789
700000.0003	42.4793	41.2532	42.3456	42.0624	42.0471	42.0389	42.072	41.7432	42.0257	42.3485	41.7715	41.8808	41.7315	41.6218	41.9097
700000.0003	67.6264	67.534	67.7497	67.8546	67.3398	67.7208	67.8696	67.5037	67.417	67.7839	67.9475	67.3161	67.4884	66.7448	66.9579
700000.0003	155.468	155.503	156.207	156.24	156.366	154.575	155.876	155.101	154.337	155.702	154.949	155.521	154.545	155.516	154.756
700000.0003	514.529	515.966	516.824	517.013	517.228	517.137	515.376	514.232	513.963	515.931	515.618	514.491	514.525	516.017	514.923
700000.0003	1362.23	1362.28	1363.64	1362.89	1365.07	1363.29	1361.35	1359.99	1358.91	1361.94	1363.59	1361.54	1359	1360.29	1361.93
700000.0003	2201.18	2204.18	2202.55	2203.72	2205.21	2199.66	2202.62	2201.93	2201.99	2200.37	2202.56	2201.06	2199.21	2200.84	2200.59
700000.0003	2643.63	2642.16	2642.91	2646.23	2641.69	2640.05	2642.72	2642.83	2644.33	2641.8	2640.49	2641.9	2642.06	2638.79	2641.59
700000.0003	2791.28	2790.49	2788.19	2789.41	2792.55	2791.63	2787.37	2788.19	2791.76	2789.38	2789.08	2789.73	2785.68	2786.78	2788.61
700000.0003	2834.9	2839.65	2838.27	2837.7	2836.19	2837.38	2837.47	2835.06	2837.52	2837.53	2833.35	2835.6	2837.45	2836.61	2833.07
700000.0003	2867.01	2868.59	2866.16	2865.74	2867.08	2866.57	2868.7	2865.77	2865.08	2866.57	2865.3	2864.35	2865.95	2865.51	2863.9
700000.0003	2890.71	2895.61	2895.43	2895.62	2894.96	2896.59	2890.3	2892.67	2892.76	2895.97	2892.6	2892.97	2892.52	2893.26	2894.27
700000.0003	2921.55	2920.32	2922.38	2923.08	2919.84	2921.22	2922.52	2922.19	2918.62	2921.47	2921.37	2918.62	2919.31	2921.27	2920.75
700000.0003	2947.25	2945.32	2950.21	2951.3	2948.6	2947.81	2948.32	2946.21	2946.67	2947.47	2951.81	2946.71	2944.17	2947.87	2949.09
700000.0003	2973.49	2972.24	2979.92	2976.73	2973.11	2971.26	2978.45	2977.32	2971.09	2974.08	2975.26	2975.56	2971.67	2975.4	2974.99
700000.0003	3000.7	3000.01	3005.55	3002.84	2999.52	3001.04	3006.71	2999.46	2999.15	2999.79	3003.83	3004.41	2996.89	2998.78	3003.7
700000.0003	3027.52	3025.08	3029.14	3030.59	3028.2	3025.69	3030.14	3028.53	3026.41	3029.09	3029.26	3025.26	3024.81	3029.21	3031.65
700000.0003	3054.86	3052.25	3055.75	3057.91	3052.12	3052.54	3056.61	3057.11	3049.87	3052.81	3053.89	3056.18	3049.93	3051.77	3057
700000.0003	3079.71	3076.41	3079.73	3081.38	3079.63	3078.33	3080.6	3081.41	3076.02	3078.32	3081.54	3077.24	3076.74	3077.05	3082.37
700000.0003	3099	3097.91	3095.98	3100.57	3099.34	3095.24	3101.33	3097.25	3095.88	3096.63	3099.36	3095.53	3095.74	3097.76	3097.74
700000.0003	-0.399848	0.00741162	-0.240779	1.5609	0.893591	-1.34527	-0.237928	0.114071	0.7237	-0.368775	0.495613	-0.755513	-1.0862	0.394307	-0.770413
700000.0003	-1.13981	0.29199	0.688433	-1.08521	-0.154738	0.753823	-0.282275	-0.940738	1.20875	0.63418	-0.415696	-0.0995869	1.63192	-0.982936	1.47416
700000.0003	0.437212	0.0702836	0.0487127	0.131124	-0.0821305	0.137256	0.169124	-0.189646	0.0570323	0.220358	-0.358298	0.356591	-0.125968	0.0860584	-0.180548
700000.0003	0.0918424	-0.0115557	-0.193239	-0.24356	0.140738	-0.0101655	-0.0970506	-0.316652	-0.140299	-0.000101532	0.0522644	0.0561117	-0.248373	0.25637	0.0916588
700000.0003	-0.15959	-0.130309	0.00384171	0.0700019	-0.0635062	0.040615	0.0106437	0.0898811	-0.054443	-0.100515	-0.0259836	0.0681321	-0.141478	-0.0118441	-0.204068
700000.0003	-0.00619467	0.0921132	-0.037979	0.132874	0.196576	0.28889	-0.0114792	0.037389	0.0229901	-0.00413216	-0.215442	-0.188953	0.220662	0.206976	-0.0488163
700000.0003	-0.0387302	-0.083574	0.00153418	0.129624	0.175337	-0.0335409	0.227908	-0.183814	0.0099444	0.257727	-0.174273	0.0796243	0.0123923	0.0163899	0.00347961
700000.0003	0.0782548	0.0748107	0.118329	-0.0609562	-0.0124482	0.196872	-0.014011	0.00861454	-0.0573485	-0.0211841	-0.0481007	0.0973781	0.192429	-0.0146215	0.123278
700000.0003	0.0678977	0.114772	0.0787345	-0.0312489	0.10306	0.0393344	0.0376404	-0.0518644	0.0476504	-0.0459499	0.119417	0.175775	0.0591734	0.113149	-0.0364311
700000.0003	0.0587059	0.144229	0.174092	0.134276	0.0360876	0.088595	-0.139035	0.0211002	0.22447	-0.0265014	0.150007	-0.011843	-0.00140895	-0.144916	0.0236247
700000.0003	0.203839	-0.0304131	-0.0240969	-0.0953319	-0.0929724	0.0453551	0.0335425	0.0403745	-0.100687	0.210411	-0.270125	-0.0876723	0.0497454	-0.112527	0.0134335
700000.0003	-0.0228296	0.101889	0.024837	0.0294451	-0.0935137	0.020908	0.0784777	0.105065	0.0874266	-0.0127492	0.0553182	-0.143197	-0.141564	-0.129276	0.0596137
700000.0003	-0.183568	0.0881421	-0.00154512	-0.0373281	0.103027	-0.0360192	0.212859	-0.160489	-0.235697	-0.0669097	0.0240326	-0.105258	0.276843	0.226639	0.121103
700000.0003	0.0519246	0.0211283	0.0288338	0.106236	-0.0227657	0.0644719	-0.0935492	0.064882	-0.03782	0.0132749	-0.109951	-0.0479846	-0.0576354	-0.0331792	-0.127448
700000.0003	-0.0980817	-0.0386323	-0.0191629	-0.0718283	-0.0889509	-0.0901162	-0.153591	-0.00419124	-0.0376355	-0.0300818	-0.176917	0.0287639	-0.0544423	-0.0515039	0.0104024
700000.0003	0.132018	0.169269	-0.0966634	0.154204	-0.0615628	-0.0334831	0.0109006	-0.0776794	-0.171746	-0.0739747	-0.0313488	-0.127874	-0.184268	-0.0636554	0.106201
700000.0003	-0.00929808	-0.0626702	-0.0828128	-0.0352984	-0.0877676	0.0758345	-0.0132134	-0.0431845	-0.0377635	-0.104005	-0.0733575	-0.199647	0.0409177	-0.109614	-0.0233017
700000.0003	0.0421417	-0.149278	0.0707492	0.156029	-0.0476395	0.130517	0.027295	0.00298421	0.0238309	0.0121287	0.0104923	0.0236251	-0.0403622	-0.0134923	-0.086626
700000.0003	0.0416275	-0.0822357	0.0602304	0.0342527	0.156626	-0.0417673	-0.181464	-0.00562884	-0.164338	0.0333698	-0.0072011	0.0435909	0.00171647	-0.0142909	-0.177719
700000.0003	-0.0780888	0.0258007	0.130875	-0.0714609	0.137299	-0.0108126	0.0201418	-0.0515017	0.246975	-0.149198	-0.170436	0.0689399	0.0644871	-0.08429	0.0438651
700000.0003	0.177986	0.0130359	-0.0113486	-0.17584	0.168825	0.31162	-0.0623074	-0.00100983	-0.137088	-0.0144278	-0.0897985	-0.0466506	0.0294241	0.249553	-0.107376
700000.0003	-0.29507	-0.260575	0.0738554	-0.0238318	-0.139476	-0.145264	0.208245	0.0736249	0.0200425	-0.212429	-0.0174994	-0.121054	-0.27905	-0.00484511	0.0497819
700000.0003	-0.0963335	-0.124639	-0.131462	-0.104454	0.0491449	0.451685	-0.16925	0.0865853	-0.345708	0.268025	0.167	0.00155714	-0.169818	-0.207024	-0.238286
700000.0003	0.539617	0.447529	-0.276264	-0.130685	-0.0505221	-0.0483129	0.272644	-0.13223	-0.43711	0.300973	-0.105038	-0.13737	-0.181343	-0.104799	-0.510873
700000.0003	-0.871979	0.0968435	0.0978952	-0.411445	0.675234	-0.146445	-0.496005	-0.450474	0.167085	-0.297203	0.355594	-0.0851883	-0.557366	0.0519895	-0.0494238
700000.0003	-0.368959	-0.336732	1.20353	-1.16141	-1.23227	-0.163102	2.1442	0.44027	0.427625	0.109521	0.298229	-0.231664	0.398534	-0.395727	0.0916075
700000.0003	-0.315036	0.738181	0.549444	-1.53142	-0.594675	0.587642	1.11736	0.821816	-1.71291	-0.0321595	0.56816	0.756323	-0.713613	-0.790791	0.410118
700000.0003	0.284002	-0.877537	-0.804433	-0.288953	0.103133	-1.51773	0.41152	-0.0995273	0.558009	0.646749	0.956025	-0.561407	-0.824082	-0.408879	0.0827927
700000.0003	-0.732513	-0.239799	0.257654	-1.63724	-0.731548	0.874549	0.859239	0.963729	0.323476	0.650029	-1.36563	1.06279	0.719439	-0.401796	-0.836148
700000.0003	-0.123108	-0.664929	-0.46966	1.58886	0.458649	0.684968	0.723905	0.443595	0.272215	0.241253	0.81897	0.915445	0.205397	0.838301	-0.147262
700000.0003	-0.48381	0.773209	1.09178	0.577916	0.517968	0.117404	0.743722	0.674545	1.17719	-0.048831	0.947376	-0.0426356	0.603606	-0.140254	-0.166329
700000.0003	-0.166489	0.562056	0.12609	0.685879	0.244684	1.34762	1.4588	1.00003	-0.167841	1.38207	0.697329	0.668887	0.0255704	0.0758606	-0.349977
700000.0003	-0.369649	0.120427	0.881741	0.247499	1.21943	0.570221	0.635852	1.0741	0.742647	1.38437	0.136634	0.474359	0.833321	-0.437724	-0.196328
700000.0003	-0.270609	-0.473652	0.284191	0.254105	1.05238	1.01829	0.29229	0.399426	0.447975	-0.137819	1.75967	1.21979	0.553502	-0.334985	0.300684
700000.0003	0.328942	0.148899	0.307027	0.232243	0.13446	0.472089	0.454428	0.235828	1.02025	1.01259	0.841173	0.686164	-0.0086993	0.208717	0.530642
700000.0003	-0.185351	-0.299128	0.0886208	-0.40934	-0.348951	-0.444806	0.487929	0.591682	0.530752	-0.299782	-0.513173	0.40647	1.78381	0.87527	1.23675
700000.0003	-0.0241496	-0.240965	-1.01472	0.0490078	0.316097	0.90953	0.18082	-0.207131	-0.397865	-0.412356	-0.341884	0.328195	0.757471	1.36031	0.162867
700000.0003	-0.268986	-0.754405	-0.0349969	0.474968	0.420273	-0.404438	-0.212563	0.461331	-0.344934	0.0274458	0.161691	-0.00791934	0.0223153	0.938342	0.728063
700000.0003	1.05047	-0.222679	-0.051052	0.73827	-0.70908	-0.468198	0.188079	-0.642502	0.0785177	-0.130084	-1.47672	0.609846	0.999728	0.0554417	0.51234
700000.0003	0.889483	0.156668	0.0893176	-0.159811	1.30571	0.266438	-0.968457	-0.0497077	-0.177948	-1.33436	0.30336	-0.137336	-0.00214555	0.195824	-0.959288
700000.0003	2909.85	2913.3	2912.01	2914.12	2913.44	2912.2	2913.75	2912.99	2909.95	2908.68	2909.7	2910.34	2911.47	2912.37	2915.27
700000.0003	1609.46	1603.83	1603.05	1606.38	1607.23	1608.21	1607.08	1604.9	1604.04	1606.03	1606.28	1604.56	1607.22	1608.41	1605.29
700000.0003	174.242	173.843	173.296	172.329	173.127	173.469	174.731	173.764	173.677	173.202	173.56	174.755	174.117	173.698	173.852
700000.0003	28.3043	28.686	28.2891	27.8433	28.3521	27.901	27.7205	28.5929	28.5734	27.8508	28.1654	28.7077	28.0901	27.9923	28.0851
700000.0003	18.4097	17.9896	18.3745	18.4765	18.1473	18.3997	18.4703	18.3088	18.6451	18.3243	17.8241	18.7999	18.4855	18.3679	18.6365
700000.0003	16.3327	16.372	15.8024	16.1493	16.3612	16.2864	16.0102	16.0513	16.0869	15.8769	15.9937	16.0266	16.0963	16.4078	16.3601
700000.0003	14.854	14.7642	14.8577	14.8172	15.1136	15.0916	14.7368	15.1843	15.1761	14.9123	15.0052	14.886	15.3622	15.1557	14.8338
700000.0003	14.3361	14.4653	14.1929	14.1671	14.2099	14.475	14.5749	14.5867	14.3226	14.4877	14.2814	14.4975	14.1938	14.2918	14.1343
700000.0003	14.0683	14.0187	14.1995	13.8354	13.7448	13.8765	13.9261	13.4001	13.5022	13.9516	13.7042	13.5933	13.933	13.8606	13.6373
700000.0003	13.2983	13.4337	13.5408	13.5475	13.6979	13.5729	13.575	13.3649	13.5251	13.2969	13.4278	13.5067	13.3812	13.5483	13.4917
700000.0003	13.1573	13.3793	13.1048	13.1947	13.499	13.5804	13.9178	13.5067	13.4193	13.6596	13.7511	13.4028	13.5888	13.5151	13.1988
700000.0003	13.3339	13.4185	13.1838	13.2952	13.0942	13.1328	13.6043	13.1022	13.1477	13.7394	13.4675	13.3591	13.7123	13.5186	13.0624
700000.0003	13.0998	13.518	13.2978	13.1957	13.5024	13.3402	13.2896	12.9968	13.3577	13.2834	13.2082	13.4534	13.4952	13.5618	13.2591
700000.0003	13.052	12.8981	13.4353	13.1957	13.033	13.1882	13.2775	13.4984	13.4985	13.2253	13.3736	13.3866	13.2305	13.2097	13.322
700000.0003	13.1963	13.5423	13.257	13.5418	13.3832	13.4509	13.6954	13.5513	13.5002	13.3527	13.4078	13.6182	13.4013	13.6934	13.251
700000.0003	14.1381	14.0382	13.7066	14.0789	13.7829	13.9665	14.0203	13.576	13.7005	13.9541	14.1079	13.8344	13.7886	14.1757	14.2136
700000.0003	15.0905	15.1703	15.3167	15.1244	14.9541	14.9947	15.7648	15.1642	14.8905	15.0036	15.2683	14.9637	14.9324	14.9872	15.0478
700000.0003	16.7211	17.024	16.859	17.024	16.5984	16.9879	16.6065	16.9993	16.8982	16.8326	17.2507	17.0192	16.7947	16.8251	16.6412
700000.0003	20.2072	19.7945	19.7407	20.0788	19.548	20.0352	19.9391	19.9343	20.1046	19.6541	19.8338	19.323	19.4141	19.7299	20.0507
700000.0003	23.3481	24.1559	24.3776	23.476	23.996	23.7902	23.6244	23.6277	24.2739	24.0442	23.8948	23.8154	24.2516	23.7608	23.7228
700000.0003	30.3985	30.4399	30.8465	30.3539	30.2327	30.6908	30.8151	30.1771	30.3472	30.3781	30.0083	30.0847	30.2856	30.5518	30.5519
700000.0003	41.9263	41.1697	41.5626	41.5211	41.8969	41.9091	41.8209	41.6695	41.727	42.4462	41.9284	41.6642	41.1699	41.5208	41.8574
700000.0003	66.543	66.4135	66.9156	67.0061	67.4156	67.2141	66.4698	66.1333	65.8398	66.1086	66.7964	66.79	66.0412	64.8871	66.1867
700000.0003	152.209	153.002	153.271	154.171	153.435	151.78	152.846	152.408	151.113	152.56	151.913	152.588	152.202	152.958	151.98
700000.0003	520.367	521.177	521.089	521.418	521.758	522.098	519.843	518.945	518.649	519.777	520.416	519.762	518.937	520.152	518.371
700000.0003	1364.09	1363.63	1365.39	1364.76	1364.26	1364.26	1362.77	1360.95	1360.63	1363.08	1363.27	1364	1362.98	1363.21	1363.66
700000.0003	2155.49	2156.6	2154.73	2157.69	2153.59	2152.61	2155.57	2156.52	2155.71	2153.61	2152.84	2151.91	2153.99	2152.38	2154.84
700000.0003	2585.97	2587.52	2589.22	2586.61	2585.42	2586.29	2584.99	2586.74	2584.29	2584.45	2585	2587.33	2585.4	2585.1	2584.36
700000.0003	2777.78	2780.07	2778.6	2780	2779.01	2779.28	2779.09	2778.92	2780.95	2779.14	2780.6	2780.49	2778.22	2778.11	2779.02
700000.0003	2867.97	2865.66	2865.75	2865.36	2868.8	2864.94	2866.06	2866.53	2868.86	2866.88	2864.2	2865.16	2865.16	2866.61	2864.27
700000.0003	2905.32	2905.71	2905.35	2906.39	2907.87	2904.67	2908.64	2907.46	2905.41	2905.61	2904.88	2906.8	2905.61	2904.18	2903.85
700000.0003	2927.89	2933.07	2932.77	2931.71	2931.81	2932.7	2929.79	2930.96	2931.54	2931.59	2932.34	2930.45	2931.39	2930.85	2931.36
700000.0003	2953.19	2952.5	2953.17	2951.92	2949.71	2954.02	2949.42	2954.95	2951.45	2953.77	2953.41	2949.38	2954.87	2951.94	2954.75
700000.0003	2972.17	2970.33	2967.88	2971.44	2972.44	2972.84	2971.05	2970.03	2973.16	2969.51	2973.33	2971.6	2971.18	2970.97	2970.67
700000.0003	2988.75	2986.52	2989.06	2987.95	2990.24	2988.28	2990.95	2989.36	2989.35	2991.46	2988.9	2990.17	2990.39	2989.52	2985.78
700000.0003	3005.11	3007.61	3008.64	3006.24	3005.97	3005.18	3007.69	3004.71	3006.2	3007.55	3007.03	3010.26	3004.56	3008.55	3006.14
700000.0003	3023.36	3024.21	3024.58	3022.41	3023.55	3022.84	3023.03	3024.85	3023.49	3026.08	3023.58	3022.27	3024.22	3026.39	3026.73
700000.0003	3043.86	3043.83	3042.42	3043.65	3043.91	3045.2	3043.32	3044.82	3045.33	3044.25	3044.63	3046.73	3045.46	3043.67	3045.24
700000.0003	3070.7	3068.62	3071.31	3070.38	3068.81	3071.03	3069.09	3070.78	3068.23	3069.71	3072	3068.66	3071.23	3066.48	3069.96
700000.0003	3086.28	3086.45	3084.82	3083.73	3083.13	3083.23	3085.65	3082.89	3085.76	3082.45	3083.5	3083.02	3080.74	3085.31	3083.97
