700000.0003	28.0875
700000.0003	100.465
700000.0003	201.01
700000.0003	340.162
700000.0003	534.978
700000.0003	773.238
700000.0003	1073.73
700000.0003	1423.42
700000.0003	1826.66
700000.0003	2285.83
700000.0003	2761.14
700000.0003	3320.84
700000.0003	3858.2
700000.0003	4447.95
700000.0003	5030.53
700000.0003	5516.64
700000.0003	6005.31
700000.0003	6381.9
700000.0003	6693.73
700000.0003	6894.18
700000.0003	7002.05
700000.0003	7085.67
700000.0003	7084.62
700000.0003	7057.75
700000.0003	6947.95
700000.0003	6784.5
700000.0003	6574.93
700000.0003	6347.36
700000.0003	6052.28
700000.0003	5745.65
700000.0003	5390.98
700000.0003	4915.77
700000.0003	4537.89
700000.0003	4045.84
700000.0003	3509.31
700000.0003	2962.31
700000.0003	2368.44
700000.0003	1741.59
700000.0003	1072.01
700000.0003	365.091
700000.0003	0
700000.0003	0
700000.0003	0
700000.0003	0
700000.0003	0
700000.0003	0
700000.0003	0
700000.0003	0
700000.0003	0
700000.0003	0
700000.0003	0
700000.0003	0
700000.0003	0
700000.0003	0
700000.0003	0
700000.0003	0
700000.0003	0
700000.0003	0
700000.0003	0
700000.0003	0
700000.0003	0
700000.0003	0
700000.0003	0
700000.0003	0
700000.0003	0
700000.0003	0
700000.0003	0
700000.0003	0
700000.0003	0
700000.0003	0
700000.0003	0
700000.0003	0
700000.0003	0
700000.0003	0
700000.0003	0
700000.0003	0
700000.0003	0
700000.0003	0
700000.0003	0
700000.0003	0
700000.0003	0
700000.0003	0
700000.0003	0
700000.0003	0
700000.0003	0
700000.0003	0
700000.0003	0
700000.0003	0
700000.0003	0
700000.0003	0
700000.0003	0
700000.0003	0
700000.0003	0
700000.0003	0
700000.0003	0
700000.0003	0
700000.0003	0
700000.0003	0
700000.0003	0
700000.0003	0
700000.0003	0
700000.0003	0
700000.0003	0
700000.0003	0
700000.0003	0
700000.0003	0
700000.0003	0
700000.0003	0
700000.0003	0
700000.0003	0
700000.0003	0
700000.0003	0
700000.0003	0
700000.0003	0
700000.0003	0
700000.0003	0
700000.0003	0
700000.0003	0
700000.0003	0
700000.0003	0
700000.0003	0
700000.0003	0
700000.0003	0
700000.0003	0
700000.0003	0
700000.0003	0
700000.0003	0
700000.0003	0
700000.0003	0
700000.0003	0
700000.0003	0
700000.0003	0
700000.0003	0
700000.0003	0
700000.0003	0
700000.0003	0
700000.0003	0
700000.0003	0
700000.0003	0
700000.0003	0
700000.0003	-23.7906
700000.0003	-70.4833
700000.0003	-116.948
700000.0003	-162.105
700000.0003	-209.114
700000.0003	-252.45
700000.0003	-296.9
700000.0003	-338.827
700000.0003	-384.344
700000.0003	-424.419
700000.0003	-465.227
700000.0003	-511.74
700000.0003	-546.969
700000.0003	-589.82
700000.0003	-623.865
700000.0003	-667.35
700000.0003	-704.785
700000.0003	-741.31
700000.0003	-773.307
700000.0003	-812.102
700000.0003	-850.441
700000.0003	-891.042
700000.0003	-926.291
700000.0003	-960.604
700000.0003	-986.998
700000.0003	-1024.79
700000.0003	-1052.75
700000.0003	-1083.07
700000.0003	-1116.57
700000.0003	-1145.6
700000.0003	-1172.22
700000.0003	-1206.88
700000.0003	-1231.52
700000.0003	-1267.7
700000.0003	-1290.22
700000.0003	-1324.94
700000.0003	-1341.5
700000.0003	-1373.59
700000.0003	-1397.34
700000.0003	-1420.58
700000.0003	-1443
700000.0003	-1465.92
700000.0003	-1484.87
700000.0003	-1511.92
700000.0003	-1534.86
700000.0003	-1563.19
700000.0003	-1572.18
700000.0003	-1598.47
700000.0003	-1622.91
700000.0003	-1638.3
700000.0003	-1651.01
700000.0003	-1673.42
700000.0003	-1690.76
700000.0003	-1707.71
700000.0003	-1729.13
700000.0003	-1725.78
700000.0003	-1758.79
700000.0003	-1761.25
700000.0003	-1783.02
700000.0003	-1789.33
700000.0003	-1815.24
700000.0003	-1828.1
700000.0003	-1812.09
700000.0003	-1847.11
700000.0003	-1853.91
700000.0003	-1856.88
700000.0003	-1864.8
700000.0003	-1873.91
700000.0003	-1878.87
700000.0003	-1896.83
700000.0003	-1893.3
700000.0003	-1909.98
700000.0003	-1908.8
700000.0003	-1918.82
700000.0003	-1917.7
700000.0003	-1913.84
700000.0003	-1918.71
700000.0003	-1927.26
700000.0003	-1918.61
700000.0003	-1925.51
700000.0003	-1931.55
700000.0003	-1917.59
700000.0003	-1931.38
700000.0003	-1921.18
700000.0003	-1913.96
700000.0003	-1908.63
700000.0003	-1910.54
700000.0003	-1914.24
700000.0003	-1911.66
700000.0003	-1900.64
700000.0003	-1885.4
700000.0003	-1879.5
700000.0003	-1860.87
700000.0003	-1855.7
700000.0003	-1845.14
700000.0003	-1838.2
700000.0003	-1819.95
700000.0003	-1806
700000.0003	-1778.48
700000.0003	-1758.26
700000.0003	-1747.46
700000.0003	-1714.75
700000.0003	-1689.93
700000.0003	-1659.78
700000.0003	-1623.02
700000.0003	-1587.93
700000.0003	-1538.38
700000.0003	-1502.35
700000.0003	-1453.74
700000.0003	-1397.4
700000.0003	-1344.5
700000.0003	-1286.61
700000.0003	-1219.49
700000.0003	-1161.69
700000.0003	-1097.51
700000.0003	-1034.94
700000.0003	-972.853
700000.0003	-908.879
700000.0003	-851.355
700000.0003	-786.361
700000.0003	-728.944
700000.0003	-670.34
700000.0003	-616.913
700000.0003	-562.561
700000.0003	-511.956
700000.0003	-463.359
700000.0003	-419.358
700000.0003	-378.31
700000.0003	-335.964
700000.0003	-299.628
700000.0003	-264.928
700000.0003	-233.02
700000.0003	-204.29
700000.0003	-178.475
700000.0003	-155.046
700000.0003	-133.992
700000.0003	-115.675
700000.0003	-99.2777
700000.0003	-84.8452
700000.0003	-72.3607
700000.0003	-61.4441
700000.0003	-52.7029
700000.0003	-44.4056
700000.0003	-36.8524
700000.0003	-31.5056
700000.0003	-26.6027
700000.0003	-22.3253
700000.0003	-18.7216
700000.0003	-15.8226
700000.0003	-13.2226
700000.0003	-10.9162
700000.0003	-9.1107
700000.0003	-7.39143
700000.0003	-6.02205
700000.0003	-4.78089
700000.0003	-3.76184
700000.0003	-2.74534
700000.0003	-1.89839
700000.0003	-1.13103
700000.0003	-0.36263
700000.0003	0
700000.0003	0
700000.0003	0
700000.0003	0
700000.0003	0
700000.0003	0
700000.0003	0
700000.0003	0
700000.0003	0
700000.0003	0
700000.0003	0
700000.0003	0
700000.0003	0
700000.0003	0
700000.0003	0
700000.0003	0
700000.0003	0
700000.0003	0
700000.0003	0
700000.0003	0
700000.0003	0
700000.0003	0
700000.0003	0
700000.0003	0
700000.0003	0
700000.0003	0
700000.0003	0
700000.0003	0
700000.0003	0
700000.0003	0
700000.0003	0
700000.0003	0
700000.0003	0
700000.0003	0
700000.0003	0
700000.0003	0
700000.0003	0
700000.0003	0
700000.0003	0
700000.0003	0
700000.0003	0
700000.0003	0
700000.0003	0
700000.0003	0
700000.0003	0
700000.0003	0
700000.0003	0
700000.0003	0
700000.0003	0
700000.0003	0
700000.0003	0
700000.0003	0
700000.0003	0
700000.0003	0
700000.0003	0
700000.0003	0
700000.0003	0
700000.0003	0
700000.0003	0
700000.0003	0
700000.0003	0
700000.0003	0
700000.0003	0
700000.0003	0
700000.0003	0
700000.0003	0
700000.0003	0
700000.0003	0
700000.0003	0
700000.0003	0
700000.0003	0
700000.0003	0
700000.0003	0
700000.0003	0
700000.0003	0
700000.0003	0
700000.0003	0
700000.0003	0
700000.0003	0
700000.0003	0
700000.0003	0
700000.0003	0
700000.0003	0
700000.0003	0
700000.0003	0
700000.0003	0
700000.0003	0
700000.0003	0
700000.0003	0
700000.0003	0
700000.0003	0
700000.0003	0
700000.0003	0
700000.0003	0
700000.0003	0
700000.0003	0
700000.0003	0
700000.0003	0
700000.0003	0
700000.0003	0
700000.0003	-0.173785
700000.0003	0.271217
700000.0003	-0.088953
700000.0003	1.48219
700000.0003	1.10811
700000.0003	1.58224
700000.0003	4.48162
700000.0003	1.82366
700000.0003	-3.38986
700000.0003	2.67954
700000.0003	3.56842
700000.0003	5.56091
700000.0003	-2.95086
700000.0003	1.76014
700000.0003	6.08814
700000.0003	8.13236
700000.0003	-3.27611
700000.0003	4.13247
700000.0003	-14.1445
700000.0003	12.8829
700000.0003	-13.2981
700000.0003	-10.7609
700000.0003	15.2326
700000.0003	6.42144
700000.0003	-11.3139
700000.0003	30.3186
700000.0003	-9.7402
700000.0003	-25.9328
700000.0003	-29.4721
700000.0003	-19.9932
700000.0003	7.6675
700000.0003	-1.1172
700000.0003	11.4861
700000.0003	3.32141
700000.0003	-15.5871
700000.0003	5.83231
700000.0003	-1.60095
700000.0003	-8.4124
700000.0003	-2.09815
700000.0003	0.972666
700000.0003	0
700000.0003	0
700000.0003	0
700000.0003	0
700000.0003	0
700000.0003	0
700000.0003	0
700000.0003	0
700000.0003	0
700000.0003	0
700000.0003	0
700000.0003	0
700000.0003	0
700000.0003	0
700000.0003	0
700000.0003	0
700000.0003	0
700000.0003	0
700000.0003	0
700000.0003	0
700000.0003	0
700000.0003	0
700000.0003	0
700000.0003	0
700000.0003	0
700000.0003	0
700000.0003	0
700000.0003	0
700000.0003	0
700000.0003	0
700000.0003	0
700000.0003	0
700000.0003	0
700000.0003	0
700000.0003	0
700000.0003	0
700000.0003	0
700000.0003	0
700000.0003	0
700000.0003	0
700000.0003	0
700000.0003	0
700000.0003	0
700000.0003	0
700000.0003	0
700000.0003	0
700000.0003	0
700000.0003	0
700000.0003	0
700000.0003	0
700000.0003	0
700000.0003	0
700000.0003	0
700000.0003	0
700000.0003	0
700000.0003	0
700000.0003	0
700000.0003	0
700000.0003	0
700000.0003	0
700000.0003	0
700000.0003	0
700000.0003	0
700000.0003	0
700000.0003	0
700000.0003	0
700000.0003	0
700000.0003	0
700000.0003	0
700000.0003	0
700000.0003	0
700000.0003	0
700000.0003	0
700000.0003	0
700000.0003	0
700000.0003	0
700000.0003	0
700000.0003	0
700000.0003	0
700000.0003	0
700000.0003	0
700000.0003	0
700000.0003	0
700000.0003	0
700000.0003	0
700000.0003	0
700000.0003	0
700000.0003	0
700000.0003	0
700000.0003	0
700000.0003	0
700000.0003	0
700000.0003	0
700000.0003	0
700000.0003	0
700000.0003	0
700000.0003	0
700000.0003	0
700000.0003	0
700000.0003	0
700000.0003	0.00766922
700000.0003	-0.0549742
700000.0003	-0.159805
700000.0003	0.394418
700000.0003	-0.934087
700000.0003	-0.0231951
700000.0003	-0.193277
700000.0003	0.883159
700000.0003	1.81346
700000.0003	-1.03854
700000.0003	-2.22884
700000.0003	-0.485069
700000.0003	0.191518
700000.0003	-0.323569
700000.0003	1.29919
700000.0003	0.355382
700000.0003	-2.92919
700000.0003	-2.39388
700000.0003	-0.716849
700000.0003	0.471899
700000.0003	0.611281
700000.0003	0.95683
700000.0003	-0.17877
700000.0003	-0.648164
700000.0003	-2.43759
700000.0003	-4.31285
700000.0003	0.729472
700000.0003	-4.72956
700000.0003	-0.223218
700000.0003	1.77453
700000.0003	-0.831648
700000.0003	0.206956
700000.0003	-2.92911
700000.0003	-2.18534
700000.0003	4.66807
700000.0003	-3.66771
700000.0003	-4.84091
700000.0003	4.84052
700000.0003	-1.1916
700000.0003	-0.761782
700000.0003	-1.0693
700000.0003	4.31564
700000.0003	6.67409
700000.0003	-6.72727
700000.0003	-0.420828
700000.0003	-2.02435
700000.0003	0.974249
700000.0003	2.92074
700000.0003	-0.0432022
700000.0003	1.60443
700000.0003	-0.475091
700000.0003	-1.75566
700000.0003	2.45933
700000.0003	0.167391
700000.0003	5.98624
700000.0003	2.56186
700000.0003	-1.54104
700000.0003	3.42331
700000.0003	-1.19235
700000.0003	-1.28293
700000.0003	-0.930447
700000.0003	3.12264
700000.0003	6.47509
700000.0003	1.90487
700000.0003	-9.73515
700000.0003	-5.8026
700000.0003	5.86127
700000.0003	-2.93024
700000.0003	-0.685487
700000.0003	-1.31625
700000.0003	-2.06787
700000.0003	1.08397
700000.0003	0.725399
700000.0003	1.18718
700000.0003	-1.17176
700000.0003	-1.77182
700000.0003	-0.596313
700000.0003	3.59967
700000.0003	-0.923925
700000.0003	-0.0534117
700000.0003	-2.16429
700000.0003	-4.2747
700000.0003	5.75673
700000.0003	4.99817
700000.0003	-0.305989
700000.0003	0.29541
700000.0003	0.40156
700000.0003	-3.61747
700000.0003	3.73798
700000.0003	-0.879473
700000.0003	3.27653
700000.0003	2.33368
700000.0003	2.41162
700000.0003	2.51607
700000.0003	2.25198
700000.0003	-2.20944
700000.0003	2.92719
700000.0003	-0.900858
700000.0003	-11.7419
700000.0003	0.787739
700000.0003	-1.80778
700000.0003	4.00453
700000.0003	-1.72776
700000.0003	1.32933
700000.0003	3.63123
700000.0003	2.88957
700000.0003	-1.00267
700000.0003	2.15034
700000.0003	-0.0966361
700000.0003	3.32552
700000.0003	-1.05544
700000.0003	1.6211
700000.0003	-1.15014
700000.0003	-1.94926
700000.0003	2.05
700000.0003	0.952992
700000.0003	-1.35049
700000.0003	0.191815
700000.0003	1.22957
700000.0003	3.33833
700000.0003	0.0252366
700000.0003	0.844712
700000.0003	-0.818579
700000.0003	-0.395269
700000.0003	1.06418
700000.0003	0.23791
700000.0003	0.0265264
700000.0003	-0.194317
700000.0003	-0.646858
700000.0003	0.190416
700000.0003	0.290499
700000.0003	-0.156519
700000.0003	-0.313873
700000.0003	-0.542868
700000.0003	0.0219051
700000.0003	0.58427
700000.0003	-0.0903205
700000.0003	-0.0765591
700000.0003	0.522683
700000.0003	0.226537
700000.0003	-0.266739
700000.0003	0.0519006
700000.0003	0.0778938
700000.0003	0.433909
700000.0003	0.176815
700000.0003	0.430652
700000.0003	-0.0149073
700000.0003	-0.261375
700000.0003	0.106688
700000.0003	-0.0517358
700000.0003	-0.21064
700000.0003	0.148218
700000.0003	-0.108479
700000.0003	0.0372648
700000.0003	-0.0237636
700000.0003	-0.0380681
700000.0003	-0.0268917
700000.0003	0.00106656
700000.0003	-0.0021874
700000.0003	0.00284991
700000.0003	0
700000.0003	0
700000.0003	0
700000.0003	0
700000.0003	0
700000.0003	0
700000.0003	0
700000.0003	0
700000.0003	0
700000.0003	0
700000.0003	0
700000.0003	0
700000.0003	0
700000.0003	0
700000.0003	0
700000.0003	0
700000.0003	0
700000.0003	0
700000.0003	0
700000.0003	0
700000.0003	0
700000.0003	0
700000.0003	0
700000.0003	0
700000.0003	0
700000.0003	0
700000.0003	0
700000.0003	0
700000.0003	0
700000.0003	0
700000.0003	0
700000.0003	0
700000.0003	0
700000.0003	0
700000.0003	0
700000.0003	0
700000.0003	0
700000.0003	0
700000.0003	0
700000.0003	0
700000.0003	0
700000.0003	0
700000.0003	0
700000.0003	0
700000.0003	0
700000.0003	0
700000.0003	0
700000.0003	0
700000.0003	0
700000.0003	0
700000.0003	0
700000.0003	0
700000.0003	0
700000.0003	0
700000.0003	0
700000.0003	0
700000.0003	0
700000.0003	0
700000.0003	0
700000.0003	0
700000.0003	0
700000.0003	0
700000.0003	0
700000.0003	0
700000.0003	0
700000.0003	0
700000.0003	0
700000.0003	0
700000.0003	0
700000.0003	0
700000.0003	0
700000.0003	0
700000.0003	0
700000.0003	0
700000.0003	0
700000.0003	0
700000.0003	0
700000.0003	0
700000.0003	0
700000.0003	0
700000.0003	0
700000.0003	0
700000.0003	0
700000.0003	0
700000.0003	0
700000.0003	0
700000.0003	0
700000.0003	0
700000.0003	0
700000.0003	0
700000.0003	0
700000.0003	0
700000.0003	0
700000.0003	0
700000.0003	0
700000.0003	0
700000.0003	0
700000.0003	0
700000.0003	0
700000.0003	0
