700000.0003	0.026265
700000.0003	0.0362787
700000.0003	0.0532862
700000.0003	0.080354
700000.0003	0.125006
700000.0003	0.186538
700000.0003	0.278029
700000.0003	0.398105
700000.0003	0.554445
700000.0003	0.746981
700000.0003	0.990343
700000.0003	1.27069
700000.0003	1.60487
700000.0003	1.99737
700000.0003	2.41788
700000.0003	2.87397
700000.0003	3.34092
700000.0003	3.81247
700000.0003	4.26569
700000.0003	4.76098
700000.0003	5.21081
700000.0003	5.62503
700000.0003	6.05693
700000.0003	6.4137
700000.0003	6.84816
700000.0003	7.20531
700000.0003	7.55248
700000.0003	7.87309
700000.0003	8.24892
700000.0003	8.51803
700000.0003	8.77892
700000.0003	9.08119
700000.0003	9.3171
700000.0003	9.5512
700000.0003	9.67742
700000.0003	9.91281
700000.0003	10.0584
700000.0003	10.1585
700000.0003	10.226
700000.0003	10.2625
700000.0003	10.2822
700000.0003	10.2567
700000.0003	10.2335
700000.0003	10.2198
700000.0003	10.2511
700000.0003	10.2662
700000.0003	10.2749
700000.0003	10.294
700000.0003	10.2657
700000.0003	10.2756
700000.0003	10.393
700000.0003	10.251
700000.0003	10.2424
700000.0003	10.2592
700000.0003	10.2484
700000.0003	10.3544
700000.0003	10.3107
700000.0003	10.2764
700000.0003	10.2878
700000.0003	10.288
700000.0003	10.3112
700000.0003	10.3267
700000.0003	10.2957
700000.0003	10.3735
700000.0003	10.329
700000.0003	10.3188
700000.0003	10.3083
700000.0003	10.3519
700000.0003	10.3264
700000.0003	10.329
700000.0003	10.3773
700000.0003	10.363
700000.0003	10.3272
700000.0003	10.2461
700000.0003	10.328
700000.0003	10.3532
700000.0003	10.3907
700000.0003	10.3531
700000.0003	10.3638
700000.0003	10.3311
700000.0003	10.3079
700000.0003	10.3607
700000.0003	10.3796
700000.0003	10.3538
700000.0003	10.3964
700000.0003	10.3236
700000.0003	10.379
700000.0003	10.442
700000.0003	10.3194
700000.0003	10.3364
700000.0003	10.4389
700000.0003	10.3803
700000.0003	10.2923
700000.0003	10.341
700000.0003	10.3227
700000.0003	10.371
700000.0003	10.3967
700000.0003	10.4454
700000.0003	10.2635
700000.0003	10.4304
700000.0003	10.4349
700000.0003	10.351
700000.0003	10.371
700000.0003	10.3979
700000.0003	10.4051
700000.0003	10.514
700000.0003	10.3582
700000.0003	10.498
700000.0003	10.3745
700000.0003	10.363
700000.0003	10.4348
700000.0003	10.4087
700000.0003	10.4448
700000.0003	10.3877
700000.0003	10.4694
700000.0003	10.3709
700000.0003	10.4025
700000.0003	10.3687
700000.0003	10.4248
700000.0003	10.4405
700000.0003	10.4881
700000.0003	10.4215
700000.0003	10.4198
700000.0003	10.4573
700000.0003	10.4503
700000.0003	10.4165
700000.0003	10.4594
700000.0003	10.3892
700000.0003	10.4935
700000.0003	10.411
700000.0003	10.4112
700000.0003	10.4379
700000.0003	10.4168
700000.0003	10.5334
700000.0003	10.4564
700000.0003	10.3882
700000.0003	10.4414
700000.0003	10.4622
700000.0003	10.4809
700000.0003	10.4642
700000.0003	10.4628
700000.0003	10.4588
700000.0003	10.4105
700000.0003	10.422
700000.0003	10.434
700000.0003	10.4432
700000.0003	10.3595
700000.0003	10.4883
700000.0003	10.4386
700000.0003	10.3209
700000.0003	10.4237
700000.0003	10.3164
700000.0003	10.3456
700000.0003	10.3013
700000.0003	10.3127
700000.0003	10.2216
700000.0003	10.1975
700000.0003	10.1867
700000.0003	10.0847
700000.0003	10.0879
700000.0003	10.0841
700000.0003	10.0353
700000.0003	9.99325
700000.0003	9.92072
700000.0003	9.88946
700000.0003	9.89871
700000.0003	9.69977
700000.0003	9.7443
700000.0003	9.70878
700000.0003	9.59487
700000.0003	9.56581
700000.0003	9.51073
700000.0003	9.42815
700000.0003	9.36646
700000.0003	9.27608
700000.0003	9.28271
700000.0003	9.17862
700000.0003	9.0783
700000.0003	9.08971
700000.0003	8.97941
700000.0003	8.95063
700000.0003	8.81091
700000.0003	8.76974
700000.0003	8.70387
700000.0003	8.61226
700000.0003	8.54322
700000.0003	8.49862
700000.0003	8.43142
700000.0003	8.38548
700000.0003	8.25806
700000.0003	8.14396
700000.0003	8.0593
700000.0003	7.95366
700000.0003	7.95942
700000.0003	7.83696
700000.0003	7.70335
700000.0003	7.64475
700000.0003	7.59882
700000.0003	7.41798
700000.0003	7.41683
700000.0003	7.33575
700000.0003	7.18892
700000.0003	7.09528
700000.0003	7.04771
700000.0003	6.97053
700000.0003	6.88589
700000.0003	6.77054
700000.0003	6.67451
700000.0003	6.55771
700000.0003	6.47728
700000.0003	6.37555
700000.0003	6.32687
700000.0003	6.17845
700000.0003	6.12197
700000.0003	5.99738
700000.0003	5.92052
700000.0003	5.82352
700000.0003	5.71669
700000.0003	5.62459
700000.0003	5.55334
700000.0003	5.45056
700000.0003	5.38389
700000.0003	5.27051
700000.0003	5.16304
700000.0003	5.04879
700000.0003	4.99109
700000.0003	4.86382
700000.0003	4.76592
700000.0003	4.67259
700000.0003	4.56844
700000.0003	4.48896
700000.0003	4.37403
700000.0003	4.26703
700000.0003	4.18648
700000.0003	4.09302
700000.0003	3.98505
700000.0003	3.87992
700000.0003	3.76931
700000.0003	3.65874
700000.0003	3.55348
700000.0003	3.46499
700000.0003	3.33576
700000.0003	3.21948
700000.0003	3.09886
700000.0003	2.9923
700000.0003	2.8606
700000.0003	2.72833
700000.0003	2.60228
700000.0003	2.47093
700000.0003	2.34225
700000.0003	2.19816
700000.0003	2.06161
700000.0003	1.92342
700000.0003	1.7958
700000.0003	1.66658
700000.0003	1.54261
700000.0003	1.41501
700000.0003	1.30149
700000.0003	1.1856
700000.0003	1.08428
700000.0003	0.979203
700000.0003	0.88224
700000.0003	0.798006
700000.0003	0.713918
700000.0003	0.636994
700000.0003	0.56364
700000.0003	0.500162
700000.0003	0.442763
700000.0003	0.383339
700000.0003	0.336091
700000.0003	0.291983
700000.0003	0.252928
700000.0003	0.217407
700000.0003	0.186084
700000.0003	0.158146
700000.0003	0.134732
700000.0003	0.114538
700000.0003	0.0974188
700000.0003	0.0820268
700000.0003	0.0686649
700000.0003	0.0580597
700000.0003	0.0490294
700000.0003	0.0405609
700000.0003	0.0349425
700000.0003	0.0294653
700000.0003	0.0248006
700000.0003	0.02116
700000.0003	0.018089
700000.0003	0.0155679
700000.0003	0.013465
700000.0003	0.0117522
700000.0003	0.0102332
700000.0003	0.00907405
700000.0003	0.00827127
700000.0003	0.00729486
700000.0003	0.00671711
700000.0003	0.00611192
700000.0003	0.0057971
700000.0003	0.00542498
700000.0003	0.00536861
700000.0003	0.00519828
700000.0003	0.00516555
700000.0003	0.00503543
700000.0003	0.0049591
700000.0003	0.00490761
700000.0003	0.0048044
700000.0003	0.00477944
700000.0003	0.00474308
700000.0003	0.00466236
700000.0003	0.00469771
700000.0003	0.00451856
700000.0003	0.0044435
700000.0003	0.00444154
700000.0003	0.00443856
700000.0003	0.00447613
700000.0003	0.00434772
700000.0003	0.00427468
700000.0003	0.00438793
700000.0003	0.00439523
700000.0003	0.00423508
700000.0003	0.00421391
700000.0003	0.00424605
700000.0003	0.0042272
700000.0003	0.00417313
700000.0003	0.00421657
700000.0003	0.00419958
700000.0003	0.00412376
700000.0003	0.00416283
700000.0003	0.00417947
700000.0003	0.00416774
700000.0003	0.00414206
700000.0003	0.00418609
700000.0003	0.00414473
700000.0003	0.00416691
700000.0003	0.00411695
700000.0003	0.00411676
700000.0003	0.00416588
700000.0003	0.00412159
700000.0003	0.00417177
700000.0003	0.004137
700000.0003	0.00414397
700000.0003	0.00415072
700000.0003	0.0041527
700000.0003	0.00410084
700000.0003	0.00414359
700000.0003	0.00413595
700000.0003	0.00422814
700000.0003	0.00415822
700000.0003	0.00418201
700000.0003	0.00414821
700000.0003	0.00414339
700000.0003	0.00417631
700000.0003	0.00422633
700000.0003	0.00430422
700000.0003	0.00428674
700000.0003	0.00419793
700000.0003	0.00431125
700000.0003	0.004237
700000.0003	0.00432772
700000.0003	0.00434991
700000.0003	0.0043132
700000.0003	0.00436699
700000.0003	0.00440676
700000.0003	0.0044179
700000.0003	0.00454623
700000.0003	0.00448292
700000.0003	0.00452778
700000.0003	0.00455927
700000.0003	0.00458105
700000.0003	0.00472523
700000.0003	0.0047587
700000.0003	0.00473345
700000.0003	0.00491038
700000.0003	0.00491969
700000.0003	0.00499854
700000.0003	0.00505417
700000.0003	0.00521236
700000.0003	0.00515251
700000.0003	0.00526823
700000.0003	0.0054075
700000.0003	0.00562221
700000.0003	0.00568817
700000.0003	0.0058261
700000.0003	0.00594594
700000.0003	0.00608242
700000.0003	0.00641339
700000.0003	0.006511
700000.0003	0.00687227
700000.0003	0.00722739
700000.0003	0.00744543
700000.0003	0.00794643
700000.0003	0.00859505
700000.0003	0.00920478
700000.0003	0.00966323
700000.0003	0.0107916
700000.0003	0.0118728
700000.0003	0.013211
700000.0003	0.0153774
700000.0003	0.0178292
700000.0003	0.0215665
700000.0003	0.000114797
700000.0003	-3.81143e-05
700000.0003	0.000227988
700000.0003	-1.85796e-05
700000.0003	0.000759276
700000.0003	0.00114641
700000.0003	0.00108346
700000.0003	0.000212282
700000.0003	0.000446858
700000.0003	0.00396102
700000.0003	0.00582621
700000.0003	-0.00193298
700000.0003	-0.00211976
700000.0003	-0.00400921
700000.0003	0.00316409
700000.0003	0.0135467
700000.0003	0.00169595
700000.0003	0.0204797
700000.0003	0.0157531
700000.0003	-0.0197205
700000.0003	0.00560243
700000.0003	0.0037509
700000.0003	0.0138864
700000.0003	-0.0382331
700000.0003	0.00851576
700000.0003	-0.0309277
700000.0003	-0.0119993
700000.0003	-0.0199677
700000.0003	-0.0185804
700000.0003	0.00315539
700000.0003	0.0256485
700000.0003	0.0204837
700000.0003	0.0129587
700000.0003	-0.0188602
700000.0003	-0.0339877
700000.0003	-0.00490093
700000.0003	0.005898
700000.0003	-0.00981468
700000.0003	0.0204872
700000.0003	0.000862061
700000.0003	0.00231582
700000.0003	0.00167034
700000.0003	0.0403366
700000.0003	0.0457804
700000.0003	-0.0725917
700000.0003	0.0276856
700000.0003	-0.00381632
700000.0003	-0.0185329
700000.0003	0.0122693
700000.0003	-0.0322402
700000.0003	0.0102597
700000.0003	-0.0183733
700000.0003	-0.00939739
700000.0003	0.0210112
700000.0003	-0.015429
700000.0003	-0.0077105
700000.0003	0.00992696
700000.0003	0.0383424
700000.0003	-0.0123026
700000.0003	0.00194162
700000.0003	-0.0424862
700000.0003	0.00527943
700000.0003	-0.0450886
700000.0003	0.00353866
700000.0003	0.00669754
700000.0003	0.00477133
700000.0003	-0.0129632
700000.0003	0.02785
700000.0003	-0.00639448
700000.0003	-0.0226849
700000.0003	-0.0142355
700000.0003	0.0157498
700000.0003	-0.0130651
700000.0003	-0.0183953
700000.0003	0.00713181
700000.0003	-0.0309602
700000.0003	-0.0369744
700000.0003	-0.0197142
700000.0003	-0.0174317
700000.0003	0.00723824
700000.0003	0.00264103
700000.0003	0.00495817
700000.0003	0.00633285
700000.0003	0.0346445
700000.0003	-0.00922993
700000.0003	-0.000749646
700000.0003	0.00808752
700000.0003	0.0314089
700000.0003	0.00727872
700000.0003	0.0369891
700000.0003	0.0227501
700000.0003	0.0467175
700000.0003	-0.0352304
700000.0003	0.000447512
700000.0003	0.00520142
700000.0003	-0.00348508
700000.0003	0.0112045
700000.0003	0.0132511
700000.0003	0.00702268
700000.0003	-0.033942
700000.0003	-0.0121742
700000.0003	-0.0120456
700000.0003	0.0288426
700000.0003	-0.0145177
700000.0003	0.0121141
700000.0003	0.038648
700000.0003	-0.0328263
700000.0003	-0.0135403
700000.0003	-0.0479475
700000.0003	0.00765881
700000.0003	-0.0224254
700000.0003	-0.0289198
700000.0003	-0.0136229
700000.0003	0.00899727
700000.0003	0.020506
700000.0003	-0.00437487
700000.0003	0.0198272
700000.0003	0.0110853
700000.0003	0.0221485
700000.0003	0.00481967
700000.0003	0.00383944
700000.0003	0.0297222
700000.0003	-0.0193805
700000.0003	-0.0139808
700000.0003	0.00968551
700000.0003	-0.000929294
700000.0003	-0.000631819
700000.0003	-0.00546946
700000.0003	0.00683768
700000.0003	-0.00956322
700000.0003	-0.0159737
700000.0003	-0.00102296
700000.0003	0.0165452
700000.0003	0.0510247
700000.0003	0.0136662
700000.0003	-0.0257442
700000.0003	0.0325027
700000.0003	-0.00228361
700000.0003	-0.000516014
700000.0003	-0.000684148
700000.0003	-6.45028e-05
700000.0003	0.0366322
700000.0003	0.014299
700000.0003	-6.32503e-05
700000.0003	0.0130585
700000.0003	-0.00156729
700000.0003	-0.0601986
700000.0003	-0.0173482
700000.0003	0.0107617
700000.0003	0.0168217
700000.0003	-0.0265586
700000.0003	0.0262719
700000.0003	0.0278747
700000.0003	-0.0175295
700000.0003	-0.0508395
700000.0003	-0.0252406
700000.0003	-0.0133498
700000.0003	-0.0105783
700000.0003	-0.017715
700000.0003	-0.0391448
700000.0003	0.00801655
700000.0003	-0.022799
700000.0003	0.000503756
700000.0003	-0.0591929
700000.0003	0.0361646
700000.0003	-0.00318138
700000.0003	0.00471448
700000.0003	-0.0081293
700000.0003	0.00570503
700000.0003	0.0047891
700000.0003	-0.00799989
700000.0003	0.0067047
700000.0003	-0.0259353
700000.0003	0.0354591
700000.0003	0.00590803
700000.0003	-0.0333575
700000.0003	-0.0382605
700000.0003	0.0125798
700000.0003	0.0258968
700000.0003	0.037846
700000.0003	-0.00172698
700000.0003	0.00418774
700000.0003	-0.00163963
700000.0003	0.00372831
700000.0003	0.00749725
700000.0003	0.0155049
700000.0003	0.00548174
700000.0003	-0.0236395
700000.0003	-0.0118069
700000.0003	0.0187947
700000.0003	0.000683949
700000.0003	-0.0110806
700000.0003	-0.0053349
700000.0003	-0.00410732
700000.0003	0.00542876
700000.0003	0.00623225
700000.0003	-0.00257168
700000.0003	-0.00472753
700000.0003	0.00410138
700000.0003	-0.0324392
700000.0003	8.36842e-05
700000.0003	0.00930042
700000.0003	0.00184898
700000.0003	0.013604
700000.0003	0.0121741
700000.0003	0.00322312
700000.0003	-0.013818
700000.0003	-0.0132811
700000.0003	0.00610397
700000.0003	-0.00687832
700000.0003	0.0104792
700000.0003	-0.0153465
700000.0003	0.00582375
700000.0003	0.00415153
700000.0003	-0.00521676
700000.0003	-0.00585201
700000.0003	-0.00359966
700000.0003	-0.000935339
700000.0003	0.0135818
700000.0003	0.00987682
700000.0003	-0.00742842
700000.0003	0.0155363
700000.0003	0.0054932
700000.0003	-0.00540633
700000.0003	0.00247632
700000.0003	-0.00990065
700000.0003	0.00396864
700000.0003	-0.00621762
700000.0003	0.00152719
700000.0003	-0.00906394
700000.0003	0.0159677
700000.0003	-0.0115032
700000.0003	-0.00994401
700000.0003	-0.000938777
700000.0003	-0.00581963
700000.0003	0.00387438
700000.0003	0.000344582
700000.0003	-0.00514421
700000.0003	-0.00564969
700000.0003	0.00370089
700000.0003	0.00168098
700000.0003	0.00127425
700000.0003	0.00153373
700000.0003	0.00264327
700000.0003	-0.00596576
700000.0003	-0.010651
700000.0003	-0.0099735
700000.0003	0.00452548
700000.0003	-0.00411074
700000.0003	-0.00197783
700000.0003	1.01398e-05
700000.0003	-0.0026311
700000.0003	0.000903548
700000.0003	-0.000863129
700000.0003	-0.00405628
700000.0003	-0.00195346
700000.0003	0.00241596
700000.0003	0.00420742
700000.0003	-0.00469771
700000.0003	0.00342074
700000.0003	0.00232351
700000.0003	-0.00210702
700000.0003	0.00226039
700000.0003	-0.000944465
700000.0003	0.000340448
700000.0003	0.000518791
700000.0003	-0.00103455
700000.0003	-0.00218381
700000.0003	-0.00114488
700000.0003	0.000946295
700000.0003	0.000876147
700000.0003	-0.000881587
700000.0003	0.000968992
700000.0003	0.000709515
700000.0003	-0.000976273
700000.0003	-0.000130986
700000.0003	0.000311042
700000.0003	-0.000928567
700000.0003	0.00012042
700000.0003	-0.00018206
700000.0003	-0.00014562
700000.0003	1.73536e-05
700000.0003	-0.000128463
700000.0003	4.02603e-05
700000.0003	3.41831e-05
700000.0003	-7.82892e-06
700000.0003	-7.38846e-05
700000.0003	-0.000126906
700000.0003	5.87145e-05
700000.0003	-4.87557e-05
700000.0003	1.78766e-05
700000.0003	4.77468e-05
700000.0003	0.000123927
700000.0003	6.24859e-05
700000.0003	0.000199793
700000.0003	-2.79235e-05
700000.0003	7.14227e-05
700000.0003	2.93599e-05
700000.0003	-1.89133e-05
700000.0003	-5.71408e-06
700000.0003	7.88357e-05
700000.0003	-5.21998e-05
700000.0003	5.88226e-05
700000.0003	6.09031e-05
700000.0003	1.84247e-05
700000.0003	4.29898e-05
700000.0003	-8.27922e-06
700000.0003	-4.40327e-05
700000.0003	-8.80805e-05
700000.0003	1.29125e-05
700000.0003	-2.55384e-05
700000.0003	5.38741e-05
700000.0003	-1.21762e-05
700000.0003	-2.7766e-05
700000.0003	-3.9484e-05
700000.0003	7.96867e-05
700000.0003	1.38885e-05
700000.0003	-1.96614e-05
700000.0003	-6.95748e-05
700000.0003	1.69956e-05
700000.0003	-8.40646e-06
700000.0003	2.10563e-05
700000.0003	3.25792e-05
700000.0003	7.34026e-06
700000.0003	1.51551e-05
700000.0003	-8.61288e-06
700000.0003	2.42402e-05
700000.0003	2.11731e-05
700000.0003	-1.29075e-05
700000.0003	-1.89729e-05
700000.0003	9.43848e-06
700000.0003	9.57805e-06
700000.0003	-2.53566e-05
700000.0003	-2.49042e-05
700000.0003	7.8304e-05
700000.0003	-4.91734e-05
700000.0003	-9.86319e-06
700000.0003	1.59665e-05
700000.0003	-2.66904e-05
700000.0003	-1.25855e-05
700000.0003	1.90506e-05
700000.0003	-8.37839e-06
700000.0003	-4.12863e-06
700000.0003	-4.82725e-05
700000.0003	3.33289e-05
700000.0003	-2.3289e-05
700000.0003	2.02868e-05
700000.0003	-6.6512e-05
700000.0003	2.19642e-05
700000.0003	1.52729e-05
700000.0003	-8.46656e-06
700000.0003	-2.53896e-05
700000.0003	-1.09241e-05
700000.0003	4.18441e-07
700000.0003	1.01043e-05
700000.0003	-4.11713e-05
700000.0003	-8.10322e-06
700000.0003	-1.97785e-05
700000.0003	4.24577e-05
700000.0003	-7.07419e-06
700000.0003	5.67212e-05
700000.0003	1.90725e-05
700000.0003	-3.38784e-05
700000.0003	1.49504e-05
700000.0003	-3.4441e-05
700000.0003	-9.26426e-06
700000.0003	7.25888e-05
700000.0003	-2.33616e-06
700000.0003	5.78709e-05
700000.0003	2.63708e-06
700000.0003	-3.26465e-06
700000.0003	-4.78043e-05
700000.0003	6.07462e-05
700000.0003	0.000127869
700000.0003	-1.9281e-05
700000.0003	-1.942e-06
700000.0003	-1.57229e-05
700000.0003	4.20954e-05
700000.0003	-2.03699e-05
700000.0003	1.01729e-05
700000.0003	9.31975e-06
700000.0003	-1.46672e-05
700000.0003	5.15523e-06
700000.0003	-8.36466e-05
700000.0003	0.000108208
700000.0003	-9.20304e-05
700000.0003	-5.5011e-05
700000.0003	9.95259e-05
700000.0003	4.08595e-05
700000.0003	-4.04665e-05
700000.0003	5.35667e-06
700000.0003	-1.75475e-05
700000.0003	0.000178924
700000.0003	-5.47836e-05
700000.0003	-9.00996e-05
700000.0003	3.47282e-05
700000.0003	-0.00019036
700000.0003	-5.77024e-05
700000.0003	0.000315987
700000.0003	0.000238243
700000.0003	-9.22092e-05
700000.0003	0.000264226
700000.0003	-0.000383197
700000.0003	0.000581622
700000.0003	-0.000349445
700000.0003	0.000337161
700000.0003	0.000812995
700000.0003	0.000329819
700000.0003	0.000381037
700000.0003	0.00207732
700000.0003	-0.00056416
700000.0003	0.00143983
700000.0003	-0.000486268
700000.0003	-0.0013204
700000.0003	-0.000493973
700000.0003	0.0106437
700000.0003	0.0037639
700000.0003	-0.00730649
700000.0003	0.000419634
700000.0003	-0.00113944
700000.0003	0.00618091
700000.0003	0.00346938
700000.0003	-0.00346225
700000.0003	-0.0143396
700000.0003	-0.00914259
700000.0003	-0.0413202
700000.0003	-0.0468992
700000.0003	0.0127413
700000.0003	-0.0165389
700000.0003	0.0120468
700000.0003	0.0379147
700000.0003	0.0200032
700000.0003	0.0234592
700000.0003	-0.0314375
700000.0003	-0.0285013
700000.0003	0.0128672
700000.0003	0.00657609
700000.0003	-0.0118134
700000.0003	0.0217854
700000.0003	-0.00353299
700000.0003	-0.0150572
700000.0003	0.000968567
700000.0003	0.0375007
700000.0003	0.0372777
700000.0003	-0.0680129
700000.0003	0.0347672
700000.0003	-0.00912308
700000.0003	-0.029412
700000.0003	-0.000305158
700000.0003	-0.0259149
700000.0003	0.0229635
700000.0003	-0.0161738
700000.0003	0.00350468
700000.0003	0.0150128
700000.0003	-0.0151144
700000.0003	-0.0133437
700000.0003	0.00315835
700000.0003	0.0569986
700000.0003	-0.0216059
700000.0003	0.0101066
700000.0003	-0.0447837
700000.0003	0.00506417
700000.0003	-0.0411481
700000.0003	-0.00780083
700000.0003	0.00247712
700000.0003	0.00427967
700000.0003	-0.0261557
700000.0003	0.034014
700000.0003	0.000546325
700000.0003	-0.0225518
700000.0003	0.00198617
700000.0003	0.00832379
700000.0003	-0.00505757
700000.0003	-0.0282278
700000.0003	-0.00293599
700000.0003	-0.0288901
700000.0003	-0.0298872
700000.0003	-0.0285583
700000.0003	-0.0170249
700000.0003	0.00543818
700000.0003	0.00453639
700000.0003	0.003783
700000.0003	0.0115038
700000.0003	0.0358861
700000.0003	-0.00203521
700000.0003	-0.00319932
700000.0003	0.00491788
700000.0003	0.0349533
700000.0003	-0.00642399
700000.0003	0.0429651
700000.0003	0.0256729
700000.0003	0.050011
700000.0003	-0.0378473
700000.0003	0.0154672
700000.0003	-0.00272829
700000.0003	0.00500485
700000.0003	0.00170768
700000.0003	0.0135724
700000.0003	0.0132178
700000.0003	-0.0476157
700000.0003	-0.020127
700000.0003	-0.0163572
700000.0003	0.0269016
700000.0003	-0.0123845
700000.0003	0.00576701
700000.0003	0.0275969
700000.0003	-0.0366104
700000.0003	-0.0186864
700000.0003	-0.047493
700000.0003	0.00912693
700000.0003	-0.0201086
700000.0003	-0.0244732
700000.0003	-0.012931
700000.0003	0.0108606
700000.0003	0.0208786
700000.0003	-0.0108426
700000.0003	0.0279359
700000.0003	0.0291991
700000.0003	0.0258356
700000.0003	0.0144551
700000.0003	0.00614529
700000.0003	0.0382811
700000.0003	-0.0169971
700000.0003	-0.00328112
700000.0003	0.00582868
700000.0003	-0.00707504
700000.0003	0.0104647
700000.0003	0.0127305
700000.0003	0.0172911
700000.0003	-0.00887403
700000.0003	-0.0310699
700000.0003	-0.00359203
700000.0003	0.0162853
700000.0003	0.0572584
700000.0003	0.0147469
700000.0003	-0.00467781
700000.0003	0.040467
700000.0003	-0.00848349
700000.0003	0.00341262
700000.0003	-0.0181606
700000.0003	0.00407662
700000.0003	0.033318
700000.0003	0.0207205
700000.0003	-0.00912475
700000.0003	0.0166621
700000.0003	0.00455101
700000.0003	-0.0548667
700000.0003	-0.0188235
700000.0003	0.0094308
700000.0003	-0.00669207
700000.0003	-0.0159742
700000.0003	0.0208894
700000.0003	0.0372946
700000.0003	-0.0184109
700000.0003	-0.0479935
700000.0003	-0.0240724
700000.0003	-0.0237159
700000.0003	-0.000160481
700000.0003	-0.0154341
700000.0003	-0.0463046
700000.0003	0.00643419
700000.0003	-0.0126341
700000.0003	0.00242587
700000.0003	-0.0608199
700000.0003	0.0431804
700000.0003	-0.0017161
700000.0003	-0.00155428
700000.0003	0.00136027
700000.0003	0.00478728
700000.0003	0.00478697
700000.0003	-0.0180395
700000.0003	0.0113528
700000.0003	-0.0246778
700000.0003	0.0282834
700000.0003	0.00568956
700000.0003	-0.0286156
700000.0003	-0.0162792
700000.0003	-0.00647476
700000.0003	0.0108548
700000.0003	0.0276373
700000.0003	-0.0129092
700000.0003	-0.00913284
700000.0003	-0.011261
700000.0003	0.0135765
700000.0003	0.0118635
700000.0003	0.00506394
700000.0003	0.0174213
700000.0003	-0.0186393
700000.0003	-0.00173533
700000.0003	0.0173542
700000.0003	0.00434283
700000.0003	-0.00431553
700000.0003	-0.0103117
700000.0003	-0.000679063
700000.0003	0.0106861
700000.0003	0.00251542
700000.0003	0.00436651
700000.0003	-0.00022695
700000.0003	0.0130445
700000.0003	-0.0330911
700000.0003	0.00482339
700000.0003	0.00679319
700000.0003	-0.0035398
700000.0003	0.0180683
700000.0003	0.00936032
700000.0003	0.0033736
700000.0003	-0.0155802
700000.0003	-0.0145942
700000.0003	0.000230706
700000.0003	-0.0147106
700000.0003	0.00612508
700000.0003	-0.0196133
700000.0003	0.00599534
700000.0003	-0.00664486
700000.0003	-0.00748616
700000.0003	-0.00271576
700000.0003	0.00536604
700000.0003	0.00449764
700000.0003	0.00955866
700000.0003	0.0106749
700000.0003	-0.0030919
700000.0003	0.0171903
700000.0003	0.0082575
700000.0003	-0.0073878
700000.0003	0.00279582
700000.0003	-0.0138814
700000.0003	-0.000574199
700000.0003	-0.00744509
700000.0003	-0.00378061
700000.0003	0.000395906
700000.0003	0.0109985
700000.0003	-0.00214802
700000.0003	-0.0022484
700000.0003	0.00132966
700000.0003	0.00380208
700000.0003	-0.00113653
700000.0003	0.000692147
700000.0003	-0.00864
700000.0003	-0.0124151
700000.0003	0.00430431
700000.0003	0.000696759
700000.0003	-0.00247444
700000.0003	0.00137986
700000.0003	0.00579157
700000.0003	-0.00471863
700000.0003	-0.00535924
700000.0003	-0.00483129
700000.0003	0.0014789
700000.0003	-0.00115082
700000.0003	-0.00547996
700000.0003	0.00526055
700000.0003	-0.000868621
700000.0003	-0.00234137
700000.0003	0.00377396
700000.0003	0.00180155
700000.0003	-0.000114242
700000.0003	0.00175867
700000.0003	-0.00122922
700000.0003	0.00176968
700000.0003	0.00226295
700000.0003	-0.0040666
700000.0003	-0.000256576
700000.0003	-0.000213981
700000.0003	0.00275156
700000.0003	-0.000753638
700000.0003	-0.000163439
700000.0003	0.000439884
700000.0003	-0.00137413
700000.0003	0.000604352
700000.0003	0.000975698
700000.0003	-0.000477254
700000.0003	0.00121024
700000.0003	-3.24015e-05
700000.0003	0.000331084
700000.0003	0.000730623
700000.0003	-0.000133313
700000.0003	-4.6203e-06
700000.0003	0.000209674
700000.0003	0.000135328
700000.0003	-6.43754e-05
700000.0003	0.000457339
700000.0003	-0.000291288
700000.0003	0.000304488
700000.0003	-0.000401279
700000.0003	4.33481e-05
700000.0003	0.000316599
700000.0003	-0.0001082
700000.0003	0.000254994
700000.0003	-0.000193953
700000.0003	-0.000101328
700000.0003	0.000140954
700000.0003	9.42736e-05
700000.0003	5.70419e-05
700000.0003	0.000105244
700000.0003	6.59963e-05
700000.0003	2.99909e-05
700000.0003	-0.000104243
700000.0003	4.91114e-05
700000.0003	-4.0247e-05
700000.0003	-2.53731e-05
700000.0003	-5.81499e-05
700000.0003	7.02077e-05
700000.0003	5.54603e-05
700000.0003	-1.85487e-05
700000.0003	2.63152e-05
700000.0003	-6.0049e-05
700000.0003	-2.8212e-05
700000.0003	-3.12661e-05
700000.0003	2.26934e-05
700000.0003	1.79994e-05
700000.0003	4.85077e-06
700000.0003	2.33162e-05
700000.0003	-5.92607e-06
700000.0003	-2.25789e-05
700000.0003	-1.88872e-05
700000.0003	2.40241e-05
700000.0003	-4.66241e-05
700000.0003	-1.59623e-05
700000.0003	4.13437e-05
700000.0003	2.62926e-05
700000.0003	5.08077e-05
700000.0003	2.08747e-06
700000.0003	1.70291e-05
700000.0003	-2.7185e-05
700000.0003	-1.56637e-05
700000.0003	-1.61026e-05
700000.0003	-9.08476e-06
700000.0003	-7.37741e-05
700000.0003	-1.18797e-05
700000.0003	-3.40815e-05
700000.0003	3.66442e-06
700000.0003	4.05789e-05
700000.0003	-8.7749e-07
700000.0003	-3.41498e-05
700000.0003	-3.12874e-05
700000.0003	2.64147e-05
700000.0003	-1.81241e-06
700000.0003	5.83557e-05
700000.0003	-8.32568e-06
700000.0003	4.35084e-05
700000.0003	-3.77663e-05
700000.0003	-1.39055e-05
700000.0003	-2.55793e-05
700000.0003	-1.03144e-05
700000.0003	2.65333e-05
700000.0003	6.88167e-05
700000.0003	3.20042e-05
700000.0003	3.89781e-05
700000.0003	-3.71273e-06
700000.0003	-9.49872e-05
700000.0003	-5.96962e-07
700000.0003	1.53993e-05
700000.0003	-1.43347e-05
700000.0003	4.42308e-05
700000.0003	-1.29261e-05
700000.0003	-1.43478e-06
700000.0003	-4.84935e-05
700000.0003	5.79026e-06
700000.0003	-4.90277e-05
700000.0003	-8.54974e-05
700000.0003	1.72809e-06
700000.0003	4.63139e-06
700000.0003	2.9699e-05
700000.0003	-1.29194e-06
700000.0003	3.04609e-05
700000.0003	4.40477e-05
700000.0003	-7.37637e-05
700000.0003	1.60056e-05
700000.0003	4.15323e-05
700000.0003	2.5886e-05
700000.0003	-2.82751e-05
700000.0003	-2.42663e-06
700000.0003	4.61937e-05
700000.0003	-5.13117e-05
700000.0003	-4.41324e-05
700000.0003	5.78729e-05
700000.0003	3.54589e-05
700000.0003	-1.09353e-06
700000.0003	-4.11391e-05
700000.0003	-3.79101e-05
700000.0003	-3.92316e-05
700000.0003	-1.66476e-05
700000.0003	-3.14394e-05
700000.0003	7.40381e-06
700000.0003	-0.000156476
700000.0003	-5.25183e-05
700000.0003	2.34833e-05
700000.0003	7.59057e-06
700000.0003	-5.49283e-05
700000.0003	0.000177135
700000.0003	-2.0815e-05
700000.0003	-4.96597e-07
700000.0003	5.26801e-05
700000.0003	8.24307e-06
700000.0003	-1.46811e-05
700000.0003	-0.000162321
700000.0003	-0.000202562
700000.0003	8.51302e-05
700000.0003	3.37483e-05
700000.0003	4.20056e-05
700000.0003	0.0184336
700000.0003	0.0240544
700000.0003	0.0366623
700000.0003	0.0601133
700000.0003	0.100977
700000.0003	0.166397
700000.0003	0.268377
700000.0003	0.40948
700000.0003	0.607352
700000.0003	0.876774
700000.0003	1.25227
700000.0003	1.76576
700000.0003	2.44663
700000.0003	3.34006
700000.0003	4.47507
700000.0003	5.83576
700000.0003	7.44003
700000.0003	9.27289
700000.0003	11.2736
700000.0003	13.3595
700000.0003	15.2885
700000.0003	16.9199
700000.0003	18.2134
700000.0003	19.0009
700000.0003	19.5482
700000.0003	19.665
700000.0003	19.6473
700000.0003	19.5721
700000.0003	19.3354
700000.0003	19.045
700000.0003	18.7692
700000.0003	18.4766
700000.0003	18.3179
700000.0003	17.9986
700000.0003	17.6811
700000.0003	17.4221
700000.0003	17.1732
700000.0003	17.0079
700000.0003	16.741
700000.0003	16.3533
700000.0003	16.0063
700000.0003	15.616
700000.0003	15.431
700000.0003	15.0224
700000.0003	14.8984
700000.0003	14.6282
700000.0003	14.3961
700000.0003	14.2528
700000.0003	14.1289
700000.0003	13.8997
700000.0003	13.8028
700000.0003	13.5754
700000.0003	13.3921
700000.0003	13.3583
700000.0003	13.1449
700000.0003	13.1144
700000.0003	13.0363
700000.0003	12.8457
700000.0003	12.7397
700000.0003	12.6301
700000.0003	12.5957
700000.0003	12.5942
700000.0003	12.4984
700000.0003	12.3873
700000.0003	12.271
700000.0003	12.2137
700000.0003	12.1289
700000.0003	11.9835
700000.0003	11.9336
700000.0003	11.8781
700000.0003	11.892
700000.0003	11.8223
700000.0003	11.6579
700000.0003	11.6126
700000.0003	11.6457
700000.0003	11.6334
700000.0003	11.6122
700000.0003	11.5195
700000.0003	11.464
700000.0003	11.4008
700000.0003	11.4022
700000.0003	11.4236
700000.0003	11.4225
700000.0003	11.3193
700000.0003	11.2421
700000.0003	11.2802
700000.0003	11.2302
700000.0003	11.2493
700000.0003	11.1427
700000.0003	11.0921
700000.0003	11.1328
700000.0003	11.0699
700000.0003	11.116
700000.0003	11.0479
700000.0003	11.0154
700000.0003	10.997
700000.0003	11.0021
700000.0003	11.0253
700000.0003	10.8329
700000.0003	10.9491
700000.0003	11.0405
700000.0003	10.8752
700000.0003	10.9392
700000.0003	10.885
700000.0003	10.8992
700000.0003	10.8958
700000.0003	10.8359
700000.0003	10.8414
700000.0003	10.8409
700000.0003	10.8189
700000.0003	10.7917
700000.0003	10.7772
700000.0003	10.6994
700000.0003	10.8389
700000.0003	10.7866
700000.0003	10.7225
700000.0003	10.7739
700000.0003	10.7335
700000.0003	10.7126
700000.0003	10.7041
700000.0003	10.6634
700000.0003	10.6274
700000.0003	10.6122
700000.0003	10.6407
700000.0003	10.6755
700000.0003	10.6228
700000.0003	10.663
700000.0003	10.6483
700000.0003	10.772
700000.0003	10.6816
700000.0003	10.5844
700000.0003	10.6849
700000.0003	10.6588
700000.0003	10.7064
700000.0003	10.642
700000.0003	10.6332
700000.0003	10.6606
700000.0003	10.6278
700000.0003	10.6819
700000.0003	10.6497
700000.0003	10.6395
700000.0003	10.6248
700000.0003	10.6051
700000.0003	10.6117
700000.0003	10.6035
700000.0003	10.666
700000.0003	10.5476
700000.0003	10.612
700000.0003	10.6058
700000.0003	10.5373
700000.0003	10.5396
700000.0003	10.6063
700000.0003	10.5593
700000.0003	10.4371
700000.0003	10.4822
700000.0003	10.3665
700000.0003	10.2952
700000.0003	10.3204
700000.0003	10.2725
700000.0003	10.2784
700000.0003	10.2486
700000.0003	10.178
700000.0003	10.0647
700000.0003	10.0784
700000.0003	9.97718
700000.0003	10.0368
700000.0003	9.88869
700000.0003	9.91644
700000.0003	9.81204
700000.0003	9.78923
700000.0003	9.67
700000.0003	9.70477
700000.0003	9.6532
700000.0003	9.54384
700000.0003	9.41338
700000.0003	9.45243
700000.0003	9.34389
700000.0003	9.30256
700000.0003	9.28304
700000.0003	9.13578
700000.0003	9.09444
700000.0003	9.00343
700000.0003	9.00667
700000.0003	8.89498
700000.0003	8.86599
700000.0003	8.68787
700000.0003	8.71459
700000.0003	8.69061
700000.0003	8.56048
700000.0003	8.54565
700000.0003	8.41263
700000.0003	8.3114
700000.0003	8.21283
700000.0003	8.15968
700000.0003	8.07578
700000.0003	7.99343
700000.0003	7.90295
700000.0003	7.86505
700000.0003	7.76554
700000.0003	7.69107
700000.0003	7.62142
700000.0003	7.5196
700000.0003	7.42266
700000.0003	7.38217
700000.0003	7.32185
700000.0003	7.20656
700000.0003	7.1568
700000.0003	7.06401
700000.0003	6.957
700000.0003	6.85308
700000.0003	6.82727
700000.0003	6.77768
700000.0003	6.68763
700000.0003	6.62234
700000.0003	6.54307
700000.0003	6.47678
700000.0003	6.41505
700000.0003	6.27785
700000.0003	6.26445
700000.0003	6.18035
700000.0003	6.11079
700000.0003	6.10959
700000.0003	6.00759
700000.0003	5.98402
700000.0003	5.93271
700000.0003	5.87777
700000.0003	5.81828
700000.0003	5.76375
700000.0003	5.71188
700000.0003	5.69064
700000.0003	5.68254
700000.0003	5.65115
700000.0003	5.58711
700000.0003	5.58547
700000.0003	5.56217
700000.0003	5.48671
700000.0003	5.45378
700000.0003	5.37628
700000.0003	5.30877
700000.0003	5.22268
700000.0003	5.1161
700000.0003	4.99512
700000.0003	4.83032
700000.0003	4.66177
700000.0003	4.47145
700000.0003	4.25918
700000.0003	4.01513
700000.0003	3.7915
700000.0003	3.53539
700000.0003	3.29099
700000.0003	3.03603
700000.0003	2.79445
700000.0003	2.55756
700000.0003	2.33382
700000.0003	2.12749
700000.0003	1.92777
700000.0003	1.74936
700000.0003	1.57415
700000.0003	1.4265
700000.0003	1.28087
700000.0003	1.15319
700000.0003	1.0336
700000.0003	0.924369
700000.0003	0.824907
700000.0003	0.734889
700000.0003	0.648803
700000.0003	0.575281
700000.0003	0.509727
700000.0003	0.443502
700000.0003	0.391151
700000.0003	0.33831
700000.0003	0.295995
700000.0003	0.256423
700000.0003	0.21908
700000.0003	0.18839
700000.0003	0.160723
700000.0003	0.136627
700000.0003	0.115822
700000.0003	0.0975586
700000.0003	0.0818716
700000.0003	0.069034
700000.0003	0.0576116
700000.0003	0.0481916
700000.0003	0.0401504
700000.0003	0.0340695
700000.0003	0.028498
700000.0003	0.0236719
700000.0003	0.0199085
700000.0003	0.0170128
700000.0003	0.0147114
700000.0003	0.0125053
700000.0003	0.010872
700000.0003	0.00955209
700000.0003	0.00837933
700000.0003	0.00740303
700000.0003	0.00679182
700000.0003	0.00610549
700000.0003	0.00572753
700000.0003	0.00549544
700000.0003	0.0052449
700000.0003	0.00511657
700000.0003	0.00498826
700000.0003	0.0049707
700000.0003	0.00478971
700000.0003	0.00481377
700000.0003	0.00467942
700000.0003	0.00461143
700000.0003	0.00457741
700000.0003	0.00450126
700000.0003	0.00446618
700000.0003	0.00446652
700000.0003	0.00440657
700000.0003	0.00437197
700000.0003	0.00432834
700000.0003	0.00424952
700000.0003	0.00426734
700000.0003	0.00427364
700000.0003	0.00430615
700000.0003	0.00420011
700000.0003	0.00421178
700000.0003	0.00424958
700000.0003	0.00423414
700000.0003	0.00418934
700000.0003	0.00416426
700000.0003	0.0041615
700000.0003	0.00416192
700000.0003	0.00414672
700000.0003	0.0041451
700000.0003	0.00411807
700000.0003	0.00414761
700000.0003	0.00408196
700000.0003	0.00409216
700000.0003	0.00405792
700000.0003	0.00411329
700000.0003	0.00409193
700000.0003	0.00412766
700000.0003	0.00404201
700000.0003	0.00410198
700000.0003	0.0040807
700000.0003	0.00406916
700000.0003	0.00412971
700000.0003	0.00408815
700000.0003	0.00410293
700000.0003	0.00413074
700000.0003	0.00409051
700000.0003	0.00415636
700000.0003	0.00411125
700000.0003	0.00412825
700000.0003	0.00413152
700000.0003	0.00416797
700000.0003	0.0041434
700000.0003	0.00419203
700000.0003	0.00412018
700000.0003	0.00416397
700000.0003	0.00418981
700000.0003	0.00421767
700000.0003	0.00425001
700000.0003	0.00421712
700000.0003	0.00427399
700000.0003	0.00428256
700000.0003	0.0042995
700000.0003	0.00430592
700000.0003	0.00429956
700000.0003	0.00437251
700000.0003	0.00432634
700000.0003	0.00440168
700000.0003	0.00441888
700000.0003	0.00446113
700000.0003	0.00454187
700000.0003	0.00448349
700000.0003	0.00457538
700000.0003	0.00462428
700000.0003	0.00470322
700000.0003	0.00476458
700000.0003	0.00481778
700000.0003	0.00491603
700000.0003	0.00494609
700000.0003	0.00508733
700000.0003	0.00508289
700000.0003	0.00522478
700000.0003	0.0053258
700000.0003	0.00554815
700000.0003	0.0056959
700000.0003	0.00589594
700000.0003	0.00600426
700000.0003	0.00634947
700000.0003	0.0066599
700000.0003	0.00698541
700000.0003	0.0072942
700000.0003	0.0076897
700000.0003	0.0083795
700000.0003	0.00864843
700000.0003	0.0091053
700000.0003	0.0100196
700000.0003	0.0108206
700000.0003	0.0115666
700000.0003	0.0125771
700000.0003	0.0138769
700000.0003	0.0152518
700000.0003	0.0164216
