700000.0003	28.5562
700000.0003	100.45
700000.0003	202.899
700000.0003	344.791
700000.0003	531.309
700000.0003	779.482
700000.0003	1076.78
700000.0003	1423.68
700000.0003	1831.3
700000.0003	2281.71
700000.0003	2774.32
700000.0003	3305.53
700000.0003	3900.62
700000.0003	4465.39
700000.0003	5021.72
700000.0003	5534.56
700000.0003	5985.92
700000.0003	6366.55
700000.0003	6692.6
700000.0003	6896
700000.0003	7006.2
700000.0003	7065.06
700000.0003	7106.24
700000.0003	7051.01
700000.0003	6944.2
700000.0003	6789.35
700000.0003	6600.62
700000.0003	6355.46
700000.0003	6020.81
700000.0003	5745.53
700000.0003	5342.59
700000.0003	4959.66
700000.0003	4508.42
700000.0003	4043.17
700000.0003	3526.01
700000.0003	2954.02
700000.0003	2367.29
700000.0003	1740.11
700000.0003	1073.04
700000.0003	366.52
700000.0003	0
700000.0003	0
700000.0003	0
700000.0003	0
700000.0003	0
700000.0003	0
700000.0003	0
700000.0003	0
700000.0003	0
700000.0003	0
700000.0003	0
700000.0003	0
700000.0003	0
700000.0003	0
700000.0003	0
700000.0003	0
700000.0003	0
700000.0003	0
700000.0003	0
700000.0003	0
700000.0003	0
700000.0003	0
700000.0003	0
700000.0003	0
700000.0003	0
700000.0003	0
700000.0003	0
700000.0003	0
700000.0003	0
700000.0003	0
700000.0003	0
700000.0003	0
700000.0003	0
700000.0003	0
700000.0003	0
700000.0003	0
700000.0003	0
700000.0003	0
700000.0003	0
700000.0003	0
700000.0003	0
700000.0003	0
700000.0003	0
700000.0003	0
700000.0003	0
700000.0003	0
700000.0003	0
700000.0003	0
700000.0003	0
700000.0003	0
700000.0003	0
700000.0003	0
700000.0003	0
700000.0003	0
700000.0003	0
700000.0003	0
700000.0003	0
700000.0003	0
700000.0003	0
700000.0003	0
700000.0003	0
700000.0003	0
700000.0003	0
700000.0003	0
700000.0003	0
700000.0003	0
700000.0003	0
700000.0003	0
700000.0003	0
700000.0003	0
700000.0003	0
700000.0003	0
700000.0003	0
700000.0003	0
700000.0003	0
700000.0003	0
700000.0003	0
700000.0003	0
700000.0003	0
700000.0003	0
700000.0003	0
700000.0003	0
700000.0003	0
700000.0003	0
700000.0003	0
700000.0003	0
700000.0003	0
700000.0003	0
700000.0003	0
700000.0003	0
700000.0003	0
700000.0003	0
700000.0003	0
700000.0003	0
700000.0003	0
700000.0003	0
700000.0003	0
700000.0003	0
700000.0003	0
700000.0003	0
700000.0003	-23.6385
700000.0003	-70.166
700000.0003	-117.499
700000.0003	-162.267
700000.0003	-206.723
700000.0003	-253.1
700000.0003	-296.161
700000.0003	-341.195
700000.0003	-382.329
700000.0003	-428.927
700000.0003	-464.138
700000.0003	-507.384
700000.0003	-547.059
700000.0003	-588.275
700000.0003	-628.598
700000.0003	-664.161
700000.0003	-703.992
700000.0003	-743.221
700000.0003	-780.812
700000.0003	-811.745
700000.0003	-848.793
700000.0003	-880.862
700000.0003	-921.974
700000.0003	-955.437
700000.0003	-983.61
700000.0003	-1025.73
700000.0003	-1057.17
700000.0003	-1088.03
700000.0003	-1119.92
700000.0003	-1141.44
700000.0003	-1177.76
700000.0003	-1211.15
700000.0003	-1234.17
700000.0003	-1257.84
700000.0003	-1288.02
700000.0003	-1323.82
700000.0003	-1341.56
700000.0003	-1379.11
700000.0003	-1402.55
700000.0003	-1422.09
700000.0003	-1449.74
700000.0003	-1467.29
700000.0003	-1492.28
700000.0003	-1510.32
700000.0003	-1532.86
700000.0003	-1565.97
700000.0003	-1582.87
700000.0003	-1592.88
700000.0003	-1622.91
700000.0003	-1623.18
700000.0003	-1664.48
700000.0003	-1671.27
700000.0003	-1696.91
700000.0003	-1699.1
700000.0003	-1724.97
700000.0003	-1735.14
700000.0003	-1750.5
700000.0003	-1770.31
700000.0003	-1771.39
700000.0003	-1789.32
700000.0003	-1807.58
700000.0003	-1815.94
700000.0003	-1824.46
700000.0003	-1846.55
700000.0003	-1840.3
700000.0003	-1868.24
700000.0003	-1870.7
700000.0003	-1870.36
700000.0003	-1874.78
700000.0003	-1892.34
700000.0003	-1904.11
700000.0003	-1907.1
700000.0003	-1904.47
700000.0003	-1916.14
700000.0003	-1932.42
700000.0003	-1917.93
700000.0003	-1915.91
700000.0003	-1927.26
700000.0003	-1927.43
700000.0003	-1927.19
700000.0003	-1934.02
700000.0003	-1928.26
700000.0003	-1935.06
700000.0003	-1928.84
700000.0003	-1920.6
700000.0003	-1915.89
700000.0003	-1916.18
700000.0003	-1913.94
700000.0003	-1898.7
700000.0003	-1899.58
700000.0003	-1890.94
700000.0003	-1882.76
700000.0003	-1873.18
700000.0003	-1866.73
700000.0003	-1851.43
700000.0003	-1837.4
700000.0003	-1817.77
700000.0003	-1809.24
700000.0003	-1778.03
700000.0003	-1761.1
700000.0003	-1745.07
700000.0003	-1719.11
700000.0003	-1687.18
700000.0003	-1656.51
700000.0003	-1623.49
700000.0003	-1587.76
700000.0003	-1547.15
700000.0003	-1499.17
700000.0003	-1446.06
700000.0003	-1396.08
700000.0003	-1343.31
700000.0003	-1284.02
700000.0003	-1226.53
700000.0003	-1166.29
700000.0003	-1100.63
700000.0003	-1034.45
700000.0003	-971.67
700000.0003	-907.411
700000.0003	-848.395
700000.0003	-786.46
700000.0003	-729.76
700000.0003	-670.769
700000.0003	-614.851
700000.0003	-564.236
700000.0003	-513.652
700000.0003	-464.681
700000.0003	-419.917
700000.0003	-376.957
700000.0003	-335.911
700000.0003	-301.148
700000.0003	-265.894
700000.0003	-234.372
700000.0003	-204.993
700000.0003	-178.277
700000.0003	-155.24
700000.0003	-133.632
700000.0003	-115.575
700000.0003	-99.0509
700000.0003	-85.1986
700000.0003	-72.9318
700000.0003	-62.4089
700000.0003	-51.9435
700000.0003	-44.0228
700000.0003	-37.8141
700000.0003	-31.5609
700000.0003	-26.4735
700000.0003	-22.4775
700000.0003	-19.0049
700000.0003	-15.729
700000.0003	-13.1717
700000.0003	-10.9286
700000.0003	-9.05575
700000.0003	-7.48102
700000.0003	-5.97568
700000.0003	-4.76991
700000.0003	-3.82493
700000.0003	-2.80109
700000.0003	-1.92143
700000.0003	-1.09545
700000.0003	-0.366391
700000.0003	0
700000.0003	0
700000.0003	0
700000.0003	0
700000.0003	0
700000.0003	0
700000.0003	0
700000.0003	0
700000.0003	0
700000.0003	0
700000.0003	0
700000.0003	0
700000.0003	0
700000.0003	0
700000.0003	0
700000.0003	0
700000.0003	0
700000.0003	0
700000.0003	0
700000.0003	0
700000.0003	0
700000.0003	0
700000.0003	0
700000.0003	0
700000.0003	0
700000.0003	0
700000.0003	0
700000.0003	0
700000.0003	0
700000.0003	0
700000.0003	0
700000.0003	0
700000.0003	0
700000.0003	0
700000.0003	0
700000.0003	0
700000.0003	0
700000.0003	0
700000.0003	0
700000.0003	0
700000.0003	0
700000.0003	0
700000.0003	0
700000.0003	0
700000.0003	0
700000.0003	0
700000.0003	0
700000.0003	0
700000.0003	0
700000.0003	0
700000.0003	0
700000.0003	0
700000.0003	0
700000.0003	0
700000.0003	0
700000.0003	0
700000.0003	0
700000.0003	0
700000.0003	0
700000.0003	0
700000.0003	0
700000.0003	0
700000.0003	0
700000.0003	0
700000.0003	0
700000.0003	0
700000.0003	0
700000.0003	0
700000.0003	0
700000.0003	0
700000.0003	0
700000.0003	0
700000.0003	0
700000.0003	0
700000.0003	0
700000.0003	0
700000.0003	0
700000.0003	0
700000.0003	0
700000.0003	0
700000.0003	0
700000.0003	0
700000.0003	0
700000.0003	0
700000.0003	0
700000.0003	0
700000.0003	0
700000.0003	0
700000.0003	0
700000.0003	0
700000.0003	0
700000.0003	0
700000.0003	0
700000.0003	0
700000.0003	0
700000.0003	0
700000.0003	0
700000.0003	0
700000.0003	0
700000.0003	0
700000.0003	-0.0544264
700000.0003	0.613532
700000.0003	0.335706
700000.0003	2.83131
700000.0003	1.17796
700000.0003	0.91055
700000.0003	-5.0219
700000.0003	-8.23252
700000.0003	-2.1382
700000.0003	-6.68722
700000.0003	-0.684485
700000.0003	20.1548
700000.0003	-1.73764
700000.0003	-11.8752
700000.0003	-12.2333
700000.0003	14.2698
700000.0003	-10.5245
700000.0003	2.94598
700000.0003	-4.33235
700000.0003	24.9643
700000.0003	-14.7594
700000.0003	-23.5282
700000.0003	-37.829
700000.0003	-10.1914
700000.0003	-13.6384
700000.0003	15.0257
700000.0003	5.37242
700000.0003	-4.90669
700000.0003	36.2275
700000.0003	24.5502
700000.0003	-1.89307
700000.0003	7.38045
700000.0003	-18.7636
700000.0003	7.87209
700000.0003	0.864709
700000.0003	8.05394
700000.0003	-1.55524
700000.0003	1.09176
700000.0003	1.58216
700000.0003	0.39394
700000.0003	0
700000.0003	0
700000.0003	0
700000.0003	0
700000.0003	0
700000.0003	0
700000.0003	0
700000.0003	0
700000.0003	0
700000.0003	0
700000.0003	0
700000.0003	0
700000.0003	0
700000.0003	0
700000.0003	0
700000.0003	0
700000.0003	0
700000.0003	0
700000.0003	0
700000.0003	0
700000.0003	0
700000.0003	0
700000.0003	0
700000.0003	0
700000.0003	0
700000.0003	0
700000.0003	0
700000.0003	0
700000.0003	0
700000.0003	0
700000.0003	0
700000.0003	0
700000.0003	0
700000.0003	0
700000.0003	0
700000.0003	0
700000.0003	0
700000.0003	0
700000.0003	0
700000.0003	0
700000.0003	0
700000.0003	0
700000.0003	0
700000.0003	0
700000.0003	0
700000.0003	0
700000.0003	0
700000.0003	0
700000.0003	0
700000.0003	0
700000.0003	0
700000.0003	0
700000.0003	0
700000.0003	0
700000.0003	0
700000.0003	0
700000.0003	0
700000.0003	0
700000.0003	0
700000.0003	0
700000.0003	0
700000.0003	0
700000.0003	0
700000.0003	0
700000.0003	0
700000.0003	0
700000.0003	0
700000.0003	0
700000.0003	0
700000.0003	0
700000.0003	0
700000.0003	0
700000.0003	0
700000.0003	0
700000.0003	0
700000.0003	0
700000.0003	0
700000.0003	0
700000.0003	0
700000.0003	0
700000.0003	0
700000.0003	0
700000.0003	0
700000.0003	0
700000.0003	0
700000.0003	0
700000.0003	0
700000.0003	0
700000.0003	0
700000.0003	0
700000.0003	0
700000.0003	0
700000.0003	0
700000.0003	0
700000.0003	0
700000.0003	0
700000.0003	0
700000.0003	0
700000.0003	0
700000.0003	0
700000.0003	0.0552649
700000.0003	-0.136808
700000.0003	-0.238987
700000.0003	-0.150368
700000.0003	0.448534
700000.0003	0.182339
700000.0003	-0.121906
700000.0003	-0.494695
700000.0003	0.222935
700000.0003	1.53834
700000.0003	-0.850246
700000.0003	0.684997
700000.0003	-2.46972
700000.0003	0.819344
700000.0003	0.176473
700000.0003	-0.106985
700000.0003	-0.722087
700000.0003	-1.44183
700000.0003	-1.54073
700000.0003	2.09043
700000.0003	-0.355948
700000.0003	-0.616568
700000.0003	-0.774576
700000.0003	-2.30809
700000.0003	-4.02905
700000.0003	-3.47627
700000.0003	-4.38989
700000.0003	-3.3963
700000.0003	-2.58909
700000.0003	-1.18232
700000.0003	1.33676
700000.0003	-0.350997
700000.0003	-0.175771
700000.0003	-3.71206
700000.0003	3.88093
700000.0003	-0.807068
700000.0003	2.02531
700000.0003	-3.32664
700000.0003	0.0817494
700000.0003	0.897509
700000.0003	-2.54065
700000.0003	3.10444
700000.0003	-1.43526
700000.0003	7.31483
700000.0003	2.78304
700000.0003	2.75618
700000.0003	1.08154
700000.0003	-5.3774
700000.0003	-1.51703
700000.0003	7.11127
700000.0003	-0.2542
700000.0003	-8.22108
700000.0003	-1.9836
700000.0003	1.49829
700000.0003	-0.974573
700000.0003	1.97885
700000.0003	0.456674
700000.0003	-2.29962
700000.0003	1.4314
700000.0003	4.99885
700000.0003	2.94685
700000.0003	1.72829
700000.0003	-2.05823
700000.0003	3.64281
700000.0003	2.04407
700000.0003	-1.61152
700000.0003	1.09206
700000.0003	0.674853
700000.0003	-4.49031
700000.0003	5.10099
700000.0003	-0.308584
700000.0003	-2.52097
700000.0003	3.54428
700000.0003	-3.32038
700000.0003	-3.50101
700000.0003	-1.08642
700000.0003	-0.642512
700000.0003	-0.947515
700000.0003	2.07685
700000.0003	-1.54536
700000.0003	-2.11546
700000.0003	3.1206
700000.0003	1.85006
700000.0003	-0.31233
700000.0003	-4.84481
700000.0003	2.29392
700000.0003	-0.0163927
700000.0003	1.10321
700000.0003	-2.62293
700000.0003	-0.00425277
700000.0003	-3.40236
700000.0003	0.962347
700000.0003	1.91252
700000.0003	4.22835
700000.0003	-1.11304
700000.0003	5.39355
700000.0003	-3.24989
700000.0003	-2.76918
700000.0003	-0.504765
700000.0003	-2.11706
700000.0003	5.70276
700000.0003	0.537231
700000.0003	1.19331
700000.0003	-1.09809
700000.0003	-1.51936
700000.0003	-1.40133
700000.0003	-1.13735
700000.0003	-1.78366
700000.0003	-1.45373
700000.0003	-0.320743
700000.0003	-3.09714
700000.0003	-2.56531
700000.0003	1.78047
700000.0003	0.858449
700000.0003	1.32494
700000.0003	1.57543
700000.0003	-2.66213
700000.0003	0.648344
700000.0003	0.768935
700000.0003	1.55613
700000.0003	-0.129103
700000.0003	-0.342726
700000.0003	0.650752
700000.0003	2.08771
700000.0003	-0.614511
700000.0003	-0.233582
700000.0003	0.087864
700000.0003	-0.0945343
700000.0003	0.145373
700000.0003	0.492935
700000.0003	-0.0396706
700000.0003	-0.50636
700000.0003	-0.402894
700000.0003	0.00724969
700000.0003	-0.453311
700000.0003	0.267708
700000.0003	-0.079138
700000.0003	0.226692
700000.0003	-0.0452712
700000.0003	0.0903083
700000.0003	-0.0198148
700000.0003	-0.433122
700000.0003	0.347251
700000.0003	0.0992123
700000.0003	-0.156502
700000.0003	-0.213477
700000.0003	0.0771261
700000.0003	0.121664
700000.0003	0.0956482
700000.0003	0.051042
700000.0003	0.0681771
700000.0003	0.128476
700000.0003	-0.0491735
700000.0003	-0.047457
700000.0003	-0.00875007
700000.0003	0.0208401
700000.0003	-0.0393884
700000.0003	-0.0334195
700000.0003	0.0441655
700000.0003	0.00202474
700000.0003	0
700000.0003	0
700000.0003	0
700000.0003	0
700000.0003	0
700000.0003	0
700000.0003	0
700000.0003	0
700000.0003	0
700000.0003	0
700000.0003	0
700000.0003	0
700000.0003	0
700000.0003	0
700000.0003	0
700000.0003	0
700000.0003	0
700000.0003	0
700000.0003	0
700000.0003	0
700000.0003	0
700000.0003	0
700000.0003	0
700000.0003	0
700000.0003	0
700000.0003	0
700000.0003	0
700000.0003	0
700000.0003	0
700000.0003	0
700000.0003	0
700000.0003	0
700000.0003	0
700000.0003	0
700000.0003	0
700000.0003	0
700000.0003	0
700000.0003	0
700000.0003	0
700000.0003	0
700000.0003	0
700000.0003	0
700000.0003	0
700000.0003	0
700000.0003	0
700000.0003	0
700000.0003	0
700000.0003	0
700000.0003	0
700000.0003	0
700000.0003	0
700000.0003	0
700000.0003	0
700000.0003	0
700000.0003	0
700000.0003	0
700000.0003	0
700000.0003	0
700000.0003	0
700000.0003	0
700000.0003	0
700000.0003	0
700000.0003	0
700000.0003	0
700000.0003	0
700000.0003	0
700000.0003	0
700000.0003	0
700000.0003	0
700000.0003	0
700000.0003	0
700000.0003	0
700000.0003	0
700000.0003	0
700000.0003	0
700000.0003	0
700000.0003	0
700000.0003	0
700000.0003	0
700000.0003	0
700000.0003	0
700000.0003	0
700000.0003	0
700000.0003	0
700000.0003	0
700000.0003	0
700000.0003	0
700000.0003	0
700000.0003	0
700000.0003	0
700000.0003	0
700000.0003	0
700000.0003	0
700000.0003	0
700000.0003	0
700000.0003	0
700000.0003	0
700000.0003	0
700000.0003	0
700000.0003	0
