700000.0003	1471642
700000.0003	1465640
700000.0003	1471245
700000.0003	1479336
700000.0003	1486808
700000.0003	1489708
700000.0003	1475038
700000.0003	1449306
700000.0003	1417793
700000.0003	1396151
700000.0003	1385973
700000.0003	1383618
700000.0003	1375198
700000.0003	1345797
700000.0003	1272632
700000.0003	1164422
700000.0003	1033137
700000.0003	900955
700000.0003	776512
700000.0003	668109
700000.0003	575513
700000.0003	496495
700000.0003	430182
700000.0003	374716
700000.0003	327732
700000.0003	290351
700000.0003	259151
700000.0003	233377
700000.0003	211288
700000.0003	193907
700000.0003	180007
700000.0003	167924
700000.0003	157715
700000.0003	150155
700000.0003	143443
700000.0003	137367
700000.0003	132680
700000.0003	129070
700000.0003	125548
700000.0003	123897
700000.0003	122074
700000.0003	120796
700000.0003	119455
700000.0003	117026
700000.0003	115839
700000.0003	114719
700000.0003	113072
700000.0003	113439
700000.0003	112526
700000.0003	111571
700000.0003	110757
700000.0003	110149
700000.0003	109222
700000.0003	109138
700000.0003	108551
700000.0003	107033
700000.0003	107704
700000.0003	106967
700000.0003	106299
700000.0003	105655
700000.0003	105195
700000.0003	104867
700000.0003	104991
700000.0003	104165
700000.0003	104022
700000.0003	103761
700000.0003	103052
700000.0003	103093
700000.0003	102441
700000.0003	102549
700000.0003	101931
700000.0003	101510
700000.0003	101703
700000.0003	101700
700000.0003	101742
700000.0003	101381
700000.0003	100380
700000.0003	100903
700000.0003	100401
700000.0003	99981
700000.0003	99936
700000.0003	99703
700000.0003	99655
700000.0003	99412
700000.0003	99379
700000.0003	99393
700000.0003	99462
700000.0003	99090
700000.0003	99254
700000.0003	99018
700000.0003	98847
700000.0003	98752
700000.0003	98842
700000.0003	98316
700000.0003	98459
700000.0003	98174
700000.0003	98146
700000.0003	98831
700000.0003	97651
700000.0003	98573
700000.0003	97426
700000.0003	97620
700000.0003	98000
700000.0003	97792
700000.0003	97247
700000.0003	97531
700000.0003	97347
700000.0003	97833
700000.0003	97703
700000.0003	97758
700000.0003	97145
700000.0003	97039
700000.0003	97308
700000.0003	96861
700000.0003	97107
700000.0003	96941
700000.0003	96493
700000.0003	96857
700000.0003	96975
700000.0003	96987
700000.0003	97491
700000.0003	97676
700000.0003	96637
700000.0003	97225
700000.0003	96818
700000.0003	97582
700000.0003	96564
700000.0003	96224
700000.0003	96359
700000.0003	97712
700000.0003	97172
700000.0003	96914
700000.0003	96967
700000.0003	96831
700000.0003	96829
700000.0003	96859
700000.0003	96706
700000.0003	96349
700000.0003	95921
700000.0003	97058
700000.0003	97110
700000.0003	97533
700000.0003	96923
700000.0003	96867
700000.0003	97887
700000.0003	97294
700000.0003	97287
700000.0003	97925
700000.0003	98053
700000.0003	97910
700000.0003	98767
700000.0003	98688
700000.0003	99710
700000.0003	99000
700000.0003	100211
700000.0003	100143
700000.0003	100271
700000.0003	100247
700000.0003	101914
700000.0003	101911
700000.0003	102264
700000.0003	102695
700000.0003	103332
700000.0003	103756
700000.0003	104003
700000.0003	104722
700000.0003	105236
700000.0003	105827
700000.0003	107425
700000.0003	107357
700000.0003	108120
700000.0003	109601
700000.0003	109638
700000.0003	110296
700000.0003	111892
700000.0003	111972
700000.0003	113447
700000.0003	114597
700000.0003	115874
700000.0003	116134
700000.0003	117773
700000.0003	118475
700000.0003	119535
700000.0003	120799
700000.0003	122619
700000.0003	122942
700000.0003	124517
700000.0003	126041
700000.0003	127309
700000.0003	128976
700000.0003	130657
700000.0003	131638
700000.0003	133357
700000.0003	134464
700000.0003	137048
700000.0003	138895
700000.0003	141109
700000.0003	142299
700000.0003	144818
700000.0003	146634
700000.0003	148615
700000.0003	151275
700000.0003	153294
700000.0003	155921
700000.0003	159123
700000.0003	161126
700000.0003	164248
700000.0003	167261
700000.0003	170286
700000.0003	173731
700000.0003	176601
700000.0003	180032
700000.0003	183410
700000.0003	187447
700000.0003	191634
700000.0003	195703
700000.0003	199663
700000.0003	204952
700000.0003	210682
700000.0003	215409
700000.0003	220893
700000.0003	226408
700000.0003	233013
700000.0003	238515
700000.0003	247468
700000.0003	255068
700000.0003	263127
700000.0003	272598
700000.0003	282852
700000.0003	295171
700000.0003	307599
700000.0003	320831
700000.0003	335098
700000.0003	351566
700000.0003	370226
700000.0003	390295
700000.0003	413061
700000.0003	436637
700000.0003	463748
700000.0003	494267
700000.0003	527202
700000.0003	562402
700000.0003	597821
700000.0003	642290
700000.0003	683763
700000.0003	732541
700000.0003	778938
700000.0003	828530
700000.0003	875657
700000.0003	924622
700000.0003	972690
700000.0003	1018296
700000.0003	1062655
700000.0003	1104291
700000.0003	1139788
700000.0003	1174939
700000.0003	1203371
700000.0003	1230053
700000.0003	1254212
700000.0003	1272870
700000.0003	1294199
700000.0003	1311668
700000.0003	1325085
700000.0003	1343263
700000.0003	1352266
700000.0003	1361589
700000.0003	1373225
700000.0003	1383560
700000.0003	1387981
700000.0003	1397659
700000.0003	1404534
700000.0003	1410023
700000.0003	1417300
700000.0003	1420050
700000.0003	1423665
700000.0003	1428792
700000.0003	1432494
700000.0003	1433243
700000.0003	1436281
700000.0003	1441072
700000.0003	1444298
700000.0003	1445744
700000.0003	1444625
700000.0003	1450453
700000.0003	1450133
700000.0003	1449281
700000.0003	1451304
700000.0003	1454145
700000.0003	1454561
700000.0003	1456147
700000.0003	1457261
700000.0003	1455338
700000.0003	1457075
700000.0003	1457594
700000.0003	1456587
700000.0003	1458286
700000.0003	1458698
700000.0003	1458406
700000.0003	1458705
700000.0003	1459684
700000.0003	1457278
700000.0003	1459541
700000.0003	1459183
700000.0003	1458981
700000.0003	1458981
700000.0003	1461469
700000.0003	1459446
700000.0003	1459533
700000.0003	1458630
700000.0003	1458765
700000.0003	1460969
700000.0003	1460820
700000.0003	1459661
700000.0003	1460233
700000.0003	1462624
700000.0003	1460220
700000.0003	1458631
700000.0003	1462204
700000.0003	1460305
700000.0003	1461244
700000.0003	1462743
700000.0003	1461184
700000.0003	1462746
700000.0003	1460693
700000.0003	1461255
700000.0003	1460981
700000.0003	1463445
700000.0003	1462526
700000.0003	1462387
700000.0003	1464307
700000.0003	1461577
700000.0003	1464120
700000.0003	1462684
700000.0003	1462753
700000.0003	1463141
700000.0003	1465227
700000.0003	1465284
700000.0003	1463568
700000.0003	1463411
700000.0003	1464941
700000.0003	1464558
700000.0003	1464048
700000.0003	1465240
700000.0003	1467055
700000.0003	1465497
700000.0003	1467497
700000.0003	1463835
700000.0003	1466629
700000.0003	1465359
700000.0003	1467811
700000.0003	1466281
700000.0003	1468859
700000.0003	1469146
700000.0003	1465577
700000.0003	1468620
700000.0003	1467207
700000.0003	1469545
700000.0003	1467005
700000.0003	1470852
700000.0003	1469315
700000.0003	1471542
700000.0003	1468862
700000.0003	1467938
700000.0003	1470366
700000.0003	1470816
700000.0003	1472951
700000.0003	1471879
700000.0003	1472680
700000.0003	1471661
700000.0003	1473308
700000.0003	1471203
700000.0003	1471857
700000.0003	1474369
700000.0003	1474385
700000.0003	1477883
700000.0003	1474164
700000.0003	1474510
700000.0003	1474595
700000.0003	1473672
700000.0003	1476774
700000.0003	1477669
700000.0003	1480305
700000.0003	1480422
700000.0003	1480203
700000.0003	1476329
700000.0003	1474661
700000.0003	1478813
700000.0003	1479716
700000.0003	1485443
700000.0003	1485461
700000.0003	1486616
700000.0003	1481406
700000.0003	1479191
700000.0003	1475881
700000.0003	1477392
700000.0003	1485687
700000.0003	1489313
700000.0003	1492701
700000.0003	1489588
700000.0003	1480303
