700000.0003	28.685
700000.0003	100.284
700000.0003	200.859
700000.0003	345.82
700000.0003	533.769
700000.0003	772.73
700000.0003	1072.16
700000.0003	1428.47
700000.0003	1819.37
700000.0003	2288.58
700000.0003	2778.18
700000.0003	3301.62
700000.0003	3866.5
700000.0003	4468.54
700000.0003	4998.97
700000.0003	5540.96
700000.0003	5995.54
700000.0003	6367.87
700000.0003	6664.72
700000.0003	6924.15
700000.0003	7000.22
700000.0003	7100.85
700000.0003	7099.32
700000.0003	7071.48
700000.0003	6939.93
700000.0003	6805.25
700000.0003	6592.49
700000.0003	6334.78
700000.0003	6048.12
700000.0003	5740.85
700000.0003	5372.91
700000.0003	4980.7
700000.0003	4511.06
700000.0003	4043.44
700000.0003	3524.51
700000.0003	2972.08
700000.0003	2370.03
700000.0003	1726.81
700000.0003	1068.74
700000.0003	366.56
700000.0003	0
700000.0003	0
700000.0003	0
700000.0003	0
700000.0003	0
700000.0003	0
700000.0003	0
700000.0003	0
700000.0003	0
700000.0003	0
700000.0003	0
700000.0003	0
700000.0003	0
700000.0003	0
700000.0003	0
700000.0003	0
700000.0003	0
700000.0003	0
700000.0003	0
700000.0003	0
700000.0003	0
700000.0003	0
700000.0003	0
700000.0003	0
700000.0003	0
700000.0003	0
700000.0003	0
700000.0003	0
700000.0003	0
700000.0003	0
700000.0003	0
700000.0003	0
700000.0003	0
700000.0003	0
700000.0003	0
700000.0003	0
700000.0003	0
700000.0003	0
700000.0003	0
700000.0003	0
700000.0003	0
700000.0003	0
700000.0003	0
700000.0003	0
700000.0003	0
700000.0003	0
700000.0003	0
700000.0003	0
700000.0003	0
700000.0003	0
700000.0003	0
700000.0003	0
700000.0003	0
700000.0003	0
700000.0003	0
700000.0003	0
700000.0003	0
700000.0003	0
700000.0003	0
700000.0003	0
700000.0003	0
700000.0003	0
700000.0003	0
700000.0003	0
700000.0003	0
700000.0003	0
700000.0003	0
700000.0003	0
700000.0003	0
700000.0003	0
700000.0003	0
700000.0003	0
700000.0003	0
700000.0003	0
700000.0003	0
700000.0003	0
700000.0003	0
700000.0003	0
700000.0003	0
700000.0003	0
700000.0003	0
700000.0003	0
700000.0003	0
700000.0003	0
700000.0003	0
700000.0003	0
700000.0003	0
700000.0003	0
700000.0003	0
700000.0003	0
700000.0003	0
700000.0003	0
700000.0003	0
700000.0003	0
700000.0003	0
700000.0003	0
700000.0003	0
700000.0003	0
700000.0003	0
700000.0003	0
700000.0003	-23.6505
700000.0003	-70.9638
700000.0003	-116.437
700000.0003	-162.342
700000.0003	-209.009
700000.0003	-251.313
700000.0003	-295.52
700000.0003	-340.304
700000.0003	-382.743
700000.0003	-424.653
700000.0003	-469.116
700000.0003	-506.183
700000.0003	-554.469
700000.0003	-585.01
700000.0003	-630.088
700000.0003	-669.022
700000.0003	-707.46
700000.0003	-737.566
700000.0003	-784.345
700000.0003	-819.084
700000.0003	-851.046
700000.0003	-888.732
700000.0003	-922.271
700000.0003	-956.106
700000.0003	-986.52
700000.0003	-1020.49
700000.0003	-1056.87
700000.0003	-1082.02
700000.0003	-1126.48
700000.0003	-1146.83
700000.0003	-1176.67
700000.0003	-1214.93
700000.0003	-1232.31
700000.0003	-1262.25
700000.0003	-1299.73
700000.0003	-1309.98
700000.0003	-1348.76
700000.0003	-1373.07
700000.0003	-1407.72
700000.0003	-1419.83
700000.0003	-1450.9
700000.0003	-1467.37
700000.0003	-1490.01
700000.0003	-1516.06
700000.0003	-1544.82
700000.0003	-1546.09
700000.0003	-1575.09
700000.0003	-1603.99
700000.0003	-1616.73
700000.0003	-1639.72
700000.0003	-1661.31
700000.0003	-1671.59
700000.0003	-1687.21
700000.0003	-1706.25
700000.0003	-1720.11
700000.0003	-1733.9
700000.0003	-1758.06
700000.0003	-1761.33
700000.0003	-1782.42
700000.0003	-1795.37
700000.0003	-1799.15
700000.0003	-1815.25
700000.0003	-1828.8
700000.0003	-1840.7
700000.0003	-1864.06
700000.0003	-1852.91
700000.0003	-1873.87
700000.0003	-1882.63
700000.0003	-1893.14
700000.0003	-1900.24
700000.0003	-1900.93
700000.0003	-1898.65
700000.0003	-1904.76
700000.0003	-1910.11
700000.0003	-1926.06
700000.0003	-1916.03
700000.0003	-1921.85
700000.0003	-1927.86
700000.0003	-1932.3
700000.0003	-1931.13
700000.0003	-1928.87
700000.0003	-1924.72
700000.0003	-1919.98
700000.0003	-1917
700000.0003	-1918.4
700000.0003	-1916.14
700000.0003	-1905.35
700000.0003	-1907.24
700000.0003	-1900.38
700000.0003	-1903.11
700000.0003	-1896.73
700000.0003	-1883.18
700000.0003	-1868.09
700000.0003	-1860.12
700000.0003	-1848.64
700000.0003	-1834.08
700000.0003	-1823.55
700000.0003	-1798.91
700000.0003	-1787.08
700000.0003	-1768.91
700000.0003	-1748.21
700000.0003	-1719.8
700000.0003	-1682.3
700000.0003	-1658.86
700000.0003	-1620.65
700000.0003	-1587.67
700000.0003	-1543.11
700000.0003	-1499.92
700000.0003	-1446.54
700000.0003	-1399.85
700000.0003	-1339.32
700000.0003	-1286
700000.0003	-1225.16
700000.0003	-1168.88
700000.0003	-1095.21
700000.0003	-1037.81
700000.0003	-973.396
700000.0003	-912.646
700000.0003	-848.955
700000.0003	-785.387
700000.0003	-725.871
700000.0003	-670.716
700000.0003	-614.167
700000.0003	-566.189
700000.0003	-511.314
700000.0003	-465.55
700000.0003	-419.942
700000.0003	-377.97
700000.0003	-336.702
700000.0003	-298.089
700000.0003	-263.602
700000.0003	-234.277
700000.0003	-205.759
700000.0003	-179.248
700000.0003	-154.709
700000.0003	-133.964
700000.0003	-115.539
700000.0003	-99.0376
700000.0003	-85.3064
700000.0003	-71.993
700000.0003	-61.7859
700000.0003	-52.2752
700000.0003	-43.5719
700000.0003	-37.4963
700000.0003	-31.4013
700000.0003	-26.5919
700000.0003	-22.2256
700000.0003	-18.6995
700000.0003	-15.4278
700000.0003	-13.1795
700000.0003	-10.9075
700000.0003	-9.05858
700000.0003	-7.4159
700000.0003	-6.06422
700000.0003	-4.78533
700000.0003	-3.72382
700000.0003	-2.77417
700000.0003	-1.92774
700000.0003	-1.10116
700000.0003	-0.359141
700000.0003	0
700000.0003	0
700000.0003	0
700000.0003	0
700000.0003	0
700000.0003	0
700000.0003	0
700000.0003	0
700000.0003	0
700000.0003	0
700000.0003	0
700000.0003	0
700000.0003	0
700000.0003	0
700000.0003	0
700000.0003	0
700000.0003	0
700000.0003	0
700000.0003	0
700000.0003	0
700000.0003	0
700000.0003	0
700000.0003	0
700000.0003	0
700000.0003	0
700000.0003	0
700000.0003	0
700000.0003	0
700000.0003	0
700000.0003	0
700000.0003	0
700000.0003	0
700000.0003	0
700000.0003	0
700000.0003	0
700000.0003	0
700000.0003	0
700000.0003	0
700000.0003	0
700000.0003	0
700000.0003	0
700000.0003	0
700000.0003	0
700000.0003	0
700000.0003	0
700000.0003	0
700000.0003	0
700000.0003	0
700000.0003	0
700000.0003	0
700000.0003	0
700000.0003	0
700000.0003	0
700000.0003	0
700000.0003	0
700000.0003	0
700000.0003	0
700000.0003	0
700000.0003	0
700000.0003	0
700000.0003	0
700000.0003	0
700000.0003	0
700000.0003	0
700000.0003	0
700000.0003	0
700000.0003	0
700000.0003	0
700000.0003	0
700000.0003	0
700000.0003	0
700000.0003	0
700000.0003	0
700000.0003	0
700000.0003	0
700000.0003	0
700000.0003	0
700000.0003	0
700000.0003	0
700000.0003	0
700000.0003	0
700000.0003	0
700000.0003	0
700000.0003	0
700000.0003	0
700000.0003	0
700000.0003	0
700000.0003	0
700000.0003	0
700000.0003	0
700000.0003	0
700000.0003	0
700000.0003	0
700000.0003	0
700000.0003	0
700000.0003	0
700000.0003	0
700000.0003	0
700000.0003	0
700000.0003	0
700000.0003	0.214519
700000.0003	-0.39165
700000.0003	-0.744542
700000.0003	-3.45033
700000.0003	-1.54503
700000.0003	2.98131
700000.0003	-6.34297
700000.0003	1.57915
700000.0003	-8.72707
700000.0003	-7.82403
700000.0003	-2.68171
700000.0003	-3.85246
700000.0003	-1.6662
700000.0003	5.26507
700000.0003	-12.0241
700000.0003	-23.6739
700000.0003	-13.5623
700000.0003	-3.55191
700000.0003	-2.15605
700000.0003	-1.90143
700000.0003	-11.75
700000.0003	-12.4262
700000.0003	-34.0292
700000.0003	-18.4342
700000.0003	-5.37421
700000.0003	-0.65316
700000.0003	-12.219
700000.0003	-26.8414
700000.0003	-9.09474
700000.0003	-20.7301
700000.0003	-2.26932
700000.0003	-9.18601
700000.0003	10.0831
700000.0003	7.72928
700000.0003	-12.4634
700000.0003	0.103478
700000.0003	0.867937
700000.0003	-2.49728
700000.0003	4.68453
700000.0003	1.52156
700000.0003	0
700000.0003	0
700000.0003	0
700000.0003	0
700000.0003	0
700000.0003	0
700000.0003	0
700000.0003	0
700000.0003	0
700000.0003	0
700000.0003	0
700000.0003	0
700000.0003	0
700000.0003	0
700000.0003	0
700000.0003	0
700000.0003	0
700000.0003	0
700000.0003	0
700000.0003	0
700000.0003	0
700000.0003	0
700000.0003	0
700000.0003	0
700000.0003	0
700000.0003	0
700000.0003	0
700000.0003	0
700000.0003	0
700000.0003	0
700000.0003	0
700000.0003	0
700000.0003	0
700000.0003	0
700000.0003	0
700000.0003	0
700000.0003	0
700000.0003	0
700000.0003	0
700000.0003	0
700000.0003	0
700000.0003	0
700000.0003	0
700000.0003	0
700000.0003	0
700000.0003	0
700000.0003	0
700000.0003	0
700000.0003	0
700000.0003	0
700000.0003	0
700000.0003	0
700000.0003	0
700000.0003	0
700000.0003	0
700000.0003	0
700000.0003	0
700000.0003	0
700000.0003	0
700000.0003	0
700000.0003	0
700000.0003	0
700000.0003	0
700000.0003	0
700000.0003	0
700000.0003	0
700000.0003	0
700000.0003	0
700000.0003	0
700000.0003	0
700000.0003	0
700000.0003	0
700000.0003	0
700000.0003	0
700000.0003	0
700000.0003	0
700000.0003	0
700000.0003	0
700000.0003	0
700000.0003	0
700000.0003	0
700000.0003	0
700000.0003	0
700000.0003	0
700000.0003	0
700000.0003	0
700000.0003	0
700000.0003	0
700000.0003	0
700000.0003	0
700000.0003	0
700000.0003	0
700000.0003	0
700000.0003	0
700000.0003	0
700000.0003	0
700000.0003	0
700000.0003	0
700000.0003	0
700000.0003	0
700000.0003	-0.0337647
700000.0003	-0.422167
700000.0003	0.448486
700000.0003	0.387142
700000.0003	0.608219
700000.0003	0.235256
700000.0003	0.143886
700000.0003	-0.993714
700000.0003	-0.55026
700000.0003	0.223798
700000.0003	-1.79943
700000.0003	1.47837
700000.0003	-2.11094
700000.0003	-2.39616
700000.0003	-0.740538
700000.0003	-2.82355
700000.0003	-2.3606
700000.0003	0.897197
700000.0003	-0.332742
700000.0003	-0.135216
700000.0003	-0.476205
700000.0003	2.12438
700000.0003	0.942637
700000.0003	0.352022
700000.0003	-2.65242
700000.0003	0.435583
700000.0003	0.518463
700000.0003	1.66696
700000.0003	-5.30089
700000.0003	-1.46507
700000.0003	2.62169
700000.0003	2.00381
700000.0003	-1.1059
700000.0003	3.19547
700000.0003	-1.81558
700000.0003	6.32346
700000.0003	2.01377
700000.0003	5.14881
700000.0003	-2.25361
700000.0003	2.63816
700000.0003	2.06091
700000.0003	-2.4608
700000.0003	1.44803
700000.0003	0.144436
700000.0003	5.37173
700000.0003	2.31856
700000.0003	-0.986325
700000.0003	-0.0186161
700000.0003	-3.31798
700000.0003	-1.36585
700000.0003	-0.489388
700000.0003	1.39194
700000.0003	3.85755
700000.0003	-2.42336
700000.0003	-0.156144
700000.0003	3.53931
700000.0003	-4.31909
700000.0003	0.146035
700000.0003	-3.9616
700000.0003	3.57836
700000.0003	2.97608
700000.0003	1.87066
700000.0003	4.49984
700000.0003	-3.58518
700000.0003	2.37441
700000.0003	3.69405
700000.0003	0.54565
700000.0003	2.08632
700000.0003	0.885674
700000.0003	2.97717
700000.0003	2.13557
700000.0003	-7.50256
700000.0003	-4.85351
700000.0003	4.71108
700000.0003	-3.61677
700000.0003	3.45539
700000.0003	1.0194
700000.0003	0.579166
700000.0003	-1.31683
700000.0003	2.00696
700000.0003	-2.15522
700000.0003	5.88392
700000.0003	5.46909
700000.0003	-0.162863
700000.0003	1.15854
700000.0003	-2.36461
700000.0003	4.94573
700000.0003	-2.25597
700000.0003	0.199587
700000.0003	3.81528
700000.0003	-3.85564
700000.0003	-0.359915
700000.0003	1.5148
700000.0003	0.739719
700000.0003	1.06379
700000.0003	-0.806918
700000.0003	-0.305808
700000.0003	-2.37405
700000.0003	1.22889
700000.0003	6.81741
700000.0003	2.01299
700000.0003	3.17391
700000.0003	-4.10288
700000.0003	1.96323
700000.0003	2.49703
700000.0003	-1.23536
700000.0003	-0.131945
700000.0003	-4.53354
700000.0003	-0.16673
700000.0003	5.17203
700000.0003	-0.993942
700000.0003	-1.78481
700000.0003	0.264185
700000.0003	-0.427599
700000.0003	-1.17538
700000.0003	2.99564
700000.0003	2.72018
700000.0003	-1.816
700000.0003	0.290849
700000.0003	-0.761142
700000.0003	1.89862
700000.0003	0.0935054
700000.0003	1.46787
700000.0003	1.01391
700000.0003	0.874719
700000.0003	-2.23289
700000.0003	-0.244461
700000.0003	-0.118624
700000.0003	-0.567622
700000.0003	0.220886
700000.0003	0.421112
700000.0003	-0.349792
700000.0003	-0.50332
700000.0003	-1.49307
700000.0003	0.537055
700000.0003	-0.409033
700000.0003	-0.532633
700000.0003	-0.717369
700000.0003	-0.0373026
700000.0003	-0.330184
700000.0003	0.143671
700000.0003	-0.0540282
700000.0003	-0.25167
700000.0003	-0.268326
700000.0003	-0.0594867
700000.0003	0.229322
700000.0003	-0.285776
700000.0003	0.0686155
700000.0003	-0.217769
700000.0003	0.212197
700000.0003	-0.0117284
700000.0003	-0.0547614
700000.0003	-0.0178475
700000.0003	-0.0132857
700000.0003	0.0583183
700000.0003	-0.070932
700000.0003	0.00486793
700000.0003	0.0227664
700000.0003	0.00317311
700000.0003	0.00504346
700000.0003	0
700000.0003	0
700000.0003	0
700000.0003	0
700000.0003	0
700000.0003	0
700000.0003	0
700000.0003	0
700000.0003	0
700000.0003	0
700000.0003	0
700000.0003	0
700000.0003	0
700000.0003	0
700000.0003	0
700000.0003	0
700000.0003	0
700000.0003	0
700000.0003	0
700000.0003	0
700000.0003	0
700000.0003	0
700000.0003	0
700000.0003	0
700000.0003	0
700000.0003	0
700000.0003	0
700000.0003	0
700000.0003	0
700000.0003	0
700000.0003	0
700000.0003	0
700000.0003	0
700000.0003	0
700000.0003	0
700000.0003	0
700000.0003	0
700000.0003	0
700000.0003	0
700000.0003	0
700000.0003	0
700000.0003	0
700000.0003	0
700000.0003	0
700000.0003	0
700000.0003	0
700000.0003	0
700000.0003	0
700000.0003	0
700000.0003	0
700000.0003	0
700000.0003	0
700000.0003	0
700000.0003	0
700000.0003	0
700000.0003	0
700000.0003	0
700000.0003	0
700000.0003	0
700000.0003	0
700000.0003	0
700000.0003	0
700000.0003	0
700000.0003	0
700000.0003	0
700000.0003	0
700000.0003	0
700000.0003	0
700000.0003	0
700000.0003	0
700000.0003	0
700000.0003	0
700000.0003	0
700000.0003	0
700000.0003	0
700000.0003	0
700000.0003	0
700000.0003	0
700000.0003	0
700000.0003	0
700000.0003	0
700000.0003	0
700000.0003	0
700000.0003	0
700000.0003	0
700000.0003	0
700000.0003	0
700000.0003	0
700000.0003	0
700000.0003	0
700000.0003	0
700000.0003	0
700000.0003	0
700000.0003	0
700000.0003	0
700000.0003	0
700000.0003	0
700000.0003	0
700000.0003	0
700000.0003	0
