700000.0003	64.3103
700000.0003	113.775
700000.0003	193.811
700000.0003	313.648
700000.0003	480.477
700000.0003	696.909
700000.0003	960.847
700000.0003	1262.15
700000.0003	1592.81
700000.0003	1968.92
700000.0003	2389.53
700000.0003	2856.54
700000.0003	3302.7
700000.0003	3646.03
700000.0003	3804.65
700000.0003	3733.29
700000.0003	3456.4
700000.0003	3054.82
700000.0003	2592.09
700000.0003	2143.49
700000.0003	1734.99
700000.0003	1363.31
700000.0003	1054.86
700000.0003	808.682
700000.0003	609.187
700000.0003	462.375
700000.0003	347.315
700000.0003	264.277
700000.0003	200.472
700000.0003	152.984
700000.0003	114.508
700000.0003	90.5325
700000.0003	70.3159
700000.0003	54.4425
700000.0003	43.5491
700000.0003	33.6689
700000.0003	27.8812
700000.0003	23.0579
700000.0003	17.0125
700000.0003	14.052
700000.0003	11.6529
700000.0003	8.69128
700000.0003	8.07782
700000.0003	7.87404
700000.0003	6.51765
700000.0003	4.06809
700000.0003	4.27408
700000.0003	4.19937
700000.0003	4.18625
700000.0003	5.77198
700000.0003	3.97828
700000.0003	2.65818
700000.0003	4.78056
700000.0003	1.52404
700000.0003	1.69215
700000.0003	1.73185
700000.0003	3.2446
700000.0003	0.81718
700000.0003	2.23019
700000.0003	1.57512
700000.0003	1.3784
700000.0003	2.18783
700000.0003	2.7114
700000.0003	2.02516
700000.0003	2.0351
700000.0003	1.37665
700000.0003	1.57527
700000.0003	1.52074
700000.0003	1.91606
700000.0003	0.936573
700000.0003	1.29316
700000.0003	0.567723
700000.0003	1.01538
700000.0003	0.859368
700000.0003	-0.0236297
700000.0003	1.64519
700000.0003	1.09256
700000.0003	0.759607
700000.0003	0.423581
700000.0003	0.390041
700000.0003	0.023711
700000.0003	1.00739
700000.0003	1.65363
700000.0003	0.173926
700000.0003	1.0443
700000.0003	0.174943
700000.0003	1.10345
700000.0003	-0.320255
700000.0003	0.7344
700000.0003	0.232061
700000.0003	-0.118179
700000.0003	0.453091
700000.0003	1.18564
700000.0003	0.771748
700000.0003	0.143775
700000.0003	0.298783
700000.0003	0.78164
700000.0003	0.588823
700000.0003	0.20504
700000.0003	0.775481
700000.0003	-0.540935
700000.0003	0.0150672
700000.0003	-1.06851
700000.0003	-0.235016
700000.0003	0.376969
700000.0003	0.300237
700000.0003	0.860569
700000.0003	0.0246196
700000.0003	0.473429
700000.0003	0.0270666
700000.0003	-0.0260806
700000.0003	0.193159
700000.0003	-0.632466
700000.0003	0.249393
700000.0003	0.0691497
700000.0003	-0.0621697
700000.0003	0.628946
700000.0003	0.93811
700000.0003	0.328175
700000.0003	1.21027
700000.0003	-0.417882
700000.0003	0.522268
700000.0003	-0.0863833
700000.0003	0.427495
700000.0003	0.223514
700000.0003	0.107742
700000.0003	-0.677836
700000.0003	-0.58562
700000.0003	0.466958
700000.0003	0.352687
700000.0003	-1.36113
700000.0003	-0.222276
700000.0003	-0.410732
700000.0003	0.119982
700000.0003	-0.68407
700000.0003	0.398024
700000.0003	0.378864
700000.0003	-0.252318
700000.0003	-0.448494
700000.0003	0.589739
700000.0003	0.145163
700000.0003	-0.696087
700000.0003	-0.00549239
700000.0003	-0.0791679
700000.0003	-0.665871
700000.0003	0.399304
700000.0003	0.845157
700000.0003	-0.986788
700000.0003	-0.631258
700000.0003	-0.780762
700000.0003	-1.43615
700000.0003	-1.62098
700000.0003	-1.35916
700000.0003	-2.13124
700000.0003	-0.768104
700000.0003	-1.78411
700000.0003	-1.77059
700000.0003	-1.22757
700000.0003	-1.07331
700000.0003	-0.677886
700000.0003	-1.93104
700000.0003	-2.2759
700000.0003	-1.55972
700000.0003	-1.42412
700000.0003	-3.01665
700000.0003	-2.92102
700000.0003	-1.36278
700000.0003	-2.54944
700000.0003	-1.71352
700000.0003	-2.80149
700000.0003	-3.46219
700000.0003	-2.8009
700000.0003	-2.71726
700000.0003	-2.37528
700000.0003	-3.81096
700000.0003	-4.28881
700000.0003	-4.63182
700000.0003	-4.00606
700000.0003	-2.83099
700000.0003	-2.76406
700000.0003	-3.64139
700000.0003	-4.08186
700000.0003	-4.11774
700000.0003	-4.97758
700000.0003	-5.09624
700000.0003	-6.31049
700000.0003	-5.16042
700000.0003	-5.44775
700000.0003	-6.38923
700000.0003	-5.38798
700000.0003	-6.86403
700000.0003	-6.58522
700000.0003	-6.99121
700000.0003	-8.46934
700000.0003	-7.92119
700000.0003	-7.6842
700000.0003	-7.77367
700000.0003	-8.61216
700000.0003	-9.02183
700000.0003	-10.3125
700000.0003	-9.90841
700000.0003	-10.3268
700000.0003	-10.916
700000.0003	-10.2901
700000.0003	-11.6352
700000.0003	-13.449
700000.0003	-13.6777
700000.0003	-14.5398
700000.0003	-14.7666
700000.0003	-14.7791
700000.0003	-16.6285
700000.0003	-17.6378
700000.0003	-19.7435
700000.0003	-21.523
700000.0003	-21.6909
700000.0003	-25.1115
700000.0003	-24.8802
700000.0003	-26.8402
700000.0003	-29.6493
700000.0003	-31.4657
700000.0003	-35.6393
700000.0003	-38.5578
700000.0003	-41.0485
700000.0003	-47.0999
700000.0003	-54.1235
700000.0003	-59.6829
700000.0003	-68.4688
700000.0003	-77.8355
700000.0003	-89.3362
700000.0003	-101.076
700000.0003	-117.761
700000.0003	-134.898
700000.0003	-158.492
700000.0003	-183.376
700000.0003	-211.033
700000.0003	-246.785
700000.0003	-290.163
700000.0003	-333.048
700000.0003	-390.402
700000.0003	-453.61
700000.0003	-521.285
700000.0003	-598.367
700000.0003	-684.755
700000.0003	-773.585
700000.0003	-869.481
700000.0003	-969.008
700000.0003	-1063.55
700000.0003	-1158.15
700000.0003	-1247.88
700000.0003	-1328.06
700000.0003	-1398.4
700000.0003	-1452.61
700000.0003	-1486.46
700000.0003	-1507.43
700000.0003	-1516.17
700000.0003	-1500.35
700000.0003	-1467.5
700000.0003	-1438.45
700000.0003	-1389.62
700000.0003	-1333.78
700000.0003	-1271.28
700000.0003	-1205.37
700000.0003	-1145.8
700000.0003	-1072.58
700000.0003	-1004.33
700000.0003	-937.626
700000.0003	-866.927
700000.0003	-799.884
700000.0003	-736.441
700000.0003	-672.321
700000.0003	-610.634
700000.0003	-551.598
700000.0003	-498.338
700000.0003	-442.421
700000.0003	-394.156
700000.0003	-348.179
700000.0003	-307.093
700000.0003	-271.368
700000.0003	-233.551
700000.0003	-202.626
700000.0003	-178.547
700000.0003	-155.94
700000.0003	-136.362
700000.0003	-120.005
700000.0003	-105.401
700000.0003	-95.605
700000.0003	-84.9515
700000.0003	-77.739
700000.0003	-71.7368
700000.0003	-65.4629
700000.0003	-60.8112
700000.0003	-56.9352
700000.0003	-53.5121
700000.0003	-52.0414
700000.0003	-49.7989
700000.0003	-47.8713
700000.0003	-46.5229
700000.0003	-45.6636
700000.0003	-43.789
700000.0003	-43.2313
700000.0003	-42.372
700000.0003	-43.16
700000.0003	-41.6657
700000.0003	-41.7828
700000.0003	-41.6156
700000.0003	-41.443
700000.0003	-41.2413
700000.0003	-41.0875
700000.0003	-41.8598
700000.0003	-41.7406
700000.0003	-41.3509
700000.0003	-41.023
700000.0003	-41.5631
700000.0003	-41.4389
700000.0003	-40.8639
700000.0003	-40.7818
700000.0003	-40.9439
700000.0003	-40.609
700000.0003	-40.9636
700000.0003	-40.8337
700000.0003	-40.6507
700000.0003	-40.6081
700000.0003	-41.2555
700000.0003	-41.4093
700000.0003	-39.945
700000.0003	-40.535
700000.0003	-40.6647
700000.0003	-40.9407
700000.0003	-41.4616
700000.0003	-40.7078
700000.0003	-40.9255
700000.0003	-40.4494
700000.0003	-40.0503
700000.0003	-40.9153
700000.0003	-40.5454
700000.0003	-40.1077
700000.0003	-40.0317
700000.0003	-40.453
700000.0003	-40.5398
700000.0003	-39.8621
700000.0003	-40.4672
700000.0003	-40.9662
700000.0003	-40.2008
700000.0003	-39.5959
700000.0003	-40.4013
700000.0003	-40.0616
700000.0003	-39.583
700000.0003	-40.8647
700000.0003	-40.1428
700000.0003	-40.2345
700000.0003	-41.0327
700000.0003	-39.7922
700000.0003	-40.0792
700000.0003	-39.7406
700000.0003	-40.2788
700000.0003	-39.4174
700000.0003	-40.1795
700000.0003	-40.4927
700000.0003	-40.8839
700000.0003	-39.8712
700000.0003	-39.7048
700000.0003	-39.6754
700000.0003	-39.5934
700000.0003	-38.547
700000.0003	-39.4434
700000.0003	-38.5564
700000.0003	-39.2864
700000.0003	-39.3807
700000.0003	-40.0494
700000.0003	-39.8596
700000.0003	-39.1131
700000.0003	-38.2685
700000.0003	-38.5416
700000.0003	-39.603
700000.0003	-39.0308
700000.0003	-38.8011
700000.0003	-38.8512
700000.0003	-38.6146
700000.0003	-37.6391
700000.0003	-38.086
700000.0003	-38.938
700000.0003	-38.2004
700000.0003	-37.4914
700000.0003	-36.6116
700000.0003	-36.4217
700000.0003	-34.9016
700000.0003	-35.7606
700000.0003	-34.2458
700000.0003	-34.8092
700000.0003	-33.0148
700000.0003	-30.9779
700000.0003	-29.9731
700000.0003	-26.9412
700000.0003	-23.8963
700000.0003	-19.6989
700000.0003	-15.0331
700000.0003	-6.13269
700000.0003	4.97199
700000.0003	17.126
700000.0003	37.5115
700000.0003	0.969799
700000.0003	-0.368719
700000.0003	0.281534
700000.0003	-0.0397856
700000.0003	1.94796
700000.0003	-0.0656519
700000.0003	0.916014
700000.0003	3.00367
700000.0003	-0.174209
700000.0003	-0.342615
700000.0003	2.28289
700000.0003	-0.0860196
700000.0003	-2.2574
700000.0003	-2.61302
700000.0003	-0.341932
700000.0003	2.25911
700000.0003	-4.18825
700000.0003	0.413
700000.0003	0.180479
700000.0003	-1.81452
700000.0003	-1.93415
700000.0003	3.62423
700000.0003	0.77247
700000.0003	-0.523496
700000.0003	3.5525
700000.0003	-1.97422
700000.0003	-0.878215
700000.0003	-1.35715
700000.0003	0.782198
700000.0003	-0.010362
700000.0003	-0.851118
700000.0003	0.426298
700000.0003	-0.712066
700000.0003	1.38628
700000.0003	-0.147556
700000.0003	1.0487
700000.0003	-0.723698
700000.0003	-0.125197
700000.0003	0.630127
700000.0003	0.0207024
700000.0003	-0.0853896
700000.0003	0.240202
700000.0003	0.734439
700000.0003	-0.594392
700000.0003	-0.681506
700000.0003	0.323231
700000.0003	-0.285518
700000.0003	1.17653
700000.0003	-0.27212
700000.0003	-1.06233
700000.0003	-0.207808
700000.0003	0.105547
700000.0003	0.763194
700000.0003	-0.249796
700000.0003	-0.10299
700000.0003	-0.4466
700000.0003	0.612891
700000.0003	0.550665
700000.0003	0.0808788
700000.0003	-1.16196
700000.0003	-0.49947
700000.0003	0.769115
700000.0003	0.215003
700000.0003	-0.391213
700000.0003	-0.782276
700000.0003	-0.79865
700000.0003	0.129814
700000.0003	1.42075
700000.0003	-0.682967
700000.0003	0.0896046
700000.0003	0.152858
700000.0003	-0.471607
700000.0003	-1.16748
700000.0003	1.07563
700000.0003	0.425971
700000.0003	-0.485501
700000.0003	1.30058
700000.0003	-0.143645
700000.0003	-0.0532707
700000.0003	-0.16821
700000.0003	-0.466249
700000.0003	-0.30492
700000.0003	0.97095
700000.0003	-0.0246937
700000.0003	0.192371
700000.0003	-0.0129896
700000.0003	-0.275013
700000.0003	0.955439
700000.0003	0.882978
700000.0003	0.720408
700000.0003	-1.41387
700000.0003	-0.0730976
700000.0003	-0.780035
700000.0003	0.280685
700000.0003	-0.43382
700000.0003	-0.43087
700000.0003	-0.695453
700000.0003	-0.174431
700000.0003	1.33081
700000.0003	-0.439203
700000.0003	0.148947
700000.0003	-0.337231
700000.0003	-0.922808
700000.0003	-0.000920766
700000.0003	1.41571
700000.0003	-0.928788
700000.0003	0.824154
700000.0003	-0.116993
700000.0003	0.425772
700000.0003	-0.296094
700000.0003	0.333412
700000.0003	-0.13294
700000.0003	-0.443565
700000.0003	0.146031
700000.0003	-0.440427
700000.0003	0.94954
700000.0003	0.295649
700000.0003	0.586352
700000.0003	-0.62385
700000.0003	-0.253334
700000.0003	-0.0438755
700000.0003	0.284925
700000.0003	0.28433
700000.0003	-0.720204
700000.0003	-0.136328
700000.0003	-0.10861
700000.0003	0.523797
700000.0003	-0.545507
700000.0003	-0.599158
700000.0003	0.457767
700000.0003	-0.260444
700000.0003	-0.150573
700000.0003	0.234923
700000.0003	-0.0216389
700000.0003	-0.732463
700000.0003	0.0689664
700000.0003	1.03956
700000.0003	0.947534
700000.0003	-0.855326
700000.0003	-0.2117
700000.0003	0.0366078
700000.0003	-0.466213
700000.0003	0.559657
700000.0003	-0.499483
700000.0003	0.844909
700000.0003	-0.596381
700000.0003	-0.527086
700000.0003	0.267425
700000.0003	-0.558177
700000.0003	0.0683927
700000.0003	-0.126779
700000.0003	0.357517
700000.0003	-0.525459
700000.0003	0.755822
700000.0003	0.302143
700000.0003	0.695258
700000.0003	0.299375
700000.0003	-0.424869
700000.0003	0.20826
700000.0003	-0.668533
700000.0003	-0.274944
700000.0003	-0.666126
700000.0003	-0.909345
700000.0003	0.495791
700000.0003	0.693535
700000.0003	-0.550228
700000.0003	0.445904
700000.0003	-0.146144
700000.0003	0.603913
700000.0003	-0.118104
700000.0003	0.924201
700000.0003	-0.205884
700000.0003	-0.350467
700000.0003	0.0445547
700000.0003	0.747276
700000.0003	0.165766
700000.0003	-0.795362
700000.0003	0.168964
700000.0003	-0.929904
700000.0003	-0.0809156
700000.0003	0.22075
700000.0003	0.923385
700000.0003	-0.086518
700000.0003	-0.127068
700000.0003	-0.139604
700000.0003	-0.0866312
700000.0003	-0.216577
700000.0003	-0.32816
700000.0003	0.160483
700000.0003	-0.936082
700000.0003	1.05364
700000.0003	-0.715668
700000.0003	-0.712528
700000.0003	0.60617
700000.0003	-0.0666678
700000.0003	-0.179627
700000.0003	0.772659
700000.0003	0.306723
700000.0003	0.625988
700000.0003	0.342655
700000.0003	-0.775356
700000.0003	-0.519742
700000.0003	0.829011
700000.0003	-0.866141
700000.0003	0.200404
700000.0003	-0.279197
700000.0003	0.460672
700000.0003	0.0998235
700000.0003	-0.664739
700000.0003	-1.2517
700000.0003	0.628304
700000.0003	0.539466
700000.0003	0.035556
700000.0003	-0.668316
700000.0003	0.270961
700000.0003	-0.493011
700000.0003	-0.0350839
700000.0003	-0.227242
700000.0003	0.693704
700000.0003	1.52147
700000.0003	1.16487
700000.0003	0.0591226
700000.0003	-0.502047
700000.0003	-1.15066
700000.0003	-0.291784
700000.0003	-0.209063
700000.0003	0.59811
700000.0003	-0.845937
700000.0003	0.990071
700000.0003	1.01347
700000.0003	-0.62771
700000.0003	1.40224
700000.0003	-0.346095
700000.0003	1.16553
700000.0003	-1.11203
700000.0003	1.3498
700000.0003	-0.708496
700000.0003	0.682606
700000.0003	-0.280834
700000.0003	-0.657602
700000.0003	0.71272
700000.0003	-0.849647
700000.0003	3.08485
700000.0003	-1.87565
700000.0003	3.19028
700000.0003	-0.412894
700000.0003	1.83753
700000.0003	1.11349
700000.0003	-2.22855
700000.0003	-0.454562
700000.0003	0.465807
700000.0003	-0.515551
700000.0003	-2.36609
700000.0003	-1.78804
700000.0003	0.275714
700000.0003	1.60771
700000.0003	-4.53388
700000.0003	-1.68143
700000.0003	0.219312
700000.0003	4.48575
700000.0003	-0.414714
700000.0003	0.0567659
700000.0003	-0.819246
700000.0003	-0.336871
700000.0003	-2.72883
700000.0003	0.773119
700000.0003	0.409282
700000.0003	-0.0184036
700000.0003	-3.30412
700000.0003	1.97878
700000.0003	-0.707274
700000.0003	-1.97519
700000.0003	0.189233
700000.0003	-0.238354
700000.0003	-0.0722652
700000.0003	2.28567
700000.0003	-0.258871
700000.0003	0.661093
700000.0003	-0.20981
700000.0003	-0.189768
700000.0003	0.450989
700000.0003	0.81282
700000.0003	-0.180672
700000.0003	0.13797
700000.0003	0.325293
700000.0003	-0.642672
700000.0003	-0.70545
700000.0003	0.405777
700000.0003	-1.35815
700000.0003	-0.401481
700000.0003	-0.461191
700000.0003	0.16422
700000.0003	-0.294878
700000.0003	0.342208
700000.0003	0.381559
700000.0003	-0.0418462
700000.0003	0.0277749
700000.0003	-0.408924
700000.0003	1.03438
700000.0003	0.482934
700000.0003	-0.45279
700000.0003	0.0678484
700000.0003	0.0148193
700000.0003	0.0872396
700000.0003	-0.466892
700000.0003	-0.596812
700000.0003	-0.617123
700000.0003	-0.573334
700000.0003	-0.182164
700000.0003	0.417057
700000.0003	0.954111
700000.0003	0.826036
700000.0003	0.117083
700000.0003	0.476337
700000.0003	0.438977
700000.0003	-0.366297
700000.0003	0.0770375
700000.0003	-0.129791
700000.0003	0.41588
700000.0003	-0.304799
700000.0003	0.164984
700000.0003	-1.07943
700000.0003	-0.0658533
700000.0003	0.414354
700000.0003	-0.0484881
700000.0003	-0.276669
700000.0003	0.673632
700000.0003	-0.216985
700000.0003	0.579315
700000.0003	0.503346
700000.0003	0.650186
700000.0003	-0.492474
700000.0003	-0.26364
700000.0003	-0.570524
700000.0003	-0.222968
700000.0003	-0.381057
700000.0003	-0.27502
700000.0003	-0.0848267
700000.0003	0.460565
700000.0003	0.380299
700000.0003	0.24076
700000.0003	0.0595378
700000.0003	0.380296
700000.0003	-0.752643
700000.0003	-0.0869437
700000.0003	0.0900191
700000.0003	-0.44306
700000.0003	-0.367133
700000.0003	0.688886
700000.0003	-0.751072
700000.0003	-0.531184
700000.0003	-0.520249
700000.0003	-0.256529
700000.0003	0.315285
700000.0003	0.377828
700000.0003	-0.0829075
700000.0003	0.69928
700000.0003	0.248168
700000.0003	-0.18544
700000.0003	-0.135221
700000.0003	0.491355
700000.0003	-0.960699
700000.0003	-0.372079
700000.0003	0.077818
700000.0003	-0.259262
700000.0003	0.38767
700000.0003	0.272895
700000.0003	-0.0738442
700000.0003	-0.0692697
700000.0003	0.217009
700000.0003	0.151091
700000.0003	0.579694
700000.0003	-0.066143
700000.0003	0.206963
700000.0003	0.736698
700000.0003	-0.196458
700000.0003	-0.11517
700000.0003	-0.317693
700000.0003	-0.349954
700000.0003	-1.03391
700000.0003	0.448839
700000.0003	-0.499488
700000.0003	0.37139
700000.0003	0.297893
700000.0003	1.14494
700000.0003	0.556546
700000.0003	0.228349
700000.0003	0.381902
700000.0003	-0.524903
700000.0003	-0.0586768
700000.0003	0.463397
700000.0003	-0.227353
700000.0003	0.945264
700000.0003	0.228004
700000.0003	-1.00951
700000.0003	-0.237995
700000.0003	0.546244
700000.0003	-0.767947
700000.0003	0.430314
700000.0003	-0.609492
