700000.0003	63.3161
700000.0003	112.869
700000.0003	191.76
700000.0003	312.711
700000.0003	480.98
700000.0003	697.765
700000.0003	959.27
700000.0003	1256.64
700000.0003	1588.5
700000.0003	1966.18
700000.0003	2395.19
700000.0003	2859.32
700000.0003	3306.09
700000.0003	3648.8
700000.0003	3802.6
700000.0003	3729.67
700000.0003	3456.74
700000.0003	3048.64
700000.0003	2597.57
700000.0003	2148.7
700000.0003	1733.52
700000.0003	1362.19
700000.0003	1057.08
700000.0003	805.272
700000.0003	613.953
700000.0003	465.72
700000.0003	349.321
700000.0003	262.914
700000.0003	200.084
700000.0003	154.602
700000.0003	115.513
700000.0003	90.9179
700000.0003	70.3669
700000.0003	54.7888
700000.0003	43.2604
700000.0003	35.3456
700000.0003	26.9505
700000.0003	21.755
700000.0003	16.0201
700000.0003	13.8237
700000.0003	11.2
700000.0003	8.74333
700000.0003	7.73831
700000.0003	7.19474
700000.0003	7.00904
700000.0003	5.02346
700000.0003	4.24537
700000.0003	4.62226
700000.0003	4.95417
700000.0003	3.55666
700000.0003	3.75086
700000.0003	4.1264
700000.0003	3.55781
700000.0003	2.43516
700000.0003	3.3198
700000.0003	2.44275
700000.0003	1.85248
700000.0003	1.01976
700000.0003	2.16689
700000.0003	1.70769
700000.0003	1.42081
700000.0003	3.03961
700000.0003	1.23264
700000.0003	2.22242
700000.0003	1.43323
700000.0003	2.04612
700000.0003	1.76075
700000.0003	1.48489
700000.0003	0.874504
700000.0003	2.21372
700000.0003	1.70196
700000.0003	1.85536
700000.0003	0.438531
700000.0003	0.997912
700000.0003	0.839597
700000.0003	-0.094304
700000.0003	0.840098
700000.0003	0.707596
700000.0003	0.494363
700000.0003	1.63072
700000.0003	0.60813
700000.0003	0.440984
700000.0003	1.41615
700000.0003	1.05891
700000.0003	0.66111
700000.0003	0.0318055
700000.0003	-0.403044
700000.0003	-0.0681649
700000.0003	0.325578
700000.0003	0.0385119
700000.0003	0.418982
700000.0003	-0.435122
700000.0003	0.90272
700000.0003	1.03104
700000.0003	0.257758
700000.0003	0.140828
700000.0003	0.138099
700000.0003	0.537695
700000.0003	0.810807
700000.0003	0.594892
700000.0003	0.57697
700000.0003	-0.303769
700000.0003	-0.874927
700000.0003	0.833688
700000.0003	1.02127
700000.0003	0.910456
700000.0003	0.877208
700000.0003	0.30637
700000.0003	0.258888
700000.0003	0.568636
700000.0003	-0.702733
700000.0003	0.175222
700000.0003	-0.156293
700000.0003	-0.205201
700000.0003	-0.378943
700000.0003	0.0811106
700000.0003	1.17435
700000.0003	-0.390068
700000.0003	1.02324
700000.0003	-0.248304
700000.0003	0.445971
700000.0003	0.45707
700000.0003	1.48457
700000.0003	-0.552083
700000.0003	0.429791
700000.0003	-0.70664
700000.0003	0.799022
700000.0003	-0.365391
700000.0003	-0.239038
700000.0003	-0.379698
700000.0003	0.391722
700000.0003	0.653294
700000.0003	-0.970193
700000.0003	1.17485
700000.0003	-0.230829
700000.0003	-1.01886
700000.0003	-0.299171
700000.0003	0.301136
700000.0003	-0.63352
700000.0003	0.410231
700000.0003	0.240648
700000.0003	-0.643132
700000.0003	-0.440245
700000.0003	-0.203854
700000.0003	-0.430242
700000.0003	-0.987483
700000.0003	-0.654053
700000.0003	-1.03198
700000.0003	-1.2625
700000.0003	-1.2661
700000.0003	-0.723432
700000.0003	-0.804581
700000.0003	-0.582082
700000.0003	-0.666844
700000.0003	-1.4455
700000.0003	-1.12159
700000.0003	-1.6142
700000.0003	-1.00754
700000.0003	-2.2291
700000.0003	-2.07176
700000.0003	-1.56829
700000.0003	-2.08928
700000.0003	-1.84206
700000.0003	-2.16773
700000.0003	-1.95982
700000.0003	-2.16163
700000.0003	-2.8694
700000.0003	-1.75694
700000.0003	-1.84136
700000.0003	-3.18874
700000.0003	-3.99873
700000.0003	-2.80884
700000.0003	-3.09893
700000.0003	-2.99571
700000.0003	-3.5221
700000.0003	-3.26047
700000.0003	-4.49105
700000.0003	-3.03047
700000.0003	-4.10935
700000.0003	-2.53841
700000.0003	-3.49367
700000.0003	-4.88567
700000.0003	-3.80835
700000.0003	-4.69799
700000.0003	-5.30469
700000.0003	-5.52591
700000.0003	-5.44912
700000.0003	-5.99384
700000.0003	-5.51345
700000.0003	-7.26656
700000.0003	-6.10721
700000.0003	-7.54798
700000.0003	-7.29578
700000.0003	-7.9828
700000.0003	-7.20565
700000.0003	-8.14753
700000.0003	-6.70668
700000.0003	-8.976
700000.0003	-8.73643
700000.0003	-9.0629
700000.0003	-11.3305
700000.0003	-10.5074
700000.0003	-10.6224
700000.0003	-11.0407
700000.0003	-12.1849
700000.0003	-11.7287
700000.0003	-14.1126
700000.0003	-13.6434
700000.0003	-14.2294
700000.0003	-16.1643
700000.0003	-17.3045
700000.0003	-17.9958
700000.0003	-19.4825
700000.0003	-20.895
700000.0003	-21.6288
700000.0003	-23.6834
700000.0003	-26.0314
700000.0003	-27.7472
700000.0003	-29.1611
700000.0003	-32.1549
700000.0003	-34.8423
700000.0003	-38.5793
700000.0003	-42.7176
700000.0003	-48.5897
700000.0003	-54.0083
700000.0003	-60.2571
700000.0003	-69.8362
700000.0003	-76.9396
700000.0003	-89.9709
700000.0003	-102.615
700000.0003	-117.808
700000.0003	-137.225
700000.0003	-156.379
700000.0003	-181.95
700000.0003	-214.096
700000.0003	-247.898
700000.0003	-290.648
700000.0003	-335.942
700000.0003	-391.348
700000.0003	-450.055
700000.0003	-524.057
700000.0003	-595.911
700000.0003	-683.07
700000.0003	-774.487
700000.0003	-865.945
700000.0003	-963.324
700000.0003	-1063.62
700000.0003	-1157.77
700000.0003	-1247.73
700000.0003	-1329.98
700000.0003	-1396.46
700000.0003	-1448.74
700000.0003	-1487.11
700000.0003	-1508.97
700000.0003	-1515.09
700000.0003	-1499.91
700000.0003	-1477.14
700000.0003	-1439.6
700000.0003	-1391.57
700000.0003	-1324.98
700000.0003	-1269.5
700000.0003	-1208.85
700000.0003	-1139.08
700000.0003	-1073.12
700000.0003	-1002.32
700000.0003	-938.304
700000.0003	-864.471
700000.0003	-802.876
700000.0003	-735.524
700000.0003	-673.556
700000.0003	-611.548
700000.0003	-551.206
700000.0003	-496.979
700000.0003	-443.013
700000.0003	-392.494
700000.0003	-348.662
700000.0003	-305.013
700000.0003	-270.927
700000.0003	-235.802
700000.0003	-203.608
700000.0003	-178.909
700000.0003	-155.788
700000.0003	-137.194
700000.0003	-119.228
700000.0003	-104.135
700000.0003	-93.9839
700000.0003	-85.0549
700000.0003	-77.6786
700000.0003	-70.3774
700000.0003	-64.1616
700000.0003	-62.0552
700000.0003	-58.3208
700000.0003	-54.0293
700000.0003	-53.0951
700000.0003	-50.0498
700000.0003	-48.1704
700000.0003	-46.9095
700000.0003	-45.0473
700000.0003	-43.3698
700000.0003	-42.5235
700000.0003	-42.91
700000.0003	-42.6452
700000.0003	-42.4836
700000.0003	-41.9546
700000.0003	-42.3864
700000.0003	-41.72
700000.0003	-41.2321
700000.0003	-41.3374
700000.0003	-41.528
700000.0003	-41.5247
700000.0003	-41.0273
700000.0003	-41.0501
700000.0003	-41.9954
700000.0003	-41.317
700000.0003	-41.4008
700000.0003	-41.1092
700000.0003	-39.8599
700000.0003	-40.7131
700000.0003	-40.4283
700000.0003	-40.647
700000.0003	-40.5297
700000.0003	-40.2646
700000.0003	-41.325
700000.0003	-41.068
700000.0003	-40.6042
700000.0003	-39.8556
700000.0003	-40.0554
700000.0003	-41.1595
700000.0003	-40.611
700000.0003	-40.9276
700000.0003	-41.1428
700000.0003	-40.5576
700000.0003	-40.57
700000.0003	-41.3723
700000.0003	-40.4184
700000.0003	-39.6946
700000.0003	-39.5129
700000.0003	-39.999
700000.0003	-39.8863
700000.0003	-40.4483
700000.0003	-40.7891
700000.0003	-39.6498
700000.0003	-39.6334
700000.0003	-40.5863
700000.0003	-40.6834
700000.0003	-40.1956
700000.0003	-40.1974
700000.0003	-40.6707
700000.0003	-40.482
700000.0003	-40.2354
700000.0003	-40.6814
700000.0003	-40.4269
700000.0003	-40.5658
700000.0003	-40.267
700000.0003	-40.4769
700000.0003	-39.6673
700000.0003	-40.213
700000.0003	-39.8755
700000.0003	-39.7673
700000.0003	-39.8327
700000.0003	-39.6758
700000.0003	-40.2348
700000.0003	-39.4637
700000.0003	-39.4629
700000.0003	-39.1064
700000.0003	-39.8304
700000.0003	-39.5049
700000.0003	-39.1663
700000.0003	-39.4917
700000.0003	-39.8492
700000.0003	-39.5286
700000.0003	-38.7114
700000.0003	-39.855
700000.0003	-38.6925
700000.0003	-38.6426
700000.0003	-39.7702
700000.0003	-38.9522
700000.0003	-39.2112
700000.0003	-39.3052
700000.0003	-38.8572
700000.0003	-37.8462
700000.0003	-38.2834
700000.0003	-37.2934
700000.0003	-37.011
700000.0003	-35.431
700000.0003	-36.4237
700000.0003	-36.37
700000.0003	-35.6472
700000.0003	-33.5678
700000.0003	-32.7868
700000.0003	-30.5664
700000.0003	-30.5366
700000.0003	-27.5476
700000.0003	-24.5004
700000.0003	-19.9522
700000.0003	-15.0602
700000.0003	-6.30094
700000.0003	4.0202
700000.0003	17.8023
700000.0003	35.7742
700000.0003	-0.965552
700000.0003	0.722559
700000.0003	0.131107
700000.0003	0.570426
700000.0003	1.17258
700000.0003	1.63815
700000.0003	-0.704811
700000.0003	0.402073
700000.0003	2.86079
700000.0003	-2.61916
700000.0003	0.0101654
700000.0003	-1.77601
700000.0003	-1.12908
700000.0003	2.66421
700000.0003	0.690004
700000.0003	-4.6019
700000.0003	4.24631
700000.0003	3.27291
700000.0003	5.74615
700000.0003	-3.10063
700000.0003	-3.88661
700000.0003	1.16216
700000.0003	-1.30059
700000.0003	-2.04274
700000.0003	-0.375849
700000.0003	-0.554874
700000.0003	0.441553
700000.0003	2.19042
700000.0003	0.0831841
700000.0003	-0.84458
700000.0003	1.3414
700000.0003	-1.41219
700000.0003	-0.337423
700000.0003	-0.35516
700000.0003	0.362262
700000.0003	0.0364552
700000.0003	0.462704
700000.0003	-1.01134
700000.0003	-0.190547
700000.0003	0.132079
700000.0003	-0.275534
700000.0003	-0.29326
700000.0003	0.208108
700000.0003	-0.420401
700000.0003	-0.285033
700000.0003	0.53651
700000.0003	-0.245897
700000.0003	0.758183
700000.0003	0.696727
700000.0003	-0.609788
700000.0003	-0.652012
700000.0003	0.0279299
700000.0003	0.729088
700000.0003	0.100468
700000.0003	0.599948
700000.0003	0.414458
700000.0003	-1.00253
700000.0003	-0.440012
700000.0003	0.54708
700000.0003	0.319151
700000.0003	-0.64434
700000.0003	-0.656958
700000.0003	0.454045
700000.0003	1.07127
700000.0003	0.0136717
700000.0003	-0.598682
700000.0003	0.509505
700000.0003	0.759248
700000.0003	-0.0842712
700000.0003	-0.597551
700000.0003	-1.50321
700000.0003	-0.0332743
700000.0003	0.419018
700000.0003	-0.421018
700000.0003	1.00762
700000.0003	0.111078
700000.0003	1.49157
700000.0003	-0.402967
700000.0003	0.506864
700000.0003	-0.587922
700000.0003	0.224148
700000.0003	0.383704
700000.0003	0.0959614
700000.0003	-0.589577
700000.0003	-1.70926
700000.0003	0.42578
700000.0003	-0.377204
700000.0003	0.879175
700000.0003	-0.491486
700000.0003	0.288556
700000.0003	-0.189477
700000.0003	-0.227655
700000.0003	0.0954918
700000.0003	0.231346
700000.0003	0.493522
700000.0003	-0.942831
700000.0003	-0.586874
700000.0003	0.409533
700000.0003	-0.0486197
700000.0003	-0.795737
700000.0003	0.306415
700000.0003	0.850096
700000.0003	-0.680275
700000.0003	0.303709
700000.0003	0.776401
700000.0003	0.353627
700000.0003	0.240184
700000.0003	0.159873
700000.0003	0.275348
700000.0003	-0.828678
700000.0003	0.30561
700000.0003	-0.861387
700000.0003	-0.194678
700000.0003	0.176641
700000.0003	-0.287678
700000.0003	0.222234
700000.0003	1.39264
700000.0003	0.0906911
700000.0003	-0.202532
700000.0003	0.723385
700000.0003	-0.186326
700000.0003	-0.451667
700000.0003	-0.565344
700000.0003	-0.279651
700000.0003	-0.0546022
700000.0003	0.513887
700000.0003	-0.700448
700000.0003	-0.329363
700000.0003	-0.0844469
700000.0003	0.115796
700000.0003	0.739493
700000.0003	-0.513882
700000.0003	-0.319018
700000.0003	0.279778
700000.0003	0.306188
700000.0003	-0.529623
700000.0003	0.636405
700000.0003	-0.419528
700000.0003	0.0279917
700000.0003	0.250207
700000.0003	-0.479565
700000.0003	0.153494
700000.0003	-0.450308
700000.0003	0.757788
700000.0003	-0.39855
700000.0003	0.497685
700000.0003	0.0548657
700000.0003	0.180219
700000.0003	0.120007
700000.0003	0.416342
700000.0003	0.736173
700000.0003	-0.554559
700000.0003	0.346985
700000.0003	-0.270571
700000.0003	-0.0237474
700000.0003	-0.569732
700000.0003	-0.934156
700000.0003	-0.0334673
700000.0003	0.383435
700000.0003	0.503669
700000.0003	0.460967
700000.0003	-0.0391385
700000.0003	0.328652
700000.0003	0.228421
700000.0003	-0.202315
700000.0003	-1.02726
700000.0003	0.12873
700000.0003	0.0731773
700000.0003	0.0424722
700000.0003	-0.359845
700000.0003	-0.113842
700000.0003	0.546101
700000.0003	0.436796
700000.0003	-0.510518
700000.0003	-0.0346993
700000.0003	0.63944
700000.0003	0.359078
700000.0003	0.159699
700000.0003	-0.432125
700000.0003	0.217993
700000.0003	-1.15734
700000.0003	0.695958
700000.0003	-0.658232
700000.0003	-0.240051
700000.0003	0.662213
700000.0003	0.52363
700000.0003	0.0406153
700000.0003	-0.981729
700000.0003	0.828094
700000.0003	-1.02469
700000.0003	-0.51117
700000.0003	-0.198808
700000.0003	0.455113
700000.0003	0.411203
700000.0003	0.578597
700000.0003	0.46294
700000.0003	-0.99123
700000.0003	-0.0941864
700000.0003	0.264278
700000.0003	-0.977832
700000.0003	0.0453749
700000.0003	0.416389
700000.0003	-0.474897
700000.0003	-0.105415
700000.0003	1.18808
700000.0003	0.953364
700000.0003	-0.490677
700000.0003	0.333388
700000.0003	0.473932
700000.0003	0.428307
700000.0003	-0.491744
700000.0003	1.04138
700000.0003	-1.69774
700000.0003	-0.502737
700000.0003	-1.18379
700000.0003	0.278026
700000.0003	1.47134
700000.0003	-0.726598
700000.0003	-0.36899
700000.0003	-0.586971
700000.0003	-0.0559611
700000.0003	-0.016931
700000.0003	0.390157
700000.0003	-0.326578
700000.0003	1.26303
700000.0003	-0.399743
700000.0003	-0.504023
700000.0003	0.991527
700000.0003	-0.0936582
700000.0003	-0.0646942
700000.0003	-1.20076
700000.0003	1.37337
700000.0003	-0.463295
700000.0003	-0.809599
700000.0003	-0.211059
700000.0003	-1.20853
700000.0003	-0.102484
700000.0003	1.22293
700000.0003	0.877411
700000.0003	-0.682672
700000.0003	1.26281
700000.0003	-1.1555
700000.0003	0.901184
700000.0003	2.08793
700000.0003	-2.46987
700000.0003	0.62999
700000.0003	-1.9898
700000.0003	0.121612
700000.0003	-1.16507
700000.0003	0.610755
700000.0003	1.96477
700000.0003	0.0474384
700000.0003	0.432862
700000.0003	-1.63746
700000.0003	-0.424256
700000.0003	0.691775
700000.0003	1.0486
700000.0003	0.711139
700000.0003	-2.21646
700000.0003	-2.23026
700000.0003	0.0647004
700000.0003	-0.973187
700000.0003	0.582273
700000.0003	1.80113
700000.0003	2.48944
700000.0003	-1.39422
700000.0003	-1.05852
700000.0003	0.816316
700000.0003	1.14456
700000.0003	0.310454
700000.0003	0.108586
700000.0003	-0.106715
700000.0003	0.985856
700000.0003	-1.55659
700000.0003	-0.887313
700000.0003	0.524184
700000.0003	1.93644
700000.0003	1.35347
700000.0003	0.116163
700000.0003	-1.1345
700000.0003	0.737323
700000.0003	0.371248
700000.0003	0.342274
700000.0003	-0.115424
700000.0003	0.0524021
700000.0003	-0.160831
700000.0003	0.213131
700000.0003	0.127019
700000.0003	0.0643373
700000.0003	0.284412
700000.0003	0.384672
700000.0003	-0.404028
700000.0003	0.448674
700000.0003	-0.422845
700000.0003	0.630349
700000.0003	-0.684561
700000.0003	-0.274406
700000.0003	-0.980071
700000.0003	-0.798995
700000.0003	-0.56601
700000.0003	-0.847039
700000.0003	-0.530519
700000.0003	-0.400492
700000.0003	0.201479
700000.0003	0.454274
700000.0003	0.162184
700000.0003	0.83261
700000.0003	-0.0779259
700000.0003	-0.140381
700000.0003	0.389808
700000.0003	0.907659
700000.0003	0.0907204
700000.0003	-0.60765
700000.0003	0.72099
700000.0003	0.807092
700000.0003	0.942498
700000.0003	-0.0691252
700000.0003	-0.457934
700000.0003	0.310522
700000.0003	-0.322887
700000.0003	0.0561362
700000.0003	-0.674984
700000.0003	0.989014
700000.0003	0.913993
700000.0003	0.256887
700000.0003	-0.171997
700000.0003	1.38775
700000.0003	0.0361009
700000.0003	0.247688
700000.0003	0.13456
700000.0003	0.194765
700000.0003	0.19884
700000.0003	-0.127503
700000.0003	-0.833368
700000.0003	-0.268467
700000.0003	-0.274888
700000.0003	-0.901851
700000.0003	-0.282454
700000.0003	-0.26629
700000.0003	-0.386421
700000.0003	-0.886271
700000.0003	0.684137
700000.0003	0.385269
700000.0003	-0.644117
700000.0003	-0.826813
700000.0003	0.432121
700000.0003	0.809753
700000.0003	-0.593482
700000.0003	-0.0856595
700000.0003	-0.68905
700000.0003	-0.0725867
700000.0003	-0.526491
700000.0003	-0.848341
700000.0003	-0.49481
700000.0003	0.75415
700000.0003	-0.273968
700000.0003	0.733674
700000.0003	0.234301
700000.0003	0.369296
700000.0003	-0.345335
700000.0003	0.498905
700000.0003	0.580511
700000.0003	-0.125018
700000.0003	-0.0464758
700000.0003	-0.545534
700000.0003	0.21246
700000.0003	0.501398
700000.0003	-0.221496
700000.0003	-0.679802
700000.0003	0.642946
700000.0003	-0.285987
700000.0003	-0.511876
700000.0003	-0.13668
700000.0003	-0.46334
700000.0003	-0.2741
700000.0003	0.0356308
700000.0003	0.743032
700000.0003	-0.135957
700000.0003	0.993581
700000.0003	0.464184
700000.0003	-0.748143
700000.0003	-0.169271
700000.0003	-0.652166
700000.0003	-0.776291
700000.0003	0.063864
700000.0003	-0.176625
700000.0003	0.00970613
700000.0003	-0.438667
700000.0003	-0.0929506
700000.0003	-0.169945
700000.0003	0.0321535
700000.0003	0.154097
700000.0003	0.103034
700000.0003	-0.0853696
700000.0003	-0.393292
700000.0003	-0.947854
700000.0003	0.211063
700000.0003	-1.42057
700000.0003	-0.267318
700000.0003	-0.971497
