700000.0003	2956.95	2960.56	2956.26	2959.03	2959.03	2958.24	2956.91	2955.49	2958.41	2964.22	2960.3	2961.7	2959.48	2954.01	2956.5
700000.0003	1533.75	1534.02	1529.99	1536.54	1533.97	1531.7	1530.14	1531.14	1532.84	1531.78	1534.69	1537.08	1534.87	1532.27	1533.6
700000.0003	194.73	194.422	193.536	194.085	193.785	193.796	194.184	193.038	192.441	194.297	193.43	194.794	194.827	193.975	194.36
700000.0003	32.0194	32.5115	32.1989	32.5062	32.0181	31.4534	32.1882	32.1314	32.2725	32.9248	31.9455	32.2573	32.0767	32.0451	32.7066
700000.0003	19.1291	19.8535	19.2581	18.9627	19.5794	19.3983	19.4525	19.4	19.1874	19.3342	19.1478	19.3519	19.1215	19.0527	19.5092
700000.0003	16.6001	16.7274	16.732	16.4555	16.9057	16.9949	16.4589	16.709	16.3102	16.5607	16.6281	16.8526	16.8507	16.7201	16.7721
700000.0003	15.1401	15.3933	15.2116	15.4626	15.4004	15.0449	15.6983	15.2627	15.0956	15.2421	15.1907	15.6163	15.1455	15.2755	15.2513
700000.0003	14.5971	14.5445	14.1659	14.3717	14.4705	14.8487	14.711	14.4283	14.4738	14.5573	14.4715	14.7611	14.2439	14.5168	14.4654
700000.0003	13.9827	14.2532	13.9708	14.0958	13.9587	13.8674	14.2698	13.8427	13.9454	13.945	13.964	14.1608	13.7222	13.5863	14.2811
700000.0003	13.8301	14.1105	13.6192	13.812	13.7952	13.6688	13.8746	13.6434	13.5983	13.7894	13.3277	13.3193	13.615	13.9629	13.5374
700000.0003	13.9932	13.312	13.2987	13.5645	13.6621	13.4444	13.4947	13.4753	13.6479	13.563	13.2626	13.5921	13.7379	13.4635	13.1101
700000.0003	13.4464	13.0489	13.2115	13.4788	13.5611	13.3755	13.3604	13.1402	13.1941	13.5817	13.0289	13.3792	13.1198	13.3152	13.0077
700000.0003	13.6711	12.9576	13.3291	13.3279	13.238	13.366	13.3524	13.2074	12.9455	13.4168	13.5915	12.9924	13.3465	13.316	13.2152
700000.0003	13.3381	13.0868	13.3828	12.9776	13.3888	13.2905	13.1249	13.1921	13.3064	13.6654	13.471	13.1486	13.1678	13.5494	13.0953
700000.0003	13.531	13.4059	13.2702	13.5444	13.434	13.5187	13.3448	13.5098	13.7604	13.2694	13.1931	13.2647	13.2594	13.5327	13.545
700000.0003	14.1466	13.717	13.6822	14.0528	14.1269	14.24	14.0517	14.0762	14.1834	13.9786	14.1172	13.8875	13.692	14.2724	13.8698
700000.0003	15.4223	15.1125	14.7774	15.0137	15.0099	15.0188	15.3476	14.9613	15.0771	15.0628	15.0423	15.1914	15.2029	15.1515	15.422
700000.0003	16.9239	16.7526	16.8707	17.1831	16.8004	17.3706	16.9988	16.6654	16.9464	16.9051	16.8392	16.8804	16.9372	16.8894	17.241
700000.0003	20.2917	20.042	19.8822	19.6963	19.5371	19.6815	19.9754	20.1002	19.6394	19.8774	20.2841	19.8248	19.9985	19.9623	19.3678
700000.0003	24.2137	23.7266	23.8553	24.0685	24.1888	23.9018	24.1214	24.2211	24.3347	24.0331	24.5251	24.259	24.1522	24.4082	24.0011
700000.0003	30.712	30.9563	30.5573	30.7128	30.7935	30.2886	30.8361	30.3905	30.8749	30.6604	30.295	30.9875	30.7613	31.106	30.3425
700000.0003	42.1381	41.6703	41.6413	42.1276	41.8443	41.8323	42.0136	41.858	42.0572	42.5717	41.9691	41.3706	41.9846	41.7286	42.3771
700000.0003	67.823	66.9228	67.1132	67.8462	68.218	67.437	66.6002	67.3597	66.7539	67.1777	67.1829	66.9117	67.0009	67.2682	67.5016
700000.0003	155.61	155.776	155.996	156.494	156.635	155.373	154.792	155.01	154.578	155.1	154.847	155.051	153.903	154.756	155.013
700000.0003	514.557	514.737	516.544	518.083	517.134	515.89	515.605	513.769	516.91	515.774	515.723	516.202	514.851	514.524	515.152
700000.0003	1360.48	1359.43	1363.3	1367.15	1362.74	1362.99	1363.6	1359.83	1362.35	1362.01	1361.78	1362.59	1360.32	1362.35	1359.33
700000.0003	2201.4	2200.86	2201.4	2206.41	2203.19	2202.38	2204.05	2202.47	2201.59	2203.1	2200.65	2201.89	2204.1	2199.93	2200.31
700000.0003	2640.97	2640.04	2645.38	2644.73	2644.38	2644.01	2643.31	2641.6	2642.29	2642.76	2640.98	2641.86	2641.02	2643.75	2641.66
700000.0003	2784.81	2788.28	2791.61	2793.84	2787.99	2791.48	2792.94	2785.83	2786.68	2789.25	2788.73	2785.45	2788.1	2788.7	2788.5
700000.0003	2833.55	2834.5	2839.54	2837.12	2836.17	2837.96	2840.34	2834.7	2833.41	2835.35	2835.76	2834.7	2835.71	2835.57	2835.28
700000.0003	2865.23	2864.02	2868.64	2867.54	2864.02	2865.15	2869.06	2867.31	2864.69	2864.83	2863.54	2865.37	2863.37	2865.71	2863
700000.0003	2890.28	2891.22	2892.73	2894.93	2894.21	2893.62	2896.15	2893.4	2893.42	2891.44	2893.08	2890.57	2891.04	2893.84	2893.15
700000.0003	2917.34	2921.91	2920.75	2919.17	2921.11	2922.78	2921.38	2919.53	2919.97	2920.18	2919.57	2918.34	2920.89	2919.16	2918.48
700000.0003	2945.05	2948.77	2946.49	2945.1	2945.96	2951.18	2949.04	2947.94	2945.2	2945.24	2944.93	2945.74	2948.43	2948.67	2944.9
700000.0003	2971.79	2969.85	2973.26	2976.66	2972.96	2975.52	2972.61	2976.97	2971.72	2974.47	2973.99	2973.75	2971.22	2976.36	2974.49
700000.0003	3000.3	2997.88	3003.14	3001.19	2998.9	3000.28	3006.16	3004.1	2997.07	2999.09	3001.61	3002.59	2996.45	2999.8	3002.27
700000.0003	3023.66	3023.94	3028.51	3028.57	3027.85	3028.59	3027.27	3030.02	3025.86	3027.25	3027.79	3027.76	3026.41	3029.81	3026.63
700000.0003	3054.76	3053.37	3051.77	3051.67	3052.62	3054.74	3053.66	3055.06	3054.81	3053.98	3054.54	3053.8	3052.78	3053.3	3051.17
700000.0003	3078.39	3077.28	3076.63	3077.64	3081.4	3079.3	3075.34	3077.9	3081.17	3080.14	3079.35	3078.53	3082.52	3076.46	3074.68
700000.0003	3095.51	3097.81	3096.03	3093.56	3098.27	3099.79	3094.96	3096.12	3097.19	3100.04	3099.04	3098.02	3097.89	3095.58	3093.24
700000.0003	0.0395242	0.21698	0.0106346	-0.489738	0.251748	-0.533541	0.417652	-0.384978	0.320548	0.244301	-0.000520739	0.660173	-0.392951	0.489347	-0.0377939
700000.0003	-0.450238	0.212523	-0.717095	-0.148355	-0.419175	0.643814	-1.80034	-0.0255818	0.254645	0.26942	0.318559	0.714996	1.32907	1.38907	-0.657125
700000.0003	0.30882	0.390324	-0.204555	-0.124364	0.0145966	0.143991	-0.145831	0.0386683	0.162417	-0.263615	-0.243275	-0.412633	0.470322	0.33399	-0.309176
700000.0003	0.0898072	0.169398	-0.0704465	-0.175523	0.0454741	-0.222949	-0.243572	0.158618	0.0528489	0.157535	0.180067	-0.101761	-0.345579	-0.0784685	0.0593356
700000.0003	-0.0944582	0.175582	-0.101607	-0.00254914	0.0114365	-0.098565	-0.0303635	0.060605	-0.113123	-0.0896589	0.284782	0.0807021	-0.0345611	-0.105693	0.266618
700000.0003	0.0776048	0.0939366	-0.00994082	-0.0978123	-0.0614436	-0.117208	-0.0446067	-0.0159802	0.0309632	0.085899	0.0236796	0.0388913	-0.0958236	0.069556	0.212048
700000.0003	-0.0859715	0.0209395	0.0871181	0.0045869	0.118396	0.0329283	0.0608963	0.117284	0.166307	-0.0876527	-0.0770668	-0.0349044	-0.168795	-0.00499783	-0.0174606
700000.0003	0.0515533	0.116334	0.174648	0.0552005	-0.0394829	-0.00559439	-0.0311475	-0.0635035	0.0803569	0.192347	0.11715	0.344026	0.0291514	-0.0110744	0.0409196
700000.0003	0.0866061	-0.148138	-0.166124	-0.0683047	0.13155	0.00993867	-0.0476017	-0.00765156	0.0997358	-0.0789295	0.13641	-0.11793	-0.0810956	-0.049943	-0.153234
700000.0003	-0.168986	-0.0191115	-0.0371698	0.07325	-0.0938855	-0.156624	-0.196933	0.0515093	-0.0828027	0.0476167	0.0721853	0.0688674	0.0443343	-0.129854	0.0764555
700000.0003	-0.245386	0.223013	-0.178335	0.0601812	-0.0114524	-0.228165	-0.0961951	-0.059867	0.031119	0.0937247	0.180915	-0.107967	-0.0272564	-0.103597	-0.158158
700000.0003	0.0456423	0.099743	-0.0295675	-0.140417	0.129763	-0.0599793	0.0959655	0.160987	-0.204787	0.0864274	0.0313404	0.063955	-0.0377925	-0.0958969	-0.0520359
700000.0003	-0.32818	-0.0672323	-0.106032	-0.0239697	0.0359922	0.071131	-0.0753915	-0.0788781	0.073275	-0.117215	0.072726	-0.179519	-0.109277	0.0441975	-0.011879
700000.0003	-0.0716315	-0.0725692	-0.026602	0.00599261	0.0869412	-0.0405752	-0.16376	-0.191305	-0.0990575	0.134172	0.173105	-0.225863	0.154304	0.0215487	0.0126519
700000.0003	0.056808	0.254156	0.0183492	0.0265388	-0.0164034	-0.118806	0.0296857	-0.0766686	0.00113436	-0.0547225	-0.136974	0.0052103	-0.000931256	-0.0347896	-0.0528158
700000.0003	-0.169644	0.0277229	0.046971	0.0915371	-0.0831121	-0.246905	0.000565797	-0.200082	-0.0617369	-0.266788	-0.0598153	-0.0473045	-0.051245	-0.126601	-0.0132377
700000.0003	0.0047042	-0.112339	-0.187659	-0.0854785	-0.0951058	0.0242418	0.00334522	-0.123473	-0.115871	-0.0112406	-0.117512	0.0565405	-0.0712696	0.0929308	0.210892
700000.0003	0.0038201	0.0249138	0.0234549	-0.210534	-0.177195	0.0449039	0.196106	-0.121023	0.0432687	-0.0292506	0.206636	0.00698556	-0.125964	-0.161429	-0.0351902
700000.0003	0.15112	-0.0827302	0.176378	-0.0680805	-0.08197	-0.00073659	-0.00454404	0.0773184	-0.2327	-0.203517	0.0933514	0.0653915	0.110419	-0.142946	-0.141074
700000.0003	0.00675509	-0.0010027	0.157609	0.165113	-0.0491067	0.234962	0.172875	0.00428236	-0.0139831	0.0495482	0.0432118	-0.0975878	-0.157546	0.138663	0.102237
700000.0003	-0.14645	-0.161157	-0.0507342	-0.0626345	0.0298924	-0.0645208	-0.486453	0.342034	-0.0253992	0.120889	0.184976	-0.271225	-0.169174	0.011483	0.157288
700000.0003	0.0371391	-0.245739	-0.0432993	-0.169552	0.101269	-0.0737198	0.0348985	-0.217502	0.0107362	0.200047	0.0475328	0.0574582	0.0245927	0.0299966	0.193454
700000.0003	0.107949	0.205127	-0.0621689	-0.0224783	0.0346945	0.172359	-0.164941	-0.113616	-0.037861	0.118666	-0.113427	0.164977	0.132804	0.159733	0.076451
700000.0003	-2.26521e-05	-0.0209889	0.252324	0.431081	0.243163	0.292828	-0.710037	0.14629	0.24988	-0.565328	0.132185	-0.119926	0.104627	0.0756094	-0.2754
700000.0003	0.130527	0.25693	0.949284	-0.0947312	-0.0306605	-0.0868462	-0.177714	0.321105	-0.3281	0.292396	-0.770031	-0.104969	0.0407925	0.325868	-0.196868
700000.0003	-0.0343097	-0.470346	0.615201	0.94265	-0.512773	0.167428	-0.667395	-1.25327	-0.0996631	-0.441673	-1.33808	0.0315981	-0.847547	-0.302688	-0.0905096
700000.0003	-0.098169	0.55828	-0.718441	0.421337	1.78292	0.274282	-0.519172	-0.365847	-1.00677	-0.0916036	-0.0985945	-0.556224	0.52746	-0.615557	-1.00223
700000.0003	-1.50086	1.36907	0.052664	-0.42599	-0.063115	-0.955328	1.36767	-0.233786	1.32486	-0.0509349	-0.709631	0.624352	-0.253991	0.700983	-0.613372
700000.0003	-0.48346	-1.36106	0.426123	0.213526	0.00905508	0.961836	0.473837	0.476388	-0.0322044	0.822149	-0.288723	-0.133655	0.359402	-0.339336	-0.482123
700000.0003	0.153021	-1.27852	-0.435366	-0.0731187	0.457393	0.21549	1.20827	1.0301	-0.3062	-0.858147	0.176299	-0.71138	-0.547746	-0.603854	-0.377537
700000.0003	-1.1657	-1.28841	-0.943806	0.218797	0.460158	0.47952	0.198425	0.445009	0.997548	-0.66102	-0.0651108	-0.816676	-0.586644	0.0448348	-0.84043
700000.0003	-0.871253	-0.841488	-1.84442	-0.725786	1.00121	0.188259	0.376079	0.637193	0.798342	0.101529	-0.452227	-0.496235	0.421799	-0.150021	-0.81112
700000.0003	-1.17752	-0.490854	-0.871562	0.283624	0.276306	0.87323	-0.118566	-0.597213	-0.718957	0.497433	-0.614752	0.0524667	-0.239109	-0.721534	-0.623444
700000.0003	-0.973295	-1.31342	-0.533929	0.519352	-1.51357	-0.215853	0.963556	0.628455	-0.395338	-0.053068	-0.382426	-0.63158	-0.55829	-0.701286	-0.217991
700000.0003	-0.99875	-1.22277	-0.453646	-1.42116	0.0277527	0.258752	0.0243504	-0.256682	-0.101854	0.265398	-0.0515752	-0.891056	-0.558336	0.530614	-0.538276
700000.0003	-0.669174	-0.617607	-0.205466	-0.0317373	0.120179	0.140885	-0.250336	1.20153	0.691464	-0.758679	-0.469269	-0.374168	0.433244	-0.651807	-0.363623
700000.0003	0.694328	-0.584164	-1.57171	0.543512	1.16093	0.319227	0.491208	0.32606	1.07615	1.11499	-1.15258	-1.17714	-0.396291	-0.192332	0.85998
700000.0003	0.357722	-0.26224	0.762208	-0.329201	0.138959	0.74854	0.478469	0.975412	1.21214	1.17498	0.325461	0.183855	-1.11989	-1.30368	-0.731372
700000.0003	-0.582423	0.154758	0.378457	0.154454	0.0772067	-0.00467621	0.207021	0.934478	2.53883	1.15149	0.791024	-1.19765	-0.631979	-0.400978	-0.137181
700000.0003	-0.546808	-0.330169	0.567562	0.220818	-0.143101	-0.152954	0.0408707	1.70442	1.78246	1.4102	0.162464	-0.457651	-1.4579	-0.887933	0.334668
700000.0003	2911.35	2912.7	2911.87	2911.71	2914.65	2912.09	2912.34	2909.7	2913.01	2914.63	2912.37	2914.66	2913.51	2910.85	2909.57
700000.0003	1604.89	1604.95	1601.97	1607.35	1604.9	1605.36	1603.59	1604.22	1604.83	1604.42	1608.08	1608.36	1605.27	1605.92	1604.54
700000.0003	174.598	174.624	173.658	175.259	173.969	173.941	174.354	173.196	173.54	173.581	173.34	173.819	175.034	174.469	173.858
700000.0003	28.4408	28.7436	28.6412	28.3551	27.5666	27.5854	27.6723	27.8598	27.989	28.596	28.158	28.0374	28.1135	28.1756	28.2574
700000.0003	18.4051	19.0719	18.4554	17.7509	18.1492	18.2745	18.1502	18.1486	18.1073	18.2169	18.2598	18.2397	18.0856	18.1017	18.2783
700000.0003	15.7483	16.0331	16.3384	16.0411	16.2514	16.5914	16.4423	16.115	16.204	16.2529	16.0997	16.5505	16.3513	16.485	16.2811
700000.0003	15.1378	15.3181	15.0826	15.1584	14.8678	14.7936	15.1105	15.0048	14.9506	14.5799	14.7197	15.0357	14.8055	14.6531	14.887
700000.0003	14.3543	14.1709	13.9802	13.8502	14.3875	14.3223	14.2997	14.5313	14.1984	14.2371	14.124	14.2334	14.2346	14.6075	14.1968
700000.0003	13.5774	13.7813	14.2408	13.9517	13.9494	13.7869	13.9704	13.8176	13.8726	13.8585	13.7301	13.6768	13.6562	13.6613	14.1018
700000.0003	13.4884	13.8355	13.6324	13.893	14.0255	13.5517	13.6128	13.2108	13.9927	13.8185	13.2005	13.4111	13.4705	13.5371	13.6569
700000.0003	13.2654	13.3483	13.3014	13.2964	13.6788	13.8234	13.4028	13.5391	13.5447	13.2149	13.1851	13.294	13.5146	13.5208	13.3174
700000.0003	12.8854	13.1301	13.5372	13.2805	13.6288	13.2087	13.2836	13.1993	13.1172	13.5574	13.1518	13.4188	13.2102	13.1972	13.558
700000.0003	13.3052	12.9895	13.1157	13.0457	13.1476	13.0684	13.185	13.3644	13.1314	13.3789	13.4412	13.0268	13.2192	13.4411	13.0813
700000.0003	13.3337	13.0476	13.163	13.1832	12.9916	13.3435	13.0062	12.9427	13.2388	13.542	13.2532	13.1238	12.8893	13.4307	13.1502
700000.0003	13.2352	13.6682	13.1898	13.2146	12.9866	13.2563	13.3263	13.4625	13.4395	13.5773	13.593	13.5656	13.6412	13.4135	13.5321
700000.0003	13.9495	13.9336	14.1657	14.1494	14.1173	14.0111	13.9062	13.9081	14.0287	13.7459	13.9231	13.9952	13.9026	13.9824	13.8056
700000.0003	15.3958	15.2942	15.1126	14.8913	15.1954	15.2956	15.4185	15.1536	15.075	14.9834	14.959	15.1501	15.1166	15.0331	15.2015
700000.0003	16.5455	16.9723	16.7712	16.8405	16.7568	16.9368	17.0222	16.4961	17.1474	17.0675	17.0502	16.8075	16.7459	16.9267	17.04
700000.0003	20.1348	19.6593	19.7787	19.524	19.8765	19.6392	20.0704	19.7038	19.6321	19.5057	19.9748	19.6229	19.9048	19.7648	19.4866
700000.0003	24.0607	24.1387	24.1085	23.862	24.0018	23.8772	24.0678	24.1202	23.8874	23.8024	24.0357	23.7916	24.023	24.0613	23.8201
700000.0003	30.7834	30.5594	30.0907	30.1133	30.4067	30.382	30.4213	30.0306	30.4519	30.5145	30.1809	30.8238	29.9443	30.6454	30.9147
700000.0003	41.7802	41.3543	41.4775	41.5278	41.7224	41.4753	41.7131	41.8278	41.7235	41.6927	41.6222	41.4941	41.5743	41.8045	41.4802
700000.0003	66.8591	66.248	66.2858	67.2738	66.8582	66.2151	65.86	65.809	66.142	66.1332	66.2339	66.5068	65.7535	66.3088	66.4801
700000.0003	152.531	153.086	152.694	153.493	153.448	152.641	152.722	151.923	152.454	152.759	153.007	151.734	152.049	152.831	153.061
700000.0003	519.58	520.641	520.565	521.767	521.84	520.071	519.9	519.923	519.597	519.569	519.448	521.088	519.982	520.035	519.879
700000.0003	1360.76	1360.9	1364.82	1368.93	1365.86	1363.05	1362.72	1362.28	1363.42	1363.13	1362.23	1362	1360.78	1362.9	1361.59
700000.0003	2151.95	2153.37	2155.31	2156.1	2156.23	2153.66	2156.24	2154.5	2151.48	2152.92	2153.42	2155.24	2154.02	2150.02	2153.41
700000.0003	2586.2	2583.32	2588.82	2586.45	2585.7	2587.49	2584.76	2584.59	2585.08	2584.09	2585.39	2585	2585.24	2586.99	2582.66
700000.0003	2780.99	2780.42	2781.35	2785.39	2782.28	2782.5	2780.5	2780.55	2780.78	2781.72	2782.2	2780.02	2781.75	2779.93	2780.48
700000.0003	2867.9	2869.63	2869.96	2870.45	2872.91	2871.03	2871.59	2870.7	2871.86	2869.03	2870.21	2869.66	2872.21	2869.8	2869.85
700000.0003	2910.16	2911.52	2912.47	2908.56	2910.35	2909.71	2910.07	2909.29	2910.62	2911.09	2908.45	2913.05	2907.7	2910.13	2909.71
700000.0003	2937.33	2934.91	2936.61	2935.1	2935.27	2933.95	2937.73	2935.26	2933.86	2936.16	2936.72	2935.34	2934.38	2937.23	2937.25
700000.0003	2955.44	2957.24	2954.44	2957.35	2956.66	2956.31	2954.92	2959.21	2956.89	2957.43	2957.76	2954.49	2956.35	2954.92	2957.49
700000.0003	2975.23	2978.02	2970.73	2973.61	2974.7	2976.98	2975.51	2976.86	2976.56	2975.83	2974.38	2974.62	2977.9	2974.89	2971.97
700000.0003	2991.03	2990.3	2991.79	2993.79	2992.56	2993.86	2992.16	2990.71	2994.8	2992.69	2993.8	2993.08	2993.62	2993.9	2991.93
700000.0003	3009.32	3008.41	3011.31	3007.94	3008.74	3007.19	3011.57	3009.48	3009.53	3008.81	3008.39	3010.22	3008.59	3009.1	3011.38
700000.0003	3025.54	3025.42	3027.52	3025.59	3025.74	3025.63	3026.66	3025.48	3025.19	3028.05	3025.99	3026.07	3024.08	3026.98	3025.6
700000.0003	3047.19	3045.87	3044.36	3045.38	3043.95	3046.05	3047.17	3047.3	3045.74	3044.88	3046.35	3045.16	3044.99	3045.26	3045.42
700000.0003	3070.43	3068.49	3070.69	3072.2	3070.9	3071.04	3069.31	3071.27	3070.76	3069.45	3071.24	3069.58	3073.2	3070	3070.69
700000.0003	3082.86	3084.61	3085.8	3084.33	3084.38	3085.65	3084.84	3084.48	3083.95	3086.22	3085.91	3087.27	3083.87	3084.45	3084.22
