700000.0003	2958.58	2959.07	2959.09	2956.93	2958.4	2954.09	2958.74	2957.74	2959.09	2956.89	2957.53	2960.01	2963.17	2960.79	2961.88
700000.0003	1536.21	1535.5	1533.79	1531.65	1531.75	1531.91	1534.71	1530.57	1533.59	1532.3	1530.96	1533.1	1536.38	1534.42	1536.37
700000.0003	193.662	193.828	193.545	193.756	194.079	193.81	194.598	193.156	193.423	193.714	194.077	193.494	194.34	193.771	193.922
700000.0003	32.25	32.2869	32.0761	32.2377	32.8163	32.4314	32.1855	32.1109	32.5421	32.1925	32.0691	32.0351	32.1291	32.6176	31.9867
700000.0003	19.5139	19.1292	19.4536	19.5571	19.6601	19.1671	19.2285	19.2072	19.7615	19.3123	19.1132	19.0418	19.2121	18.951	19.239
700000.0003	17.2794	16.7686	17.0292	16.3953	16.4462	16.2109	16.6023	16.5092	16.6585	16.6425	16.9009	16.5399	16.3126	16.5476	16.2221
700000.0003	15.0201	14.9346	15.6585	15.0521	15.3017	15.4603	15.4426	15.5621	15.5575	15.0015	15.3307	15.154	15.041	15.4787	15.4718
700000.0003	14.3139	14.3906	14.5426	14.5605	14.6041	14.6351	14.2592	14.5581	14.4926	14.3997	14.5665	14.414	14.5178	14.2166	14.6709
700000.0003	14.0586	14.1852	14.2543	13.7505	13.9398	13.9223	13.7347	14.1314	14.1957	13.8381	14.2013	13.8731	14.1507	13.8753	14.0622
700000.0003	13.6694	13.7593	13.8461	13.5879	13.8411	13.7203	13.6155	13.8138	13.8447	13.4418	13.6563	13.5234	13.6921	13.5892	13.8155
700000.0003	13.5135	13.5361	13.7903	13.7406	13.8365	13.2003	13.469	13.6064	13.7288	13.4752	13.6395	13.2927	13.8934	13.5403	13.1422
700000.0003	13.3727	13.7402	13.7406	13.6699	13.5629	13.9606	13.2379	13.1223	13.5018	13.2648	13.2665	13.2417	13.6311	13.3092	13.2925
700000.0003	13.1635	13.1269	13.2427	13.2538	13.478	13.6951	13.2196	13.3526	13.3886	13.1284	13.4196	13.2692	13.2281	13.3303	13.0973
700000.0003	13.3118	13.2701	13.602	13.4341	13.329	13.5555	13.1199	13.2731	13.2904	13.4371	13.5526	13.4945	13.6283	13.361	13.4702
700000.0003	13.507	13.2811	13.7143	13.7261	13.3624	13.2806	13.3897	13.4609	13.3124	13.8305	13.3326	13.4207	13.0229	13.5093	13.667
700000.0003	14.0369	13.9727	14.0665	14.3241	14.1495	13.971	14.2209	13.7066	14.0614	13.9922	14.3191	13.6163	13.8147	14.302	14.3792
700000.0003	15.2305	14.944	15.1312	15.2938	15.2334	14.8087	15.1408	14.7795	15.1234	15.3442	15.4982	15.0137	15.3581	15.3644	15.41
700000.0003	16.9358	17.1352	16.8077	17.1017	16.8893	17.3666	17.0151	17.2108	17.0943	17.3413	16.872	16.5247	17.1426	16.8022	17.1638
700000.0003	19.5814	19.7899	19.5164	19.8715	19.8826	20.0206	19.5904	19.4988	19.8135	19.9302	19.7715	19.5367	19.6378	20.0257	19.4733
700000.0003	23.8997	24.0558	24.0583	23.6667	23.9908	23.7927	23.7338	24.2124	23.7416	24.5461	23.6787	24.0074	24.2177	24.7074	24.2781
700000.0003	31.0191	30.2307	30.9498	30.3538	30.7799	30.8571	30.5181	30.6214	31.0388	30.9774	30.3698	30.9773	30.3704	30.5771	30.7239
700000.0003	41.9678	41.9712	41.9191	41.9357	42.4257	42.4853	42.3994	41.8812	42.3725	41.8596	42.7033	41.8715	42.0727	41.7552	42.166
700000.0003	67.0505	67.4496	67.5023	67.3823	67.5872	67.1895	67.0902	67.6078	67.5108	67.1756	66.7169	67.517	66.4388	67.5615	66.8006
700000.0003	155.398	155.307	154.82	155.058	156.199	155.047	155.515	155.091	155.102	155.496	154.46	155.377	156.02	155.312	155.673
700000.0003	515.246	514.913	515.678	515.74	516.636	515.948	515.659	515.831	516.149	516.878	515.571	515.206	516.244	515.241	516.5
700000.0003	1361.82	1359.61	1361.51	1359.87	1361.8	1361.24	1360.62	1365.4	1362.13	1362.23	1362.13	1362.89	1362.37	1361.2	1360.02
700000.0003	2199.54	2199.38	2200.88	2198.42	2201.08	2199.94	2202.53	2202.64	2203.19	2201.39	2201.57	2201.35	2202.21	2202.71	2198.44
700000.0003	2641.02	2641.59	2640.76	2638.44	2642.53	2642.99	2638.37	2641.22	2644.83	2642.67	2641.75	2641.94	2643.63	2640.25	2637.45
700000.0003	2785.05	2785.8	2788.25	2787.79	2788.99	2789.37	2788.35	2790.2	2790.74	2790.61	2784.77	2787.81	2788.12	2787.4	2786.52
700000.0003	2832.54	2833.02	2836.81	2833.53	2837.33	2838.72	2835.77	2835.37	2835.87	2836.85	2836.57	2835.65	2833.32	2835.62	2832.89
700000.0003	2861.73	2864.01	2866.46	2864.23	2862.92	2865.04	2869.08	2865.82	2864.43	2866.05	2866.06	2865.57	2862.37	2865.76	2865.03
700000.0003	2888.39	2887.14	2892.41	2898.69	2892.82	2892.33	2892.64	2894.61	2893.43	2892.67	2894.63	2891.06	2890.92	2892.15	2894.6
700000.0003	2918.36	2919.6	2919.06	2920.42	2922.52	2918.75	2921.24	2922.08	2920.28	2917.22	2922.51	2922.6	2918.54	2914.03	2919.76
700000.0003	2946.39	2945.69	2946.07	2947.7	2949.04	2946.6	2945.27	2949.06	2949.42	2944.48	2945.35	2948.27	2950.82	2945.01	2944.39
700000.0003	2973.09	2972.95	2973.76	2974.28	2974.4	2973.41	2971.07	2972.41	2977.92	2974.47	2975.98	2973.09	2976.01	2971.54	2972.25
700000.0003	2998.32	3002.05	2999	2999.44	2997.61	3002.76	3002.5	3001.47	2996.97	3001.35	3001.86	3000.86	3001.21	3000.61	3002.5
700000.0003	3022.97	3028.34	3028.77	3028	3023.53	3027.06	3027.86	3024.5	3025.13	3030.64	3029.01	3024.8	3026.65	3029.73	3029.22
700000.0003	3053.5	3052.17	3053.37	3052.17	3050.41	3052.54	3054.97	3050.33	3050.42	3056.14	3055.7	3052.26	3052.16	3056.42	3054.87
700000.0003	3080.1	3076.57	3078.49	3078.59	3076.69	3078.18	3077.45	3076.52	3074.56	3079.86	3078.08	3079.57	3079.69	3081.45	3078.91
700000.0003	3097.54	3096.69	3097.48	3096.4	3094.47	3094.56	3095.73	3094.9	3098.1	3095.01	3097.67	3097.96	3098.33	3098.07	3101.23
700000.0003	1.34719	0.455525	-0.524801	-0.396568	-1.0852	1.4827	-0.731591	0.109814	0.0982554	-0.840178	-0.813961	-0.775694	-0.077952	1.11676	-0.0203163
700000.0003	-0.195008	-1.23087	0.913144	-0.339496	0.377094	-0.685997	-0.455182	-0.361258	-0.0293359	0.0688115	-0.278444	-1.28717	0.504948	-0.13553	1.03577
700000.0003	-0.177944	0.110884	-0.0377176	-0.00436272	0.209808	-0.363696	0.0853087	-0.115919	0.53655	0.16951	0.304566	-0.488255	0.125274	-0.0623818	0.122356
700000.0003	0.0742489	-0.16866	0.0109518	0.0626712	-0.0437434	0.0216582	-0.0235952	-0.00204914	0.104618	-0.215044	0.0385498	0.0753845	-0.0299523	0.000547219	0.136664
700000.0003	-0.115159	0.0660009	-0.0376885	-0.232399	0.154682	-0.186204	-0.181619	-0.0973296	0.00831083	-0.0479945	-0.21116	-0.0589658	-0.0551338	-0.000806662	0.0691786
700000.0003	0.0121185	-0.0659038	-0.12753	-0.0481223	-0.011219	0.0839244	0.10282	-0.00273267	-0.0808068	0.0231975	-0.208128	-0.101928	0.0450309	-0.123754	-0.0449527
700000.0003	0.00961248	0.0476645	0.0974522	-0.174923	0.0277875	0.105413	-0.0212796	-0.0312784	0.100919	-0.0489704	-0.117625	0.0891391	0.0832638	-0.0403889	0.0583138
700000.0003	0.210427	0.0162152	0.169401	-0.0780217	-0.0910844	-0.0373628	0.011967	0.22833	-0.0237661	-0.134065	0.0394266	0.0981302	-0.0975665	-0.0252988	0.07014
700000.0003	0.00891167	-0.0243016	-0.13092	0.00963627	-0.0394886	-0.0330846	-0.0809094	-0.286011	-0.00245769	-0.110015	0.0941948	-0.134156	0.0965366	-0.00931549	0.012068
700000.0003	-0.0189745	-0.0786566	-0.098687	-0.0369257	-0.0751444	-0.0881394	0.0216032	-0.0470744	-0.0542432	-0.0635528	0.20155	0.0673524	0.0264089	-0.0306085	-0.168475
700000.0003	0.0970351	-0.044313	-0.0559761	-0.02487	0.0454809	0.105975	-0.0202527	-0.0897565	0.0337711	-0.0535885	0.0350683	0.149402	-0.126454	0.0340199	0.121432
700000.0003	-0.0146117	0.204653	-0.146345	0.00911742	-0.172835	-0.0484569	0.0593226	-0.0883686	-0.00624521	-0.024643	-0.0495049	-0.0411633	-0.0688823	-0.0358466	-0.0148359
700000.0003	-0.0619371	-0.0823696	0.0503914	-0.177034	-0.0204934	-0.140169	0.000117877	0.206176	0.0426349	0.0457704	-0.0250358	-0.010841	-0.249823	-0.0174515	0.0139538
700000.0003	-0.0995172	0.210184	-0.0535769	0.0224618	0.0398854	-0.171143	0.0810697	0.121186	-0.0291161	-0.106553	-0.0700855	0.00384252	-0.0137374	0.0580339	0.173962
700000.0003	0.253731	0.109907	0.118489	0.0716768	-0.0211979	0.0400381	0.118661	-0.0175002	-0.101619	-0.0214253	0.0696862	-0.124928	-0.0194219	-0.103281	-0.104962
700000.0003	0.0412248	-0.0094113	0.0370271	-0.0658536	-0.138863	0.0234412	-0.113374	-0.00133184	0.284769	-0.0220823	-0.0532852	-0.0269333	-0.00186483	0.0929161	0.0860892
700000.0003	0.20176	0.00294582	0.0549568	0.147974	0.0296449	-0.0891819	-0.0130285	0.103868	0.0847075	0.143453	-0.0874725	0.0575112	0.182292	0.120064	-0.0848271
700000.0003	-0.0511097	0.131998	-0.0170497	-0.110071	-0.0110046	0.0293426	0.0162127	0.016677	0.0881261	0.0812808	-0.111368	-0.0488123	0.00789696	-0.148568	-0.0667355
700000.0003	0.00573588	0.0914846	-0.002371	0.267769	0.073501	0.191675	-0.144528	-0.155158	-0.0469464	-0.224439	0.141476	0.0133221	-0.169487	-0.126445	0.148451
700000.0003	0.244903	0.0468176	0.243608	0.220344	0.0676948	-0.184363	0.144932	-0.017522	-0.031363	0.0187162	0.102583	0.11707	-0.209628	-0.104058	0.098344
700000.0003	0.0537892	0.0876548	0.0273354	0.34095	0.0656031	-0.380222	0.0685264	0.109545	0.132277	0.203596	0.0763415	-0.0804925	-0.296625	-0.0381819	-0.0300543
700000.0003	0.024871	-0.0811777	0.128037	0.174228	0.342035	0.200144	0.0410417	-0.151635	-0.144238	0.158117	0.104085	0.224099	0.0335945	0.00310125	0.259836
700000.0003	-0.063038	-0.0182667	0.0997531	-0.131708	-0.113141	-0.0272627	0.247526	0.0029852	-0.252136	-0.395985	0.0624247	0.125911	0.307368	0.102819	-0.244021
700000.0003	-0.272584	-0.844352	-0.531759	0.152353	0.0359186	-0.444481	-0.062145	0.383643	0.227565	0.14836	0.201227	-0.317069	-0.437089	-0.050523	-0.247961
700000.0003	-0.831696	1.25303	-0.629187	-0.973923	0.387462	-0.232779	-0.921252	-0.493696	-0.081711	-0.825723	-0.568468	-0.255391	0.738938	-0.51899	-1.18788
700000.0003	-0.210511	-0.242395	0.401354	0.333312	-1.24885	0.601655	-0.106532	0.818842	-1.21878	0.322567	-0.0248067	-0.793407	0.254839	-0.254925	-0.882623
700000.0003	-0.30039	1.37508	1.08409	0.822506	0.0472501	-0.208385	-0.726919	0.780911	1.93005	-0.894998	-1.67422	-0.521537	-1.11638	-0.160813	0.158244
700000.0003	0.930025	0.551749	-0.200955	0.624448	0.53622	-0.172241	0.857127	0.524285	-1.06281	0.291851	-0.66879	-0.52983	1.37816	0.20646	0.284938
700000.0003	-0.108088	0.7727	0.0591827	-0.519919	-0.838519	1.6526	0.752117	-0.882178	0.646102	0.847008	-0.14213	-0.503282	-0.0113201	0.62865	-0.199675
700000.0003	0.532186	-0.218664	-0.511365	-0.574507	0.668161	0.773385	-0.152847	-0.0163802	0.0372251	1.49917	1.06909	-0.288907	0.255926	0.365396	0.417747
700000.0003	0.295437	0.0295009	0.34037	0.28932	-1.06503	-0.784814	0.48115	0.495443	0.387454	-0.00211298	0.506148	1.00428	0.439303	0.754044	0.644636
700000.0003	0.481108	-0.83315	-1.1604	-0.0309871	0.858978	-0.416123	0.123346	0.763199	0.463614	0.377594	0.274172	0.77861	-0.160341	-0.0740336	1.37783
700000.0003	-0.116362	-0.234501	-0.0618062	0.501147	0.201224	-0.280658	0.277389	1.24588	0.897855	0.561277	-0.362642	0.796619	0.904228	-0.771442	-0.730642
700000.0003	-0.518736	-0.282778	-1.029	-1.08484	0.018484	0.415126	0.922316	0.756506	1.23998	0.302527	0.279176	-0.201683	0.820403	0.877767	-0.00390299
700000.0003	-0.348775	-0.858414	-1.07754	-1.86981	0.618281	1.58253	0.71932	-0.525234	1.03309	1.71334	1.09141	0.39667	1.21295	-0.45137	-0.568446
700000.0003	-1.33812	-0.176323	-0.773953	-0.975249	-0.575277	0.654465	1.13672	1.4959	2.07175	0.793423	-0.193495	0.579125	1.23267	0.656591	-0.568472
700000.0003	-0.722615	-0.837477	-0.540926	-0.531845	-0.230985	-0.342582	0.2695	1.2132	0.866757	1.45573	1.38373	1.24363	0.386765	0.736266	-0.235363
700000.0003	-0.173664	-1.65967	-1.06778	-0.129793	-0.692318	0.0432545	0.52149	0.920845	0.78349	0.408786	1.38512	1.35771	0.427836	0.571314	0.348576
700000.0003	-0.499693	0.0779801	-0.895614	-1.4271	-0.676556	0.137103	0.137485	0.996486	0.494119	0.682304	1.41468	1.7299	0.651976	0.414313	-0.373047
700000.0003	-1.12431	0.0954845	-0.817351	0.121697	-0.271455	-0.972558	0.901596	0.280364	0.579097	0.702148	0.363894	0.858861	-0.102131	-0.149614	1.03775
700000.0003	2911.99	2910.38	2909.5	2911.21	2911.38	2908.95	2911.08	2909.28	2910.85	2913.14	2910.99	2913.77	2914.48	2914.48	2916.09
700000.0003	1606.59	1609.05	1604.1	1601.86	1603.81	1602.67	1606.76	1604.15	1605.14	1602.32	1604.4	1607.81	1609.37	1607.49	1606.94
700000.0003	173.365	173.249	173.553	174.014	173.369	173.555	173.974	173.725	173.277	173.26	173.607	174.211	174.61	174.5	173.359
700000.0003	28.5264	28.3877	27.7116	28.7058	28.1489	28.7324	28.2516	28.4102	28.8712	28.4833	28.7201	28.2643	28.5173	28.2943	28.2497
700000.0003	18.2756	18.0555	18.2838	18.2227	18.2254	18.4328	18.2631	18.0528	18.5424	18.3653	18.5644	18.2573	18.0323	18.0873	18.1921
700000.0003	16.3344	16.2597	16.3086	15.8948	16.2685	15.8558	16.1556	15.9031	15.964	16.198	16.3816	16.1322	15.8055	15.8495	15.8832
700000.0003	15.0591	14.836	15.0759	14.8464	15.1755	14.8326	15.0607	15.3703	15.2458	15.2826	14.9452	14.9212	14.9714	14.8608	15.2781
700000.0003	14.2241	14.6027	14.4013	13.8438	14.605	14.3935	14.116	14.5158	14.1273	14.0562	14.3762	14.2526	14.2262	14.0083	14.5135
700000.0003	13.9612	13.8184	13.9469	13.6816	13.7355	13.8163	13.8162	14.1853	13.9704	13.7835	13.7205	14.1102	14.043	13.7054	13.8455
700000.0003	13.7525	13.5648	13.8337	13.5952	13.7766	13.833	13.5024	13.8072	13.8178	13.1895	13.3863	13.693	13.7592	13.4505	13.6108
700000.0003	13.1094	13.4624	13.484	13.9536	13.5868	13.3449	13.4686	13.3265	13.4453	13.5444	13.3751	13.1704	13.6004	13.542	13.5279
700000.0003	13.3352	13.5911	13.7159	13.5802	13.6104	13.702	13.1495	13.5128	13.4657	13.1516	13.2081	13.197	13.3667	13.2783	13.4051
700000.0003	13.3358	13.3333	13.3685	13.2927	13.5853	13.5848	13.5005	13.1792	13.0053	13.3558	13.3675	13.5044	13.071	13.524	13.3198
700000.0003	13.1965	13.5456	13.5166	13.3446	13.4828	13.3513	13.3762	13.0776	13.0084	13.4836	13.5613	13.3856	13.4822	13.1677	13.1644
700000.0003	13.2353	13.162	13.509	13.214	13.1768	13.5047	13.5759	13.129	13.2075	13.7913	13.7336	13.4944	13.3355	13.465	13.2102
700000.0003	13.7525	14.1893	13.8801	14.0951	13.8662	13.8013	13.9668	13.829	14.1284	14.3493	13.8751	14.0254	13.9545	13.9826	13.9244
700000.0003	15.2335	15.0187	15.1257	15.2575	15.2589	14.4918	14.8582	14.9688	14.8056	14.9385	15.1372	14.9914	15.2858	15.0482	15.297
700000.0003	16.8113	17.1148	16.4458	17.1973	17.2708	17.1507	16.9756	16.8735	17.0566	17.0145	16.7921	16.3794	16.9206	16.8642	16.5977
700000.0003	20.0195	19.5746	19.5273	19.5766	20.0132	19.9713	19.9597	19.5947	19.4008	19.568	19.3603	19.2575	19.8308	19.7082	19.7013
700000.0003	23.9585	24.1212	24.1969	23.9038	23.9934	23.393	24.0665	23.9982	24.0529	24.387	24.0501	24.0133	24.4163	23.9882	23.955
700000.0003	30.8699	30.3589	30.5111	30.1956	30.6412	30.291	30.4606	30.3163	30.6404	30.2747	31.0011	30.4231	30.3586	30.2336	30.5119
700000.0003	42.0834	41.6396	41.6816	42.2183	42.3992	41.7544	41.5573	42.1317	41.5513	41.6282	41.631	41.2893	41.4186	41.8597	41.754
700000.0003	66.6737	66.276	66.8357	66.5974	66.8369	66.0775	66.3798	66.224	67.1442	66.2477	66.3497	66.1387	66.109	66.5284	65.7408
700000.0003	153.94	152.724	152.144	151.612	152.23	152.121	152.461	152.994	152.057	152.258	152.071	152.826	152.816	152.898	153.275
700000.0003	520.531	520.429	519.629	520.723	521.26	520.204	519.039	521.418	520.76	522.012	520.797	518.356	520.207	519.476	519.501
700000.0003	1362.76	1362.29	1365.29	1364.16	1362.49	1362.49	1362.6	1365	1364.03	1361.94	1361.85	1363.85	1363.68	1365.51	1362.57
700000.0003	2152.98	2150.64	2153.07	2152.86	2153.26	2153.28	2154.65	2154.97	2156.61	2155.1	2153.83	2153.21	2153.67	2152.61	2153.52
700000.0003	2585.26	2583.98	2584.13	2582.86	2584.67	2583.72	2583.04	2583.65	2585.2	2586.5	2585.09	2584.58	2585.24	2584.39	2583.84
700000.0003	2776.02	2778.36	2776.43	2779.58	2778.62	2779.19	2781.13	2779.33	2778.22	2779.36	2778.06	2777.46	2778.48	2776.71	2778.45
700000.0003	2865.83	2866.71	2866.99	2867.31	2868.75	2868.74	2866.7	2868.29	2868.09	2866.37	2868.5	2867.12	2866.5	2866.18	2864.24
700000.0003	2907.02	2908.51	2907.23	2906.91	2907.36	2907.54	2907.49	2906.07	2906.54	2908.31	2905.66	2906.7	2905.9	2906.49	2906.94
700000.0003	2931.44	2932.39	2934.63	2932.85	2930.69	2933.59	2932.58	2932.11	2932.73	2933.92	2930.96	2932.06	2932.07	2934.67	2931.59
700000.0003	2952.38	2953.86	2952.17	2954.07	2955.17	2955.21	2955.22	2955.75	2952.11	2953.86	2955.23	2954.95	2951.83	2953	2954.19
700000.0003	2972.21	2972.24	2973.39	2973.11	2973.68	2973	2973.5	2973.65	2973.02	2970.27	2974.54	2971.6	2974.02	2970.61	2970.49
700000.0003	2991.22	2990.1	2992.83	2991.88	2991.28	2990.83	2990.64	2989.47	2992.47	2990.56	2989.29	2989.21	2992.13	2990.08	2990.39
700000.0003	3008.55	3007.69	3007.34	3006.49	3008.77	3007.49	3008.46	3007.99	3008.35	3007.9	3008.54	3008.28	3007.82	3007.72	3010.1
700000.0003	3022.68	3024.6	3023.57	3025.31	3025.22	3023.72	3024.43	3024.62	3023.85	3024.01	3024.16	3025.22	3023.21	3023.67	3024.21
700000.0003	3044.63	3045.33	3043.76	3043.92	3043.14	3042.45	3042.94	3042.49	3043.14	3043.69	3042.59	3042.41	3042.57	3044.34	3041.47
700000.0003	3071.47	3069.81	3070.11	3070.58	3068.09	3069.51	3068.54	3068.79	3067.73	3067.54	3067.76	3068.75	3070.37	3070.77	3069.1
700000.0003	3085.76	3084.11	3085.48	3081.96	3080.64	3085.05	3080.31	3083.54	3082.39	3083.97	3084.45	3083.49	3084.8	3084.29	3086.93
