700000.0003	28.3076
700000.0003	101.302
700000.0003	201.498
700000.0003	342.597
700000.0003	536.195
700000.0003	777.798
700000.0003	1069.85
700000.0003	1423.58
700000.0003	1822.75
700000.0003	2284.36
700000.0003	2787.93
700000.0003	3297.69
700000.0003	3872.89
700000.0003	4445.89
700000.0003	5001.19
700000.0003	5504.85
700000.0003	5997.35
700000.0003	6391.09
700000.0003	6695.78
700000.0003	6878.78
700000.0003	7032.72
700000.0003	7103.44
700000.0003	7104.95
700000.0003	7064.98
700000.0003	6920.85
700000.0003	6794.28
700000.0003	6572.71
700000.0003	6348.74
700000.0003	6098.84
700000.0003	5700.48
700000.0003	5370.15
700000.0003	4990.98
700000.0003	4533.81
700000.0003	4050.5
700000.0003	3544.74
700000.0003	2954.85
700000.0003	2376.53
700000.0003	1738.18
700000.0003	1067.45
700000.0003	365.238
700000.0003	0
700000.0003	0
700000.0003	0
700000.0003	0
700000.0003	0
700000.0003	0
700000.0003	0
700000.0003	0
700000.0003	0
700000.0003	0
700000.0003	0
700000.0003	0
700000.0003	0
700000.0003	0
700000.0003	0
700000.0003	0
700000.0003	0
700000.0003	0
700000.0003	0
700000.0003	0
700000.0003	0
700000.0003	0
700000.0003	0
700000.0003	0
700000.0003	0
700000.0003	0
700000.0003	0
700000.0003	0
700000.0003	0
700000.0003	0
700000.0003	0
700000.0003	0
700000.0003	0
700000.0003	0
700000.0003	0
700000.0003	0
700000.0003	0
700000.0003	0
700000.0003	0
700000.0003	0
700000.0003	0
700000.0003	0
700000.0003	0
700000.0003	0
700000.0003	0
700000.0003	0
700000.0003	0
700000.0003	0
700000.0003	0
700000.0003	0
700000.0003	0
700000.0003	0
700000.0003	0
700000.0003	0
700000.0003	0
700000.0003	0
700000.0003	0
700000.0003	0
700000.0003	0
700000.0003	0
700000.0003	0
700000.0003	0
700000.0003	0
700000.0003	0
700000.0003	0
700000.0003	0
700000.0003	0
700000.0003	0
700000.0003	0
700000.0003	0
700000.0003	0
700000.0003	0
700000.0003	0
700000.0003	0
700000.0003	0
700000.0003	0
700000.0003	0
700000.0003	0
700000.0003	0
700000.0003	0
700000.0003	0
700000.0003	0
700000.0003	0
700000.0003	0
700000.0003	0
700000.0003	0
700000.0003	0
700000.0003	0
700000.0003	0
700000.0003	0
700000.0003	0
700000.0003	0
700000.0003	0
700000.0003	0
700000.0003	0
700000.0003	0
700000.0003	0
700000.0003	0
700000.0003	0
700000.0003	0
700000.0003	-23.5787
700000.0003	-70.583
700000.0003	-117.147
700000.0003	-162.578
700000.0003	-206.593
700000.0003	-251.319
700000.0003	-297.762
700000.0003	-339.446
700000.0003	-383.631
700000.0003	-421.109
700000.0003	-466.203
700000.0003	-505.539
700000.0003	-547.796
700000.0003	-589.549
700000.0003	-630.015
700000.0003	-667.407
700000.0003	-705.076
700000.0003	-740.963
700000.0003	-780.926
700000.0003	-816.166
700000.0003	-851.411
700000.0003	-885.228
700000.0003	-919.997
700000.0003	-953.367
700000.0003	-987.57
700000.0003	-1026.51
700000.0003	-1052.46
700000.0003	-1081.58
700000.0003	-1122.36
700000.0003	-1134.57
700000.0003	-1171.33
700000.0003	-1205.3
700000.0003	-1242.39
700000.0003	-1270.93
700000.0003	-1291.1
700000.0003	-1326.36
700000.0003	-1339.87
700000.0003	-1376.53
700000.0003	-1406.23
700000.0003	-1418.15
700000.0003	-1453.69
700000.0003	-1478.51
700000.0003	-1483.16
700000.0003	-1516.44
700000.0003	-1531.18
700000.0003	-1545.7
700000.0003	-1583.63
700000.0003	-1591.86
700000.0003	-1620.6
700000.0003	-1642.06
700000.0003	-1654.79
700000.0003	-1664.89
700000.0003	-1692.82
700000.0003	-1707.05
700000.0003	-1728.09
700000.0003	-1733.88
700000.0003	-1762.33
700000.0003	-1766.26
700000.0003	-1782.73
700000.0003	-1800.17
700000.0003	-1805.72
700000.0003	-1817.17
700000.0003	-1827.57
700000.0003	-1834.08
700000.0003	-1852.73
700000.0003	-1855.31
700000.0003	-1860.07
700000.0003	-1873.42
700000.0003	-1886.78
700000.0003	-1888.24
700000.0003	-1893.28
700000.0003	-1905.27
700000.0003	-1907.26
700000.0003	-1921.27
700000.0003	-1913.61
700000.0003	-1910.77
700000.0003	-1918.65
700000.0003	-1928.66
700000.0003	-1924.54
700000.0003	-1929.34
700000.0003	-1927.65
700000.0003	-1922.96
700000.0003	-1927.95
700000.0003	-1923.02
700000.0003	-1921.2
700000.0003	-1918.73
700000.0003	-1904.11
700000.0003	-1904.39
700000.0003	-1907.92
700000.0003	-1897.01
700000.0003	-1895.08
700000.0003	-1878.56
700000.0003	-1863.24
700000.0003	-1866.31
700000.0003	-1845.56
700000.0003	-1837.54
700000.0003	-1823.56
700000.0003	-1795.66
700000.0003	-1789.69
700000.0003	-1768.93
700000.0003	-1747.67
700000.0003	-1715.24
700000.0003	-1692.44
700000.0003	-1658.96
700000.0003	-1627.09
700000.0003	-1585.99
700000.0003	-1541.52
700000.0003	-1500.46
700000.0003	-1448.5
700000.0003	-1398.15
700000.0003	-1346.92
700000.0003	-1283.41
700000.0003	-1225.97
700000.0003	-1168.35
700000.0003	-1103.28
700000.0003	-1037.65
700000.0003	-973.516
700000.0003	-912.503
700000.0003	-848.967
700000.0003	-790.312
700000.0003	-727.894
700000.0003	-672.308
700000.0003	-617.044
700000.0003	-563.569
700000.0003	-510.095
700000.0003	-466.436
700000.0003	-420.058
700000.0003	-377.303
700000.0003	-337.168
700000.0003	-299.274
700000.0003	-264.73
700000.0003	-234.043
700000.0003	-204.337
700000.0003	-178.667
700000.0003	-155.378
700000.0003	-135.046
700000.0003	-115.932
700000.0003	-98.9271
700000.0003	-85.4227
700000.0003	-72.7408
700000.0003	-61.9583
700000.0003	-52.0654
700000.0003	-44.0293
700000.0003	-37.641
700000.0003	-31.5361
700000.0003	-26.5917
700000.0003	-22.3945
700000.0003	-18.8437
700000.0003	-15.4504
700000.0003	-13.2345
700000.0003	-11.0254
700000.0003	-9.2084
700000.0003	-7.43444
700000.0003	-5.99649
700000.0003	-4.88365
700000.0003	-3.71129
700000.0003	-2.7833
700000.0003	-1.89365
700000.0003	-1.09552
700000.0003	-0.36515
700000.0003	0
700000.0003	0
700000.0003	0
700000.0003	0
700000.0003	0
700000.0003	0
700000.0003	0
700000.0003	0
700000.0003	0
700000.0003	0
700000.0003	0
700000.0003	0
700000.0003	0
700000.0003	0
700000.0003	0
700000.0003	0
700000.0003	0
700000.0003	0
700000.0003	0
700000.0003	0
700000.0003	0
700000.0003	0
700000.0003	0
700000.0003	0
700000.0003	0
700000.0003	0
700000.0003	0
700000.0003	0
700000.0003	0
700000.0003	0
700000.0003	0
700000.0003	0
700000.0003	0
700000.0003	0
700000.0003	0
700000.0003	0
700000.0003	0
700000.0003	0
700000.0003	0
700000.0003	0
700000.0003	0
700000.0003	0
700000.0003	0
700000.0003	0
700000.0003	0
700000.0003	0
700000.0003	0
700000.0003	0
700000.0003	0
700000.0003	0
700000.0003	0
700000.0003	0
700000.0003	0
700000.0003	0
700000.0003	0
700000.0003	0
700000.0003	0
700000.0003	0
700000.0003	0
700000.0003	0
700000.0003	0
700000.0003	0
700000.0003	0
700000.0003	0
700000.0003	0
700000.0003	0
700000.0003	0
700000.0003	0
700000.0003	0
700000.0003	0
700000.0003	0
700000.0003	0
700000.0003	0
700000.0003	0
700000.0003	0
700000.0003	0
700000.0003	0
700000.0003	0
700000.0003	0
700000.0003	0
700000.0003	0
700000.0003	0
700000.0003	0
700000.0003	0
700000.0003	0
700000.0003	0
700000.0003	0
700000.0003	0
700000.0003	0
700000.0003	0
700000.0003	0
700000.0003	0
700000.0003	0
700000.0003	0
700000.0003	0
700000.0003	0
700000.0003	0
700000.0003	0
700000.0003	0
700000.0003	0
700000.0003	0.603521
700000.0003	0.219184
700000.0003	-0.0206336
700000.0003	-2.30397
700000.0003	2.88087
700000.0003	-2.21237
700000.0003	-0.732741
700000.0003	0.66583
700000.0003	1.80451
700000.0003	-1.45407
700000.0003	10.6413
700000.0003	14.8464
700000.0003	3.76205
700000.0003	-7.17662
700000.0003	-9.71544
700000.0003	-5.75229
700000.0003	10.0339
700000.0003	-2.74655
700000.0003	37.9142
700000.0003	-11.1636
700000.0003	8.22614
700000.0003	19.9775
700000.0003	-12.0791
700000.0003	1.22729
700000.0003	14.548
700000.0003	6.10835
700000.0003	-3.64227
700000.0003	-15.0831
700000.0003	8.40145
700000.0003	-0.548202
700000.0003	-9.51535
700000.0003	-32.2994
700000.0003	8.66566
700000.0003	-0.356526
700000.0003	19.6094
700000.0003	3.14452
700000.0003	8.97062
700000.0003	-2.86492
700000.0003	-0.76584
700000.0003	-0.0280897
700000.0003	0
700000.0003	0
700000.0003	0
700000.0003	0
700000.0003	0
700000.0003	0
700000.0003	0
700000.0003	0
700000.0003	0
700000.0003	0
700000.0003	0
700000.0003	0
700000.0003	0
700000.0003	0
700000.0003	0
700000.0003	0
700000.0003	0
700000.0003	0
700000.0003	0
700000.0003	0
700000.0003	0
700000.0003	0
700000.0003	0
700000.0003	0
700000.0003	0
700000.0003	0
700000.0003	0
700000.0003	0
700000.0003	0
700000.0003	0
700000.0003	0
700000.0003	0
700000.0003	0
700000.0003	0
700000.0003	0
700000.0003	0
700000.0003	0
700000.0003	0
700000.0003	0
700000.0003	0
700000.0003	0
700000.0003	0
700000.0003	0
700000.0003	0
700000.0003	0
700000.0003	0
700000.0003	0
700000.0003	0
700000.0003	0
700000.0003	0
700000.0003	0
700000.0003	0
700000.0003	0
700000.0003	0
700000.0003	0
700000.0003	0
700000.0003	0
700000.0003	0
700000.0003	0
700000.0003	0
700000.0003	0
700000.0003	0
700000.0003	0
700000.0003	0
700000.0003	0
700000.0003	0
700000.0003	0
700000.0003	0
700000.0003	0
700000.0003	0
700000.0003	0
700000.0003	0
700000.0003	0
700000.0003	0
700000.0003	0
700000.0003	0
700000.0003	0
700000.0003	0
700000.0003	0
700000.0003	0
700000.0003	0
700000.0003	0
700000.0003	0
700000.0003	0
700000.0003	0
700000.0003	0
700000.0003	0
700000.0003	0
700000.0003	0
700000.0003	0
700000.0003	0
700000.0003	0
700000.0003	0
700000.0003	0
700000.0003	0
700000.0003	0
700000.0003	0
700000.0003	0
700000.0003	0
700000.0003	0
700000.0003	0.0704361
700000.0003	0.186026
700000.0003	0.0980764
700000.0003	0.0656158
700000.0003	0.410016
700000.0003	-0.842473
700000.0003	-1.10978
700000.0003	-1.06037
700000.0003	-2.50609
700000.0003	0.290896
700000.0003	-0.828486
700000.0003	-0.93388
700000.0003	1.00552
700000.0003	0.846075
700000.0003	0.502813
700000.0003	-0.663067
700000.0003	0.488382
700000.0003	-3.14192
700000.0003	-2.55306
700000.0003	1.15606
700000.0003	1.80111
700000.0003	2.91685
700000.0003	-2.22477
700000.0003	1.0701
700000.0003	3.78134
700000.0003	-0.557815
700000.0003	0.00797379
700000.0003	0.366169
700000.0003	0.912026
700000.0003	-0.254067
700000.0003	1.00745
700000.0003	-4.86684
700000.0003	-0.836443
700000.0003	0.241821
700000.0003	-1.98435
700000.0003	1.67958
700000.0003	0.751469
700000.0003	-1.65016
700000.0003	4.59322
700000.0003	-0.737396
700000.0003	-0.888565
700000.0003	3.15448
700000.0003	-3.01256
700000.0003	0.463701
700000.0003	1.30144
700000.0003	-5.14004
700000.0003	-0.551182
700000.0003	4.70251
700000.0003	3.32693
700000.0003	-0.465014
700000.0003	4.91328
700000.0003	-7.53106
700000.0003	0.383302
700000.0003	2.36029
700000.0003	4.22602
700000.0003	7.08516
700000.0003	0.169502
700000.0003	-7.78967
700000.0003	4.85992
700000.0003	-4.0866
700000.0003	4.38411
700000.0003	-1.32259
700000.0003	3.78828
700000.0003	0.810541
700000.0003	8.03417
700000.0003	1.05704
700000.0003	6.16374
700000.0003	-2.52384
700000.0003	-1.99971
700000.0003	3.45343
700000.0003	1.27948
700000.0003	2.16871
700000.0003	2.60747
700000.0003	8.38932
700000.0003	-0.126321
700000.0003	3.3089
700000.0003	7.77755
700000.0003	1.01321
700000.0003	8.13883
700000.0003	2.98028
700000.0003	-1.50386
700000.0003	0.750183
700000.0003	-0.880264
700000.0003	0.877975
700000.0003	0.323107
700000.0003	-5.45697
700000.0003	1.15633
700000.0003	-2.41579
700000.0003	-2.48384
700000.0003	2.38986
700000.0003	6.52726
700000.0003	-1.95924
700000.0003	2.02314
700000.0003	1.05082
700000.0003	1.79301
700000.0003	-4.5464
700000.0003	5.9934
700000.0003	-6.84887
700000.0003	5.844
700000.0003	-3.9921
700000.0003	2.53427
700000.0003	4.35601
700000.0003	-0.512409
700000.0003	-4.014
700000.0003	-8.96165
700000.0003	-1.11447
700000.0003	-1.322
700000.0003	0.663599
700000.0003	-0.735941
700000.0003	0.933277
700000.0003	-0.648794
700000.0003	-1.70841
700000.0003	-1.62825
700000.0003	-2.15213
700000.0003	0.891182
700000.0003	2.1877
700000.0003	2.13738
700000.0003	2.26702
700000.0003	2.82428
700000.0003	-0.901729
700000.0003	-1.59521
700000.0003	-0.559542
700000.0003	-2.33813
700000.0003	-0.465339
700000.0003	1.1379
700000.0003	1.12678
700000.0003	0.0876553
700000.0003	0.123279
700000.0003	-0.642128
700000.0003	1.13448
700000.0003	-0.976934
700000.0003	-0.184975
700000.0003	-1.14591
700000.0003	-0.219662
700000.0003	1.19175
700000.0003	0.359937
700000.0003	-0.293628
700000.0003	0.0451231
700000.0003	0.0719681
700000.0003	0.380193
700000.0003	-0.470568
700000.0003	0.113492
700000.0003	-0.286503
700000.0003	-0.118107
700000.0003	0.0648406
700000.0003	0.0533193
700000.0003	0.144572
700000.0003	-0.0989929
700000.0003	0.0520296
700000.0003	0.00967325
700000.0003	-0.0138311
700000.0003	-0.0214786
700000.0003	0.0734701
700000.0003	-0.00581889
700000.0003	-0.0785901
700000.0003	0.0418575
700000.0003	-0.0269321
700000.0003	0.0143015
700000.0003	-0.00790625
700000.0003	0.00765086
700000.0003	0
700000.0003	0
700000.0003	0
700000.0003	0
700000.0003	0
700000.0003	0
700000.0003	0
700000.0003	0
700000.0003	0
700000.0003	0
700000.0003	0
700000.0003	0
700000.0003	0
700000.0003	0
700000.0003	0
700000.0003	0
700000.0003	0
700000.0003	0
700000.0003	0
700000.0003	0
700000.0003	0
700000.0003	0
700000.0003	0
700000.0003	0
700000.0003	0
700000.0003	0
700000.0003	0
700000.0003	0
700000.0003	0
700000.0003	0
700000.0003	0
700000.0003	0
700000.0003	0
700000.0003	0
700000.0003	0
700000.0003	0
700000.0003	0
700000.0003	0
700000.0003	0
700000.0003	0
700000.0003	0
700000.0003	0
700000.0003	0
700000.0003	0
700000.0003	0
700000.0003	0
700000.0003	0
700000.0003	0
700000.0003	0
700000.0003	0
700000.0003	0
700000.0003	0
700000.0003	0
700000.0003	0
700000.0003	0
700000.0003	0
700000.0003	0
700000.0003	0
700000.0003	0
700000.0003	0
700000.0003	0
700000.0003	0
700000.0003	0
700000.0003	0
700000.0003	0
700000.0003	0
700000.0003	0
700000.0003	0
700000.0003	0
700000.0003	0
700000.0003	0
700000.0003	0
700000.0003	0
700000.0003	0
700000.0003	0
700000.0003	0
700000.0003	0
700000.0003	0
700000.0003	0
700000.0003	0
700000.0003	0
700000.0003	0
700000.0003	0
700000.0003	0
700000.0003	0
700000.0003	0
700000.0003	0
700000.0003	0
700000.0003	0
700000.0003	0
700000.0003	0
700000.0003	0
700000.0003	0
700000.0003	0
700000.0003	0
700000.0003	0
700000.0003	0
700000.0003	0
700000.0003	0
700000.0003	0
