700000.0003	1470955
700000.0003	1466382
700000.0003	1470566
700000.0003	1476899
700000.0003	1488971
700000.0003	1490093
700000.0003	1475900
700000.0003	1450314
700000.0003	1419079
700000.0003	1393929
700000.0003	1384254
700000.0003	1384799
700000.0003	1376692
700000.0003	1343882
700000.0003	1273507
700000.0003	1164246
700000.0003	1034479
700000.0003	901315
700000.0003	777258
700000.0003	668601
700000.0003	576338
700000.0003	495793
700000.0003	430629
700000.0003	374343
700000.0003	327977
700000.0003	290189
700000.0003	258601
700000.0003	233120
700000.0003	211684
700000.0003	194253
700000.0003	181139
700000.0003	168144
700000.0003	158555
700000.0003	149292
700000.0003	143142
700000.0003	137237
700000.0003	132577
700000.0003	128582
700000.0003	125924
700000.0003	122922
700000.0003	122060
700000.0003	120249
700000.0003	118914
700000.0003	117082
700000.0003	116125
700000.0003	115141
700000.0003	114404
700000.0003	112727
700000.0003	112122
700000.0003	111560
700000.0003	110493
700000.0003	109944
700000.0003	109557
700000.0003	108915
700000.0003	108620
700000.0003	107440
700000.0003	107156
700000.0003	106656
700000.0003	106214
700000.0003	106227
700000.0003	105323
700000.0003	105286
700000.0003	104269
700000.0003	104278
700000.0003	103938
700000.0003	104505
700000.0003	103413
700000.0003	103183
700000.0003	102750
700000.0003	102063
700000.0003	102567
700000.0003	101894
700000.0003	101832
700000.0003	101449
700000.0003	101128
700000.0003	101064
700000.0003	101132
700000.0003	100218
700000.0003	100825
700000.0003	100021
700000.0003	100033
700000.0003	99898
700000.0003	99866
700000.0003	99120
700000.0003	99835
700000.0003	99393
700000.0003	98986
700000.0003	99495
700000.0003	99154
700000.0003	99107
700000.0003	98584
700000.0003	98611
700000.0003	98700
700000.0003	98936
700000.0003	98645
700000.0003	98083
700000.0003	98058
700000.0003	98210
700000.0003	98349
700000.0003	97760
700000.0003	98643
700000.0003	97857
700000.0003	97915
700000.0003	97645
700000.0003	97686
700000.0003	97398
700000.0003	97332
700000.0003	97379
700000.0003	97904
700000.0003	96865
700000.0003	97711
700000.0003	97209
700000.0003	97462
700000.0003	97278
700000.0003	96951
700000.0003	97067
700000.0003	96983
700000.0003	96927
700000.0003	97270
700000.0003	96798
700000.0003	97069
700000.0003	97221
700000.0003	96673
700000.0003	97210
700000.0003	96656
700000.0003	97562
700000.0003	96715
700000.0003	96807
700000.0003	97210
700000.0003	96746
700000.0003	96853
700000.0003	96979
700000.0003	97171
700000.0003	96771
700000.0003	97116
700000.0003	96310
700000.0003	96896
700000.0003	97120
700000.0003	96363
700000.0003	96927
700000.0003	97203
700000.0003	97188
700000.0003	97346
700000.0003	96430
700000.0003	97122
700000.0003	97643
700000.0003	96870
700000.0003	98256
700000.0003	97930
700000.0003	97898
700000.0003	97972
700000.0003	97920
700000.0003	98610
700000.0003	99080
700000.0003	99243
700000.0003	100048
700000.0003	99627
700000.0003	100103
700000.0003	101079
700000.0003	101660
700000.0003	102063
700000.0003	102308
700000.0003	103023
700000.0003	103019
700000.0003	104248
700000.0003	105075
700000.0003	105967
700000.0003	106122
700000.0003	106664
700000.0003	107967
700000.0003	107996
700000.0003	108364
700000.0003	108959
700000.0003	110461
700000.0003	111379
700000.0003	112357
700000.0003	113391
700000.0003	114486
700000.0003	114730
700000.0003	116375
700000.0003	116870
700000.0003	118805
700000.0003	119388
700000.0003	120675
700000.0003	121934
700000.0003	123128
700000.0003	124431
700000.0003	126473
700000.0003	127977
700000.0003	129163
700000.0003	130537
700000.0003	131432
700000.0003	133751
700000.0003	135415
700000.0003	137497
700000.0003	138690
700000.0003	140224
700000.0003	142920
700000.0003	144735
700000.0003	147409
700000.0003	148841
700000.0003	150544
700000.0003	153374
700000.0003	155777
700000.0003	158076
700000.0003	160845
700000.0003	163995
700000.0003	167091
700000.0003	169087
700000.0003	174175
700000.0003	176195
700000.0003	179685
700000.0003	183720
700000.0003	187917
700000.0003	191385
700000.0003	196281
700000.0003	199701
700000.0003	205544
700000.0003	210245
700000.0003	215113
700000.0003	220871
700000.0003	226272
700000.0003	232835
700000.0003	239669
700000.0003	247003
700000.0003	256095
700000.0003	263586
700000.0003	273823
700000.0003	283633
700000.0003	294975
700000.0003	306492
700000.0003	320180
700000.0003	336007
700000.0003	352979
700000.0003	370431
700000.0003	390153
700000.0003	412640
700000.0003	437677
700000.0003	464508
700000.0003	494350
700000.0003	525780
700000.0003	561066
700000.0003	600389
700000.0003	640401
700000.0003	685278
700000.0003	731199
700000.0003	777920
700000.0003	826704
700000.0003	875272
700000.0003	925043
700000.0003	971286
700000.0003	1021310
700000.0003	1063285
700000.0003	1103337
700000.0003	1139246
700000.0003	1173507
700000.0003	1203239
700000.0003	1230050
700000.0003	1253768
700000.0003	1275556
700000.0003	1294911
700000.0003	1309094
700000.0003	1326708
700000.0003	1341036
700000.0003	1352277
700000.0003	1363832
700000.0003	1373567
700000.0003	1380144
700000.0003	1389913
700000.0003	1398383
700000.0003	1404103
700000.0003	1411892
700000.0003	1415114
700000.0003	1419883
700000.0003	1423038
700000.0003	1429435
700000.0003	1431936
700000.0003	1434853
700000.0003	1437322
700000.0003	1439333
700000.0003	1443809
700000.0003	1444485
700000.0003	1447753
700000.0003	1447977
700000.0003	1451710
700000.0003	1450333
700000.0003	1451685
700000.0003	1452744
700000.0003	1452943
700000.0003	1455752
700000.0003	1457150
700000.0003	1457503
700000.0003	1457209
700000.0003	1458259
700000.0003	1456155
700000.0003	1456275
700000.0003	1458027
700000.0003	1458606
700000.0003	1457803
700000.0003	1461158
700000.0003	1460378
700000.0003	1458229
700000.0003	1458640
700000.0003	1457440
700000.0003	1458540
700000.0003	1460340
700000.0003	1459961
700000.0003	1458959
700000.0003	1461993
700000.0003	1461506
700000.0003	1458018
700000.0003	1457500
700000.0003	1459555
700000.0003	1460765
700000.0003	1461827
700000.0003	1461155
700000.0003	1461002
700000.0003	1461499
700000.0003	1461155
700000.0003	1459438
700000.0003	1460316
700000.0003	1461660
700000.0003	1462112
700000.0003	1463994
700000.0003	1461991
700000.0003	1461947
700000.0003	1461845
700000.0003	1461215
700000.0003	1462409
700000.0003	1463987
700000.0003	1461149
700000.0003	1463437
700000.0003	1466075
700000.0003	1463750
700000.0003	1461419
700000.0003	1463112
700000.0003	1464530
700000.0003	1465436
700000.0003	1463555
700000.0003	1464232
700000.0003	1465083
700000.0003	1467445
700000.0003	1464051
700000.0003	1464274
700000.0003	1466299
700000.0003	1465343
700000.0003	1467095
700000.0003	1465333
700000.0003	1467778
700000.0003	1466839
700000.0003	1467413
700000.0003	1466906
700000.0003	1466750
700000.0003	1468171
700000.0003	1465539
700000.0003	1469968
700000.0003	1469156
700000.0003	1469825
700000.0003	1468619
700000.0003	1470414
700000.0003	1469086
700000.0003	1469953
700000.0003	1468689
700000.0003	1469246
700000.0003	1472139
700000.0003	1472276
700000.0003	1472671
700000.0003	1471282
700000.0003	1473306
700000.0003	1470889
700000.0003	1472256
700000.0003	1472614
700000.0003	1473893
700000.0003	1475395
700000.0003	1477347
700000.0003	1474850
700000.0003	1475425
700000.0003	1472694
700000.0003	1473884
700000.0003	1476395
700000.0003	1479271
700000.0003	1479540
700000.0003	1479808
700000.0003	1480721
700000.0003	1477843
700000.0003	1476201
700000.0003	1475392
700000.0003	1480317
700000.0003	1484259
700000.0003	1487144
700000.0003	1487222
700000.0003	1481834
700000.0003	1478975
700000.0003	1478069
700000.0003	1476465
700000.0003	1482794
700000.0003	1490774
700000.0003	1491312
700000.0003	1491802
700000.0003	1481659
