700000.0003	2958.15	2956.43	2960.91	2958	2958.97	2958.7	2960.38	2960.98	2959.36	2957.75	2957.95	2959.94	2957.93	2959.33	2958.13
700000.0003	1533.09	1532.91	1532	1533.59	1535.71	1534.5	1533.17	1535.55	1534.98	1531	1532.43	1535.24	1531.27	1531.32	1534.52
700000.0003	194.148	193.783	193.722	194.233	192.947	194.569	193.87	193.292	194.769	193.036	193.599	193.197	193.041	192.737	194.191
700000.0003	32.1441	31.9588	31.9183	32.5663	32.5782	32.0792	31.8323	32.4501	32.406	32.2464	32.3252	32.5759	32.6329	32.7078	33.0086
700000.0003	19.6233	19.3688	19.0966	19.2773	19.5989	19.5956	19.6044	19.5272	19.2231	19.071	19.0813	19.1744	19.3738	19.4544	19.1827
700000.0003	16.27	16.73	16.7724	16.5546	16.8155	16.8173	16.316	17.0118	16.6296	16.6756	16.5185	16.4393	16.8458	16.6295	16.3567
700000.0003	15.2812	15.2483	15.3866	15.2574	15.2866	15.1607	15.077	15.3433	15.3249	15.4916	15.7458	15.3381	15.4318	15.3276	15.3384
700000.0003	14.6098	14.3619	14.5944	14.4295	14.5255	14.4139	14.2328	14.4848	14.4205	14.4345	14.5429	14.8048	14.7944	14.4099	14.3927
700000.0003	14.601	14.2043	13.8835	13.5361	14.2569	14.1195	14.1571	14.0558	13.806	14.1546	13.9794	13.9977	13.9388	14.1664	13.6223
700000.0003	13.6711	13.9583	13.5651	13.7081	13.5301	13.7263	13.814	13.55	13.8653	13.6649	13.3324	13.678	13.5667	13.6351	14.0213
700000.0003	13.3976	13.2822	13.71	13.6075	13.5012	13.3031	13.7517	13.6417	13.7855	13.2992	13.6204	13.3658	13.3286	13.6248	13.4274
700000.0003	13.2499	13.1185	13.0428	13.2638	13.4489	13.5147	13.598	13.6631	13.234	13.2009	13.4643	13.2274	13.1467	13.2599	13.5106
700000.0003	13.538	13.0728	13.1844	13.2816	13.165	13.3203	13.3191	13.2361	13.1019	13.4687	13.0858	13.3051	13.1756	13.1882	13.2389
700000.0003	13.3997	13.1023	13.3565	13.0986	13.2866	13.2046	13.0853	13.7316	13.4641	13.3248	13.4609	12.9131	12.9163	13.058	13.4405
700000.0003	13.3242	13.3734	13.4965	13.4599	13.352	13.7693	13.1639	13.6534	13.5916	12.7421	13.4249	13.2257	13.3335	13.5388	13.2808
700000.0003	13.9969	14.1836	13.7027	14.2155	14.2136	14.0549	14.1473	13.9542	13.7489	13.4354	13.6212	14.0111	13.8268	14.126	14.202
700000.0003	15.2121	14.9366	14.8654	15.2644	15.4398	15.202	15.2593	15.2522	15.2807	14.5451	15.0768	15.3593	15.1196	14.9169	14.9438
700000.0003	17.3274	16.7143	16.6159	16.975	17.1334	16.9757	17.0522	16.8617	16.5121	16.8283	16.5059	16.5697	16.7653	17.0201	16.6518
700000.0003	19.6453	20.0485	20.0717	19.924	20.0021	19.5383	19.3483	20.2157	20.0294	19.8241	19.8203	19.9227	19.7377	19.8863	19.7422
700000.0003	24.2761	23.932	24.203	23.7927	24.4614	23.8848	23.9289	24.2924	24.3699	23.7234	24.0948	24.2414	24.2879	23.9111	24.3864
700000.0003	30.1752	31.0464	30.3686	30.1269	30.3933	30.511	30.7515	31.2205	30.6008	30.549	30.7156	30.6938	30.6223	30.6683	30.6957
700000.0003	42.1434	41.8629	42.5245	41.5659	42.2032	41.6826	41.6634	41.625	42.1275	42.3294	41.8734	42.1277	42.892	41.9969	42.2319
700000.0003	67.3286	67.6915	67.6805	67.3659	67.2825	67.9261	67.3761	67.3389	67.3952	67.3255	67.2351	67.5834	67.2586	67.3065	67.5051
700000.0003	154.992	154.841	156.213	155.827	156.422	155.236	155.373	156.228	154.964	156.59	155.564	155.679	155.932	154.149	155.065
700000.0003	516.309	515.375	516.618	515.426	517.356	515.969	515.723	515.674	515.219	515.32	515.561	516.365	516.23	516.331	516.04
700000.0003	1360.64	1363.76	1363.87	1362.29	1360.48	1362.26	1360.19	1361.4	1361.1	1359.98	1362.72	1362.58	1363.05	1362.63	1362.53
700000.0003	2201.17	2207.05	2201.89	2201.46	2202.13	2198.95	2201.15	2202.08	2202.35	2201.74	2202.41	2201.76	2202.03	2202.29	2201.51
700000.0003	2643.97	2644.36	2643.23	2643.21	2643.38	2640.16	2641.74	2643.07	2642.58	2638.53	2642.63	2641.04	2642.74	2642.45	2642.59
700000.0003	2791.18	2790.34	2789.9	2787.06	2788.69	2787.65	2784.67	2789.47	2791.02	2787.76	2786.3	2787.23	2789.05	2789.43	2787.67
700000.0003	2837.46	2835.93	2836.36	2835.41	2836.15	2833.18	2835.05	2836.12	2834.2	2834.86	2834.91	2837.27	2835.03	2835.82	2835.27
700000.0003	2865.49	2864.29	2867.57	2866.49	2862.61	2860.97	2865.8	2867.42	2863.83	2864.34	2866.23	2864.77	2863.67	2866.15	2866.28
700000.0003	2890.57	2892.95	2894.35	2893.63	2889.74	2891.84	2894.18	2890.77	2889.02	2893.74	2894.46	2892.23	2891.31	2894.4	2893.92
700000.0003	2918.61	2921.37	2919.29	2920.93	2915.82	2920.19	2920.9	2918.42	2917.05	2922.55	2920.66	2919.31	2917.29	2920.98	2921.72
700000.0003	2946.91	2946.61	2945.97	2946.92	2946.01	2946.25	2945.49	2946.02	2944.55	2946.79	2947.86	2948.32	2947.47	2947.15	2947.03
700000.0003	2977.59	2974.32	2968.44	2974.52	2976.22	2975.28	2969.99	2971.56	2974.41	2976.53	2974.57	2974.82	2971.09	2972.04	2972.96
700000.0003	3000.22	3001.91	3000.08	3000.05	3000.49	2999.5	2997.55	3005.59	3000.94	2998.85	2998.05	3001.44	3005.19	2998.96	2999.11
700000.0003	3026.45	3030.3	3027.32	3025.7	3030.07	3025.72	3025.88	3025.13	3029.87	3025.73	3028.26	3030.36	3027.16	3025.42	3024.87
700000.0003	3054.32	3050.65	3051.87	3054.03	3056.63	3052.84	3052.73	3053.59	3052.53	3055.19	3053.23	3052.84	3049.54	3054.23	3056.1
700000.0003	3078.68	3076.33	3079.37	3079.58	3079.43	3076.18	3080.84	3081.73	3078.68	3075.28	3078.44	3079.78	3079.52	3077.44	3078.01
700000.0003	3096.51	3092.07	3095.7	3097.88	3102.36	3096.48	3099.08	3096.84	3096.83	3096.7	3098.24	3095.86	3093.46	3099.21	3099.37
700000.0003	0.0502744	-1.36277	0.00142088	0.283345	-0.496808	0.446074	0.144074	0.12844	0.453376	1.21943	1.61887	0.384235	-0.995828	-0.538123	-0.461527
700000.0003	-0.141786	-0.946738	0.42107	0.765335	0.703756	0.168237	-0.551139	0.800191	1.68786	-0.377148	0.788725	-0.715097	-0.259948	-0.342491	0.232055
700000.0003	0.61373	0.149089	-0.169923	-0.134985	0.0604804	0.147706	-0.567103	0.0911654	0.0024841	0.15316	-0.312931	0.194563	0.277296	-0.318657	-0.0825383
700000.0003	0.0837093	0.0961832	-0.120034	0.0312882	-0.0409063	-0.0341153	-0.0646739	-0.365919	0.115489	-0.216125	-0.0578198	0.0499088	0.132436	-0.150128	-0.0987108
700000.0003	0.202209	0.00725329	0.0306957	-0.190229	-0.126836	-0.133443	0.096181	-0.0369332	0.030802	0.0658577	0.183233	0.178565	-0.0325692	-0.185914	0.197487
700000.0003	-0.0593955	0.146836	-0.0957275	-0.031504	0.0289771	0.0703154	-0.423099	-0.0336427	0.0654831	0.109035	-0.0761041	0.0667877	-0.159546	-0.0455731	-0.190718
700000.0003	-0.198721	0.140848	-0.00711072	0.233087	0.152211	-0.00660439	0.119274	-0.0268414	-0.0327445	0.0867425	0.0781002	-0.136533	0.0347934	0.0891695	0.0975029
700000.0003	0.15355	-0.157419	-0.148196	0.00435477	-0.107315	0.0424414	0.0736546	-0.000755014	0.0369239	0.08436	0.041151	-0.0370467	0.0171888	0.0623799	0.148282
700000.0003	-0.0756031	0.104151	0.089155	-0.151393	-0.063388	-0.122471	0.105661	0.0366202	-0.0084454	-0.0570518	0.128677	0.0113768	0.185993	0.0864475	0.0682842
700000.0003	0.200268	0.0657705	-0.100808	0.0483067	0.0221242	-0.0134254	-0.058906	-0.0339768	0.173786	-0.0534159	0.0806048	0.122141	0.0243744	0.0802173	-0.0800733
700000.0003	0.0111735	0.208786	0.163236	0.0724478	0.00479515	0.00101526	0.0394727	0.040251	-0.0782208	-0.173622	-0.00731834	-0.051925	0.0515453	0.0345934	0.0503784
700000.0003	0.0364603	0.0737267	0.0621281	0.0426907	-0.0263603	-0.0446628	0.0394547	0.054727	0.0877998	-0.0428344	0.0514908	-0.0951661	-0.0998709	0.0510305	-0.0211636
700000.0003	0.0155376	0.00739639	-0.0832126	-0.155302	0.0992121	-0.0920441	-0.082298	-0.0874968	-0.124833	0.132591	0.03998	-0.00848039	-0.210369	0.0123996	0.135106
700000.0003	0.0254776	0.118865	-0.0744293	-0.0362486	0.0450562	-0.00927022	-0.126729	0.0423337	-0.0493311	0.0141582	0.0949436	-0.0909369	-0.139391	-0.0401668	-0.114838
700000.0003	0.0929292	0.151132	0.0507681	0.0308331	0.00391141	-0.0771048	-0.0432859	0.0323177	-0.115519	-0.0781605	-0.0381742	-0.188358	-0.112689	0.0665659	0.00522361
700000.0003	-0.109725	0.160807	0.0769808	-0.0598539	0.123682	-0.0962361	-0.0787271	-0.117071	0.00921741	0.0235564	-0.0565215	-0.14731	0.0343028	0.223395	0.00350003
700000.0003	0.0436065	-0.0575637	0.261452	0.0499803	0.182999	-0.0116925	0.13426	0.0763121	0.0833746	0.01717	-0.116379	-0.0905355	-0.18269	-0.205401	0.160779
700000.0003	0.0336052	-0.0755577	0.0697016	0.151636	-0.220961	0.14795	-0.141855	0.164538	-0.23944	-0.0391819	0.239744	-0.0102097	-0.0326691	0.0622913	0.060023
700000.0003	-0.0746771	0.264829	-0.0191069	0.0164525	0.0513765	0.027353	-0.0211481	-0.00301149	-0.105107	0.28186	-0.0226742	-0.0226471	-0.164787	-0.183665	0.176243
700000.0003	-0.106601	0.0452252	0.165442	-0.0415828	-0.0324873	0.172747	-0.130447	-0.0553937	-0.072582	0.00245845	-0.136724	-0.0107519	-0.017247	0.117596	0.0470271
700000.0003	0.0081439	-0.0347278	-0.0552209	0.0432216	0.168691	-0.135373	0.0662433	0.251368	-0.094259	0.0575167	0.1298	-0.0772648	0.200567	-0.108539	-0.0236479
700000.0003	0.174565	0.162333	0.392694	-0.0751371	0.187134	-0.134664	-0.0424141	0.146933	0.498209	0.0801852	-0.110656	0.131153	-0.0244262	0.308939	-0.412236
700000.0003	-0.233761	0.0589201	-0.21508	0.381023	-0.172004	-0.193073	0.0726094	0.0178585	0.450851	-0.46236	-0.179427	0.0633523	-0.351592	-0.10651	-0.0601563
700000.0003	-0.0073866	-0.201769	0.21937	0.243157	0.151276	-0.221061	0.101135	0.0170407	-0.00804913	0.340109	-0.200666	-0.560328	0.104605	0.0945071	-0.18222
700000.0003	-0.0392616	0.403359	0.400392	-0.304081	0.443082	0.462364	0.383023	0.708243	0.151255	-0.293696	-0.0739619	-0.393557	0.475001	-0.12925	0.891459
700000.0003	0.468271	0.141798	-0.327908	-0.0309452	-0.419473	-0.387227	-0.387667	-0.594678	1.12729	1.17727	-0.374735	-0.951158	-0.453502	0.272938	0.288424
700000.0003	0.0383125	-1.06587	-0.604781	1.51534	-1.28209	-0.454303	0.167052	0.257279	0.224932	-0.247788	-0.567849	0.0918323	-0.347189	0.195805	1.09772
700000.0003	-0.442746	-0.767204	-0.0292449	-2.82519	0.373668	0.409803	0.457135	0.646437	0.705179	-1.80327	-1.07143	-0.830946	1.37728	0.799483	-0.217157
700000.0003	-0.00703829	0.0629507	-0.976162	1.14606	0.0632706	-0.220839	-0.377875	-0.746535	0.786388	0.467763	-0.534613	-0.828024	-0.995587	0.443281	-0.804189
700000.0003	0.462302	0.396318	0.714978	-0.436216	0.951196	0.437095	-0.430902	0.313067	0.816984	0.863637	-0.113468	-0.244655	-1.25182	0.07743	-0.249051
700000.0003	-0.858371	0.708331	1.03951	0.679087	0.235866	0.877624	-0.18505	-0.16518	0.867497	1.07305	0.147283	-0.242831	-0.620253	-0.591651	0.00301473
700000.0003	-0.0521826	-0.171222	0.4767	0.766217	0.0225974	0.157641	0.340254	0.618993	1.37217	-0.0619708	-0.303484	-0.340999	0.555756	-0.604108	-0.716299
700000.0003	-0.0756571	0.381925	-0.519782	0.737607	1.21116	-0.378588	0.479994	0.254298	-0.0492857	0.0210325	0.094772	0.265308	-0.465616	-0.525416	-0.362446
700000.0003	-0.566729	-0.615325	0.559492	1.36767	0.531067	0.00153042	0.93109	0.79809	0.289755	-0.985869	-0.56534	-0.655334	-0.951592	0.62346	0.524172
700000.0003	0.550032	0.85123	0.290111	-0.0747592	0.383343	1.31665	1.27593	0.538843	-0.431948	-0.863509	0.0592222	-0.430182	-0.535825	-0.95114	-0.203206
700000.0003	0.813101	0.832613	-0.0123628	-0.655694	0.704487	1.34041	-0.279411	0.251855	-0.366661	0.842488	-0.776392	-0.331693	-0.902661	0.260113	-0.160905
700000.0003	-0.200074	-0.242147	1.02693	0.717863	0.0679169	-0.233669	-0.511727	0.0489802	-0.605996	-0.432489	-0.916499	-1.33596	0.470925	0.502383	0.0424441
700000.0003	0.397197	1.80436	0.70209	0.282563	0.813966	0.860959	-0.233538	-0.886902	-0.574949	-1.74776	-0.209227	0.265878	-0.928381	-0.592421	-1.088
700000.0003	-0.243712	-0.0678576	0.77859	1.74491	0.262266	-0.504037	-0.472246	-0.183985	-0.493779	0.152359	-1.09003	-1.13114	1.04557	0.0810534	-0.175212
700000.0003	0.303876	0.441811	0.0951043	0.177414	0.50828	-1.38232	0.525306	0.645653	0.0278127	0.427585	1.07208	-0.224305	0.146039	-1.63505	0.122066
700000.0003	2913.23	2913	2913.63	2914.5	2912.22	2914.83	2913.95	2915.95	2912.31	2910.11	2910.85	2912.47	2913.69	2911.77	2910.95
700000.0003	1603.03	1603.96	1604.69	1607.91	1610.19	1606.09	1606	1606.66	1605.41	1601.97	1605.84	1606.4	1603.92	1605.8	1605.35
700000.0003	174.786	173.71	174.407	174.782	173.618	174.16	174.411	174.042	174.325	173.33	174.427	174.378	173.917	173.519	174.574
700000.0003	28.4858	27.974	28.166	28.0352	28.9622	28.0722	27.9131	28.4766	28.2218	28.4921	28.2379	28.6033	28.312	28.2228	28.6878
700000.0003	18.1895	18.4159	17.8515	18.3551	18.5856	18.6116	18.5677	18.3088	18.118	18.2617	18.1919	18.516	18.2809	17.9447	17.7774
700000.0003	16.1177	15.6086	16.2602	15.9425	16.4124	16.0169	16.0602	16.0253	16.2138	16.2459	15.9578	15.6049	16.5203	16.2592	15.8428
700000.0003	15.2498	15.2129	14.896	14.7091	14.9913	15.22	15.0237	14.9419	15.148	15.0103	15.1567	15.3011	15.1051	14.9066	15.0532
700000.0003	14.363	13.922	14.3994	14.6529	14.1703	14.2721	14.1229	14.3334	14.5519	14.1007	14.8336	14.5603	14.6354	14.3717	14.3846
700000.0003	14.0752	13.8783	13.8978	13.5212	13.954	13.8384	13.9865	13.8609	14.0491	14.0299	14.0667	14.0421	13.8896	13.795	13.7426
700000.0003	13.6088	13.4944	13.6969	13.5336	13.7091	13.7467	13.5438	13.333	13.4534	13.5153	13.6197	13.7715	13.6021	13.2876	13.8349
700000.0003	13.5219	13.242	13.5157	13.2995	13.5512	13.4471	13.353	13.4904	13.8611	13.4822	13.3834	13.6137	13.0424	13.2491	13.2358
700000.0003	13.2645	13.062	13.4153	13.214	13.6337	13.4847	13.1883	13.4873	13.4581	13.225	13.2328	13.0339	13.2585	13.4468	13.6447
700000.0003	13.2126	13.1491	13.2349	13.5035	13.1213	13.2127	13.5032	13.2772	13.3118	13.3461	13.0881	13.2238	13.4136	13.6117	13.1928
700000.0003	13.2328	13.3695	13.3787	13.2959	13.2254	13.2496	13.2251	13.5046	13.1868	13.2454	13.5677	12.9439	13.0114	13.2996	13.3917
700000.0003	13.5751	13.1034	13.3308	13.314	13.7776	13.3427	13.1393	13.3521	13.4957	13.258	12.9362	13.0785	13.2966	13.2923	13.1084
700000.0003	13.8034	13.8558	13.6917	13.8524	13.8969	13.9087	13.5966	13.8023	13.6125	13.9353	13.6083	13.9167	13.8141	13.8003	13.9744
700000.0003	14.9046	15.0625	15.2295	15.3194	15.2224	15.0544	15.3913	15.396	15.1416	14.6705	15.331	15.425	15.0277	14.9517	14.9269
700000.0003	16.9366	16.5614	16.6879	16.8929	16.8146	16.9099	17.0033	17.0214	16.7197	16.5885	16.5048	16.7917	16.7871	16.9213	16.4271
700000.0003	19.9878	19.8826	19.7676	19.8358	20.2072	19.3536	19.3556	19.6161	19.682	19.2574	19.9545	19.6163	19.5622	19.5186	19.677
700000.0003	24.0674	23.8043	23.9519	24.058	24.0892	23.8787	24.2416	24.0517	23.8614	23.8173	24.2015	24.2931	24.7976	23.4418	24.1214
700000.0003	30.1678	30.3109	30.2279	30.2744	30.2591	30.3929	30.3659	30.3337	30.4822	30.5985	30.7581	30.2182	30.1257	30.5951	30.1176
700000.0003	42.0859	42.0915	42.4302	41.6846	42.3323	41.7242	41.5125	41.6506	41.8487	41.9829	41.8596	41.4482	41.7526	41.6608	42.0493
700000.0003	66.8747	66.6405	65.9084	66.5198	66.6755	66.4953	66.5287	66.1534	66.8712	66.2587	66.1569	66.3316	66.0575	66.2044	66.388
700000.0003	152.569	153.167	153.268	153.692	153.08	153.565	153.216	153.199	153.295	154.631	153.364	153.32	153.085	152.37	151.721
700000.0003	520.007	520.416	520.734	519.818	521.582	520.768	520.479	522.012	520.7	519.131	519.745	520.235	519.556	519.576	519.626
700000.0003	1362.87	1365.68	1365.67	1364.84	1361.32	1362.03	1362.77	1361.03	1363.94	1362.1	1363.69	1365.06	1365.07	1363.56	1364.17
700000.0003	2153.82	2156.76	2155.76	2155.36	2156.41	2153.7	2153.02	2152.99	2152.77	2155.79	2156.05	2153.51	2154.73	2153.2	2152.17
700000.0003	2587.87	2586.41	2586.64	2588.15	2584.11	2584.01	2586.53	2586.63	2586.91	2586.28	2585.88	2584.75	2585.12	2584.62	2586.04
700000.0003	2779.2	2783.03	2780.83	2778.12	2777.64	2778.85	2777.96	2779.56	2781.37	2780.2	2778.19	2779.43	2778.24	2781.01	2779.9
700000.0003	2867.91	2869.33	2866.45	2867.2	2868.93	2868.88	2866.69	2866.97	2868.36	2866.82	2866.01	2865.93	2865.16	2865.56	2865.54
700000.0003	2906.99	2905.98	2908.23	2908.44	2907.35	2907.95	2906.87	2909.09	2907.11	2905.64	2907.17	2907.5	2904.78	2903.9	2907.04
700000.0003	2931.53	2931.14	2932.84	2933.68	2932.58	2930.81	2931.91	2932.04	2932.4	2931.59	2932.91	2932.63	2933.69	2933.5	2931.28
700000.0003	2953.94	2954.54	2953.16	2952.15	2952.37	2953.66	2956.46	2952.07	2953.77	2955.37	2953.54	2954.56	2953.86	2957.06	2955.23
700000.0003	2971.64	2971.82	2974.21	2973.26	2974.4	2972.98	2974.31	2971.62	2972.19	2972.33	2972.71	2971.98	2972.03	2974.34	2973.38
700000.0003	2991.63	2989.66	2990.02	2991.32	2991.79	2989.21	2992.3	2991.48	2990.41	2991.54	2991.62	2990.81	2989.5	2988.48	2990.76
700000.0003	3007.26	3006.81	3006.4	3008.15	3004.93	3008.31	3004.43	3010.62	3006.48	3008.46	3007.84	3007.26	3009.33	3006.84	3010.12
700000.0003	3024.91	3027.59	3024.48	3023.91	3022.2	3025.25	3023.63	3024.74	3026.43	3022.4	3025.63	3026.78	3027.52	3025.33	3022.11
700000.0003	3044.17	3043.8	3043.85	3044.02	3044.61	3047.54	3044.5	3041.79	3044.18	3045.29	3042.91	3043.88	3039.95	3044.99	3043.72
700000.0003	3070.01	3069.38	3070.14	3070.72	3072.31	3065.89	3071.88	3070.75	3071.41	3072.63	3070.05	3069.87	3070.43	3068.8	3067.83
700000.0003	3084.66	3083.69	3084.53	3082.83	3087.89	3084.65	3085.64	3085.94	3085	3084.95	3086.28	3084.36	3083.72	3084.49	3086.03
