700000.0003	0.0263327
700000.0003	0.0358607
700000.0003	0.0523858
700000.0003	0.0807668
700000.0003	0.125053
700000.0003	0.188439
700000.0003	0.280166
700000.0003	0.398148
700000.0003	0.556407
700000.0003	0.7459
700000.0003	0.983427
700000.0003	1.26919
700000.0003	1.60525
700000.0003	1.98948
700000.0003	2.41475
700000.0003	2.88217
700000.0003	3.34097
700000.0003	3.82592
700000.0003	4.28076
700000.0003	4.76381
700000.0003	5.19916
700000.0003	5.64499
700000.0003	6.07121
700000.0003	6.4511
700000.0003	6.86081
700000.0003	7.21869
700000.0003	7.55251
700000.0003	7.87348
700000.0003	8.19428
700000.0003	8.5798
700000.0003	8.79346
700000.0003	9.08561
700000.0003	9.28837
700000.0003	9.5335
700000.0003	9.76163
700000.0003	10.0038
700000.0003	10.0411
700000.0003	10.1605
700000.0003	10.2561
700000.0003	10.3
700000.0003	10.3071
700000.0003	10.2305
700000.0003	10.2686
700000.0003	10.3035
700000.0003	10.3165
700000.0003	10.2751
700000.0003	10.2659
700000.0003	10.3816
700000.0003	10.2935
700000.0003	10.2505
700000.0003	10.2957
700000.0003	10.3251
700000.0003	10.3078
700000.0003	10.3071
700000.0003	10.3252
700000.0003	10.2624
700000.0003	10.2951
700000.0003	10.2565
700000.0003	10.2442
700000.0003	10.299
700000.0003	10.2531
700000.0003	10.3147
700000.0003	10.2696
700000.0003	10.2541
700000.0003	10.3202
700000.0003	10.2828
700000.0003	10.2785
700000.0003	10.384
700000.0003	10.3043
700000.0003	10.4159
700000.0003	10.3411
700000.0003	10.3124
700000.0003	10.4186
700000.0003	10.3301
700000.0003	10.3518
700000.0003	10.3403
700000.0003	10.3208
700000.0003	10.4106
700000.0003	10.3605
700000.0003	10.3151
700000.0003	10.371
700000.0003	10.2901
700000.0003	10.3738
700000.0003	10.3484
700000.0003	10.3827
700000.0003	10.3574
700000.0003	10.3381
700000.0003	10.385
700000.0003	10.2752
700000.0003	10.3857
700000.0003	10.3424
700000.0003	10.451
700000.0003	10.4342
700000.0003	10.3959
700000.0003	10.3254
700000.0003	10.3888
700000.0003	10.3727
700000.0003	10.3326
700000.0003	10.4058
700000.0003	10.415
700000.0003	10.4526
700000.0003	10.4395
700000.0003	10.4675
700000.0003	10.3679
700000.0003	10.4615
700000.0003	10.4213
700000.0003	10.3319
700000.0003	10.498
700000.0003	10.3989
700000.0003	10.4211
700000.0003	10.442
700000.0003	10.4107
700000.0003	10.4188
700000.0003	10.3681
700000.0003	10.4761
700000.0003	10.4853
700000.0003	10.4186
700000.0003	10.4101
700000.0003	10.3681
700000.0003	10.4151
700000.0003	10.4286
700000.0003	10.458
700000.0003	10.4522
700000.0003	10.4625
700000.0003	10.4635
700000.0003	10.4349
700000.0003	10.3875
700000.0003	10.4309
700000.0003	10.4569
700000.0003	10.4103
700000.0003	10.4729
700000.0003	10.3933
700000.0003	10.4545
700000.0003	10.521
700000.0003	10.4379
700000.0003	10.4293
700000.0003	10.4969
700000.0003	10.4101
700000.0003	10.5004
700000.0003	10.4685
700000.0003	10.4476
700000.0003	10.5083
700000.0003	10.5143
700000.0003	10.4809
700000.0003	10.3749
700000.0003	10.4524
700000.0003	10.472
700000.0003	10.4427
700000.0003	10.3756
700000.0003	10.3995
700000.0003	10.3566
700000.0003	10.2708
700000.0003	10.3027
700000.0003	10.26
700000.0003	10.3441
700000.0003	10.1683
700000.0003	10.1809
700000.0003	10.1862
700000.0003	10.1061
700000.0003	10.1326
700000.0003	10.0929
700000.0003	9.99996
700000.0003	9.8811
700000.0003	9.92646
700000.0003	9.92494
700000.0003	9.7633
700000.0003	9.78377
700000.0003	9.73225
700000.0003	9.65581
700000.0003	9.67221
700000.0003	9.62038
700000.0003	9.49971
700000.0003	9.48356
700000.0003	9.36867
700000.0003	9.31683
700000.0003	9.28544
700000.0003	9.20691
700000.0003	9.12048
700000.0003	9.06479
700000.0003	9.03118
700000.0003	8.904
700000.0003	8.87512
700000.0003	8.79991
700000.0003	8.72337
700000.0003	8.66736
700000.0003	8.60687
700000.0003	8.48605
700000.0003	8.41184
700000.0003	8.30146
700000.0003	8.2474
700000.0003	8.1851
700000.0003	8.07897
700000.0003	8.04434
700000.0003	7.94244
700000.0003	7.81969
700000.0003	7.7465
700000.0003	7.68089
700000.0003	7.59009
700000.0003	7.45986
700000.0003	7.36675
700000.0003	7.32194
700000.0003	7.22822
700000.0003	7.15712
700000.0003	7.04171
700000.0003	6.95823
700000.0003	6.88426
700000.0003	6.73976
700000.0003	6.66244
700000.0003	6.54684
700000.0003	6.45638
700000.0003	6.4003
700000.0003	6.2679
700000.0003	6.19435
700000.0003	6.10741
700000.0003	5.99679
700000.0003	5.93455
700000.0003	5.8156
700000.0003	5.74031
700000.0003	5.64392
700000.0003	5.56007
700000.0003	5.43455
700000.0003	5.36037
700000.0003	5.25078
700000.0003	5.13706
700000.0003	5.04672
700000.0003	4.95447
700000.0003	4.86449
700000.0003	4.75551
700000.0003	4.66094
700000.0003	4.56903
700000.0003	4.48622
700000.0003	4.39362
700000.0003	4.29151
700000.0003	4.1684
700000.0003	4.08306
700000.0003	3.97794
700000.0003	3.87004
700000.0003	3.77958
700000.0003	3.66544
700000.0003	3.55832
700000.0003	3.44389
700000.0003	3.34174
700000.0003	3.20986
700000.0003	3.09597
700000.0003	2.97762
700000.0003	2.85867
700000.0003	2.73796
700000.0003	2.60807
700000.0003	2.47426
700000.0003	2.3362
700000.0003	2.19723
700000.0003	2.06281
700000.0003	1.9308
700000.0003	1.7967
700000.0003	1.66492
700000.0003	1.53707
700000.0003	1.42039
700000.0003	1.30152
700000.0003	1.18443
700000.0003	1.08077
700000.0003	0.979053
700000.0003	0.882787
700000.0003	0.796436
700000.0003	0.712096
700000.0003	0.636533
700000.0003	0.565235
700000.0003	0.498141
700000.0003	0.438061
700000.0003	0.385236
700000.0003	0.335295
700000.0003	0.290949
700000.0003	0.25142
700000.0003	0.215276
700000.0003	0.18524
700000.0003	0.158877
700000.0003	0.135298
700000.0003	0.114525
700000.0003	0.0971326
700000.0003	0.0821805
700000.0003	0.0682713
700000.0003	0.0579902
700000.0003	0.0484727
700000.0003	0.0407749
700000.0003	0.0342106
700000.0003	0.0289405
700000.0003	0.0251448
700000.0003	0.0213396
700000.0003	0.0178117
700000.0003	0.0152132
700000.0003	0.0133895
700000.0003	0.0116271
700000.0003	0.0102094
700000.0003	0.0089954
700000.0003	0.00804747
700000.0003	0.00740751
700000.0003	0.00661139
700000.0003	0.00624553
700000.0003	0.00585248
700000.0003	0.00557961
700000.0003	0.00538906
700000.0003	0.00534322
700000.0003	0.00509204
700000.0003	0.00494981
700000.0003	0.00501297
700000.0003	0.00483786
700000.0003	0.0047855
700000.0003	0.00469674
700000.0003	0.00472374
700000.0003	0.00467287
700000.0003	0.00465559
700000.0003	0.00461477
700000.0003	0.00451663
700000.0003	0.00449025
700000.0003	0.00442996
700000.0003	0.00440158
700000.0003	0.00438988
700000.0003	0.00436255
700000.0003	0.00422844
700000.0003	0.00424928
700000.0003	0.00428576
700000.0003	0.00421185
700000.0003	0.00419794
700000.0003	0.00425576
700000.0003	0.00423784
700000.0003	0.00419987
700000.0003	0.00416623
700000.0003	0.00420589
700000.0003	0.00415882
700000.0003	0.00416966
700000.0003	0.00419946
700000.0003	0.00416252
700000.0003	0.00416497
700000.0003	0.00413802
700000.0003	0.00415854
700000.0003	0.00411018
700000.0003	0.00414052
700000.0003	0.00418707
700000.0003	0.00412291
700000.0003	0.00409471
700000.0003	0.00416318
700000.0003	0.0040799
700000.0003	0.00409172
700000.0003	0.00408223
700000.0003	0.00412243
700000.0003	0.00411266
700000.0003	0.00415927
700000.0003	0.00418918
700000.0003	0.0041789
700000.0003	0.0041805
700000.0003	0.00416868
700000.0003	0.00422661
700000.0003	0.00417371
700000.0003	0.00423196
700000.0003	0.00424099
700000.0003	0.00426276
700000.0003	0.00429882
700000.0003	0.00434297
700000.0003	0.00432871
700000.0003	0.00436624
700000.0003	0.00430665
700000.0003	0.00435934
700000.0003	0.00441091
700000.0003	0.00437144
700000.0003	0.00447307
700000.0003	0.0043795
700000.0003	0.00453092
700000.0003	0.00460691
700000.0003	0.00458619
700000.0003	0.00468957
700000.0003	0.00476401
700000.0003	0.00475803
700000.0003	0.00482312
700000.0003	0.00487611
700000.0003	0.00492852
700000.0003	0.00495966
700000.0003	0.00507846
700000.0003	0.00502548
700000.0003	0.00535342
700000.0003	0.0054426
700000.0003	0.00542673
700000.0003	0.00551551
700000.0003	0.00568665
700000.0003	0.00579947
700000.0003	0.00601345
700000.0003	0.00628622
700000.0003	0.00623641
700000.0003	0.00656042
700000.0003	0.00709633
700000.0003	0.00739708
700000.0003	0.00745862
700000.0003	0.00791394
700000.0003	0.00872871
700000.0003	0.00899144
700000.0003	0.00988113
700000.0003	0.0105945
700000.0003	0.011761
700000.0003	0.0139472
700000.0003	0.0155066
700000.0003	0.0180095
700000.0003	0.0214702
700000.0003	0.0001496
700000.0003	-0.000290486
700000.0003	0.000329763
700000.0003	-0.00107748
700000.0003	9.87029e-05
700000.0003	-0.00183291
700000.0003	-0.00200731
700000.0003	-0.00127289
700000.0003	0.00141937
700000.0003	-0.00144864
700000.0003	0.000269039
700000.0003	0.00184302
700000.0003	0.00388583
700000.0003	0.00285313
700000.0003	-0.00439669
700000.0003	-0.0129234
700000.0003	-0.0104571
700000.0003	-0.0222521
700000.0003	-0.0114851
700000.0003	-0.000392577
700000.0003	-0.00375968
700000.0003	0.00467036
700000.0003	0.00092497
700000.0003	0.00824819
700000.0003	0.0173759
700000.0003	0.00512097
700000.0003	-0.0014643
700000.0003	-0.0265088
700000.0003	-0.0111619
700000.0003	0.0521851
700000.0003	0.00126626
700000.0003	0.0213187
700000.0003	-0.0500019
700000.0003	-0.0162511
700000.0003	-0.0458563
700000.0003	-0.0173336
700000.0003	-0.0074305
700000.0003	0.0154576
700000.0003	-0.0215518
700000.0003	0.0140905
700000.0003	-0.0114459
700000.0003	-0.00820228
700000.0003	0.0277819
700000.0003	-0.0515429
700000.0003	0.0220384
700000.0003	0.0155478
700000.0003	0.0409877
700000.0003	-0.0297999
700000.0003	-0.0055797
700000.0003	0.000811498
700000.0003	0.0021125
700000.0003	-0.0110355
700000.0003	0.00690634
700000.0003	0.0239456
700000.0003	-0.02873
700000.0003	0.021393
700000.0003	-0.00232857
700000.0003	0.0342135
700000.0003	-0.0331453
700000.0003	0.0130632
700000.0003	0.0163209
700000.0003	-0.0140821
700000.0003	-0.0202288
700000.0003	-0.0226743
700000.0003	-0.0214797
700000.0003	-0.0394108
700000.0003	0.0061133
700000.0003	0.0336023
700000.0003	-0.0205913
700000.0003	0.0180086
700000.0003	0.0136074
700000.0003	-0.0288654
700000.0003	0.00813982
700000.0003	0.0487615
700000.0003	0.00955383
700000.0003	-0.0214131
700000.0003	0.0103919
700000.0003	-0.0121983
700000.0003	-0.00512508
700000.0003	0.0322656
700000.0003	0.00459856
700000.0003	-0.0246584
700000.0003	-0.0139167
700000.0003	0.0229465
700000.0003	-0.022136
700000.0003	0.0336249
700000.0003	0.0381147
700000.0003	0.0115406
700000.0003	-0.0315493
700000.0003	-0.0130228
700000.0003	0.0339643
700000.0003	0.00484099
700000.0003	-0.0417056
700000.0003	-0.00992712
700000.0003	-0.0235503
700000.0003	-0.022425
700000.0003	-0.00655566
700000.0003	-0.0275422
700000.0003	-0.0436326
700000.0003	-0.00199649
700000.0003	-0.00989737
700000.0003	-0.0474305
700000.0003	0.0281816
700000.0003	-0.00801881
700000.0003	0.0271112
700000.0003	-0.0217024
700000.0003	0.0292632
700000.0003	0.0266998
700000.0003	0.0301157
700000.0003	0.0122561
700000.0003	-0.00194896
700000.0003	-0.00765398
700000.0003	0.0161939
700000.0003	0.00252996
700000.0003	-0.0138816
700000.0003	0.0185341
700000.0003	0.0270957
700000.0003	0.0397822
700000.0003	-0.00858419
700000.0003	0.0368514
700000.0003	-0.000137212
700000.0003	-0.0447495
700000.0003	0.0433735
700000.0003	-0.0176821
700000.0003	-0.0215395
700000.0003	0.0219895
700000.0003	0.00222864
700000.0003	-0.0127185
700000.0003	-0.0279014
700000.0003	-0.0108741
700000.0003	-0.0245451
700000.0003	0.0208083
700000.0003	0.0129544
700000.0003	-0.0428649
700000.0003	-1.40343e-05
700000.0003	0.0239289
700000.0003	-0.00690736
700000.0003	-0.00379842
700000.0003	0.00857722
700000.0003	0.0158475
700000.0003	-0.0108341
700000.0003	-0.00840749
700000.0003	0.00145078
700000.0003	0.0357623
700000.0003	0.0435352
700000.0003	0.016133
700000.0003	0.0267527
700000.0003	-0.00958174
700000.0003	-0.0353322
700000.0003	0.00218654
700000.0003	-0.0033198
700000.0003	-0.000327072
700000.0003	-0.049788
700000.0003	0.0207859
700000.0003	0.0179454
700000.0003	-0.0340548
700000.0003	0.00964097
700000.0003	0.011581
700000.0003	0.0433314
700000.0003	0.00472833
700000.0003	-0.0206368
700000.0003	0.0112451
700000.0003	-0.0374948
700000.0003	-0.010667
700000.0003	0.0249338
700000.0003	-0.00320577
700000.0003	0.0373438
700000.0003	0.00460781
700000.0003	-0.00165582
700000.0003	0.0132941
700000.0003	0.0087172
700000.0003	-0.0152241
700000.0003	-0.0133374
700000.0003	0.0318106
700000.0003	0.0007734
700000.0003	0.0178751
700000.0003	0.0122055
700000.0003	-0.000213777
700000.0003	-0.0167895
700000.0003	-0.00692574
700000.0003	0.00721007
700000.0003	-0.0205164
700000.0003	-0.0177482
700000.0003	0.00173357
700000.0003	0.00124458
700000.0003	0.00639469
700000.0003	-0.0109182
700000.0003	-0.0452324
700000.0003	0.00147792
700000.0003	-0.0184964
700000.0003	0.0306718
700000.0003	-0.0127353
700000.0003	-0.0211321
700000.0003	-0.00128679
700000.0003	0.00390247
700000.0003	0.0418566
700000.0003	-0.00925449
700000.0003	0.000697063
700000.0003	-0.00861217
700000.0003	-0.000322028
700000.0003	0.0170097
700000.0003	-0.005814
700000.0003	0.00880628
700000.0003	-0.0230243
700000.0003	-0.0013554
700000.0003	-0.00799573
700000.0003	0.0170013
700000.0003	-0.0016482
700000.0003	0.00331921
700000.0003	0.00378615
700000.0003	0.00444705
700000.0003	0.013828
700000.0003	0.00520402
700000.0003	0.00438722
700000.0003	-0.00307595
700000.0003	0.0145959
700000.0003	-0.00327191
700000.0003	-0.00375538
700000.0003	0.00704291
700000.0003	-0.00273424
700000.0003	-0.00606966
700000.0003	0.00383664
700000.0003	-0.00759218
700000.0003	0.0140614
700000.0003	-0.000599815
700000.0003	0.00512387
700000.0003	0.0105926
700000.0003	-0.00277803
700000.0003	-0.00286034
700000.0003	0.0111107
700000.0003	0.0113554
700000.0003	-0.0029653
700000.0003	0.00149859
700000.0003	0.0026705
700000.0003	0.00390518
700000.0003	0.000196799
700000.0003	-0.00434288
700000.0003	-0.00389958
700000.0003	-0.0119511
700000.0003	0.00522836
700000.0003	0.000350689
700000.0003	0.00294709
700000.0003	0.00759382
700000.0003	0.00327802
700000.0003	0.00462594
700000.0003	-0.00158305
700000.0003	-0.00118964
700000.0003	-0.00208841
700000.0003	-0.00337062
700000.0003	0.00197377
700000.0003	-0.0025261
700000.0003	-0.000442336
700000.0003	-0.00204393
700000.0003	0.00245645
700000.0003	-0.000665674
700000.0003	0.00490113
700000.0003	-0.00260038
700000.0003	-0.00454595
700000.0003	-0.00553128
700000.0003	-0.00192379
700000.0003	-0.00113227
700000.0003	-0.00275264
700000.0003	-0.00307067
700000.0003	0.00172593
700000.0003	0.000982113
700000.0003	-0.000192476
700000.0003	0.00136935
700000.0003	-0.000614955
700000.0003	0.000274318
700000.0003	-0.000306868
700000.0003	0.000743334
700000.0003	0.0016171
700000.0003	-0.000443372
700000.0003	-1.16098e-05
700000.0003	-3.20064e-06
700000.0003	-7.09056e-05
700000.0003	0.00120157
700000.0003	0.000398483
700000.0003	0.000119247
700000.0003	0.00038443
700000.0003	5.22868e-05
700000.0003	0.000259349
700000.0003	0.000132104
700000.0003	-1.0869e-05
700000.0003	0.000243142
700000.0003	0.00025276
700000.0003	-0.000192462
700000.0003	4.24811e-05
700000.0003	0.000108006
700000.0003	0.000159332
700000.0003	0.000262277
700000.0003	-3.77201e-05
700000.0003	6.91215e-05
700000.0003	-8.10716e-05
700000.0003	-5.41165e-05
700000.0003	-3.19611e-05
700000.0003	8.25236e-05
700000.0003	3.09307e-05
700000.0003	0.000110383
700000.0003	1.95281e-05
700000.0003	4.5116e-05
700000.0003	3.22829e-05
700000.0003	4.23468e-05
700000.0003	1.9318e-05
700000.0003	1.76913e-05
700000.0003	2.43067e-05
700000.0003	-1.98705e-05
700000.0003	-3.45212e-05
700000.0003	3.80537e-05
700000.0003	5.82305e-05
700000.0003	-4.47339e-06
700000.0003	-2.87322e-05
700000.0003	3.08623e-05
700000.0003	-1.83698e-05
700000.0003	-1.22889e-05
700000.0003	-3.05472e-06
700000.0003	1.12584e-06
700000.0003	-1.68267e-05
700000.0003	-7.60649e-06
700000.0003	-9.37513e-06
700000.0003	-5.37976e-05
700000.0003	-4.13241e-06
700000.0003	9.73267e-06
700000.0003	4.09723e-05
700000.0003	-7.64171e-06
700000.0003	-3.81333e-05
700000.0003	2.17503e-06
700000.0003	-3.63348e-05
700000.0003	1.14225e-05
700000.0003	-4.66302e-05
700000.0003	5.47261e-05
700000.0003	-8.27032e-06
700000.0003	2.75222e-05
700000.0003	3.93835e-05
700000.0003	6.98598e-06
700000.0003	3.8841e-05
700000.0003	1.28141e-05
700000.0003	-1.31914e-05
700000.0003	1.6208e-05
700000.0003	2.5557e-05
700000.0003	-3.74802e-05
700000.0003	-2.74261e-05
700000.0003	-2.40609e-05
700000.0003	-3.07578e-06
700000.0003	6.52622e-06
700000.0003	8.75749e-06
700000.0003	1.16603e-06
700000.0003	-2.69835e-05
700000.0003	1.72698e-05
700000.0003	6.21206e-06
700000.0003	9.72028e-06
700000.0003	6.13366e-06
700000.0003	1.26334e-05
700000.0003	3.87928e-05
700000.0003	3.67561e-05
700000.0003	-1.16695e-05
700000.0003	6.11996e-06
700000.0003	2.32277e-05
700000.0003	-5.98014e-06
700000.0003	-5.22601e-06
700000.0003	-1.55769e-05
700000.0003	-2.19633e-05
700000.0003	1.16277e-05
700000.0003	-2.48993e-05
700000.0003	-6.39057e-06
700000.0003	-4.06253e-06
700000.0003	-2.57176e-06
700000.0003	-3.77281e-05
700000.0003	-4.08585e-05
700000.0003	-5.45942e-05
700000.0003	1.79691e-07
700000.0003	-2.74504e-06
700000.0003	-8.02687e-06
700000.0003	6.54936e-05
700000.0003	2.92624e-05
700000.0003	-5.49271e-05
700000.0003	-1.07318e-05
700000.0003	-1.74864e-05
700000.0003	-4.53274e-05
700000.0003	4.26641e-05
700000.0003	-2.23436e-05
700000.0003	9.35175e-06
700000.0003	-3.23395e-06
700000.0003	-3.94137e-06
700000.0003	-1.64311e-05
700000.0003	-2.54345e-05
700000.0003	-2.18546e-05
700000.0003	9.42655e-05
700000.0003	-1.32318e-05
700000.0003	-7.94281e-05
700000.0003	6.99522e-06
700000.0003	-4.50119e-05
700000.0003	0.00012335
700000.0003	9.60426e-05
700000.0003	2.36751e-06
700000.0003	9.03778e-06
700000.0003	-3.43391e-05
700000.0003	2.59334e-05
700000.0003	-0.000267995
700000.0003	0.000200645
700000.0003	-7.75707e-05
700000.0003	0.00037782
700000.0003	-0.000295984
700000.0003	8.24783e-05
700000.0003	-3.64647e-07
700000.0003	-0.000489772
700000.0003	0.000316351
700000.0003	-0.00094722
700000.0003	0.00109188
700000.0003	0.000478177
700000.0003	-0.000159747
700000.0003	-0.00397374
700000.0003	0.0011447
700000.0003	0.00253738
700000.0003	-0.00415081
700000.0003	-0.00944357
700000.0003	-0.00211363
700000.0003	-0.00568821
700000.0003	0.0102362
700000.0003	0.00845124
700000.0003	0.00437338
700000.0003	0.0112891
700000.0003	-0.00010506
700000.0003	-0.0164437
700000.0003	0.0113413
700000.0003	0.0052149
700000.0003	-0.0117916
700000.0003	-0.0285321
700000.0003	-0.00376041
700000.0003	0.0383987
700000.0003	0.0211726
700000.0003	0.00848369
700000.0003	-0.0508151
700000.0003	-0.0322828
700000.0003	-0.0357385
700000.0003	-0.0120955
700000.0003	-0.0119369
700000.0003	0.0140316
700000.0003	-0.0310536
700000.0003	-0.0080963
700000.0003	-0.0250003
700000.0003	-0.00756033
700000.0003	0.0267332
700000.0003	-0.0493638
700000.0003	0.0275966
700000.0003	0.014998
700000.0003	0.0353948
700000.0003	-0.029688
700000.0003	-0.0131494
700000.0003	0.00759498
700000.0003	-0.00754335
700000.0003	0.00634034
700000.0003	0.0161192
700000.0003	0.0252306
700000.0003	-0.0209261
700000.0003	0.0193159
700000.0003	-0.00564845
700000.0003	0.0487283
700000.0003	-0.031719
700000.0003	0.0156621
700000.0003	0.00785565
700000.0003	0.00160419
700000.0003	0.000846895
700000.0003	-0.00646275
700000.0003	-0.0145658
700000.0003	-0.0365194
700000.0003	0.00176103
700000.0003	0.0489328
700000.0003	-0.035065
700000.0003	0.0155644
700000.0003	0.0147696
700000.0003	-0.0290117
700000.0003	0.00418737
700000.0003	0.027295
700000.0003	0.012309
700000.0003	-0.0199804
700000.0003	-0.000774433
700000.0003	-0.0114965
700000.0003	0.00447042
700000.0003	0.0336395
700000.0003	0.0107636
700000.0003	-0.0226647
700000.0003	-0.0248385
700000.0003	0.0150482
700000.0003	-0.0167553
700000.0003	0.0208317
700000.0003	0.0439602
700000.0003	0.00259335
700000.0003	-0.017109
700000.0003	-0.0101446
700000.0003	0.0287779
700000.0003	0.00788189
700000.0003	-0.0413539
700000.0003	-0.0116503
700000.0003	-0.0144341
700000.0003	-0.00994146
700000.0003	-0.00568758
700000.0003	-0.0345293
700000.0003	-0.04931
700000.0003	-0.000693129
700000.0003	-0.00719572
700000.0003	-0.0447788
700000.0003	0.0311239
700000.0003	-0.0104738
700000.0003	0.0254139
700000.0003	-0.0278072
700000.0003	0.0212943
700000.0003	0.0232392
700000.0003	0.031054
700000.0003	0.0204816
700000.0003	0.000499687
700000.0003	-0.0180465
700000.0003	0.0117202
700000.0003	0.0157792
700000.0003	-0.0177364
700000.0003	0.0164933
700000.0003	0.026485
700000.0003	0.0300481
700000.0003	-0.00127768
700000.0003	0.0154329
700000.0003	-0.0097641
700000.0003	-0.0338131
700000.0003	0.0318992
700000.0003	-0.0153875
700000.0003	-0.0387432
700000.0003	0.00356343
700000.0003	-0.00695131
700000.0003	-0.00320254
700000.0003	-0.0216246
700000.0003	-0.00652705
700000.0003	-0.0320263
700000.0003	0.0277515
700000.0003	0.00486823
700000.0003	-0.0436614
700000.0003	-0.00152244
700000.0003	0.0177932
700000.0003	0.00799185
700000.0003	0.0107195
700000.0003	0.0118159
700000.0003	0.000582234
700000.0003	0.00434385
700000.0003	-0.00173938
700000.0003	0.00150797
700000.0003	0.0254311
700000.0003	0.044206
700000.0003	0.0124981
700000.0003	0.0149178
700000.0003	-0.000889005
700000.0003	-0.025768
700000.0003	0.011138
700000.0003	-0.00578567
700000.0003	-0.0131213
700000.0003	-0.0629935
700000.0003	0.0329216
700000.0003	0.0125305
700000.0003	-0.0140598
700000.0003	0.0146633
700000.0003	0.00198052
700000.0003	0.0356627
700000.0003	-0.00510295
700000.0003	-0.0147242
700000.0003	0.0162803
700000.0003	-0.0338968
700000.0003	-0.0124385
700000.0003	0.0102042
700000.0003	-0.00585903
700000.0003	0.0610534
700000.0003	0.0194381
700000.0003	0.00576099
700000.0003	0.0142144
700000.0003	0.0152842
700000.0003	-0.0153503
700000.0003	-0.0274866
700000.0003	0.0296536
700000.0003	0.00960294
700000.0003	0.0281621
700000.0003	0.0204877
700000.0003	0.00227243
700000.0003	-0.00283201
700000.0003	-0.00787551
700000.0003	0.0079449
700000.0003	-0.0132076
700000.0003	-0.0175921
700000.0003	0.0188659
700000.0003	0.0172608
700000.0003	0.00278009
700000.0003	-0.00356576
700000.0003	-0.0360082
700000.0003	0.0176071
700000.0003	-0.0305633
700000.0003	0.0208731
700000.0003	-0.00422573
700000.0003	-0.00963079
700000.0003	0.00999672
700000.0003	0.00604757
700000.0003	0.0229234
700000.0003	-0.0118785
700000.0003	0.0102657
700000.0003	-0.00962069
700000.0003	0.00727416
700000.0003	0.0141515
700000.0003	-0.000831835
700000.0003	0.013307
700000.0003	-0.0311644
700000.0003	-0.00560705
700000.0003	-0.0217518
700000.0003	0.0224056
700000.0003	0.000922105
700000.0003	0.00742647
700000.0003	0.00551632
700000.0003	0.00394497
700000.0003	0.0139275
700000.0003	0.00699072
700000.0003	0.00555845
700000.0003	-0.00115874
700000.0003	0.00936534
700000.0003	0.00354293
700000.0003	-0.0110809
700000.0003	0.00925801
700000.0003	-0.00276316
700000.0003	-0.00452412
700000.0003	0.00413627
700000.0003	-0.000606171
700000.0003	0.0119543
700000.0003	-0.00659258
700000.0003	-0.00580101
700000.0003	0.00396749
700000.0003	0.00319952
700000.0003	-0.0046745
700000.0003	0.00979619
700000.0003	0.0104284
700000.0003	-0.00556476
700000.0003	0.00426086
700000.0003	0.00385207
700000.0003	0.00826942
700000.0003	-0.00514585
700000.0003	0.0032167
700000.0003	-0.00726778
700000.0003	-0.00589681
700000.0003	-0.00555058
700000.0003	-0.00240984
700000.0003	0.00296427
700000.0003	0.00273082
700000.0003	0.000681225
700000.0003	-0.00229012
700000.0003	5.19331e-05
700000.0003	-0.00236008
700000.0003	0.00586293
700000.0003	0.00303583
700000.0003	0.00211073
700000.0003	-0.00166114
700000.0003	0.00228222
700000.0003	-0.00222244
700000.0003	-0.00164189
700000.0003	-0.000275605
700000.0003	0.00413578
700000.0003	0.000419125
700000.0003	0.00415689
700000.0003	0.00161851
700000.0003	-0.000981369
700000.0003	0.00029859
700000.0003	-0.00310955
700000.0003	0.00124608
700000.0003	-0.00140282
700000.0003	0.000392622
700000.0003	0.000660097
700000.0003	0.00211789
700000.0003	0.000929821
700000.0003	0.00109994
700000.0003	-3.16279e-05
700000.0003	-0.00120768
700000.0003	0.000484694
700000.0003	-0.00103248
700000.0003	-8.81298e-06
700000.0003	-0.000413631
700000.0003	0.000916189
700000.0003	0.000998312
700000.0003	0.000149291
700000.0003	-0.000460143
700000.0003	-0.000452031
700000.0003	-0.000142815
700000.0003	5.60797e-06
700000.0003	5.46237e-07
700000.0003	9.41235e-06
700000.0003	-3.35871e-06
700000.0003	8.90788e-05
700000.0003	0.000293423
700000.0003	0.000111447
700000.0003	-5.32529e-05
700000.0003	0.000223879
700000.0003	0.000128732
700000.0003	8.72103e-05
700000.0003	-6.19799e-05
700000.0003	-6.56442e-05
700000.0003	3.26082e-05
700000.0003	7.89807e-05
700000.0003	9.20612e-05
700000.0003	6.96844e-06
700000.0003	6.15552e-06
700000.0003	-0.000118595
700000.0003	-4.04091e-05
700000.0003	1.52699e-06
700000.0003	-1.28296e-05
700000.0003	1.0242e-05
700000.0003	-5.74539e-05
700000.0003	5.20032e-05
700000.0003	-3.80615e-05
700000.0003	-7.27271e-06
700000.0003	3.16826e-05
700000.0003	7.21283e-05
700000.0003	-3.19337e-05
700000.0003	-2.9025e-06
700000.0003	-6.08932e-05
700000.0003	3.64486e-06
700000.0003	1.36681e-05
700000.0003	2.72994e-05
700000.0003	1.86658e-05
700000.0003	1.21726e-05
700000.0003	5.76545e-06
700000.0003	3.76212e-05
700000.0003	-4.33887e-06
700000.0003	-5.28127e-05
700000.0003	-3.91336e-06
700000.0003	-3.05654e-05
700000.0003	-1.52636e-05
700000.0003	7.21728e-06
700000.0003	9.65568e-06
700000.0003	-7.03949e-06
700000.0003	4.97515e-07
700000.0003	-5.96763e-05
700000.0003	-1.97218e-05
700000.0003	-1.05886e-06
700000.0003	3.43049e-05
700000.0003	-5.55755e-08
700000.0003	-6.0755e-05
700000.0003	4.4293e-05
700000.0003	-3.17822e-05
700000.0003	-4.14632e-06
700000.0003	2.60309e-06
700000.0003	-2.4385e-05
700000.0003	-8.12724e-05
700000.0003	-2.02211e-05
700000.0003	1.11374e-05
700000.0003	7.13515e-06
700000.0003	1.80857e-05
700000.0003	-3.00261e-05
700000.0003	1.97064e-05
700000.0003	-1.99455e-05
700000.0003	6.66138e-06
700000.0003	-3.39756e-05
700000.0003	-3.99488e-05
700000.0003	5.87823e-05
700000.0003	-3.44197e-05
700000.0003	-3.07013e-06
700000.0003	5.45132e-05
700000.0003	-5.23484e-05
700000.0003	2.02472e-05
700000.0003	-1.01048e-05
700000.0003	3.18082e-05
700000.0003	8.34224e-05
700000.0003	4.89609e-05
700000.0003	7.36149e-06
700000.0003	3.13955e-05
700000.0003	-3.89305e-05
700000.0003	5.80897e-05
700000.0003	4.23406e-05
700000.0003	-9.96952e-05
700000.0003	-1.34158e-05
700000.0003	7.76551e-05
700000.0003	1.86024e-06
700000.0003	-1.97047e-05
700000.0003	-2.7431e-06
700000.0003	1.1731e-05
700000.0003	8.34048e-05
700000.0003	1.19242e-06
700000.0003	-3.06215e-05
700000.0003	-1.90685e-05
700000.0003	8.50046e-05
700000.0003	-5.66574e-05
700000.0003	3.38226e-05
700000.0003	-4.8172e-05
700000.0003	-0.000123696
700000.0003	5.9295e-05
700000.0003	-8.02601e-05
700000.0003	1.20724e-05
700000.0003	-9.69468e-05
700000.0003	-0.000126027
700000.0003	-7.93126e-05
700000.0003	-8.13818e-06
700000.0003	-6.12584e-05
700000.0003	-3.26171e-05
700000.0003	6.11455e-05
700000.0003	6.70848e-05
700000.0003	-0.000157431
700000.0003	0.00010311
700000.0003	0.000251552
700000.0003	8.73376e-05
700000.0003	-0.000142311
700000.0003	-0.000165945
700000.0003	-0.000380717
700000.0003	0.01829
700000.0003	0.0240725
700000.0003	0.0369252
700000.0003	0.0605681
700000.0003	0.10146
700000.0003	0.167559
700000.0003	0.265991
700000.0003	0.408239
700000.0003	0.605532
700000.0003	0.878934
700000.0003	1.25572
700000.0003	1.76132
700000.0003	2.45083
700000.0003	3.34651
700000.0003	4.46454
700000.0003	5.8258
700000.0003	7.44645
700000.0003	9.28335
700000.0003	11.2702
700000.0003	13.3711
700000.0003	15.2847
700000.0003	16.9735
700000.0003	18.2401
700000.0003	19.0099
700000.0003	19.4873
700000.0003	19.6624
700000.0003	19.6925
700000.0003	19.5544
700000.0003	19.3151
700000.0003	19.0896
700000.0003	18.759
700000.0003	18.5406
700000.0003	18.3207
700000.0003	18.0536
700000.0003	17.7695
700000.0003	17.4537
700000.0003	17.2371
700000.0003	16.9816
700000.0003	16.6244
700000.0003	16.3055
700000.0003	16.0081
700000.0003	15.6665
700000.0003	15.3745
700000.0003	15.1281
700000.0003	14.9106
700000.0003	14.7169
700000.0003	14.4812
700000.0003	14.2922
700000.0003	14.0166
700000.0003	13.911
700000.0003	13.7621
700000.0003	13.6203
700000.0003	13.5365
700000.0003	13.2731
700000.0003	13.3018
700000.0003	13.0925
700000.0003	12.9602
700000.0003	12.9401
700000.0003	12.7072
700000.0003	12.6841
700000.0003	12.5879
700000.0003	12.4405
700000.0003	12.3682
700000.0003	12.4058
700000.0003	12.2387
700000.0003	12.2714
700000.0003	12.092
700000.0003	12.1073
700000.0003	11.9505
700000.0003	11.9925
700000.0003	11.8802
700000.0003	11.8624
700000.0003	11.7116
700000.0003	11.7483
700000.0003	11.6275
700000.0003	11.6267
700000.0003	11.4365
700000.0003	11.5731
700000.0003	11.5207
700000.0003	11.4199
700000.0003	11.4749
700000.0003	11.3665
700000.0003	11.3903
700000.0003	11.3183
700000.0003	11.2514
700000.0003	11.2314
700000.0003	11.2648
700000.0003	11.1844
700000.0003	11.0883
700000.0003	11.1304
700000.0003	11.0414
700000.0003	11.1419
700000.0003	11.027
700000.0003	11.0752
700000.0003	10.937
700000.0003	11.0162
700000.0003	10.9804
700000.0003	10.9549
700000.0003	10.8558
700000.0003	10.9604
700000.0003	10.9551
700000.0003	10.931
700000.0003	10.8807
700000.0003	10.831
700000.0003	10.8694
700000.0003	10.8642
700000.0003	10.8485
700000.0003	10.8905
700000.0003	10.7867
700000.0003	10.8433
700000.0003	10.8379
700000.0003	10.7725
700000.0003	10.7375
700000.0003	10.7631
700000.0003	10.7197
700000.0003	10.7305
700000.0003	10.7087
700000.0003	10.6735
700000.0003	10.6371
700000.0003	10.7112
700000.0003	10.7393
700000.0003	10.754
700000.0003	10.7273
700000.0003	10.7534
700000.0003	10.7488
700000.0003	10.6592
700000.0003	10.6734
700000.0003	10.7326
700000.0003	10.6837
700000.0003	10.6275
700000.0003	10.6513
700000.0003	10.5845
700000.0003	10.5908
700000.0003	10.6758
700000.0003	10.6849
700000.0003	10.6205
700000.0003	10.681
700000.0003	10.6106
700000.0003	10.6452
700000.0003	10.6596
700000.0003	10.6322
700000.0003	10.668
700000.0003	10.7298
700000.0003	10.7333
700000.0003	10.5467
700000.0003	10.6754
700000.0003	10.6162
700000.0003	10.6001
700000.0003	10.5178
700000.0003	10.534
700000.0003	10.521
700000.0003	10.4651
700000.0003	10.5135
700000.0003	10.4053
700000.0003	10.4005
700000.0003	10.3227
700000.0003	10.3987
700000.0003	10.3427
700000.0003	10.2698
700000.0003	10.2224
700000.0003	10.2195
700000.0003	10.1981
700000.0003	10.0697
700000.0003	10.0912
700000.0003	10.0283
700000.0003	9.98446
700000.0003	9.90032
700000.0003	9.93771
700000.0003	9.80424
700000.0003	9.80235
700000.0003	9.76954
700000.0003	9.62892
700000.0003	9.64433
700000.0003	9.55519
700000.0003	9.52849
700000.0003	9.49337
700000.0003	9.37867
700000.0003	9.33837
700000.0003	9.20995
700000.0003	9.21087
700000.0003	9.13938
700000.0003	9.06229
700000.0003	8.95129
700000.0003	8.93544
700000.0003	8.81183
700000.0003	8.82926
700000.0003	8.712
700000.0003	8.64094
700000.0003	8.57584
700000.0003	8.48333
700000.0003	8.38967
700000.0003	8.31402
700000.0003	8.25985
700000.0003	8.19222
700000.0003	8.05199
700000.0003	8.0132
700000.0003	7.95766
700000.0003	7.86947
700000.0003	7.78129
700000.0003	7.70955
700000.0003	7.62311
700000.0003	7.53437
700000.0003	7.46433
700000.0003	7.35993
700000.0003	7.30725
700000.0003	7.22023
700000.0003	7.15997
700000.0003	7.06056
700000.0003	6.97996
700000.0003	6.89951
700000.0003	6.82804
700000.0003	6.73743
700000.0003	6.67155
700000.0003	6.59815
700000.0003	6.53205
700000.0003	6.49194
700000.0003	6.39621
700000.0003	6.32724
700000.0003	6.25748
700000.0003	6.20481
700000.0003	6.11818
700000.0003	6.06801
700000.0003	6.01523
700000.0003	5.95145
700000.0003	5.88935
700000.0003	5.86214
700000.0003	5.8162
700000.0003	5.78854
700000.0003	5.75444
700000.0003	5.69727
700000.0003	5.6713
700000.0003	5.64224
700000.0003	5.61067
700000.0003	5.57031
700000.0003	5.51595
700000.0003	5.48812
700000.0003	5.42999
700000.0003	5.37748
700000.0003	5.31788
700000.0003	5.22676
700000.0003	5.11924
700000.0003	5.00292
700000.0003	4.81487
700000.0003	4.679
700000.0003	4.46252
700000.0003	4.25137
700000.0003	4.02619
700000.0003	3.78533
700000.0003	3.55182
700000.0003	3.29061
700000.0003	3.03141
700000.0003	2.7864
700000.0003	2.5552
700000.0003	2.33834
700000.0003	2.1286
700000.0003	1.93205
700000.0003	1.74524
700000.0003	1.57911
700000.0003	1.42329
700000.0003	1.27966
700000.0003	1.15544
700000.0003	1.03583
700000.0003	0.92349
700000.0003	0.826043
700000.0003	0.733859
700000.0003	0.652237
700000.0003	0.573661
700000.0003	0.505631
700000.0003	0.447003
700000.0003	0.389348
700000.0003	0.339111
700000.0003	0.294661
700000.0003	0.255921
700000.0003	0.219097
700000.0003	0.18806
700000.0003	0.161196
700000.0003	0.135703
700000.0003	0.115246
700000.0003	0.0979017
700000.0003	0.0824459
700000.0003	0.0687854
700000.0003	0.0577287
700000.0003	0.0486861
700000.0003	0.0403151
700000.0003	0.0338564
700000.0003	0.028433
700000.0003	0.0238439
700000.0003	0.0200814
700000.0003	0.0172106
700000.0003	0.0145482
700000.0003	0.0125389
700000.0003	0.0109922
700000.0003	0.0094363
700000.0003	0.0083736
700000.0003	0.00751062
700000.0003	0.00676494
700000.0003	0.00618143
700000.0003	0.00578694
700000.0003	0.00553231
700000.0003	0.00526687
700000.0003	0.00511858
700000.0003	0.00510603
700000.0003	0.00486204
700000.0003	0.00486471
700000.0003	0.00474676
700000.0003	0.00465585
700000.0003	0.00459801
700000.0003	0.00454474
700000.0003	0.00448009
700000.0003	0.0044817
700000.0003	0.00448078
700000.0003	0.00438095
700000.0003	0.00438376
700000.0003	0.00431237
700000.0003	0.00428749
700000.0003	0.00429357
700000.0003	0.00428725
700000.0003	0.00429933
700000.0003	0.00429541
700000.0003	0.00420701
700000.0003	0.00420201
700000.0003	0.00416378
700000.0003	0.00418665
700000.0003	0.00415895
700000.0003	0.00414327
700000.0003	0.00416461
700000.0003	0.00410425
700000.0003	0.00417563
700000.0003	0.00413955
700000.0003	0.00411696
700000.0003	0.00408067
700000.0003	0.00408952
700000.0003	0.0041472
700000.0003	0.00407886
700000.0003	0.00408956
700000.0003	0.00407921
700000.0003	0.00410119
700000.0003	0.0040954
700000.0003	0.00411866
700000.0003	0.00405083
700000.0003	0.00410263
700000.0003	0.00409803
700000.0003	0.00409744
700000.0003	0.00409772
700000.0003	0.00414366
700000.0003	0.00412905
700000.0003	0.00411982
700000.0003	0.00416177
700000.0003	0.00413458
700000.0003	0.00414919
700000.0003	0.00415331
700000.0003	0.0042107
700000.0003	0.00418184
700000.0003	0.00418638
700000.0003	0.0042193
700000.0003	0.0041656
700000.0003	0.00424205
700000.0003	0.00419158
700000.0003	0.00423455
700000.0003	0.00426994
700000.0003	0.00430935
700000.0003	0.00430011
700000.0003	0.00429858
700000.0003	0.00431445
700000.0003	0.00438695
700000.0003	0.00442811
700000.0003	0.00444966
700000.0003	0.00448025
700000.0003	0.00453624
700000.0003	0.00453358
700000.0003	0.00461314
700000.0003	0.00466002
700000.0003	0.00473127
700000.0003	0.00472676
700000.0003	0.0048184
700000.0003	0.00484408
700000.0003	0.00491453
700000.0003	0.0050607
700000.0003	0.00516268
700000.0003	0.00525564
700000.0003	0.00534192
700000.0003	0.00551739
700000.0003	0.00579655
700000.0003	0.00597705
700000.0003	0.00613561
700000.0003	0.00629274
700000.0003	0.00654262
700000.0003	0.00684159
700000.0003	0.00727085
700000.0003	0.00776149
700000.0003	0.00800297
700000.0003	0.0085835
700000.0003	0.00925947
700000.0003	0.0100183
700000.0003	0.0107285
700000.0003	0.0117166
700000.0003	0.0128811
700000.0003	0.0139222
700000.0003	0.0150082
700000.0003	0.0163354
