700000.0003	28.5247
700000.0003	100.77
700000.0003	200.795
700000.0003	343.043
700000.0003	535.046
700000.0003	774.964
700000.0003	1082.15
700000.0003	1427.88
700000.0003	1844.11
700000.0003	2280.85
700000.0003	2775.07
700000.0003	3308.12
700000.0003	3871.36
700000.0003	4446.33
700000.0003	5009.52
700000.0003	5557.14
700000.0003	5993.79
700000.0003	6392.44
700000.0003	6665.75
700000.0003	6915.78
700000.0003	7035.77
700000.0003	7120.06
700000.0003	7132.67
700000.0003	7052.03
700000.0003	6967.2
700000.0003	6796.49
700000.0003	6574.97
700000.0003	6316.99
700000.0003	6031.58
700000.0003	5763.39
700000.0003	5350.24
700000.0003	4964.12
700000.0003	4502.67
700000.0003	4035.38
700000.0003	3531.51
700000.0003	2996.54
700000.0003	2372.78
700000.0003	1744.01
700000.0003	1075.61
700000.0003	369.09
700000.0003	0
700000.0003	0
700000.0003	0
700000.0003	0
700000.0003	0
700000.0003	0
700000.0003	0
700000.0003	0
700000.0003	0
700000.0003	0
700000.0003	0
700000.0003	0
700000.0003	0
700000.0003	0
700000.0003	0
700000.0003	0
700000.0003	0
700000.0003	0
700000.0003	0
700000.0003	0
700000.0003	0
700000.0003	0
700000.0003	0
700000.0003	0
700000.0003	0
700000.0003	0
700000.0003	0
700000.0003	0
700000.0003	0
700000.0003	0
700000.0003	0
700000.0003	0
700000.0003	0
700000.0003	0
700000.0003	0
700000.0003	0
700000.0003	0
700000.0003	0
700000.0003	0
700000.0003	0
700000.0003	0
700000.0003	0
700000.0003	0
700000.0003	0
700000.0003	0
700000.0003	0
700000.0003	0
700000.0003	0
700000.0003	0
700000.0003	0
700000.0003	0
700000.0003	0
700000.0003	0
700000.0003	0
700000.0003	0
700000.0003	0
700000.0003	0
700000.0003	0
700000.0003	0
700000.0003	0
700000.0003	0
700000.0003	0
700000.0003	0
700000.0003	0
700000.0003	0
700000.0003	0
700000.0003	0
700000.0003	0
700000.0003	0
700000.0003	0
700000.0003	0
700000.0003	0
700000.0003	0
700000.0003	0
700000.0003	0
700000.0003	0
700000.0003	0
700000.0003	0
700000.0003	0
700000.0003	0
700000.0003	0
700000.0003	0
700000.0003	0
700000.0003	0
700000.0003	0
700000.0003	0
700000.0003	0
700000.0003	0
700000.0003	0
700000.0003	0
700000.0003	0
700000.0003	0
700000.0003	0
700000.0003	0
700000.0003	0
700000.0003	0
700000.0003	0
700000.0003	0
700000.0003	0
700000.0003	0
700000.0003	-23.5924
700000.0003	-70.7312
700000.0003	-117.321
700000.0003	-162.792
700000.0003	-205.985
700000.0003	-252.341
700000.0003	-297.239
700000.0003	-340.348
700000.0003	-381.323
700000.0003	-425.314
700000.0003	-465.988
700000.0003	-503.865
700000.0003	-547.166
700000.0003	-586.078
700000.0003	-632.206
700000.0003	-661.864
700000.0003	-702.999
700000.0003	-743.289
700000.0003	-776.943
700000.0003	-818.589
700000.0003	-854.652
700000.0003	-885.464
700000.0003	-913.204
700000.0003	-955.749
700000.0003	-993.854
700000.0003	-1015.16
700000.0003	-1054.89
700000.0003	-1086.84
700000.0003	-1115.33
700000.0003	-1154.36
700000.0003	-1185.19
700000.0003	-1206.88
700000.0003	-1241.37
700000.0003	-1262.47
700000.0003	-1291.56
700000.0003	-1323.18
700000.0003	-1347.86
700000.0003	-1370.74
700000.0003	-1397.99
700000.0003	-1428.27
700000.0003	-1443.35
700000.0003	-1474.01
700000.0003	-1496.51
700000.0003	-1518.51
700000.0003	-1543.74
700000.0003	-1567.94
700000.0003	-1580.58
700000.0003	-1601.34
700000.0003	-1614.71
700000.0003	-1638.62
700000.0003	-1660.66
700000.0003	-1673.36
700000.0003	-1700.58
700000.0003	-1713.38
700000.0003	-1720.9
700000.0003	-1738.84
700000.0003	-1758.15
700000.0003	-1771.4
700000.0003	-1774.78
700000.0003	-1786.48
700000.0003	-1809.42
700000.0003	-1820.04
700000.0003	-1836.14
700000.0003	-1840.23
700000.0003	-1852.21
700000.0003	-1866.3
700000.0003	-1860.66
700000.0003	-1872.94
700000.0003	-1873.91
700000.0003	-1881.45
700000.0003	-1898.79
700000.0003	-1892.91
700000.0003	-1904.24
700000.0003	-1911.08
700000.0003	-1909.86
700000.0003	-1923.68
700000.0003	-1918.59
700000.0003	-1927.35
700000.0003	-1928.57
700000.0003	-1933.54
700000.0003	-1923.34
700000.0003	-1930.64
700000.0003	-1924.6
700000.0003	-1916.3
700000.0003	-1915.91
700000.0003	-1914.21
700000.0003	-1912.86
700000.0003	-1903.26
700000.0003	-1898.66
700000.0003	-1894.46
700000.0003	-1893.4
700000.0003	-1887.57
700000.0003	-1876.88
700000.0003	-1856.02
700000.0003	-1850.89
700000.0003	-1835.99
700000.0003	-1818.75
700000.0003	-1808.81
700000.0003	-1786.46
700000.0003	-1766.25
700000.0003	-1741.16
700000.0003	-1720.99
700000.0003	-1684.04
700000.0003	-1654.8
700000.0003	-1621.65
700000.0003	-1586.43
700000.0003	-1548.47
700000.0003	-1503.35
700000.0003	-1453.76
700000.0003	-1399.23
700000.0003	-1341.68
700000.0003	-1284.29
700000.0003	-1225.84
700000.0003	-1163.29
700000.0003	-1099.45
700000.0003	-1035.34
700000.0003	-975.95
700000.0003	-912.312
700000.0003	-847.084
700000.0003	-788.663
700000.0003	-729.022
700000.0003	-670.747
700000.0003	-617.527
700000.0003	-563.444
700000.0003	-513.958
700000.0003	-465.709
700000.0003	-418.771
700000.0003	-375.718
700000.0003	-337.041
700000.0003	-299.17
700000.0003	-264.696
700000.0003	-233.143
700000.0003	-203.393
700000.0003	-178.216
700000.0003	-155.564
700000.0003	-134.718
700000.0003	-115.861
700000.0003	-99.7328
700000.0003	-85.5264
700000.0003	-71.905
700000.0003	-61.697
700000.0003	-51.9804
700000.0003	-43.9573
700000.0003	-36.9609
700000.0003	-31.2188
700000.0003	-26.9634
700000.0003	-22.6273
700000.0003	-18.5599
700000.0003	-15.4588
700000.0003	-13.1493
700000.0003	-10.914
700000.0003	-9.03497
700000.0003	-7.3768
700000.0003	-5.98774
700000.0003	-4.85798
700000.0003	-3.68399
700000.0003	-2.79173
700000.0003	-1.91757
700000.0003	-1.12047
700000.0003	-0.36375
700000.0003	0
700000.0003	0
700000.0003	0
700000.0003	0
700000.0003	0
700000.0003	0
700000.0003	0
700000.0003	0
700000.0003	0
700000.0003	0
700000.0003	0
700000.0003	0
700000.0003	0
700000.0003	0
700000.0003	0
700000.0003	0
700000.0003	0
700000.0003	0
700000.0003	0
700000.0003	0
700000.0003	0
700000.0003	0
700000.0003	0
700000.0003	0
700000.0003	0
700000.0003	0
700000.0003	0
700000.0003	0
700000.0003	0
700000.0003	0
700000.0003	0
700000.0003	0
700000.0003	0
700000.0003	0
700000.0003	0
700000.0003	0
700000.0003	0
700000.0003	0
700000.0003	0
700000.0003	0
700000.0003	0
700000.0003	0
700000.0003	0
700000.0003	0
700000.0003	0
700000.0003	0
700000.0003	0
700000.0003	0
700000.0003	0
700000.0003	0
700000.0003	0
700000.0003	0
700000.0003	0
700000.0003	0
700000.0003	0
700000.0003	0
700000.0003	0
700000.0003	0
700000.0003	0
700000.0003	0
700000.0003	0
700000.0003	0
700000.0003	0
700000.0003	0
700000.0003	0
700000.0003	0
700000.0003	0
700000.0003	0
700000.0003	0
700000.0003	0
700000.0003	0
700000.0003	0
700000.0003	0
700000.0003	0
700000.0003	0
700000.0003	0
700000.0003	0
700000.0003	0
700000.0003	0
700000.0003	0
700000.0003	0
700000.0003	0
700000.0003	0
700000.0003	0
700000.0003	0
700000.0003	0
700000.0003	0
700000.0003	0
700000.0003	0
700000.0003	0
700000.0003	0
700000.0003	0
700000.0003	0
700000.0003	0
700000.0003	0
700000.0003	0
700000.0003	0
700000.0003	0
700000.0003	0
700000.0003	0
700000.0003	-0.0560743
700000.0003	1.25867
700000.0003	-1.08705
700000.0003	0.377463
700000.0003	-0.00683792
700000.0003	-2.03857
700000.0003	1.2358
700000.0003	-3.35556
700000.0003	3.98574
700000.0003	1.46328
700000.0003	-0.48377
700000.0003	-10.3852
700000.0003	2.60515
700000.0003	5.78777
700000.0003	-8.8813
700000.0003	-18.2194
700000.0003	-4.20423
700000.0003	-10.1373
700000.0003	16.3868
700000.0003	12.1272
700000.0003	6.21101
700000.0003	14.0666
700000.0003	0.166354
700000.0003	-17.6576
700000.0003	11.7436
700000.0003	4.42694
700000.0003	-10.0152
700000.0003	-22.2365
700000.0003	-3.23753
700000.0003	25.9343
700000.0003	11.9323
700000.0003	4.63758
700000.0003	-25.1603
700000.0003	-14.3026
700000.0003	-12.8173
700000.0003	-3.32933
700000.0003	-2.68091
700000.0003	2.6423
700000.0003	-3.15043
700000.0003	-0.282508
700000.0003	0
700000.0003	0
700000.0003	0
700000.0003	0
700000.0003	0
700000.0003	0
700000.0003	0
700000.0003	0
700000.0003	0
700000.0003	0
700000.0003	0
700000.0003	0
700000.0003	0
700000.0003	0
700000.0003	0
700000.0003	0
700000.0003	0
700000.0003	0
700000.0003	0
700000.0003	0
700000.0003	0
700000.0003	0
700000.0003	0
700000.0003	0
700000.0003	0
700000.0003	0
700000.0003	0
700000.0003	0
700000.0003	0
700000.0003	0
700000.0003	0
700000.0003	0
700000.0003	0
700000.0003	0
700000.0003	0
700000.0003	0
700000.0003	0
700000.0003	0
700000.0003	0
700000.0003	0
700000.0003	0
700000.0003	0
700000.0003	0
700000.0003	0
700000.0003	0
700000.0003	0
700000.0003	0
700000.0003	0
700000.0003	0
700000.0003	0
700000.0003	0
700000.0003	0
700000.0003	0
700000.0003	0
700000.0003	0
700000.0003	0
700000.0003	0
700000.0003	0
700000.0003	0
700000.0003	0
700000.0003	0
700000.0003	0
700000.0003	0
700000.0003	0
700000.0003	0
700000.0003	0
700000.0003	0
700000.0003	0
700000.0003	0
700000.0003	0
700000.0003	0
700000.0003	0
700000.0003	0
700000.0003	0
700000.0003	0
700000.0003	0
700000.0003	0
700000.0003	0
700000.0003	0
700000.0003	0
700000.0003	0
700000.0003	0
700000.0003	0
700000.0003	0
700000.0003	0
700000.0003	0
700000.0003	0
700000.0003	0
700000.0003	0
700000.0003	0
700000.0003	0
700000.0003	0
700000.0003	0
700000.0003	0
700000.0003	0
700000.0003	0
700000.0003	0
700000.0003	0
700000.0003	0
700000.0003	0
700000.0003	0.048992
700000.0003	0.0274847
700000.0003	-0.0129906
700000.0003	-0.399937
700000.0003	-0.889804
700000.0003	-0.333629
700000.0003	-0.472098
700000.0003	0.05279
700000.0003	0.926569
700000.0003	-0.44596
700000.0003	0.21025
700000.0003	0.654451
700000.0003	3.37605
700000.0003	-1.87687
700000.0003	-0.754435
700000.0003	0.880775
700000.0003	-0.99997
700000.0003	-0.177147
700000.0003	-2.72348
700000.0003	0.399924
700000.0003	1.27751
700000.0003	-1.41624
700000.0003	3.15391
700000.0003	1.20004
700000.0003	-0.979587
700000.0003	0.605484
700000.0003	-6.60548
700000.0003	-2.18811
700000.0003	-0.68333
700000.0003	-1.69934
700000.0003	-1.83874
700000.0003	1.93806
700000.0003	3.59015
700000.0003	-3.98024
700000.0003	-1.36128
700000.0003	-4.03217
700000.0003	-2.96528
700000.0003	-0.32958
700000.0003	0.443006
700000.0003	1.25975
700000.0003	-1.27792
700000.0003	2.21954
700000.0003	2.98265
700000.0003	-3.26353
700000.0003	-3.0827
700000.0003	-0.498882
700000.0003	0.670681
700000.0003	6.83728
700000.0003	-3.42417
700000.0003	6.06491
700000.0003	-4.21562
700000.0003	0.865631
700000.0003	2.05486
700000.0003	-2.17839
700000.0003	-1.33539
700000.0003	-5.16643
700000.0003	2.7062
700000.0003	-2.36319
700000.0003	2.29278
700000.0003	-1.75034
700000.0003	-3.48693
700000.0003	0.184742
700000.0003	-3.40151
700000.0003	8.12698
700000.0003	1.47015
700000.0003	5.91544
700000.0003	-6.16822
700000.0003	-0.229749
700000.0003	-2.09197
700000.0003	-1.60291
700000.0003	-1.1584
700000.0003	-4.21534
700000.0003	-2.15364
700000.0003	-1.79981
700000.0003	0.380917
700000.0003	-3.03149
700000.0003	-1.17657
700000.0003	3.74197
700000.0003	-3.18719
700000.0003	0.960565
700000.0003	1.59334
700000.0003	-1.49254
700000.0003	0.229954
700000.0003	-4.46582
700000.0003	2.4992
700000.0003	2.24154
700000.0003	-1.53446
700000.0003	-1.29376
700000.0003	1.92421
700000.0003	-4.03964
700000.0003	-4.41189
700000.0003	2.37546
700000.0003	-1.87125
700000.0003	-1.71059
700000.0003	-3.73441
700000.0003	2.3629
700000.0003	-1.52239
700000.0003	3.49406
700000.0003	2.87576
700000.0003	2.74659
700000.0003	1.26408
700000.0003	-1.49566
700000.0003	-1.46074
700000.0003	-0.368616
700000.0003	1.25958
700000.0003	-0.0348754
700000.0003	1.3546
700000.0003	-3.38273
700000.0003	-1.78175
700000.0003	-1.27356
700000.0003	1.00324
700000.0003	-1.41386
700000.0003	1.40919
700000.0003	1.05968
700000.0003	0.184991
700000.0003	-2.78989
700000.0003	-0.29213
700000.0003	-2.91591
700000.0003	-1.16354
700000.0003	0.71138
700000.0003	-0.216652
700000.0003	2.36015
700000.0003	-0.963054
700000.0003	1.10089
700000.0003	-0.328303
700000.0003	-0.546606
700000.0003	-1.78256
700000.0003	-0.801237
700000.0003	-0.960403
700000.0003	0.0251837
700000.0003	1.09822
700000.0003	-0.442983
700000.0003	0.979443
700000.0003	0.0127432
700000.0003	0.404747
700000.0003	-0.911267
700000.0003	-1.01076
700000.0003	-0.152729
700000.0003	0.476711
700000.0003	0.474998
700000.0003	0.151764
700000.0003	-0.00654648
700000.0003	-0.000794233
700000.0003	-0.0102231
700000.0003	0.00405856
700000.0003	-0.0953362
700000.0003	-0.311273
700000.0003	-0.115726
700000.0003	0.0554389
700000.0003	-0.220238
700000.0003	-0.120607
700000.0003	-0.0788491
700000.0003	0.0471368
700000.0003	0.048691
700000.0003	-0.0236841
700000.0003	-0.0448232
700000.0003	-0.0411316
700000.0003	-0.000246255
700000.0003	-0.000749897
700000.0003	0.00898683
700000.0003	0
700000.0003	0
700000.0003	0
700000.0003	0
700000.0003	0
700000.0003	0
700000.0003	0
700000.0003	0
700000.0003	0
700000.0003	0
700000.0003	0
700000.0003	0
700000.0003	0
700000.0003	0
700000.0003	0
700000.0003	0
700000.0003	0
700000.0003	0
700000.0003	0
700000.0003	0
700000.0003	0
700000.0003	0
700000.0003	0
700000.0003	0
700000.0003	0
700000.0003	0
700000.0003	0
700000.0003	0
700000.0003	0
700000.0003	0
700000.0003	0
700000.0003	0
700000.0003	0
700000.0003	0
700000.0003	0
700000.0003	0
700000.0003	0
700000.0003	0
700000.0003	0
700000.0003	0
700000.0003	0
700000.0003	0
700000.0003	0
700000.0003	0
700000.0003	0
700000.0003	0
700000.0003	0
700000.0003	0
700000.0003	0
700000.0003	0
700000.0003	0
700000.0003	0
700000.0003	0
700000.0003	0
700000.0003	0
700000.0003	0
700000.0003	0
700000.0003	0
700000.0003	0
700000.0003	0
700000.0003	0
700000.0003	0
700000.0003	0
700000.0003	0
700000.0003	0
700000.0003	0
700000.0003	0
700000.0003	0
700000.0003	0
700000.0003	0
700000.0003	0
700000.0003	0
700000.0003	0
700000.0003	0
700000.0003	0
700000.0003	0
700000.0003	0
700000.0003	0
700000.0003	0
700000.0003	0
700000.0003	0
700000.0003	0
700000.0003	0
700000.0003	0
700000.0003	0
700000.0003	0
700000.0003	0
700000.0003	0
700000.0003	0
700000.0003	0
700000.0003	0
700000.0003	0
700000.0003	0
700000.0003	0
700000.0003	0
700000.0003	0
700000.0003	0
700000.0003	0
700000.0003	0
700000.0003	0
