700000.0003	62.9884
700000.0003	114.217
700000.0003	194.509
700000.0003	313.446
700000.0003	480.809
700000.0003	698.787
700000.0003	962.043
700000.0003	1258.55
700000.0003	1591.06
700000.0003	1967.99
700000.0003	2394.57
700000.0003	2860.09
700000.0003	3301.71
700000.0003	3650.31
700000.0003	3805.98
700000.0003	3730.17
700000.0003	3452.57
700000.0003	3053.24
700000.0003	2591.46
700000.0003	2146.61
700000.0003	1728.02
700000.0003	1364.99
700000.0003	1057.71
700000.0003	806.237
700000.0003	613.3
700000.0003	459.264
700000.0003	348.519
700000.0003	264.052
700000.0003	199.992
700000.0003	152.697
700000.0003	115.547
700000.0003	88.4877
700000.0003	71.0235
700000.0003	55.5004
700000.0003	44.2733
700000.0003	34.2833
700000.0003	26.9756
700000.0003	22.0662
700000.0003	17.1978
700000.0003	14.1659
700000.0003	10.999
700000.0003	10.2185
700000.0003	7.97025
700000.0003	6.66714
700000.0003	7.0063
700000.0003	5.37695
700000.0003	4.04931
700000.0003	3.65971
700000.0003	4.97343
700000.0003	3.57731
700000.0003	3.75585
700000.0003	3.41003
700000.0003	4.38435
700000.0003	2.46722
700000.0003	1.51511
700000.0003	1.74648
700000.0003	3.46912
700000.0003	1.73505
700000.0003	2.7642
700000.0003	2.5834
700000.0003	1.51033
700000.0003	3.37127
700000.0003	2.4677
700000.0003	1.21254
700000.0003	1.52357
700000.0003	1.59702
700000.0003	0.870386
700000.0003	1.04085
700000.0003	-0.166447
700000.0003	0.583083
700000.0003	1.58964
700000.0003	1.05428
700000.0003	1.93662
700000.0003	1.3382
700000.0003	1.04602
700000.0003	-0.984082
700000.0003	0.540195
700000.0003	1.79306
700000.0003	1.22605
700000.0003	0.323738
700000.0003	1.338
700000.0003	0.622453
700000.0003	0.858969
700000.0003	1.37533
700000.0003	0.285151
700000.0003	0.412137
700000.0003	1.338
700000.0003	0.529508
700000.0003	1.1424
700000.0003	0.260762
700000.0003	-1.11247
700000.0003	0.717719
700000.0003	0.128024
700000.0003	0.559355
700000.0003	0.686855
700000.0003	0.766595
700000.0003	0.792098
700000.0003	0.655436
700000.0003	0.132914
700000.0003	-0.663171
700000.0003	1.58805
700000.0003	-0.520441
700000.0003	0.804724
700000.0003	0.402505
700000.0003	-0.0291883
700000.0003	-0.678269
700000.0003	0.454468
700000.0003	0.759561
700000.0003	0.329303
700000.0003	-0.837617
700000.0003	0.11744
700000.0003	-0.0677611
700000.0003	0.783102
700000.0003	0.640831
700000.0003	0.607592
700000.0003	0.361385
700000.0003	0.819237
700000.0003	-0.353014
700000.0003	0.704427
700000.0003	-0.925141
700000.0003	-1.01456
700000.0003	-0.247865
700000.0003	-0.312715
700000.0003	-0.102004
700000.0003	0.869899
700000.0003	0.287121
700000.0003	0.936428
700000.0003	0.477251
700000.0003	-0.513556
700000.0003	0.124856
700000.0003	0.0374984
700000.0003	-1.02707
700000.0003	0.542273
700000.0003	0.0163503
700000.0003	0.422399
700000.0003	0.957712
700000.0003	-0.396712
700000.0003	-0.197031
700000.0003	0.0346422
700000.0003	-0.46779
700000.0003	-0.522097
700000.0003	-0.618968
700000.0003	-1.3206
700000.0003	0.100211
700000.0003	-0.488712
700000.0003	-0.132267
700000.0003	-0.080182
700000.0003	-1.11241
700000.0003	-0.107845
700000.0003	-1.08558
700000.0003	-1.11474
700000.0003	-0.506335
700000.0003	-1.36442
700000.0003	-1.58183
700000.0003	-2.25776
700000.0003	-0.708253
700000.0003	-0.808985
700000.0003	-1.56919
700000.0003	-2.11419
700000.0003	-1.22276
700000.0003	-1.21057
700000.0003	-1.9473
700000.0003	-1.5814
700000.0003	-1.96555
700000.0003	-2.66297
700000.0003	-2.33059
700000.0003	-3.7241
700000.0003	-1.61087
700000.0003	-2.78393
700000.0003	-2.75765
700000.0003	-3.95317
700000.0003	-3.04354
700000.0003	-3.24708
700000.0003	-3.49046
700000.0003	-4.49169
700000.0003	-2.90633
700000.0003	-3.34823
700000.0003	-2.48969
700000.0003	-3.33053
700000.0003	-4.25029
700000.0003	-5.3341
700000.0003	-3.29978
700000.0003	-3.94972
700000.0003	-4.96618
700000.0003	-4.38379
700000.0003	-5.28641
700000.0003	-5.82086
700000.0003	-4.84903
700000.0003	-6.98733
700000.0003	-6.41074
700000.0003	-7.58349
700000.0003	-5.73995
700000.0003	-5.77752
700000.0003	-6.62404
700000.0003	-7.29846
700000.0003	-6.45146
700000.0003	-8.54172
700000.0003	-9.5641
700000.0003	-9.10605
700000.0003	-9.47854
700000.0003	-10.3601
700000.0003	-9.94361
700000.0003	-11.268
700000.0003	-10.1424
700000.0003	-11.9232
700000.0003	-12.4049
700000.0003	-13.6076
700000.0003	-14.266
700000.0003	-14.5579
700000.0003	-15.7278
700000.0003	-17.3264
700000.0003	-18.2595
700000.0003	-19.5505
700000.0003	-19.8073
700000.0003	-22.2802
700000.0003	-24.2918
700000.0003	-24.3573
700000.0003	-27.8726
700000.0003	-29.0416
700000.0003	-32.9118
700000.0003	-34.7486
700000.0003	-39.0963
700000.0003	-44.1522
700000.0003	-46.8355
700000.0003	-53.9442
700000.0003	-61.0633
700000.0003	-67.1089
700000.0003	-76.9617
700000.0003	-88.2075
700000.0003	-103.38
700000.0003	-116.289
700000.0003	-136.069
700000.0003	-157.057
700000.0003	-183.767
700000.0003	-210.718
700000.0003	-249.41
700000.0003	-289.169
700000.0003	-338.208
700000.0003	-392.3
700000.0003	-450.949
700000.0003	-523.052
700000.0003	-597.677
700000.0003	-680.732
700000.0003	-772.134
700000.0003	-866.629
700000.0003	-965.392
700000.0003	-1064.82
700000.0003	-1159.19
700000.0003	-1251.19
700000.0003	-1328.42
700000.0003	-1393.46
700000.0003	-1448.71
700000.0003	-1485.51
700000.0003	-1516.82
700000.0003	-1510.34
700000.0003	-1498.45
700000.0003	-1472.91
700000.0003	-1435.94
700000.0003	-1385.7
700000.0003	-1331.33
700000.0003	-1272.86
700000.0003	-1203.26
700000.0003	-1143.24
700000.0003	-1073.62
700000.0003	-1007.95
700000.0003	-934.48
700000.0003	-868.633
700000.0003	-801.216
700000.0003	-734.114
700000.0003	-670.245
700000.0003	-611.933
700000.0003	-550.697
700000.0003	-496.64
700000.0003	-443.796
700000.0003	-395.189
700000.0003	-347.087
700000.0003	-304.037
700000.0003	-267.615
700000.0003	-234.748
700000.0003	-206.855
700000.0003	-179.432
700000.0003	-156.73
700000.0003	-137.012
700000.0003	-118.891
700000.0003	-107.12
700000.0003	-96.067
700000.0003	-85.5793
700000.0003	-77.6588
700000.0003	-70.4254
700000.0003	-65.8993
700000.0003	-62.23
700000.0003	-57.391
700000.0003	-53.6034
700000.0003	-52.8061
700000.0003	-49.2233
700000.0003	-48.7034
700000.0003	-46.9887
700000.0003	-45.1649
700000.0003	-44.932
700000.0003	-42.9661
700000.0003	-42.0827
700000.0003	-42.2255
700000.0003	-42.1562
700000.0003	-42.2003
700000.0003	-42.8068
700000.0003	-42.4415
700000.0003	-42.5311
700000.0003	-42.2151
700000.0003	-41.5771
700000.0003	-41.8335
700000.0003	-41.0889
700000.0003	-41.3724
700000.0003	-41.8511
700000.0003	-40.8138
700000.0003	-40.7179
700000.0003	-41.0118
700000.0003	-41.0396
700000.0003	-41.1968
700000.0003	-40.8503
700000.0003	-41.4743
700000.0003	-42.6086
700000.0003	-41.5794
700000.0003	-40.7838
700000.0003	-41.0154
700000.0003	-41.2671
700000.0003	-40.3683
700000.0003	-40.8494
700000.0003	-40.5917
700000.0003	-39.6293
700000.0003	-39.8877
700000.0003	-40.5844
700000.0003	-40.3627
700000.0003	-40.3921
700000.0003	-39.4448
700000.0003	-40.3547
700000.0003	-40.5352
700000.0003	-39.5276
700000.0003	-39.7402
700000.0003	-40.8832
700000.0003	-40.6603
700000.0003	-40.8659
700000.0003	-40.209
700000.0003	-39.969
700000.0003	-40.8182
700000.0003	-40.2746
700000.0003	-39.7934
700000.0003	-39.9429
700000.0003	-40.5067
700000.0003	-40.0979
700000.0003	-40.6177
700000.0003	-39.5409
700000.0003	-40.3119
700000.0003	-40.0249
700000.0003	-40.138
700000.0003	-39.2923
700000.0003	-40.3007
700000.0003	-39.7454
700000.0003	-39.7623
700000.0003	-39.0272
700000.0003	-39.7544
700000.0003	-40.4426
700000.0003	-39.0371
700000.0003	-39.825
700000.0003	-39.6415
700000.0003	-39.3959
700000.0003	-39.9796
700000.0003	-39.7485
700000.0003	-39.6353
700000.0003	-39.2767
700000.0003	-39.7193
700000.0003	-38.8265
700000.0003	-39.1627
700000.0003	-39.5481
700000.0003	-39.4121
700000.0003	-39.1442
700000.0003	-38.868
700000.0003	-39.1257
700000.0003	-38.4099
700000.0003	-37.6529
700000.0003	-37.8222
700000.0003	-38.4561
700000.0003	-38.0494
700000.0003	-38.0463
700000.0003	-37.0167
700000.0003	-36.8321
700000.0003	-35.9693
700000.0003	-34.8126
700000.0003	-34.7187
700000.0003	-33.3751
700000.0003	-32.6924
700000.0003	-31.0018
700000.0003	-29.7481
700000.0003	-27.4796
700000.0003	-25.1292
700000.0003	-20.1813
700000.0003	-13.9283
700000.0003	-6.6449
700000.0003	3.60288
700000.0003	16.2904
700000.0003	34.5464
700000.0003	1.06007
700000.0003	-0.302154
700000.0003	0.611222
700000.0003	0.629654
700000.0003	0.635956
700000.0003	1.36021
700000.0003	-0.590872
700000.0003	-1.62389
700000.0003	-0.438309
700000.0003	-1.2771
700000.0003	1.18332
700000.0003	-0.303044
700000.0003	-0.424554
700000.0003	1.39807
700000.0003	3.30614
700000.0003	-3.01257
700000.0003	0.851148
700000.0003	0.235049
700000.0003	-3.21108
700000.0003	2.25439
700000.0003	-3.2776
700000.0003	1.45936
700000.0003	-0.92671
700000.0003	-0.990553
700000.0003	2.17274
700000.0003	-1.87384
700000.0003	-0.594323
700000.0003	0.302664
700000.0003	1.69554
700000.0003	-1.43917
700000.0003	1.44102
700000.0003	-0.547155
700000.0003	-0.348109
700000.0003	0.897359
700000.0003	-0.692413
700000.0003	-0.50722
700000.0003	-1.26114
700000.0003	-0.174057
700000.0003	0.531807
700000.0003	0.154402
700000.0003	0.23138
700000.0003	0.195142
700000.0003	0.373558
700000.0003	-0.760538
700000.0003	0.233619
700000.0003	-0.479874
700000.0003	0.306969
700000.0003	0.0138089
700000.0003	0.957492
700000.0003	-0.110962
700000.0003	-0.221933
700000.0003	-1.259
700000.0003	1.05805
700000.0003	-0.264776
700000.0003	-0.670502
700000.0003	-0.137258
700000.0003	1.44335
700000.0003	-0.4068
700000.0003	1.06736
700000.0003	0.852547
700000.0003	-0.763029
700000.0003	0.496351
700000.0003	-0.967475
700000.0003	-0.727839
700000.0003	-0.706582
700000.0003	-0.384569
700000.0003	0.687731
700000.0003	-0.196755
700000.0003	-0.0560924
700000.0003	0.801554
700000.0003	-0.93974
700000.0003	1.36496
700000.0003	0.972848
700000.0003	0.338062
700000.0003	-0.161633
700000.0003	-0.36287
700000.0003	0.215312
700000.0003	-1.0952
700000.0003	-0.175396
700000.0003	0.104831
700000.0003	0.12103
700000.0003	-0.566243
700000.0003	-0.147683
700000.0003	0.0358384
700000.0003	0.338435
700000.0003	-0.0583366
700000.0003	0.21527
700000.0003	-0.873361
700000.0003	-0.667565
700000.0003	0.335038
700000.0003	-0.295066
700000.0003	0.424091
700000.0003	0.225695
700000.0003	0.450042
700000.0003	0.526064
700000.0003	0.95845
700000.0003	-0.353244
700000.0003	0.119871
700000.0003	0.413439
700000.0003	-0.526656
700000.0003	-0.567006
700000.0003	0.316617
700000.0003	0.32445
700000.0003	-0.51072
700000.0003	0.375461
700000.0003	-0.355584
700000.0003	-0.195888
700000.0003	-0.56102
700000.0003	-0.345392
700000.0003	-1.0042
700000.0003	0.349165
700000.0003	0.803712
700000.0003	0.360377
700000.0003	-0.472968
700000.0003	0.0465635
700000.0003	-0.242229
700000.0003	0.228343
700000.0003	-0.0659721
700000.0003	-0.140567
700000.0003	-0.194757
700000.0003	0.0574271
700000.0003	-0.0193429
700000.0003	0.328733
700000.0003	0.525534
700000.0003	0.280754
700000.0003	-0.53023
700000.0003	0.181512
700000.0003	-0.360979
700000.0003	0.713238
700000.0003	-0.453212
700000.0003	0.0899203
700000.0003	0.109818
700000.0003	0.408331
700000.0003	-0.261018
700000.0003	0.0126393
700000.0003	-0.0918184
700000.0003	0.270884
700000.0003	0.0495294
700000.0003	0.687258
700000.0003	-0.672576
700000.0003	-0.328732
700000.0003	-0.140637
700000.0003	-0.197982
700000.0003	-0.106399
700000.0003	-0.105198
700000.0003	0.958888
700000.0003	0.108458
700000.0003	-0.136574
700000.0003	-1.53484
700000.0003	1.16311
700000.0003	0.153897
700000.0003	-0.346351
700000.0003	0.115036
700000.0003	0.774467
700000.0003	-0.0895386
700000.0003	-0.112432
700000.0003	0.252241
700000.0003	-0.336609
700000.0003	0.375771
700000.0003	-1.25188
700000.0003	0.116154
700000.0003	0.0275572
700000.0003	-0.124052
700000.0003	0.0984715
700000.0003	-0.151795
700000.0003	0.158464
700000.0003	0.987164
700000.0003	-0.611254
700000.0003	-0.379177
700000.0003	-0.961461
700000.0003	0.269052
700000.0003	-0.310059
700000.0003	1.81831
700000.0003	-0.0824578
700000.0003	0.00803957
700000.0003	0.774498
700000.0003	-0.39843
700000.0003	-0.985215
700000.0003	-0.197306
700000.0003	0.0883806
700000.0003	0.219097
700000.0003	0.456336
700000.0003	-0.578678
700000.0003	-0.11846
700000.0003	-0.811613
700000.0003	0.441621
700000.0003	-0.936933
700000.0003	-0.012773
700000.0003	0.0669009
700000.0003	1.17245
700000.0003	-0.0229803
700000.0003	-0.421523
700000.0003	0.636054
700000.0003	2.09397
700000.0003	-1.28922
700000.0003	-0.39622
700000.0003	-0.39143
700000.0003	-0.0893084
700000.0003	-0.030095
700000.0003	0.677506
700000.0003	0.494641
700000.0003	0.910269
700000.0003	-0.255512
700000.0003	0.181446
700000.0003	1.14357
700000.0003	-0.870157
700000.0003	-0.413653
700000.0003	1.0951
700000.0003	0.0112939
700000.0003	-0.94482
700000.0003	-0.526286
700000.0003	-0.236031
700000.0003	-0.71059
700000.0003	-0.371408
700000.0003	-0.0498416
700000.0003	0.406875
700000.0003	-0.357721
700000.0003	0.778331
700000.0003	1.93145
700000.0003	-0.118929
700000.0003	-0.472127
700000.0003	-1.98582
700000.0003	-0.442962
700000.0003	0.23568
700000.0003	0.385838
700000.0003	-0.490601
700000.0003	1.05008
700000.0003	-0.157769
700000.0003	-0.100043
700000.0003	0.221516
700000.0003	0.675034
700000.0003	-0.464201
700000.0003	-1.47636
700000.0003	0.184248
700000.0003	-0.508534
700000.0003	0.280323
700000.0003	-0.155806
700000.0003	0.31266
700000.0003	0.966027
700000.0003	0.386057
700000.0003	-1.08506
700000.0003	1.33638
700000.0003	2.00434
700000.0003	-1.1679
700000.0003	-2.99088
700000.0003	0.555984
700000.0003	2.53289
700000.0003	3.17676
700000.0003	2.67589
700000.0003	-2.23876
700000.0003	-2.77533
700000.0003	0.169606
700000.0003	-0.109448
700000.0003	0.196581
700000.0003	-2.05802
700000.0003	-0.260688
700000.0003	0.475638
700000.0003	1.08352
700000.0003	-1.54892
700000.0003	-2.1127
700000.0003	-3.46438
700000.0003	0.675869
700000.0003	-0.967131
700000.0003	1.89103
700000.0003	2.02071
700000.0003	2.33361
700000.0003	0.0732746
700000.0003	-0.23297
700000.0003	-2.47287
700000.0003	-0.166863
700000.0003	0.00298517
700000.0003	0.993688
700000.0003	-0.488125
700000.0003	-0.00892276
700000.0003	-0.437102
700000.0003	1.49713
700000.0003	1.56263
700000.0003	0.500579
700000.0003	1.91797
700000.0003	0.695924
700000.0003	-0.379264
700000.0003	1.74558
700000.0003	-0.334836
700000.0003	-0.264992
700000.0003	-1.99258
700000.0003	0.279778
700000.0003	-0.311752
700000.0003	0.00123772
700000.0003	0.166643
700000.0003	-0.119209
700000.0003	-0.779037
700000.0003	0.497678
700000.0003	1.12387
700000.0003	-1.28368
700000.0003	-0.320987
700000.0003	0.0627009
700000.0003	0.413501
700000.0003	0.228799
700000.0003	0.301065
700000.0003	0.0721967
700000.0003	-0.285107
700000.0003	-0.310684
700000.0003	0.187912
700000.0003	-0.282962
700000.0003	-0.157214
700000.0003	0.0975361
700000.0003	0.391997
700000.0003	-0.504344
700000.0003	-0.354204
700000.0003	0.299824
700000.0003	0.372045
700000.0003	0.154939
700000.0003	-0.825938
700000.0003	-0.188739
700000.0003	0.85106
700000.0003	-0.160903
700000.0003	0.154994
700000.0003	-0.109326
700000.0003	0.0354471
700000.0003	-0.21614
700000.0003	0.075752
700000.0003	0.237238
700000.0003	-0.234995
700000.0003	-0.67592
700000.0003	0.29884
700000.0003	0.289489
700000.0003	-0.420082
700000.0003	-0.530578
700000.0003	0.111642
700000.0003	-0.515811
700000.0003	-0.125123
700000.0003	-0.315161
700000.0003	-0.42432
700000.0003	-0.270072
700000.0003	0.0437446
700000.0003	-0.0916668
700000.0003	0.337667
700000.0003	-0.590706
700000.0003	0.164857
700000.0003	-0.793568
700000.0003	-1.10475
700000.0003	-0.148755
700000.0003	-0.502506
700000.0003	0.158943
700000.0003	-0.641712
700000.0003	-0.293029
700000.0003	0.146902
700000.0003	0.124878
700000.0003	-0.33566
700000.0003	0.559619
700000.0003	-0.275792
700000.0003	-0.272444
700000.0003	-0.347992
700000.0003	-0.158516
700000.0003	-0.527828
700000.0003	-0.211141
700000.0003	0.0848742
700000.0003	0.0230989
700000.0003	0.897732
700000.0003	0.254394
700000.0003	1.41559
700000.0003	-0.859916
700000.0003	0.500262
700000.0003	0.446844
700000.0003	0.358572
700000.0003	-0.065453
700000.0003	-0.0955518
700000.0003	0.222523
700000.0003	0.683406
700000.0003	0.349301
700000.0003	0.132137
700000.0003	0.479761
700000.0003	-0.763092
700000.0003	0.0733445
700000.0003	0.124201
700000.0003	0.07584
700000.0003	-0.610413
700000.0003	-0.0989359
700000.0003	-0.426032
700000.0003	-0.120462
700000.0003	-0.142728
700000.0003	0.364782
700000.0003	-0.26652
700000.0003	0.474465
700000.0003	-0.00810052
700000.0003	-0.127929
700000.0003	0.0716131
700000.0003	0.244834
700000.0003	0.593862
700000.0003	-0.123926
700000.0003	0.333241
700000.0003	-0.714957
700000.0003	0.377099
700000.0003	-0.348069
700000.0003	-0.140609
700000.0003	-0.28123
700000.0003	-0.144878
700000.0003	0.616244
700000.0003	0.939315
700000.0003	0.470404
