700000.0003	2956.35	2957.23	2959.16	2956.56	2959.76	2960.2	2959.42	2961.19	2960.82	2954.26	2955.3	2959.89	2955.37	2957.78	2956.67
700000.0003	1531.78	1530.44	1534.46	1534.19	1531.86	1538.5	1532.93	1535.54	1533.48	1532.95	1530.08	1530.11	1532.03	1532.75	1532.28
700000.0003	193.504	193.123	194.539	193.594	193.844	194.232	194.455	193.816	193.898	194.289	191.993	193.131	194.776	194.31	194.864
700000.0003	32.6423	32.7045	32.5328	33.0295	32.143	32.716	32.1158	32.1947	32.2246	32.1069	32.599	31.7715	32.6643	32.339	32.096
700000.0003	19.4253	19.5303	19.3902	19.2524	19.5728	19.7796	18.8719	19.2836	19.4263	19.2391	19.4595	19.6137	19.2832	19.714	19.2447
700000.0003	16.6655	16.7133	16.3217	16.6205	16.9682	17.0099	16.812	16.5101	17.1564	16.6231	16.368	16.9767	16.7052	16.8109	16.6368
700000.0003	15.3843	15.3542	15.4908	15.2672	15.0556	15.1936	15.3513	15.1838	15.2715	15.3968	15.262	15.3764	14.8869	14.9897	15.3399
700000.0003	14.5657	14.8025	14.4565	14.618	14.5245	14.3021	14.4757	14.3215	14.2587	14.5169	14.218	14.4958	14.3394	14.3098	14.562
700000.0003	14.0887	14.4335	13.8061	14.2591	13.8507	13.9404	14.1792	13.8808	14.2493	13.6789	14.1317	13.4573	13.914	14.0663	14.0199
700000.0003	13.8551	13.2153	13.789	13.5512	13.6471	13.4706	13.7698	13.9129	13.8329	13.6164	13.7568	13.5919	13.755	13.7466	13.631
700000.0003	13.1492	13.4777	13.48	13.3237	13.2917	13.3302	13.7704	13.433	13.8748	13.4006	13.1984	13.7223	13.4149	13.5797	13.3016
700000.0003	13.3706	13.2469	13.6003	13.3752	13.2709	13.4277	13.1733	13.1818	13.0897	13.3328	13.1421	13.6826	13.3605	13.3461	13.5123
700000.0003	13.0959	13.2603	13.3284	13.3384	13.3716	13.1658	13.2237	13.3704	13.8186	13.5713	13.37	12.7726	13.1887	13.5911	12.9826
700000.0003	13.0733	13.015	13.2629	13.509	13.2864	13.2571	13.2552	13.0618	13.3568	13.3376	13.4925	13.0252	13.5436	13.5065	13.0107
700000.0003	13.3535	12.9562	13.2296	13.3553	13.4416	13.5176	13.3094	13.1703	13.6686	13.3907	13.6073	13.2095	13.7049	13.7717	13.4392
700000.0003	13.7972	13.9777	14.1173	13.9558	13.6932	13.8146	14.0022	13.2231	13.876	14.2622	14.2417	14.1825	13.7818	14.1348	14.0862
700000.0003	15.1304	15.1772	15.4104	15.4128	15.2084	15.091	14.9312	15.1344	15.3431	15.2916	15.7121	15.4012	15.4162	15.0922	15.6572
700000.0003	16.808	16.828	17.1051	16.9144	16.5277	17.0351	16.5275	16.9266	17.166	16.8174	16.6482	17.1278	17.2849	17.0331	17.0361
700000.0003	19.4492	19.9668	19.8459	19.6533	19.7635	19.7443	19.8364	19.8458	20.1592	19.8519	19.8122	19.789	19.8147	19.5734	19.8895
700000.0003	23.8106	23.9803	23.9666	24.2732	24.5535	24.2465	24.4922	24.3408	24.2735	24.0907	23.8808	23.8645	24.7654	24.2465	24.0156
700000.0003	30.6733	30.9753	30.9959	30.5328	30.3365	30.4542	31.001	31.1952	30.9205	30.5195	30.6204	30.4756	30.7971	30.5569	31.025
700000.0003	42.3091	41.7981	42.4118	42.1534	41.9958	41.9295	42.5245	42.357	42.6698	42.3502	41.4599	41.9406	42.2865	42.163	42.6285
700000.0003	67.1596	67.5335	67.9655	67.3356	67.0215	66.9751	67.1737	68.058	67.9704	67.8114	67.3707	67.4893	66.6762	67.6554	67.4957
700000.0003	154.782	155.618	155.274	156.137	155.427	154.469	155.19	156.025	155.024	156.362	155.41	156.162	155.307	155.768	155.221
700000.0003	514.656	514.501	516.808	514.969	515.432	516.43	516.638	516.489	514.455	516.134	517.35	515.902	515.085	516.346	515.933
700000.0003	1359.94	1359.04	1361.42	1359.1	1361.52	1360.82	1361.56	1364.52	1361.36	1361.69	1362.03	1361.86	1360.69	1362.71	1362.25
700000.0003	2201.9	2199.8	2198.72	2200.61	2199.66	2201.46	2202.48	2202.28	2202.63	2202.12	2200.58	2200.22	2202.58	2199.17	2201.82
700000.0003	2640.47	2640.25	2641.13	2639.93	2639.76	2644.19	2643.23	2641.7	2642.77	2643.87	2638.03	2640.7	2639.91	2640.56	2642.58
700000.0003	2787.59	2788.15	2787.57	2788.28	2787.97	2789.02	2786.98	2788.54	2790.07	2790.91	2784.65	2786.59	2787.58	2788.7	2787.41
700000.0003	2834.51	2836.97	2833.52	2837.05	2835.12	2836.81	2833.82	2835.96	2835.61	2834.64	2833.27	2833.55	2836.06	2834.91	2834.55
700000.0003	2864.92	2865.6	2863.22	2865.58	2866.88	2864.01	2863.55	2865.88	2863.22	2864.12	2865.44	2863.82	2864.42	2864.3	2866.44
700000.0003	2895.07	2884.93	2891.1	2897.48	2895	2887.97	2892.56	2895.59	2891.57	2890.8	2891.21	2894.79	2890.57	2891.34	2895.14
700000.0003	2921.3	2917.19	2919.22	2922.92	2916.55	2918.68	2921.99	2923.14	2916.2	2915.53	2921.92	2922.31	2914.47	2917.86	2923.45
700000.0003	2946.48	2941.23	2947.73	2949.25	2946.88	2944.27	2947.02	2946.88	2944.98	2945.26	2945.25	2948.02	2945.32	2947.81	2949.39
700000.0003	2975.04	2970.36	2972.56	2975.2	2972.78	2970.87	2972.94	2977.05	2973.8	2969.09	2974.64	2975.08	2973.86	2970.8	2974.38
700000.0003	3001.06	2995.93	2999.39	3001.08	3001.05	2998.99	3001.17	3000.51	3000.42	2996.74	3002.77	3001.55	2996.97	2997.05	3002.52
700000.0003	3024.42	3023.06	3030.08	3029	3026.92	3024.49	3024.79	3029.8	3025.54	3026.81	3023.06	3027.38	3026.2	3029.04	3022.96
700000.0003	3052.1	3053.22	3051.21	3052.7	3051.07	3054.52	3052.87	3054.14	3050.64	3052.84	3051.75	3055.08	3049.85	3049.28	3052.52
700000.0003	3076.23	3074.71	3076.4	3080.37	3078.69	3079.29	3075.05	3080.22	3078.79	3076.95	3077.56	3077.32	3077.11	3074.61	3077.5
700000.0003	3095.2	3095.64	3096.19	3096.49	3096.24	3099	3097.12	3097.55	3099.95	3093.58	3093.25	3094.89	3097.29	3094.52	3093.28
700000.0003	-1.18846	0.0352598	-0.136759	-0.77026	1.12844	0.504157	-0.211605	-1.3286	-0.0970352	-0.207966	0.261727	-0.554976	1.21763	0.17585	0.404106
700000.0003	0.174372	-1.37302	0.184736	-0.259884	-0.755947	0.310689	0.264449	-0.158195	-0.440872	-0.471044	0.18513	-0.0740874	0.342727	0.874076	-0.822482
700000.0003	0.186803	-0.119093	0.0906841	-0.51228	-0.141789	-0.00265167	0.651113	0.0894379	0.298557	0.0430009	0.291847	-0.123537	-0.345756	-0.449884	0.0258286
700000.0003	0.0211062	0.145165	-0.0693559	0.0793687	0.126609	0.203572	0.0918016	0.0289079	0.0544486	0.035321	-0.0896176	0.0578978	-0.250575	0.0207852	0.0731913
700000.0003	0.198863	-0.155464	0.153236	-0.0567966	-0.270417	0.114896	0.0873046	0.0395999	-0.175703	0.00852673	-0.0794713	-0.0269964	0.0367943	0.2293	0.0405862
700000.0003	0.0738169	-0.144065	-0.0983602	-0.0309211	0.121538	0.160955	-0.0512332	0.0768482	0.156053	-0.178059	0.275513	-0.129307	0.015146	0.0767507	-0.0896991
700000.0003	-0.189958	0.148654	0.0701606	-0.0625668	-0.167988	-0.013076	0.11988	0.036035	0.017107	-0.0418075	0.0301353	0.20026	-0.0280557	0.161061	-0.0166954
700000.0003	-0.0378018	-0.0176145	-0.0903171	0.0447756	-0.0984318	0.107477	0.104585	-0.0760303	-0.0924604	0.059378	-0.205799	-0.0202134	-0.0466033	-0.151489	-0.1513
700000.0003	-0.208205	0.0864316	0.150015	0.0132763	-0.0421504	-0.0629715	-0.0751556	0.0767165	-0.0952677	0.168829	-0.0225709	-0.0490105	0.0284276	0.0145608	0.00452179
700000.0003	-0.084098	0.0162393	-0.191181	0.100663	-0.0848734	-0.127258	0.160147	-0.0718819	0.1177	0.256284	0.178579	0.0261689	0.0293248	0.0351863	0.0657977
700000.0003	-0.0681068	0.0556751	-0.0658363	-0.0776586	0.0992787	-0.283524	0.0676618	0.0881999	-0.00218105	0.0264301	0.0391433	0.0706676	0.159855	-0.20331	-0.209503
700000.0003	-0.11998	-0.149726	-0.135661	-0.0014812	-0.073278	0.105092	-0.153799	0.132437	0.108122	-0.158489	0.157078	0.0953789	-0.0290161	0.0489616	-0.12894
700000.0003	0.0190228	-0.0565616	0.198629	0.0343868	0.0219311	0.0954673	0.0855634	-0.160444	-0.044307	0.235732	0.0296256	0.0540668	-0.0965581	-0.125568	-0.0742371
700000.0003	-0.0586702	-0.031135	-0.138911	0.0621185	-0.044031	-0.107907	0.0168089	0.0490251	0.117449	0.107118	0.0797138	-0.117758	0.056234	0.035727	-0.17876
700000.0003	-0.02773	0.0659755	0.0497071	-0.0158645	-0.0975142	0.119672	-0.0373157	0.0173426	0.064459	0.01228	0.0797038	0.160397	0.0353012	-0.191345	0.129979
700000.0003	-0.0246897	-0.189263	-0.000803605	-0.0048102	0.0628371	0.0130844	0.0287757	0.047219	0.145156	-0.0875017	-0.170571	0.0128337	-0.122903	-0.135227	0.0604862
700000.0003	-0.141744	0.126966	-0.211829	-0.0106742	0.0392676	-0.0550143	0.047887	-0.00443678	-0.249811	-0.0505699	0.091665	-0.034335	0.0708324	0.10475	0.26494
700000.0003	0.0685424	0.165707	-0.0433011	-0.0929946	0.00861676	0.0754051	0.0158298	-0.0664611	0.22032	-0.0782029	-0.155726	0.117839	0.134903	0.371776	0.107335
700000.0003	-0.0644426	-0.280007	-0.0311964	-0.134304	0.299142	-0.0374136	-0.129081	-0.327365	-0.0707112	0.033326	-0.0777648	0.144996	-0.240455	-0.365747	-0.100181
700000.0003	-0.115801	0.227692	-0.173877	-0.180795	-0.142654	0.093961	0.0171905	-0.137289	-0.105742	0.133549	-0.346872	-0.25077	-0.241369	-0.294924	0.0164566
700000.0003	0.017589	-0.234963	-0.0461743	0.0901332	0.223188	-0.217868	0.119183	0.022737	-0.0331087	-0.145657	-0.0314108	-0.0916428	-0.121857	0.259089	0.0884562
700000.0003	0.13874	0.226855	-0.196876	0.0124259	0.197877	0.0483506	-0.0591119	-0.0777187	0.265024	-0.297404	0.218702	-0.00162642	0.0367046	-0.0557705	0.16156
700000.0003	0.158658	0.00823446	-0.0307636	0.302063	-0.336585	-0.00619862	-0.0438442	0.0501653	0.346686	-0.0856179	0.138379	-0.203281	0.0223594	-0.0220121	-0.354785
700000.0003	-0.0707001	-0.0290995	-0.522422	-0.537501	0.385999	-0.0635762	-0.453398	-0.242976	-0.149251	-0.0434461	0.271493	-0.2011	-0.119728	-0.415113	0.429869
700000.0003	0.286758	0.0133262	-0.0414314	0.389651	-0.439614	-0.00490327	-0.119946	0.0281786	-0.0855627	0.631038	-0.194323	0.0615676	0.0947049	1.00967	-0.83612
700000.0003	0.35737	-0.366427	0.607886	-0.266501	0.514259	-0.183313	-0.490437	0.877684	-0.316982	-0.362705	-0.679275	-0.824312	0.0240865	-0.458683	0.404103
700000.0003	-0.442784	1.11766	-0.922473	0.434782	0.901229	-0.117089	-0.498886	-0.732666	-0.033654	-0.339162	0.541373	-0.48297	-0.40233	-0.913187	-0.676581
700000.0003	0.0622352	-0.973878	0.945554	0.303116	-0.725483	-1.24138	-0.844421	-0.163145	-0.390315	-0.44922	-0.93857	0.182562	-0.22243	0.341189	-0.444618
700000.0003	-1.2896	-0.28638	0.312189	-0.218145	-1.04497	-0.99922	-0.549521	-0.707634	0.314738	0.257315	-0.149675	0.363296	-0.0258125	0.539145	0.72343
700000.0003	0.146325	0.0125755	-0.614152	0.59729	0.119568	-0.156225	-0.284019	-0.311771	-0.800849	0.898775	1.05321	-0.135331	0.272725	0.638426	-0.649181
700000.0003	-0.727953	0.522237	1.13802	0.538741	-0.53737	0.306772	0.413881	-0.349504	-0.662461	0.367707	0.542143	0.121814	-0.205663	-0.227169	-0.76236
700000.0003	-0.470885	0.196985	0.00791529	0.238374	-0.0863174	0.521397	0.652963	-0.746116	-0.149114	0.307436	0.780604	-0.146692	0.0485717	-0.550504	0.0278873
700000.0003	-0.0417504	-0.18672	1.02082	0.191468	-0.110846	-1.02157	0.15771	0.77028	1.33804	-0.238534	-0.018833	0.543604	-0.598483	-0.649235	-1.30033
700000.0003	0.100729	0.00796596	-0.100129	0.648114	-0.0835019	0.874515	0.457745	1.06822	0.336266	-0.764334	0.0174299	0.0560835	-0.328737	-1.44708	0.341389
700000.0003	0.948983	-0.0535671	0.748677	0.632714	0.909896	0.264423	0.000143935	0.52295	0.785571	0.103842	-0.400146	-0.567072	-0.097668	-0.566574	0.0500796
700000.0003	0.129549	1.89315	0.444532	0.258325	0.0959965	0.474693	0.409449	0.541545	0.0897716	-0.19235	-1.3224	0.230135	-0.367917	-0.214373	-0.892851
700000.0003	0.473186	0.009882	0.382039	1.33488	0.825909	0.232959	0.35183	-0.402571	0.725158	-0.196548	-0.422416	-1.58926	-1.80951	0.428059	0.915676
700000.0003	-0.43886	1.10653	1.11677	0.081815	0.938849	0.633231	-0.277353	0.472042	-0.261839	-1.12238	-0.0921553	-0.120313	-0.821367	-0.190982	-0.616968
700000.0003	0.477744	0.185469	-0.323472	-0.276647	1.05163	0.138734	-0.233613	0.344213	-0.539077	-0.740335	0.2455	0.306967	0.96734	-1.05678	-0.498696
700000.0003	0.723691	-0.306683	-0.403924	0.807733	-0.0346416	0.226867	-1.15331	-0.656934	-1.30506	0.827934	0.146327	0.0796372	0.352568	-0.273144	-1.17389
700000.0003	2911.26	2910.67	2911.71	2911.52	2915.43	2914.21	2914.12	2911.36	2910.02	2909.96	2913.74	2913.12	2910.4	2911.44	2911.31
700000.0003	1601.85	1601.39	1601.11	1604.42	1604.82	1609.1	1605.25	1607.34	1605.05	1604.35	1601.42	1598.99	1604.59	1603.52	1603.77
700000.0003	173.77	174.007	174.403	173.603	174.678	174.32	175.144	173.496	174.14	173.909	172.836	172.092	174.432	174.565	173.993
700000.0003	28.3957	28.4304	29.1594	28.794	28.3529	28.8196	28.0335	28.5547	28.5103	28.5172	28.3186	27.9064	28.5348	28.2754	28.4247
700000.0003	18.2007	18.2294	18.3683	18.7669	18.3618	18.6006	18.2799	18.13	18.0936	18.5026	18.3636	18.3584	18.3664	18.4504	18.0845
700000.0003	16.1134	15.805	16.0449	16.4252	16.2883	16.3113	16.3925	16.3694	16.2415	16.1173	16.2144	16.4423	16.137	16.3398	16.1309
700000.0003	15.3035	14.7541	15.0375	14.9685	15.1666	14.5898	14.6463	14.9449	15.2128	14.9719	15.0416	15.0773	14.7678	14.8515	14.6807
700000.0003	14.2694	14.4462	14.1543	14.251	14.0759	14.2271	14.2302	14.1537	14.0754	14.1558	14.3001	14.2265	14.2364	14.1385	14.4
700000.0003	14.1448	13.8525	13.8576	13.7697	13.8342	13.7455	13.8244	13.7997	14.0116	13.8078	13.8737	13.6408	13.7391	13.6713	13.8368
700000.0003	13.5859	13.41	13.649	13.5325	13.2379	13.1804	13.622	13.8607	13.7258	13.5736	13.7129	13.6542	13.7025	13.6315	13.7551
700000.0003	13.5427	13.3294	13.4802	13.2828	12.9743	13.1544	13.5563	13.4085	13.4689	13.2681	13.1929	13.1655	13.2996	13.7696	13.7266
700000.0003	13.4476	13.1574	13.1611	13.5583	13.2615	13.3366	13.1198	13.1932	13.3555	13.3841	12.91	13.753	13.456	13.2472	13.575
700000.0003	12.8431	13.0697	12.9552	13.3435	13.0464	13.1679	13.1746	13.1645	13.5865	13.3244	13.5987	13.2632	13.5078	13.3564	13.2066
700000.0003	13.1497	13.3146	13.3161	13.224	13.1177	13.451	13.3352	13.4007	13.1766	13.492	13.3369	13.1646	13.359	13.543	13.166
700000.0003	13.2268	13.3258	13.399	13.3539	13.1939	13.4047	13.3009	13.5446	13.4594	13.3024	13.6301	13.4281	13.4845	13.5418	13.605
700000.0003	13.6269	13.9207	13.9215	13.8362	13.6932	13.8383	14.0291	13.9011	14.0546	14.3064	14.1709	14.0697	13.7629	14.3999	14.3699
700000.0003	14.8669	15.2462	15.0679	14.9618	14.9061	15.1394	14.9614	15.5651	15.2828	15.3398	15.4385	15.2019	15.1262	15.1316	15.0102
700000.0003	16.8122	16.8169	17.0927	16.9712	16.474	16.6949	17.0284	17.0773	16.6762	16.7073	16.6692	16.9771	17.0793	17.09	16.5791
700000.0003	19.558	19.8676	19.902	19.6061	19.4542	19.6802	19.9517	19.8677	19.8548	19.7074	19.2056	19.7495	19.592	19.7447	19.8054
700000.0003	23.7265	23.9511	23.9392	23.9501	23.9661	23.9493	23.9041	23.9204	24.221	23.7093	23.5841	23.9999	24.0336	24.1912	23.8832
700000.0003	30.7433	31.0071	30.7366	30.0683	29.8625	30.2707	30.4356	30.8379	30.4283	30.2571	30.4575	30.7732	30.738	30.9365	30.8374
700000.0003	41.8492	41.1234	41.4157	41.8077	42.1454	41.7547	42.1254	41.5924	42.4555	42.0471	41.6535	41.2425	41.8919	41.5927	42.2907
700000.0003	65.7823	66.3663	66.7295	66.6685	66.5908	66.3038	65.9835	66.6508	67.1863	66.6419	66.3833	66.7387	67.1785	66.7973	66.3183
700000.0003	152.525	153.235	152.081	152.811	152.294	152.223	152.713	153.725	152.194	153.525	152.421	152.974	152.585	152.952	152.52
700000.0003	518.883	519.015	519.41	518.644	519.136	519.813	520.989	519.679	520.261	520.057	520.598	518.976	520.646	521.278	519.643
700000.0003	1360.66	1362.07	1362.51	1360.21	1361.44	1362.53	1362.3	1365.6	1363.43	1362.88	1364.24	1362.06	1364.26	1363.35	1362.6
700000.0003	2153.84	2153.49	2153.4	2152.35	2150.67	2154.45	2156.95	2155.08	2156.49	2154.03	2154.28	2154.35	2153.87	2153.11	2155.66
700000.0003	2586.39	2584.34	2584.02	2584.53	2584.68	2587.07	2588.26	2586.97	2585.21	2586.57	2584.87	2585.42	2585.9	2586.14	2585.08
700000.0003	2780.48	2777.89	2780.83	2781.66	2782.64	2780.11	2780.09	2780.63	2782	2781.02	2781.31	2780.72	2780.55	2780.88	2780.33
700000.0003	2867.18	2871.05	2868.4	2868.15	2867.48	2871.33	2867.36	2866.35	2867.61	2868.57	2870.5	2867.69	2868.96	2868.01	2869.62
700000.0003	2909.54	2912.28	2908.74	2907.29	2908.67	2910.81	2910.38	2910.54	2907.53	2910.45	2909.36	2908.72	2910.62	2910.43	2910.03
700000.0003	2937.6	2935.19	2934.29	2937.17	2940.05	2934.9	2935.69	2935.42	2934.18	2936.84	2931.33	2936.05	2935.97	2935.62	2935.31
700000.0003	2958.3	2957.7	2956.99	2957.86	2956.59	2954.92	2955.68	2956.65	2955.59	2956.07	2954.84	2957.5	2955.39	2958.87	2956.03
700000.0003	2975.16	2972.44	2977.34	2974.66	2975.43	2973.01	2976.66	2971.84	2976.42	2974.09	2976.92	2974.61	2977.29	2976.75	2977.4
700000.0003	2994.53	2992.55	2993.42	2992.83	2989.35	2993.83	2992.11	2991.97	2993.48	2990.95	2992.41	2991.56	2993.31	2993.61	2990.05
700000.0003	3008.81	3010.79	3005.66	3009.26	3008.93	3008.71	3009.22	3007.93	3009.18	3006.06	3011.62	3008.6	3008.5	3004.71	3011.31
700000.0003	3024.73	3025.8	3025.65	3026.25	3025.99	3025.58	3021.57	3026.69	3023.54	3027.96	3023.38	3025.6	3024.02	3024.55	3026.17
700000.0003	3041.62	3044.23	3045.46	3042.73	3042.33	3044.55	3044.88	3045.28	3043.76	3046.25	3043.5	3044.98	3043.13	3044.46	3045.12
700000.0003	3069.83	3067.06	3069.34	3067.3	3068.64	3068.27	3069.47	3069.23	3069	3069.69	3068.93	3070.75	3066.92	3068.48	3067.44
700000.0003	3080.98	3083.97	3081.85	3083.01	3082.67	3084.04	3083.37	3083.18	3086	3082.24	3081.1	3082.43	3083.48	3083.1	3080.88
