700000.0003	28.3873
700000.0003	101.463
700000.0003	201.329
700000.0003	345.284
700000.0003	534.978
700000.0003	777.266
700000.0003	1071.31
700000.0003	1432.31
700000.0003	1843.51
700000.0003	2295.61
700000.0003	2787.09
700000.0003	3324.91
700000.0003	3851.1
700000.0003	4447.5
700000.0003	4996.56
700000.0003	5529.07
700000.0003	5976.77
700000.0003	6391.28
700000.0003	6696.65
700000.0003	6878.88
700000.0003	7046.46
700000.0003	7073.11
700000.0003	7151.56
700000.0003	7058.3
700000.0003	6945.05
700000.0003	6823.69
700000.0003	6617.87
700000.0003	6338.24
700000.0003	6056.76
700000.0003	5737.24
700000.0003	5363.64
700000.0003	4991.79
700000.0003	4540.57
700000.0003	4050.07
700000.0003	3515.17
700000.0003	2962.72
700000.0003	2391.59
700000.0003	1744.53
700000.0003	1072.26
700000.0003	367.363
700000.0003	0
700000.0003	0
700000.0003	0
700000.0003	0
700000.0003	0
700000.0003	0
700000.0003	0
700000.0003	0
700000.0003	0
700000.0003	0
700000.0003	0
700000.0003	0
700000.0003	0
700000.0003	0
700000.0003	0
700000.0003	0
700000.0003	0
700000.0003	0
700000.0003	0
700000.0003	0
700000.0003	0
700000.0003	0
700000.0003	0
700000.0003	0
700000.0003	0
700000.0003	0
700000.0003	0
700000.0003	0
700000.0003	0
700000.0003	0
700000.0003	0
700000.0003	0
700000.0003	0
700000.0003	0
700000.0003	0
700000.0003	0
700000.0003	0
700000.0003	0
700000.0003	0
700000.0003	0
700000.0003	0
700000.0003	0
700000.0003	0
700000.0003	0
700000.0003	0
700000.0003	0
700000.0003	0
700000.0003	0
700000.0003	0
700000.0003	0
700000.0003	0
700000.0003	0
700000.0003	0
700000.0003	0
700000.0003	0
700000.0003	0
700000.0003	0
700000.0003	0
700000.0003	0
700000.0003	0
700000.0003	0
700000.0003	0
700000.0003	0
700000.0003	0
700000.0003	0
700000.0003	0
700000.0003	0
700000.0003	0
700000.0003	0
700000.0003	0
700000.0003	0
700000.0003	0
700000.0003	0
700000.0003	0
700000.0003	0
700000.0003	0
700000.0003	0
700000.0003	0
700000.0003	0
700000.0003	0
700000.0003	0
700000.0003	0
700000.0003	0
700000.0003	0
700000.0003	0
700000.0003	0
700000.0003	0
700000.0003	0
700000.0003	0
700000.0003	0
700000.0003	0
700000.0003	0
700000.0003	0
700000.0003	0
700000.0003	0
700000.0003	0
700000.0003	0
700000.0003	0
700000.0003	0
700000.0003	0
700000.0003	-23.6614
700000.0003	-70.49
700000.0003	-116.565
700000.0003	-163.053
700000.0003	-207.184
700000.0003	-250.658
700000.0003	-297.194
700000.0003	-341.316
700000.0003	-382.454
700000.0003	-426.365
700000.0003	-466.439
700000.0003	-504.424
700000.0003	-549.029
700000.0003	-589.77
700000.0003	-632.096
700000.0003	-669.144
700000.0003	-701.24
700000.0003	-743.229
700000.0003	-783.417
700000.0003	-819.598
700000.0003	-844.283
700000.0003	-890.514
700000.0003	-917.88
700000.0003	-961.166
700000.0003	-986.348
700000.0003	-1026.5
700000.0003	-1057.65
700000.0003	-1086.46
700000.0003	-1120.27
700000.0003	-1158.71
700000.0003	-1176.34
700000.0003	-1201.65
700000.0003	-1220.65
700000.0003	-1256.94
700000.0003	-1293.76
700000.0003	-1310.53
700000.0003	-1356.73
700000.0003	-1371.17
700000.0003	-1392.17
700000.0003	-1412.18
700000.0003	-1444.37
700000.0003	-1463.14
700000.0003	-1488.95
700000.0003	-1514.9
700000.0003	-1543.1
700000.0003	-1567.74
700000.0003	-1588.14
700000.0003	-1588.15
700000.0003	-1608.18
700000.0003	-1629.5
700000.0003	-1661.63
700000.0003	-1678.98
700000.0003	-1695.66
700000.0003	-1706.68
700000.0003	-1727.72
700000.0003	-1736.39
700000.0003	-1750.12
700000.0003	-1770.67
700000.0003	-1785.41
700000.0003	-1794.37
700000.0003	-1815.86
700000.0003	-1825.96
700000.0003	-1830.9
700000.0003	-1837.58
700000.0003	-1852.12
700000.0003	-1857.84
700000.0003	-1864.52
700000.0003	-1872.22
700000.0003	-1886.73
700000.0003	-1888.72
700000.0003	-1886.85
700000.0003	-1903.95
700000.0003	-1904.64
700000.0003	-1920.49
700000.0003	-1916.11
700000.0003	-1923.93
700000.0003	-1924.19
700000.0003	-1926.8
700000.0003	-1923.2
700000.0003	-1921.21
700000.0003	-1927.81
700000.0003	-1934.75
700000.0003	-1925.13
700000.0003	-1925.13
700000.0003	-1920.27
700000.0003	-1912.73
700000.0003	-1912.94
700000.0003	-1908.14
700000.0003	-1906.32
700000.0003	-1893.28
700000.0003	-1883.48
700000.0003	-1887
700000.0003	-1867.83
700000.0003	-1857.92
700000.0003	-1848.62
700000.0003	-1834.96
700000.0003	-1824.65
700000.0003	-1808.51
700000.0003	-1778.41
700000.0003	-1765.46
700000.0003	-1732.15
700000.0003	-1717.31
700000.0003	-1687.25
700000.0003	-1661.09
700000.0003	-1618.67
700000.0003	-1588.91
700000.0003	-1539.83
700000.0003	-1495.4
700000.0003	-1449.57
700000.0003	-1398.98
700000.0003	-1342.89
700000.0003	-1281.3
700000.0003	-1227.97
700000.0003	-1165.62
700000.0003	-1099.28
700000.0003	-1037.22
700000.0003	-975.279
700000.0003	-909.608
700000.0003	-850.351
700000.0003	-787.612
700000.0003	-726.256
700000.0003	-673.163
700000.0003	-616.172
700000.0003	-562.818
700000.0003	-512.351
700000.0003	-463.936
700000.0003	-419.776
700000.0003	-376.032
700000.0003	-338.28
700000.0003	-299.687
700000.0003	-264.412
700000.0003	-233.891
700000.0003	-205.432
700000.0003	-177.556
700000.0003	-155.714
700000.0003	-134.608
700000.0003	-116.329
700000.0003	-99.1674
700000.0003	-84.4907
700000.0003	-72.2459
700000.0003	-61.7381
700000.0003	-52.0699
700000.0003	-44.014
700000.0003	-37.3428
700000.0003	-32.0062
700000.0003	-26.7403
700000.0003	-22.1192
700000.0003	-18.8117
700000.0003	-15.9553
700000.0003	-13.3161
700000.0003	-10.9511
700000.0003	-9.05477
700000.0003	-7.51832
700000.0003	-6.08539
700000.0003	-4.78762
700000.0003	-3.72235
700000.0003	-2.81481
700000.0003	-1.88078
700000.0003	-1.09428
700000.0003	-0.358954
700000.0003	0
700000.0003	0
700000.0003	0
700000.0003	0
700000.0003	0
700000.0003	0
700000.0003	0
700000.0003	0
700000.0003	0
700000.0003	0
700000.0003	0
700000.0003	0
700000.0003	0
700000.0003	0
700000.0003	0
700000.0003	0
700000.0003	0
700000.0003	0
700000.0003	0
700000.0003	0
700000.0003	0
700000.0003	0
700000.0003	0
700000.0003	0
700000.0003	0
700000.0003	0
700000.0003	0
700000.0003	0
700000.0003	0
700000.0003	0
700000.0003	0
700000.0003	0
700000.0003	0
700000.0003	0
700000.0003	0
700000.0003	0
700000.0003	0
700000.0003	0
700000.0003	0
700000.0003	0
700000.0003	0
700000.0003	0
700000.0003	0
700000.0003	0
700000.0003	0
700000.0003	0
700000.0003	0
700000.0003	0
700000.0003	0
700000.0003	0
700000.0003	0
700000.0003	0
700000.0003	0
700000.0003	0
700000.0003	0
700000.0003	0
700000.0003	0
700000.0003	0
700000.0003	0
700000.0003	0
700000.0003	0
700000.0003	0
700000.0003	0
700000.0003	0
700000.0003	0
700000.0003	0
700000.0003	0
700000.0003	0
700000.0003	0
700000.0003	0
700000.0003	0
700000.0003	0
700000.0003	0
700000.0003	0
700000.0003	0
700000.0003	0
700000.0003	0
700000.0003	0
700000.0003	0
700000.0003	0
700000.0003	0
700000.0003	0
700000.0003	0
700000.0003	0
700000.0003	0
700000.0003	0
700000.0003	0
700000.0003	0
700000.0003	0
700000.0003	0
700000.0003	0
700000.0003	0
700000.0003	0
700000.0003	0
700000.0003	0
700000.0003	0
700000.0003	0
700000.0003	0
700000.0003	0
700000.0003	0
700000.0003	-0.0487239
700000.0003	-0.366006
700000.0003	-1.33983
700000.0003	0.547295
700000.0003	-0.948526
700000.0003	-2.69665
700000.0003	-3.58128
700000.0003	2.41197
700000.0003	-2.24825
700000.0003	-1.53562
700000.0003	-5.75587
700000.0003	10.5539
700000.0003	-0.592132
700000.0003	23.3502
700000.0003	-6.57188
700000.0003	-7.70451
700000.0003	-2.18788
700000.0003	2.78526
700000.0003	-9.27958
700000.0003	-35.6396
700000.0003	-5.36075
700000.0003	38.1166
700000.0003	-9.37713
700000.0003	-2.90231
700000.0003	-19.8618
700000.0003	8.99034
700000.0003	-9.79532
700000.0003	-4.3503
700000.0003	2.50912
700000.0003	3.95543
700000.0003	28.6123
700000.0003	7.25746
700000.0003	3.21272
700000.0003	10.4271
700000.0003	5.18327
700000.0003	7.90797
700000.0003	-9.26879
700000.0003	7.02867
700000.0003	1.95748
700000.0003	-1.55223
700000.0003	0
700000.0003	0
700000.0003	0
700000.0003	0
700000.0003	0
700000.0003	0
700000.0003	0
700000.0003	0
700000.0003	0
700000.0003	0
700000.0003	0
700000.0003	0
700000.0003	0
700000.0003	0
700000.0003	0
700000.0003	0
700000.0003	0
700000.0003	0
700000.0003	0
700000.0003	0
700000.0003	0
700000.0003	0
700000.0003	0
700000.0003	0
700000.0003	0
700000.0003	0
700000.0003	0
700000.0003	0
700000.0003	0
700000.0003	0
700000.0003	0
700000.0003	0
700000.0003	0
700000.0003	0
700000.0003	0
700000.0003	0
700000.0003	0
700000.0003	0
700000.0003	0
700000.0003	0
700000.0003	0
700000.0003	0
700000.0003	0
700000.0003	0
700000.0003	0
700000.0003	0
700000.0003	0
700000.0003	0
700000.0003	0
700000.0003	0
700000.0003	0
700000.0003	0
700000.0003	0
700000.0003	0
700000.0003	0
700000.0003	0
700000.0003	0
700000.0003	0
700000.0003	0
700000.0003	0
700000.0003	0
700000.0003	0
700000.0003	0
700000.0003	0
700000.0003	0
700000.0003	0
700000.0003	0
700000.0003	0
700000.0003	0
700000.0003	0
700000.0003	0
700000.0003	0
700000.0003	0
700000.0003	0
700000.0003	0
700000.0003	0
700000.0003	0
700000.0003	0
700000.0003	0
700000.0003	0
700000.0003	0
700000.0003	0
700000.0003	0
700000.0003	0
700000.0003	0
700000.0003	0
700000.0003	0
700000.0003	0
700000.0003	0
700000.0003	0
700000.0003	0
700000.0003	0
700000.0003	0
700000.0003	0
700000.0003	0
700000.0003	0
700000.0003	0
700000.0003	0
700000.0003	0
700000.0003	0
700000.0003	-0.146082
700000.0003	0.101077
700000.0003	-0.118757
700000.0003	-0.611424
700000.0003	-0.408486
700000.0003	-0.305806
700000.0003	0.0137787
700000.0003	0.843395
700000.0003	1.28799
700000.0003	2.52024
700000.0003	0.433634
700000.0003	0.222139
700000.0003	0.0478503
700000.0003	-0.383753
700000.0003	0.451972
700000.0003	0.160274
700000.0003	-0.0553911
700000.0003	1.23364
700000.0003	0.365108
700000.0003	-2.07281
700000.0003	3.61817
700000.0003	-3.61597
700000.0003	1.94241
700000.0003	1.5061
700000.0003	-2.80053
700000.0003	-1.56049
700000.0003	0.954429
700000.0003	0.337372
700000.0003	-1.38394
700000.0003	-1.13136
700000.0003	2.16209
700000.0003	-2.24259
700000.0003	0.0548315
700000.0003	6.60856
700000.0003	2.69873
700000.0003	4.09983
700000.0003	1.20216
700000.0003	-0.686419
700000.0003	6.73104
700000.0003	-0.896059
700000.0003	2.92972
700000.0003	-3.34905
700000.0003	2.7151
700000.0003	10.854
700000.0003	3.96967
700000.0003	-8.7736
700000.0003	2.0249
700000.0003	0.701478
700000.0003	3.11744
700000.0003	-2.11488
700000.0003	3.92785
700000.0003	-0.402425
700000.0003	5.66728
700000.0003	-0.518752
700000.0003	-4.49914
700000.0003	-5.41639
700000.0003	-3.93655
700000.0003	1.15444
700000.0003	-4.22578
700000.0003	3.20025
700000.0003	-0.320876
700000.0003	9.45896
700000.0003	0.770984
700000.0003	3.84694
700000.0003	-3.98183
700000.0003	-5.29732
700000.0003	0.452984
700000.0003	-2.23197
700000.0003	3.59761
700000.0003	-0.121689
700000.0003	-1.90242
700000.0003	0.284473
700000.0003	-2.23723
700000.0003	-4.00306
700000.0003	2.6888
700000.0003	-1.26892
700000.0003	1.03262
700000.0003	3.45002
700000.0003	0.67736
700000.0003	-8.05726
700000.0003	-6.01566
700000.0003	-4.77349
700000.0003	-2.07166
700000.0003	-2.15097
700000.0003	-0.154162
700000.0003	-5.57904
700000.0003	1.15965
700000.0003	-1.21661
700000.0003	3.06237
700000.0003	6.2067
700000.0003	-0.749787
700000.0003	-2.1928
700000.0003	-2.60894
700000.0003	3.90019
700000.0003	-2.05259
700000.0003	2.1773
700000.0003	1.43639
700000.0003	1.68552
700000.0003	-0.364448
700000.0003	-3.95991
700000.0003	-7.98924
700000.0003	2.39645
700000.0003	-5.11953
700000.0003	-0.0136592
700000.0003	1.48186
700000.0003	-2.60451
700000.0003	2.66171
700000.0003	-0.947021
700000.0003	-6.64074
700000.0003	1.81508
700000.0003	-0.404033
700000.0003	4.83442
700000.0003	-3.07519
700000.0003	-0.944193
700000.0003	0.402962
700000.0003	1.15929
700000.0003	1.28337
700000.0003	2.39263
700000.0003	0.661568
700000.0003	-0.306555
700000.0003	0.0403044
700000.0003	-1.12695
700000.0003	0.346858
700000.0003	-2.34293
700000.0003	-1.97951
700000.0003	-1.24425
700000.0003	0.69
700000.0003	0.201002
700000.0003	0.502735
700000.0003	0.72243
700000.0003	-0.170296
700000.0003	-0.37834
700000.0003	-0.380754
700000.0003	-0.0547267
700000.0003	0.715165
700000.0003	0.924178
700000.0003	0.00467743
700000.0003	0.280513
700000.0003	0.0803584
700000.0003	0.0109114
700000.0003	-0.626371
700000.0003	-0.311384
700000.0003	-0.509778
700000.0003	-0.13126
700000.0003	-0.0586046
700000.0003	-0.0386399
700000.0003	0.122243
700000.0003	0.496777
700000.0003	0.0955462
700000.0003	-0.0999294
700000.0003	0.00255174
700000.0003	0.0145003
700000.0003	-0.0351797
700000.0003	-0.0897377
700000.0003	-0.0869597
700000.0003	0.000436822
700000.0003	0.0149255
700000.0003	0.0292843
700000.0003	0.0279925
700000.0003	-0.00246771
700000.0003	0
700000.0003	0
700000.0003	0
700000.0003	0
700000.0003	0
700000.0003	0
700000.0003	0
700000.0003	0
700000.0003	0
700000.0003	0
700000.0003	0
700000.0003	0
700000.0003	0
700000.0003	0
700000.0003	0
700000.0003	0
700000.0003	0
700000.0003	0
700000.0003	0
700000.0003	0
700000.0003	0
700000.0003	0
700000.0003	0
700000.0003	0
700000.0003	0
700000.0003	0
700000.0003	0
700000.0003	0
700000.0003	0
700000.0003	0
700000.0003	0
700000.0003	0
700000.0003	0
700000.0003	0
700000.0003	0
700000.0003	0
700000.0003	0
700000.0003	0
700000.0003	0
700000.0003	0
700000.0003	0
700000.0003	0
700000.0003	0
700000.0003	0
700000.0003	0
700000.0003	0
700000.0003	0
700000.0003	0
700000.0003	0
700000.0003	0
700000.0003	0
700000.0003	0
700000.0003	0
700000.0003	0
700000.0003	0
700000.0003	0
700000.0003	0
700000.0003	0
700000.0003	0
700000.0003	0
700000.0003	0
700000.0003	0
700000.0003	0
700000.0003	0
700000.0003	0
700000.0003	0
700000.0003	0
700000.0003	0
700000.0003	0
700000.0003	0
700000.0003	0
700000.0003	0
700000.0003	0
700000.0003	0
700000.0003	0
700000.0003	0
700000.0003	0
700000.0003	0
700000.0003	0
700000.0003	0
700000.0003	0
700000.0003	0
700000.0003	0
700000.0003	0
700000.0003	0
700000.0003	0
700000.0003	0
700000.0003	0
700000.0003	0
700000.0003	0
700000.0003	0
700000.0003	0
700000.0003	0
700000.0003	0
700000.0003	0
700000.0003	0
700000.0003	0
700000.0003	0
700000.0003	0
700000.0003	0
