700000.0003	62.4877
700000.0003	113.862
700000.0003	192.889
700000.0003	314.566
700000.0003	481.056
700000.0003	698.21
700000.0003	962.054
700000.0003	1259.19
700000.0003	1590.52
700000.0003	1969.35
700000.0003	2390.9
700000.0003	2856.25
700000.0003	3301.07
700000.0003	3643.12
700000.0003	3804.67
700000.0003	3731.27
700000.0003	3453.34
700000.0003	3052.71
700000.0003	2593.01
700000.0003	2137.79
700000.0003	1729.87
700000.0003	1360.08
700000.0003	1061.03
700000.0003	808.7
700000.0003	612.635
700000.0003	461.134
700000.0003	348.311
700000.0003	261.593
700000.0003	199.388
700000.0003	152.404
700000.0003	118.435
700000.0003	89.0578
700000.0003	69.1763
700000.0003	56.1898
700000.0003	44.2183
700000.0003	35.7015
700000.0003	25.585
700000.0003	21.4635
700000.0003	19.2725
700000.0003	15.155
700000.0003	11.1867
700000.0003	9.02011
700000.0003	9.81453
700000.0003	6.78739
700000.0003	6.47127
700000.0003	3.87638
700000.0003	2.63771
700000.0003	3.83959
700000.0003	4.38308
700000.0003	3.30712
700000.0003	3.38292
700000.0003	3.04595
700000.0003	2.01329
700000.0003	3.09977
700000.0003	4.35834
700000.0003	2.74081
700000.0003	2.66368
700000.0003	2.4815
700000.0003	1.9804
700000.0003	2.53139
700000.0003	1.20693
700000.0003	0.779686
700000.0003	1.50605
700000.0003	1.9906
700000.0003	3.03705
700000.0003	2.47442
700000.0003	0.366184
700000.0003	1.20728
700000.0003	1.71291
700000.0003	0.26746
700000.0003	0.870256
700000.0003	1.61478
700000.0003	0.695526
700000.0003	1.42714
700000.0003	-0.486057
700000.0003	1.41691
700000.0003	1.27853
700000.0003	1.16774
700000.0003	0.592238
700000.0003	1.67792
700000.0003	1.34427
700000.0003	0.504317
700000.0003	-0.153185
700000.0003	-0.286853
700000.0003	0.696658
700000.0003	0.554098
700000.0003	0.909786
700000.0003	0.910509
700000.0003	1.02206
700000.0003	0.181106
700000.0003	0.824611
700000.0003	-0.789564
700000.0003	-0.656402
700000.0003	0.0876724
700000.0003	1.18275
700000.0003	0.458854
700000.0003	0.873559
700000.0003	-0.194947
700000.0003	1.03887
700000.0003	0.709823
700000.0003	0.50572
700000.0003	0.23679
700000.0003	0.239194
700000.0003	1.05882
700000.0003	0.376384
700000.0003	-0.636392
700000.0003	-1.38494
700000.0003	0.0788533
700000.0003	-0.415806
700000.0003	1.49756
700000.0003	0.599177
700000.0003	0.00473296
700000.0003	0.191542
700000.0003	0.864214
700000.0003	-0.0365716
700000.0003	0.251939
700000.0003	-0.581352
700000.0003	-0.622118
700000.0003	-0.602866
700000.0003	0.185826
700000.0003	0.64294
700000.0003	1.15424
700000.0003	-0.3488
700000.0003	0.796671
700000.0003	0.267644
700000.0003	0.163161
700000.0003	0.444125
700000.0003	-0.313135
700000.0003	0.882762
700000.0003	1.15274
700000.0003	-0.487527
700000.0003	0.564305
700000.0003	0.717137
700000.0003	0.687399
700000.0003	-0.634002
700000.0003	-0.490327
700000.0003	0.13173
700000.0003	-0.234159
700000.0003	-0.874737
700000.0003	0.129866
700000.0003	0.282797
700000.0003	-0.282226
700000.0003	-0.410178
700000.0003	-0.573395
700000.0003	-0.233225
700000.0003	-0.473384
700000.0003	-0.237427
700000.0003	-1.42969
700000.0003	-2.03889
700000.0003	-0.46233
700000.0003	-1.50274
700000.0003	-1.04829
700000.0003	-0.326929
700000.0003	-1.55136
700000.0003	-0.854519
700000.0003	-2.85817
700000.0003	-1.48405
700000.0003	-3.03887
700000.0003	-2.71924
700000.0003	-0.74507
700000.0003	-1.27639
700000.0003	-2.63031
700000.0003	-2.05364
700000.0003	-2.09763
700000.0003	-0.87349
700000.0003	-1.61118
700000.0003	-2.38328
700000.0003	-1.55256
700000.0003	-2.09877
700000.0003	-3.08866
700000.0003	-2.30662
700000.0003	-3.15122
700000.0003	-3.0546
700000.0003	-3.01821
700000.0003	-3.56325
700000.0003	-3.05163
700000.0003	-3.00716
700000.0003	-4.31545
700000.0003	-3.58613
700000.0003	-3.45306
700000.0003	-4.8172
700000.0003	-4.19548
700000.0003	-4.64175
700000.0003	-3.57632
700000.0003	-3.56083
700000.0003	-5.78833
700000.0003	-5.97992
700000.0003	-6.11696
700000.0003	-6.01847
700000.0003	-6.94069
700000.0003	-7.59393
700000.0003	-6.5691
700000.0003	-7.23269
700000.0003	-7.14837
700000.0003	-8.20798
700000.0003	-6.91835
700000.0003	-8.54836
700000.0003	-8.37254
700000.0003	-9.4127
700000.0003	-9.22039
700000.0003	-9.53742
700000.0003	-10.3004
700000.0003	-10.37
700000.0003	-11.3053
700000.0003	-12.5142
700000.0003	-13.2822
700000.0003	-13.4919
700000.0003	-12.7644
700000.0003	-16.5285
700000.0003	-16.4586
700000.0003	-18.2419
700000.0003	-17.6151
700000.0003	-18.3673
700000.0003	-20.0496
700000.0003	-22.3112
700000.0003	-23.9129
700000.0003	-24.3545
700000.0003	-26.2695
700000.0003	-30.2119
700000.0003	-32.5237
700000.0003	-35.8022
700000.0003	-39.6642
700000.0003	-43.1761
700000.0003	-48.0352
700000.0003	-54.0029
700000.0003	-59.8122
700000.0003	-67.0839
700000.0003	-78.0444
700000.0003	-89
700000.0003	-101.501
700000.0003	-116.011
700000.0003	-135.824
700000.0003	-154.02
700000.0003	-180.871
700000.0003	-211.063
700000.0003	-248.741
700000.0003	-288.354
700000.0003	-336.658
700000.0003	-392.545
700000.0003	-451.203
700000.0003	-524.143
700000.0003	-602.184
700000.0003	-681.612
700000.0003	-777.214
700000.0003	-864.643
700000.0003	-966.862
700000.0003	-1064.82
700000.0003	-1160.18
700000.0003	-1249.11
700000.0003	-1328.5
700000.0003	-1395.76
700000.0003	-1453.4
700000.0003	-1491.31
700000.0003	-1511.03
700000.0003	-1511.55
700000.0003	-1496.82
700000.0003	-1474.55
700000.0003	-1435.13
700000.0003	-1387.09
700000.0003	-1327.97
700000.0003	-1268.58
700000.0003	-1208.15
700000.0003	-1142.07
700000.0003	-1072.09
700000.0003	-1007.79
700000.0003	-935.522
700000.0003	-867.252
700000.0003	-802.227
700000.0003	-735.254
700000.0003	-670.802
700000.0003	-612.354
700000.0003	-550.35
700000.0003	-497.577
700000.0003	-443.459
700000.0003	-394.505
700000.0003	-348.78
700000.0003	-307.834
700000.0003	-266.812
700000.0003	-233.543
700000.0003	-204.922
700000.0003	-177.925
700000.0003	-155.656
700000.0003	-135.664
700000.0003	-119.261
700000.0003	-106.501
700000.0003	-94.3052
700000.0003	-84.6056
700000.0003	-77.6559
700000.0003	-70.957
700000.0003	-64.5319
700000.0003	-60.323
700000.0003	-57.5719
700000.0003	-54.4043
700000.0003	-51.734
700000.0003	-50.2079
700000.0003	-47.8372
700000.0003	-45.6078
700000.0003	-45.0806
700000.0003	-44.565
700000.0003	-43.3317
700000.0003	-42.8113
700000.0003	-42.4576
700000.0003	-42.8488
700000.0003	-42.0134
700000.0003	-41.8788
700000.0003	-42.427
700000.0003	-41.5045
700000.0003	-41.5428
700000.0003	-41.424
700000.0003	-41.6832
700000.0003	-40.7007
700000.0003	-40.714
700000.0003	-40.1003
700000.0003	-40.0049
700000.0003	-40.9031
700000.0003	-41.1979
700000.0003	-40.6241
700000.0003	-40.4968
700000.0003	-39.7169
700000.0003	-41.5179
700000.0003	-41.2047
700000.0003	-41.4569
700000.0003	-40.6474
700000.0003	-40.6792
700000.0003	-41.1484
700000.0003	-40.5805
700000.0003	-39.2809
700000.0003	-40.738
700000.0003	-41.0459
700000.0003	-40.4976
700000.0003	-39.8713
700000.0003	-39.4902
700000.0003	-40.7796
700000.0003	-40.567
700000.0003	-39.2282
700000.0003	-40.0731
700000.0003	-39.427
700000.0003	-40.6013
700000.0003	-40.1912
700000.0003	-41.0902
700000.0003	-40.2567
700000.0003	-40.6474
700000.0003	-40.4194
700000.0003	-39.7079
700000.0003	-40.4365
700000.0003	-40.0243
700000.0003	-41.0833
700000.0003	-39.9871
700000.0003	-39.7595
700000.0003	-39.6721
700000.0003	-40.2452
700000.0003	-40.6668
700000.0003	-40.025
700000.0003	-39.8705
700000.0003	-39.2405
700000.0003	-40.0271
700000.0003	-39.4654
700000.0003	-39.7748
700000.0003	-39.7813
700000.0003	-39.5956
700000.0003	-41.0476
700000.0003	-40.1061
700000.0003	-39.7436
700000.0003	-38.6846
700000.0003	-39.5309
700000.0003	-39.4501
700000.0003	-38.2181
700000.0003	-38.9053
700000.0003	-38.9984
700000.0003	-39.3413
700000.0003	-38.9846
700000.0003	-38.7897
700000.0003	-39.6812
700000.0003	-39.426
700000.0003	-38.0554
700000.0003	-38.8025
700000.0003	-38.2409
700000.0003	-38.5683
700000.0003	-38.3829
700000.0003	-39.0381
700000.0003	-37.7023
700000.0003	-37.1829
700000.0003	-37.2146
700000.0003	-36.948
700000.0003	-36.7774
700000.0003	-35.6237
700000.0003	-34.5109
700000.0003	-35.1805
700000.0003	-33.3021
700000.0003	-32.7098
700000.0003	-30.8341
700000.0003	-29.9055
700000.0003	-26.9854
700000.0003	-23.0431
700000.0003	-19.9206
700000.0003	-14.5276
700000.0003	-6.71885
700000.0003	3.776
700000.0003	17.1641
700000.0003	36.7977
700000.0003	-0.221406
700000.0003	0.300771
700000.0003	0.708241
700000.0003	2.12031
700000.0003	0.142368
700000.0003	-2.74394
700000.0003	2.67855
700000.0003	-1.80549
700000.0003	0.965308
700000.0003	-1.1635
700000.0003	-2.16404
700000.0003	-2.32018
700000.0003	0.29454
700000.0003	2.16032
700000.0003	3.0536
700000.0003	1.86747
700000.0003	0.876969
700000.0003	1.75778
700000.0003	-0.631376
700000.0003	2.00987
700000.0003	-5.91922
700000.0003	2.88294
700000.0003	0.544259
700000.0003	-3.20542
700000.0003	-0.44689
700000.0003	0.515997
700000.0003	0.546833
700000.0003	1.69793
700000.0003	1.37882
700000.0003	-2.46305
700000.0003	0.122608
700000.0003	-0.254611
700000.0003	0.565858
700000.0003	-0.198353
700000.0003	1.34767
700000.0003	0.570353
700000.0003	-0.655023
700000.0003	-0.685142
700000.0003	-0.367615
700000.0003	0.43303
700000.0003	0.673224
700000.0003	-0.7373
700000.0003	0.352264
700000.0003	-0.440421
700000.0003	0.585959
700000.0003	0.441108
700000.0003	0.614558
700000.0003	-0.903853
700000.0003	-1.08512
700000.0003	0.896967
700000.0003	0.210522
700000.0003	-0.0738351
700000.0003	-0.29139
700000.0003	-0.867565
700000.0003	0.408517
700000.0003	-0.216023
700000.0003	0.205441
700000.0003	0.235198
700000.0003	0.232385
700000.0003	-0.154909
700000.0003	0.362269
700000.0003	-0.0702391
700000.0003	0.236031
700000.0003	-0.35768
700000.0003	0.611921
700000.0003	0.768023
700000.0003	-0.592092
700000.0003	0.75974
700000.0003	-1.1306
700000.0003	0.167933
700000.0003	-0.936487
700000.0003	0.0060241
700000.0003	0.404286
700000.0003	0.454708
700000.0003	-0.0155645
700000.0003	0.104616
700000.0003	0.0218791
700000.0003	0.446258
700000.0003	-0.438071
700000.0003	-0.0583163
700000.0003	-0.470094
700000.0003	-0.360026
700000.0003	-0.531157
700000.0003	0.677859
700000.0003	0.251013
700000.0003	-0.352093
700000.0003	0.304728
700000.0003	-0.400814
700000.0003	-0.659149
700000.0003	0.0331627
700000.0003	-0.34009
700000.0003	0.0473705
700000.0003	0.644974
700000.0003	0.456063
700000.0003	-0.304819
700000.0003	0.0328294
700000.0003	-0.362838
700000.0003	-0.0945778
700000.0003	-0.342292
700000.0003	0.487386
700000.0003	-0.58084
700000.0003	1.50792
700000.0003	0.503288
700000.0003	0.0421911
700000.0003	-0.481157
700000.0003	0.0685444
700000.0003	-0.262891
700000.0003	0.264906
700000.0003	-0.412956
700000.0003	0.61383
700000.0003	-0.360224
700000.0003	0.368111
700000.0003	-0.38217
700000.0003	0.396482
700000.0003	0.994485
700000.0003	-0.933936
700000.0003	-0.0203137
700000.0003	0.868002
700000.0003	-0.944804
700000.0003	0.669666
700000.0003	-0.384747
700000.0003	-0.0725856
700000.0003	0.903468
700000.0003	-0.289484
700000.0003	-0.876413
700000.0003	-0.389469
700000.0003	-0.0926204
700000.0003	0.0798707
700000.0003	-0.870984
700000.0003	0.636457
700000.0003	0.814086
700000.0003	-0.0844461
700000.0003	0.844801
700000.0003	-0.298142
700000.0003	-0.746875
700000.0003	-0.703985
700000.0003	0.28335
700000.0003	-0.359006
700000.0003	-0.0422205
700000.0003	0.339468
700000.0003	0.260432
700000.0003	0.990081
700000.0003	0.802717
700000.0003	0.135356
700000.0003	-0.725541
700000.0003	0.0374191
700000.0003	-0.182947
700000.0003	0.360123
700000.0003	0.24834
700000.0003	-1.04603
700000.0003	-0.336413
700000.0003	-0.442068
700000.0003	0.502853
700000.0003	-1.2709
700000.0003	-0.558841
700000.0003	0.520669
700000.0003	0.488931
700000.0003	0.394254
700000.0003	0.328428
700000.0003	0.0983623
700000.0003	-0.0237444
700000.0003	-0.472928
700000.0003	-0.578859
700000.0003	-0.31918
700000.0003	-0.360571
700000.0003	0.995457
700000.0003	0.688292
700000.0003	0.264874
700000.0003	-0.29819
700000.0003	-0.626078
700000.0003	-0.481537
700000.0003	0.826469
700000.0003	-0.236474
700000.0003	-0.0758768
700000.0003	-0.132122
700000.0003	0.559599
700000.0003	-0.758335
700000.0003	0.0392624
700000.0003	0.361745
700000.0003	0.484294
700000.0003	0.177018
700000.0003	-0.221336
700000.0003	-0.216593
700000.0003	-0.519889
700000.0003	-0.145308
700000.0003	1.32585
700000.0003	-0.652064
700000.0003	-0.752149
700000.0003	0.543291
700000.0003	0.108477
700000.0003	0.35929
700000.0003	-0.301375
700000.0003	0.543474
700000.0003	0.604234
700000.0003	-0.283182
700000.0003	0.519063
700000.0003	0.671823
700000.0003	-0.831911
700000.0003	-1.54649
700000.0003	-0.382625
700000.0003	0.322448
700000.0003	0.308013
700000.0003	-0.125257
700000.0003	-0.380019
700000.0003	1.1454
700000.0003	-0.226639
700000.0003	0.5073
700000.0003	-0.718632
700000.0003	0.372503
700000.0003	-1.17948
700000.0003	-0.538573
700000.0003	-0.489913
700000.0003	-0.167369
700000.0003	-0.217645
700000.0003	0.646348
700000.0003	1.0519
700000.0003	0.383461
700000.0003	0.106613
700000.0003	0.113242
700000.0003	0.0905573
700000.0003	-0.452598
700000.0003	0.508901
700000.0003	0.294641
700000.0003	-0.446766
700000.0003	0.011156
700000.0003	1.35574
700000.0003	0.301079
700000.0003	-1.59712
700000.0003	1.00642
700000.0003	0.472961
700000.0003	0.379252
700000.0003	-0.537421
700000.0003	-0.676927
700000.0003	-0.763116
700000.0003	0.0497016
700000.0003	-0.0251441
700000.0003	-0.912249
700000.0003	-0.182944
700000.0003	2.39983
700000.0003	-0.0490952
700000.0003	-0.206048
700000.0003	-2.85962
700000.0003	-0.267463
700000.0003	3.89964
700000.0003	-0.00135167
700000.0003	-0.675501
700000.0003	-1.22148
700000.0003	-1.44012
700000.0003	-2.32147
700000.0003	1.10802
700000.0003	0.242675
700000.0003	-0.11523
700000.0003	-0.579716
700000.0003	1.34437
700000.0003	0.694689
700000.0003	6.50387
700000.0003	1.73773
700000.0003	-0.336577
700000.0003	0.247432
700000.0003	-1.08373
700000.0003	-1.8235
700000.0003	-1.23723
700000.0003	1.08739
700000.0003	-2.89012
700000.0003	0.58969
700000.0003	-2.89642
700000.0003	1.44853
700000.0003	1.38037
700000.0003	0.222648
700000.0003	-2.16345
700000.0003	0.265006
700000.0003	0.0629096
700000.0003	-1.15508
700000.0003	-1.28795
700000.0003	-0.57174
700000.0003	-1.95672
700000.0003	-0.418982
700000.0003	-1.09543
700000.0003	-1.39178
700000.0003	-0.204903
700000.0003	0.410272
700000.0003	-0.701538
700000.0003	1.59676
700000.0003	0.655515
700000.0003	-0.00398826
700000.0003	0.474852
700000.0003	0.0741287
700000.0003	0.591936
700000.0003	-0.637798
700000.0003	1.2641
700000.0003	-0.0958165
700000.0003	1.20933
700000.0003	-0.0481817
700000.0003	-0.856726
700000.0003	-1.09465
700000.0003	-0.181313
700000.0003	0.461517
700000.0003	-0.139565
700000.0003	-0.413442
700000.0003	0.112439
700000.0003	0.67148
700000.0003	0.284605
700000.0003	-0.50801
700000.0003	-0.237053
700000.0003	-0.0181821
700000.0003	-0.454952
700000.0003	-0.506677
700000.0003	-0.0224348
700000.0003	-0.0435864
700000.0003	0.0465838
700000.0003	-0.204667
700000.0003	-0.302219
700000.0003	0.49018
700000.0003	0.126988
700000.0003	0.0453463
700000.0003	0.277383
700000.0003	-0.422169
700000.0003	0.344961
700000.0003	-0.590301
700000.0003	-0.20389
700000.0003	-0.275932
700000.0003	0.0698494
700000.0003	-0.0697842
700000.0003	-0.234535
700000.0003	0.920579
700000.0003	-0.0310362
700000.0003	0.44558
700000.0003	-0.179459
700000.0003	-0.32317
700000.0003	0.257394
700000.0003	-0.217623
700000.0003	-0.16906
700000.0003	0.303979
700000.0003	0.236377
700000.0003	0.666314
700000.0003	-0.194719
700000.0003	-0.632448
700000.0003	-0.298902
700000.0003	-0.470225
700000.0003	-1.34953
700000.0003	-0.76485
700000.0003	0.243164
700000.0003	-0.0544435
700000.0003	-1.03265
700000.0003	0.264415
700000.0003	0.0185645
700000.0003	-0.434978
700000.0003	-0.615723
700000.0003	0.409042
700000.0003	0.783525
700000.0003	-0.189736
700000.0003	0.506138
700000.0003	0.537396
700000.0003	0.241439
700000.0003	0.651461
700000.0003	0.0468658
700000.0003	0.640543
700000.0003	-0.117896
700000.0003	-0.224591
700000.0003	-0.0893595
700000.0003	-0.0769146
700000.0003	0.464184
700000.0003	0.68907
700000.0003	-0.541963
700000.0003	0.263296
700000.0003	0.193174
700000.0003	0.643218
700000.0003	0.82902
700000.0003	0.0591851
700000.0003	0.273857
700000.0003	0.000746846
700000.0003	-0.728229
700000.0003	0.0947982
700000.0003	0.521117
700000.0003	-0.407091
700000.0003	0.031764
700000.0003	0.0629638
700000.0003	0.789965
700000.0003	0.136442
700000.0003	-0.193456
700000.0003	0.44369
700000.0003	0.781701
700000.0003	0.00546127
700000.0003	-0.167934
700000.0003	-0.582631
700000.0003	-0.0645823
700000.0003	-0.424604
700000.0003	0.180365
700000.0003	0.109929
700000.0003	0.040974
700000.0003	-0.483834
700000.0003	0.0841078
700000.0003	-0.588153
700000.0003	-0.692316
700000.0003	-1.13557
700000.0003	0.468573
700000.0003	0.263974
700000.0003	1.14288
700000.0003	-0.268002
700000.0003	0.369145
