700000.0003	2958.16	2959.32	2960	2961.41	2955.3	2957.84	2960.42	2962.24	2960.55	2958.12	2962.67	2959.43	2958.66	2959.97	2957.37
700000.0003	1531.29	1534.57	1532.32	1536.23	1531.58	1532.13	1535.18	1534.2	1533.47	1534.72	1533.39	1535.27	1533.6	1534.87	1532.53
700000.0003	194.326	192.954	194.753	194.624	194.281	193.73	193.368	194.129	193.104	193.524	193.621	193.279	194.784	194.356	193.583
700000.0003	32.5055	31.5441	32.3775	32.3385	31.8032	31.9828	31.6915	32.1708	31.9456	31.8753	32.7405	32.3056	32.6778	32.2658	32.2488
700000.0003	19.4345	18.8525	19.1863	19.4521	19.3058	19.3944	19.2739	19.9099	19.6938	19.4304	19.3095	19.1527	19.1371	19.703	19.1252
700000.0003	16.394	17.0968	16.2078	16.5684	16.7103	16.1894	16.3206	16.7469	16.7954	16.2474	16.9058	16.7711	16.456	16.8157	16.557
700000.0003	15.0968	15.5449	15.3652	14.9823	15.2417	15.1133	15.5835	15.5793	15.5528	15.4961	15.148	15.2145	15.3825	15.494	15.7034
700000.0003	14.4159	14.6978	14.563	14.6266	14.7444	14.366	14.5256	14.8628	14.6145	14.7731	14.6904	14.7134	14.4089	14.7833	14.4376
700000.0003	14.2426	14.0004	14.2345	14.1993	13.7525	14.0012	13.717	14.0919	13.7221	14.1431	14.1518	14.3571	14.1528	14.066	13.8991
700000.0003	13.7452	13.6819	13.3314	13.1976	13.6156	13.5427	13.6285	13.7818	13.7277	13.4233	13.6307	13.6342	13.6367	14.0414	13.5699
700000.0003	13.3395	13.6315	13.3185	13.3363	13.1076	13.2619	13.5846	13.88	14.0293	13.3886	13.7263	13.4199	13.804	13.298	13.4418
700000.0003	13.3653	13.3704	13.1657	13.3307	13.1292	13.5408	13.6707	13.4766	13.5955	13.3388	13.5879	13.173	13.1493	13.3048	13.3804
700000.0003	13.3458	13.3404	13.6925	12.9243	13.3655	13.0591	13.5176	13.7171	13.5338	13.3808	13.5221	13.361	13.361	13.3545	13.1021
700000.0003	13.548	13.3723	13.383	13.0846	13.2589	13.2966	13.2342	13.2361	13.1069	13.162	13.3841	13.0941	13.1299	13.3856	13.5854
700000.0003	13.3456	12.8555	13.2309	13.4982	13.5351	13.5644	13.5102	13.9362	13.2883	13.4797	13.2725	13.4394	13.6224	13.4329	13.295
700000.0003	14.0755	13.8637	13.867	13.9528	14.2459	14.4698	14.0699	14.1325	14.0696	14.1087	14.0188	13.7664	14.083	14.2697	13.9874
700000.0003	15.1928	14.9154	15.0868	15.1211	15.4012	15.2647	15.0168	14.8812	15.1657	15.3062	15.5556	15.0288	14.974	15.0676	15.095
700000.0003	16.7432	17.1163	17.2889	17.7664	16.8039	16.6953	17.1201	16.7558	17.0891	17.2629	17.1813	17.0407	17.1376	16.9699	17.036
700000.0003	19.7462	19.9644	19.6269	20.4093	19.6887	19.348	19.8168	19.9507	19.9898	19.7326	19.3201	19.5477	19.8672	19.6538	19.696
700000.0003	24.4126	23.8702	24.0776	24.4065	24.8779	23.8615	23.7152	24.024	24.2719	24.3298	24.3506	24.0395	24.1637	24.0082	23.7842
700000.0003	30.5097	30.7246	30.3199	30.67	30.8075	30.4434	30.2198	30.445	30.8991	30.2243	30.5971	30.631	30.4042	31.2162	30.9505
700000.0003	42.1962	42.2772	41.5023	42.2123	41.5917	42.1138	41.7301	42.0157	41.7832	42.2491	42.0706	42.1425	41.9198	42.3907	42.2468
700000.0003	67.5442	67.8014	67.6438	67.6354	67.4203	67.2038	67.4667	67.6789	68.069	67.6056	67.69	67.6596	67.3933	67.914	66.8877
700000.0003	155.556	155.495	156.009	156.13	154.594	155.621	156.24	155.769	155.418	156.152	156.412	155.795	155.875	155.275	154.64
700000.0003	516.637	515.656	516.784	514.768	516.509	516.739	516.563	517.035	514.729	515.393	518.077	514.638	515.834	516.933	514.705
700000.0003	1362.57	1365.14	1363.17	1364.38	1364.28	1362.28	1364.27	1363.22	1362.23	1361.55	1362.46	1360.06	1361.71	1359.09	1360.86
700000.0003	2200.49	2204.08	2205.31	2204.6	2201.51	2204.11	2204.18	2204.82	2202.13	2203.23	2200.95	2202.91	2200.52	2200.46	2200.42
700000.0003	2640.73	2645.13	2646.07	2644.47	2644.4	2644.53	2644.29	2644.2	2644.46	2639.4	2641.93	2642.49	2638.78	2640.26	2641.45
700000.0003	2784.73	2791.53	2793.96	2790.43	2790.27	2790.88	2790.37	2792.69	2789.12	2786.85	2789.66	2785.3	2786.25	2787.49	2788.63
700000.0003	2831.47	2834.87	2843.1	2840.17	2837.05	2834.82	2839.34	2837.8	2838.93	2835.54	2834.54	2831.82	2835.29	2837.22	2836.33
700000.0003	2864.04	2865.73	2868.94	2866.32	2867.71	2869.11	2867.61	2866.72	2864.63	2868.45	2868.67	2861.7	2861.5	2865.09	2866.48
700000.0003	2887.08	2893.04	2897.8	2895.98	2893.84	2894.25	2895.54	2892.53	2896.33	2895.63	2892.97	2886.45	2891.47	2897.37	2895.88
700000.0003	2919.54	2922.65	2922.8	2919.15	2918.15	2923.79	2924.49	2919.68	2919.21	2923.52	2921.85	2918.41	2918.11	2920.98	2920.41
700000.0003	2947.56	2947.88	2947.62	2947.2	2948.89	2948.42	2946.09	2949.17	2950.47	2948.35	2947.54	2944.25	2946.54	2949.11	2946.43
700000.0003	2974.89	2975.18	2975.42	2973.02	2973.51	2976.8	2975.73	2974.16	2975.6	2973.95	2975.67	2973.25	2974.78	2972.56	2974.5
700000.0003	3001.26	3002.61	3000.96	3001.31	2998.98	3000.23	3000.57	3003.85	3001.5	3002.33	2999.71	3003.02	3000.87	2999.23	3000.77
700000.0003	3026.7	3026.31	3027.86	3030.21	3024.24	3027.24	3027.52	3030.08	3026.58	3027.92	3027.8	3029.01	3024.52	3028.97	3028.29
700000.0003	3054.03	3054	3055.07	3054.56	3052.11	3052.21	3053.72	3054.73	3052.83	3052.94	3054.69	3054.96	3053.01	3051.61	3052.98
700000.0003	3079.52	3077.01	3079.5	3080.11	3078.82	3076.79	3076.81	3078.83	3082.01	3079.11	3078.76	3077.77	3076.7	3080.91	3076.29
700000.0003	3095.69	3098.68	3096.34	3096.75	3095.53	3096.01	3096.26	3098.26	3098.7	3097.77	3099.96	3097.02	3095.82	3096.62	3096.74
700000.0003	-1.67032	0.334952	0.86621	1.60597	-0.714414	1.39022	0.833258	0.434391	0.539378	0.296956	-1.00988	0.0920492	-1.15455	-0.462514	0.327284
700000.0003	1.4018	-0.961001	0.583663	-0.125788	0.72	0.692035	-0.219994	0.121	-0.754636	0.0223544	-1.15184	0.436961	0.631537	-0.739292	-0.0457115
700000.0003	0.0270336	0.391761	-0.305825	-0.479487	0.311088	-0.30484	0.294267	-0.601918	0.022384	0.146989	0.19439	-0.0784683	0.030762	0.37206	-0.0858724
700000.0003	0.00201073	-0.131961	0.245521	0.0707024	-0.173443	-0.0983762	0.186014	0.261486	0.211137	0.0987723	-0.0284895	0.1478	0.208763	0.258001	-0.155422
700000.0003	0.09869	-0.00965022	-0.127189	-0.39248	-0.121431	0.101932	0.210401	-0.144619	0.18494	-0.0449784	0.0960025	0.11863	0.163749	0.109529	0.274036
700000.0003	-0.0990523	-0.0889637	0.135993	0.123914	0.109162	-0.0821721	-0.223849	0.0871035	0.0177506	0.0256722	-0.0859812	0.110681	0.0318708	0.170893	0.0324855
700000.0003	-0.0540539	0.239257	0.0368715	-0.00264404	-0.0773362	0.0719505	0.0217596	-0.0757243	0.00472855	-0.169935	0.188086	0.311225	0.18225	0.116561	-0.0223996
700000.0003	-0.00128609	-0.0412712	-0.0730033	-0.243293	0.198597	0.0090277	0.0553424	-0.129085	-0.0419502	0.0457409	0.151054	-0.055249	0.058091	0.0548486	0.0391573
700000.0003	-0.0340284	-0.10641	0.0725729	0.0999346	-0.0616879	-0.114423	-0.191674	-0.104827	-0.190367	0.103789	0.189161	-0.208497	0.230326	-0.0460157	-0.0592715
700000.0003	0.173639	0.0854229	-0.0278446	-0.0096048	0.166115	-0.00388384	-0.167866	-0.011932	0.167319	-0.0676588	-0.0308996	-0.240077	0.016069	-0.189919	0.0336821
700000.0003	-0.250256	-0.0565972	-0.0498731	0.000202183	-0.18551	0.129796	-0.0518087	0.108926	-0.123686	-0.054475	-0.12344	-0.00789245	0.169303	0.13045	-0.0399525
700000.0003	-0.126842	-0.0247091	-0.0243444	0.0532357	-0.0402073	0.167338	-0.0110938	0.0586439	0.0906927	-0.0243439	0.0782343	0.00898745	-0.140501	-0.121994	-0.0279347
700000.0003	0.0354474	0.172063	0.0284001	-0.00765385	0.0991422	-0.0137147	0.0791576	-0.0901956	0.0884491	-0.0227657	0.198102	-0.0486898	0.191905	-0.0147303	0.0501717
700000.0003	-0.0495889	0.103965	-0.0443808	0.1925	-0.218977	-0.119829	0.00992441	-0.112568	-0.111996	-0.0826452	-0.000909301	0.0519803	-0.162915	-0.197446	0.186705
700000.0003	0.077945	-0.018349	-0.168838	-0.0125545	0.132299	0.170216	0.0861665	0.0672516	0.0970888	0.0681498	0.0122381	0.0412925	-0.0807298	-0.0639925	0.135322
700000.0003	0.0925287	-0.135977	0.0483858	0.00133173	-0.0379043	-0.148414	-0.108178	-0.114208	0.0800522	0.0821897	0.0949425	0.0218394	-0.0486364	0.021906	0.0767794
700000.0003	-0.299334	0.263357	-0.0481631	0.0983997	0.0491444	0.056909	-0.0305381	-0.0869916	-0.0444407	-0.0276311	0.169598	0.044971	0.0377265	-0.0131589	-0.0194478
700000.0003	-0.0105489	-0.121843	0.0471279	-0.0369074	-0.17492	-0.135047	0.0617719	-0.206691	-0.0674731	-0.065873	0.144372	-0.0385358	0.0239914	0.124893	-0.427736
700000.0003	-0.0546503	0.0342922	0.00169269	0.207198	-0.0408845	0.0892797	-0.180541	-0.358221	-0.23209	0.0500882	-0.127738	-0.258157	-0.0305789	-0.0599469	-0.0167243
700000.0003	0.13418	-0.0554902	-0.000678597	0.0445975	0.01831	-0.0499119	-0.156765	-0.0986975	0.0492011	0.162263	0.108614	0.273672	-0.0595614	-0.231566	0.0707424
700000.0003	0.0425415	-0.177558	-0.0286033	-0.0347756	-0.0777405	0.0761227	0.124428	-0.147516	-0.136546	0.0535328	-0.271848	-0.0177462	0.0190441	0.31179	-0.00774509
700000.0003	-0.0188016	0.160315	-0.188284	0.215304	0.124904	-0.135082	0.00426806	0.0947492	-0.119873	-0.302129	-0.0110677	-0.203659	0.182756	0.223408	0.0133383
700000.0003	0.21694	-0.189588	-0.0992719	0.117059	0.0764118	-0.126573	0.19351	0.0143946	0.303457	-0.338758	-0.0044593	-0.0881625	-0.09916	-0.0106881	0.127689
700000.0003	-0.115412	-0.0080738	0.195715	0.162806	-0.107241	0.400752	0.125453	0.223499	0.00836381	0.150174	0.103962	-0.0200394	-0.020086	0.0895572	0.266534
700000.0003	0.239367	0.672542	-0.134863	-0.0924863	0.247473	0.162562	0.513711	0.553783	-0.228017	-0.0899439	-0.481439	-0.261726	-0.249975	-0.409021	-0.778736
700000.0003	0.51843	0.18776	0.255175	-0.376682	0.527087	0.453018	-1.07146	-0.294103	1.14197	0.448672	0.232026	-1.21939	-0.575362	-0.690927	-0.240986
700000.0003	-0.670459	0.129188	-0.99343	0.383209	-0.266415	-0.267686	-0.323467	0.156323	-0.347866	-0.246133	0.061753	-1.31467	0.615493	0.289025	0.103362
700000.0003	0.379901	0.259332	0.531016	-0.36978	1.10172	-1.54187	0.687697	-0.756236	0.118609	0.0103577	0.114643	0.343149	-0.142911	0.497808	-0.299676
700000.0003	-0.741636	0.2647	0.971051	-0.29464	-0.608452	0.201135	-0.0602929	0.554701	-0.342916	-0.13039	-0.206029	0.224492	1.07857	-0.578727	-0.734397
700000.0003	-1.94786	-1.57247	-0.347223	1.06055	-0.0529976	0.137176	-0.601656	-0.613148	1.40325	0.920524	-0.501102	-1.29405	-0.944586	1.29828	0.348575
700000.0003	-1.01312	-1.54447	-0.168199	0.139043	-0.520288	0.0885293	-0.0580635	0.800195	0.65083	-0.106386	0.224616	0.509745	0.197232	-0.501304	-1.85996
700000.0003	-0.76547	-1.26908	-1.248	-1.0301	-0.0429061	0.140321	0.38667	-0.0124734	0.547912	0.170716	0.738119	-0.458144	-1.34941	-1.63891	0.126273
700000.0003	-0.709518	-1.27077	-1.06084	0.490451	0.37196	-0.289098	-0.41778	0.21102	0.197041	0.141991	0.0401044	0.939199	-0.698629	-1.52828	-0.885341
700000.0003	-0.577819	-1.0518	-1.45652	-1.03243	-0.515926	0.872637	-0.166575	0.382443	0.521003	1.1545	0.280178	-0.775137	-1.03493	-0.855932	-0.606266
700000.0003	-1.51811	-0.715762	0.0634594	-0.392515	-0.485897	0.715778	1.1721	-0.119831	0.374616	1.28142	0.948321	-0.26433	-0.463898	-0.421443	-0.260551
700000.0003	-0.231855	0.512675	-0.764311	-0.599109	-1.24349	-0.511777	0.134003	0.271826	0.307091	1.93918	1.04397	0.0503668	0.165379	0.14868	-0.638459
700000.0003	1.11122	-0.972045	-1.15102	-0.246878	-0.576037	-1.35144	-0.220392	0.784411	1.29772	1.07925	1.12636	0.788239	-0.419896	-0.107325	0.0729311
700000.0003	0.2251	-0.428761	0.395611	-0.363535	-0.92586	-1.2541	-0.3795	1.5575	0.857184	1.09821	-0.292959	-0.507205	0.758196	-0.626733	-0.29764
700000.0003	0.368879	-0.0234956	-0.0368619	-1.00813	0.37001	0.543512	0.665675	0.406914	0.885902	0.0474697	-0.268151	-0.931909	-0.196283	-0.0512637	0.559099
700000.0003	0.512832	0.669291	-0.204098	-0.614932	-0.429193	0.477681	0.719649	0.743675	0.184541	-0.651319	-0.485313	-0.0462074	-0.515171	-0.672119	-0.683184
700000.0003	2911.87	2910.72	2911.2	2909.38	2908.59	2910.93	2909.76	2912.62	2910.32	2910.68	2912.32	2910.43	2911.14	2907.57	2909.5
700000.0003	1604.5	1606.95	1606.86	1609.54	1606.35	1605.73	1607.43	1607	1606.27	1606.32	1604.41	1606.18	1607.67	1607.96	1608.71
700000.0003	174.628	173.185	173.657	174.223	173.849	173.715	173.182	173.685	173.313	174.556	173.687	173.808	174.07	173.62	172.627
700000.0003	28.3269	28.1368	28.9708	28.4267	28.4221	28.0322	28.0539	28.6822	27.526	27.9601	27.8622	28.3045	28.6014	28.4742	28.0236
700000.0003	18.4898	18.152	18.1466	18.0533	18.143	18.5879	18.2929	18.3497	18.3829	18.1582	17.976	18.0851	17.9026	18.7172	17.9982
700000.0003	15.9631	16.1895	15.8923	15.7368	16.1306	16.0303	16.1868	16.2756	16.3259	16.0361	16.5048	16.1837	16.0198	16.2354	15.8448
700000.0003	14.7215	15.0937	14.7819	14.8176	14.7639	14.6545	14.8675	15.0156	14.995	14.9555	14.608	15.0984	14.8604	14.9539	15.4163
700000.0003	14.3427	14.4261	14.4071	14.1466	14.1474	14.0821	14.1512	14.3397	14.598	14.331	14.4881	14.3909	14.4607	14.2344	14.5512
700000.0003	14.1672	14.2171	13.8354	13.884	13.8319	13.7767	13.6821	14.0311	13.628	13.681	14.0625	14.1176	14.0439	13.9206	13.8851
700000.0003	13.4789	13.573	13.5268	13.1367	13.54	13.614	13.5934	13.7031	13.7624	13.6793	13.6258	13.645	13.5811	13.426	13.5859
700000.0003	13.2596	13.6227	13.321	13.4284	13.2292	13.2178	13.2059	13.6596	13.4874	13.5976	13.5543	13.4286	13.7218	13.5965	13.3373
700000.0003	13.2313	13.3681	13.3556	13.2663	13.0037	13.2543	13.6988	13.4944	13.2047	13.2697	13.1564	13.2698	13.2324	13.1907	13.531
700000.0003	13.3379	13.3216	13.2489	13.1198	13.4743	13.0778	13.5516	13.3017	13.2763	13.6835	13.4435	13.4236	13.2947	12.8579	13.1456
700000.0003	13.3828	13.3666	13.5261	13.2239	13.495	13.5414	13.4112	13.1485	13.3852	13.3531	13.418	13.1741	12.9936	13.2045	13.3971
700000.0003	13.1116	13.1173	13.1784	13.7521	13.679	13.8905	13.4183	13.5119	13.0556	13.7616	13.0704	13.5752	13.6823	13.4399	13.2125
700000.0003	14.0338	13.7267	13.8766	13.8831	13.9816	14.3984	13.9717	13.9455	13.6081	13.7943	13.8679	14.0428	14.3806	13.8564	14.0977
700000.0003	14.949	15.0836	15.1481	14.9293	15.1377	15.0919	15.3326	15.028	14.9913	15.0763	15.2944	15.5195	15.0784	15.3125	15.1315
700000.0003	16.8828	16.9125	16.8693	17.274	16.9113	16.9735	16.9634	16.7766	17.1903	17.1271	16.98	17.1617	16.8806	16.6859	17.177
700000.0003	19.3496	19.4978	19.6554	19.9226	19.8437	19.3382	19.9644	20.1126	19.8935	19.9317	19.9281	19.3367	19.8984	19.6317	19.9208
700000.0003	23.9044	24.0601	23.9591	24.1761	24.2258	23.9432	24.286	23.903	24.2171	23.8043	24.1823	23.8819	23.6371	23.9393	24.2472
700000.0003	30.4135	30.7831	30.4384	30.771	30.5265	30.2553	30.5455	30.5202	30.6495	30.3226	29.8714	29.9588	30.3816	30.4116	30.6012
700000.0003	41.5258	41.5652	41.7531	41.305	41.7079	41.4028	41.654	41.4516	41.5889	41.7963	41.6079	41.5066	41.2642	41.7039	42.0216
700000.0003	66.6175	67.1568	66.7685	66.4498	66.4624	66.2925	66.0341	66.7266	66.82	66.7151	66.5748	66.5418	66.3134	66.385	67.0867
700000.0003	152.987	152.808	153.073	153.713	151.705	152.59	152.887	153.263	152.993	153.606	154.137	152.75	152.624	152.765	152.433
700000.0003	520.83	520.247	520.015	520.104	520.925	520.089	521.375	520.483	519.631	520.287	521.199	518.869	519.394	519.625	520.573
700000.0003	1363.44	1366.12	1363.87	1365.31	1365.75	1364.3	1365.97	1365.11	1364.3	1364.18	1364.17	1363.56	1365.1	1361.88	1361.24
700000.0003	2154.31	2156.91	2156.48	2156.39	2154.78	2156.63	2154.62	2155.55	2152.55	2155.48	2153.87	2155.89	2153.83	2153.94	2153.87
700000.0003	2585.99	2587.27	2590.8	2587.2	2586.59	2586.87	2589.08	2586.36	2588.46	2584.24	2583.88	2581.34	2582.16	2582.8	2582.55
700000.0003	2776.4	2779.33	2778.22	2779.31	2779.5	2781.08	2778.66	2777.95	2778.56	2777.43	2776.19	2775.83	2774.8	2775.2	2776.74
700000.0003	2864.75	2862.19	2864.78	2866.96	2864.33	2864.98	2866.75	2866.74	2864.89	2865.21	2863.98	2862.77	2865	2863.82	2864.26
700000.0003	2904.88	2903.59	2902.17	2905.15	2906.29	2904.95	2904.04	2907.65	2904.36	2907.06	2904.06	2906.98	2901.93	2902.41	2903.64
700000.0003	2930.02	2929.77	2932.08	2932.2	2932.67	2928.85	2932.08	2931.28	2932.54	2929.64	2928.4	2930.52	2929.6	2931.44	2930.4
700000.0003	2951.74	2952.56	2955.49	2950.82	2952.08	2952.86	2952.35	2949.89	2949.9	2952.64	2951.19	2949.88	2952.6	2953.72	2951.85
700000.0003	2970.71	2970.76	2968.68	2969.46	2968.74	2971.12	2970.02	2971.05	2971.13	2970.75	2974.88	2969.44	2971.54	2971.44	2969.99
700000.0003	2986.87	2985.66	2986.89	2988.81	2988.33	2988.87	2991.98	2988.57	2991.11	2989.41	2991.08	2986.7	2988.71	2987.26	2989.5
700000.0003	3003.04	3007.88	3006.3	3005.98	3007.59	3006.04	3006.11	3006.52	3004.94	3002.96	3004.45	3005.71	3005.66	3002.6	3005.88
700000.0003	3023.21	3023.97	3021.57	3023.57	3024.24	3024.05	3020.39	3022.92	3021.27	3023.81	3020.86	3023.19	3022.72	3025.97	3023.07
700000.0003	3044.18	3041.44	3043.27	3041.23	3042.44	3042.56	3041.62	3043.23	3040.49	3043.73	3044.05	3044.1	3042.1	3046.66	3042.38
700000.0003	3070.45	3068.96	3070.51	3070.4	3067.51	3069.07	3071.13	3066.33	3069.6	3067.17	3068.53	3070.54	3069.35	3069.22	3068.07
700000.0003	3082.8	3086.48	3083.94	3085.63	3082.98	3082.91	3082.72	3081.74	3084.58	3084.36	3084.17	3085.14	3084.17	3083.48	3084.94
