700000.0003	0.0262178
700000.0003	0.0359431
700000.0003	0.0528738
700000.0003	0.0811051
700000.0003	0.124333
700000.0003	0.188275
700000.0003	0.277763
700000.0003	0.400946
700000.0003	0.551961
700000.0003	0.74416
700000.0003	0.984905
700000.0003	1.27092
700000.0003	1.60549
700000.0003	1.99025
700000.0003	2.42006
700000.0003	2.86399
700000.0003	3.33245
700000.0003	3.80216
700000.0003	4.28691
700000.0003	4.74519
700000.0003	5.19515
700000.0003	5.59927
700000.0003	6.0441
700000.0003	6.45051
700000.0003	6.83236
700000.0003	7.23663
700000.0003	7.5545
700000.0003	7.92794
700000.0003	8.25381
700000.0003	8.46332
700000.0003	8.78059
700000.0003	9.06212
700000.0003	9.32163
700000.0003	9.52725
700000.0003	9.67796
700000.0003	9.88102
700000.0003	9.9998
700000.0003	10.1561
700000.0003	10.2403
700000.0003	10.2483
700000.0003	10.273
700000.0003	10.3167
700000.0003	10.2337
700000.0003	10.2473
700000.0003	10.3323
700000.0003	10.2926
700000.0003	10.3064
700000.0003	10.2964
700000.0003	10.2717
700000.0003	10.2942
700000.0003	10.373
700000.0003	10.2964
700000.0003	10.2276
700000.0003	10.3483
700000.0003	10.2536
700000.0003	10.3524
700000.0003	10.3077
700000.0003	10.319
700000.0003	10.2428
700000.0003	10.2861
700000.0003	10.286
700000.0003	10.3306
700000.0003	10.2607
700000.0003	10.2834
700000.0003	10.3913
700000.0003	10.3039
700000.0003	10.3058
700000.0003	10.326
700000.0003	10.2452
700000.0003	10.3367
700000.0003	10.3407
700000.0003	10.2851
700000.0003	10.3582
700000.0003	10.3639
700000.0003	10.4191
700000.0003	10.3223
700000.0003	10.2661
700000.0003	10.3164
700000.0003	10.4308
700000.0003	10.4014
700000.0003	10.3904
700000.0003	10.2879
700000.0003	10.3124
700000.0003	10.3292
700000.0003	10.3307
700000.0003	10.405
700000.0003	10.4294
700000.0003	10.3682
700000.0003	10.3329
700000.0003	10.4053
700000.0003	10.4016
700000.0003	10.3802
700000.0003	10.3325
700000.0003	10.4298
700000.0003	10.4069
700000.0003	10.4303
700000.0003	10.3761
700000.0003	10.4297
700000.0003	10.3643
700000.0003	10.3427
700000.0003	10.3342
700000.0003	10.4137
700000.0003	10.3885
700000.0003	10.3748
700000.0003	10.3883
700000.0003	10.443
700000.0003	10.4558
700000.0003	10.4272
700000.0003	10.4307
700000.0003	10.4569
700000.0003	10.4499
700000.0003	10.3886
700000.0003	10.4181
700000.0003	10.4165
700000.0003	10.4503
700000.0003	10.3607
700000.0003	10.3781
700000.0003	10.4214
700000.0003	10.3499
700000.0003	10.3972
700000.0003	10.4465
700000.0003	10.4228
700000.0003	10.3874
700000.0003	10.3721
700000.0003	10.3608
700000.0003	10.4307
700000.0003	10.4308
700000.0003	10.4776
700000.0003	10.3887
700000.0003	10.4799
700000.0003	10.479
700000.0003	10.4525
700000.0003	10.4513
700000.0003	10.4124
700000.0003	10.452
700000.0003	10.5064
700000.0003	10.4256
700000.0003	10.45
700000.0003	10.4501
700000.0003	10.4535
700000.0003	10.4777
700000.0003	10.3972
700000.0003	10.5304
700000.0003	10.4651
700000.0003	10.4057
700000.0003	10.3994
700000.0003	10.4611
700000.0003	10.387
700000.0003	10.4138
700000.0003	10.3778
700000.0003	10.3308
700000.0003	10.4178
700000.0003	10.3179
700000.0003	10.256
700000.0003	10.3401
700000.0003	10.18
700000.0003	10.2336
700000.0003	10.1716
700000.0003	10.1145
700000.0003	10.0839
700000.0003	10.0793
700000.0003	10.0693
700000.0003	9.97172
700000.0003	9.96859
700000.0003	9.9125
700000.0003	9.86533
700000.0003	9.76011
700000.0003	9.72939
700000.0003	9.6956
700000.0003	9.60808
700000.0003	9.64189
700000.0003	9.47925
700000.0003	9.49787
700000.0003	9.39704
700000.0003	9.35357
700000.0003	9.24527
700000.0003	9.20852
700000.0003	9.13184
700000.0003	8.99621
700000.0003	9.01087
700000.0003	8.93913
700000.0003	8.8696
700000.0003	8.812
700000.0003	8.6514
700000.0003	8.62303
700000.0003	8.52669
700000.0003	8.47871
700000.0003	8.38877
700000.0003	8.28695
700000.0003	8.26923
700000.0003	8.16791
700000.0003	8.08733
700000.0003	7.97141
700000.0003	7.92485
700000.0003	7.80943
700000.0003	7.76311
700000.0003	7.6897
700000.0003	7.55381
700000.0003	7.48089
700000.0003	7.38915
700000.0003	7.34061
700000.0003	7.22984
700000.0003	7.1089
700000.0003	7.0002
700000.0003	6.94431
700000.0003	6.88564
700000.0003	6.72904
700000.0003	6.69352
700000.0003	6.54628
700000.0003	6.48086
700000.0003	6.41377
700000.0003	6.29891
700000.0003	6.21221
700000.0003	6.12782
700000.0003	6.01378
700000.0003	5.91224
700000.0003	5.86955
700000.0003	5.72598
700000.0003	5.64937
700000.0003	5.52894
700000.0003	5.42972
700000.0003	5.33991
700000.0003	5.24164
700000.0003	5.15329
700000.0003	5.05525
700000.0003	4.94514
700000.0003	4.87395
700000.0003	4.77624
700000.0003	4.67276
700000.0003	4.57662
700000.0003	4.47389
700000.0003	4.37496
700000.0003	4.26418
700000.0003	4.17688
700000.0003	4.08404
700000.0003	3.98516
700000.0003	3.87223
700000.0003	3.76729
700000.0003	3.67278
700000.0003	3.5533
700000.0003	3.44911
700000.0003	3.3342
700000.0003	3.22544
700000.0003	3.10628
700000.0003	2.98055
700000.0003	2.84326
700000.0003	2.73356
700000.0003	2.59628
700000.0003	2.47225
700000.0003	2.33543
700000.0003	2.19397
700000.0003	2.06008
700000.0003	1.92978
700000.0003	1.79761
700000.0003	1.66333
700000.0003	1.54383
700000.0003	1.41758
700000.0003	1.30039
700000.0003	1.18189
700000.0003	1.07715
700000.0003	0.979082
700000.0003	0.882352
700000.0003	0.797565
700000.0003	0.709984
700000.0003	0.63525
700000.0003	0.563257
700000.0003	0.498437
700000.0003	0.436371
700000.0003	0.383869
700000.0003	0.334317
700000.0003	0.291669
700000.0003	0.252316
700000.0003	0.216065
700000.0003	0.185914
700000.0003	0.157927
700000.0003	0.134782
700000.0003	0.114657
700000.0003	0.096657
700000.0003	0.0807956
700000.0003	0.068997
700000.0003	0.0576339
700000.0003	0.0485474
700000.0003	0.0408908
700000.0003	0.0342838
700000.0003	0.0292203
700000.0003	0.0247571
700000.0003	0.0211124
700000.0003	0.0181265
700000.0003	0.0156599
700000.0003	0.0133819
700000.0003	0.0116679
700000.0003	0.0101523
700000.0003	0.00898942
700000.0003	0.00795804
700000.0003	0.00730053
700000.0003	0.00656318
700000.0003	0.00622056
700000.0003	0.0058692
700000.0003	0.0056681
700000.0003	0.00531642
700000.0003	0.00522205
700000.0003	0.00514292
700000.0003	0.00500387
700000.0003	0.00489667
700000.0003	0.00495915
700000.0003	0.00483715
700000.0003	0.00484709
700000.0003	0.00468603
700000.0003	0.00471818
700000.0003	0.00452356
700000.0003	0.00460621
700000.0003	0.00441517
700000.0003	0.00451548
700000.0003	0.00442812
700000.0003	0.00443129
700000.0003	0.00441286
700000.0003	0.0043594
700000.0003	0.00433433
700000.0003	0.00431217
700000.0003	0.00425873
700000.0003	0.00427779
700000.0003	0.00427038
700000.0003	0.00428561
700000.0003	0.00421979
700000.0003	0.00420645
700000.0003	0.00425552
700000.0003	0.00414818
700000.0003	0.00417707
700000.0003	0.00418931
700000.0003	0.00419885
700000.0003	0.0042084
700000.0003	0.00420312
700000.0003	0.00410717
700000.0003	0.00415679
700000.0003	0.00407941
700000.0003	0.00408273
700000.0003	0.00416865
700000.0003	0.00411261
700000.0003	0.00411334
700000.0003	0.0040676
700000.0003	0.0041105
700000.0003	0.00411953
700000.0003	0.00410911
700000.0003	0.00407764
700000.0003	0.00411653
700000.0003	0.00413687
700000.0003	0.004136
700000.0003	0.00418401
700000.0003	0.00418361
700000.0003	0.00421764
700000.0003	0.00417539
700000.0003	0.00424157
700000.0003	0.00422884
700000.0003	0.0042295
700000.0003	0.00427326
700000.0003	0.00431618
700000.0003	0.00429452
700000.0003	0.00425538
700000.0003	0.00432231
700000.0003	0.00433917
700000.0003	0.00438718
700000.0003	0.00440034
700000.0003	0.00440737
700000.0003	0.0044049
700000.0003	0.00450876
700000.0003	0.00448805
700000.0003	0.00461974
700000.0003	0.00460057
700000.0003	0.00463101
700000.0003	0.00464585
700000.0003	0.00471099
700000.0003	0.00476523
700000.0003	0.00478782
700000.0003	0.00494187
700000.0003	0.00493595
700000.0003	0.00509682
700000.0003	0.00510192
700000.0003	0.00515575
700000.0003	0.00524479
700000.0003	0.0054519
700000.0003	0.00556873
700000.0003	0.00575453
700000.0003	0.00579626
700000.0003	0.00603736
700000.0003	0.00605694
700000.0003	0.00642372
700000.0003	0.00670987
700000.0003	0.00695636
700000.0003	0.00736972
700000.0003	0.00752497
700000.0003	0.00808808
700000.0003	0.00859769
700000.0003	0.00908074
700000.0003	0.00970321
700000.0003	0.0107145
700000.0003	0.0120161
700000.0003	0.0132962
700000.0003	0.0154593
700000.0003	0.0182573
700000.0003	0.0213427
700000.0003	7.65895e-05
700000.0003	-0.000102849
700000.0003	-0.000313649
700000.0003	0.000124879
700000.0003	-0.000261978
700000.0003	0.000472404
700000.0003	-0.000672959
700000.0003	1.46531e-05
700000.0003	0.00312417
700000.0003	0.000684176
700000.0003	0.00223304
700000.0003	-0.001361
700000.0003	-0.0016319
700000.0003	0.00675871
700000.0003	0.00518344
700000.0003	-0.00370346
700000.0003	0.00107627
700000.0003	0.00532212
700000.0003	-0.00736932
700000.0003	-0.0101281
700000.0003	-0.00108372
700000.0003	0.00242372
700000.0003	0.0354588
700000.0003	-0.0324959
700000.0003	-0.00266552
700000.0003	0.000281039
700000.0003	0.018033
700000.0003	-0.0461101
700000.0003	-0.0351394
700000.0003	-0.0106278
700000.0003	0.00318947
700000.0003	-0.00226732
700000.0003	0.00738473
700000.0003	-0.0289268
700000.0003	0.0394355
700000.0003	-0.011628
700000.0003	0.0131191
700000.0003	0.00184029
700000.0003	-0.00895095
700000.0003	-0.026697
700000.0003	0.0253954
700000.0003	-0.0142597
700000.0003	0.0148552
700000.0003	0.0420706
700000.0003	0.0319941
700000.0003	-0.0247108
700000.0003	-0.00584785
700000.0003	-0.0155488
700000.0003	-0.0772597
700000.0003	-0.0122296
700000.0003	0.0046951
700000.0003	0.000348545
700000.0003	0.0478
700000.0003	0.023679
700000.0003	0.014578
700000.0003	-0.00896744
700000.0003	-0.00650803
700000.0003	0.0597195
700000.0003	-0.00971249
700000.0003	-0.0162151
700000.0003	0.00920718
700000.0003	-0.0466838
700000.0003	2.44971e-05
700000.0003	0.0128085
700000.0003	-0.0434216
700000.0003	-0.0143861
700000.0003	0.0317489
700000.0003	-0.0279481
700000.0003	0.0293882
700000.0003	0.0207098
700000.0003	-0.0182591
700000.0003	-0.0349584
700000.0003	-0.0193276
700000.0003	-0.0335293
700000.0003	-0.00598072
700000.0003	-0.0225203
700000.0003	0.0197301
700000.0003	-0.00799926
700000.0003	-0.018582
700000.0003	0.00224144
700000.0003	0.00203495
700000.0003	-0.0608481
700000.0003	0.0156963
700000.0003	4.69334e-05
700000.0003	-0.0234298
700000.0003	-0.00620843
700000.0003	-0.0456635
700000.0003	-0.0179835
700000.0003	-0.000749335
700000.0003	0.0450873
700000.0003	-0.0154781
700000.0003	0.0018269
700000.0003	-0.0143096
700000.0003	0.0221461
700000.0003	-0.0330719
700000.0003	-0.0114287
700000.0003	0.0147428
700000.0003	-0.0205984
700000.0003	-0.00205693
700000.0003	-0.0408259
700000.0003	-0.0251418
700000.0003	0.0102375
700000.0003	0.0175091
700000.0003	-0.00662251
700000.0003	0.0248738
700000.0003	-0.0227858
700000.0003	-0.0126579
700000.0003	-0.0105986
700000.0003	-0.0132023
700000.0003	0.0251938
700000.0003	7.5295e-05
700000.0003	0.040122
700000.0003	0.0250522
700000.0003	0.0441555
700000.0003	-0.00150342
700000.0003	-0.0305578
700000.0003	-0.0100403
700000.0003	0.0530086
700000.0003	0.0132663
700000.0003	0.0307053
700000.0003	0.0218797
700000.0003	-0.0180436
700000.0003	-0.00433389
700000.0003	0.0299029
700000.0003	-0.0134513
700000.0003	0.0151246
700000.0003	-0.014469
700000.0003	0.0171732
700000.0003	0.0194498
700000.0003	0.00677182
700000.0003	0.00346049
700000.0003	-0.0367409
700000.0003	-0.0053417
700000.0003	-0.00295414
700000.0003	0.0251883
700000.0003	-0.0112943
700000.0003	-0.0252937
700000.0003	-0.00301122
700000.0003	-0.0160146
700000.0003	-0.0339343
700000.0003	-0.00219548
700000.0003	0.000724628
700000.0003	-0.0236406
700000.0003	0.0111252
700000.0003	0.0291561
700000.0003	-0.00182985
700000.0003	0.0155392
700000.0003	-0.00562899
700000.0003	0.000862226
700000.0003	-0.0306795
700000.0003	-0.0407309
700000.0003	-0.0118299
700000.0003	-0.0121059
700000.0003	-0.00641144
700000.0003	-0.041212
700000.0003	-0.0289306
700000.0003	-0.0106264
700000.0003	0.015815
700000.0003	-0.00140747
700000.0003	-0.0404467
700000.0003	0.0170392
700000.0003	0.0313163
700000.0003	-0.0124055
700000.0003	-0.027666
700000.0003	0.00218779
700000.0003	0.014592
700000.0003	-0.00238185
700000.0003	-0.00792349
700000.0003	-0.00942653
700000.0003	0.056906
700000.0003	0.00248089
700000.0003	0.000760324
700000.0003	0.00525248
700000.0003	0.0195059
700000.0003	0.0198646
700000.0003	0.00754992
700000.0003	-0.0018973
700000.0003	-0.0156622
700000.0003	-0.00335994
700000.0003	-0.0406726
700000.0003	0.00433034
700000.0003	-0.0258108
700000.0003	0.00780212
700000.0003	-0.014223
700000.0003	-0.00642712
700000.0003	-0.011722
700000.0003	0.00794204
700000.0003	0.0152409
700000.0003	-0.00559506
700000.0003	0.00708255
700000.0003	0.0123992
700000.0003	0.0049024
700000.0003	-0.00819896
700000.0003	-0.00567538
700000.0003	-0.0338343
700000.0003	0.00908119
700000.0003	-0.0138546
700000.0003	-0.0117994
700000.0003	0.00380198
700000.0003	0.0104023
700000.0003	0.00778246
700000.0003	-0.025501
700000.0003	0.00283404
700000.0003	-0.00956458
700000.0003	0.011972
700000.0003	0.00779604
700000.0003	-0.00179601
700000.0003	0.00555711
700000.0003	0.00187318
700000.0003	0.00337019
700000.0003	0.00641672
700000.0003	0.0148872
700000.0003	-0.00890279
700000.0003	-0.00336329
700000.0003	0.0180735
700000.0003	-0.00657149
700000.0003	0.0149058
700000.0003	-0.00459641
700000.0003	0.00615872
700000.0003	0.00692967
700000.0003	-0.0090926
700000.0003	-0.0172916
700000.0003	-0.0103169
700000.0003	0.00496697
700000.0003	-0.0028226
700000.0003	0.0137267
700000.0003	0.00101686
700000.0003	-0.00740701
700000.0003	-0.00549903
700000.0003	0.0106841
700000.0003	0.0102073
700000.0003	-0.00961207
700000.0003	0.00530312
700000.0003	-0.00100321
700000.0003	-0.00407588
700000.0003	0.0101668
700000.0003	0.000127345
700000.0003	-0.00168018
700000.0003	0.00219589
700000.0003	0.00647481
700000.0003	0.000641089
700000.0003	-0.00107574
700000.0003	0.00404153
700000.0003	0.00173225
700000.0003	-0.00217787
700000.0003	-0.00559874
700000.0003	0.00532064
700000.0003	0.00412133
700000.0003	0.00267683
700000.0003	0.000361238
700000.0003	-0.00135786
700000.0003	-0.00114657
700000.0003	-0.00135135
700000.0003	0.000500562
700000.0003	-0.00569212
700000.0003	-0.00316682
700000.0003	0.00231768
700000.0003	-0.00213622
700000.0003	0.000441451
700000.0003	0.00204235
700000.0003	0.000324936
700000.0003	0.00131439
700000.0003	-0.00184793
700000.0003	-0.00144396
700000.0003	-0.00170011
700000.0003	0.000734631
700000.0003	-0.000271396
700000.0003	-0.000743722
700000.0003	-0.000682285
700000.0003	0.000584552
700000.0003	-0.00080971
700000.0003	0.000400914
700000.0003	0.000870938
700000.0003	-0.000427341
700000.0003	-0.000356927
700000.0003	0.000387734
700000.0003	-0.000241115
700000.0003	0.000214532
700000.0003	-0.000579778
700000.0003	9.20065e-06
700000.0003	8.95511e-07
700000.0003	-0.000276373
700000.0003	9.84423e-06
700000.0003	0.000266128
700000.0003	4.77627e-05
700000.0003	-5.56785e-05
700000.0003	-0.000116118
700000.0003	0.000243634
700000.0003	7.65962e-05
700000.0003	0.000213963
700000.0003	8.80901e-05
700000.0003	-7.82119e-05
700000.0003	8.99542e-05
700000.0003	-5.46532e-05
700000.0003	3.40421e-05
700000.0003	2.67985e-05
700000.0003	0.000127501
700000.0003	7.2191e-06
700000.0003	2.15936e-05
700000.0003	1.04989e-05
700000.0003	-6.59114e-05
700000.0003	1.12139e-05
700000.0003	-4.65798e-06
700000.0003	-1.87683e-05
700000.0003	4.3089e-05
700000.0003	2.5502e-05
700000.0003	-2.07158e-05
700000.0003	4.97889e-05
700000.0003	-1.38244e-05
700000.0003	-8.87578e-05
700000.0003	-1.28216e-05
700000.0003	1.64759e-05
700000.0003	1.27341e-05
700000.0003	1.15669e-06
700000.0003	-3.03372e-05
700000.0003	1.13382e-05
700000.0003	-2.46066e-05
700000.0003	6.25487e-07
700000.0003	1.26817e-05
700000.0003	-2.27492e-05
700000.0003	2.87414e-05
700000.0003	2.3166e-06
700000.0003	5.7215e-06
700000.0003	1.3309e-05
700000.0003	-2.94555e-05
700000.0003	3.96972e-05
700000.0003	6.22619e-05
700000.0003	-5.61403e-05
700000.0003	3.77331e-05
700000.0003	-3.13347e-05
700000.0003	-3.247e-05
700000.0003	5.43589e-05
700000.0003	-7.37093e-07
700000.0003	3.47394e-05
700000.0003	-2.86156e-05
700000.0003	3.18923e-05
700000.0003	3.30382e-06
700000.0003	2.5196e-05
700000.0003	-8.36759e-06
700000.0003	-4.68271e-05
700000.0003	-2.33284e-05
700000.0003	9.42874e-06
700000.0003	5.55646e-06
700000.0003	-1.15604e-05
700000.0003	-6.85079e-06
700000.0003	-7.37309e-06
700000.0003	2.1875e-05
700000.0003	-2.07725e-05
700000.0003	-5.1991e-05
700000.0003	-1.53317e-05
700000.0003	3.54492e-05
700000.0003	3.63449e-06
700000.0003	2.19565e-08
700000.0003	-4.69111e-05
700000.0003	2.51981e-05
700000.0003	5.6986e-06
700000.0003	-1.12138e-05
700000.0003	-3.67736e-07
700000.0003	-4.51508e-06
700000.0003	-2.11512e-05
700000.0003	4.05634e-05
700000.0003	-4.82133e-05
700000.0003	-1.11164e-06
700000.0003	2.10652e-05
700000.0003	1.18941e-05
700000.0003	-1.51197e-05
700000.0003	-5.35442e-05
700000.0003	4.86262e-06
700000.0003	-2.41762e-06
700000.0003	1.17577e-05
700000.0003	6.1668e-05
700000.0003	7.85481e-05
700000.0003	-7.04254e-05
700000.0003	4.70771e-05
700000.0003	2.75773e-05
700000.0003	1.66893e-05
700000.0003	-2.95245e-05
700000.0003	-4.09896e-05
700000.0003	3.27755e-05
700000.0003	1.99724e-05
700000.0003	2.51471e-05
700000.0003	-0.000108176
700000.0003	-6.07637e-05
700000.0003	-6.65901e-05
700000.0003	-5.62757e-05
700000.0003	5.47894e-05
700000.0003	5.36226e-05
700000.0003	-0.000145265
700000.0003	-2.15093e-05
700000.0003	-0.000124138
700000.0003	-6.55706e-05
700000.0003	0.000149346
700000.0003	1.92081e-05
700000.0003	0.000192003
700000.0003	0.000115415
700000.0003	-0.000215405
700000.0003	-6.70332e-06
700000.0003	-0.000104093
700000.0003	-0.0002275
700000.0003	4.41845e-05
700000.0003	0.000150388
700000.0003	-7.02234e-05
700000.0003	-0.000130964
700000.0003	0.00017894
700000.0003	0.00013341
700000.0003	-0.00175441
700000.0003	0.000604438
700000.0003	0.00256841
700000.0003	0.00107463
700000.0003	0.00327276
700000.0003	0.00158306
700000.0003	0.000251555
700000.0003	0.00359134
700000.0003	-0.00445499
700000.0003	0.00410563
700000.0003	-0.000851778
700000.0003	-0.00146806
700000.0003	-0.00276491
700000.0003	-0.0116633
700000.0003	-0.0166239
700000.0003	0.0122191
700000.0003	0.0141499
700000.0003	0.0378081
700000.0003	-0.00310986
700000.0003	-0.011437
700000.0003	-0.0033133
700000.0003	0.00702233
700000.0003	-0.0595147
700000.0003	-0.014924
700000.0003	-0.0332858
700000.0003	-0.00157945
700000.0003	0.00246544
700000.0003	0.00625128
700000.0003	-0.0347455
700000.0003	0.0339737
700000.0003	-0.0137668
700000.0003	0.0116752
700000.0003	0.00591368
700000.0003	-0.0101727
700000.0003	-0.0351893
700000.0003	0.0156591
700000.0003	-0.0224813
700000.0003	0.0295311
700000.0003	0.0404946
700000.0003	0.0272047
700000.0003	-0.0213014
700000.0003	-0.013246
700000.0003	-0.0216035
700000.0003	-0.0870029
700000.0003	-0.0166919
700000.0003	-0.00545032
700000.0003	-0.00560695
700000.0003	0.0426234
700000.0003	0.0148026
700000.0003	0.0272776
700000.0003	0.000428
700000.0003	0.0033632
700000.0003	0.0614061
700000.0003	-0.00696262
700000.0003	-0.0145729
700000.0003	-0.0087917
700000.0003	-0.0322326
700000.0003	-0.00831035
700000.0003	0.0105866
700000.0003	-0.0391278
700000.0003	-0.0331643
700000.0003	0.0239797
700000.0003	-0.0265167
700000.0003	0.0170877
700000.0003	0.0243939
700000.0003	-0.0274892
700000.0003	-0.0521602
700000.0003	-0.00334805
700000.0003	-0.0308708
700000.0003	-0.0323037
700000.0003	-0.00819346
700000.0003	0.0136405
700000.0003	0.006487
700000.0003	-0.0177554
700000.0003	0.00524673
700000.0003	0.0102688
700000.0003	-0.0563825
700000.0003	0.00390717
700000.0003	-0.00280466
700000.0003	-0.00989969
700000.0003	0.00557198
700000.0003	-0.0431768
700000.0003	-0.0124372
700000.0003	-0.0028865
700000.0003	0.0353409
700000.0003	-0.0160872
700000.0003	-0.00102291
700000.0003	-0.0123033
700000.0003	0.0329361
700000.0003	-0.0249177
700000.0003	-0.0161094
700000.0003	0.0175991
700000.0003	-0.0118702
700000.0003	0.0102658
700000.0003	-0.0426357
700000.0003	-0.0297366
700000.0003	0.012242
700000.0003	0.0188681
700000.0003	0.0130581
700000.0003	0.0352402
700000.0003	-0.014998
700000.0003	0.000596734
700000.0003	0.0157628
700000.0003	-0.0201476
700000.0003	0.0143684
700000.0003	-0.0076092
700000.0003	0.0399309
700000.0003	0.0337974
700000.0003	0.0444882
700000.0003	0.00377131
700000.0003	-0.038968
700000.0003	-0.0281031
700000.0003	0.0418712
700000.0003	0.0150025
700000.0003	0.0253422
700000.0003	0.0279737
700000.0003	-0.0286834
700000.0003	-0.00184995
700000.0003	0.0199813
700000.0003	-0.00659219
700000.0003	0.0149114
700000.0003	-0.00165729
700000.0003	0.0127954
700000.0003	0.0169745
700000.0003	0.00464968
700000.0003	-0.00894167
700000.0003	-0.0372956
700000.0003	-0.0130089
700000.0003	0.00269672
700000.0003	0.0301866
700000.0003	-0.00369876
700000.0003	-0.0205515
700000.0003	-0.00882032
700000.0003	-0.0174293
700000.0003	-0.0338885
700000.0003	-0.00305398
700000.0003	0.00318209
700000.0003	-0.0301762
700000.0003	0.0138353
700000.0003	0.026989
700000.0003	0.00335674
700000.0003	0.0240993
700000.0003	0.00157202
700000.0003	-0.000283014
700000.0003	-0.0414219
700000.0003	-0.0436353
700000.0003	-0.0179805
700000.0003	-0.00834484
700000.0003	0.000508416
700000.0003	-0.0508827
700000.0003	-0.0372471
700000.0003	-0.0112118
700000.0003	0.0197653
700000.0003	0.0123748
700000.0003	-0.0266112
700000.0003	0.00765071
700000.0003	0.0266774
700000.0003	-0.0128173
700000.0003	-0.00719992
700000.0003	0.00806003
700000.0003	0.0146919
700000.0003	0.00413267
700000.0003	-0.00955942
700000.0003	-0.0061739
700000.0003	0.0507818
700000.0003	-0.00410898
700000.0003	-0.00445754
700000.0003	0.00507172
700000.0003	0.0190306
700000.0003	0.0209334
700000.0003	0.00373344
700000.0003	0.00506362
700000.0003	-0.014497
700000.0003	-0.0199176
700000.0003	-0.0551356
700000.0003	-0.00669591
700000.0003	-0.0230427
700000.0003	-0.00366157
700000.0003	-0.0199979
700000.0003	-0.0234707
700000.0003	-0.017495
700000.0003	0.00357718
700000.0003	-0.000652845
700000.0003	-0.0103833
700000.0003	0.004383
700000.0003	0.000679376
700000.0003	0.00181357
700000.0003	-0.006565
700000.0003	-0.000636339
700000.0003	-0.0373744
700000.0003	-0.00295562
700000.0003	-0.019774
700000.0003	-0.00875394
700000.0003	0.0109805
700000.0003	0.0085233
700000.0003	0.00630373
700000.0003	-0.0337979
700000.0003	-0.00241349
700000.0003	-0.00482576
700000.0003	0.00723873
700000.0003	0.013399
700000.0003	-0.000975405
700000.0003	-0.000697067
700000.0003	0.00790411
700000.0003	0.00103661
700000.0003	0.00706724
700000.0003	0.00931702
700000.0003	-0.000564971
700000.0003	-0.00113279
700000.0003	0.0196926
700000.0003	-0.00756977
700000.0003	0.0104464
700000.0003	-0.00619534
700000.0003	0.011269
700000.0003	0.00758725
700000.0003	-0.00408667
700000.0003	-0.0134545
700000.0003	-0.00616617
700000.0003	-0.000309587
700000.0003	-0.00164124
700000.0003	0.00475343
700000.0003	0.00421859
700000.0003	0.00720071
700000.0003	-0.00459261
700000.0003	0.0138744
700000.0003	0.00981644
700000.0003	-0.00924099
700000.0003	0.00776966
700000.0003	0.00256948
700000.0003	-0.0047521
700000.0003	0.00851797
700000.0003	0.00036161
700000.0003	0.00215111
700000.0003	-0.00339422
700000.0003	0.0099543
700000.0003	-0.00811768
700000.0003	0.00201031
700000.0003	-0.00132715
700000.0003	-0.00238538
700000.0003	0.00139593
700000.0003	-0.00140627
700000.0003	0.000657619
700000.0003	0.00335259
700000.0003	-0.0049244
700000.0003	0.00687331
700000.0003	-0.00225511
700000.0003	-0.00617625
700000.0003	0.000756865
700000.0003	0.00163718
700000.0003	-0.000948772
700000.0003	-0.00461655
700000.0003	0.000133177
700000.0003	-0.000666523
700000.0003	-0.000636057
700000.0003	-0.00195427
700000.0003	0.000425483
700000.0003	-0.00103893
700000.0003	0.000344893
700000.0003	-8.94761e-05
700000.0003	-0.00126942
700000.0003	0.000185499
700000.0003	-0.00118898
700000.0003	0.00088674
700000.0003	0.00137293
700000.0003	0.00012758
700000.0003	0.000893116
700000.0003	-0.000844829
700000.0003	-0.000169085
700000.0003	-0.000308692
700000.0003	-0.000242501
700000.0003	-0.000937486
700000.0003	-0.000465239
700000.0003	0.000482194
700000.0003	-4.74122e-05
700000.0003	0.000380313
700000.0003	0.000214936
700000.0003	0.000409412
700000.0003	2.09804e-05
700000.0003	-0.000121655
700000.0003	-0.000137351
700000.0003	-0.000172894
700000.0003	3.04703e-05
700000.0003	-0.000197641
700000.0003	5.06833e-05
700000.0003	5.80972e-05
700000.0003	8.12151e-05
700000.0003	-1.15786e-05
700000.0003	8.37705e-05
700000.0003	-1.74334e-05
700000.0003	-6.22482e-05
700000.0003	2.96312e-05
700000.0003	-6.85812e-05
700000.0003	4.839e-05
700000.0003	-2.50482e-05
700000.0003	4.05293e-06
700000.0003	8.94462e-06
700000.0003	-5.312e-05
700000.0003	6.2245e-06
700000.0003	1.55867e-05
700000.0003	5.67554e-05
700000.0003	-1.48013e-05
700000.0003	-4.88154e-05
700000.0003	-3.28663e-05
700000.0003	2.06549e-05
700000.0003	-1.20073e-05
700000.0003	4.05111e-05
700000.0003	1.02917e-06
700000.0003	2.37816e-05
700000.0003	-8.55842e-05
700000.0003	5.82523e-05
700000.0003	9.92873e-06
700000.0003	-4.63977e-06
700000.0003	4.61733e-06
700000.0003	-1.32094e-05
700000.0003	-3.24762e-05
700000.0003	-7.89721e-05
700000.0003	7.09391e-05
700000.0003	2.4365e-05
700000.0003	-3.31788e-05
700000.0003	-3.5305e-05
700000.0003	7.84563e-07
700000.0003	1.88852e-05
700000.0003	-1.63507e-05
700000.0003	-2.99838e-05
700000.0003	6.17415e-06
700000.0003	-7.63127e-06
700000.0003	3.3811e-05
700000.0003	-4.94057e-06
700000.0003	3.984e-05
700000.0003	-1.0972e-05
700000.0003	-3.23787e-05
700000.0003	2.77199e-06
700000.0003	-1.89561e-06
700000.0003	-5.87158e-05
700000.0003	-1.27012e-06
700000.0003	-6.75467e-05
700000.0003	1.74296e-05
700000.0003	-4.30647e-05
700000.0003	5.42028e-05
700000.0003	-3.78081e-05
700000.0003	-1.28756e-05
700000.0003	-4.27703e-05
700000.0003	-5.57767e-05
700000.0003	-1.19689e-05
700000.0003	-3.72305e-05
700000.0003	3.54401e-05
700000.0003	1.45426e-05
700000.0003	5.62696e-05
700000.0003	7.21265e-07
700000.0003	-2.44649e-05
700000.0003	-3.59086e-05
700000.0003	2.37258e-05
700000.0003	-7.74206e-05
700000.0003	-3.29586e-06
700000.0003	-2.14566e-05
700000.0003	-5.20759e-05
700000.0003	-1.83645e-06
700000.0003	-4.96208e-05
700000.0003	2.41408e-05
700000.0003	8.81833e-06
700000.0003	3.38811e-05
700000.0003	6.30981e-06
700000.0003	7.38011e-05
700000.0003	5.66185e-05
700000.0003	8.19475e-05
700000.0003	-8.26083e-05
700000.0003	-2.82209e-05
700000.0003	-5.99344e-05
700000.0003	1.4987e-06
700000.0003	2.38618e-05
700000.0003	7.1651e-06
700000.0003	1.53807e-05
700000.0003	-2.98108e-05
700000.0003	3.15863e-05
700000.0003	-7.29296e-05
700000.0003	3.26397e-05
700000.0003	-3.227e-05
700000.0003	-1.61408e-05
700000.0003	3.29353e-05
700000.0003	5.13804e-05
700000.0003	-2.81312e-05
700000.0003	-9.45183e-05
700000.0003	0.000104931
700000.0003	0.000160641
700000.0003	1.48661e-05
700000.0003	1.58745e-05
700000.0003	0.000312569
700000.0003	-0.000215006
700000.0003	-0.00017462
700000.0003	-0.000219512
700000.0003	2.66677e-05
700000.0003	-8.30199e-05
700000.0003	0.00019072
700000.0003	-5.54489e-05
700000.0003	-0.000113974
700000.0003	0.018213
700000.0003	0.0243755
700000.0003	0.0363859
700000.0003	0.0603799
700000.0003	0.101474
700000.0003	0.166532
700000.0003	0.267372
700000.0003	0.410047
700000.0003	0.605327
700000.0003	0.882134
700000.0003	1.25441
700000.0003	1.75666
700000.0003	2.44927
700000.0003	3.34762
700000.0003	4.47075
700000.0003	5.83218
700000.0003	7.45703
700000.0003	9.25761
700000.0003	11.265
700000.0003	13.3423
700000.0003	15.281
700000.0003	16.9329
700000.0003	18.2586
700000.0003	19.1212
700000.0003	19.501
700000.0003	19.7007
700000.0003	19.6823
700000.0003	19.523
700000.0003	19.3061
700000.0003	19.0241
700000.0003	18.8524
700000.0003	18.4357
700000.0003	18.3226
700000.0003	17.9472
700000.0003	17.5937
700000.0003	17.4978
700000.0003	17.0947
700000.0003	16.9179
700000.0003	16.6224
700000.0003	16.3104
700000.0003	16.0833
700000.0003	15.7527
700000.0003	15.3946
700000.0003	15.0586
700000.0003	14.9693
700000.0003	14.6352
700000.0003	14.4925
700000.0003	14.2128
700000.0003	14.1602
700000.0003	13.7897
700000.0003	13.7338
700000.0003	13.5327
700000.0003	13.4491
700000.0003	13.3779
700000.0003	13.1157
700000.0003	13.0439
700000.0003	12.9685
700000.0003	12.9831
700000.0003	12.6952
700000.0003	12.67
700000.0003	12.4739
700000.0003	12.5487
700000.0003	12.3562
700000.0003	12.3233
700000.0003	12.2456
700000.0003	12.2139
700000.0003	12.0963
700000.0003	11.9834
700000.0003	11.9345
700000.0003	11.9431
700000.0003	11.9284
700000.0003	11.6934
700000.0003	11.8314
700000.0003	11.701
700000.0003	11.7612
700000.0003	11.6206
700000.0003	11.6261
700000.0003	11.5373
700000.0003	11.5226
700000.0003	11.4617
700000.0003	11.412
700000.0003	11.2864
700000.0003	11.3777
700000.0003	11.3262
700000.0003	11.2715
700000.0003	11.2139
700000.0003	11.2337
700000.0003	11.2392
700000.0003	11.1856
700000.0003	11.1535
700000.0003	11.0755
700000.0003	11.1442
700000.0003	10.9892
700000.0003	11.0122
700000.0003	10.9837
700000.0003	10.9697
700000.0003	10.9891
700000.0003	10.8887
700000.0003	10.9685
700000.0003	10.8576
700000.0003	10.9039
700000.0003	10.8902
700000.0003	10.9003
700000.0003	10.8449
700000.0003	10.8444
700000.0003	10.9013
700000.0003	10.8406
700000.0003	10.8127
700000.0003	10.7819
700000.0003	10.7645
700000.0003	10.7524
700000.0003	10.8402
700000.0003	10.8181
700000.0003	10.786
700000.0003	10.6459
700000.0003	10.7336
700000.0003	10.6787
700000.0003	10.6993
700000.0003	10.6706
700000.0003	10.692
700000.0003	10.6299
700000.0003	10.7429
700000.0003	10.7178
700000.0003	10.6832
700000.0003	10.7084
700000.0003	10.6692
700000.0003	10.6351
700000.0003	10.6806
700000.0003	10.6121
700000.0003	10.6357
700000.0003	10.7057
700000.0003	10.6491
700000.0003	10.7428
700000.0003	10.6933
700000.0003	10.6673
700000.0003	10.5874
700000.0003	10.6466
700000.0003	10.6015
700000.0003	10.5889
700000.0003	10.7085
700000.0003	10.6427
700000.0003	10.5887
700000.0003	10.6587
700000.0003	10.6509
700000.0003	10.6287
700000.0003	10.6251
700000.0003	10.6166
700000.0003	10.6135
700000.0003	10.5604
700000.0003	10.5521
700000.0003	10.4832
700000.0003	10.5597
700000.0003	10.4156
700000.0003	10.4486
700000.0003	10.43
700000.0003	10.3833
700000.0003	10.4112
700000.0003	10.3322
700000.0003	10.3187
700000.0003	10.244
700000.0003	10.2012
700000.0003	10.1705
700000.0003	10.1418
700000.0003	10.1433
700000.0003	10.0518
700000.0003	9.99882
700000.0003	9.96592
700000.0003	9.87301
700000.0003	9.86915
700000.0003	9.79465
700000.0003	9.74341
700000.0003	9.65448
700000.0003	9.60594
700000.0003	9.54995
700000.0003	9.51073
700000.0003	9.38847
700000.0003	9.4153
700000.0003	9.28536
700000.0003	9.19505
700000.0003	9.2575
700000.0003	9.12528
700000.0003	8.99659
700000.0003	9.01833
700000.0003	8.92314
700000.0003	8.8403
700000.0003	8.71251
700000.0003	8.69227
700000.0003	8.64804
700000.0003	8.53752
700000.0003	8.45745
700000.0003	8.4537
700000.0003	8.34154
700000.0003	8.24077
700000.0003	8.14939
700000.0003	8.10128
700000.0003	8.03229
700000.0003	7.94864
700000.0003	7.91273
700000.0003	7.76697
700000.0003	7.69945
700000.0003	7.61735
700000.0003	7.51982
700000.0003	7.46605
700000.0003	7.35198
700000.0003	7.30557
700000.0003	7.22506
700000.0003	7.09754
700000.0003	7.09815
700000.0003	6.98819
700000.0003	6.8941
700000.0003	6.82529
700000.0003	6.74924
700000.0003	6.68571
700000.0003	6.59758
700000.0003	6.51238
700000.0003	6.44933
700000.0003	6.41101
700000.0003	6.33954
700000.0003	6.24355
700000.0003	6.17636
700000.0003	6.12834
700000.0003	6.05351
700000.0003	6.03267
700000.0003	5.96949
700000.0003	5.91587
700000.0003	5.85481
700000.0003	5.81552
700000.0003	5.7856
700000.0003	5.72555
700000.0003	5.69955
700000.0003	5.69304
700000.0003	5.64917
700000.0003	5.60355
700000.0003	5.55448
700000.0003	5.53984
700000.0003	5.4802
700000.0003	5.44657
700000.0003	5.37191
700000.0003	5.3272
700000.0003	5.24393
700000.0003	5.11527
700000.0003	4.99075
700000.0003	4.84446
700000.0003	4.66593
700000.0003	4.46133
700000.0003	4.24661
700000.0003	4.02073
700000.0003	3.79617
700000.0003	3.54229
700000.0003	3.29202
700000.0003	3.03718
700000.0003	2.789
700000.0003	2.56085
700000.0003	2.3374
700000.0003	2.12189
700000.0003	1.93389
700000.0003	1.74722
700000.0003	1.57644
700000.0003	1.42334
700000.0003	1.28023
700000.0003	1.1517
700000.0003	1.03567
700000.0003	0.92692
700000.0003	0.826536
700000.0003	0.733923
700000.0003	0.651148
700000.0003	0.574777
700000.0003	0.507298
700000.0003	0.444736
700000.0003	0.389322
700000.0003	0.341665
700000.0003	0.295457
700000.0003	0.256043
700000.0003	0.220158
700000.0003	0.188774
700000.0003	0.159663
700000.0003	0.136403
700000.0003	0.115742
700000.0003	0.0975288
700000.0003	0.0822569
700000.0003	0.0687855
700000.0003	0.0577735
700000.0003	0.0481828
700000.0003	0.0402689
700000.0003	0.033733
700000.0003	0.0283612
700000.0003	0.0241223
700000.0003	0.0201612
700000.0003	0.0170274
700000.0003	0.0145235
700000.0003	0.0126614
700000.0003	0.0108475
700000.0003	0.00955479
700000.0003	0.00845765
700000.0003	0.00749229
700000.0003	0.00676259
700000.0003	0.00622454
700000.0003	0.00578846
700000.0003	0.00557093
700000.0003	0.00519854
700000.0003	0.00520229
700000.0003	0.00504121
700000.0003	0.00492069
700000.0003	0.00487296
700000.0003	0.00478836
700000.0003	0.00468753
700000.0003	0.00458498
700000.0003	0.00456396
700000.0003	0.00451789
700000.0003	0.00447405
700000.0003	0.00445447
700000.0003	0.00436532
700000.0003	0.00433947
700000.0003	0.00437556
700000.0003	0.00432788
700000.0003	0.00431487
700000.0003	0.00427747
700000.0003	0.00428221
700000.0003	0.00425572
700000.0003	0.0042016
700000.0003	0.00419614
700000.0003	0.00421104
700000.0003	0.00417273
700000.0003	0.00417589
700000.0003	0.00416214
700000.0003	0.0041346
700000.0003	0.00418419
700000.0003	0.0041304
700000.0003	0.00413063
700000.0003	0.00415557
700000.0003	0.0041178
700000.0003	0.00411486
700000.0003	0.00411279
700000.0003	0.00409785
700000.0003	0.00411172
700000.0003	0.00410848
700000.0003	0.00413404
700000.0003	0.00411098
700000.0003	0.00410047
700000.0003	0.00411056
700000.0003	0.004112
700000.0003	0.00411513
700000.0003	0.0041199
700000.0003	0.00409767
700000.0003	0.00414648
700000.0003	0.00409829
700000.0003	0.00417609
700000.0003	0.00412974
700000.0003	0.00414997
700000.0003	0.00414573
700000.0003	0.00415623
700000.0003	0.0041229
700000.0003	0.00417135
700000.0003	0.00418283
700000.0003	0.00418837
700000.0003	0.00423667
700000.0003	0.00421535
700000.0003	0.00420668
700000.0003	0.00426474
700000.0003	0.00435022
700000.0003	0.00427604
700000.0003	0.00427855
700000.0003	0.00434775
700000.0003	0.00434262
700000.0003	0.0044081
700000.0003	0.00444276
700000.0003	0.00443353
700000.0003	0.00447244
700000.0003	0.00452238
700000.0003	0.0045352
700000.0003	0.00458113
700000.0003	0.00469605
700000.0003	0.00467146
700000.0003	0.00473676
700000.0003	0.00478556
700000.0003	0.00492444
700000.0003	0.00495551
700000.0003	0.00506506
700000.0003	0.00509617
700000.0003	0.00519616
700000.0003	0.00540233
700000.0003	0.00562385
700000.0003	0.00563036
700000.0003	0.00589567
700000.0003	0.00614305
700000.0003	0.00634149
700000.0003	0.00668606
700000.0003	0.00689428
700000.0003	0.00722552
700000.0003	0.00765854
700000.0003	0.00806656
700000.0003	0.00867047
700000.0003	0.00933015
700000.0003	0.00992917
700000.0003	0.0106992
700000.0003	0.0117207
700000.0003	0.0126562
700000.0003	0.0138491
700000.0003	0.0153708
700000.0003	0.0168182
