700000.0003	27.766
700000.0003	100.909
700000.0003	201.737
700000.0003	344.237
700000.0003	528.79
700000.0003	776.089
700000.0003	1077.7
700000.0003	1424.52
700000.0003	1821.58
700000.0003	2290.32
700000.0003	2779.93
700000.0003	3308.07
700000.0003	3877.89
700000.0003	4430.55
700000.0003	5016.73
700000.0003	5530.66
700000.0003	5990.24
700000.0003	6365.9
700000.0003	6682.28
700000.0003	6890.24
700000.0003	7034.53
700000.0003	7102.88
700000.0003	7142.41
700000.0003	7049.45
700000.0003	6960.85
700000.0003	6764.03
700000.0003	6582.29
700000.0003	6343.65
700000.0003	6079.45
700000.0003	5757.22
700000.0003	5351.56
700000.0003	4960.33
700000.0003	4525.49
700000.0003	4079.41
700000.0003	3510.84
700000.0003	2964.31
700000.0003	2369.1
700000.0003	1736.02
700000.0003	1066.77
700000.0003	364.821
700000.0003	0
700000.0003	0
700000.0003	0
700000.0003	0
700000.0003	0
700000.0003	0
700000.0003	0
700000.0003	0
700000.0003	0
700000.0003	0
700000.0003	0
700000.0003	0
700000.0003	0
700000.0003	0
700000.0003	0
700000.0003	0
700000.0003	0
700000.0003	0
700000.0003	0
700000.0003	0
700000.0003	0
700000.0003	0
700000.0003	0
700000.0003	0
700000.0003	0
700000.0003	0
700000.0003	0
700000.0003	0
700000.0003	0
700000.0003	0
700000.0003	0
700000.0003	0
700000.0003	0
700000.0003	0
700000.0003	0
700000.0003	0
700000.0003	0
700000.0003	0
700000.0003	0
700000.0003	0
700000.0003	0
700000.0003	0
700000.0003	0
700000.0003	0
700000.0003	0
700000.0003	0
700000.0003	0
700000.0003	0
700000.0003	0
700000.0003	0
700000.0003	0
700000.0003	0
700000.0003	0
700000.0003	0
700000.0003	0
700000.0003	0
700000.0003	0
700000.0003	0
700000.0003	0
700000.0003	0
700000.0003	0
700000.0003	0
700000.0003	0
700000.0003	0
700000.0003	0
700000.0003	0
700000.0003	0
700000.0003	0
700000.0003	0
700000.0003	0
700000.0003	0
700000.0003	0
700000.0003	0
700000.0003	0
700000.0003	0
700000.0003	0
700000.0003	0
700000.0003	0
700000.0003	0
700000.0003	0
700000.0003	0
700000.0003	0
700000.0003	0
700000.0003	0
700000.0003	0
700000.0003	0
700000.0003	0
700000.0003	0
700000.0003	0
700000.0003	0
700000.0003	0
700000.0003	0
700000.0003	0
700000.0003	0
700000.0003	0
700000.0003	0
700000.0003	0
700000.0003	0
700000.0003	0
700000.0003	0
700000.0003	-23.5535
700000.0003	-70.6843
700000.0003	-116.405
700000.0003	-161.847
700000.0003	-207.273
700000.0003	-250.746
700000.0003	-295.657
700000.0003	-339.574
700000.0003	-381.222
700000.0003	-420.716
700000.0003	-468.135
700000.0003	-504.89
700000.0003	-548.395
700000.0003	-583.449
700000.0003	-631.352
700000.0003	-669.79
700000.0003	-707.751
700000.0003	-741.272
700000.0003	-778.427
700000.0003	-817.565
700000.0003	-846.224
700000.0003	-883.758
700000.0003	-919.914
700000.0003	-951.663
700000.0003	-993.449
700000.0003	-1017.15
700000.0003	-1054.27
700000.0003	-1082.19
700000.0003	-1119.72
700000.0003	-1149.84
700000.0003	-1175.27
700000.0003	-1211.47
700000.0003	-1231.89
700000.0003	-1266.02
700000.0003	-1283.18
700000.0003	-1323.1
700000.0003	-1341.96
700000.0003	-1376.54
700000.0003	-1407.87
700000.0003	-1425.06
700000.0003	-1453.93
700000.0003	-1468.68
700000.0003	-1496.73
700000.0003	-1509.54
700000.0003	-1525.15
700000.0003	-1556.8
700000.0003	-1585.87
700000.0003	-1597.4
700000.0003	-1618.51
700000.0003	-1637.09
700000.0003	-1661.8
700000.0003	-1674.2
700000.0003	-1683.43
700000.0003	-1714.89
700000.0003	-1723.35
700000.0003	-1739.06
700000.0003	-1758.22
700000.0003	-1768.07
700000.0003	-1787.39
700000.0003	-1796.86
700000.0003	-1812.23
700000.0003	-1828.38
700000.0003	-1837.75
700000.0003	-1833.29
700000.0003	-1855.81
700000.0003	-1855.81
700000.0003	-1866.92
700000.0003	-1887
700000.0003	-1881.54
700000.0003	-1893.34
700000.0003	-1898.6
700000.0003	-1903.17
700000.0003	-1909.63
700000.0003	-1915.37
700000.0003	-1912.79
700000.0003	-1923.92
700000.0003	-1931.91
700000.0003	-1926.21
700000.0003	-1923.44
700000.0003	-1929.18
700000.0003	-1927.63
700000.0003	-1920.68
700000.0003	-1922.67
700000.0003	-1922.43
700000.0003	-1929.25
700000.0003	-1924.24
700000.0003	-1914.48
700000.0003	-1901.67
700000.0003	-1910.99
700000.0003	-1895.87
700000.0003	-1889.34
700000.0003	-1878.66
700000.0003	-1880.96
700000.0003	-1865.15
700000.0003	-1848.77
700000.0003	-1836.63
700000.0003	-1813.61
700000.0003	-1808.31
700000.0003	-1787.94
700000.0003	-1763.29
700000.0003	-1731.61
700000.0003	-1720.29
700000.0003	-1685.66
700000.0003	-1653.16
700000.0003	-1619.93
700000.0003	-1579.46
700000.0003	-1539.85
700000.0003	-1493.58
700000.0003	-1451.03
700000.0003	-1394.26
700000.0003	-1343.25
700000.0003	-1287.63
700000.0003	-1223.83
700000.0003	-1164.69
700000.0003	-1099.5
700000.0003	-1040.04
700000.0003	-970.264
700000.0003	-913.018
700000.0003	-848.839
700000.0003	-790.43
700000.0003	-730.741
700000.0003	-670.899
700000.0003	-617.773
700000.0003	-562.807
700000.0003	-511.618
700000.0003	-465.914
700000.0003	-418.468
700000.0003	-376.163
700000.0003	-337.178
700000.0003	-300.669
700000.0003	-265.904
700000.0003	-232.165
700000.0003	-205.361
700000.0003	-178.856
700000.0003	-155.754
700000.0003	-134.715
700000.0003	-115.092
700000.0003	-99.6151
700000.0003	-84.8265
700000.0003	-72.6928
700000.0003	-61.7683
700000.0003	-52.4367
700000.0003	-44.4263
700000.0003	-37.3353
700000.0003	-31.7037
700000.0003	-26.4711
700000.0003	-22.0601
700000.0003	-18.7467
700000.0003	-15.8311
700000.0003	-12.9813
700000.0003	-10.895
700000.0003	-8.893
700000.0003	-7.49997
700000.0003	-5.98426
700000.0003	-4.82468
700000.0003	-3.70633
700000.0003	-2.76507
700000.0003	-1.9138
700000.0003	-1.09247
700000.0003	-0.366722
700000.0003	0
700000.0003	0
700000.0003	0
700000.0003	0
700000.0003	0
700000.0003	0
700000.0003	0
700000.0003	0
700000.0003	0
700000.0003	0
700000.0003	0
700000.0003	0
700000.0003	0
700000.0003	0
700000.0003	0
700000.0003	0
700000.0003	0
700000.0003	0
700000.0003	0
700000.0003	0
700000.0003	0
700000.0003	0
700000.0003	0
700000.0003	0
700000.0003	0
700000.0003	0
700000.0003	0
700000.0003	0
700000.0003	0
700000.0003	0
700000.0003	0
700000.0003	0
700000.0003	0
700000.0003	0
700000.0003	0
700000.0003	0
700000.0003	0
700000.0003	0
700000.0003	0
700000.0003	0
700000.0003	0
700000.0003	0
700000.0003	0
700000.0003	0
700000.0003	0
700000.0003	0
700000.0003	0
700000.0003	0
700000.0003	0
700000.0003	0
700000.0003	0
700000.0003	0
700000.0003	0
700000.0003	0
700000.0003	0
700000.0003	0
700000.0003	0
700000.0003	0
700000.0003	0
700000.0003	0
700000.0003	0
700000.0003	0
700000.0003	0
700000.0003	0
700000.0003	0
700000.0003	0
700000.0003	0
700000.0003	0
700000.0003	0
700000.0003	0
700000.0003	0
700000.0003	0
700000.0003	0
700000.0003	0
700000.0003	0
700000.0003	0
700000.0003	0
700000.0003	0
700000.0003	0
700000.0003	0
700000.0003	0
700000.0003	0
700000.0003	0
700000.0003	0
700000.0003	0
700000.0003	0
700000.0003	0
700000.0003	0
700000.0003	0
700000.0003	0
700000.0003	0
700000.0003	0
700000.0003	0
700000.0003	0
700000.0003	0
700000.0003	0
700000.0003	0
700000.0003	0
700000.0003	0
700000.0003	0
700000.0003	0.0610861
700000.0003	-0.137717
700000.0003	1.6747
700000.0003	-2.8308
700000.0003	-1.81501
700000.0003	-0.213318
700000.0003	1.223
700000.0003	7.31644
700000.0003	5.71431
700000.0003	-6.79278
700000.0003	4.68096
700000.0003	-2.30783
700000.0003	-1.47158
700000.0003	-8.57186
700000.0003	12.7863
700000.0003	5.27123
700000.0003	22.4794
700000.0003	-7.71995
700000.0003	7.03743
700000.0003	8.33249
700000.0003	-6.7005
700000.0003	-12.6336
700000.0003	-32.6603
700000.0003	11.9028
700000.0003	0.221207
700000.0003	-29.5915
700000.0003	7.72203
700000.0003	6.06311
700000.0003	7.67991
700000.0003	-11.5882
700000.0003	21.4753
700000.0003	20.5435
700000.0003	-10.2606
700000.0003	17.3457
700000.0003	18.0535
700000.0003	-10.1864
700000.0003	-1.18842
700000.0003	9.751
700000.0003	6.40313
700000.0003	-0.0218131
700000.0003	0
700000.0003	0
700000.0003	0
700000.0003	0
700000.0003	0
700000.0003	0
700000.0003	0
700000.0003	0
700000.0003	0
700000.0003	0
700000.0003	0
700000.0003	0
700000.0003	0
700000.0003	0
700000.0003	0
700000.0003	0
700000.0003	0
700000.0003	0
700000.0003	0
700000.0003	0
700000.0003	0
700000.0003	0
700000.0003	0
700000.0003	0
700000.0003	0
700000.0003	0
700000.0003	0
700000.0003	0
700000.0003	0
700000.0003	0
700000.0003	0
700000.0003	0
700000.0003	0
700000.0003	0
700000.0003	0
700000.0003	0
700000.0003	0
700000.0003	0
700000.0003	0
700000.0003	0
700000.0003	0
700000.0003	0
700000.0003	0
700000.0003	0
700000.0003	0
700000.0003	0
700000.0003	0
700000.0003	0
700000.0003	0
700000.0003	0
700000.0003	0
700000.0003	0
700000.0003	0
700000.0003	0
700000.0003	0
700000.0003	0
700000.0003	0
700000.0003	0
700000.0003	0
700000.0003	0
700000.0003	0
700000.0003	0
700000.0003	0
700000.0003	0
700000.0003	0
700000.0003	0
700000.0003	0
700000.0003	0
700000.0003	0
700000.0003	0
700000.0003	0
700000.0003	0
700000.0003	0
700000.0003	0
700000.0003	0
700000.0003	0
700000.0003	0
700000.0003	0
700000.0003	0
700000.0003	0
700000.0003	0
700000.0003	0
700000.0003	0
700000.0003	0
700000.0003	0
700000.0003	0
700000.0003	0
700000.0003	0
700000.0003	0
700000.0003	0
700000.0003	0
700000.0003	0
700000.0003	0
700000.0003	0
700000.0003	0
700000.0003	0
700000.0003	0
700000.0003	0
700000.0003	0
700000.0003	0
700000.0003	0.0109683
700000.0003	-0.2858
700000.0003	-0.0438198
700000.0003	0.556175
700000.0003	-0.37329
700000.0003	-0.612892
700000.0003	-1.88463
700000.0003	2.0984
700000.0003	1.0578
700000.0003	-0.516725
700000.0003	1.18678
700000.0003	0.498722
700000.0003	-0.237959
700000.0003	0.312528
700000.0003	-0.153369
700000.0003	0.594573
700000.0003	2.15323
700000.0003	2.39246
700000.0003	-1.62756
700000.0003	1.69616
700000.0003	5.93365
700000.0003	-1.09922
700000.0003	-2.263
700000.0003	-1.13674
700000.0003	-2.60289
700000.0003	1.31751
700000.0003	-0.369606
700000.0003	-1.4445
700000.0003	-3.37673
700000.0003	0.346237
700000.0003	-1.96115
700000.0003	-3.05401
700000.0003	-5.80722
700000.0003	-6.05377
700000.0003	2.50448
700000.0003	-3.17567
700000.0003	8.53186
700000.0003	-0.170828
700000.0003	2.1097
700000.0003	5.04768
700000.0003	-4.31284
700000.0003	2.60843
700000.0003	-3.22769
700000.0003	-0.75385
700000.0003	-4.42807
700000.0003	2.3641
700000.0003	2.6399
700000.0003	5.59951
700000.0003	-3.0995
700000.0003	-2.21219
700000.0003	2.34661
700000.0003	-2.18786
700000.0003	-0.570212
700000.0003	-8.45675
700000.0003	-3.95878
700000.0003	-0.265834
700000.0003	2.77398
700000.0003	-1.45446
700000.0003	0.53719
700000.0003	-2.9069
700000.0003	0.766219
700000.0003	1.07222
700000.0003	2.23279
700000.0003	10.277
700000.0003	2.59106
700000.0003	-5.55679
700000.0003	5.86465
700000.0003	0.594088
700000.0003	-4.94298
700000.0003	-0.844748
700000.0003	2.75127
700000.0003	1.82016
700000.0003	-7.34217
700000.0003	2.42207
700000.0003	4.31328
700000.0003	-3.86458
700000.0003	5.65733
700000.0003	2.52636
700000.0003	-6.04624
700000.0003	3.0204
700000.0003	4.39736
700000.0003	3.98021
700000.0003	-1.18872
700000.0003	-3.78003
700000.0003	-2.41275
700000.0003	0.543865
700000.0003	-3.20921
700000.0003	-3.68422
700000.0003	-1.62766
700000.0003	-1.77786
700000.0003	0.203839
700000.0003	2.42406
700000.0003	-3.66345
700000.0003	-3.26642
700000.0003	-4.05675
700000.0003	-4.35492
700000.0003	-4.0605
700000.0003	-3.62495
700000.0003	1.77349
700000.0003	-1.41363
700000.0003	-2.86374
700000.0003	-2.42059
700000.0003	-2.39634
700000.0003	-8.40898
700000.0003	4.49201
700000.0003	1.3089
700000.0003	0.207875
700000.0003	1.16138
700000.0003	1.36336
700000.0003	-0.375425
700000.0003	1.14311
700000.0003	-1.29482
700000.0003	4.98437
700000.0003	0.320028
700000.0003	0.737636
700000.0003	0.321229
700000.0003	1.73975
700000.0003	0.0192349
700000.0003	1.84685
700000.0003	-0.488965
700000.0003	-0.254948
700000.0003	-0.624091
700000.0003	1.65921
700000.0003	1.34924
700000.0003	-0.897846
700000.0003	0.46028
700000.0003	-0.870098
700000.0003	-0.566958
700000.0003	0.126778
700000.0003	1.29211
700000.0003	-0.247142
700000.0003	-0.0947882
700000.0003	-0.497982
700000.0003	-1.2656
700000.0003	-0.348318
700000.0003	-0.665142
700000.0003	0.603084
700000.0003	0.271169
700000.0003	-0.259741
700000.0003	0.828172
700000.0003	-0.0219337
700000.0003	-0.126629
700000.0003	-0.0188523
700000.0003	0.112031
700000.0003	-0.215948
700000.0003	0.0644738
700000.0003	0.0113112
700000.0003	0.250929
700000.0003	0.072003
700000.0003	0.229544
700000.0003	0.0053251
700000.0003	-0.0934253
700000.0003	0.029464
700000.0003	-0.0891708
700000.0003	-0.0070009
700000.0003	-0.0274959
700000.0003	-0.000723605
700000.0003	0.0229929
700000.0003	-0.00965627
700000.0003	-0.000342996
700000.0003	0
700000.0003	0
700000.0003	0
700000.0003	0
700000.0003	0
700000.0003	0
700000.0003	0
700000.0003	0
700000.0003	0
700000.0003	0
700000.0003	0
700000.0003	0
700000.0003	0
700000.0003	0
700000.0003	0
700000.0003	0
700000.0003	0
700000.0003	0
700000.0003	0
700000.0003	0
700000.0003	0
700000.0003	0
700000.0003	0
700000.0003	0
700000.0003	0
700000.0003	0
700000.0003	0
700000.0003	0
700000.0003	0
700000.0003	0
700000.0003	0
700000.0003	0
700000.0003	0
700000.0003	0
700000.0003	0
700000.0003	0
700000.0003	0
700000.0003	0
700000.0003	0
700000.0003	0
700000.0003	0
700000.0003	0
700000.0003	0
700000.0003	0
700000.0003	0
700000.0003	0
700000.0003	0
700000.0003	0
700000.0003	0
700000.0003	0
700000.0003	0
700000.0003	0
700000.0003	0
700000.0003	0
700000.0003	0
700000.0003	0
700000.0003	0
700000.0003	0
700000.0003	0
700000.0003	0
700000.0003	0
700000.0003	0
700000.0003	0
700000.0003	0
700000.0003	0
700000.0003	0
700000.0003	0
700000.0003	0
700000.0003	0
700000.0003	0
700000.0003	0
700000.0003	0
700000.0003	0
700000.0003	0
700000.0003	0
700000.0003	0
700000.0003	0
700000.0003	0
700000.0003	0
700000.0003	0
700000.0003	0
700000.0003	0
700000.0003	0
700000.0003	0
700000.0003	0
700000.0003	0
700000.0003	0
700000.0003	0
700000.0003	0
700000.0003	0
700000.0003	0
700000.0003	0
700000.0003	0
700000.0003	0
700000.0003	0
700000.0003	0
700000.0003	0
700000.0003	0
700000.0003	0
700000.0003	0
