700000.0003	2960.46	2959.67	2958.97	2959.16	2960.92	2964.3	2956.32	2957.78	2958.27	2953.14	2955.27	2959.6	2957.77	2955.31	2958.28
700000.0003	1530.99	1533.96	1536.12	1531.14	1536.34	1536.18	1532.08	1532.43	1529.62	1528.62	1530.99	1532.48	1531.72	1531.7	1533.32
700000.0003	193.46	193.541	193.775	194.076	193.771	194.736	193.657	193.172	192.268	192.874	193.071	193.11	193.094	193.244	194.376
700000.0003	32.7689	32.0064	31.7134	31.9606	32.5121	32.5647	32.1264	31.6128	32.2071	32.0704	31.7195	31.8036	32.1739	31.8081	32.7568
700000.0003	19.3125	19.1886	19.4633	19.0835	19.6304	19.3261	19.0091	19.4307	19.0628	19.4015	19.4508	19.0559	19.4156	19.3411	19.4013
700000.0003	16.5241	16.7386	16.6377	16.4987	16.497	17.0059	16.7382	16.9678	16.4595	16.35	16.5652	16.787	16.4781	16.4748	16.7123
700000.0003	15.1631	15.1354	14.9846	15.4838	15.5414	15.3991	15.6814	15.4107	15.1584	15.4529	15.2302	15.2374	14.995	15.3035	15.6274
700000.0003	14.5639	14.184	14.1215	14.2736	14.309	14.245	14.6524	14.4076	14.6792	14.409	14.3621	14.807	14.5091	14.5218	14.4107
700000.0003	14.2062	14.2403	13.7325	14.2102	13.7708	13.9404	14.0738	13.8872	14.1296	13.9317	13.9859	13.926	14.1814	14.187	14.2216
700000.0003	13.7772	13.6281	13.698	13.9878	13.7706	13.8263	13.9271	13.7628	13.5403	13.6903	13.4669	13.3994	13.7072	13.6571	13.7793
700000.0003	13.371	13.5652	13.1054	13.4951	13.5543	13.5654	13.7502	13.3012	13.7206	13.6222	13.6246	13.553	13.1718	13.4931	13.6261
700000.0003	13.2247	13.9511	12.9706	13.6736	13.7457	13.2153	13.4602	13.2837	13.2396	13.3253	13.638	13.2707	13.0969	13.6555	13.0869
700000.0003	13.2116	13.4416	13.379	13.3227	13.4257	13.2765	13.2417	13.5541	13.0042	13.1773	13.3996	13.2965	13.3954	13.1998	13.1952
700000.0003	13.1669	13.504	13.7048	13.3879	13.0811	13.122	13.2133	13.3685	13.6103	13.0122	13.0718	13.1631	13.6104	13.2846	12.9911
700000.0003	13.4314	13.3883	13.3111	13.3685	13.1788	13.2544	13.521	13.2142	13.3419	13.2181	13.3678	13.2963	13.3976	13.4196	13.2986
700000.0003	13.5832	13.9744	13.9332	13.837	13.9822	13.8385	13.4237	14.3199	13.9483	14.2858	14.2603	14.0379	13.7323	13.7074	13.9779
700000.0003	15.0011	15.1705	14.8743	15.2345	14.5782	14.8775	15.0986	14.9463	15.1361	15.1447	15.4541	14.9147	15.0768	15.0462	15.1116
700000.0003	16.8725	17.2123	16.854	17.2262	16.8657	16.8983	16.8247	16.8477	16.8537	17.3079	16.8989	17.1346	16.8314	17.0499	16.8895
700000.0003	19.5544	19.9037	19.7407	20.1356	19.7722	19.6274	19.8027	20.0168	19.9243	19.9591	20.0574	19.6055	19.9599	19.964	20.0822
700000.0003	24.1203	23.7368	23.9131	23.4554	24.1034	23.7546	24.0627	24.4134	24.2394	23.82	23.9585	24.1705	23.9525	24.1719	23.8697
700000.0003	30.8224	30.7294	30.68	30.2201	30.6773	30.4473	30.772	30.9864	30.5062	30.4423	30.0648	30.1309	30.9118	30.5303	30.8534
700000.0003	41.8912	41.7585	41.6484	41.848	41.7666	41.9819	42.0745	41.7937	41.9209	41.4324	41.8005	42.5437	42.2065	42.4761	41.9316
700000.0003	66.9396	67.5807	67.3964	67.371	67.4116	67.1259	67.6941	67.1905	67.5561	66.9781	68.142	67.7778	67.7882	67.6437	67.1557
700000.0003	156.743	155.461	155.294	155.263	155.01	155.161	155.185	155.14	155.274	155.641	155.608	155.315	155.558	156.468	156.307
700000.0003	515.971	515.836	516.474	515.891	515.246	513.876	515.424	513.687	516.529	515.223	515.913	517.216	517.707	518.96	517.036
700000.0003	1360.62	1360.89	1363.9	1362.32	1361.02	1362.28	1361.63	1361.13	1364.58	1362.23	1363.54	1365.94	1364.92	1366.22	1360.55
700000.0003	2199.42	2199.95	2200.58	2201.37	2202.01	2201.39	2203.03	2205.29	2201.32	2206.69	2204.74	2202.7	2206.91	2203.88	2203.69
700000.0003	2639.44	2639.46	2642.39	2640.38	2641.81	2644.82	2643.42	2643.68	2641.23	2646.09	2644.93	2644.59	2642	2645.5	2644.33
700000.0003	2783.96	2787.7	2789.68	2788.16	2786.7	2790.72	2791.46	2788.18	2790.63	2790.54	2791.85	2786.63	2791.63	2792.59	2788.66
700000.0003	2834.45	2835.14	2836.11	2835.97	2836.08	2835.18	2835.95	2836.7	2841.53	2837.91	2835.7	2832.85	2837.89	2839.76	2834
700000.0003	2866.14	2866.5	2865.43	2863.45	2863.58	2868.57	2866.19	2866.67	2865.26	2866.1	2865.37	2868.04	2867.85	2866.06	2862.23
700000.0003	2892	2893.95	2892.97	2893.08	2893.84	2891.95	2892.05	2890.91	2898.89	2893.99	2890.75	2890.03	2897.25	2893.29	2893.36
700000.0003	2919.39	2920.68	2920.71	2919.35	2920.32	2920.54	2919.54	2918.92	2921.25	2922.21	2918.15	2919.8	2920.46	2920.52	2921.26
700000.0003	2948.56	2948.94	2947.62	2947.89	2943.01	2947.3	2947.38	2950.38	2946.01	2943.87	2948.19	2950.16	2947.29	2942.47	2948.66
700000.0003	2977.17	2968.41	2972.87	2976.75	2979.26	2969.26	2972.8	2974.68	2976.88	2972.46	2970.98	2975.36	2971.88	2973.56	2975.46
700000.0003	3004.69	3001.43	2998.9	3001.99	3000.02	3000.86	2999.29	3004.47	2999.26	2996.96	3000.97	3002.23	2999.57	2997.54	2999.22
700000.0003	3029.7	3026.3	3025.69	3027.86	3027.23	3027.94	3028.36	3025.81	3026.15	3025.35	3028.46	3026.3	3023.47	3023.91	3030.04
700000.0003	3049.47	3052.12	3056.73	3055.77	3054.18	3051.66	3053.13	3053.36	3053.98	3050.45	3052.28	3051.49	3055.3	3051.57	3054.19
700000.0003	3078.51	3079.35	3078.46	3078.27	3078.18	3082.58	3079.92	3075.88	3075.47	3076.1	3078.31	3077.85	3076.34	3077.43	3079.32
700000.0003	3096.06	3098.88	3096.82	3098.51	3098.96	3101.27	3097.59	3095	3094.41	3093.06	3093.5	3097.17	3096.8	3095.77	3095.39
700000.0003	0.0969173	-0.638944	0.38876	0.771092	0.168466	0.185862	-0.6103	-0.87651	-0.217058	1.08274	-0.0049857	0.79008	0.404128	-0.115271	0.426175
700000.0003	-0.65981	1.78726	-1.0004	-0.2071	-0.561961	-0.588038	0.989148	0.787117	-0.48276	-0.787111	1.71127	-0.522429	1.1667	0.928296	0.317445
700000.0003	-0.309969	0.0792407	0.308714	0.131679	0.394265	-0.112196	-0.37844	0.152488	0.190582	0.455873	-0.774601	0.102948	0.109685	0.0484502	0.403394
700000.0003	-0.0989288	0.0860905	-0.160627	0.00351265	0.0268819	-0.257866	-0.0224411	-0.204794	0.0541933	0.31208	-0.101971	-0.12186	0.0528203	0.217927	-0.178058
700000.0003	0.0144822	-0.120961	-0.0536086	-0.0496865	0.114018	-0.03439	-0.0228895	0.205668	0.272815	-0.334594	0.0652464	-0.126131	0.0616336	-0.194772	-0.133109
700000.0003	0.0395355	0.053901	-0.0294071	0.184206	-0.0671301	-0.00565282	0.0867777	-0.121762	-0.0647272	0.000935753	-0.174394	0.136638	0.180796	-0.257239	0.139198
700000.0003	0.0341563	0.0130226	-0.0817154	-0.0791631	-0.0478764	-0.170421	-0.0122642	0.0348558	0.170259	0.177712	0.0339437	0.0183247	0.091669	0.0126095	-0.0744826
700000.0003	-0.0403213	0.0238758	0.00924476	-0.0106506	0.0605998	0.145949	-0.0588222	-0.0427039	-0.0343454	-0.00498712	0.0584717	-0.0646794	0.0806515	0.175772	-0.0608522
700000.0003	0.0499387	0.189189	0.0637612	0.0438041	-0.0368668	0.143064	-0.0526829	-0.0499768	0.078286	-0.0839477	-0.354817	0.257245	0.272421	-0.101627	0.159122
700000.0003	-0.00481607	0.06633	-0.00298772	-0.0827515	0.0291754	0.0205103	-0.137696	0.0146658	0.0867581	0.160316	0.00103862	-0.00705332	-0.0798658	0.333574	0.209938
700000.0003	-0.0351444	0.114664	0.0213941	0.0393953	-0.207171	-0.0156652	0.034456	-0.0804677	0.104363	0.0279044	0.026038	0.105281	-0.0367969	-0.00022421	-0.053343
700000.0003	0.0504285	0.00814623	0.0706867	-0.179589	-0.0202499	0.194445	0.215092	-0.0936533	0.040204	0.0965648	-0.107765	-0.136332	-0.0295723	-0.084393	0.033182
700000.0003	-0.0833749	-0.0391241	0.0766435	0.118252	0.267372	0.0997405	-0.0398769	-0.073454	0.00621699	0.0873388	-0.096467	0.167892	-0.00885571	-0.0810662	-0.0441452
700000.0003	0.11396	-0.0826292	0.120462	-0.0484064	-0.13292	-0.215491	-0.113159	0.00636231	-0.0137218	0.107592	-0.0260934	0.010686	-0.100332	0.0258705	0.140467
700000.0003	0.111245	0.0597439	-0.0536572	0.13828	0.120551	0.00440965	0.0734708	0.0453729	-0.0909982	0.159597	-0.0103	-0.0736122	-0.0434591	0.00281487	0.129489
700000.0003	-0.122051	0.0100577	-0.0980889	-0.139738	0.0330157	-0.0376436	0.0978769	-0.103669	0.0640664	-0.0568836	0.0499989	0.0173908	0.116094	-0.0306417	0.0885519
700000.0003	-0.0605538	-0.0504307	-0.122635	0.00422286	-0.0926025	0.104354	0.0440773	-0.135271	-0.0308978	-0.227864	0.165254	0.109891	0.0153875	-0.226285	0.119772
700000.0003	-0.176225	0.0263355	-0.095722	0.12856	-0.0483352	-0.0232919	-0.0954863	0.0507476	-0.102999	0.0201403	0.0692677	0.314534	0.31361	0.0668809	-0.148154
700000.0003	-0.171866	0.215187	0.0858977	-0.104742	-0.0456378	0.00928605	0.179739	-0.0716188	-0.0632385	-0.1071	-0.0811712	-0.17378	0.13986	-0.0339822	0.122236
700000.0003	0.191917	-0.080301	-0.0417748	0.0374724	0.137775	0.00869954	-0.177502	0.201862	0.0337991	0.0497014	-0.123932	0.0427761	0.262038	0.0613577	0.066229
700000.0003	-0.304886	-0.0343533	0.0620264	0.142373	0.0329185	0.0379895	0.042759	-0.10194	-0.308568	0.172352	0.1546	-0.23803	0.0468005	-0.240232	0.262936
700000.0003	-0.281985	0.192384	0.0226601	0.280978	-0.0320931	0.180526	0.0014187	-0.141309	0.171772	-0.0253473	0.190138	-0.0744013	0.0989286	0.0433628	0.0241274
700000.0003	0.0843229	-0.118541	-0.372509	-0.23135	-0.134623	-0.0122698	0.0721397	-0.191537	0.0150899	0.132968	0.0408572	-0.122328	-0.0967204	0.330059	-0.156647
700000.0003	-0.419822	0.164196	-0.152596	-0.241735	-0.0903337	0.282284	0.225471	-0.0867175	0.424876	-0.113465	-0.0250582	-0.526561	-0.0655066	0.435246	0.0303316
700000.0003	-0.108144	0.0880643	0.265193	-1.04921	0.382346	0.608397	0.214931	0.464438	-0.713788	0.764677	0.546007	-0.293507	0.478969	-0.463715	0.0675609
700000.0003	0.320205	-0.599477	-0.322459	-0.615359	-0.280779	0.206171	0.973977	0.526096	0.320678	0.904399	0.152745	-0.154639	-0.835302	1.41005	-0.882701
700000.0003	-0.283535	-0.712316	-0.92834	1.32821	1.48841	-0.334548	-0.0976518	0.238094	0.109339	1.23006	-0.34095	-0.498796	-0.740548	-0.0366316	0.975807
700000.0003	0.923725	0.115078	-0.0217416	0.0185529	-0.925976	0.374845	-1.41348	-0.781959	-0.0889962	-0.76793	-0.371646	0.473797	0.997561	0.398219	1.21555
700000.0003	0.305004	0.217773	0.0811421	-0.890283	-1.14284	-0.310187	-0.37618	0.358143	-0.448089	-1.01159	0.408813	-0.00639698	0.913521	1.71119	1.42968
700000.0003	1.35756	-0.237441	-0.523238	-0.984913	-0.122108	-1.21589	-1.08839	-0.727155	-0.638492	0.470089	1.43541	0.409982	-0.699041	1.04756	2.00618
700000.0003	0.0359802	-0.314977	-0.125448	-0.179006	-0.734508	-0.464153	-0.0497513	-0.710349	-0.163349	-0.876435	-0.405193	1.01034	1.98669	1.47868	1.33227
700000.0003	0.0615637	-0.333777	0.160474	-0.160645	-0.365148	-0.113282	-1.38058	-0.28891	0.248813	0.231123	0.000593716	-0.0246244	0.907617	1.31187	1.83691
700000.0003	1.26435	1.06004	-0.775176	-0.592612	-0.326001	0.382842	0.129659	-1.25815	-0.918125	-0.301577	0.447759	0.470433	0.0750163	0.888333	1.13066
700000.0003	0.317658	0.48807	1.71397	0.448455	-0.920783	-0.846931	-0.708752	0.148995	-0.561238	-1.10647	-1.22846	0.196862	0.381862	-0.00136154	0.0145767
700000.0003	0.181464	-0.557209	0.951553	0.592258	-0.196498	-0.257881	-0.903942	-1.36132	-0.824283	-0.180634	-0.274312	-0.283923	-0.462154	-0.440215	1.15761
700000.0003	-0.0670245	-0.0193793	-0.0148603	0.595019	0.648818	-1.02912	-1.71599	-1.34633	0.0735814	-0.0371801	-0.462877	-1.38116	-0.0521503	0.664715	0.565049
700000.0003	0.949636	1.43775	0.565667	-1.00449	-0.0733482	-0.486238	-0.696346	-0.475309	-1.2309	-0.0483343	0.163628	0.824239	0.835739	-0.32165	-0.735978
700000.0003	0.625575	0.294344	0.0908034	0.922767	0.57876	-0.0209551	-1.46248	-1.43261	0.120171	-0.31839	0.681671	0.909985	0.0534251	0.760848	0.16965
700000.0003	0.967868	-0.130196	0.582243	2.41564	0.212976	-1.68885	-0.848379	-0.0621497	-1.23267	-0.262586	0.658722	0.439354	0.649194	-0.342779	0.326769
700000.0003	-0.174691	0.293571	0.312168	0.585087	1.7149	-0.861749	-1.14792	-0.334212	-0.263112	0.171611	0.355578	0.824831	-0.529419	0.684925	0.437086
700000.0003	2913.62	2911.14	2911.68	2911.19	2914.29	2913.57	2908.62	2910.91	2909.47	2909.47	2908.72	2911.55	2910.87	2910.31	2909.92
700000.0003	1605.36	1607.11	1607.53	1605.67	1608.23	1607.06	1606.95	1603.65	1603.47	1602.09	1606.05	1602.76	1602.8	1602.52	1603.4
700000.0003	174.151	173.839	174.289	173.634	174.322	174.284	173.893	173.439	173.414	172.787	172.77	174.458	174.345	172.883	173.792
700000.0003	28.8687	28.4457	27.9713	28.2998	28.4032	28.5954	27.9901	28.0641	28.4012	28.6211	28.1368	28.1567	28.3647	28.4687	28.5699
700000.0003	18.234	18.045	18.3845	18.0862	18.2466	18.3509	18.3591	18.3553	18.4706	18.4076	18.6785	18.1226	18.3183	18.3123	18.1699
700000.0003	15.9926	16.0033	16.0874	16.1942	15.8852	16.4272	16.1384	16.4873	16.3223	16.1314	16.1991	15.8235	16.0521	16.1373	16.4703
700000.0003	14.8418	14.9876	14.9176	14.9428	14.9931	15.1595	15.0948	15.1924	14.8784	15.1584	14.703	14.6831	14.8991	14.9226	15.2615
700000.0003	14.127	14.0581	13.9012	14.1197	14.1091	14.3211	14.5104	14.2526	14.7196	14.1919	14.3179	13.957	14.3622	14.4118	14.4577
700000.0003	14.0057	14.2595	13.975	13.7368	14.0559	14.0108	13.9407	13.8284	14.0083	13.965	13.8175	13.752	14.0446	14.2027	13.8901
700000.0003	13.5708	13.588	13.7303	13.6339	13.4864	13.4613	13.69	13.3337	13.4343	13.4391	13.6369	13.7079	13.4949	13.641	13.8343
700000.0003	13.6818	13.3596	13.2757	13.4678	13.5973	13.4118	13.3695	13.2647	13.7794	13.4914	13.5736	13.6907	13.5097	13.4994	13.2372
700000.0003	13.355	13.568	13.1469	13.2112	13.621	13.5354	13.6583	13.6261	13.3243	13.4322	13.5415	13.448	13.4023	13.386	13.326
700000.0003	13.4369	13.3464	13.2071	13.1171	13.7621	13.7029	13.4139	13.3366	13.2391	13.3731	13.2753	13.1374	13.1555	13.5031	13.5154
700000.0003	13.1476	13.2909	13.4894	13.2175	13.2699	13.2827	13.2761	13.3415	13.2181	13.1579	13.2406	13.4742	13.2892	13.3377	13.0914
700000.0003	13.4636	13.3636	12.9483	13.6201	13.3523	13.1106	13.4775	13.0594	13.4871	12.9003	13.1835	13.3469	13.3193	13.4231	13.2884
700000.0003	13.8674	13.9664	13.7093	13.8175	13.7111	13.8245	13.7275	13.9271	13.8887	14.1861	13.9192	13.8275	13.7416	13.7811	14.1921
700000.0003	14.9069	15.2652	14.9024	14.8349	14.8917	15.3821	15.2665	15.022	15.1733	15.2338	14.984	15.0929	14.9662	14.914	15.1831
700000.0003	16.8999	16.9883	16.786	17.0079	16.9338	16.887	17.1688	16.7257	16.8197	17.1345	17.1843	17.079	16.8345	16.9004	16.8131
700000.0003	19.58	19.8644	19.5583	20.0414	19.909	19.6974	19.7189	19.8469	20.1115	19.3041	19.7427	19.9242	19.8655	19.9771	19.8243
700000.0003	24.3219	23.7161	24.1341	23.4911	23.7187	23.8943	23.9672	24.0833	24.2389	23.7751	23.7604	23.4796	23.7509	23.9256	24.1471
700000.0003	30.8017	30.7758	30.5823	30.3461	30.1596	30.1691	30.4744	30.6655	30.4597	30.36	30.0655	30.259	31.1028	30.7561	30.3946
700000.0003	41.6815	41.3319	41.6219	41.6301	42.1413	41.3251	41.4428	41.422	41.7344	40.9658	40.961	41.6647	41.7294	41.9652	42.0901
700000.0003	66.1222	66.6917	66.7558	67.1214	67.0518	66.3127	66.3344	66.7632	66.6706	66.3954	66.5719	66.5914	67.261	66.7745	66.5907
700000.0003	153.475	152.227	152.948	152.249	152.127	152.594	153.013	152.977	152.481	152.988	153.353	152.441	152.725	153.786	154.134
700000.0003	519.698	519.266	521.179	519.207	519.338	519.155	519.653	519.2	520.62	520.36	520.293	522.043	522.05	522.424	521.179
700000.0003	1362.74	1365.28	1364.93	1364.33	1362.96	1363.23	1363.05	1363.97	1365.64	1365.03	1365.06	1367.02	1366.64	1366.76	1364.34
700000.0003	2154.58	2152.15	2152.08	2154.33	2154.75	2152.96	2156.23	2157.55	2154.58	2157.6	2158.4	2155.32	2158.92	2155.99	2155.67
700000.0003	2584.39	2582.71	2582.82	2583.23	2586.74	2586.12	2585.82	2588.46	2588.11	2588.83	2586.66	2589.84	2585.47	2586.65	2584.63
700000.0003	2777.23	2779.53	2777.21	2777.77	2776.62	2780.59	2777.77	2779.66	2779.93	2781.52	2783.69	2780.49	2781.07	2780.44	2781.17
700000.0003	2867.44	2866.58	2868.66	2866.96	2867.28	2863.77	2865.48	2865.91	2867.71	2866.29	2866.15	2866.11	2867.47	2867.9	2866.99
700000.0003	2906.93	2906.5	2904.88	2907.25	2906.02	2906.6	2906.77	2907.11	2905.49	2906.06	2906.84	2907.88	2907.06	2906.45	2906.31
700000.0003	2933.45	2933.05	2930.64	2932.93	2931.69	2932.52	2932.31	2929.98	2934.53	2932.24	2932.78	2930.75	2932.78	2930.46	2932.49
700000.0003	2951.96	2953.63	2956.89	2951.33	2954.03	2952.74	2952.21	2951.85	2953.12	2956.55	2951.5	2952.53	2953.06	2955.86	2953.97
700000.0003	2972.67	2975.71	2975.66	2971.64	2968	2973.24	2972.89	2971.92	2970.06	2971.18	2971.32	2972.91	2972.64	2971.74	2972.36
700000.0003	2991.31	2987.37	2987.96	2991.85	2992.82	2988.5	2991.28	2990.66	2990.94	2990.46	2988.76	2990.7	2988.06	2989.72	2990.07
700000.0003	3008.81	3006.14	3004.99	3007.77	3007.89	3007.38	3004.6	3007.71	3008.49	3007.94	3009.06	3006.89	3006.76	3006.37	3006.17
700000.0003	3025.28	3026.68	3023.57	3023.95	3022.41	3023.67	3024.7	3023.24	3023.85	3024.57	3025.38	3025.23	3023.77	3025.81	3024.88
700000.0003	3042.86	3044.65	3046.63	3043.29	3043.12	3042.9	3044.08	3043.9	3044.71	3041.72	3044.25	3043.31	3045.82	3041.95	3045.73
700000.0003	3069.21	3069.51	3069.72	3070.77	3070.77	3069.22	3069.39	3072.67	3069.52	3068.17	3069.32	3069.69	3068.68	3069.81	3069.49
700000.0003	3084.23	3085.16	3085.22	3086.62	3086.39	3085.81	3084.95	3082.32	3082.24	3084.49	3080.7	3083.43	3083.73	3084.37	3084.63
