700000.0003	2956.71	2960.41	2958.93	2955.25	2958.34	2956.64	2956.05	2960.4	2959.18	2961.04	2960.15	2961.32	2957.98	2956.07	2953.75
700000.0003	1529.5	1536.29	1532.51	1530.89	1532.23	1530.02	1532.75	1532.2	1534.88	1534.3	1535.38	1533.39	1533.71	1530.19	1529.11
700000.0003	193.841	193.579	194.095	193.762	194.425	194.341	192.833	193.683	192.799	193.876	194.715	193.683	194.51	194.695	191.496
700000.0003	32.4584	31.8153	32.139	32.3722	32.2395	32.5037	32.3527	32.5336	32.4652	32.2124	32.1948	32.0492	32.3477	32.2861	32.266
700000.0003	19.3873	19.5261	19.274	19.5048	19.4758	19.4867	19.2084	19.1521	19.4344	18.9944	19.3323	19.4023	19.6307	19.4909	19.3712
700000.0003	16.6979	17.1516	16.365	16.6833	16.7316	16.8019	16.5682	16.5829	16.4998	16.3694	16.5616	16.4854	16.6355	16.6357	16.6584
700000.0003	15.4174	15.467	15.3783	15.0778	14.975	15.4311	15.2735	15.184	15.1301	15.2415	15.2635	14.9674	15.4165	15.4319	15.4193
700000.0003	14.6562	14.3064	14.7223	14.4095	14.4748	14.6018	14.7742	14.3121	14.9185	14.591	14.6706	14.3722	14.7047	14.7238	14.3652
700000.0003	14.1503	14.1703	13.9998	14.0537	13.8197	14.0283	14.1671	14.2967	14.0095	13.8774	14.3996	13.6309	13.9097	14.0693	13.9588
700000.0003	13.5154	13.5084	13.8682	13.5378	13.4528	13.7675	13.4483	13.8578	13.9101	13.2638	13.9732	13.5646	13.5671	13.8729	13.8006
700000.0003	13.4814	13.6989	13.4855	13.4568	13.3656	13.4202	13.2925	13.3924	13.361	13.129	13.2149	13.3695	13.3895	13.7414	13.258
700000.0003	13.2624	13.1325	13.4655	13.4323	13.3035	13.2048	13.3206	13.3572	13.4337	13.3848	13.2207	13.2481	13.4615	13.3155	13.2171
700000.0003	12.8229	13.1312	13.2573	13.2336	13.4138	13.2147	13.3257	13.4459	13.2779	13.8367	13.4986	13.0479	13.0797	13.6388	13.4087
700000.0003	12.9131	13.0749	13.3949	13.6648	13.3129	13.3046	13.2071	13.4601	13.5375	13.371	13.3275	13.3522	12.8194	12.8638	12.9596
700000.0003	13.3762	13.1806	13.8543	13.7182	13.5625	13.2861	13.4791	13.3844	13.4552	13.6581	13.3752	13.2636	13.4566	13.3715	13.415
700000.0003	13.9282	13.7949	14.181	13.7391	14.4166	13.9446	13.7636	13.8136	14.1889	14.0688	13.7517	13.9244	13.8252	13.8992	13.8692
700000.0003	15.0041	14.8382	15.2127	15.2798	15.0451	15.0582	15.0299	15.0907	15.3693	15.015	15.378	15.1645	15.4587	14.9748	15.1
700000.0003	16.9812	17.2529	16.9494	16.9342	16.6692	16.9201	17.0253	17.1982	16.8347	17.0062	17.1394	16.8967	17.0013	17.5318	17.0997
700000.0003	19.7024	19.8495	19.7379	19.6051	20.2428	20.071	19.7257	19.617	19.8695	19.5797	19.8319	19.9955	20.036	19.7401	19.7028
700000.0003	24.126	23.928	24.026	23.8525	23.9966	23.9177	24.0118	23.9697	23.8904	24.0441	24.3416	24.0862	24.1213	24.1653	24.3028
700000.0003	31.2825	30.6565	30.7092	30.4724	30.336	31.1321	31.3802	30.4695	30.5056	30.7951	31.5496	30.3518	30.7354	31.1572	30.8063
700000.0003	41.9988	41.5824	41.9105	42.0207	42.4396	42.5828	42.2863	42.5705	42.2252	41.8294	41.8105	41.4485	42.1792	42.2126	42.2485
700000.0003	67.5429	67.7175	67.9248	67.272	67.3263	66.9653	67.1532	67.6616	67.2322	67.1885	67.5579	67.2597	67.7473	67.5866	67.5846
700000.0003	155.191	155.497	156.121	156.127	155.165	155.763	155.91	155.448	155.995	155.401	155.627	155.843	155.722	155.206	155.527
700000.0003	515.241	516.319	516.54	515.123	515.89	517.47	516.697	516.206	515.318	516.388	516.625	516.576	516.567	517.157	518.151
700000.0003	1361.91	1361.87	1361.78	1363.83	1361.29	1363.93	1364.37	1359.71	1362.41	1361.96	1361.22	1362.94	1363.33	1362.7	1363.29
700000.0003	2204.06	2201.74	2199.55	2203.29	2202.77	2201.37	2203.37	2200.98	2201.63	2204.18	2199.46	2202.09	2201.57	2202.33	2201.34
700000.0003	2641.49	2642.6	2643.57	2642.83	2641.97	2643.15	2641.23	2643.21	2644.5	2642.46	2641.15	2640.95	2642.52	2641.34	2642.04
700000.0003	2789.33	2791.86	2789.88	2787.58	2788.27	2788.58	2788.07	2790.81	2787.54	2791.44	2785.71	2788.18	2788.02	2785.26	2789.42
700000.0003	2837.65	2838.34	2836.81	2835.33	2837.28	2834.07	2835.9	2837.05	2836.85	2836.35	2834.33	2835.88	2834.97	2834.11	2832.89
700000.0003	2864.65	2868.53	2865.24	2865.11	2865.62	2865.81	2864.12	2864.79	2865.34	2865.85	2864.51	2867.66	2866.63	2863.13	2862.68
700000.0003	2891.86	2893.84	2893.06	2892.4	2893.47	2893.24	2891.73	2891.68	2895.38	2892.35	2893.54	2888.24	2894.17	2892.69	2893.86
700000.0003	2918.17	2920.09	2921.49	2920.3	2920	2919.37	2920.54	2918.64	2919.37	2918.49	2918.28	2922.05	2922.26	2919.37	2917.3
700000.0003	2946.44	2947.32	2945.28	2943.94	2947.73	2947.74	2948.58	2945.18	2944.29	2948.19	2947.48	2945.2	2946.71	2946.55	2948.26
700000.0003	2970.22	2972.69	2977.22	2974.17	2971.93	2970	2976.37	2972.91	2970.93	2973.1	2975.67	2973.06	2974.32	2975.02	2972.2
700000.0003	3000.89	2998.15	3000.59	2997.55	2997.79	3002.34	3003.12	2998.38	2998.89	2999.37	3003.08	3000.59	2998.18	3001.08	2999.48
700000.0003	3026.25	3029.32	3025.58	3026.56	3024.86	3024.31	3026	3028.38	3027.43	3024.93	3029.41	3029.29	3027.66	3024.39	3024.22
700000.0003	3055.75	3050.97	3050.56	3052.45	3052.46	3051.21	3050.26	3054.45	3054.42	3053.24	3050.91	3055.9	3056.38	3051.04	3050.69
700000.0003	3081.99	3081.44	3074.53	3073.3	3078.23	3079.47	3075.88	3075.37	3080.82	3079.94	3079.3	3077.8	3079.77	3074.06	3073.26
700000.0003	3096.77	3097.45	3095.99	3096.18	3093.83	3094.56	3094.27	3098.95	3100.07	3097.85	3094.91	3098.65	3097.64	3096.26	3090.5
700000.0003	1.46128	0.818595	-0.25914	1.27219	-1.11949	0.0176034	0.443469	-0.252774	-0.783361	0.843408	-0.194241	-1.02794	1.09352	0.867661	-0.202498
700000.0003	0.00177292	-0.754776	0.524815	-0.0814038	0.37827	-0.044448	0.0684817	0.190667	-0.940828	-1.24231	0.569705	0.960836	0.499614	0.636057	0.620593
700000.0003	-0.532787	-0.0157466	-0.0574551	-0.260936	-0.0889635	-0.548624	0.299212	0.0829715	0.297764	0.525446	0.0715973	-0.0614308	0.361631	-0.221186	0.0447854
700000.0003	0.300633	-0.020219	-0.337157	0.086016	-0.0604995	-0.0420318	-0.342885	-0.0085282	0.00954029	-0.1663	-0.126126	-0.07323	0.0984716	0.497684	0.0715946
700000.0003	-0.028393	0.245712	-0.132326	-0.0208237	0.0473807	-0.085754	-0.0340334	-0.163701	-0.0327271	0.137358	0.0307382	-0.302949	0.132324	0.00791817	0.073271
700000.0003	-0.131325	0.036353	-0.182806	0.224205	-0.0545965	-0.0901857	-0.227559	0.0237163	-0.131412	-0.017519	-0.149367	0.0520281	0.236387	-0.0117108	0.176901
700000.0003	0.0227234	0.0486384	0.17671	-0.0528923	-0.162062	0.0806835	-0.0888605	0.0234444	-0.0780345	-0.0344485	0.237143	-0.13351	-0.123669	0.0662076	-0.0125371
700000.0003	0.0453749	0.0924542	-0.0774081	0.0292751	0.212244	0.199228	0.0157968	0.0169618	-0.0155992	-0.14865	-0.0600267	0.117662	0.0888717	0.0243335	0.0521736
700000.0003	0.0471986	-0.00841013	-0.0464575	0.0544679	-0.0981457	0.139555	0.0719297	-0.0169026	-0.00329254	0.138483	-0.0583813	-0.106963	0.0200429	-0.256266	-0.195102
700000.0003	-0.115457	-0.193381	-0.103099	-0.0294497	0.0649149	0.106459	-0.13071	-0.0745789	-0.0157167	0.14737	-0.0609846	-0.0786149	-0.000481313	0.0292628	0.113798
700000.0003	-0.0223647	-0.050234	-0.111758	-0.135941	0.01798	-0.305003	0.238887	-0.0406268	-0.0761396	0.102874	-0.0804633	-0.0211533	0.219122	0.116349	0.0861246
700000.0003	0.0264539	-0.00696692	0.181876	-0.0591852	0.179527	0.0627866	-0.00895592	-0.0794087	0.0311242	-0.119131	-0.0441837	-0.0654149	-0.0476115	0.190404	-0.0630472
700000.0003	-0.041746	-0.0138022	0.13003	-0.0992724	-0.0112379	0.108555	-0.0846405	-0.0331042	-0.00844162	-0.0912427	0.0150568	0.0134046	-0.0248211	-0.0591904	0.046305
700000.0003	-0.0177976	-0.169787	-0.107513	0.153676	-0.0853441	-0.106836	-0.0501606	0.191161	0.0528842	0.0276355	0.0429885	-0.0442216	-0.00119346	-0.0210234	-0.0715426
700000.0003	0.0614155	-0.0726682	-0.294842	0.142872	0.116794	-0.198958	0.107101	0.0259623	-0.0553416	0.149766	0.157776	0.200562	0.0363731	0.0532084	-0.0120176
700000.0003	0.0496036	-0.0478049	-0.089242	0.191282	0.0739782	0.0378674	-0.105308	0.120415	0.117164	0.148282	0.00431767	0.109961	-0.03743	0.0714435	0.0912713
700000.0003	0.0744788	-0.0325294	0.0825305	-0.0206715	0.115305	-0.088705	0.172661	0.068052	0.0838555	0.125306	-0.0905479	0.0406317	0.00886091	0.115806	0.174069
700000.0003	-0.0286417	-0.00293309	0.115999	-0.081545	-0.0960537	0.0592367	0.0395615	-0.0749022	-0.0139005	0.0732071	-0.134756	-0.237622	0.0321036	-0.103982	0.12291
700000.0003	-0.0514365	-0.157441	0.0155736	0.0911767	0.13403	0.0223729	-0.0250902	-0.109806	-0.0364764	0.102293	0.128601	0.0822381	-0.0343202	-0.0451284	-0.252791
700000.0003	0.0214547	-0.109322	-0.156815	0.0265219	-0.056985	-0.15411	-0.0357902	0.0169078	0.151711	-0.0807542	0.0567661	0.0439653	0.0657287	0.0463462	0.0425851
700000.0003	-0.251677	0.160081	-0.0411131	0.110119	-0.252479	0.00527178	0.199534	0.0799693	-0.0140212	-0.198114	-0.052271	0.0878679	0.12637	-0.0643139	-0.0308125
700000.0003	0.170005	0.0319324	0.16795	-0.282668	0.0608043	-0.300013	-0.348408	-0.0795741	0.000208605	0.107237	-0.0133374	0.15122	-0.157198	-0.0206108	0.0430952
700000.0003	-0.0803605	0.356057	-0.0167004	0.214559	0.125108	0.108718	-0.192138	-0.0464359	0.459377	0.00737207	0.115937	-0.0161574	-0.153371	0.177181	-0.366637
700000.0003	0.314221	-0.344615	0.246716	-0.142083	0.357604	0.485261	-0.25252	0.147316	0.156057	-0.134033	0.338714	-0.351271	0.187643	0.132374	0.529615
700000.0003	0.58919	-0.476014	-0.0380792	0.754058	-0.0983663	-0.0915791	0.238605	-0.473763	0.166454	0.0557863	-0.350397	0.223049	-0.174828	0.160607	-0.486138
700000.0003	-0.275756	0.322841	0.598792	-0.40978	0.534563	-0.380698	0.85868	0.949171	0.652367	-0.379443	0.504634	-0.0985673	0.326425	-0.0391287	0.790769
700000.0003	0.852625	0.437493	-0.16732	0.34717	-0.358298	-0.0582295	-0.4058	0.991869	-0.0348654	-0.395364	0.204612	0.287783	0.97439	0.564737	0.203448
700000.0003	-0.106026	-0.132233	-0.579601	-0.190281	0.989107	-1.49496	1.1087	-1.07982	0.700472	-0.22749	0.0745111	0.00813223	-0.655261	0.898874	-0.117933
700000.0003	0.194685	0.10721	0.348792	0.633465	-0.635188	-1.17853	1.09567	-0.171463	0.266309	1.95951	0.872429	-0.475915	-0.439876	-0.766896	-0.0882427
700000.0003	0.0451981	0.0984269	0.0545841	0.594318	-1.03499	0.560974	-0.501005	0.21106	0.312692	1.35262	0.757988	0.348207	0.436179	-0.717989	-0.83911
700000.0003	-0.463979	-0.985825	1.35211	-0.128396	-0.337875	-0.309988	0.0389173	0.354444	1.34229	0.702703	0.253988	0.399338	0.495527	-0.419047	-0.729139
700000.0003	-1.19277	0.0985729	0.362553	-0.0528094	-0.39474	0.150539	-0.151542	0.189043	0.440972	1.22889	0.916398	0.137796	0.545035	-0.888203	-1.50325
700000.0003	-1.27664	-0.850419	0.134221	-0.32152	0.160271	0.25138	0.0314052	-0.266448	0.13364	0.00941016	0.648054	-0.0949503	-0.491422	-0.156075	-0.489607
700000.0003	-0.415224	0.359445	-0.647251	-0.527334	-0.205834	0.829994	0.628153	-0.457451	-0.441988	0.39547	0.217101	-0.394318	-0.768445	-0.643485	-0.535843
700000.0003	-0.555106	-1.14792	-1.93862	1.06882	0.602771	0.563265	0.976226	0.917461	-0.228314	0.225467	-0.946139	-0.813139	-0.543614	-0.141303	-0.633503
700000.0003	0.348094	-0.801822	0.523097	-0.0861854	-0.363742	0.533899	1.57989	1.34659	0.62868	-0.57027	0.0222631	-0.633166	-1.64192	-1.36845	0.129449
700000.0003	-1.09175	0.209703	0.244848	-0.216737	0.79087	0.779969	0.501861	0.981053	0.0893026	-0.746403	-0.653211	-0.196815	-0.237829	-0.241325	-0.766424
700000.0003	0.392099	-0.175908	-0.24144	0.0489752	1.11784	0.474085	-0.120845	0.06395	0.857182	0.180015	-0.916495	-0.668775	-0.764307	-0.993017	1.11112
700000.0003	-0.00293604	0.471181	0.605151	-0.448818	0.574306	0.344514	1.06752	1.29607	0.139034	-0.861825	-0.301114	-0.195337	-0.923385	0.0220499	-0.358386
700000.0003	0.800086	0.537202	-0.353271	0.166653	0.872067	1.11684	0.585252	1.2826	-0.0402154	-0.379779	0.48117	-0.786682	-0.850912	-0.795626	0.854008
700000.0003	2911.53	2910.74	2911.11	2909.92	2910.89	2908.37	2911.8	2913.78	2913.89	2915.74	2914.51	2913.41	2910.34	2906.83	2910.63
700000.0003	1603.44	1606.95	1604.34	1602.98	1602.85	1603.18	1605.39	1604.85	1606.98	1604.74	1606.74	1605.9	1604.11	1603.27	1602.61
700000.0003	174.112	174.121	174.547	174.545	174.118	174.255	174.034	173.951	172.933	173.385	174.183	174.815	174.273	173.513	172.441
700000.0003	28.1848	28.1914	28.0253	28.2361	28.495	28.7599	28.4485	28.627	28.1478	28.6561	28.1302	28.0212	28.0571	28.4274	28.5605
700000.0003	18.4494	18.4052	18.2597	18.6234	18.4174	17.9284	18.5024	17.8257	17.9272	17.8878	18.1509	18.5085	18.4312	18.3616	18.2262
700000.0003	16.5932	16.5834	15.9302	16.048	15.9877	16.101	15.5343	15.824	15.9757	16.1002	16.2898	15.9532	16.2679	16.2837	16.3981
700000.0003	14.6346	14.8636	15.0392	14.8405	14.9713	14.8651	14.6268	14.9071	15.2961	14.9437	15.0154	14.9021	15.4074	15.3706	15.005
700000.0003	14.3246	14.1291	14.2739	13.9411	14.1146	14.5547	14.3189	14.44	14.8072	14.2065	14.1204	14.1992	14.2961	14.4003	14.4718
700000.0003	14.0327	13.9081	13.96	13.7935	13.8586	13.8158	13.8528	14.0129	13.6398	13.879	13.5579	13.8717	13.4166	13.9045	13.8105
700000.0003	13.4654	13.5489	14.0094	13.6058	13.6211	13.3944	13.8319	13.6664	13.867	13.1522	13.7427	13.2353	13.4969	13.6927	13.5281
700000.0003	13.5228	13.3212	13.4416	13.5269	13.2551	13.4532	13.0728	13.1226	13.5263	13.4568	13.763	13.4154	13.3509	13.5177	13.4654
700000.0003	13.4293	13.3421	13.2855	13.0926	13.4235	13.2404	13.1593	13.3506	13.0807	13.262	13.3018	13.4023	13.2556	13.2834	13.1393
700000.0003	13.0251	13.2137	13.1583	13.2102	13.5189	13.5799	13.1115	13.2833	13.377	13.1389	13.2008	12.8515	12.9203	13.1684	13.4929
700000.0003	13.0403	13.2586	13.4901	13.468	13.3325	13.1989	13.3704	13.2621	13.1879	13.45	13.1824	13.2239	13.352	12.9643	12.8589
700000.0003	13.3032	13.4899	13.5253	13.6038	13.4674	13.7043	13.2913	13.5959	13.3275	13.2012	13.3699	13.5719	13.4031	13.4276	13.5193
700000.0003	13.8683	13.7205	14.1388	13.7564	14.098	13.7421	13.7346	14.1882	13.9889	13.9014	13.8979	13.7961	13.7636	13.6236	13.7351
700000.0003	15.0707	14.8002	15.245	15.1911	14.7806	15.1673	14.9019	15.1269	15.2389	15.1347	15.1881	15.2895	15.3135	15.3595	14.9859
700000.0003	16.9378	17.2059	16.8002	16.9302	16.9422	16.7485	16.9493	17.0987	16.6679	17.0626	16.8931	17.0797	17.1184	17.245	16.9874
700000.0003	19.4106	19.8438	19.4452	19.4931	20.2341	19.7495	19.5914	19.6865	19.7594	19.7817	20.0015	19.8396	19.761	20.057	19.8043
700000.0003	24.1961	23.9256	23.5629	23.566	23.8611	23.6351	23.817	23.8177	24.0277	23.7682	24.2378	24.1777	24.1657	23.7601	23.994
700000.0003	31.0661	30.4607	30.9014	30.5668	30.2486	30.9834	30.8625	30.237	30.3397	30.4906	30.7242	30.4601	30.8034	30.5241	30.7184
700000.0003	41.696	41.6356	41.3966	41.7419	42.0306	41.8491	41.4053	41.7793	41.5921	41.2013	41.422	41.1671	41.4288	41.7884	42.0326
700000.0003	66.5693	67.384	67.1471	66.1519	66.2162	65.7457	66.2171	67.2453	67.1086	66.4167	66.8833	66.8186	66.7423	66.898	66.163
700000.0003	152.69	151.819	153.157	153.03	152.596	152.138	151.945	152.234	153.373	153.423	153.404	153.273	153.405	152.979	152.88
700000.0003	521.161	520.63	520.025	519.806	521.814	522.683	520.729	520.794	520.582	521.497	520.443	520.441	520.281	521.1	521.614
700000.0003	1362.42	1364.26	1365.25	1365.22	1364.02	1364.33	1364.44	1362.31	1364.57	1362.49	1362.11	1364.09	1366.07	1364.74	1364.07
700000.0003	2156.64	2154.18	2154.87	2156.39	2157.71	2155.4	2153.62	2155.22	2154.34	2156.06	2152.94	2152.54	2154.09	2155.17	2154.53
700000.0003	2587.87	2585.13	2588.1	2585.16	2587.49	2587.65	2585.7	2586.23	2588.19	2583.17	2586.96	2586.41	2585.96	2586.25	2585.16
700000.0003	2780.15	2781.35	2781	2779.8	2779.86	2778.34	2781.3	2780.15	2777.75	2782.76	2778.59	2781.21	2777.55	2778.84	2783.08
700000.0003	2868.84	2871.28	2865.29	2869.19	2866.24	2868.65	2869.36	2868.75	2867.39	2867.51	2870.07	2868.53	2867.99	2868.55	2866.07
700000.0003	2908.47	2908.79	2906.51	2911.44	2905.55	2909.56	2904.94	2908.5	2907.13	2908.9	2908.34	2908.94	2908.28	2906.28	2906.86
700000.0003	2933.9	2934.16	2933.93	2934.15	2934.47	2932.07	2931.82	2933.8	2935.4	2933.82	2937.23	2932.29	2934.69	2935.09	2935.95
700000.0003	2955.47	2955.74	2958.15	2954.3	2957.43	2953.64	2956.5	2955.52	2957.35	2954.33	2954.7	2956.78	2957.9	2955.42	2956.52
700000.0003	2975.15	2974.22	2974.23	2970.02	2977.38	2973.98	2976.01	2973.15	2971.83	2974.93	2971.68	2974.69	2974.73	2974.82	2973.68
700000.0003	2990.82	2992.65	2990.07	2991.24	2992.18	2991.15	2991.57	2992.12	2991.32	2991.45	2990.48	2992.86	2992.01	2992.99	2991.72
700000.0003	3008.82	3008.07	3009.21	3010.13	3005.5	3009.01	3007.93	3010.02	3009.3	3012.33	3009.67	3009.23	3007.73	3010.53	3009.99
700000.0003	3023.02	3026.27	3026.33	3025.63	3023.78	3026.29	3026.11	3025.18	3026.03	3025.74	3029.03	3024.91	3026.14	3024.47	3027.6
700000.0003	3046.51	3041.74	3045.26	3045.19	3044.28	3045.74	3044.71	3046.17	3046.12	3043.4	3045.32	3044.35	3047.44	3044.3	3043.35
700000.0003	3070.09	3069.46	3069.36	3068.58	3072.08	3071.88	3072.17	3068.73	3071.71	3070.84	3070.77	3070.19	3068.89	3070.02	3069.36
700000.0003	3082.14	3084.86	3082.42	3084.65	3083.58	3083.29	3082.93	3084.64	3084.95	3087.21	3086.24	3085.29	3082.9	3084.1	3082
