700000.0003	63.7104
700000.0003	114.438
700000.0003	194.578
700000.0003	312.927
700000.0003	483.246
700000.0003	698.429
700000.0003	961.885
700000.0003	1259.55
700000.0003	1591.84
700000.0003	1966.11
700000.0003	2395.19
700000.0003	2857.63
700000.0003	3304.2
700000.0003	3656.45
700000.0003	3808.95
700000.0003	3727.57
700000.0003	3449.18
700000.0003	3047.34
700000.0003	2590.49
700000.0003	2144.27
700000.0003	1728.48
700000.0003	1360.25
700000.0003	1055.34
700000.0003	809.902
700000.0003	612.535
700000.0003	460.32
700000.0003	346.838
700000.0003	262.408
700000.0003	199.146
700000.0003	152.092
700000.0003	115.812
700000.0003	90.9214
700000.0003	70.8818
700000.0003	55.8258
700000.0003	43.4265
700000.0003	33.8964
700000.0003	26.7144
700000.0003	21.5455
700000.0003	17.3694
700000.0003	13.2649
700000.0003	9.99313
700000.0003	10.3858
700000.0003	9.24634
700000.0003	6.84516
700000.0003	5.78499
700000.0003	5.01502
700000.0003	5.56232
700000.0003	4.84463
700000.0003	4.85799
700000.0003	4.36038
700000.0003	3.30935
700000.0003	2.45274
700000.0003	3.32933
700000.0003	2.93735
700000.0003	2.53436
700000.0003	2.3686
700000.0003	1.80682
700000.0003	2.29422
700000.0003	2.88929
700000.0003	1.8977
700000.0003	2.84046
700000.0003	2.24508
700000.0003	1.07964
700000.0003	2.0794
700000.0003	1.45521
700000.0003	0.976444
700000.0003	0.0881879
700000.0003	1.38258
700000.0003	1.58373
700000.0003	1.46724
700000.0003	0.400037
700000.0003	1.09253
700000.0003	0.842863
700000.0003	1.70489
700000.0003	0.71779
700000.0003	-0.00860797
700000.0003	0.876408
700000.0003	0.9375
700000.0003	-0.393025
700000.0003	0.360303
700000.0003	1.66583
700000.0003	1.21166
700000.0003	0.691611
700000.0003	1.89871
700000.0003	0.388701
700000.0003	0.666614
700000.0003	0.760178
700000.0003	0.261075
700000.0003	1.30296
700000.0003	0.592739
700000.0003	0.374622
700000.0003	-0.101663
700000.0003	0.775016
700000.0003	0.315253
700000.0003	0.242554
700000.0003	0.169525
700000.0003	0.713838
700000.0003	0.883408
700000.0003	-0.0919853
700000.0003	0.116625
700000.0003	0.574583
700000.0003	0.629724
700000.0003	0.344721
700000.0003	0.818912
700000.0003	1.21291
700000.0003	0.03084
700000.0003	-0.998381
700000.0003	-0.0581134
700000.0003	0.404097
700000.0003	-0.83612
700000.0003	1.27391
700000.0003	0.810638
700000.0003	-0.345508
700000.0003	-0.716088
700000.0003	0.964425
700000.0003	0.306731
700000.0003	-0.865855
700000.0003	-0.737665
700000.0003	0.0550783
700000.0003	0.288978
700000.0003	-0.50368
700000.0003	0.906366
700000.0003	-0.584648
700000.0003	0.139487
700000.0003	-0.144575
700000.0003	1.03047
700000.0003	0.488699
700000.0003	0.464528
700000.0003	0.00838431
700000.0003	-0.754676
700000.0003	0.762378
700000.0003	0.788743
700000.0003	-0.0822197
700000.0003	-1.28981
700000.0003	-0.317096
700000.0003	-0.0851511
700000.0003	0.423337
700000.0003	-0.295174
700000.0003	0.300019
700000.0003	0.239599
700000.0003	-0.782522
700000.0003	-0.611212
700000.0003	-0.801714
700000.0003	-0.317993
700000.0003	-0.333781
700000.0003	-0.587932
700000.0003	-1.76287
700000.0003	-0.0882239
700000.0003	0.660809
700000.0003	-0.417894
700000.0003	-0.818781
700000.0003	-0.882247
700000.0003	-0.230752
700000.0003	-1.76391
700000.0003	-1.54848
700000.0003	-1.63225
700000.0003	-1.68715
700000.0003	-1.3325
700000.0003	-0.929512
700000.0003	-0.737419
700000.0003	-2.06337
700000.0003	-2.66658
700000.0003	-2.75777
700000.0003	-1.7589
700000.0003	-1.95571
700000.0003	-2.78379
700000.0003	-2.89713
700000.0003	-1.87544
700000.0003	-2.61119
700000.0003	-3.70893
700000.0003	-2.32679
700000.0003	-2.84831
700000.0003	-2.30295
700000.0003	-4.05685
700000.0003	-2.64077
700000.0003	-2.91846
700000.0003	-3.85924
700000.0003	-4.79348
700000.0003	-3.97933
700000.0003	-3.92445
700000.0003	-4.19963
700000.0003	-3.75818
700000.0003	-5.50982
700000.0003	-4.16918
700000.0003	-4.97426
700000.0003	-5.41851
700000.0003	-4.341
700000.0003	-5.63158
700000.0003	-5.82487
700000.0003	-5.54096
700000.0003	-7.33926
700000.0003	-6.40854
700000.0003	-7.04458
700000.0003	-7.71875
700000.0003	-7.42337
700000.0003	-7.22623
700000.0003	-8.55639
700000.0003	-9.61863
700000.0003	-10.0414
700000.0003	-9.53486
700000.0003	-11.5812
700000.0003	-9.85602
700000.0003	-10.6662
700000.0003	-11.054
700000.0003	-12.5967
700000.0003	-13.0885
700000.0003	-12.8209
700000.0003	-12.9927
700000.0003	-15.2774
700000.0003	-16.4315
700000.0003	-15.3729
700000.0003	-18.1247
700000.0003	-19.4136
700000.0003	-19.0633
700000.0003	-21.7882
700000.0003	-22.2778
700000.0003	-25.8022
700000.0003	-27.273
700000.0003	-29.2803
700000.0003	-32.9783
700000.0003	-34.9696
700000.0003	-40.8501
700000.0003	-43.1859
700000.0003	-48.7522
700000.0003	-54.5902
700000.0003	-60.0767
700000.0003	-68.256
700000.0003	-76.8094
700000.0003	-88.5313
700000.0003	-101.458
700000.0003	-115.889
700000.0003	-135.672
700000.0003	-156.755
700000.0003	-183.162
700000.0003	-213.349
700000.0003	-248.585
700000.0003	-291.198
700000.0003	-335.755
700000.0003	-390.771
700000.0003	-453.101
700000.0003	-523.702
700000.0003	-599.817
700000.0003	-682.18
700000.0003	-772.025
700000.0003	-869.198
700000.0003	-967.372
700000.0003	-1063.83
700000.0003	-1160.14
700000.0003	-1249.39
700000.0003	-1327.02
700000.0003	-1398.98
700000.0003	-1452.48
700000.0003	-1485.72
700000.0003	-1511.12
700000.0003	-1510.92
700000.0003	-1501.98
700000.0003	-1478.07
700000.0003	-1436.23
700000.0003	-1389.35
700000.0003	-1331.17
700000.0003	-1271.17
700000.0003	-1208.18
700000.0003	-1139.77
700000.0003	-1077.44
700000.0003	-1002.63
700000.0003	-935.705
700000.0003	-869.729
700000.0003	-801.029
700000.0003	-737.438
700000.0003	-675.04
700000.0003	-611.381
700000.0003	-551.773
700000.0003	-496.076
700000.0003	-441.873
700000.0003	-393.47
700000.0003	-346.958
700000.0003	-303.986
700000.0003	-267.302
700000.0003	-233.784
700000.0003	-203.579
700000.0003	-177.45
700000.0003	-156.629
700000.0003	-137.826
700000.0003	-121.161
700000.0003	-105.341
700000.0003	-95.1931
700000.0003	-84.1627
700000.0003	-75.5185
700000.0003	-70.5626
700000.0003	-64.676
700000.0003	-61.5112
700000.0003	-57.5292
700000.0003	-53.8947
700000.0003	-52.1459
700000.0003	-49.8286
700000.0003	-47.9294
700000.0003	-46.317
700000.0003	-44.7838
700000.0003	-43.0862
700000.0003	-42.2797
700000.0003	-42.6114
700000.0003	-42.3575
700000.0003	-41.6649
700000.0003	-41.9171
700000.0003	-40.9969
700000.0003	-41.1806
700000.0003	-41.7517
700000.0003	-41.3368
700000.0003	-41.1773
700000.0003	-41.1625
700000.0003	-41.2709
700000.0003	-41.7447
700000.0003	-40.6662
700000.0003	-40.0609
700000.0003	-41.105
700000.0003	-40.9093
700000.0003	-40.9631
700000.0003	-40.4732
700000.0003	-40.5576
700000.0003	-40.1553
700000.0003	-40.3031
700000.0003	-39.7317
700000.0003	-40.3715
700000.0003	-40.441
700000.0003	-39.6216
700000.0003	-40.5323
700000.0003	-40.58
700000.0003	-40.9007
700000.0003	-40.3808
700000.0003	-40.5417
700000.0003	-40.2733
700000.0003	-40.1063
700000.0003	-40.2851
700000.0003	-40.0031
700000.0003	-40.033
700000.0003	-39.8628
700000.0003	-40.9734
700000.0003	-40.3945
700000.0003	-39.9437
700000.0003	-39.4315
700000.0003	-40.3613
700000.0003	-40.3178
700000.0003	-39.8396
700000.0003	-39.9356
700000.0003	-39.8289
700000.0003	-40.5215
700000.0003	-40.2262
700000.0003	-39.702
700000.0003	-39.2646
700000.0003	-39.9526
700000.0003	-40.1762
700000.0003	-40.1892
700000.0003	-39.6122
700000.0003	-39.7414
700000.0003	-40.3726
700000.0003	-40.0301
700000.0003	-40.722
700000.0003	-39.8142
700000.0003	-40.0887
700000.0003	-40.2869
700000.0003	-40.2225
700000.0003	-39.4171
700000.0003	-39.9225
700000.0003	-39.5429
700000.0003	-39.5454
700000.0003	-39.8351
700000.0003	-39.4177
700000.0003	-38.9588
700000.0003	-38.7827
700000.0003	-39.6376
700000.0003	-39.1733
700000.0003	-39.1976
700000.0003	-39.6281
700000.0003	-38.957
700000.0003	-38.7848
700000.0003	-39.3395
700000.0003	-38.239
700000.0003	-38.3879
700000.0003	-38.6918
700000.0003	-36.8437
700000.0003	-36.309
700000.0003	-37.8007
700000.0003	-38.1569
700000.0003	-37.0231
700000.0003	-37.1863
700000.0003	-35.381
700000.0003	-34.5185
700000.0003	-33.7771
700000.0003	-32.6589
700000.0003	-32.1214
700000.0003	-32.2859
700000.0003	-30.7578
700000.0003	-26.7743
700000.0003	-24.8615
700000.0003	-19.9946
700000.0003	-14.208
700000.0003	-6.91721
700000.0003	4.86501
700000.0003	18.2971
700000.0003	34.8628
700000.0003	-0.878798
700000.0003	-0.671881
700000.0003	0.7481
700000.0003	1.46084
700000.0003	-0.931539
700000.0003	-0.493337
700000.0003	0.201471
700000.0003	1.31577
700000.0003	1.47328
700000.0003	-1.82465
700000.0003	-1.098
700000.0003	-3.10594
700000.0003	2.06959
700000.0003	-0.0400152
700000.0003	3.02736
700000.0003	1.93143
700000.0003	3.59316
700000.0003	-2.27566
700000.0003	-3.01073
700000.0003	1.20963
700000.0003	2.57426
700000.0003	-1.22981
700000.0003	0.042518
700000.0003	1.17412
700000.0003	-2.12779
700000.0003	-0.60237
700000.0003	-0.99499
700000.0003	0.023977
700000.0003	-0.9648
700000.0003	0.985622
700000.0003	0.831843
700000.0003	0.616958
700000.0003	1.42158
700000.0003	-0.60756
700000.0003	-1.34749
700000.0003	0.337606
700000.0003	0.622253
700000.0003	0.344296
700000.0003	-0.415404
700000.0003	-1.04027
700000.0003	0.0795748
700000.0003	0.510384
700000.0003	-0.873594
700000.0003	0.164284
700000.0003	1.02575
700000.0003	0.198321
700000.0003	0.520998
700000.0003	0.443082
700000.0003	-1.36138
700000.0003	1.06536
700000.0003	-1.25393
700000.0003	0.324741
700000.0003	-1.21861
700000.0003	-0.565945
700000.0003	1.56643
700000.0003	0.58444
700000.0003	0.391536
700000.0003	0.79158
700000.0003	-1.07096
700000.0003	-0.274515
700000.0003	-1.37962
700000.0003	0.775388
700000.0003	-0.571775
700000.0003	0.0876022
700000.0003	0.615194
700000.0003	0.968636
700000.0003	-0.173073
700000.0003	-0.370536
700000.0003	-0.128624
700000.0003	0.262189
700000.0003	-0.381723
700000.0003	-0.362884
700000.0003	-1.21313
700000.0003	-0.359655
700000.0003	0.477371
700000.0003	1.16103
700000.0003	0.0416586
700000.0003	0.346321
700000.0003	-0.94318
700000.0003	0.373474
700000.0003	-0.326076
700000.0003	0.38477
700000.0003	0.291988
700000.0003	0.587661
700000.0003	-0.0463066
700000.0003	-0.346663
700000.0003	1.06355
700000.0003	-0.577498
700000.0003	-0.210567
700000.0003	-0.27887
700000.0003	-1.25476
700000.0003	0.213818
700000.0003	0.0924326
700000.0003	0.691149
700000.0003	0.693173
700000.0003	0.662233
700000.0003	0.54889
700000.0003	-0.732847
700000.0003	-0.615436
700000.0003	-0.270033
700000.0003	1.05199
700000.0003	-0.870683
700000.0003	0.0982844
700000.0003	-0.8922
700000.0003	-0.242708
700000.0003	0.375326
700000.0003	0.379956
700000.0003	-0.714115
700000.0003	0.36195
700000.0003	-0.538578
700000.0003	0.382179
700000.0003	-0.28043
700000.0003	-0.383949
700000.0003	0.206017
700000.0003	0.99494
700000.0003	0.0671895
700000.0003	0.505264
700000.0003	-0.496603
700000.0003	0.105341
700000.0003	0.143943
700000.0003	-0.478736
700000.0003	0.344349
700000.0003	-0.727463
700000.0003	-0.00148898
700000.0003	0.198505
700000.0003	-0.168013
700000.0003	1.02915
700000.0003	0.0681501
700000.0003	-0.708446
700000.0003	0.275966
700000.0003	1.32544
700000.0003	-0.915563
700000.0003	-0.76713
700000.0003	-0.185447
700000.0003	0.03009
700000.0003	0.323551
700000.0003	-0.425092
700000.0003	-0.251308
700000.0003	1.08526
700000.0003	-0.728183
700000.0003	0.346209
700000.0003	-0.557264
700000.0003	-0.808224
700000.0003	-0.047697
700000.0003	0.0819858
700000.0003	1.11699
700000.0003	-0.0060348
700000.0003	0.134476
700000.0003	-0.552042
700000.0003	0.332774
700000.0003	-0.214001
700000.0003	-0.0384777
700000.0003	-0.102597
700000.0003	-0.493074
700000.0003	0.0527361
700000.0003	-0.0365585
700000.0003	0.00929608
700000.0003	0.222509
700000.0003	0.102991
700000.0003	-0.429757
700000.0003	0.471884
700000.0003	-0.599027
700000.0003	-0.164713
700000.0003	0.143501
700000.0003	-0.128968
700000.0003	-0.253917
700000.0003	0.495686
700000.0003	1.0573
700000.0003	0.803328
700000.0003	-1.2357
700000.0003	0.120694
700000.0003	0.178614
700000.0003	0.362551
700000.0003	0.531545
700000.0003	0.323019
700000.0003	0.474023
700000.0003	-0.383762
700000.0003	-1.1667
700000.0003	0.142204
700000.0003	-1.02509
700000.0003	-0.450411
700000.0003	1.25963
700000.0003	-0.0900901
700000.0003	0.620702
700000.0003	0.0430227
700000.0003	0.207822
700000.0003	-0.678126
700000.0003	0.530239
700000.0003	0.426639
700000.0003	-0.745048
700000.0003	-0.230925
700000.0003	0.170331
700000.0003	-0.406679
700000.0003	-0.368419
700000.0003	0.224394
700000.0003	1.0621
700000.0003	-0.34819
700000.0003	-0.61512
700000.0003	1.0785
700000.0003	-0.625507
700000.0003	-0.396043
700000.0003	-0.610679
700000.0003	0.188854
700000.0003	0.834602
700000.0003	-0.299514
700000.0003	0.706943
700000.0003	-0.559327
700000.0003	0.0863436
700000.0003	1.21699
700000.0003	0.0179887
700000.0003	-0.357204
700000.0003	0.451371
700000.0003	-0.0487764
700000.0003	0.679178
700000.0003	-1.80241
700000.0003	-0.748289
700000.0003	-0.7538
700000.0003	-0.00249951
700000.0003	1.14573
700000.0003	0.209552
700000.0003	1.54827
700000.0003	-1.44048
700000.0003	-1.0467
700000.0003	-1.7365
700000.0003	0.88103
700000.0003	0.0323067
700000.0003	0.511965
700000.0003	0.43706
700000.0003	0.657776
700000.0003	-1.27548
700000.0003	0.198875
700000.0003	-0.710974
700000.0003	-1.21779
700000.0003	1.33154
700000.0003	0.35241
700000.0003	-0.513845
700000.0003	-0.488923
700000.0003	0.70974
700000.0003	0.366182
700000.0003	0.223926
700000.0003	0.0200022
700000.0003	1.5807
700000.0003	-0.710138
700000.0003	-0.178118
700000.0003	-1.32356
700000.0003	1.49587
700000.0003	1.11775
700000.0003	1.19107
700000.0003	-2.69016
700000.0003	1.95718
700000.0003	-2.22384
700000.0003	-1.87615
700000.0003	-3.18124
700000.0003	-2.61819
700000.0003	2.63216
700000.0003	2.78168
700000.0003	-1.16433
700000.0003	3.18847
700000.0003	-2.56192
700000.0003	0.0950136
700000.0003	-0.990141
700000.0003	1.42847
700000.0003	-0.204351
700000.0003	1.01264
700000.0003	0.124675
700000.0003	-1.07359
700000.0003	0.293172
700000.0003	-3.63782
700000.0003	4.16014
700000.0003	-2.06474
700000.0003	1.49355
700000.0003	3.93623
700000.0003	-0.102415
700000.0003	1.81379
700000.0003	0.611983
700000.0003	0.424032
700000.0003	-2.33447
700000.0003	-1.11964
700000.0003	0.711104
700000.0003	-0.887037
700000.0003	0.577297
700000.0003	-0.431242
700000.0003	-0.743921
700000.0003	-1.73235
700000.0003	-1.11575
700000.0003	0.254153
700000.0003	-0.337342
700000.0003	1.58504
700000.0003	0.0705424
700000.0003	0.42489
700000.0003	-0.460316
700000.0003	-0.671426
700000.0003	-0.165358
700000.0003	0.217716
700000.0003	1.06326
700000.0003	-0.188213
700000.0003	0.497664
700000.0003	0.081301
700000.0003	-0.484862
700000.0003	0.453591
700000.0003	-1.06802
700000.0003	0.691833
700000.0003	0.227862
700000.0003	-0.153243
700000.0003	-0.0459825
700000.0003	-0.0830708
700000.0003	-0.48075
700000.0003	0.458609
700000.0003	-0.767387
700000.0003	-0.0309427
700000.0003	0.669369
700000.0003	0.286113
700000.0003	0.125722
700000.0003	0.778117
700000.0003	0.684592
700000.0003	0.482364
700000.0003	0.842194
700000.0003	-0.462724
700000.0003	0.710041
700000.0003	0.625618
700000.0003	-0.134358
700000.0003	0.370268
700000.0003	-0.130046
700000.0003	-0.329189
700000.0003	-0.191485
700000.0003	0.30753
700000.0003	0.103784
700000.0003	0.779743
700000.0003	0.051844
700000.0003	-0.216041
700000.0003	-0.900153
700000.0003	0.250294
700000.0003	0.289818
700000.0003	0.0220486
700000.0003	-0.435529
700000.0003	-0.583306
700000.0003	0.113336
700000.0003	0.726117
700000.0003	1.19036
700000.0003	0.360158
700000.0003	-0.68592
700000.0003	-0.335047
700000.0003	0.169328
700000.0003	-0.717318
700000.0003	0.54822
700000.0003	-0.39218
700000.0003	-0.811733
700000.0003	-0.451478
700000.0003	0.191517
700000.0003	0.269816
700000.0003	-0.797609
700000.0003	-0.706398
700000.0003	-0.385122
700000.0003	0.759586
700000.0003	0.311425
700000.0003	0.0254202
700000.0003	-0.848419
700000.0003	-0.851541
700000.0003	-0.513096
700000.0003	-0.0906586
700000.0003	0.0826506
700000.0003	0.824049
700000.0003	0.547369
700000.0003	0.00218679
700000.0003	0.484668
700000.0003	0.042315
700000.0003	0.606156
700000.0003	0.112116
700000.0003	-0.0716149
700000.0003	-0.0736099
700000.0003	-1.26601
700000.0003	-0.359947
700000.0003	-0.0813359
700000.0003	0.561597
700000.0003	-0.646217
700000.0003	-0.773118
700000.0003	0.0356029
700000.0003	0.488312
700000.0003	-0.0419369
700000.0003	0.0358752
700000.0003	0.0953933
700000.0003	-0.249054
700000.0003	-0.376555
700000.0003	0.0283024
700000.0003	0.317261
700000.0003	-0.340617
700000.0003	-0.584892
700000.0003	-0.395828
700000.0003	-0.44168
700000.0003	-0.820255
700000.0003	-0.166134
700000.0003	-0.848661
700000.0003	0.202322
700000.0003	0.381922
700000.0003	0.347076
700000.0003	0.645902
700000.0003	-0.305286
700000.0003	-0.215942
700000.0003	0.950518
700000.0003	-0.448838
