700000.0003	28.1062
700000.0003	100.31
700000.0003	202.95
700000.0003	342.828
700000.0003	533.227
700000.0003	766.339
700000.0003	1076.18
700000.0003	1426.47
700000.0003	1825.28
700000.0003	2277.01
700000.0003	2779.33
700000.0003	3311.74
700000.0003	3875.2
700000.0003	4454.94
700000.0003	4993.12
700000.0003	5531.07
700000.0003	5977.78
700000.0003	6382.74
700000.0003	6668.72
700000.0003	6888.7
700000.0003	7028
700000.0003	7097.87
700000.0003	7099.29
700000.0003	7043.23
700000.0003	6918.32
700000.0003	6789.78
700000.0003	6612.21
700000.0003	6355.82
700000.0003	6084.13
700000.0003	5737.3
700000.0003	5348.34
700000.0003	4996.01
700000.0003	4514.22
700000.0003	4030.11
700000.0003	3515
700000.0003	2971.24
700000.0003	2368.74
700000.0003	1731.53
700000.0003	1075.26
700000.0003	363.436
700000.0003	0
700000.0003	0
700000.0003	0
700000.0003	0
700000.0003	0
700000.0003	0
700000.0003	0
700000.0003	0
700000.0003	0
700000.0003	0
700000.0003	0
700000.0003	0
700000.0003	0
700000.0003	0
700000.0003	0
700000.0003	0
700000.0003	0
700000.0003	0
700000.0003	0
700000.0003	0
700000.0003	0
700000.0003	0
700000.0003	0
700000.0003	0
700000.0003	0
700000.0003	0
700000.0003	0
700000.0003	0
700000.0003	0
700000.0003	0
700000.0003	0
700000.0003	0
700000.0003	0
700000.0003	0
700000.0003	0
700000.0003	0
700000.0003	0
700000.0003	0
700000.0003	0
700000.0003	0
700000.0003	0
700000.0003	0
700000.0003	0
700000.0003	0
700000.0003	0
700000.0003	0
700000.0003	0
700000.0003	0
700000.0003	0
700000.0003	0
700000.0003	0
700000.0003	0
700000.0003	0
700000.0003	0
700000.0003	0
700000.0003	0
700000.0003	0
700000.0003	0
700000.0003	0
700000.0003	0
700000.0003	0
700000.0003	0
700000.0003	0
700000.0003	0
700000.0003	0
700000.0003	0
700000.0003	0
700000.0003	0
700000.0003	0
700000.0003	0
700000.0003	0
700000.0003	0
700000.0003	0
700000.0003	0
700000.0003	0
700000.0003	0
700000.0003	0
700000.0003	0
700000.0003	0
700000.0003	0
700000.0003	0
700000.0003	0
700000.0003	0
700000.0003	0
700000.0003	0
700000.0003	0
700000.0003	0
700000.0003	0
700000.0003	0
700000.0003	0
700000.0003	0
700000.0003	0
700000.0003	0
700000.0003	0
700000.0003	0
700000.0003	0
700000.0003	0
700000.0003	0
700000.0003	0
700000.0003	0
700000.0003	-23.5349
700000.0003	-70.4165
700000.0003	-116.683
700000.0003	-163.469
700000.0003	-208.748
700000.0003	-250.708
700000.0003	-296.419
700000.0003	-339.903
700000.0003	-386.925
700000.0003	-424.628
700000.0003	-466.848
700000.0003	-508.479
700000.0003	-549.654
700000.0003	-586.564
700000.0003	-624.765
700000.0003	-670.466
700000.0003	-705.112
700000.0003	-741.691
700000.0003	-774.203
700000.0003	-812.108
700000.0003	-849.271
700000.0003	-886.668
700000.0003	-918.135
700000.0003	-952.668
700000.0003	-993.667
700000.0003	-1021.35
700000.0003	-1053.62
700000.0003	-1086.42
700000.0003	-1118.89
700000.0003	-1148.09
700000.0003	-1175.19
700000.0003	-1206.43
700000.0003	-1235.89
700000.0003	-1267.27
700000.0003	-1288.79
700000.0003	-1320.93
700000.0003	-1341.78
700000.0003	-1372.52
700000.0003	-1390.51
700000.0003	-1411.48
700000.0003	-1455.49
700000.0003	-1468.11
700000.0003	-1493.87
700000.0003	-1520.84
700000.0003	-1540.81
700000.0003	-1571.67
700000.0003	-1574.06
700000.0003	-1601.68
700000.0003	-1615.21
700000.0003	-1630.12
700000.0003	-1664.46
700000.0003	-1673.09
700000.0003	-1690.28
700000.0003	-1708.54
700000.0003	-1718.63
700000.0003	-1735.7
700000.0003	-1753.38
700000.0003	-1758.48
700000.0003	-1776.56
700000.0003	-1798.44
700000.0003	-1803.07
700000.0003	-1823.06
700000.0003	-1825.48
700000.0003	-1839.76
700000.0003	-1848.47
700000.0003	-1858.75
700000.0003	-1872.75
700000.0003	-1867.12
700000.0003	-1891.19
700000.0003	-1890.22
700000.0003	-1901.31
700000.0003	-1900.63
700000.0003	-1905.32
700000.0003	-1903.46
700000.0003	-1921.81
700000.0003	-1929.68
700000.0003	-1924.69
700000.0003	-1928.37
700000.0003	-1928.67
700000.0003	-1930.86
700000.0003	-1917.83
700000.0003	-1935.01
700000.0003	-1922.84
700000.0003	-1918.05
700000.0003	-1920.17
700000.0003	-1912.76
700000.0003	-1911.98
700000.0003	-1907.85
700000.0003	-1900.82
700000.0003	-1889.33
700000.0003	-1889.77
700000.0003	-1880.96
700000.0003	-1867.52
700000.0003	-1854.71
700000.0003	-1843.59
700000.0003	-1837.66
700000.0003	-1824.8
700000.0003	-1806.15
700000.0003	-1791.97
700000.0003	-1762.29
700000.0003	-1749.75
700000.0003	-1720.37
700000.0003	-1685.42
700000.0003	-1659.73
700000.0003	-1623.86
700000.0003	-1583.36
700000.0003	-1537.48
700000.0003	-1503.82
700000.0003	-1449.58
700000.0003	-1393.8
700000.0003	-1344.23
700000.0003	-1286.51
700000.0003	-1224.6
700000.0003	-1158.34
700000.0003	-1101
700000.0003	-1036.77
700000.0003	-974.652
700000.0003	-914.65
700000.0003	-847.772
700000.0003	-790.627
700000.0003	-727.442
700000.0003	-673.602
700000.0003	-613.985
700000.0003	-563.17
700000.0003	-513.348
700000.0003	-463.61
700000.0003	-419.564
700000.0003	-375.776
700000.0003	-335.263
700000.0003	-300.472
700000.0003	-264.326
700000.0003	-235.906
700000.0003	-206.039
700000.0003	-179.105
700000.0003	-155.406
700000.0003	-133.898
700000.0003	-115.332
700000.0003	-99.5633
700000.0003	-84.6873
700000.0003	-72.0218
700000.0003	-62.0489
700000.0003	-52.0454
700000.0003	-43.946
700000.0003	-36.9514
700000.0003	-31.8047
700000.0003	-26.4319
700000.0003	-22.4826
700000.0003	-19.0872
700000.0003	-15.6382
700000.0003	-13.0462
700000.0003	-10.8939
700000.0003	-8.96134
700000.0003	-7.53419
700000.0003	-5.99615
700000.0003	-4.69519
700000.0003	-3.79765
700000.0003	-2.75759
700000.0003	-1.90176
700000.0003	-1.13755
700000.0003	-0.364926
700000.0003	0
700000.0003	0
700000.0003	0
700000.0003	0
700000.0003	0
700000.0003	0
700000.0003	0
700000.0003	0
700000.0003	0
700000.0003	0
700000.0003	0
700000.0003	0
700000.0003	0
700000.0003	0
700000.0003	0
700000.0003	0
700000.0003	0
700000.0003	0
700000.0003	0
700000.0003	0
700000.0003	0
700000.0003	0
700000.0003	0
700000.0003	0
700000.0003	0
700000.0003	0
700000.0003	0
700000.0003	0
700000.0003	0
700000.0003	0
700000.0003	0
700000.0003	0
700000.0003	0
700000.0003	0
700000.0003	0
700000.0003	0
700000.0003	0
700000.0003	0
700000.0003	0
700000.0003	0
700000.0003	0
700000.0003	0
700000.0003	0
700000.0003	0
700000.0003	0
700000.0003	0
700000.0003	0
700000.0003	0
700000.0003	0
700000.0003	0
700000.0003	0
700000.0003	0
700000.0003	0
700000.0003	0
700000.0003	0
700000.0003	0
700000.0003	0
700000.0003	0
700000.0003	0
700000.0003	0
700000.0003	0
700000.0003	0
700000.0003	0
700000.0003	0
700000.0003	0
700000.0003	0
700000.0003	0
700000.0003	0
700000.0003	0
700000.0003	0
700000.0003	0
700000.0003	0
700000.0003	0
700000.0003	0
700000.0003	0
700000.0003	0
700000.0003	0
700000.0003	0
700000.0003	0
700000.0003	0
700000.0003	0
700000.0003	0
700000.0003	0
700000.0003	0
700000.0003	0
700000.0003	0
700000.0003	0
700000.0003	0
700000.0003	0
700000.0003	0
700000.0003	0
700000.0003	0
700000.0003	0
700000.0003	0
700000.0003	0
700000.0003	0
700000.0003	0
700000.0003	0
700000.0003	0
700000.0003	0
700000.0003	0.471926
700000.0003	0.083641
700000.0003	-0.576398
700000.0003	-0.0434958
700000.0003	1.88952
700000.0003	-0.047285
700000.0003	1.41889
700000.0003	-2.52597
700000.0003	0.0157827
700000.0003	-5.97152
700000.0003	6.88538
700000.0003	9.07003
700000.0003	7.61827
700000.0003	-15.7318
700000.0003	3.53341
700000.0003	-4.48355
700000.0003	20.1685
700000.0003	13.8418
700000.0003	8.1744
700000.0003	-10.0417
700000.0003	18.9855
700000.0003	-20.0558
700000.0003	-16.8695
700000.0003	12.0615
700000.0003	-16.4434
700000.0003	28.6652
700000.0003	29.116
700000.0003	-4.40364
700000.0003	-0.846262
700000.0003	-6.6051
700000.0003	-9.79721
700000.0003	-11.966
700000.0003	4.3609
700000.0003	-0.260745
700000.0003	0.0686087
700000.0003	-5.12684
700000.0003	8.28131
700000.0003	7.4685
700000.0003	-4.29287
700000.0003	-2.4842
700000.0003	0
700000.0003	0
700000.0003	0
700000.0003	0
700000.0003	0
700000.0003	0
700000.0003	0
700000.0003	0
700000.0003	0
700000.0003	0
700000.0003	0
700000.0003	0
700000.0003	0
700000.0003	0
700000.0003	0
700000.0003	0
700000.0003	0
700000.0003	0
700000.0003	0
700000.0003	0
700000.0003	0
700000.0003	0
700000.0003	0
700000.0003	0
700000.0003	0
700000.0003	0
700000.0003	0
700000.0003	0
700000.0003	0
700000.0003	0
700000.0003	0
700000.0003	0
700000.0003	0
700000.0003	0
700000.0003	0
700000.0003	0
700000.0003	0
700000.0003	0
700000.0003	0
700000.0003	0
700000.0003	0
700000.0003	0
700000.0003	0
700000.0003	0
700000.0003	0
700000.0003	0
700000.0003	0
700000.0003	0
700000.0003	0
700000.0003	0
700000.0003	0
700000.0003	0
700000.0003	0
700000.0003	0
700000.0003	0
700000.0003	0
700000.0003	0
700000.0003	0
700000.0003	0
700000.0003	0
700000.0003	0
700000.0003	0
700000.0003	0
700000.0003	0
700000.0003	0
700000.0003	0
700000.0003	0
700000.0003	0
700000.0003	0
700000.0003	0
700000.0003	0
700000.0003	0
700000.0003	0
700000.0003	0
700000.0003	0
700000.0003	0
700000.0003	0
700000.0003	0
700000.0003	0
700000.0003	0
700000.0003	0
700000.0003	0
700000.0003	0
700000.0003	0
700000.0003	0
700000.0003	0
700000.0003	0
700000.0003	0
700000.0003	0
700000.0003	0
700000.0003	0
700000.0003	0
700000.0003	0
700000.0003	0
700000.0003	0
700000.0003	0
700000.0003	0
700000.0003	0
700000.0003	0
700000.0003	0
700000.0003	0.00879037
700000.0003	-0.0633068
700000.0003	0.220372
700000.0003	-0.192101
700000.0003	-0.446278
700000.0003	0.364419
700000.0003	-0.562249
700000.0003	-0.429496
700000.0003	0.449748
700000.0003	0.557848
700000.0003	0.15646
700000.0003	1.10395
700000.0003	-0.943242
700000.0003	0.612414
700000.0003	-0.425569
700000.0003	-0.409641
700000.0003	-1.02017
700000.0003	-3.14031
700000.0003	-1.66174
700000.0003	-1.36164
700000.0003	0.356726
700000.0003	2.6282
700000.0003	0.264712
700000.0003	-1.00777
700000.0003	1.6916
700000.0003	0.861815
700000.0003	2.95736
700000.0003	1.4877
700000.0003	-1.53594
700000.0003	-2.26721
700000.0003	0.576297
700000.0003	3.61172
700000.0003	-9.67893
700000.0003	2.01552
700000.0003	-1.17574
700000.0003	1.59002
700000.0003	-0.603792
700000.0003	2.7042
700000.0003	1.1957
700000.0003	5.39115
700000.0003	2.32392
700000.0003	0.2316
700000.0003	4.41803
700000.0003	-2.05677
700000.0003	2.39302
700000.0003	-0.215984
700000.0003	-3.55451
700000.0003	1.56888
700000.0003	-2.14055
700000.0003	3.92369
700000.0003	5.13743
700000.0003	2.76531
700000.0003	-8.36635
700000.0003	-1.37867
700000.0003	-1.56766
700000.0003	3.42619
700000.0003	-1.99195
700000.0003	1.53545
700000.0003	4.78568
700000.0003	-2.61742
700000.0003	4.68735
700000.0003	3.29708
700000.0003	6.3094
700000.0003	-4.17254
700000.0003	1.38838
700000.0003	1.58119
700000.0003	-0.332539
700000.0003	0.220222
700000.0003	-2.35804
700000.0003	-1.5233
700000.0003	6.53314
700000.0003	-1.24261
700000.0003	0.533518
700000.0003	0.262615
700000.0003	-0.766976
700000.0003	-1.06737
700000.0003	-2.28983
700000.0003	1.50756
700000.0003	0.531171
700000.0003	-0.295398
700000.0003	3.50898
700000.0003	0.401689
700000.0003	6.54038
700000.0003	2.11977
700000.0003	1.35488
700000.0003	3.86326
700000.0003	3.61292
700000.0003	-0.289292
700000.0003	-6.2563
700000.0003	2.86587
700000.0003	-0.726987
700000.0003	-5.53832
700000.0003	-2.04173
700000.0003	0.692865
700000.0003	-0.541173
700000.0003	-6.88091
700000.0003	-0.986373
700000.0003	-5.69889
700000.0003	4.18455
700000.0003	2.633
700000.0003	-6.61499
700000.0003	0.466159
700000.0003	1.91206
700000.0003	0.44896
700000.0003	-0.979716
700000.0003	1.42307
700000.0003	0.347254
700000.0003	4.14103
700000.0003	-1.44033
700000.0003	-2.07333
700000.0003	5.44214
700000.0003	1.22674
700000.0003	-3.32987
700000.0003	0.375341
700000.0003	-0.723905
700000.0003	-2.08556
700000.0003	0.775118
700000.0003	1.19399
700000.0003	2.94051
700000.0003	-0.418537
700000.0003	-2.5973
700000.0003	-0.536803
700000.0003	1.4266
700000.0003	0.0165921
700000.0003	0.991137
700000.0003	0.912861
700000.0003	0.158719
700000.0003	0.227418
700000.0003	-0.0912069
700000.0003	0.552269
700000.0003	-0.628703
700000.0003	-0.499483
700000.0003	0.618106
700000.0003	-0.688891
700000.0003	0.592494
700000.0003	-0.945343
700000.0003	0.457609
700000.0003	0.165966
700000.0003	-0.022915
700000.0003	0.119093
700000.0003	0.133839
700000.0003	-0.394177
700000.0003	0.185598
700000.0003	0.463937
700000.0003	0.0678718
700000.0003	0.135861
700000.0003	0.091428
700000.0003	0.211497
700000.0003	-0.0238874
700000.0003	-0.094369
700000.0003	0.151095
700000.0003	0.0768132
700000.0003	0.108771
700000.0003	-0.00073902
700000.0003	-0.00694688
700000.0003	-0.020233
700000.0003	-0.0080461
700000.0003	-0.0295812
700000.0003	0.00367637
700000.0003	-0.00749603
700000.0003	0
700000.0003	0
700000.0003	0
700000.0003	0
700000.0003	0
700000.0003	0
700000.0003	0
700000.0003	0
700000.0003	0
700000.0003	0
700000.0003	0
700000.0003	0
700000.0003	0
700000.0003	0
700000.0003	0
700000.0003	0
700000.0003	0
700000.0003	0
700000.0003	0
700000.0003	0
700000.0003	0
700000.0003	0
700000.0003	0
700000.0003	0
700000.0003	0
700000.0003	0
700000.0003	0
700000.0003	0
700000.0003	0
700000.0003	0
700000.0003	0
700000.0003	0
700000.0003	0
700000.0003	0
700000.0003	0
700000.0003	0
700000.0003	0
700000.0003	0
700000.0003	0
700000.0003	0
700000.0003	0
700000.0003	0
700000.0003	0
700000.0003	0
700000.0003	0
700000.0003	0
700000.0003	0
700000.0003	0
700000.0003	0
700000.0003	0
700000.0003	0
700000.0003	0
700000.0003	0
700000.0003	0
700000.0003	0
700000.0003	0
700000.0003	0
700000.0003	0
700000.0003	0
700000.0003	0
700000.0003	0
700000.0003	0
700000.0003	0
700000.0003	0
700000.0003	0
700000.0003	0
700000.0003	0
700000.0003	0
700000.0003	0
700000.0003	0
700000.0003	0
700000.0003	0
700000.0003	0
700000.0003	0
700000.0003	0
700000.0003	0
700000.0003	0
700000.0003	0
700000.0003	0
700000.0003	0
700000.0003	0
700000.0003	0
700000.0003	0
700000.0003	0
700000.0003	0
700000.0003	0
700000.0003	0
700000.0003	0
700000.0003	0
700000.0003	0
700000.0003	0
700000.0003	0
700000.0003	0
700000.0003	0
700000.0003	0
700000.0003	0
700000.0003	0
700000.0003	0
700000.0003	0
700000.0003	0
