700000.0003	1472172
700000.0003	1467402
700000.0003	1471081
700000.0003	1478242
700000.0003	1488186
700000.0003	1490107
700000.0003	1476284
700000.0003	1448734
700000.0003	1418384
700000.0003	1394421
700000.0003	1385750
700000.0003	1385033
700000.0003	1377730
700000.0003	1345810
700000.0003	1270761
700000.0003	1165483
700000.0003	1034594
700000.0003	901400
700000.0003	777784
700000.0003	670166
700000.0003	576314
700000.0003	497131
700000.0003	430491
700000.0003	375913
700000.0003	328914
700000.0003	290223
700000.0003	258156
700000.0003	232498
700000.0003	211354
700000.0003	194434
700000.0003	179785
700000.0003	168248
700000.0003	158378
700000.0003	149201
700000.0003	143241
700000.0003	137802
700000.0003	132516
700000.0003	128621
700000.0003	126007
700000.0003	123354
700000.0003	121020
700000.0003	120336
700000.0003	118879
700000.0003	117726
700000.0003	116255
700000.0003	114937
700000.0003	113946
700000.0003	113909
700000.0003	113202
700000.0003	111483
700000.0003	111088
700000.0003	110295
700000.0003	109708
700000.0003	108794
700000.0003	108503
700000.0003	107561
700000.0003	107620
700000.0003	106157
700000.0003	106199
700000.0003	105686
700000.0003	105386
700000.0003	105081
700000.0003	104721
700000.0003	103677
700000.0003	104141
700000.0003	103204
700000.0003	102996
700000.0003	103107
700000.0003	103189
700000.0003	102461
700000.0003	101993
700000.0003	102298
700000.0003	101884
700000.0003	101496
700000.0003	101075
700000.0003	100914
700000.0003	100531
700000.0003	100627
700000.0003	101045
700000.0003	100431
700000.0003	99733
700000.0003	100075
700000.0003	99601
700000.0003	99386
700000.0003	99078
700000.0003	99712
700000.0003	99078
700000.0003	98653
700000.0003	99257
700000.0003	98755
700000.0003	98081
700000.0003	99079
700000.0003	98804
700000.0003	98450
700000.0003	97771
700000.0003	98456
700000.0003	98291
700000.0003	98033
700000.0003	98010
700000.0003	97983
700000.0003	98037
700000.0003	98116
700000.0003	97939
700000.0003	97739
700000.0003	97989
700000.0003	97888
700000.0003	97541
700000.0003	97421
700000.0003	97541
700000.0003	97310
700000.0003	97474
700000.0003	97395
700000.0003	96792
700000.0003	96979
700000.0003	98059
700000.0003	97112
700000.0003	97425
700000.0003	96836
700000.0003	97306
700000.0003	97126
700000.0003	97618
700000.0003	96619
700000.0003	96682
700000.0003	97409
700000.0003	97148
700000.0003	97317
700000.0003	96589
700000.0003	96953
700000.0003	97213
700000.0003	97196
700000.0003	96908
700000.0003	97404
700000.0003	96682
700000.0003	97317
700000.0003	97005
700000.0003	96516
700000.0003	96571
700000.0003	96659
700000.0003	96686
700000.0003	97250
700000.0003	97021
700000.0003	97293
700000.0003	96793
700000.0003	96893
700000.0003	97491
700000.0003	96977
700000.0003	97451
700000.0003	97100
700000.0003	97863
700000.0003	98341
700000.0003	98450
700000.0003	99188
700000.0003	98865
700000.0003	99038
700000.0003	99679
700000.0003	99907
700000.0003	100014
700000.0003	100875
700000.0003	101323
700000.0003	101659
700000.0003	102185
700000.0003	101779
700000.0003	102187
700000.0003	104023
700000.0003	104504
700000.0003	104673
700000.0003	105299
700000.0003	106131
700000.0003	106862
700000.0003	107604
700000.0003	108132
700000.0003	108523
700000.0003	109175
700000.0003	110239
700000.0003	110797
700000.0003	112124
700000.0003	113470
700000.0003	113787
700000.0003	115507
700000.0003	115992
700000.0003	117646
700000.0003	118066
700000.0003	119217
700000.0003	120751
700000.0003	121995
700000.0003	122974
700000.0003	124742
700000.0003	125874
700000.0003	127362
700000.0003	128542
700000.0003	130020
700000.0003	131653
700000.0003	133514
700000.0003	135200
700000.0003	136969
700000.0003	139186
700000.0003	140179
700000.0003	142006
700000.0003	144587
700000.0003	146788
700000.0003	149501
700000.0003	150701
700000.0003	152919
700000.0003	155954
700000.0003	158635
700000.0003	161485
700000.0003	163974
700000.0003	167105
700000.0003	170470
700000.0003	172878
700000.0003	175749
700000.0003	179357
700000.0003	183813
700000.0003	187217
700000.0003	191763
700000.0003	195008
700000.0003	199053
700000.0003	204506
700000.0003	209349
700000.0003	215111
700000.0003	221198
700000.0003	226530
700000.0003	232359
700000.0003	239279
700000.0003	247081
700000.0003	255327
700000.0003	263358
700000.0003	273229
700000.0003	283953
700000.0003	294744
700000.0003	306044
700000.0003	320842
700000.0003	335408
700000.0003	350517
700000.0003	369721
700000.0003	389509
700000.0003	412597
700000.0003	436676
700000.0003	464265
700000.0003	494468
700000.0003	526466
700000.0003	561821
700000.0003	598985
700000.0003	640948
700000.0003	684507
700000.0003	730287
700000.0003	777662
700000.0003	825689
700000.0003	877448
700000.0003	925248
700000.0003	971884
700000.0003	1020191
700000.0003	1062843
700000.0003	1102691
700000.0003	1138448
700000.0003	1172700
700000.0003	1203882
700000.0003	1229780
700000.0003	1255114
700000.0003	1275859
700000.0003	1293522
700000.0003	1310774
700000.0003	1325392
700000.0003	1338523
700000.0003	1353463
700000.0003	1360897
700000.0003	1374776
700000.0003	1382037
700000.0003	1390980
700000.0003	1398570
700000.0003	1402827
700000.0003	1408539
700000.0003	1415716
700000.0003	1420115
700000.0003	1424478
700000.0003	1428679
700000.0003	1432873
700000.0003	1434165
700000.0003	1436887
700000.0003	1441381
700000.0003	1441664
700000.0003	1444965
700000.0003	1446749
700000.0003	1448563
700000.0003	1450635
700000.0003	1450461
700000.0003	1451042
700000.0003	1454677
700000.0003	1455338
700000.0003	1454960
700000.0003	1455588
700000.0003	1456274
700000.0003	1457941
700000.0003	1456918
700000.0003	1457244
700000.0003	1456438
700000.0003	1459018
700000.0003	1459884
700000.0003	1458686
700000.0003	1458360
700000.0003	1458289
700000.0003	1460613
700000.0003	1459237
700000.0003	1455725
700000.0003	1459406
700000.0003	1460612
700000.0003	1461210
700000.0003	1459934
700000.0003	1457725
700000.0003	1461055
700000.0003	1460592
700000.0003	1459291
700000.0003	1458926
700000.0003	1460622
700000.0003	1461862
700000.0003	1461451
700000.0003	1462160
700000.0003	1459074
700000.0003	1460254
700000.0003	1461742
700000.0003	1461447
700000.0003	1461789
700000.0003	1460117
700000.0003	1464244
700000.0003	1462771
700000.0003	1462686
700000.0003	1460823
700000.0003	1461062
700000.0003	1463322
700000.0003	1463261
700000.0003	1463286
700000.0003	1462369
700000.0003	1464839
700000.0003	1463965
700000.0003	1463870
700000.0003	1462843
700000.0003	1462208
700000.0003	1464738
700000.0003	1464917
700000.0003	1466452
700000.0003	1465215
700000.0003	1464061
700000.0003	1465994
700000.0003	1465006
700000.0003	1466195
700000.0003	1464599
700000.0003	1464857
700000.0003	1468576
700000.0003	1469451
700000.0003	1465925
700000.0003	1464651
700000.0003	1467513
700000.0003	1469208
700000.0003	1468323
700000.0003	1466198
700000.0003	1467183
700000.0003	1472565
700000.0003	1468482
700000.0003	1469026
700000.0003	1466307
700000.0003	1470298
700000.0003	1472150
700000.0003	1470935
700000.0003	1470491
700000.0003	1469960
700000.0003	1472348
700000.0003	1471717
700000.0003	1471705
700000.0003	1470519
700000.0003	1472316
700000.0003	1476103
700000.0003	1473399
700000.0003	1473613
700000.0003	1472637
700000.0003	1476403
700000.0003	1475136
700000.0003	1474929
700000.0003	1473369
700000.0003	1476743
700000.0003	1478160
700000.0003	1478355
700000.0003	1479443
700000.0003	1477524
700000.0003	1478431
700000.0003	1478458
700000.0003	1477800
700000.0003	1477801
700000.0003	1481331
700000.0003	1484623
700000.0003	1485419
700000.0003	1485572
700000.0003	1480974
700000.0003	1480004
700000.0003	1477914
700000.0003	1479904
700000.0003	1483909
700000.0003	1488593
700000.0003	1492632
700000.0003	1489938
700000.0003	1480011
