700000.0003	0.0260024
700000.0003	0.0356354
700000.0003	0.053013
700000.0003	0.0808966
700000.0003	0.124856
700000.0003	0.189958
700000.0003	0.276652
700000.0003	0.401843
700000.0003	0.553912
700000.0003	0.745766
700000.0003	0.988163
700000.0003	1.26874
700000.0003	1.61486
700000.0003	1.99963
700000.0003	2.41282
700000.0003	2.87219
700000.0003	3.35325
700000.0003	3.81618
700000.0003	4.29742
700000.0003	4.73847
700000.0003	5.20159
700000.0003	5.6303
700000.0003	6.02502
700000.0003	6.43728
700000.0003	6.83198
700000.0003	7.22618
700000.0003	7.58436
700000.0003	7.89576
700000.0003	8.19085
700000.0003	8.5764
700000.0003	8.82374
700000.0003	9.02235
700000.0003	9.38918
700000.0003	9.5392
700000.0003	9.71683
700000.0003	9.90226
700000.0003	10.0133
700000.0003	10.2021
700000.0003	10.1859
700000.0003	10.2058
700000.0003	10.2844
700000.0003	10.1912
700000.0003	10.267
700000.0003	10.2457
700000.0003	10.3339
700000.0003	10.2674
700000.0003	10.2431
700000.0003	10.2644
700000.0003	10.2772
700000.0003	10.3454
700000.0003	10.2788
700000.0003	10.2882
700000.0003	10.2588
700000.0003	10.3007
700000.0003	10.2658
700000.0003	10.3577
700000.0003	10.3443
700000.0003	10.3228
700000.0003	10.3329
700000.0003	10.2842
700000.0003	10.2801
700000.0003	10.2788
700000.0003	10.3541
700000.0003	10.3111
700000.0003	10.2647
700000.0003	10.3063
700000.0003	10.3539
700000.0003	10.2811
700000.0003	10.3533
700000.0003	10.2925
700000.0003	10.3245
700000.0003	10.3195
700000.0003	10.3756
700000.0003	10.3188
700000.0003	10.3056
700000.0003	10.3336
700000.0003	10.3119
700000.0003	10.325
700000.0003	10.3021
700000.0003	10.393
700000.0003	10.3386
700000.0003	10.4199
700000.0003	10.3349
700000.0003	10.3733
700000.0003	10.3478
700000.0003	10.3862
700000.0003	10.3878
700000.0003	10.3813
700000.0003	10.377
700000.0003	10.4354
700000.0003	10.2902
700000.0003	10.3498
700000.0003	10.3895
700000.0003	10.3462
700000.0003	10.3865
700000.0003	10.3072
700000.0003	10.4246
700000.0003	10.3604
700000.0003	10.4657
700000.0003	10.3832
700000.0003	10.4105
700000.0003	10.474
700000.0003	10.4445
700000.0003	10.3979
700000.0003	10.3838
700000.0003	10.3431
700000.0003	10.3878
700000.0003	10.4378
700000.0003	10.4147
700000.0003	10.4749
700000.0003	10.4404
700000.0003	10.4132
700000.0003	10.4337
700000.0003	10.4185
700000.0003	10.5249
700000.0003	10.4481
700000.0003	10.4445
700000.0003	10.433
700000.0003	10.4009
700000.0003	10.3252
700000.0003	10.3989
700000.0003	10.432
700000.0003	10.4246
700000.0003	10.3723
700000.0003	10.4828
700000.0003	10.4609
700000.0003	10.3936
700000.0003	10.3948
700000.0003	10.4075
700000.0003	10.4022
700000.0003	10.4555
700000.0003	10.4939
700000.0003	10.4002
700000.0003	10.4126
700000.0003	10.5076
700000.0003	10.5334
700000.0003	10.5515
700000.0003	10.4189
700000.0003	10.4863
700000.0003	10.4132
700000.0003	10.5411
700000.0003	10.535
700000.0003	10.4871
700000.0003	10.4471
700000.0003	10.4104
700000.0003	10.5244
700000.0003	10.4514
700000.0003	10.4767
700000.0003	10.4532
700000.0003	10.3832
700000.0003	10.4013
700000.0003	10.2755
700000.0003	10.3364
700000.0003	10.2218
700000.0003	10.2509
700000.0003	10.1174
700000.0003	10.173
700000.0003	10.1413
700000.0003	10.0819
700000.0003	10.1403
700000.0003	10.0855
700000.0003	10.0412
700000.0003	9.86079
700000.0003	9.92426
700000.0003	9.79464
700000.0003	9.84399
700000.0003	9.71237
700000.0003	9.69789
700000.0003	9.63476
700000.0003	9.65552
700000.0003	9.59738
700000.0003	9.52266
700000.0003	9.39393
700000.0003	9.38127
700000.0003	9.32083
700000.0003	9.23759
700000.0003	9.13813
700000.0003	9.1674
700000.0003	9.06568
700000.0003	9.05383
700000.0003	8.97341
700000.0003	8.83941
700000.0003	8.75877
700000.0003	8.66812
700000.0003	8.65764
700000.0003	8.55541
700000.0003	8.47609
700000.0003	8.3744
700000.0003	8.31434
700000.0003	8.25988
700000.0003	8.19899
700000.0003	8.07805
700000.0003	7.99862
700000.0003	7.95773
700000.0003	7.84408
700000.0003	7.7509
700000.0003	7.61245
700000.0003	7.53747
700000.0003	7.4981
700000.0003	7.44119
700000.0003	7.22249
700000.0003	7.24323
700000.0003	7.15622
700000.0003	7.0833
700000.0003	6.94539
700000.0003	6.86132
700000.0003	6.7554
700000.0003	6.68636
700000.0003	6.58332
700000.0003	6.49913
700000.0003	6.42243
700000.0003	6.35556
700000.0003	6.21575
700000.0003	6.09801
700000.0003	5.98845
700000.0003	5.92733
700000.0003	5.85959
700000.0003	5.71137
700000.0003	5.63063
700000.0003	5.53109
700000.0003	5.44049
700000.0003	5.35755
700000.0003	5.25415
700000.0003	5.16442
700000.0003	5.04592
700000.0003	4.96764
700000.0003	4.88274
700000.0003	4.75594
700000.0003	4.65699
700000.0003	4.56915
700000.0003	4.48942
700000.0003	4.38613
700000.0003	4.2826
700000.0003	4.19215
700000.0003	4.09777
700000.0003	3.97062
700000.0003	3.8722
700000.0003	3.77866
700000.0003	3.66467
700000.0003	3.55062
700000.0003	3.43256
700000.0003	3.33586
700000.0003	3.22464
700000.0003	3.10131
700000.0003	2.98878
700000.0003	2.85676
700000.0003	2.71787
700000.0003	2.59895
700000.0003	2.46819
700000.0003	2.32229
700000.0003	2.19844
700000.0003	2.06971
700000.0003	1.93072
700000.0003	1.79761
700000.0003	1.67122
700000.0003	1.53959
700000.0003	1.41752
700000.0003	1.29787
700000.0003	1.18684
700000.0003	1.08081
700000.0003	0.976962
700000.0003	0.883583
700000.0003	0.794249
700000.0003	0.709327
700000.0003	0.63337
700000.0003	0.561544
700000.0003	0.498626
700000.0003	0.439915
700000.0003	0.386348
700000.0003	0.336185
700000.0003	0.290606
700000.0003	0.251765
700000.0003	0.21728
700000.0003	0.186422
700000.0003	0.158155
700000.0003	0.134805
700000.0003	0.114353
700000.0003	0.0963653
700000.0003	0.0813726
700000.0003	0.0688304
700000.0003	0.0577605
700000.0003	0.0480011
700000.0003	0.0405974
700000.0003	0.0342244
700000.0003	0.0289014
700000.0003	0.0247293
700000.0003	0.0209167
700000.0003	0.0180785
700000.0003	0.0154994
700000.0003	0.0134499
700000.0003	0.0117658
700000.0003	0.0102373
700000.0003	0.00907946
700000.0003	0.00810534
700000.0003	0.00736055
700000.0003	0.0067557
700000.0003	0.00615825
700000.0003	0.00583321
700000.0003	0.00554576
700000.0003	0.00551451
700000.0003	0.00516063
700000.0003	0.0051095
700000.0003	0.0051079
700000.0003	0.00495902
700000.0003	0.00495783
700000.0003	0.00490388
700000.0003	0.00472896
700000.0003	0.00473415
700000.0003	0.00467995
700000.0003	0.00462995
700000.0003	0.0045535
700000.0003	0.00450727
700000.0003	0.00452983
700000.0003	0.00447859
700000.0003	0.00437017
700000.0003	0.00437015
700000.0003	0.0043367
700000.0003	0.00441376
700000.0003	0.00426477
700000.0003	0.00427857
700000.0003	0.00431724
700000.0003	0.00425413
700000.0003	0.00425368
700000.0003	0.00422306
700000.0003	0.00419023
700000.0003	0.00422375
700000.0003	0.00417735
700000.0003	0.00421275
700000.0003	0.00416726
700000.0003	0.00412782
700000.0003	0.00415553
700000.0003	0.00416663
700000.0003	0.00414516
700000.0003	0.00414944
700000.0003	0.00410039
700000.0003	0.0041276
700000.0003	0.00414611
700000.0003	0.00413347
700000.0003	0.00412253
700000.0003	0.00412596
700000.0003	0.00415019
700000.0003	0.00420891
700000.0003	0.00415401
700000.0003	0.00416068
700000.0003	0.00415559
700000.0003	0.00416255
700000.0003	0.00417029
700000.0003	0.00416697
700000.0003	0.00417467
700000.0003	0.00419271
700000.0003	0.00417461
700000.0003	0.00416597
700000.0003	0.00421855
700000.0003	0.00422721
700000.0003	0.00425962
700000.0003	0.00421675
700000.0003	0.00423141
700000.0003	0.00432447
700000.0003	0.00430816
700000.0003	0.00434387
700000.0003	0.00435598
700000.0003	0.00439582
700000.0003	0.00434981
700000.0003	0.00440075
700000.0003	0.00444072
700000.0003	0.00450781
700000.0003	0.00452272
700000.0003	0.00461179
700000.0003	0.0046559
700000.0003	0.0046872
700000.0003	0.00480158
700000.0003	0.00478604
700000.0003	0.00487782
700000.0003	0.00496544
700000.0003	0.00493734
700000.0003	0.00506597
700000.0003	0.00509017
700000.0003	0.00526691
700000.0003	0.00534878
700000.0003	0.00541578
700000.0003	0.00556552
700000.0003	0.00570454
700000.0003	0.00577411
700000.0003	0.00611523
700000.0003	0.00613738
700000.0003	0.00643226
700000.0003	0.00658532
700000.0003	0.00698183
700000.0003	0.00728772
700000.0003	0.00756542
700000.0003	0.00808275
700000.0003	0.00847396
700000.0003	0.00917922
700000.0003	0.00970682
700000.0003	0.0106835
700000.0003	0.0119723
700000.0003	0.0134431
700000.0003	0.0153995
700000.0003	0.0177519
700000.0003	0.0213724
700000.0003	-0.000313675
700000.0003	-0.000296744
700000.0003	-0.000152095
700000.0003	0.000209801
700000.0003	-0.000171638
700000.0003	-0.000474506
700000.0003	0.000134796
700000.0003	8.95733e-05
700000.0003	0.0011046
700000.0003	0.00241806
700000.0003	-0.00250453
700000.0003	0.0018928
700000.0003	0.0056923
700000.0003	0.00273455
700000.0003	0.00909849
700000.0003	0.0100804
700000.0003	0.00793256
700000.0003	0.00499901
700000.0003	-0.00261422
700000.0003	0.0188615
700000.0003	-0.0217829
700000.0003	-0.00186021
700000.0003	-0.0124538
700000.0003	-0.0148344
700000.0003	-0.0148509
700000.0003	-0.0174909
700000.0003	-0.0157807
700000.0003	-0.0240154
700000.0003	0.0227064
700000.0003	0.0312587
700000.0003	0.0395057
700000.0003	-0.0223102
700000.0003	0.0451779
700000.0003	0.00529541
700000.0003	0.000719314
700000.0003	0.0184247
700000.0003	0.0509431
700000.0003	-0.00016117
700000.0003	-0.00856137
700000.0003	0.0074573
700000.0003	0.00831741
700000.0003	0.00218717
700000.0003	0.00281861
700000.0003	0.0218739
700000.0003	-0.00381065
700000.0003	0.00379973
700000.0003	0.0296804
700000.0003	0.0266786
700000.0003	0.0185219
700000.0003	-0.0277732
700000.0003	0.0031788
700000.0003	0.00730701
700000.0003	0.0118915
700000.0003	0.00112736
700000.0003	0.0112778
700000.0003	0.0304703
700000.0003	-0.0109433
700000.0003	0.0182955
700000.0003	0.000516821
700000.0003	-0.00612568
700000.0003	0.0291738
700000.0003	-0.00194562
700000.0003	0.00810865
700000.0003	-0.00988322
700000.0003	0.0078144
700000.0003	0.0114011
700000.0003	-0.0472271
700000.0003	0.0255955
700000.0003	0.00997058
700000.0003	0.0172061
700000.0003	0.0366251
700000.0003	-0.00822292
700000.0003	-0.00067564
700000.0003	0.000929004
700000.0003	-0.0213358
700000.0003	0.044874
700000.0003	0.00851448
700000.0003	-0.000338937
700000.0003	0.00323425
700000.0003	0.0259479
700000.0003	0.0222237
700000.0003	-0.0169774
700000.0003	0.0122506
700000.0003	0.00253442
700000.0003	0.012559
700000.0003	-0.0287936
700000.0003	-0.057434
700000.0003	0.030081
700000.0003	0.00600014
700000.0003	0.032719
700000.0003	0.0280175
700000.0003	0.0151252
700000.0003	0.0229271
700000.0003	0.00086863
700000.0003	0.0143857
700000.0003	-0.00219513
700000.0003	0.0201254
700000.0003	-0.0375942
700000.0003	-0.0182698
700000.0003	0.00864408
700000.0003	-0.0109677
700000.0003	0.00874065
700000.0003	0.00776937
700000.0003	0.0016195
700000.0003	-0.00130969
700000.0003	-0.0311452
700000.0003	0.0280645
700000.0003	-0.0155053
700000.0003	0.00622594
700000.0003	0.0304602
700000.0003	0.0171437
700000.0003	-0.0289096
700000.0003	0.00373723
700000.0003	0.0373583
700000.0003	-0.00272886
700000.0003	0.0585235
700000.0003	0.0216241
700000.0003	0.00804848
700000.0003	-0.0190433
700000.0003	-0.00632163
700000.0003	0.0453413
700000.0003	-0.0231459
700000.0003	0.0321491
700000.0003	-0.0114279
700000.0003	0.0235022
700000.0003	-0.0203836
700000.0003	-0.0138077
700000.0003	0.00487298
700000.0003	-0.0447398
700000.0003	0.00846848
700000.0003	0.0138078
700000.0003	-0.0249843
700000.0003	0.0506704
700000.0003	0.03398
700000.0003	-0.00773298
700000.0003	0.0112756
700000.0003	-0.012136
700000.0003	0.00730263
700000.0003	0.0261607
700000.0003	-0.0218677
700000.0003	-0.03342
700000.0003	0.0488894
700000.0003	0.0169393
700000.0003	0.0294676
700000.0003	0.0101586
700000.0003	0.0169823
700000.0003	-0.00174854
700000.0003	0.00307591
700000.0003	-0.0334209
700000.0003	0.0215735
700000.0003	0.00333243
700000.0003	0.0108126
700000.0003	-0.0211226
700000.0003	0.00444252
700000.0003	-0.0306789
700000.0003	-0.00715401
700000.0003	-0.0220991
700000.0003	-0.0357702
700000.0003	-0.0629446
700000.0003	0.0168998
700000.0003	-0.0214998
700000.0003	-0.0232431
700000.0003	0.0302317
700000.0003	0.0272061
700000.0003	-0.0185936
700000.0003	0.0112741
700000.0003	0.0119621
700000.0003	-0.00630741
700000.0003	0.026662
700000.0003	0.0141301
700000.0003	0.00631132
700000.0003	-0.0271481
700000.0003	-0.00697881
700000.0003	-0.0220879
700000.0003	-0.0160679
700000.0003	-0.0264761
700000.0003	0.00722094
700000.0003	0.000567775
700000.0003	-0.0490511
700000.0003	0.0215374
700000.0003	-0.00633084
700000.0003	-0.0119393
700000.0003	-0.00330548
700000.0003	0.0117906
700000.0003	0.0132076
700000.0003	-0.0122606
700000.0003	0.00109175
700000.0003	-0.00769917
700000.0003	0.0108969
700000.0003	0.0434577
700000.0003	-0.000151217
700000.0003	-0.000216009
700000.0003	-0.0201562
700000.0003	-0.00317622
700000.0003	0.0225498
700000.0003	-0.00548138
700000.0003	0.0079841
700000.0003	-0.0184228
700000.0003	-0.0280363
700000.0003	-0.00590312
700000.0003	0.00270983
700000.0003	0.0187665
700000.0003	0.0330925
700000.0003	-0.0123934
700000.0003	-0.0123739
700000.0003	0.0314891
700000.0003	0.00889101
700000.0003	0.0142893
700000.0003	-0.0127379
700000.0003	0.00143162
700000.0003	0.016516
700000.0003	0.000158548
700000.0003	-0.0128753
700000.0003	-0.0139702
700000.0003	0.00135176
700000.0003	0.00539127
700000.0003	0.00238857
700000.0003	-8.09399e-05
700000.0003	-0.0131618
700000.0003	0.0118882
700000.0003	-0.00334784
700000.0003	-0.00338548
700000.0003	-0.00882068
700000.0003	-0.000126907
700000.0003	0.00364075
700000.0003	-0.00349818
700000.0003	-0.000925116
700000.0003	0.00951622
700000.0003	0.00181362
700000.0003	0.011523
700000.0003	0.00112388
700000.0003	-0.00706878
700000.0003	0.00085838
700000.0003	0.00940526
700000.0003	-0.00466305
700000.0003	-0.00923037
700000.0003	-0.00270742
700000.0003	-0.0021929
700000.0003	-0.00149842
700000.0003	-0.00923897
700000.0003	5.23662e-05
700000.0003	-0.00660935
700000.0003	0.00102373
700000.0003	0.00211251
700000.0003	0.0028695
700000.0003	0.00413542
700000.0003	-0.00310913
700000.0003	-0.00793246
700000.0003	0.00199358
700000.0003	-0.00204659
700000.0003	-0.00316117
700000.0003	-0.00291967
700000.0003	-0.00101397
700000.0003	-0.00160784
700000.0003	-0.0029166
700000.0003	0.00205333
700000.0003	-0.00137804
700000.0003	-0.000851029
700000.0003	-0.000513912
700000.0003	0.00285307
700000.0003	-0.00156306
700000.0003	0.00029734
700000.0003	-0.00108778
700000.0003	1.56912e-05
700000.0003	-0.000853897
700000.0003	-0.00150467
700000.0003	5.5888e-05
700000.0003	-0.00194466
700000.0003	-0.000547164
700000.0003	-0.000996478
700000.0003	-0.000325437
700000.0003	-0.000519032
700000.0003	0.000274312
700000.0003	-0.000854077
700000.0003	-0.000672435
700000.0003	-0.000620165
700000.0003	-0.000511793
700000.0003	-0.000106255
700000.0003	-3.87227e-05
700000.0003	6.54978e-05
700000.0003	0.000561286
700000.0003	0.000220859
700000.0003	1.6015e-05
700000.0003	1.72195e-05
700000.0003	-0.00027238
700000.0003	7.20053e-05
700000.0003	-2.91854e-06
700000.0003	0.000154175
700000.0003	1.48671e-06
700000.0003	-5.26625e-05
700000.0003	-2.93113e-06
700000.0003	-4.69587e-05
700000.0003	4.95195e-05
700000.0003	7.28041e-05
700000.0003	1.75739e-06
700000.0003	1.77487e-05
700000.0003	-2.51142e-05
700000.0003	4.67409e-05
700000.0003	-2.7937e-05
700000.0003	5.00876e-06
700000.0003	4.12528e-05
700000.0003	5.94763e-07
700000.0003	-5.12182e-05
700000.0003	1.32326e-05
700000.0003	4.302e-05
700000.0003	2.77192e-05
700000.0003	1.14706e-05
700000.0003	-3.63581e-05
700000.0003	8.05838e-06
700000.0003	7.1747e-05
700000.0003	-5.66953e-05
700000.0003	1.77325e-05
700000.0003	5.23415e-06
700000.0003	-5.05636e-05
700000.0003	-9.72731e-06
700000.0003	-6.52204e-05
700000.0003	5.3551e-05
700000.0003	-2.11069e-05
700000.0003	-1.9358e-05
700000.0003	-6.10597e-06
700000.0003	1.18164e-05
700000.0003	-8.23728e-06
700000.0003	-1.06359e-05
700000.0003	-6.15108e-06
700000.0003	-2.56461e-05
700000.0003	4.23445e-06
700000.0003	2.51998e-05
700000.0003	3.78678e-05
700000.0003	-1.96259e-05
700000.0003	3.29241e-06
700000.0003	1.41389e-05
700000.0003	1.01324e-05
700000.0003	2.63242e-05
700000.0003	-3.76653e-05
700000.0003	9.7364e-06
700000.0003	2.17289e-05
700000.0003	-1.66155e-05
700000.0003	3.7552e-05
700000.0003	2.99627e-06
700000.0003	-3.99347e-05
700000.0003	-3.03984e-05
700000.0003	-1.72537e-06
700000.0003	3.39614e-05
700000.0003	-4.26153e-06
700000.0003	3.23572e-05
700000.0003	3.35101e-05
700000.0003	-5.23751e-05
700000.0003	-2.54821e-05
700000.0003	2.01009e-05
700000.0003	-4.09285e-05
700000.0003	3.82252e-05
700000.0003	3.97242e-05
700000.0003	-2.43518e-05
700000.0003	-1.80342e-05
700000.0003	-1.32112e-05
700000.0003	8.84392e-05
700000.0003	1.02209e-05
700000.0003	-1.41112e-05
700000.0003	-2.53701e-05
700000.0003	-1.31984e-05
700000.0003	-4.75582e-05
700000.0003	-8.92898e-06
700000.0003	-5.48733e-06
700000.0003	3.04593e-05
700000.0003	-5.44894e-05
700000.0003	4.86942e-05
700000.0003	2.64305e-05
700000.0003	9.33568e-06
700000.0003	-1.5044e-05
700000.0003	2.43899e-07
700000.0003	5.19234e-05
700000.0003	-6.03413e-05
700000.0003	2.12965e-05
700000.0003	5.35362e-05
700000.0003	-5.61137e-05
700000.0003	-2.01604e-05
700000.0003	-4.69057e-05
700000.0003	-3.0297e-05
700000.0003	0.00011216
700000.0003	1.45327e-05
700000.0003	-3.49288e-05
700000.0003	-3.14925e-05
700000.0003	-3.28557e-05
700000.0003	4.27956e-06
700000.0003	9.98459e-07
700000.0003	2.44331e-06
700000.0003	-8.57604e-05
700000.0003	-2.41535e-05
700000.0003	-8.58889e-05
700000.0003	4.46891e-05
700000.0003	4.05193e-05
700000.0003	9.929e-05
700000.0003	-5.6868e-05
700000.0003	-1.93122e-05
700000.0003	3.21929e-05
700000.0003	-2.8365e-05
700000.0003	0.000101309
700000.0003	-6.87146e-05
700000.0003	-7.02464e-05
700000.0003	0.000180564
700000.0003	0.000465298
700000.0003	-0.000105789
700000.0003	8.9907e-05
700000.0003	-1.41426e-05
700000.0003	-0.000998093
700000.0003	-0.000129213
700000.0003	-0.000216266
700000.0003	0.00058167
700000.0003	-0.00198212
700000.0003	-5.01158e-06
700000.0003	0.00243048
700000.0003	-0.00504691
700000.0003	-0.00432431
700000.0003	0.00287809
700000.0003	0.0109141
700000.0003	-0.00360136
700000.0003	0.015499
700000.0003	-0.00033866
700000.0003	0.000403745
700000.0003	-0.0097747
700000.0003	-0.00141262
700000.0003	0.00367776
700000.0003	0.00762758
700000.0003	0.00726941
700000.0003	0.00128906
700000.0003	-0.00926668
700000.0003	-0.026618
700000.0003	-0.0202644
700000.0003	0.00955123
700000.0003	0.0338198
700000.0003	0.0250201
700000.0003	-0.0239087
700000.0003	0.0477355
700000.0003	-0.000169909
700000.0003	0.0132624
700000.0003	0.0218745
700000.0003	0.0384975
700000.0003	-0.00694521
700000.0003	-0.0209658
700000.0003	0.00669416
700000.0003	0.00852403
700000.0003	0.0187065
700000.0003	0.0062535
700000.0003	0.0234392
700000.0003	0.00712581
700000.0003	-0.00527812
700000.0003	0.0187129
700000.0003	0.0214171
700000.0003	0.0141931
700000.0003	-0.0360249
700000.0003	0.000485225
700000.0003	0.0240445
700000.0003	-0.0122155
700000.0003	-0.00488563
700000.0003	0.0157506
700000.0003	0.0372166
700000.0003	-0.00444525
700000.0003	0.0268147
700000.0003	-0.00849127
700000.0003	-0.0118747
700000.0003	0.0265909
700000.0003	0.00755077
700000.0003	0.0221155
700000.0003	-0.0137052
700000.0003	0.00719575
700000.0003	-0.00321404
700000.0003	-0.0346208
700000.0003	0.0213527
700000.0003	-0.000223556
700000.0003	0.0120638
700000.0003	0.0366846
700000.0003	-0.0110795
700000.0003	-0.00246214
700000.0003	0.00321905
700000.0003	-0.0200653
700000.0003	0.0454156
700000.0003	0.019886
700000.0003	0.0184622
700000.0003	0.0158577
700000.0003	0.0331936
700000.0003	0.0122026
700000.0003	-0.0291813
700000.0003	0.0179247
700000.0003	0.0101354
700000.0003	0.00725614
700000.0003	-0.01925
700000.0003	-0.0385543
700000.0003	0.0252418
700000.0003	-0.0106501
700000.0003	0.0497846
700000.0003	0.0382835
700000.0003	0.0205267
700000.0003	0.0342018
700000.0003	0.00814951
700000.0003	0.00869489
700000.0003	-0.00879421
700000.0003	0.00589032
700000.0003	-0.0387222
700000.0003	-0.00716748
700000.0003	0.0249003
700000.0003	0.00459022
700000.0003	0.00390609
700000.0003	0.00581968
700000.0003	0.0208561
700000.0003	-0.00492074
700000.0003	-0.0187032
700000.0003	0.0223143
700000.0003	0.0071667
700000.0003	0.00549064
700000.0003	0.0269054
700000.0003	0.0293071
700000.0003	-0.0234035
700000.0003	0.00244183
700000.0003	0.0306493
700000.0003	-0.0152182
700000.0003	0.0460233
700000.0003	0.015462
700000.0003	-0.000933824
700000.0003	-0.0229055
700000.0003	-0.013837
700000.0003	0.0543214
700000.0003	-0.0344021
700000.0003	0.033707
700000.0003	-0.0257673
700000.0003	0.00902039
700000.0003	-0.0244234
700000.0003	-0.00710863
700000.0003	-0.00255982
700000.0003	-0.062699
700000.0003	0.00241909
700000.0003	0.00940621
700000.0003	-0.0236297
700000.0003	0.0317774
700000.0003	0.0335665
700000.0003	-0.0286859
700000.0003	0.00770722
700000.0003	-0.024444
700000.0003	-0.00441099
700000.0003	0.0237701
700000.0003	-0.0349448
700000.0003	-0.0214473
700000.0003	0.0439808
700000.0003	0.0122456
700000.0003	0.0296559
700000.0003	0.0209813
700000.0003	0.0147335
700000.0003	-0.00239517
700000.0003	-0.00411865
700000.0003	-0.0225183
700000.0003	0.0338221
700000.0003	-0.000107242
700000.0003	0.0152264
700000.0003	-0.0318293
700000.0003	-0.00399957
700000.0003	-0.0337795
700000.0003	-0.018532
700000.0003	-0.0331221
700000.0003	-0.0497928
700000.0003	-0.0524082
700000.0003	0.00612448
700000.0003	-0.0351324
700000.0003	-0.0304695
700000.0003	0.0107163
700000.0003	0.0251141
700000.0003	-0.023673
700000.0003	0.00823064
700000.0003	0.0106477
700000.0003	-0.00477019
700000.0003	0.0279721
700000.0003	0.00797085
700000.0003	0.00806365
700000.0003	-0.0211889
700000.0003	-0.00564546
700000.0003	-0.0200967
700000.0003	-0.0250126
700000.0003	-0.0182293
700000.0003	0.00977532
700000.0003	0.0039735
700000.0003	-0.0411989
700000.0003	0.0258069
700000.0003	0.00135018
700000.0003	-0.00553504
700000.0003	0.0123205
700000.0003	0.0109404
700000.0003	0.0102837
700000.0003	-0.00995505
700000.0003	0.00741879
700000.0003	0.00517613
700000.0003	0.0105487
700000.0003	0.0383541
700000.0003	-0.00785872
700000.0003	-0.0181196
700000.0003	-0.012648
700000.0003	0.00545755
700000.0003	0.0242248
700000.0003	-0.0117495
700000.0003	-0.00977574
700000.0003	-0.0140118
700000.0003	-0.0258699
700000.0003	-0.0170769
700000.0003	-0.00580232
700000.0003	0.015683
700000.0003	0.0238664
700000.0003	-0.019572
700000.0003	-0.0070099
700000.0003	0.0307594
700000.0003	0.00747352
700000.0003	0.0101982
700000.0003	-0.00787027
700000.0003	0.0042638
700000.0003	0.0172337
700000.0003	0.0147622
700000.0003	-0.0140861
700000.0003	-0.0198047
700000.0003	0.00426821
700000.0003	0.00595358
700000.0003	-0.00278566
700000.0003	-0.000667434
700000.0003	-0.00479157
700000.0003	0.0104183
700000.0003	0.00514651
700000.0003	0.000908954
700000.0003	0.00173724
700000.0003	0.000340552
700000.0003	-0.00242833
700000.0003	-0.00425755
700000.0003	-0.0121056
700000.0003	0.00533899
700000.0003	-0.00229452
700000.0003	0.0122217
700000.0003	0.0012028
700000.0003	0.000390336
700000.0003	0.00217341
700000.0003	0.0136086
700000.0003	-0.00220702
700000.0003	-0.016728
700000.0003	-0.0050251
700000.0003	-0.00338808
700000.0003	-0.00363656
700000.0003	-0.0120002
700000.0003	-0.00311945
700000.0003	-0.00834305
700000.0003	-0.00638217
700000.0003	-0.00602366
700000.0003	-0.00785482
700000.0003	0.00297785
700000.0003	-0.00128865
700000.0003	-0.000140177
700000.0003	0.00145934
700000.0003	0.00311853
700000.0003	0.0011785
700000.0003	-0.00308365
700000.0003	0.00157049
700000.0003	0.00293381
700000.0003	-0.0012292
700000.0003	-0.00301366
700000.0003	0.00176642
700000.0003	-0.00329632
700000.0003	-0.00082989
700000.0003	0.000600392
700000.0003	-0.00187962
700000.0003	-2.62098e-05
700000.0003	-0.00281351
700000.0003	-0.00110113
700000.0003	-0.000324151
700000.0003	-0.000137391
700000.0003	-0.000905997
700000.0003	-0.00109505
700000.0003	-4.19022e-05
700000.0003	6.80951e-06
700000.0003	-0.000142488
700000.0003	0.000284137
700000.0003	0.000688595
700000.0003	-0.000906631
700000.0003	0.000882528
700000.0003	-0.00117074
700000.0003	-0.00036171
700000.0003	4.79956e-05
700000.0003	-0.000581893
700000.0003	0.000252598
700000.0003	-0.000223312
700000.0003	8.83784e-05
700000.0003	6.61022e-05
700000.0003	8.31856e-05
700000.0003	-2.93833e-05
700000.0003	0.000139752
700000.0003	5.97622e-05
700000.0003	6.64192e-05
700000.0003	0.000202566
700000.0003	-0.000149233
700000.0003	7.0708e-05
700000.0003	-6.57866e-05
700000.0003	6.22149e-05
700000.0003	2.75321e-05
700000.0003	8.06998e-05
700000.0003	-0.000150829
700000.0003	1.47492e-05
700000.0003	2.96506e-05
700000.0003	7.1497e-05
700000.0003	4.81801e-05
700000.0003	-2.02031e-05
700000.0003	-2.5452e-05
700000.0003	2.09698e-05
700000.0003	5.32341e-05
700000.0003	-2.15417e-05
700000.0003	-2.13308e-05
700000.0003	2.42299e-05
700000.0003	6.82166e-05
700000.0003	-2.97871e-05
700000.0003	2.20631e-05
700000.0003	4.44613e-05
700000.0003	1.66475e-05
700000.0003	1.76772e-05
700000.0003	6.06043e-05
700000.0003	-2.18748e-05
700000.0003	4.15218e-05
700000.0003	1.14668e-05
700000.0003	-4.04662e-07
700000.0003	-1.27477e-05
700000.0003	4.36411e-08
700000.0003	8.36208e-06
700000.0003	-2.13458e-05
700000.0003	4.16426e-05
700000.0003	-3.70944e-05
700000.0003	-4.31427e-05
700000.0003	9.87906e-06
700000.0003	-4.2137e-06
700000.0003	-1.0825e-05
700000.0003	-2.7842e-05
700000.0003	-6.78681e-05
700000.0003	3.25913e-05
700000.0003	-3.04009e-05
700000.0003	-1.29267e-05
700000.0003	5.26744e-05
700000.0003	-2.6249e-05
700000.0003	-2.39758e-05
700000.0003	3.31295e-05
700000.0003	-9.72633e-07
700000.0003	1.73364e-05
700000.0003	4.53631e-05
700000.0003	2.57482e-05
700000.0003	-2.9031e-05
700000.0003	4.65958e-05
700000.0003	-5.31662e-06
700000.0003	-5.46647e-05
700000.0003	-1.86184e-05
700000.0003	9.04029e-06
700000.0003	3.66045e-05
700000.0003	1.0354e-05
700000.0003	-4.582e-06
700000.0003	-1.24213e-05
700000.0003	-2.67448e-06
700000.0003	3.19455e-05
700000.0003	3.80943e-05
700000.0003	-5.64104e-05
700000.0003	-0.00010555
700000.0003	-4.03374e-05
700000.0003	-1.91457e-05
700000.0003	-9.64659e-06
700000.0003	-1.37116e-05
700000.0003	-3.96444e-05
700000.0003	4.4267e-05
700000.0003	4.30545e-06
700000.0003	-2.00002e-05
700000.0003	-1.30405e-05
700000.0003	4.6079e-05
700000.0003	4.37766e-05
700000.0003	-8.09199e-06
700000.0003	-2.79071e-05
700000.0003	8.14171e-05
700000.0003	-4.62986e-05
700000.0003	1.94905e-05
700000.0003	0.000116074
700000.0003	-4.15322e-05
700000.0003	-0.000120033
700000.0003	5.09786e-05
700000.0003	9.16693e-05
700000.0003	4.89806e-05
700000.0003	1.89617e-05
700000.0003	2.55456e-05
700000.0003	5.4028e-05
700000.0003	3.46157e-05
700000.0003	-2.80001e-05
700000.0003	-4.01794e-05
700000.0003	-9.13007e-06
700000.0003	-4.66328e-05
700000.0003	4.19516e-06
700000.0003	6.94942e-05
700000.0003	-6.55939e-05
700000.0003	-0.000139897
700000.0003	-1.43617e-05
700000.0003	-0.000109719
700000.0003	9.13006e-05
700000.0003	-8.12452e-05
700000.0003	-0.000222565
700000.0003	2.74599e-05
700000.0003	-7.08673e-05
700000.0003	7.05975e-05
700000.0003	2.31622e-06
700000.0003	-7.22803e-05
700000.0003	0.0181825
700000.0003	0.0239438
700000.0003	0.0368385
700000.0003	0.0605906
700000.0003	0.101446
700000.0003	0.168084
700000.0003	0.26697
700000.0003	0.407443
700000.0003	0.602835
700000.0003	0.87606
700000.0003	1.25255
700000.0003	1.76287
700000.0003	2.45197
700000.0003	3.34485
700000.0003	4.46537
700000.0003	5.84122
700000.0003	7.4395
700000.0003	9.25656
700000.0003	11.2925
700000.0003	13.3665
700000.0003	15.3229
700000.0003	16.9554
700000.0003	18.1701
700000.0003	19.0226
700000.0003	19.512
700000.0003	19.755
700000.0003	19.7174
700000.0003	19.5504
700000.0003	19.3823
700000.0003	19.1117
700000.0003	18.8183
700000.0003	18.4594
700000.0003	18.2497
700000.0003	17.9935
700000.0003	17.7777
700000.0003	17.461
700000.0003	17.2875
700000.0003	17.0429
700000.0003	16.6758
700000.0003	16.1894
700000.0003	15.9756
700000.0003	15.6923
700000.0003	15.4932
700000.0003	15.0796
700000.0003	14.8911
700000.0003	14.6751
700000.0003	14.3594
700000.0003	14.2934
700000.0003	14.0352
700000.0003	13.9343
700000.0003	13.7273
700000.0003	13.5337
700000.0003	13.4307
700000.0003	13.3608
700000.0003	13.2197
700000.0003	13.0255
700000.0003	13.0519
700000.0003	12.9146
700000.0003	12.7781
700000.0003	12.647
700000.0003	12.5216
700000.0003	12.4145
700000.0003	12.4365
700000.0003	12.2813
700000.0003	12.2577
700000.0003	12.1719
700000.0003	12.1056
700000.0003	11.9882
700000.0003	11.951
700000.0003	11.9021
700000.0003	11.8075
700000.0003	11.7768
700000.0003	11.8225
700000.0003	11.6939
700000.0003	11.6589
700000.0003	11.6291
700000.0003	11.5551
700000.0003	11.5004
700000.0003	11.52
700000.0003	11.4888
700000.0003	11.3976
700000.0003	11.3353
700000.0003	11.2631
700000.0003	11.2303
700000.0003	11.2982
700000.0003	11.2873
700000.0003	11.2488
700000.0003	11.2994
700000.0003	11.188
700000.0003	11.1773
700000.0003	11.1543
700000.0003	11.1075
700000.0003	11.0902
700000.0003	11.0221
700000.0003	11.0223
700000.0003	11.0309
700000.0003	10.9483
700000.0003	10.9916
700000.0003	10.9462
700000.0003	10.9813
700000.0003	10.9362
700000.0003	10.8926
700000.0003	10.8539
700000.0003	10.8973
700000.0003	10.8074
700000.0003	10.8424
700000.0003	10.8523
700000.0003	10.8143
700000.0003	10.7585
700000.0003	10.7778
700000.0003	10.8004
700000.0003	10.7444
700000.0003	10.7949
700000.0003	10.7495
700000.0003	10.7574
700000.0003	10.741
700000.0003	10.6282
700000.0003	10.6675
700000.0003	10.7257
700000.0003	10.6609
700000.0003	10.6199
700000.0003	10.705
700000.0003	10.6237
700000.0003	10.6438
700000.0003	10.66
700000.0003	10.6799
700000.0003	10.7231
700000.0003	10.6845
700000.0003	10.6453
700000.0003	10.6494
700000.0003	10.6878
700000.0003	10.6753
700000.0003	10.6831
700000.0003	10.6089
700000.0003	10.6121
700000.0003	10.5794
700000.0003	10.666
700000.0003	10.6733
700000.0003	10.5881
700000.0003	10.5396
700000.0003	10.6927
700000.0003	10.6654
700000.0003	10.6392
700000.0003	10.5886
700000.0003	10.6068
700000.0003	10.6887
700000.0003	10.6586
700000.0003	10.6067
700000.0003	10.6387
700000.0003	10.5379
700000.0003	10.4884
700000.0003	10.4839
700000.0003	10.4704
700000.0003	10.4557
700000.0003	10.4638
700000.0003	10.3526
700000.0003	10.39
700000.0003	10.3102
700000.0003	10.3298
700000.0003	10.2666
700000.0003	10.2301
700000.0003	10.1936
700000.0003	10.0627
700000.0003	10.0688
700000.0003	10.0441
700000.0003	9.99469
700000.0003	9.91519
700000.0003	9.82232
700000.0003	9.8865
700000.0003	9.85601
700000.0003	9.76745
700000.0003	9.61999
700000.0003	9.57566
700000.0003	9.52565
700000.0003	9.53551
700000.0003	9.3833
700000.0003	9.35719
700000.0003	9.31409
700000.0003	9.26874
700000.0003	9.18538
700000.0003	9.1
700000.0003	9.06408
700000.0003	8.96238
700000.0003	8.87788
700000.0003	8.86549
700000.0003	8.78332
700000.0003	8.69486
700000.0003	8.66625
700000.0003	8.46956
700000.0003	8.49898
700000.0003	8.42941
700000.0003	8.26176
700000.0003	8.24782
700000.0003	8.17514
700000.0003	8.14621
700000.0003	7.98106
700000.0003	7.93095
700000.0003	7.81207
700000.0003	7.79665
700000.0003	7.71395
700000.0003	7.59362
700000.0003	7.5467
700000.0003	7.47357
700000.0003	7.37282
700000.0003	7.27142
700000.0003	7.23834
700000.0003	7.13445
700000.0003	7.06181
700000.0003	6.97775
700000.0003	6.90307
700000.0003	6.86799
700000.0003	6.77999
700000.0003	6.66169
700000.0003	6.56396
700000.0003	6.54527
700000.0003	6.46109
700000.0003	6.42242
700000.0003	6.30858
700000.0003	6.27681
700000.0003	6.19285
700000.0003	6.16952
700000.0003	6.08064
700000.0003	6.0156
700000.0003	5.95926
700000.0003	5.90863
700000.0003	5.85517
700000.0003	5.82786
700000.0003	5.77619
700000.0003	5.73188
700000.0003	5.6869
700000.0003	5.67626
700000.0003	5.64308
700000.0003	5.58963
700000.0003	5.55846
700000.0003	5.54999
700000.0003	5.48666
700000.0003	5.45052
700000.0003	5.38182
700000.0003	5.29681
700000.0003	5.22205
700000.0003	5.10722
700000.0003	4.98634
700000.0003	4.83556
700000.0003	4.65843
700000.0003	4.47807
700000.0003	4.26322
700000.0003	4.02454
700000.0003	3.78944
700000.0003	3.5352
700000.0003	3.28615
700000.0003	3.04244
700000.0003	2.79546
700000.0003	2.54969
700000.0003	2.33904
700000.0003	2.12391
700000.0003	1.93031
700000.0003	1.74712
700000.0003	1.57007
700000.0003	1.42572
700000.0003	1.28083
700000.0003	1.15425
700000.0003	1.03144
700000.0003	0.926614
700000.0003	0.822316
700000.0003	0.73524
700000.0003	0.651347
700000.0003	0.574325
700000.0003	0.506401
700000.0003	0.44549
700000.0003	0.388733
700000.0003	0.339869
700000.0003	0.295087
700000.0003	0.254858
700000.0003	0.220295
700000.0003	0.188003
700000.0003	0.160161
700000.0003	0.136992
700000.0003	0.116263
700000.0003	0.0979556
700000.0003	0.0815078
700000.0003	0.068863
700000.0003	0.0579694
700000.0003	0.0483549
700000.0003	0.0404533
700000.0003	0.0339409
700000.0003	0.0284107
700000.0003	0.0238314
700000.0003	0.0201102
700000.0003	0.0171695
700000.0003	0.0146527
700000.0003	0.0124404
700000.0003	0.0108466
700000.0003	0.0095395
700000.0003	0.00838448
700000.0003	0.00745243
700000.0003	0.00680445
700000.0003	0.00623766
700000.0003	0.00584748
700000.0003	0.00549087
700000.0003	0.00522795
700000.0003	0.00506501
700000.0003	0.00495314
700000.0003	0.00491079
700000.0003	0.0048237
700000.0003	0.00470473
700000.0003	0.00470366
700000.0003	0.00468789
700000.0003	0.00455543
700000.0003	0.00451132
700000.0003	0.00445307
700000.0003	0.00447218
700000.0003	0.00444768
700000.0003	0.00443974
700000.0003	0.00435763
700000.0003	0.00435596
700000.0003	0.00430962
700000.0003	0.00431313
700000.0003	0.00426617
700000.0003	0.00422159
700000.0003	0.00421874
700000.0003	0.00422745
700000.0003	0.00421002
700000.0003	0.0041603
700000.0003	0.00415729
700000.0003	0.00420359
700000.0003	0.00413701
700000.0003	0.00414723
700000.0003	0.00413223
700000.0003	0.00412556
700000.0003	0.00412794
700000.0003	0.00412769
700000.0003	0.0040686
700000.0003	0.00411602
700000.0003	0.00410256
700000.0003	0.00407725
700000.0003	0.00412985
700000.0003	0.00414748
700000.0003	0.00410921
700000.0003	0.00412164
700000.0003	0.00411382
700000.0003	0.00414221
700000.0003	0.00411872
700000.0003	0.00415677
700000.0003	0.00409697
700000.0003	0.00410749
700000.0003	0.00412838
700000.0003	0.00406861
700000.0003	0.00413094
700000.0003	0.0041476
700000.0003	0.00412343
700000.0003	0.00413554
700000.0003	0.00419904
700000.0003	0.00418339
700000.0003	0.00418926
700000.0003	0.00416738
700000.0003	0.00421396
700000.0003	0.00424235
700000.0003	0.00423458
700000.0003	0.00425381
700000.0003	0.00426339
700000.0003	0.00423219
700000.0003	0.00430276
700000.0003	0.00432611
700000.0003	0.0043811
700000.0003	0.00441671
700000.0003	0.00441491
700000.0003	0.00439755
700000.0003	0.00449759
700000.0003	0.00452916
700000.0003	0.00455208
700000.0003	0.00459107
700000.0003	0.00459631
700000.0003	0.00472272
700000.0003	0.00472089
700000.0003	0.00485601
700000.0003	0.00487796
700000.0003	0.00493822
700000.0003	0.00509405
700000.0003	0.00514573
700000.0003	0.00530535
700000.0003	0.00535109
700000.0003	0.0055654
700000.0003	0.00572808
700000.0003	0.00588247
700000.0003	0.00616267
700000.0003	0.00637763
700000.0003	0.00652841
700000.0003	0.00695053
700000.0003	0.00728211
700000.0003	0.00769326
700000.0003	0.00818657
700000.0003	0.00869179
700000.0003	0.00932733
700000.0003	0.0100163
700000.0003	0.0107548
700000.0003	0.0118239
700000.0003	0.0126962
700000.0003	0.0140507
700000.0003	0.0149872
700000.0003	0.0162759
