700000.0003	64.0909
700000.0003	113.436
700000.0003	194.328
700000.0003	314.315
700000.0003	481.207
700000.0003	697.447
700000.0003	959.211
700000.0003	1257.17
700000.0003	1585.46
700000.0003	1973.69
700000.0003	2393.53
700000.0003	2856.99
700000.0003	3308
700000.0003	3650.45
700000.0003	3801.26
700000.0003	3731.22
700000.0003	3452.7
700000.0003	3054.86
700000.0003	2599.09
700000.0003	2146.08
700000.0003	1732.68
700000.0003	1363.43
700000.0003	1057.35
700000.0003	809.49
700000.0003	610.379
700000.0003	461.152
700000.0003	350.059
700000.0003	264.771
700000.0003	196.965
700000.0003	153.605
700000.0003	115.928
700000.0003	90.1032
700000.0003	71.3423
700000.0003	55.2356
700000.0003	43.9588
700000.0003	34.0937
700000.0003	27.7539
700000.0003	22.2119
700000.0003	15.7967
700000.0003	13.0884
700000.0003	10.7036
700000.0003	9.77853
700000.0003	8.52995
700000.0003	7.64318
700000.0003	6.52094
700000.0003	6.55443
700000.0003	5.31063
700000.0003	5.72335
700000.0003	4.35921
700000.0003	3.17324
700000.0003	3.45404
700000.0003	2.42072
700000.0003	2.88391
700000.0003	3.05711
700000.0003	2.75904
700000.0003	2.2656
700000.0003	2.11582
700000.0003	3.13115
700000.0003	2.67565
700000.0003	1.59286
700000.0003	1.15195
700000.0003	2.45373
700000.0003	2.44565
700000.0003	1.99052
700000.0003	1.80333
700000.0003	0.885541
700000.0003	1.30521
700000.0003	1.18808
700000.0003	1.44229
700000.0003	0.209085
700000.0003	1.58902
700000.0003	1.60271
700000.0003	2.12346
700000.0003	1.00797
700000.0003	0.17818
700000.0003	1.25483
700000.0003	0.813674
700000.0003	0.953632
700000.0003	0.915226
700000.0003	-0.228915
700000.0003	1.2443
700000.0003	0.818513
700000.0003	1.71726
700000.0003	-0.822928
700000.0003	-0.066798
700000.0003	-0.447251
700000.0003	1.12443
700000.0003	0.676795
700000.0003	0.72417
700000.0003	0.315951
700000.0003	0.639758
700000.0003	1.61248
700000.0003	0.346108
700000.0003	0.392223
700000.0003	-0.776029
700000.0003	0.0910409
700000.0003	0.238037
700000.0003	1.15258
700000.0003	0.381441
700000.0003	0.582917
700000.0003	-0.170439
700000.0003	1.22053
700000.0003	-0.451498
700000.0003	1.38265
700000.0003	0.433412
700000.0003	-1.03607
700000.0003	0.45996
700000.0003	-0.440197
700000.0003	0.207376
700000.0003	0.284393
700000.0003	-0.0662544
700000.0003	0.772479
700000.0003	0.529303
700000.0003	-0.601783
700000.0003	-0.00288153
700000.0003	-0.46309
700000.0003	1.03575
700000.0003	0.764134
700000.0003	-0.0118736
700000.0003	0.257257
700000.0003	0.600264
700000.0003	-0.579165
700000.0003	-0.839547
700000.0003	-0.730028
700000.0003	0.373465
700000.0003	-0.0347032
700000.0003	-0.507257
700000.0003	0.969221
700000.0003	0.083277
700000.0003	0.746593
700000.0003	-0.206242
700000.0003	0.158248
700000.0003	0.351541
700000.0003	-0.497583
700000.0003	-0.80862
700000.0003	-0.000101448
700000.0003	0.308872
700000.0003	-1.231
700000.0003	-0.162685
700000.0003	0.370112
700000.0003	-0.842193
700000.0003	-0.768484
700000.0003	0.804774
700000.0003	0.458017
700000.0003	0.198059
700000.0003	-1.00588
700000.0003	0.112898
700000.0003	-0.330688
700000.0003	-1.16941
700000.0003	0.382478
700000.0003	-0.774507
700000.0003	-1.65238
700000.0003	-1.13694
700000.0003	-1.38269
700000.0003	-1.13416
700000.0003	-1.27131
700000.0003	-1.30306
700000.0003	-1.45144
700000.0003	-1.15732
700000.0003	-1.33171
700000.0003	-2.06938
700000.0003	-1.7516
700000.0003	-2.22609
700000.0003	-0.712359
700000.0003	-3.31536
700000.0003	-2.69367
700000.0003	-2.11223
700000.0003	-2.67251
700000.0003	-2.79624
700000.0003	-3.58594
700000.0003	-2.36812
700000.0003	-1.91314
700000.0003	-2.953
700000.0003	-3.1376
700000.0003	-3.65307
700000.0003	-2.52923
700000.0003	-4.47768
700000.0003	-3.7922
700000.0003	-4.56976
700000.0003	-4.82107
700000.0003	-4.03784
700000.0003	-5.33564
700000.0003	-4.49256
700000.0003	-4.28383
700000.0003	-4.26606
700000.0003	-5.2968
700000.0003	-5.53857
700000.0003	-5.72584
700000.0003	-6.58486
700000.0003	-5.12361
700000.0003	-6.17243
700000.0003	-7.08093
700000.0003	-7.18884
700000.0003	-7.33439
700000.0003	-8.98169
700000.0003	-8.10965
700000.0003	-9.48542
700000.0003	-7.58175
700000.0003	-8.25021
700000.0003	-10.6174
700000.0003	-8.89835
700000.0003	-10.6565
700000.0003	-9.58273
700000.0003	-11.1526
700000.0003	-12.3681
700000.0003	-12.4098
700000.0003	-12.7586
700000.0003	-12.631
700000.0003	-14.4553
700000.0003	-17.3132
700000.0003	-17.7596
700000.0003	-17.9986
700000.0003	-20.2577
700000.0003	-19.3217
700000.0003	-21.2352
700000.0003	-23.5968
700000.0003	-25.138
700000.0003	-26.2172
700000.0003	-30.2868
700000.0003	-33.7714
700000.0003	-36.0183
700000.0003	-38.9482
700000.0003	-43.3249
700000.0003	-46.8456
700000.0003	-52.7794
700000.0003	-59.4963
700000.0003	-67.1933
700000.0003	-77.4318
700000.0003	-88.1939
700000.0003	-101.956
700000.0003	-119.376
700000.0003	-134.319
700000.0003	-156.777
700000.0003	-181.596
700000.0003	-214.862
700000.0003	-249.039
700000.0003	-289.851
700000.0003	-336.647
700000.0003	-388.699
700000.0003	-452.174
700000.0003	-520.794
700000.0003	-598.738
700000.0003	-684.463
700000.0003	-772.153
700000.0003	-866.941
700000.0003	-970.52
700000.0003	-1062.69
700000.0003	-1157.82
700000.0003	-1247.47
700000.0003	-1328.63
700000.0003	-1394.83
700000.0003	-1454.76
700000.0003	-1487.84
700000.0003	-1509.17
700000.0003	-1514.4
700000.0003	-1502.43
700000.0003	-1474.71
700000.0003	-1433.96
700000.0003	-1392.46
700000.0003	-1331.45
700000.0003	-1273.52
700000.0003	-1208.38
700000.0003	-1142.49
700000.0003	-1074.26
700000.0003	-1004.8
700000.0003	-935.998
700000.0003	-869.649
700000.0003	-802.76
700000.0003	-736.508
700000.0003	-674.222
700000.0003	-612.114
700000.0003	-551.627
700000.0003	-496.146
700000.0003	-441.825
700000.0003	-390.317
700000.0003	-347.952
700000.0003	-304.176
700000.0003	-267.062
700000.0003	-234.576
700000.0003	-204.524
700000.0003	-179.178
700000.0003	-156.126
700000.0003	-136.034
700000.0003	-119.497
700000.0003	-106.757
700000.0003	-94.1691
700000.0003	-84.3334
700000.0003	-76.936
700000.0003	-70.3579
700000.0003	-64.0926
700000.0003	-59.5555
700000.0003	-56.3095
700000.0003	-53.9804
700000.0003	-51.9764
700000.0003	-49.3221
700000.0003	-48.5802
700000.0003	-47.1579
700000.0003	-45.1286
700000.0003	-44.4735
700000.0003	-42.8906
700000.0003	-42.7053
700000.0003	-43.0918
700000.0003	-42.7777
700000.0003	-42.6853
700000.0003	-42.2279
700000.0003	-41.7848
700000.0003	-42.0151
700000.0003	-41.6851
700000.0003	-41.5774
700000.0003	-41.7373
700000.0003	-41.5321
700000.0003	-40.2594
700000.0003	-41.1752
700000.0003	-41.3554
700000.0003	-41.5292
700000.0003	-40.7256
700000.0003	-41.9488
700000.0003	-40.2857
700000.0003	-41.6688
700000.0003	-40.5268
700000.0003	-40.5275
700000.0003	-40.5199
700000.0003	-40.651
700000.0003	-41.0012
700000.0003	-41.0769
700000.0003	-41.7777
700000.0003	-41.3023
700000.0003	-39.8876
700000.0003	-40.1745
700000.0003	-39.9881
700000.0003	-40.7624
700000.0003	-40.4976
700000.0003	-40.856
700000.0003	-40.9521
700000.0003	-40.3188
700000.0003	-40.4082
700000.0003	-40.5499
700000.0003	-40.0063
700000.0003	-39.9289
700000.0003	-39.8923
700000.0003	-40.5214
700000.0003	-39.8579
700000.0003	-40.8036
700000.0003	-41.1435
700000.0003	-40.3619
700000.0003	-40.3288
700000.0003	-39.7231
700000.0003	-40.4271
700000.0003	-40.8743
700000.0003	-39.8175
700000.0003	-39.9273
700000.0003	-39.9609
700000.0003	-40.5664
700000.0003	-40.245
700000.0003	-40.1741
700000.0003	-40.0452
700000.0003	-40.811
700000.0003	-40.3072
700000.0003	-39.8846
700000.0003	-39.7082
700000.0003	-40.752
700000.0003	-39.8735
700000.0003	-39.2351
700000.0003	-39.8597
700000.0003	-40.0079
700000.0003	-39.3478
700000.0003	-40.6721
700000.0003	-39.436
700000.0003	-39.3295
700000.0003	-39.322
700000.0003	-39.9228
700000.0003	-39.9966
700000.0003	-39.1296
700000.0003	-38.2569
700000.0003	-39.5437
700000.0003	-37.9854
700000.0003	-38.871
700000.0003	-38.3202
700000.0003	-37.5375
700000.0003	-38.3285
700000.0003	-38.0023
700000.0003	-37.5647
700000.0003	-37.1461
700000.0003	-37.0458
700000.0003	-36.661
700000.0003	-36.2017
700000.0003	-35.4351
700000.0003	-34.1884
700000.0003	-34.5098
700000.0003	-32.3255
700000.0003	-31.5209
700000.0003	-29.9153
700000.0003	-27.0998
700000.0003	-24.4155
700000.0003	-19.9075
700000.0003	-13.9915
700000.0003	-6.36044
700000.0003	3.76215
700000.0003	17.0804
700000.0003	34.6635
700000.0003	-0.00777323
700000.0003	0.979965
700000.0003	0.700304
700000.0003	-0.761476
700000.0003	0.326666
700000.0003	0.89252
700000.0003	-2.31474
700000.0003	-3.34341
700000.0003	1.17383
700000.0003	0.0580616
700000.0003	0.761992
700000.0003	-2.62524
700000.0003	-0.267888
700000.0003	0.97799
700000.0003	2.15286
700000.0003	1.36484
700000.0003	3.62235
700000.0003	1.9518
700000.0003	-2.33747
700000.0003	5.96493
700000.0003	-0.454008
700000.0003	-3.74
700000.0003	-1.67965
700000.0003	-0.105107
700000.0003	-3.0517
700000.0003	1.5646
700000.0003	1.09202
700000.0003	-0.131063
700000.0003	0.690857
700000.0003	-0.701016
700000.0003	0.0782515
700000.0003	0.230549
700000.0003	-0.117226
700000.0003	-0.0139515
700000.0003	-0.345162
700000.0003	-0.00698578
700000.0003	0.00193904
700000.0003	-0.560427
700000.0003	-0.565419
700000.0003	0.0486844
700000.0003	0.68785
700000.0003	-0.0931173
700000.0003	-0.630151
700000.0003	-0.348064
700000.0003	-0.088801
700000.0003	1.28203
700000.0003	0.419633
700000.0003	-0.896574
700000.0003	0.486329
700000.0003	-0.290439
700000.0003	-0.215078
700000.0003	-0.365651
700000.0003	0.165681
700000.0003	-0.0524668
700000.0003	-0.264076
700000.0003	0.338513
700000.0003	0.445785
700000.0003	-0.892016
700000.0003	1.44153
700000.0003	0.384141
700000.0003	-0.371878
700000.0003	-0.108886
700000.0003	0.453816
700000.0003	-0.285208
700000.0003	-0.179353
700000.0003	0.394624
700000.0003	-0.79846
700000.0003	-0.501475
700000.0003	0.298903
700000.0003	0.553928
700000.0003	-0.0427297
700000.0003	-0.634952
700000.0003	-0.4087
700000.0003	0.8442
700000.0003	0.173109
700000.0003	0.223697
700000.0003	-0.279453
700000.0003	-0.0683149
700000.0003	0.734862
700000.0003	-0.211634
700000.0003	-0.712991
700000.0003	0.543508
700000.0003	-0.860354
700000.0003	0.193182
700000.0003	1.20893
700000.0003	0.0386688
700000.0003	1.15506
700000.0003	-1.49244
700000.0003	0.111581
700000.0003	0.612721
700000.0003	-0.25763
700000.0003	0.540402
700000.0003	-1.48295
700000.0003	-0.227197
700000.0003	0.150629
700000.0003	-0.746335
700000.0003	-1.25261
700000.0003	-0.00602119
700000.0003	0.322736
700000.0003	0.952552
700000.0003	-0.484108
700000.0003	-0.482248
700000.0003	-0.373884
700000.0003	0.534908
700000.0003	1.03723
700000.0003	0.0854042
700000.0003	0.418458
700000.0003	-0.560081
700000.0003	-0.225915
700000.0003	0.619641
700000.0003	0.193524
700000.0003	-0.340465
700000.0003	0.30663
700000.0003	0.460127
700000.0003	-0.528096
700000.0003	0.353215
700000.0003	0.380897
700000.0003	-0.715344
700000.0003	-0.17678
700000.0003	0.0272383
700000.0003	-1.0099
700000.0003	-0.00901242
700000.0003	0.668355
700000.0003	0.285949
700000.0003	-0.19136
700000.0003	0.993615
700000.0003	0.15858
700000.0003	-0.325721
700000.0003	0.141605
700000.0003	-0.321428
700000.0003	-0.815573
700000.0003	0.260016
700000.0003	-0.27483
700000.0003	0.305517
700000.0003	-0.151826
700000.0003	-0.0450831
700000.0003	0.650203
700000.0003	0.0559862
700000.0003	-0.674533
700000.0003	-0.432181
700000.0003	-0.0897042
700000.0003	0.382791
700000.0003	1.37253
700000.0003	-0.425672
700000.0003	0.18141
700000.0003	-0.639945
700000.0003	0.591628
700000.0003	1.01787
700000.0003	-1.20662
700000.0003	-0.191697
700000.0003	-0.149119
700000.0003	-0.447001
700000.0003	-0.012502
700000.0003	-0.0838627
700000.0003	-0.0366924
700000.0003	0.20538
700000.0003	-0.403311
700000.0003	0.583688
700000.0003	0.106106
700000.0003	-0.236309
700000.0003	-1.28752
700000.0003	-0.324379
700000.0003	1.14122
700000.0003	0.283949
700000.0003	0.807177
700000.0003	-0.726339
700000.0003	1.00246
700000.0003	0.157649
700000.0003	0.0542608
700000.0003	-0.304366
700000.0003	-0.161603
700000.0003	-0.344785
700000.0003	-0.386643
700000.0003	-0.701299
700000.0003	0.0896685
700000.0003	-0.0664342
700000.0003	1.16773
700000.0003	0.379998
700000.0003	-0.317989
700000.0003	-0.149692
700000.0003	-1.16213
700000.0003	0.156215
700000.0003	-0.246325
700000.0003	0.534559
700000.0003	0.705176
700000.0003	0.443985
700000.0003	0.37547
700000.0003	-0.424693
700000.0003	-0.317845
700000.0003	-0.412899
700000.0003	-0.381445
700000.0003	-0.12408
700000.0003	-0.484021
700000.0003	0.692886
700000.0003	4.40834e-05
700000.0003	0.925151
700000.0003	0.320742
700000.0003	0.358583
700000.0003	-0.52215
700000.0003	-0.446973
700000.0003	0.135713
700000.0003	-0.57625
700000.0003	-1.05462
700000.0003	-0.197804
700000.0003	1.97892
700000.0003	-1.37293
700000.0003	-0.866645
700000.0003	0.566441
700000.0003	0.515758
700000.0003	0.71362
700000.0003	0.447955
700000.0003	-0.44453
700000.0003	0.0385983
700000.0003	-0.743608
700000.0003	-0.430599
700000.0003	-0.30295
700000.0003	-0.282502
700000.0003	0.0363725
700000.0003	0.826852
700000.0003	-0.305022
700000.0003	0.0213987
700000.0003	0.226108
700000.0003	-0.912682
700000.0003	1.06576
700000.0003	0.924285
700000.0003	-0.566923
700000.0003	-1.37485
700000.0003	0.9564
700000.0003	0.497844
700000.0003	0.582115
700000.0003	1.33295
700000.0003	-0.403018
700000.0003	-1.21063
700000.0003	-0.215887
700000.0003	0.438279
700000.0003	0.35533
700000.0003	-0.606433
700000.0003	1.19962
700000.0003	-1.22611
700000.0003	-0.736077
700000.0003	-1.63334
700000.0003	0.0116511
700000.0003	-0.530566
700000.0003	0.301283
700000.0003	-1.19295
700000.0003	2.11452
700000.0003	-0.814285
700000.0003	-0.822591
700000.0003	5.47968
700000.0003	-1.10494
700000.0003	0.372892
700000.0003	1.79472
700000.0003	-3.72821
700000.0003	-1.23467
700000.0003	-3.02028
700000.0003	-2.48798
700000.0003	-0.677709
700000.0003	0.980701
700000.0003	-4.15019
700000.0003	3.30887
700000.0003	1.0029
700000.0003	3.04846
700000.0003	1.15983
700000.0003	-1.01769
700000.0003	3.45627
700000.0003	0.992689
700000.0003	1.4764
700000.0003	0.0645128
700000.0003	0.766869
700000.0003	-1.75108
700000.0003	2.37439
700000.0003	-1.03542
700000.0003	0.237744
700000.0003	1.43244
700000.0003	0.593072
700000.0003	0.975463
700000.0003	-0.0780349
700000.0003	1.15847
700000.0003	0.512075
700000.0003	1.03014
700000.0003	0.277062
700000.0003	0.326138
700000.0003	-0.641407
700000.0003	-1.14262
700000.0003	-0.925521
700000.0003	-0.459477
700000.0003	0.300799
700000.0003	-0.192432
700000.0003	-0.877541
700000.0003	-0.820233
700000.0003	0.064622
700000.0003	0.621869
700000.0003	-0.943116
700000.0003	-0.186626
700000.0003	0.467189
700000.0003	-0.552869
700000.0003	0.289377
700000.0003	-0.553039
700000.0003	0.54788
700000.0003	-0.109677
700000.0003	0.0381657
700000.0003	-0.22483
700000.0003	0.0943908
700000.0003	-0.781008
700000.0003	-0.640612
700000.0003	-0.202065
700000.0003	0.233025
700000.0003	0.699283
700000.0003	-0.224318
700000.0003	0.136484
700000.0003	-0.000853243
700000.0003	0.355154
700000.0003	0.293846
700000.0003	0.314581
700000.0003	-0.318666
700000.0003	0.458151
700000.0003	0.111987
700000.0003	0.0615955
700000.0003	-0.517955
700000.0003	-0.303344
700000.0003	0.181121
700000.0003	0.149291
700000.0003	0.211642
700000.0003	-0.490967
700000.0003	-0.827815
700000.0003	-0.0977036
700000.0003	0.260363
700000.0003	0.672773
700000.0003	0.586686
700000.0003	-0.0494705
700000.0003	0.181481
700000.0003	-0.782203
700000.0003	-0.0335274
700000.0003	0.32151
700000.0003	-0.407753
700000.0003	-0.623099
700000.0003	-0.421534
700000.0003	-0.0494537
700000.0003	-0.313077
700000.0003	0.467301
700000.0003	-0.642429
700000.0003	-0.0878904
700000.0003	0.0993619
700000.0003	-0.67272
700000.0003	-0.905173
700000.0003	-0.59484
700000.0003	-0.255857
700000.0003	-0.794006
700000.0003	0.128656
700000.0003	-0.367027
700000.0003	-0.195456
700000.0003	0.137127
700000.0003	-0.378923
700000.0003	-1.14215
700000.0003	-0.613479
700000.0003	0.726947
700000.0003	-0.0683434
700000.0003	-0.855806
700000.0003	0.0316284
700000.0003	0.491617
700000.0003	-0.0237647
700000.0003	0.2293
700000.0003	-0.0819472
700000.0003	0.858883
700000.0003	-0.172796
700000.0003	-0.394236
700000.0003	0.040218
700000.0003	0.372419
700000.0003	-0.171631
700000.0003	1.30635
700000.0003	0.182774
700000.0003	0.775383
700000.0003	0.417864
700000.0003	0.773206
700000.0003	-0.582168
700000.0003	0.376129
700000.0003	0.174317
700000.0003	-0.646312
700000.0003	0.440725
700000.0003	-0.75148
700000.0003	0.483444
700000.0003	-0.288066
700000.0003	-0.0652961
700000.0003	0.152138
700000.0003	0.39822
700000.0003	0.232406
700000.0003	0.0747443
700000.0003	-0.602012
700000.0003	-0.407249
700000.0003	-1.52651
700000.0003	-0.294726
700000.0003	0.601035
700000.0003	-0.602335
700000.0003	0.224315
700000.0003	-0.252424
700000.0003	0.1468
700000.0003	-0.218891
700000.0003	0.17946
700000.0003	-0.237388
700000.0003	0.213647
