700000.0003	2954.87	2957.03	2956.93	2958.59	2957.11	2957.12	2961.41	2959.67	2956.88	2956.91	2959.98	2960.12	2958.1	2958.29	2955.8
700000.0003	1532.15	1531.12	1532.23	1532.12	1532.41	1533.39	1534.62	1533.21	1531.17	1532.83	1534.32	1533.57	1532.41	1532.79	1532.84
700000.0003	193.773	193.778	193.313	193.964	193.739	194.843	195.744	193.022	194.053	193.68	193.622	194.132	194.237	193.687	193.669
700000.0003	32.3534	32.1226	32.0143	31.86	31.9684	32.3382	32.1181	32.1954	32.6061	32.143	32.1294	32.2867	32.2235	31.9554	32.2438
700000.0003	19.5485	19.7361	19.4136	19.1696	19.2129	19.2378	19.2365	19.3092	19.1992	19.3292	19.2605	19.8587	19.3495	18.9969	19.27
700000.0003	16.5006	16.7053	16.328	16.5865	16.4473	16.4248	16.8917	16.5399	16.3634	16.6544	16.5655	16.8564	16.7574	16.105	16.9432
700000.0003	14.8592	15.6533	15.1452	15.0222	15.4998	15.214	15.2978	15.0291	15.0141	15.5475	15.7761	14.8454	15.2479	15.2726	15.2096
700000.0003	14.2783	14.2286	14.3578	14.4622	14.9463	14.4569	14.2814	14.3987	14.5065	14.5931	14.1566	14.3879	14.4761	14.4487	14.339
700000.0003	13.8393	13.4508	13.8699	14.0756	14.0759	14.0162	14.1065	13.7857	14.2787	14.1214	14.0851	13.7556	13.7732	14.4859	14.3309
700000.0003	13.8212	14.1363	13.7044	13.6465	13.5368	13.6799	13.8143	13.5149	13.7845	13.4647	13.9146	13.5938	13.5441	13.75	14.3697
700000.0003	13.7835	13.2555	13.6667	13.4569	13.433	13.4381	13.3743	13.4328	13.5874	13.5264	13.4434	13.4606	13.6019	13.6566	13.7385
700000.0003	13.3407	13.3617	13.3529	13.2406	13.3546	13.4134	13.2235	13.601	13.352	13.4305	13.2647	13.4209	13.4268	13.5636	13.5563
700000.0003	13.2776	13.4218	13.0122	13.0574	13.1706	13.1818	13.3545	13.2702	13.3352	13.4336	13.3306	13.0264	13.3294	13.5388	13.088
700000.0003	13.1057	13.5806	13.4912	13.2768	13.1967	13.2697	13.8152	13.3166	13.4221	13.3412	13.4436	13.4727	13.3472	13.5545	13.1624
700000.0003	13.553	13.5778	13.5783	13.4617	13.4603	13.6709	13.3759	13.0691	13.1326	13.4196	13.483	13.6284	13.6073	13.8274	13.3811
700000.0003	13.6428	13.8004	14.1591	13.8888	13.6558	14.1051	13.7507	13.7415	13.8207	14.183	14.2072	14.2633	14.3577	13.8888	13.9158
700000.0003	14.7371	14.9023	14.7764	15.23	14.8602	15.4338	14.9912	14.8442	15.0583	15.0559	15.137	14.9422	15.5515	14.9979	15.3503
700000.0003	16.6146	16.8656	17.3464	16.8333	17.1602	16.7105	16.947	16.9484	16.9551	16.8229	16.758	16.9672	17.2424	17.0791	17.0427
700000.0003	19.8158	19.4222	19.9393	19.7387	19.7436	19.6658	19.5531	19.902	19.7623	19.3101	20.1236	19.6575	19.9619	19.864	19.996
700000.0003	23.8477	23.8603	24.2004	25.0569	24.1339	24.3971	24.2663	23.9826	24.0829	23.9611	23.8295	24.0505	24.126	23.8409	24.1953
700000.0003	30.9296	31.1442	30.4281	31.2789	30.7528	30.589	30.7817	30.4126	30.7337	30.3287	30.6823	31.3882	30.7905	30.9648	30.9908
700000.0003	42.461	41.8383	41.9833	42.3431	42.3225	42.4362	42.1081	41.7949	41.9964	42.356	42.5044	41.6503	42.2724	42.4566	42.3502
700000.0003	67.1867	67.4262	67.02	67.612	67.3176	67.5912	66.9548	67.7963	67.3479	67.596	66.9618	67.2226	67.5939	68.0988	67.2001
700000.0003	154.957	155.652	154.998	155.511	155.468	154.68	155.203	155.784	155.366	155.428	154.665	155.309	155.855	155.53	155.264
700000.0003	515.207	516.64	517.455	515.353	515.885	516.143	514.886	516.936	516.769	515.949	515.93	515.064	514.869	515.124	514.469
700000.0003	1362.17	1362.68	1363.21	1361.4	1363.24	1359.91	1364.63	1364.93	1360.19	1360.43	1360.88	1361.2	1359.15	1361.87	1359.44
700000.0003	2203.78	2201.49	2201.55	2204.73	2200.73	2200.18	2203.84	2202.61	2202.29	2203.48	2199.05	2201.14	2200.81	2199.71	2201.1
700000.0003	2642.22	2641.87	2641.78	2644.74	2639.66	2643.26	2642.51	2643.32	2641.27	2642.71	2641.47	2640.74	2640.82	2641.98	2642.23
700000.0003	2788.02	2789.44	2790.44	2791.32	2787.88	2789.52	2790.8	2786.41	2787.77	2789.54	2788.76	2786.42	2786.17	2786.93	2787.68
700000.0003	2836.07	2836.02	2837.87	2837.24	2835.99	2836.33	2837.85	2835.18	2833.49	2836.04	2836.39	2833.69	2833.24	2833.06	2835.13
700000.0003	2865.43	2863.14	2866.52	2867	2865.38	2865.47	2867.81	2865.79	2862.45	2863.72	2864.04	2863.58	2863.76	2864.85	2865.56
700000.0003	2894.89	2892.86	2895.28	2892.56	2890.54	2895.06	2896.15	2893.19	2890.31	2891.5	2893.48	2891.94	2889.44	2890.23	2891.11
700000.0003	2917.84	2920.31	2920.49	2920.07	2921.02	2921.39	2922.64	2919.44	2917.84	2916.81	2920.15	2917.39	2919.42	2920.25	2918.86
700000.0003	2948.72	2947.9	2944.52	2946.88	2948.61	2947.95	2944.29	2947.53	2945.55	2947.69	2943.85	2945.3	2945.28	2945.27	2945.63
700000.0003	2972.63	2976.76	2973.6	2973.04	2975.19	2975.63	2970.04	2975.48	2973.78	2971.15	2969.66	2973.93	2977.06	2970.15	2969.03
700000.0003	3002.88	3001.71	2996.66	2997.86	3003.12	3001.25	2998	2999	3001.46	2997.8	2998.6	3002	2999.94	2996.74	2997.61
700000.0003	3029.16	3022.73	3024.55	3027.02	3028.04	3026.14	3023.42	3024.27	3029.05	3024.33	3025.79	3029.7	3024.58	3024.49	3025.45
700000.0003	3050.41	3050.39	3051.04	3052.87	3052.38	3049.5	3054.04	3054.96	3053.98	3050.07	3050.28	3055.62	3052.59	3051.98	3053.53
700000.0003	3077.7	3073.46	3075.25	3077.56	3077.66	3077.27	3077.32	3078.14	3077.42	3077.11	3081.59	3079.36	3076.27	3075.51	3078.81
700000.0003	3094.03	3093.96	3092.94	3097.56	3096.06	3094.44	3096.3	3100.96	3096.62	3092.47	3095.96	3098.18	3099.49	3095.25	3094.94
700000.0003	-1.09051	-0.629449	-0.510618	-1.22189	2.1947	-0.841949	-0.850149	-0.00653056	-0.2711	0.154301	-0.141745	0.274763	-0.650861	0.275906	0.956137
700000.0003	0.107317	-1.05087	-1.08025	0.897471	0.22548	0.337411	-1.58269	-0.721252	1.36204	0.238171	-0.0586803	0.511248	-0.776817	0.610046	-0.628881
700000.0003	-0.482691	-0.00214834	-0.150507	-0.058053	0.263442	-0.0704437	0.270156	0.234514	-0.307137	-0.050508	0.546892	-0.162822	-0.0906652	-0.0401714	-0.302602
700000.0003	-0.0534982	0.180265	-0.185103	0.183885	0.017887	0.117353	0.411567	0.127251	-0.260009	0.197933	0.137004	0.0451496	-0.194311	0.0457158	0.0116971
700000.0003	0.0592098	-0.19472	0.108394	0.339155	-0.0556089	0.221728	0.0191759	-0.162882	0.0762244	0.15766	-0.0152426	-0.123313	0.0525915	-0.00547213	0.0113919
700000.0003	-0.0642222	0.0617068	0.00244878	0.128417	-0.0591243	0.00792347	-0.00618148	-0.0708308	-0.0104668	-0.0738285	-0.00343017	-0.0808124	0.0288866	0.0856256	-0.0211437
700000.0003	-0.0254441	0.119829	0.0640701	0.122972	-0.0604696	-0.132867	0.0751232	-0.189034	-0.0011723	0.0102487	0.0665489	0.0933329	0.02814	0.130212	0.00783952
700000.0003	-0.0337861	-0.0394319	-0.207861	-0.0290446	0.103229	0.00765421	-0.0327339	-0.108752	-0.131311	-0.0162577	0.0886172	0.149319	-0.252568	-0.0174709	-0.136884
700000.0003	-0.117288	-0.149113	0.0502778	-0.0127469	0.0114529	0.22978	-0.0479165	-0.0842858	-0.0857189	-0.0311515	-0.0527997	-0.0275097	-0.181706	-0.128116	-0.0101512
700000.0003	-0.0297224	-0.0400423	-0.118641	-0.0996083	0.137124	-0.0951858	-0.0548297	-0.0663024	0.0332332	0.0706527	-0.0186131	-0.0902656	-0.0281363	-0.108577	-0.0772538
700000.0003	-0.0860432	0.0143141	0.0693148	-0.0814349	-0.0585758	-0.211752	0.0626813	-0.0116511	-0.0237657	0.089165	-0.0277565	0.0629074	-0.00927945	-0.084358	-0.00587525
700000.0003	0.0280063	0.0104358	0.0423813	-0.0882021	-0.0549113	0.159235	-0.0981256	0.104924	-0.0800702	0.00817097	0.0546783	-0.0694541	-0.00516764	0.013481	-0.000638962
700000.0003	-0.00904904	-0.0251609	-0.0836196	0.0362065	0.19401	0.124263	-0.0508602	-0.000157793	0.0754561	0.286128	-0.0939396	0.00402883	-0.00904464	0.0799878	0.0111568
700000.0003	-0.154535	-0.0456227	-0.0409725	-0.0498299	0.00902276	-0.000562983	0.0589622	-0.044814	-0.0703341	0.0414597	0.0414684	0.0127446	0.0034771	0.134568	0.0223031
700000.0003	-0.0798474	0.062762	-0.168524	0.0585698	0.0114342	0.0707108	0.0254084	0.0518593	-0.0107774	-0.0540214	-0.0121304	-0.00116967	-0.113562	0.101532	-0.0380915
700000.0003	0.0644777	-0.0662493	0.00525283	-0.017666	-0.210071	-0.0576816	0.00650941	-0.0199226	0.173987	-0.00161971	-0.0357465	0.0379728	0.0118113	-0.0369929	0.14822
700000.0003	0.0598077	0.0739949	-0.0379012	-0.248193	-0.0785701	0.0865543	-0.00285986	-0.00505454	-0.075528	0.137577	0.0968749	-0.104806	-0.0601236	0.0165473	0.0318613
700000.0003	-0.156717	0.161712	0.0847675	-0.148972	-0.127471	0.111737	0.0543326	-0.0104332	0.042037	0.0696115	-0.0377714	0.142307	-0.0726558	0.132742	0.0868571
700000.0003	-0.188027	0.038454	-0.030234	0.116953	0.20464	-0.0562123	-0.0709222	0.00275062	0.0174001	0.121311	0.215819	0.153844	0.276039	0.133435	0.0565293
700000.0003	-0.124445	-0.231636	-0.201419	-0.0870297	-0.236538	0.0411458	0.167718	-0.165216	-0.186564	-0.183892	0.109962	0.0298254	-0.215977	0.129152	-0.00401697
700000.0003	0.0259698	0.164314	-0.0851176	-0.0208133	-0.203789	-0.0110275	-0.121268	-0.0701096	-0.184372	0.0314749	-0.0176208	0.168989	0.0234551	-0.0540551	0.148834
700000.0003	-0.0942049	0.0649221	0.0701339	0.112634	0.0712566	-0.0849829	0.0254312	0.234938	0.16838	-0.00538819	-0.0761509	-0.223516	0.247605	0.28198	-0.109277
700000.0003	-0.0349384	0.0391399	0.403793	-0.283747	-0.0273758	-0.117507	-0.150283	0.16297	0.0954996	0.365233	-0.0925422	0.144401	0.463707	0.0653375	-0.072339
700000.0003	-0.0532736	0.319076	-0.368417	0.407297	0.0249612	0.591998	0.277424	0.185075	0.522598	-0.0566441	-0.063388	-0.198829	-0.0378643	0.147548	-0.0621553
700000.0003	-0.330794	0.523632	1.3985	-0.264866	-0.129467	-0.240217	0.759506	0.00459427	0.558175	0.167047	-0.240928	-0.240439	-0.0530171	0.510756	-0.680714
700000.0003	0.429949	-1.12797	0.429721	-0.0758124	-1.3846	0.23759	-0.96496	-0.451203	-0.690117	-0.108066	0.300779	0.670754	1.10895	-0.220243	0.0366019
700000.0003	-0.984017	0.215967	0.223861	0.095913	-0.307709	0.256064	-0.282204	0.404038	1.6835	-0.470385	-1.15023	0.745039	0.104726	0.437919	-0.0304017
700000.0003	-0.136305	0.439383	0.185076	-0.874665	0.109694	0.601873	0.273583	-0.933888	0.177981	-0.803654	-0.951975	-1.34388	0.817982	0.44842	0.130476
700000.0003	-0.361795	-0.259122	-1.07872	1.31348	0.585611	-0.894349	-0.0195552	0.247321	-1.45165	0.539921	0.491263	-0.870918	0.231313	-1.10394	-0.300231
700000.0003	-0.959829	-1.06123	0.493331	0.508319	1.23006	0.285745	0.71088	-0.35758	-0.841504	-0.347214	-0.0213117	1.20932	0.0567323	0.531146	0.00482795
700000.0003	0.256914	-0.0860185	0.32914	0.787355	1.36052	0.699663	0.16641	-0.680272	0.408819	0.470327	0.424636	-0.841758	-0.659221	0.350178	-0.507137
700000.0003	-0.0957642	0.432206	0.763329	1.41475	0.274456	0.232393	1.07957	0.274283	-0.291649	0.414846	-0.0578507	1.1606	0.453722	-1.01806	-0.628844
700000.0003	-0.1456	-0.341941	1.10853	1.82657	0.210456	-0.224523	0.0550175	2.03794	1.09832	0.0259175	-0.290102	-0.442845	-0.175044	0.0948798	0.0420225
700000.0003	0.664895	0.564009	-0.141257	0.493459	0.973542	0.874078	0.607436	1.20296	-0.0308594	0.289693	0.175617	0.215832	-0.521466	-1.17382	-0.407332
700000.0003	0.0233367	-0.449199	0.395768	0.797453	0.777887	0.75662	0.707628	1.60159	1.34772	0.549233	0.0897598	-0.506883	-0.360408	-0.805653	0.364416
700000.0003	-0.526409	0.0589131	1.10125	0.737736	0.760624	1.06455	1.16668	0.567245	0.729215	1.02643	0.593382	-0.0784184	-0.675227	-0.160219	-1.02722
700000.0003	-0.564953	0.796287	0.0874486	-1.03539	0.626064	2.07274	2.35424	0.795439	0.855325	-0.0897689	0.304044	0.0728454	-0.455242	-1.38437	-0.47458
700000.0003	-0.583417	-0.21901	0.456446	1.06174	0.934218	0.699496	0.711573	0.580489	1.06528	1.6667	0.242022	-0.708771	-1.22977	0.361598	-0.446025
700000.0003	0.309106	0.417228	0.35472	1.09554	0.724289	0.650308	1.35996	0.195631	-0.209821	-0.480682	0.456569	0.652458	0.0977369	-0.865306	-0.888732
700000.0003	-0.887131	1.59468	0.846334	0.141593	0.122946	0.993181	0.373312	0.0709709	-0.54556	0.195184	0.431938	-0.150743	0.520214	-1.41088	-0.98654
700000.0003	2908.72	2907.73	2909.45	2910.95	2907.47	2908.5	2912.72	2909.19	2911.46	2910.23	2911.22	2912.09	2911.67	2910.69	2909.07
700000.0003	1604.71	1603.72	1605.26	1603.82	1602.5	1605.23	1606.52	1606.2	1604.55	1606.01	1609.05	1606.04	1606.44	1604.71	1606.28
700000.0003	174.531	173.408	174.766	174.229	174.317	175.36	175.202	174.358	173.582	173.967	174.16	173.68	174.366	173.757	174.461
700000.0003	28.2022	28.7033	28.1806	28.5549	27.9328	28.2518	28.0406	28.2141	29.3039	28.7037	28.5112	28.3697	27.846	27.7074	27.9716
700000.0003	18.4843	18.4549	18.5143	18.3128	17.8319	18.2318	18.1311	18.5569	18.7489	18.4323	18.5535	18.4052	18.274	18.3555	18.2606
700000.0003	15.8519	16.2606	15.9619	15.8058	15.9458	16.3324	16.0586	16.36	16.1333	16.4763	16.1486	16.2254	15.9953	15.8105	16.2726
700000.0003	14.4059	15.2715	15.0815	14.7185	14.9209	15.0977	14.8599	14.6398	14.8081	14.7917	15.3984	14.7419	14.9316	15.2374	15.1938
700000.0003	14.6993	14.0725	14.4698	14.5562	14.8322	14.4151	14.3839	14.1961	14.1314	14.2723	14.1423	14.4583	14.3792	14.3046	14.343
700000.0003	13.7734	13.7753	13.955	13.9916	13.8507	14.1999	13.9674	13.7917	14.0797	13.8671	14.3563	13.6596	13.3461	13.8059	14.1367
700000.0003	13.7579	13.5646	13.8203	13.5129	13.6379	13.4472	13.5812	13.5119	13.6381	13.4908	13.6995	13.6209	13.4107	13.812	14.1398
700000.0003	13.6842	13.6251	13.551	13.7474	13.4183	13.0595	13.0255	13.3659	13.4567	13.5545	13.3788	13.4837	13.4823	13.6226	13.5052
700000.0003	13.197	13.1624	13.2377	13.4216	13.2204	13.2854	13.0246	13.3495	13.2677	13.4406	13.0854	13.3203	12.9077	13.4655	12.9354
700000.0003	13.4711	13.5551	12.8852	12.8843	13.1492	13.1282	13.261	13.1204	13.4003	13.5736	13.2135	13.2316	13.4494	12.9738	12.9898
700000.0003	12.921	13.3008	13.4623	13.5373	13.4473	13.5896	13.5357	13.0768	13.4207	13.5359	13.2693	13.3359	13.3667	13.3939	13.1003
700000.0003	13.7727	13.6913	13.4192	13.4179	13.494	13.4952	13.668	13.4966	13.239	13.4266	13.3616	13.4902	13.6482	13.4556	13.3184
700000.0003	13.8632	13.8611	13.8777	13.8841	13.9209	14.1622	13.8771	13.7504	13.9525	14.3604	14.1648	14.2757	14.2053	13.8952	13.9812
700000.0003	14.9679	14.7662	14.7045	15.1682	14.9988	15.2466	15.1372	15.0833	15.1218	14.787	15.0732	15.1181	15.2864	14.8963	15.1833
700000.0003	16.7243	17.35	17.0089	16.9372	17.1008	16.9093	16.6471	17.0173	16.9517	16.8234	16.8367	16.9332	17.2424	16.6702	17.068
700000.0003	19.5247	19.6132	19.6839	19.48	19.616	19.3269	19.4259	19.7398	19.4943	19.1824	19.631	19.7001	19.9177	19.7582	19.6834
700000.0003	23.9441	24.1548	24.1969	24.5835	24.4281	23.8071	24.0013	24.1067	23.7581	23.6065	24.0357	24.0736	23.8904	23.7632	24.3434
700000.0003	30.4756	30.8367	30.3832	30.6665	30.0448	30.4283	30.4685	30.7351	30.013	30.3002	30.3691	30.679	30.3573	30.5253	31.0312
700000.0003	41.9997	41.3366	41.7599	41.9317	41.9301	41.84	41.5947	41.613	42.1599	41.8474	41.9321	41.6789	42.2544	41.8276	41.393
700000.0003	66.4436	66.5719	66.8095	66.0382	65.9509	66.4203	66.249	66.0604	66.1213	65.9655	65.6218	66.3057	66.2702	66.7245	66.1148
700000.0003	152.504	153.378	152.663	152.904	153.383	152.335	152.968	153.201	153.189	153.013	152.257	153.092	153.051	152.367	152.494
700000.0003	520.763	520.766	520.973	519.604	519.758	521.267	520.003	522.323	519.88	520.221	520.251	520.034	520.736	519.821	519.741
700000.0003	1364.22	1364.6	1363.12	1361.97	1362.45	1361.33	1366.13	1363.33	1362.51	1360.1	1362.18	1362.74	1360.62	1361.4	1360.82
700000.0003	2156.56	2157.4	2154.45	2156.26	2154.74	2153.9	2154.87	2154.71	2154.39	2154.85	2152.82	2154.35	2154.97	2153.11	2154.63
700000.0003	2585.23	2586.8	2586.53	2588.79	2586.26	2586.84	2584.24	2587.34	2585.18	2585.3	2585.08	2586.54	2582.52	2585.4	2585.83
700000.0003	2777.22	2777.11	2782.45	2780	2780.81	2779.68	2776.89	2776.19	2778.17	2778.52	2777.32	2778.05	2778.42	2778.19	2777.11
700000.0003	2866.38	2867.37	2865.68	2864.2	2867.14	2864.82	2865.85	2865.38	2864.94	2865.98	2867.35	2865.31	2866.15	2865.23	2866.69
700000.0003	2905.6	2904.89	2905.73	2904.65	2905.48	2905.4	2906.13	2905.93	2905.37	2904.84	2903.96	2904.75	2905.18	2905.72	2907.46
700000.0003	2932.31	2932.18	2931.76	2931.61	2931.94	2931.6	2932.85	2931.59	2930.66	2930.13	2931.11	2933.46	2931.53	2930.95	2930.78
700000.0003	2952.25	2951.66	2953.32	2953.45	2951.43	2953.08	2954.32	2952.41	2951.36	2950.88	2954.08	2952.37	2952.08	2954.5	2952.14
700000.0003	2970.07	2971.48	2969.98	2972.98	2972.4	2971.45	2971.6	2972.89	2971.2	2972.34	2972.62	2968.47	2972.09	2970.63	2972.52
700000.0003	2990.96	2989.08	2989.49	2989.8	2989.97	2991.03	2986.93	2989.79	2989.15	2989.63	2989.83	2987.16	2989.08	2989.07	2989.27
700000.0003	3005.44	3007.9	3007.36	3005.81	3006.38	3006.29	3006.49	3004.79	3004.99	3005.11	3005.35	3008.19	3008.48	3007.92	3004.83
700000.0003	3024.81	3022.25	3024.73	3024.15	3021.92	3024.04	3023.36	3022.07	3024.32	3024.67	3023.17	3024.7	3021.18	3023.21	3022.56
700000.0003	3041.81	3043.75	3042.06	3041.2	3041.94	3040.9	3044.97	3044.28	3044.38	3043.14	3041.82	3043.35	3043.18	3043.85	3042.69
700000.0003	3068.86	3067.77	3066.27	3067.22	3068.31	3069.83	3067.12	3069.14	3069.53	3069.28	3070.44	3069.23	3068.95	3068.35	3070.15
700000.0003	3079.76	3081.14	3083.11	3082.36	3085.05	3084.02	3082.16	3085.17	3083.47	3083.14	3082.76	3085.87	3084.75	3083.02	3082.11
