700000.0003	28.7596
700000.0003	99.8952
700000.0003	202.558
700000.0003	340.681
700000.0003	534.272
700000.0003	775.38
700000.0003	1081.8
700000.0003	1427.54
700000.0003	1823.83
700000.0003	2281.31
700000.0003	2781.51
700000.0003	3310.03
700000.0003	3884.56
700000.0003	4456.97
700000.0003	5000.97
700000.0003	5532.72
700000.0003	6006.16
700000.0003	6395.72
700000.0003	6670.04
700000.0003	6927.28
700000.0003	7058.87
700000.0003	7093.46
700000.0003	7098.78
700000.0003	7057.64
700000.0003	6970.82
700000.0003	6803.87
700000.0003	6593.49
700000.0003	6348.21
700000.0003	6096.9
700000.0003	5758.86
700000.0003	5361.58
700000.0003	4965.19
700000.0003	4508.91
700000.0003	4029.19
700000.0003	3523.18
700000.0003	2971.72
700000.0003	2361.6
700000.0003	1744.83
700000.0003	1066.81
700000.0003	365.353
700000.0003	0
700000.0003	0
700000.0003	0
700000.0003	0
700000.0003	0
700000.0003	0
700000.0003	0
700000.0003	0
700000.0003	0
700000.0003	0
700000.0003	0
700000.0003	0
700000.0003	0
700000.0003	0
700000.0003	0
700000.0003	0
700000.0003	0
700000.0003	0
700000.0003	0
700000.0003	0
700000.0003	0
700000.0003	0
700000.0003	0
700000.0003	0
700000.0003	0
700000.0003	0
700000.0003	0
700000.0003	0
700000.0003	0
700000.0003	0
700000.0003	0
700000.0003	0
700000.0003	0
700000.0003	0
700000.0003	0
700000.0003	0
700000.0003	0
700000.0003	0
700000.0003	0
700000.0003	0
700000.0003	0
700000.0003	0
700000.0003	0
700000.0003	0
700000.0003	0
700000.0003	0
700000.0003	0
700000.0003	0
700000.0003	0
700000.0003	0
700000.0003	0
700000.0003	0
700000.0003	0
700000.0003	0
700000.0003	0
700000.0003	0
700000.0003	0
700000.0003	0
700000.0003	0
700000.0003	0
700000.0003	0
700000.0003	0
700000.0003	0
700000.0003	0
700000.0003	0
700000.0003	0
700000.0003	0
700000.0003	0
700000.0003	0
700000.0003	0
700000.0003	0
700000.0003	0
700000.0003	0
700000.0003	0
700000.0003	0
700000.0003	0
700000.0003	0
700000.0003	0
700000.0003	0
700000.0003	0
700000.0003	0
700000.0003	0
700000.0003	0
700000.0003	0
700000.0003	0
700000.0003	0
700000.0003	0
700000.0003	0
700000.0003	0
700000.0003	0
700000.0003	0
700000.0003	0
700000.0003	0
700000.0003	0
700000.0003	0
700000.0003	0
700000.0003	0
700000.0003	0
700000.0003	0
700000.0003	0
700000.0003	-23.6713
700000.0003	-70.2381
700000.0003	-117.091
700000.0003	-162.021
700000.0003	-208.497
700000.0003	-253.673
700000.0003	-298.977
700000.0003	-341.928
700000.0003	-385.094
700000.0003	-424.69
700000.0003	-464.512
700000.0003	-506.57
700000.0003	-549.494
700000.0003	-585.835
700000.0003	-626.429
700000.0003	-662.495
700000.0003	-703.422
700000.0003	-739.902
700000.0003	-779.947
700000.0003	-819.901
700000.0003	-849.494
700000.0003	-888.933
700000.0003	-922.059
700000.0003	-955.394
700000.0003	-992.865
700000.0003	-1026.85
700000.0003	-1055.57
700000.0003	-1092.99
700000.0003	-1121.92
700000.0003	-1142.76
700000.0003	-1178.22
700000.0003	-1212.63
700000.0003	-1238.63
700000.0003	-1266.2
700000.0003	-1292.98
700000.0003	-1318.01
700000.0003	-1343.05
700000.0003	-1360.81
700000.0003	-1400.64
700000.0003	-1419.13
700000.0003	-1449.23
700000.0003	-1472.94
700000.0003	-1491.77
700000.0003	-1509.86
700000.0003	-1530.22
700000.0003	-1544.43
700000.0003	-1579.27
700000.0003	-1603.76
700000.0003	-1621.93
700000.0003	-1630.25
700000.0003	-1664.93
700000.0003	-1661.96
700000.0003	-1701.76
700000.0003	-1703.94
700000.0003	-1713.08
700000.0003	-1739.79
700000.0003	-1753.41
700000.0003	-1761.28
700000.0003	-1780.32
700000.0003	-1800.01
700000.0003	-1812.83
700000.0003	-1808
700000.0003	-1832.83
700000.0003	-1835.02
700000.0003	-1857.17
700000.0003	-1864.02
700000.0003	-1878.17
700000.0003	-1878.5
700000.0003	-1889.41
700000.0003	-1891.94
700000.0003	-1905.75
700000.0003	-1909.35
700000.0003	-1915.42
700000.0003	-1909.24
700000.0003	-1916.14
700000.0003	-1916.47
700000.0003	-1927.83
700000.0003	-1932.92
700000.0003	-1928.64
700000.0003	-1920.11
700000.0003	-1924.26
700000.0003	-1937.1
700000.0003	-1929.21
700000.0003	-1922.49
700000.0003	-1919.03
700000.0003	-1919.18
700000.0003	-1924.85
700000.0003	-1900.1
700000.0003	-1906.31
700000.0003	-1898.48
700000.0003	-1884.28
700000.0003	-1870.76
700000.0003	-1877.24
700000.0003	-1864.33
700000.0003	-1851.19
700000.0003	-1844.47
700000.0003	-1815.13
700000.0003	-1807.99
700000.0003	-1789.61
700000.0003	-1760.77
700000.0003	-1739.58
700000.0003	-1726.17
700000.0003	-1681.07
700000.0003	-1656.05
700000.0003	-1618.52
700000.0003	-1584.44
700000.0003	-1544.03
700000.0003	-1498.52
700000.0003	-1446.19
700000.0003	-1400.89
700000.0003	-1340.62
700000.0003	-1282.98
700000.0003	-1225.43
700000.0003	-1165.34
700000.0003	-1101.57
700000.0003	-1037.53
700000.0003	-972.582
700000.0003	-908.774
700000.0003	-844.925
700000.0003	-787.278
700000.0003	-730.645
700000.0003	-672.509
700000.0003	-615.623
700000.0003	-564.567
700000.0003	-512.556
700000.0003	-462.636
700000.0003	-418.464
700000.0003	-376.984
700000.0003	-336.313
700000.0003	-300.467
700000.0003	-265.472
700000.0003	-234.598
700000.0003	-204.342
700000.0003	-178.901
700000.0003	-154.782
700000.0003	-134.317
700000.0003	-116.654
700000.0003	-99.2746
700000.0003	-84.6658
700000.0003	-72.1676
700000.0003	-61.6396
700000.0003	-52.4225
700000.0003	-44.191
700000.0003	-37.2927
700000.0003	-31.5958
700000.0003	-26.4457
700000.0003	-22.632
700000.0003	-18.7955
700000.0003	-15.7814
700000.0003	-12.9735
700000.0003	-10.802
700000.0003	-9.03898
700000.0003	-7.36892
700000.0003	-6.13242
700000.0003	-4.8425
700000.0003	-3.77672
700000.0003	-2.82278
700000.0003	-1.89079
700000.0003	-1.11448
700000.0003	-0.360929
700000.0003	0
700000.0003	0
700000.0003	0
700000.0003	0
700000.0003	0
700000.0003	0
700000.0003	0
700000.0003	0
700000.0003	0
700000.0003	0
700000.0003	0
700000.0003	0
700000.0003	0
700000.0003	0
700000.0003	0
700000.0003	0
700000.0003	0
700000.0003	0
700000.0003	0
700000.0003	0
700000.0003	0
700000.0003	0
700000.0003	0
700000.0003	0
700000.0003	0
700000.0003	0
700000.0003	0
700000.0003	0
700000.0003	0
700000.0003	0
700000.0003	0
700000.0003	0
700000.0003	0
700000.0003	0
700000.0003	0
700000.0003	0
700000.0003	0
700000.0003	0
700000.0003	0
700000.0003	0
700000.0003	0
700000.0003	0
700000.0003	0
700000.0003	0
700000.0003	0
700000.0003	0
700000.0003	0
700000.0003	0
700000.0003	0
700000.0003	0
700000.0003	0
700000.0003	0
700000.0003	0
700000.0003	0
700000.0003	0
700000.0003	0
700000.0003	0
700000.0003	0
700000.0003	0
700000.0003	0
700000.0003	0
700000.0003	0
700000.0003	0
700000.0003	0
700000.0003	0
700000.0003	0
700000.0003	0
700000.0003	0
700000.0003	0
700000.0003	0
700000.0003	0
700000.0003	0
700000.0003	0
700000.0003	0
700000.0003	0
700000.0003	0
700000.0003	0
700000.0003	0
700000.0003	0
700000.0003	0
700000.0003	0
700000.0003	0
700000.0003	0
700000.0003	0
700000.0003	0
700000.0003	0
700000.0003	0
700000.0003	0
700000.0003	0
700000.0003	0
700000.0003	0
700000.0003	0
700000.0003	0
700000.0003	0
700000.0003	0
700000.0003	0
700000.0003	0
700000.0003	0
700000.0003	0
700000.0003	0
700000.0003	0.255028
700000.0003	-0.348928
700000.0003	-0.00591556
700000.0003	-2.23299
700000.0003	1.96092
700000.0003	3.552
700000.0003	2.4584
700000.0003	-1.03753
700000.0003	8.35108
700000.0003	-2.91143
700000.0003	4.43268
700000.0003	-17.7066
700000.0003	7.91408
700000.0003	1.84367
700000.0003	18.0404
700000.0003	-0.762826
700000.0003	5.73498
700000.0003	4.0522
700000.0003	-16.4023
700000.0003	-22.3763
700000.0003	26.8471
700000.0003	17.5391
700000.0003	-18.3951
700000.0003	13.2209
700000.0003	-5.44082
700000.0003	27.6084
700000.0003	1.52199
700000.0003	10.1835
700000.0003	4.66059
700000.0003	-20.3
700000.0003	-6.73285
700000.0003	5.69613
700000.0003	5.58308
700000.0003	-18.3741
700000.0003	-11.0697
700000.0003	6.18835
700000.0003	2.71463
700000.0003	5.6802
700000.0003	-5.37447
700000.0003	-0.945282
700000.0003	0
700000.0003	0
700000.0003	0
700000.0003	0
700000.0003	0
700000.0003	0
700000.0003	0
700000.0003	0
700000.0003	0
700000.0003	0
700000.0003	0
700000.0003	0
700000.0003	0
700000.0003	0
700000.0003	0
700000.0003	0
700000.0003	0
700000.0003	0
700000.0003	0
700000.0003	0
700000.0003	0
700000.0003	0
700000.0003	0
700000.0003	0
700000.0003	0
700000.0003	0
700000.0003	0
700000.0003	0
700000.0003	0
700000.0003	0
700000.0003	0
700000.0003	0
700000.0003	0
700000.0003	0
700000.0003	0
700000.0003	0
700000.0003	0
700000.0003	0
700000.0003	0
700000.0003	0
700000.0003	0
700000.0003	0
700000.0003	0
700000.0003	0
700000.0003	0
700000.0003	0
700000.0003	0
700000.0003	0
700000.0003	0
700000.0003	0
700000.0003	0
700000.0003	0
700000.0003	0
700000.0003	0
700000.0003	0
700000.0003	0
700000.0003	0
700000.0003	0
700000.0003	0
700000.0003	0
700000.0003	0
700000.0003	0
700000.0003	0
700000.0003	0
700000.0003	0
700000.0003	0
700000.0003	0
700000.0003	0
700000.0003	0
700000.0003	0
700000.0003	0
700000.0003	0
700000.0003	0
700000.0003	0
700000.0003	0
700000.0003	0
700000.0003	0
700000.0003	0
700000.0003	0
700000.0003	0
700000.0003	0
700000.0003	0
700000.0003	0
700000.0003	0
700000.0003	0
700000.0003	0
700000.0003	0
700000.0003	0
700000.0003	0
700000.0003	0
700000.0003	0
700000.0003	0
700000.0003	0
700000.0003	0
700000.0003	0
700000.0003	0
700000.0003	0
700000.0003	0
700000.0003	0
700000.0003	0
700000.0003	0.00805246
700000.0003	0.108477
700000.0003	0.327318
700000.0003	0.0245026
700000.0003	0.375773
700000.0003	0.584743
700000.0003	-0.196551
700000.0003	-0.454554
700000.0003	0.262964
700000.0003	-0.21267
700000.0003	0.388461
700000.0003	-1.26492
700000.0003	-3.40896
700000.0003	0.267916
700000.0003	1.54247
700000.0003	1.03154
700000.0003	1.29757
700000.0003	-0.671964
700000.0003	-4.88141
700000.0003	-3.79806
700000.0003	2.09536
700000.0003	-2.691
700000.0003	0.748857
700000.0003	0.571984
700000.0003	-0.30843
700000.0003	5.40674
700000.0003	-1.21215
700000.0003	-2.97501
700000.0003	-0.0402603
700000.0003	-1.73928
700000.0003	-2.45984
700000.0003	-4.25205
700000.0003	-0.234063
700000.0003	-3.02222
700000.0003	-1.4131
700000.0003	-3.16266
700000.0003	1.75502
700000.0003	1.82714
700000.0003	1.43758
700000.0003	-2.12787
700000.0003	-0.769962
700000.0003	3.57557
700000.0003	1.71909
700000.0003	3.8249
700000.0003	0.675703
700000.0003	-2.07361
700000.0003	-3.88329
700000.0003	4.4443
700000.0003	-1.53999
700000.0003	-1.88761
700000.0003	7.57835
700000.0003	-1.97934
700000.0003	-1.75289
700000.0003	1.36123
700000.0003	-4.15442
700000.0003	2.96135
700000.0003	-5.03729
700000.0003	4.58634
700000.0003	-5.68607
700000.0003	-2.56264
700000.0003	-6.26258
700000.0003	6.79023
700000.0003	-2.15467
700000.0003	-5.73623
700000.0003	1.16591
700000.0003	-4.08557
700000.0003	1.54326
700000.0003	0.729062
700000.0003	1.711
700000.0003	4.88506
700000.0003	2.62654
700000.0003	-10.5738
700000.0003	5.96981
700000.0003	-4.80526
700000.0003	6.22158
700000.0003	-0.974521
700000.0003	-2.41143
700000.0003	-1.7023
700000.0003	-6.18324
700000.0003	8.71234
700000.0003	1.22185
700000.0003	2.5153
700000.0003	-7.48483
700000.0003	-4.42727
700000.0003	1.60749
700000.0003	1.48424
700000.0003	-0.722796
700000.0003	-0.511308
700000.0003	-0.845768
700000.0003	-6.57277
700000.0003	0.386904
700000.0003	3.37998
700000.0003	-0.95962
700000.0003	-0.360745
700000.0003	-0.0974565
700000.0003	-3.74546
700000.0003	-1.50267
700000.0003	2.78062
700000.0003	3.9847
700000.0003	-1.00041
700000.0003	-0.871906
700000.0003	-1.06346
700000.0003	3.70253
700000.0003	4.5283
700000.0003	-2.70245
700000.0003	1.65591
700000.0003	3.64468
700000.0003	-0.495253
700000.0003	-2.93395
700000.0003	0.510688
700000.0003	1.03836
700000.0003	-3.7645
700000.0003	0.380793
700000.0003	-0.924659
700000.0003	-2.6152
700000.0003	0.413341
700000.0003	1.88379
700000.0003	-1.28406
700000.0003	-0.981633
700000.0003	-1.09913
700000.0003	-0.290398
700000.0003	-0.486824
700000.0003	-0.105419
700000.0003	-1.93572
700000.0003	0.143409
700000.0003	-0.305658
700000.0003	1.43525
700000.0003	-1.07271
700000.0003	2.81878
700000.0003	0.170876
700000.0003	-1.39814
700000.0003	-0.374016
700000.0003	-0.71867
700000.0003	-0.575713
700000.0003	-0.551492
700000.0003	-0.342178
700000.0003	-0.568807
700000.0003	-0.165688
700000.0003	0.0967956
700000.0003	-0.0965842
700000.0003	0.21425
700000.0003	0.388573
700000.0003	-0.626306
700000.0003	0.142253
700000.0003	0.0730571
700000.0003	0.117559
700000.0003	0.0322047
700000.0003	0.0216708
700000.0003	0.162775
700000.0003	-0.112313
700000.0003	0.072345
700000.0003	0.10487
700000.0003	0.00457261
700000.0003	0.0250677
700000.0003	-0.0512325
700000.0003	0.00721256
700000.0003	-0.0342006
700000.0003	0.0067474
700000.0003	-0.00460131
700000.0003	-0.00205521
700000.0003	0
700000.0003	0
700000.0003	0
700000.0003	0
700000.0003	0
700000.0003	0
700000.0003	0
700000.0003	0
700000.0003	0
700000.0003	0
700000.0003	0
700000.0003	0
700000.0003	0
700000.0003	0
700000.0003	0
700000.0003	0
700000.0003	0
700000.0003	0
700000.0003	0
700000.0003	0
700000.0003	0
700000.0003	0
700000.0003	0
700000.0003	0
700000.0003	0
700000.0003	0
700000.0003	0
700000.0003	0
700000.0003	0
700000.0003	0
700000.0003	0
700000.0003	0
700000.0003	0
700000.0003	0
700000.0003	0
700000.0003	0
700000.0003	0
700000.0003	0
700000.0003	0
700000.0003	0
700000.0003	0
700000.0003	0
700000.0003	0
700000.0003	0
700000.0003	0
700000.0003	0
700000.0003	0
700000.0003	0
700000.0003	0
700000.0003	0
700000.0003	0
700000.0003	0
700000.0003	0
700000.0003	0
700000.0003	0
700000.0003	0
700000.0003	0
700000.0003	0
700000.0003	0
700000.0003	0
700000.0003	0
700000.0003	0
700000.0003	0
700000.0003	0
700000.0003	0
700000.0003	0
700000.0003	0
700000.0003	0
700000.0003	0
700000.0003	0
700000.0003	0
700000.0003	0
700000.0003	0
700000.0003	0
700000.0003	0
700000.0003	0
700000.0003	0
700000.0003	0
700000.0003	0
700000.0003	0
700000.0003	0
700000.0003	0
700000.0003	0
700000.0003	0
700000.0003	0
700000.0003	0
700000.0003	0
700000.0003	0
700000.0003	0
700000.0003	0
700000.0003	0
700000.0003	0
700000.0003	0
700000.0003	0
700000.0003	0
700000.0003	0
700000.0003	0
700000.0003	0
700000.0003	0
700000.0003	0
