700000.0003	0.0258765
700000.0003	0.0353574
700000.0003	0.0528331
700000.0003	0.0816895
700000.0003	0.1257
700000.0003	0.188013
700000.0003	0.2792
700000.0003	0.396114
700000.0003	0.551454
700000.0003	0.747266
700000.0003	0.983699
700000.0003	1.26854
700000.0003	1.61148
700000.0003	1.99466
700000.0003	2.42152
700000.0003	2.86794
700000.0003	3.32375
700000.0003	3.81082
700000.0003	4.29716
700000.0003	4.75167
700000.0003	5.19798
700000.0003	5.63003
700000.0003	6.0689
700000.0003	6.43502
700000.0003	6.86858
700000.0003	7.20322
700000.0003	7.58763
700000.0003	7.87967
700000.0003	8.23062
700000.0003	8.53955
700000.0003	8.819
700000.0003	9.06393
700000.0003	9.31136
700000.0003	9.50834
700000.0003	9.71636
700000.0003	9.95008
700000.0003	10.051
700000.0003	10.1198
700000.0003	10.2343
700000.0003	10.2547
700000.0003	10.3138
700000.0003	10.3048
700000.0003	10.2857
700000.0003	10.2468
700000.0003	10.228
700000.0003	10.3012
700000.0003	10.2818
700000.0003	10.2781
700000.0003	10.2378
700000.0003	10.2246
700000.0003	10.2438
700000.0003	10.3778
700000.0003	10.2984
700000.0003	10.2605
700000.0003	10.2934
700000.0003	10.2565
700000.0003	10.3076
700000.0003	10.2748
700000.0003	10.3109
700000.0003	10.2795
700000.0003	10.3971
700000.0003	10.2781
700000.0003	10.3107
700000.0003	10.3304
700000.0003	10.2892
700000.0003	10.3021
700000.0003	10.3614
700000.0003	10.3529
700000.0003	10.3595
700000.0003	10.2379
700000.0003	10.3216
700000.0003	10.2971
700000.0003	10.3718
700000.0003	10.3081
700000.0003	10.3185
700000.0003	10.2961
700000.0003	10.3343
700000.0003	10.3422
700000.0003	10.3825
700000.0003	10.3359
700000.0003	10.3916
700000.0003	10.3329
700000.0003	10.2918
700000.0003	10.391
700000.0003	10.3212
700000.0003	10.3078
700000.0003	10.3231
700000.0003	10.3594
700000.0003	10.3879
700000.0003	10.3903
700000.0003	10.4525
700000.0003	10.3285
700000.0003	10.3849
700000.0003	10.3477
700000.0003	10.4092
700000.0003	10.3613
700000.0003	10.3703
700000.0003	10.4307
700000.0003	10.3482
700000.0003	10.449
700000.0003	10.4159
700000.0003	10.4014
700000.0003	10.4152
700000.0003	10.3669
700000.0003	10.439
700000.0003	10.4612
700000.0003	10.3926
700000.0003	10.3556
700000.0003	10.4027
700000.0003	10.4108
700000.0003	10.3888
700000.0003	10.4177
700000.0003	10.4327
700000.0003	10.4222
700000.0003	10.387
700000.0003	10.4557
700000.0003	10.4941
700000.0003	10.4459
700000.0003	10.5137
700000.0003	10.4444
700000.0003	10.4854
700000.0003	10.4995
700000.0003	10.4783
700000.0003	10.4323
700000.0003	10.4568
700000.0003	10.397
700000.0003	10.4297
700000.0003	10.4052
700000.0003	10.4541
700000.0003	10.4918
700000.0003	10.5248
700000.0003	10.4255
700000.0003	10.432
700000.0003	10.4683
700000.0003	10.4683
700000.0003	10.4546
700000.0003	10.3844
700000.0003	10.4578
700000.0003	10.4672
700000.0003	10.4743
700000.0003	10.4703
700000.0003	10.4829
700000.0003	10.4859
700000.0003	10.4206
700000.0003	10.3929
700000.0003	10.417
700000.0003	10.4324
700000.0003	10.4435
700000.0003	10.3668
700000.0003	10.3821
700000.0003	10.3702
700000.0003	10.2747
700000.0003	10.2761
700000.0003	10.3354
700000.0003	10.251
700000.0003	10.2203
700000.0003	10.2764
700000.0003	10.1353
700000.0003	10.1408
700000.0003	10.073
700000.0003	10.0286
700000.0003	9.98712
700000.0003	9.95211
700000.0003	9.97049
700000.0003	9.84085
700000.0003	9.81243
700000.0003	9.7067
700000.0003	9.71408
700000.0003	9.69567
700000.0003	9.64932
700000.0003	9.55897
700000.0003	9.51119
700000.0003	9.50182
700000.0003	9.34355
700000.0003	9.32627
700000.0003	9.26032
700000.0003	9.23854
700000.0003	9.09383
700000.0003	9.1039
700000.0003	8.96722
700000.0003	8.89132
700000.0003	8.85312
700000.0003	8.78884
700000.0003	8.66665
700000.0003	8.59531
700000.0003	8.54882
700000.0003	8.47265
700000.0003	8.40617
700000.0003	8.31201
700000.0003	8.2679
700000.0003	8.19219
700000.0003	8.07508
700000.0003	7.9841
700000.0003	7.86945
700000.0003	7.79272
700000.0003	7.70693
700000.0003	7.64378
700000.0003	7.59079
700000.0003	7.50892
700000.0003	7.41264
700000.0003	7.29541
700000.0003	7.22358
700000.0003	7.14623
700000.0003	7.02884
700000.0003	6.92243
700000.0003	6.8682
700000.0003	6.75816
700000.0003	6.6418
700000.0003	6.60963
700000.0003	6.53367
700000.0003	6.38728
700000.0003	6.28418
700000.0003	6.215
700000.0003	6.09476
700000.0003	5.99727
700000.0003	5.9517
700000.0003	5.82537
700000.0003	5.72944
700000.0003	5.63252
700000.0003	5.55797
700000.0003	5.43675
700000.0003	5.36802
700000.0003	5.24636
700000.0003	5.17853
700000.0003	5.06079
700000.0003	4.96702
700000.0003	4.87167
700000.0003	4.76493
700000.0003	4.67459
700000.0003	4.59907
700000.0003	4.49021
700000.0003	4.37375
700000.0003	4.3036
700000.0003	4.17861
700000.0003	4.0844
700000.0003	3.96305
700000.0003	3.87639
700000.0003	3.77048
700000.0003	3.66292
700000.0003	3.5761
700000.0003	3.43252
700000.0003	3.33445
700000.0003	3.21964
700000.0003	3.10553
700000.0003	2.97999
700000.0003	2.8582
700000.0003	2.72536
700000.0003	2.59143
700000.0003	2.46667
700000.0003	2.33349
700000.0003	2.19608
700000.0003	2.06357
700000.0003	1.9251
700000.0003	1.79099
700000.0003	1.66888
700000.0003	1.53815
700000.0003	1.41944
700000.0003	1.30039
700000.0003	1.18827
700000.0003	1.07554
700000.0003	0.979236
700000.0003	0.878032
700000.0003	0.795309
700000.0003	0.712282
700000.0003	0.636195
700000.0003	0.563849
700000.0003	0.498973
700000.0003	0.438821
700000.0003	0.38633
700000.0003	0.336148
700000.0003	0.291426
700000.0003	0.252134
700000.0003	0.217702
700000.0003	0.185972
700000.0003	0.15871
700000.0003	0.135227
700000.0003	0.114023
700000.0003	0.0966661
700000.0003	0.0820232
700000.0003	0.0686424
700000.0003	0.0582376
700000.0003	0.0488518
700000.0003	0.0412071
700000.0003	0.0346832
700000.0003	0.0291617
700000.0003	0.0248606
700000.0003	0.0210628
700000.0003	0.018002
700000.0003	0.0154185
700000.0003	0.0134841
700000.0003	0.011627
700000.0003	0.0102548
700000.0003	0.00904484
700000.0003	0.00816527
700000.0003	0.0074067
700000.0003	0.00674335
700000.0003	0.00626979
700000.0003	0.00583103
700000.0003	0.00547959
700000.0003	0.00527914
700000.0003	0.00523075
700000.0003	0.00515
700000.0003	0.00498558
700000.0003	0.00506862
700000.0003	0.00482777
700000.0003	0.00483495
700000.0003	0.00479994
700000.0003	0.00472051
700000.0003	0.00458962
700000.0003	0.00459904
700000.0003	0.00454638
700000.0003	0.00449938
700000.0003	0.00444418
700000.0003	0.00446053
700000.0003	0.00440159
700000.0003	0.00435561
700000.0003	0.00434075
700000.0003	0.00431927
700000.0003	0.00432644
700000.0003	0.00435281
700000.0003	0.00433197
700000.0003	0.00430574
700000.0003	0.00424201
700000.0003	0.00423133
700000.0003	0.00421908
700000.0003	0.00411923
700000.0003	0.00422271
700000.0003	0.00419124
700000.0003	0.00421929
700000.0003	0.0041287
700000.0003	0.00418316
700000.0003	0.0041307
700000.0003	0.00418095
700000.0003	0.00411309
700000.0003	0.00413527
700000.0003	0.00419686
700000.0003	0.00415885
700000.0003	0.00412801
700000.0003	0.00421555
700000.0003	0.00411063
700000.0003	0.00411592
700000.0003	0.00416505
700000.0003	0.00418788
700000.0003	0.00421776
700000.0003	0.00408578
700000.0003	0.0041335
700000.0003	0.00414599
700000.0003	0.00414268
700000.0003	0.0041498
700000.0003	0.00418453
700000.0003	0.00420894
700000.0003	0.0042236
700000.0003	0.00423888
700000.0003	0.00422513
700000.0003	0.00420349
700000.0003	0.00419662
700000.0003	0.00422591
700000.0003	0.00427802
700000.0003	0.00434477
700000.0003	0.00432009
700000.0003	0.00428672
700000.0003	0.00442549
700000.0003	0.00442181
700000.0003	0.00444809
700000.0003	0.00451294
700000.0003	0.00450278
700000.0003	0.00452162
700000.0003	0.00459355
700000.0003	0.00461606
700000.0003	0.00468335
700000.0003	0.00472016
700000.0003	0.00475975
700000.0003	0.00485833
700000.0003	0.00485801
700000.0003	0.00495366
700000.0003	0.0050585
700000.0003	0.00505874
700000.0003	0.00528814
700000.0003	0.00540438
700000.0003	0.00535034
700000.0003	0.0055365
700000.0003	0.00561328
700000.0003	0.00577467
700000.0003	0.00592465
700000.0003	0.00610689
700000.0003	0.00647087
700000.0003	0.00663548
700000.0003	0.00680331
700000.0003	0.00727958
700000.0003	0.0075376
700000.0003	0.00780062
700000.0003	0.00844203
700000.0003	0.00907841
700000.0003	0.00980847
700000.0003	0.0106374
700000.0003	0.0117742
700000.0003	0.0132707
700000.0003	0.0154512
700000.0003	0.0180192
700000.0003	0.0212112
700000.0003	4.72742e-05
700000.0003	0.000180665
700000.0003	-0.000331555
700000.0003	1.67635e-05
700000.0003	-0.000926695
700000.0003	0.000950229
700000.0003	0.00325725
700000.0003	0.00166338
700000.0003	-9.72291e-05
700000.0003	0.00454333
700000.0003	0.00178586
700000.0003	0.000818465
700000.0003	0.0136923
700000.0003	0.00821566
700000.0003	0.0028706
700000.0003	0.00759496
700000.0003	0.00261241
700000.0003	0.00225789
700000.0003	0.000971207
700000.0003	-0.0132106
700000.0003	0.00301451
700000.0003	0.0112097
700000.0003	0.000415701
700000.0003	0.000845646
700000.0003	-0.0245445
700000.0003	-0.00252858
700000.0003	0.0223011
700000.0003	0.00935129
700000.0003	0.0141577
700000.0003	-0.0121426
700000.0003	0.00685894
700000.0003	-0.0121371
700000.0003	-0.00549684
700000.0003	0.0303099
700000.0003	0.0159106
700000.0003	-0.0253994
700000.0003	0.00756321
700000.0003	-0.00372758
700000.0003	0.0235182
700000.0003	-0.00117132
700000.0003	-0.0243028
700000.0003	0.0213878
700000.0003	-0.0132291
700000.0003	-0.0335331
700000.0003	-0.00883448
700000.0003	0.0193072
700000.0003	0.0380366
700000.0003	-0.0244421
700000.0003	0.00582691
700000.0003	0.0263103
700000.0003	0.0361366
700000.0003	-0.0542717
700000.0003	-0.0343753
700000.0003	0.0023251
700000.0003	-0.0049036
700000.0003	-0.0489724
700000.0003	-0.0112808
700000.0003	0.0231068
700000.0003	-0.0209207
700000.0003	1.84675e-05
700000.0003	-0.0334746
700000.0003	0.0287415
700000.0003	0.010706
700000.0003	0.0116402
700000.0003	-0.000679489
700000.0003	0.0131253
700000.0003	-0.00413308
700000.0003	0.0295459
700000.0003	0.0226399
700000.0003	-0.00459742
700000.0003	-0.00246639
700000.0003	-0.0011364
700000.0003	0.0108995
700000.0003	-0.0139225
700000.0003	0.00205625
700000.0003	-0.000797039
700000.0003	0.0302814
700000.0003	-0.0419435
700000.0003	-0.00450741
700000.0003	-0.0221605
700000.0003	0.0135893
700000.0003	0.00963155
700000.0003	0.054148
700000.0003	-0.0168188
700000.0003	-0.0369533
700000.0003	0.000493385
700000.0003	0.00029545
700000.0003	-0.00731354
700000.0003	0.0138597
700000.0003	0.00584803
700000.0003	0.0109191
700000.0003	-0.0105664
700000.0003	-0.0104918
700000.0003	-0.00323795
700000.0003	-0.0111652
700000.0003	-0.0178943
700000.0003	-0.0167641
700000.0003	-0.0145067
700000.0003	-0.0114582
700000.0003	-0.0439181
700000.0003	-0.00583302
700000.0003	-0.0503705
700000.0003	0.00775018
700000.0003	0.00965507
700000.0003	-0.0300639
700000.0003	0.05166
700000.0003	-0.000689314
700000.0003	-0.0493318
700000.0003	0.00786913
700000.0003	-0.0457831
700000.0003	-0.017
700000.0003	-0.0100665
700000.0003	-0.00204953
700000.0003	0.0250257
700000.0003	0.0720596
700000.0003	-0.0667209
700000.0003	-0.00190886
700000.0003	0.0065504
700000.0003	0.0298946
700000.0003	0.00855843
700000.0003	-0.0143514
700000.0003	0.0387058
700000.0003	0.0324187
700000.0003	-0.0375637
700000.0003	-0.0358197
700000.0003	0.00490949
700000.0003	0.0183567
700000.0003	0.014826
700000.0003	-0.0123397
700000.0003	0.00729355
700000.0003	0.0163559
700000.0003	-0.0283407
700000.0003	-0.00667935
700000.0003	-0.0324579
700000.0003	0.000750023
700000.0003	-0.00107966
700000.0003	-0.0206846
700000.0003	0.033295
700000.0003	-0.0219223
700000.0003	0.042028
700000.0003	-0.0146857
700000.0003	-0.0272192
700000.0003	-0.0338263
700000.0003	0.00176961
700000.0003	-0.00391718
700000.0003	-0.0121008
700000.0003	-0.0254512
700000.0003	0.036167
700000.0003	0.0182056
700000.0003	0.00197311
700000.0003	0.00844728
700000.0003	0.0055766
700000.0003	0.00808278
700000.0003	0.0131657
700000.0003	-0.0205362
700000.0003	-0.00351477
700000.0003	-0.025968
700000.0003	0.0125541
700000.0003	0.0262659
700000.0003	-0.0236099
700000.0003	0.0226845
700000.0003	-0.00566505
700000.0003	-0.0260129
700000.0003	-0.0270376
700000.0003	-0.00551161
700000.0003	0.00383448
700000.0003	0.0290432
700000.0003	0.00349304
700000.0003	-0.0169858
700000.0003	-0.0320094
700000.0003	0.0397931
700000.0003	-0.0298452
700000.0003	0.0237283
700000.0003	0.0159396
700000.0003	-0.0150111
700000.0003	0.00212303
700000.0003	-0.000532491
700000.0003	0.00740434
700000.0003	-0.0138567
700000.0003	0.0224834
700000.0003	-0.0274769
700000.0003	-0.00890425
700000.0003	-0.0144542
700000.0003	-0.0218814
700000.0003	0.0113184
700000.0003	0.0188117
700000.0003	-0.0296791
700000.0003	0.000726565
700000.0003	0.0183181
700000.0003	-0.00436039
700000.0003	-0.0132451
700000.0003	-0.0315413
700000.0003	0.0107334
700000.0003	-0.0221733
700000.0003	0.012808
700000.0003	-0.00786634
700000.0003	-0.0156319
700000.0003	0.00446511
700000.0003	-0.0150561
700000.0003	0.0110937
700000.0003	-0.0177509
700000.0003	-0.0121978
700000.0003	-0.00489557
700000.0003	0.0031928
700000.0003	-0.0162215
700000.0003	0.00323285
700000.0003	-0.0276865
700000.0003	-0.0189067
700000.0003	0.0140938
700000.0003	0.00544484
700000.0003	-0.00411673
700000.0003	-0.0100526
700000.0003	-0.00990694
700000.0003	-0.00616772
700000.0003	-0.00307548
700000.0003	-0.015469
700000.0003	-0.0163864
700000.0003	0.00715905
700000.0003	-0.00638637
700000.0003	-0.0117458
700000.0003	-0.00423165
700000.0003	0.0147569
700000.0003	0.00749581
700000.0003	0.0123331
700000.0003	0.00877653
700000.0003	-0.00512052
700000.0003	0.00874137
700000.0003	0.0153992
700000.0003	0.00363045
700000.0003	-0.0074954
700000.0003	0.0050806
700000.0003	0.00315127
700000.0003	0.0044731
700000.0003	-0.000441182
700000.0003	0.00193848
700000.0003	0.0109353
700000.0003	-0.000510991
700000.0003	0.0069584
700000.0003	-0.00168116
700000.0003	0.00881599
700000.0003	0.00348286
700000.0003	-0.00423819
700000.0003	-0.0106827
700000.0003	0.00226641
700000.0003	-2.88802e-05
700000.0003	-0.00349711
700000.0003	-0.00675416
700000.0003	0.00233999
700000.0003	-0.00299374
700000.0003	0.00070779
700000.0003	0.000113279
700000.0003	0.000342384
700000.0003	7.808e-05
700000.0003	0.00251097
700000.0003	0.000359533
700000.0003	-0.000961785
700000.0003	0.00307067
700000.0003	0.000439682
700000.0003	-0.000107869
700000.0003	0.000893367
700000.0003	0.000934647
700000.0003	0.000207028
700000.0003	0.00137851
700000.0003	-0.00385362
700000.0003	0.000798763
700000.0003	0.00221366
700000.0003	-0.000240177
700000.0003	-0.001863
700000.0003	-0.000162563
700000.0003	-0.000596333
700000.0003	-0.00038471
700000.0003	-0.000194079
700000.0003	-0.000253421
700000.0003	-8.11751e-05
700000.0003	-0.000192108
700000.0003	0.000744907
700000.0003	0.000196113
700000.0003	0.000611521
700000.0003	0.000471307
700000.0003	0.000188696
700000.0003	0.000654861
700000.0003	-4.57946e-05
700000.0003	8.15537e-05
700000.0003	0.000309754
700000.0003	-0.00029938
700000.0003	4.58869e-05
700000.0003	-7.36854e-05
700000.0003	-6.99379e-05
700000.0003	-0.000162663
700000.0003	2.27193e-05
700000.0003	5.62532e-05
700000.0003	1.87851e-05
700000.0003	2.35716e-05
700000.0003	1.98313e-05
700000.0003	-9.80353e-05
700000.0003	-5.07215e-05
700000.0003	-7.50124e-06
700000.0003	-1.81735e-05
700000.0003	-2.5018e-06
700000.0003	8.07558e-05
700000.0003	-2.3602e-05
700000.0003	-1.6539e-05
700000.0003	-2.50704e-05
700000.0003	-8.23906e-05
700000.0003	-5.75711e-05
700000.0003	-9.18829e-06
700000.0003	0.000114453
700000.0003	-2.43288e-05
700000.0003	3.22158e-06
700000.0003	6.94147e-06
700000.0003	1.90106e-05
700000.0003	-6.9231e-06
700000.0003	-6.4305e-06
700000.0003	-2.80316e-05
700000.0003	-4.67104e-05
700000.0003	-8.95874e-07
700000.0003	-1.51574e-06
700000.0003	4.9131e-05
700000.0003	5.806e-05
700000.0003	-9.83114e-06
700000.0003	-2.72848e-06
700000.0003	2.64693e-06
700000.0003	-1.44869e-05
700000.0003	1.60495e-05
700000.0003	1.03722e-05
700000.0003	-7.98544e-06
700000.0003	-1.5545e-05
700000.0003	-3.00416e-06
700000.0003	-2.38323e-05
700000.0003	2.08444e-05
700000.0003	2.08484e-05
700000.0003	-5.014e-06
700000.0003	2.10013e-05
700000.0003	3.16551e-05
700000.0003	-1.61216e-05
700000.0003	-9.66836e-08
700000.0003	4.4681e-05
700000.0003	-7.67485e-06
700000.0003	3.04382e-05
700000.0003	-2.75299e-05
700000.0003	-8.74544e-06
700000.0003	-2.1724e-05
700000.0003	5.18026e-05
700000.0003	-5.70132e-05
700000.0003	-3.6037e-05
700000.0003	-3.23201e-05
700000.0003	-2.82116e-05
700000.0003	2.13301e-05
700000.0003	4.08565e-05
700000.0003	-2.03393e-05
700000.0003	2.77954e-05
700000.0003	1.64458e-05
700000.0003	8.61415e-06
700000.0003	-6.97987e-06
700000.0003	-1.69277e-05
700000.0003	6.58417e-05
700000.0003	6.02024e-06
700000.0003	-2.26702e-05
700000.0003	2.02174e-05
700000.0003	-1.24452e-06
700000.0003	1.33825e-05
700000.0003	-4.06106e-05
700000.0003	3.42585e-05
700000.0003	-6.91205e-06
700000.0003	9.06984e-06
700000.0003	1.90647e-05
700000.0003	-3.98203e-05
700000.0003	-1.87827e-05
700000.0003	-5.20787e-07
700000.0003	2.98524e-05
700000.0003	3.57193e-05
700000.0003	-7.14798e-05
700000.0003	-3.09362e-05
700000.0003	-7.89449e-06
700000.0003	-3.41359e-05
700000.0003	8.7448e-05
700000.0003	4.08218e-05
700000.0003	-3.73876e-06
700000.0003	-8.75888e-06
700000.0003	9.37229e-05
700000.0003	-1.51976e-05
700000.0003	3.62601e-05
700000.0003	3.36204e-06
700000.0003	-5.84356e-05
700000.0003	-2.96678e-05
700000.0003	-1.05317e-05
700000.0003	-7.17863e-05
700000.0003	-0.000119636
700000.0003	9.76678e-05
700000.0003	-9.01318e-05
700000.0003	-3.88726e-05
700000.0003	-0.000131939
700000.0003	2.72265e-05
700000.0003	7.71641e-05
700000.0003	7.33277e-06
700000.0003	-5.69713e-05
700000.0003	-5.55214e-05
700000.0003	-0.000249021
700000.0003	-7.5384e-05
700000.0003	-0.000291914
700000.0003	0.00012214
700000.0003	0.000138559
700000.0003	-6.89509e-05
700000.0003	0.000105192
700000.0003	0.00170664
700000.0003	0.00113175
700000.0003	-0.00112882
700000.0003	-0.000862235
700000.0003	0.000143452
700000.0003	0.00112644
700000.0003	0.00282873
700000.0003	0.00222097
700000.0003	0.00382766
700000.0003	-0.00111163
700000.0003	9.06706e-05
700000.0003	-0.000320785
700000.0003	0.0139951
700000.0003	0.0151652
700000.0003	0.0028751
700000.0003	-0.0147677
700000.0003	0.0238038
700000.0003	0.00393783
700000.0003	0.00108438
700000.0003	0.0160296
700000.0003	-0.017448
700000.0003	0.031448
700000.0003	0.0218059
700000.0003	-0.00843041
700000.0003	0.0136116
700000.0003	0.00983658
700000.0003	0.0254134
700000.0003	-0.00811434
700000.0003	0.0163096
700000.0003	0.040816
700000.0003	0.00664593
700000.0003	-0.0287696
700000.0003	0.00612004
700000.0003	-0.0147065
700000.0003	0.0194068
700000.0003	-0.0109795
700000.0003	-0.0326903
700000.0003	0.0151253
700000.0003	-0.0182082
700000.0003	-0.0337297
700000.0003	-0.0272188
700000.0003	0.0235363
700000.0003	0.0338841
700000.0003	0.00733278
700000.0003	-0.0144042
700000.0003	0.0237131
700000.0003	0.022826
700000.0003	-0.0470526
700000.0003	-0.0399686
700000.0003	-0.00720812
700000.0003	-0.00602787
700000.0003	-0.0409112
700000.0003	-0.00205833
700000.0003	0.0330004
700000.0003	-0.00933508
700000.0003	-0.011208
700000.0003	-0.0473455
700000.0003	0.022739
700000.0003	0.0175646
700000.0003	0.0311067
700000.0003	-0.00688786
700000.0003	0.00946292
700000.0003	-0.00944184
700000.0003	0.0135796
700000.0003	0.0176452
700000.0003	0.00348561
700000.0003	-0.00114533
700000.0003	0.00718359
700000.0003	0.00010929
700000.0003	-0.0105743
700000.0003	0.00233508
700000.0003	0.00299795
700000.0003	0.032024
700000.0003	-0.0281248
700000.0003	-0.0153824
700000.0003	-0.0329162
700000.0003	-0.00135049
700000.0003	0.0128104
700000.0003	0.0611518
700000.0003	-0.00669025
700000.0003	-0.0411897
700000.0003	0.00669497
700000.0003	-0.00838935
700000.0003	-0.00925578
700000.0003	0.0235931
700000.0003	0.0150968
700000.0003	0.00223797
700000.0003	0.00540859
700000.0003	0.00760423
700000.0003	-0.000600341
700000.0003	-0.0135105
700000.0003	-0.0233863
700000.0003	-0.0262171
700000.0003	-0.0202048
700000.0003	-0.0259126
700000.0003	-0.0562159
700000.0003	-0.0134601
700000.0003	-0.0461561
700000.0003	0.00798382
700000.0003	0.000643805
700000.0003	-0.0220954
700000.0003	0.0412955
700000.0003	-0.00230986
700000.0003	-0.0441387
700000.0003	-0.00584669
700000.0003	-0.0424491
700000.0003	-0.0164542
700000.0003	-0.0296917
700000.0003	-0.00194574
700000.0003	0.0262093
700000.0003	0.0714485
700000.0003	-0.0606243
700000.0003	-0.00822042
700000.0003	0.0198186
700000.0003	0.0217048
700000.0003	0.0089498
700000.0003	-0.010449
700000.0003	0.04942
700000.0003	0.0275935
700000.0003	-0.0306425
700000.0003	-0.0248385
700000.0003	0.0177038
700000.0003	0.029595
700000.0003	0.0165049
700000.0003	-0.0143013
700000.0003	0.00522483
700000.0003	0.0243154
700000.0003	-0.0336466
700000.0003	-0.0109549
700000.0003	-0.0242485
700000.0003	0.0114427
700000.0003	0.00938202
700000.0003	-0.0260077
700000.0003	0.0414861
700000.0003	-0.0129984
700000.0003	0.0428742
700000.0003	-0.010838
700000.0003	-0.024173
700000.0003	-0.0270674
700000.0003	0.00451322
700000.0003	-0.00992609
700000.0003	-0.0019672
700000.0003	-0.031862
700000.0003	0.0341651
700000.0003	0.0207032
700000.0003	0.00807966
700000.0003	-0.00768272
700000.0003	-0.00353741
700000.0003	0.00503156
700000.0003	0.0116311
700000.0003	-0.0190779
700000.0003	-0.00262561
700000.0003	-0.0289603
700000.0003	0.00891276
700000.0003	0.0237882
700000.0003	-0.0280507
700000.0003	0.0285761
700000.0003	0.00325435
700000.0003	-0.0254444
700000.0003	-0.0300562
700000.0003	0.00450987
700000.0003	0.00819321
700000.0003	0.0380909
700000.0003	-0.00202626
700000.0003	-0.0225578
700000.0003	-0.0185639
700000.0003	0.0421582
700000.0003	-0.0228864
700000.0003	0.019904
700000.0003	0.0134311
700000.0003	-0.00707584
700000.0003	0.000947392
700000.0003	-0.000920748
700000.0003	0.00766731
700000.0003	-0.00664528
700000.0003	0.0312907
700000.0003	-0.0389149
700000.0003	-0.0114041
700000.0003	-0.00866512
700000.0003	-0.0204338
700000.0003	0.00556406
700000.0003	0.0118673
700000.0003	-0.021881
700000.0003	0.00479618
700000.0003	0.0079837
700000.0003	-0.0063516
700000.0003	-0.0211862
700000.0003	-0.0219731
700000.0003	0.00868866
700000.0003	-0.0252014
700000.0003	0.0116504
700000.0003	-0.00335823
700000.0003	-0.0219468
700000.0003	-0.00638895
700000.0003	-0.0146638
700000.0003	0.0117412
700000.0003	-0.0136104
700000.0003	-0.0079814
700000.0003	0.00169805
700000.0003	0.00385544
700000.0003	-0.0152219
700000.0003	-0.0108367
700000.0003	-0.0308572
700000.0003	-0.00485868
700000.0003	0.010034
700000.0003	0.00479831
700000.0003	-0.00675131
700000.0003	-0.00837638
700000.0003	-0.0131546
700000.0003	-0.00619666
700000.0003	-0.00591281
700000.0003	-0.0205217
700000.0003	-0.0167161
700000.0003	0.0104916
700000.0003	-0.00592356
700000.0003	-0.00413541
700000.0003	-0.00616531
700000.0003	0.0158731
700000.0003	0.00448107
700000.0003	0.0123022
700000.0003	0.00498729
700000.0003	-0.0055152
700000.0003	0.00301469
700000.0003	0.00608149
700000.0003	0.00153432
700000.0003	-0.00409721
700000.0003	-0.00434149
700000.0003	-0.000282769
700000.0003	-0.00429134
700000.0003	-0.00199697
700000.0003	0.00628911
700000.0003	0.00778637
700000.0003	-0.00843204
700000.0003	0.0106686
700000.0003	-0.00755483
700000.0003	0.0112797
700000.0003	0.00844282
700000.0003	-0.0035661
700000.0003	-0.0017887
700000.0003	-0.00320943
700000.0003	0.000416845
700000.0003	0.00369945
700000.0003	-0.00602224
700000.0003	-0.000259474
700000.0003	-0.00508486
700000.0003	0.00123285
700000.0003	-0.00121242
700000.0003	-0.000238388
700000.0003	0.000575534
700000.0003	0.000181323
700000.0003	0.000815756
700000.0003	-0.000870605
700000.0003	-0.0029386
700000.0003	0.00126031
700000.0003	-0.00132552
700000.0003	-0.000803291
700000.0003	-0.000473767
700000.0003	-0.00227888
700000.0003	0.00156744
700000.0003	-2.77934e-05
700000.0003	-0.00140339
700000.0003	-0.000118154
700000.0003	0.000225341
700000.0003	-0.000358023
700000.0003	-0.000343981
700000.0003	-0.000166485
700000.0003	-7.41879e-05
700000.0003	-0.00176534
700000.0003	-0.000378454
700000.0003	0.000590282
700000.0003	0.000357705
700000.0003	0.000422765
700000.0003	-0.000207833
700000.0003	4.63633e-05
700000.0003	3.80869e-05
700000.0003	6.23454e-05
700000.0003	-0.000162367
700000.0003	2.56582e-05
700000.0003	-6.58812e-05
700000.0003	2.58876e-07
700000.0003	-0.000228381
700000.0003	1.5249e-05
700000.0003	2.50279e-05
700000.0003	-6.58083e-05
700000.0003	-3.90164e-05
700000.0003	0.000235898
700000.0003	-0.000228071
700000.0003	-6.40726e-06
700000.0003	7.14421e-05
700000.0003	-3.30322e-05
700000.0003	-6.513e-05
700000.0003	-4.16275e-05
700000.0003	1.78819e-05
700000.0003	9.89269e-05
700000.0003	6.99184e-05
700000.0003	-1.52861e-05
700000.0003	4.2593e-05
700000.0003	-4.16899e-06
700000.0003	2.93944e-05
700000.0003	0.000115366
700000.0003	3.47664e-05
700000.0003	2.18591e-05
700000.0003	-4.15099e-05
700000.0003	-5.72292e-05
700000.0003	1.19696e-05
700000.0003	-1.71527e-05
700000.0003	2.77676e-05
700000.0003	-6.21775e-06
700000.0003	9.05054e-06
700000.0003	-2.77243e-05
700000.0003	6.13592e-05
700000.0003	2.35311e-05
700000.0003	4.46545e-05
700000.0003	-2.41197e-05
700000.0003	-4.65614e-05
700000.0003	3.84248e-05
700000.0003	8.75661e-05
700000.0003	2.42917e-05
700000.0003	-2.40638e-06
700000.0003	3.77884e-05
700000.0003	1.98491e-07
700000.0003	-9.30125e-06
700000.0003	-2.75536e-05
700000.0003	6.77023e-05
700000.0003	8.15231e-05
700000.0003	1.01786e-05
700000.0003	-5.01622e-06
700000.0003	0.000104775
700000.0003	3.37757e-06
700000.0003	4.78631e-05
700000.0003	2.34978e-05
700000.0003	5.35344e-06
700000.0003	-2.49993e-05
700000.0003	1.4938e-05
700000.0003	3.57598e-06
700000.0003	-2.42578e-05
700000.0003	-1.44487e-05
700000.0003	6.13227e-05
700000.0003	3.90732e-05
700000.0003	3.48865e-05
700000.0003	1.27942e-05
700000.0003	-4.56945e-05
700000.0003	6.35186e-05
700000.0003	-1.79357e-05
700000.0003	-2.18062e-05
700000.0003	-4.49193e-05
700000.0003	-1.12994e-05
700000.0003	2.75779e-05
700000.0003	3.73622e-05
700000.0003	-1.61893e-07
700000.0003	2.22867e-05
700000.0003	-1.073e-05
700000.0003	5.72923e-06
700000.0003	4.48434e-05
700000.0003	-5.40253e-06
700000.0003	-4.65221e-06
700000.0003	-2.38629e-05
700000.0003	7.47578e-05
700000.0003	2.04659e-05
700000.0003	4.04412e-05
700000.0003	2.29811e-06
700000.0003	3.68198e-05
700000.0003	-2.45685e-05
700000.0003	-4.84739e-06
700000.0003	-6.52531e-05
700000.0003	-1.99475e-05
700000.0003	-2.85397e-05
700000.0003	-4.49397e-05
700000.0003	-0.000112
700000.0003	-7.50067e-05
700000.0003	-5.15746e-06
700000.0003	-7.31686e-05
700000.0003	3.18427e-05
700000.0003	-2.77469e-05
700000.0003	3.20793e-05
700000.0003	-1.34301e-05
700000.0003	-4.29611e-05
700000.0003	-0.000126458
700000.0003	-2.65041e-05
700000.0003	-1.01569e-05
700000.0003	6.29873e-05
700000.0003	5.4551e-05
700000.0003	5.62828e-05
700000.0003	5.53483e-05
700000.0003	0.000106154
700000.0003	6.23437e-05
700000.0003	-0.000153155
700000.0003	0.000158443
700000.0003	-0.000192671
700000.0003	-1.67683e-05
700000.0003	-0.000223118
700000.0003	-5.89272e-05
700000.0003	7.49198e-05
700000.0003	-5.34661e-05
700000.0003	0.000329902
700000.0003	-9.05518e-05
700000.0003	0.0180655
700000.0003	0.0239553
700000.0003	0.0366842
700000.0003	0.059959
700000.0003	0.100349
700000.0003	0.167924
700000.0003	0.267695
700000.0003	0.409492
700000.0003	0.604993
700000.0003	0.875305
700000.0003	1.24487
700000.0003	1.76191
700000.0003	2.44212
700000.0003	3.33714
700000.0003	4.4644
700000.0003	5.83847
700000.0003	7.43316
700000.0003	9.26754
700000.0003	11.2888
700000.0003	13.3601
700000.0003	15.3132
700000.0003	16.9233
700000.0003	18.2479
700000.0003	19.0243
700000.0003	19.4974
700000.0003	19.7367
700000.0003	19.7746
700000.0003	19.5058
700000.0003	19.3298
700000.0003	19.0405
700000.0003	18.8423
700000.0003	18.4218
700000.0003	18.1961
700000.0003	17.9599
700000.0003	17.7291
700000.0003	17.4861
700000.0003	17.1854
700000.0003	16.899
700000.0003	16.7018
700000.0003	16.2768
700000.0003	16.072
700000.0003	15.5819
700000.0003	15.3728
700000.0003	15.0299
700000.0003	14.8516
700000.0003	14.6873
700000.0003	14.4527
700000.0003	14.2641
700000.0003	14.0583
700000.0003	13.8466
700000.0003	13.7341
700000.0003	13.6091
700000.0003	13.4964
700000.0003	13.3401
700000.0003	13.152
700000.0003	13.0358
700000.0003	12.9569
700000.0003	12.8597
700000.0003	12.7712
700000.0003	12.6764
700000.0003	12.5972
700000.0003	12.4157
700000.0003	12.4624
700000.0003	12.3178
700000.0003	12.1555
700000.0003	12.1675
700000.0003	12.2063
700000.0003	12.0414
700000.0003	11.9958
700000.0003	11.8715
700000.0003	11.8793
700000.0003	11.9028
700000.0003	11.71
700000.0003	11.6207
700000.0003	11.6857
700000.0003	11.5889
700000.0003	11.555
700000.0003	11.4557
700000.0003	11.5645
700000.0003	11.4533
700000.0003	11.3935
700000.0003	11.4167
700000.0003	11.2894
700000.0003	11.4111
700000.0003	11.24
700000.0003	11.204
700000.0003	11.1371
700000.0003	11.1782
700000.0003	11.1887
700000.0003	11.174
700000.0003	11.1454
700000.0003	11.077
700000.0003	11.0307
700000.0003	11.0821
700000.0003	11.0321
700000.0003	11.0553
700000.0003	11.0178
700000.0003	11.0102
700000.0003	10.9116
700000.0003	10.9323
700000.0003	10.8847
700000.0003	10.9701
700000.0003	10.8767
700000.0003	10.8704
700000.0003	10.8826
700000.0003	10.8683
700000.0003	10.8321
700000.0003	10.8
700000.0003	10.782
700000.0003	10.7877
700000.0003	10.8123
700000.0003	10.7894
700000.0003	10.8185
700000.0003	10.7332
700000.0003	10.6985
700000.0003	10.7473
700000.0003	10.7145
700000.0003	10.7549
700000.0003	10.7752
700000.0003	10.6601
700000.0003	10.7736
700000.0003	10.7195
700000.0003	10.8028
700000.0003	10.7643
700000.0003	10.7092
700000.0003	10.6247
700000.0003	10.6555
700000.0003	10.5828
700000.0003	10.6031
700000.0003	10.6399
700000.0003	10.6634
700000.0003	10.6429
700000.0003	10.6405
700000.0003	10.6253
700000.0003	10.668
700000.0003	10.6571
700000.0003	10.635
700000.0003	10.5924
700000.0003	10.6878
700000.0003	10.6375
700000.0003	10.5764
700000.0003	10.6862
700000.0003	10.6112
700000.0003	10.5915
700000.0003	10.6235
700000.0003	10.6734
700000.0003	10.5702
700000.0003	10.6419
700000.0003	10.5207
700000.0003	10.4938
700000.0003	10.5461
700000.0003	10.41
700000.0003	10.4778
700000.0003	10.4204
700000.0003	10.4279
700000.0003	10.3904
700000.0003	10.3354
700000.0003	10.3199
700000.0003	10.3211
700000.0003	10.2519
700000.0003	10.1884
700000.0003	10.1996
700000.0003	10.0834
700000.0003	10.0865
700000.0003	10.0861
700000.0003	9.99566
700000.0003	9.88958
700000.0003	9.85825
700000.0003	9.77572
700000.0003	9.78732
700000.0003	9.73849
700000.0003	9.75905
700000.0003	9.63058
700000.0003	9.52307
700000.0003	9.45328
700000.0003	9.45814
700000.0003	9.37811
700000.0003	9.29315
700000.0003	9.25245
700000.0003	9.16479
700000.0003	9.09573
700000.0003	9.04271
700000.0003	8.99908
700000.0003	8.91
700000.0003	8.85735
700000.0003	8.72835
700000.0003	8.66912
700000.0003	8.5771
700000.0003	8.60078
700000.0003	8.46567
700000.0003	8.41293
700000.0003	8.32972
700000.0003	8.24565
700000.0003	8.11094
700000.0003	8.10355
700000.0003	7.96949
700000.0003	7.96351
700000.0003	7.88288
700000.0003	7.76076
700000.0003	7.67224
700000.0003	7.64769
700000.0003	7.48042
700000.0003	7.4856
700000.0003	7.36236
700000.0003	7.30097
700000.0003	7.23776
700000.0003	7.12985
700000.0003	7.04621
700000.0003	7.01274
700000.0003	6.93518
700000.0003	6.8302
700000.0003	6.77265
700000.0003	6.68813
700000.0003	6.56926
700000.0003	6.52834
700000.0003	6.46021
700000.0003	6.40218
700000.0003	6.32175
700000.0003	6.23483
700000.0003	6.19503
700000.0003	6.12135
700000.0003	6.08464
700000.0003	6.02761
700000.0003	5.97334
700000.0003	5.91563
700000.0003	5.86784
700000.0003	5.80233
700000.0003	5.76588
700000.0003	5.72541
700000.0003	5.70477
700000.0003	5.66853
700000.0003	5.62975
700000.0003	5.62319
700000.0003	5.58048
700000.0003	5.54392
700000.0003	5.46154
700000.0003	5.44009
700000.0003	5.36516
700000.0003	5.30059
700000.0003	5.21434
700000.0003	5.10921
700000.0003	4.98179
700000.0003	4.83947
700000.0003	4.66758
700000.0003	4.47069
700000.0003	4.26261
700000.0003	4.02483
700000.0003	3.7867
700000.0003	3.54287
700000.0003	3.28576
700000.0003	3.03599
700000.0003	2.80007
700000.0003	2.55193
700000.0003	2.33644
700000.0003	2.122
700000.0003	1.9264
700000.0003	1.74683
700000.0003	1.57593
700000.0003	1.42336
700000.0003	1.2822
700000.0003	1.14922
700000.0003	1.03395
700000.0003	0.923563
700000.0003	0.825457
700000.0003	0.732929
700000.0003	0.652616
700000.0003	0.57528
700000.0003	0.506565
700000.0003	0.446221
700000.0003	0.390814
700000.0003	0.339921
700000.0003	0.296185
700000.0003	0.255167
700000.0003	0.219177
700000.0003	0.187967
700000.0003	0.160848
700000.0003	0.136987
700000.0003	0.115497
700000.0003	0.097258
700000.0003	0.0823537
700000.0003	0.0686342
700000.0003	0.0579888
700000.0003	0.0482844
700000.0003	0.0406506
700000.0003	0.0341489
700000.0003	0.028376
700000.0003	0.0238524
700000.0003	0.0200382
700000.0003	0.0172226
700000.0003	0.0146148
700000.0003	0.0123571
700000.0003	0.0108821
700000.0003	0.00941864
700000.0003	0.00838925
700000.0003	0.00747704
700000.0003	0.0068191
700000.0003	0.00619943
700000.0003	0.00584676
700000.0003	0.00547404
700000.0003	0.0052646
700000.0003	0.00510974
700000.0003	0.00493956
700000.0003	0.00496027
700000.0003	0.00480832
700000.0003	0.00479364
700000.0003	0.00460671
700000.0003	0.00459979
700000.0003	0.00460996
700000.0003	0.00447079
700000.0003	0.00445322
700000.0003	0.00447879
700000.0003	0.0044412
700000.0003	0.00441472
700000.0003	0.0043821
700000.0003	0.00434994
700000.0003	0.00427813
700000.0003	0.00426086
700000.0003	0.00424887
700000.0003	0.00420184
700000.0003	0.00421826
700000.0003	0.00418682
700000.0003	0.0041666
700000.0003	0.0041841
700000.0003	0.00420655
700000.0003	0.00412069
700000.0003	0.00413082
700000.0003	0.00413835
700000.0003	0.00412925
700000.0003	0.00410349
700000.0003	0.0041423
700000.0003	0.00410238
700000.0003	0.00411197
700000.0003	0.00415456
700000.0003	0.00413209
700000.0003	0.00409183
700000.0003	0.00410899
700000.0003	0.0041148
700000.0003	0.0040958
700000.0003	0.00406082
700000.0003	0.00411141
700000.0003	0.0041103
700000.0003	0.00407352
700000.0003	0.00411107
700000.0003	0.00410468
700000.0003	0.0041277
700000.0003	0.00414756
700000.0003	0.00413613
700000.0003	0.00418294
700000.0003	0.00416622
700000.0003	0.00409675
700000.0003	0.00408659
700000.0003	0.00416686
700000.0003	0.00416252
700000.0003	0.00419059
700000.0003	0.00419609
700000.0003	0.00416955
700000.0003	0.00416727
700000.0003	0.00427233
700000.0003	0.00423287
700000.0003	0.00421082
700000.0003	0.00430662
700000.0003	0.0043347
700000.0003	0.00434792
700000.0003	0.0043415
700000.0003	0.00436992
700000.0003	0.00438445
700000.0003	0.00443773
700000.0003	0.00439813
700000.0003	0.00455238
700000.0003	0.00452708
700000.0003	0.00458409
700000.0003	0.00462438
700000.0003	0.00467422
700000.0003	0.00477064
700000.0003	0.00482235
700000.0003	0.00489557
700000.0003	0.00498573
700000.0003	0.00502495
700000.0003	0.00516072
700000.0003	0.00524019
700000.0003	0.00536247
700000.0003	0.00549557
700000.0003	0.00565883
700000.0003	0.00594844
700000.0003	0.00607162
700000.0003	0.0063725
700000.0003	0.00654681
700000.0003	0.00686805
700000.0003	0.00736136
700000.0003	0.00757186
700000.0003	0.00807284
700000.0003	0.00858589
700000.0003	0.0092955
700000.0003	0.00989136
700000.0003	0.0106169
700000.0003	0.0117742
700000.0003	0.0129758
700000.0003	0.0140185
700000.0003	0.015348
700000.0003	0.0166074
