700000.0003	1470469
700000.0003	1466501
700000.0003	1470482
700000.0003	1477915
700000.0003	1488620
700000.0003	1489252
700000.0003	1476287
700000.0003	1449766
700000.0003	1418227
700000.0003	1394544
700000.0003	1384830
700000.0003	1384707
700000.0003	1376787
700000.0003	1343669
700000.0003	1270775
700000.0003	1162565
700000.0003	1034715
700000.0003	901268
700000.0003	777350
700000.0003	669034
700000.0003	575510
700000.0003	495522
700000.0003	432298
700000.0003	373678
700000.0003	327779
700000.0003	290285
700000.0003	259280
700000.0003	233474
700000.0003	211104
700000.0003	193827
700000.0003	180367
700000.0003	167551
700000.0003	157767
700000.0003	149882
700000.0003	143550
700000.0003	137669
700000.0003	132728
700000.0003	129193
700000.0003	125619
700000.0003	123758
700000.0003	121913
700000.0003	120497
700000.0003	118892
700000.0003	117811
700000.0003	116631
700000.0003	115785
700000.0003	114167
700000.0003	112847
700000.0003	112424
700000.0003	111238
700000.0003	110875
700000.0003	110504
700000.0003	109397
700000.0003	109486
700000.0003	108196
700000.0003	107759
700000.0003	107976
700000.0003	106873
700000.0003	106112
700000.0003	105605
700000.0003	105678
700000.0003	105188
700000.0003	104042
700000.0003	103712
700000.0003	104255
700000.0003	103291
700000.0003	103480
700000.0003	103314
700000.0003	102143
700000.0003	101993
700000.0003	101698
700000.0003	101561
700000.0003	101755
700000.0003	101353
700000.0003	101236
700000.0003	100971
700000.0003	100564
700000.0003	100837
700000.0003	100075
700000.0003	100507
700000.0003	100040
700000.0003	100051
700000.0003	99919
700000.0003	99512
700000.0003	99747
700000.0003	99121
700000.0003	98744
700000.0003	98991
700000.0003	98787
700000.0003	98715
700000.0003	99034
700000.0003	98649
700000.0003	98700
700000.0003	98999
700000.0003	98271
700000.0003	98657
700000.0003	97923
700000.0003	98133
700000.0003	97067
700000.0003	98100
700000.0003	98464
700000.0003	97962
700000.0003	97211
700000.0003	97591
700000.0003	97961
700000.0003	98390
700000.0003	97657
700000.0003	97846
700000.0003	97485
700000.0003	96929
700000.0003	97333
700000.0003	97037
700000.0003	97734
700000.0003	97314
700000.0003	96829
700000.0003	97965
700000.0003	97236
700000.0003	96615
700000.0003	97340
700000.0003	96424
700000.0003	97462
700000.0003	96862
700000.0003	96437
700000.0003	96936
700000.0003	97235
700000.0003	96238
700000.0003	96792
700000.0003	96570
700000.0003	96721
700000.0003	96221
700000.0003	97788
700000.0003	96978
700000.0003	96613
700000.0003	96680
700000.0003	96418
700000.0003	96814
700000.0003	96880
700000.0003	96919
700000.0003	96960
700000.0003	97396
700000.0003	96805
700000.0003	97561
700000.0003	96751
700000.0003	97043
700000.0003	97131
700000.0003	97632
700000.0003	98012
700000.0003	97561
700000.0003	97253
700000.0003	98434
700000.0003	98954
700000.0003	99019
700000.0003	99346
700000.0003	98906
700000.0003	99159
700000.0003	100088
700000.0003	100179
700000.0003	100603
700000.0003	100997
700000.0003	101085
700000.0003	101454
700000.0003	102954
700000.0003	102931
700000.0003	103139
700000.0003	103478
700000.0003	104766
700000.0003	105484
700000.0003	105921
700000.0003	106750
700000.0003	107562
700000.0003	108026
700000.0003	109042
700000.0003	109539
700000.0003	110414
700000.0003	111825
700000.0003	111742
700000.0003	113326
700000.0003	114573
700000.0003	115038
700000.0003	115848
700000.0003	117505
700000.0003	118695
700000.0003	120179
700000.0003	120815
700000.0003	122399
700000.0003	123093
700000.0003	124608
700000.0003	126328
700000.0003	127608
700000.0003	129255
700000.0003	130636
700000.0003	131913
700000.0003	133169
700000.0003	135570
700000.0003	137559
700000.0003	138812
700000.0003	140947
700000.0003	142230
700000.0003	144959
700000.0003	146965
700000.0003	148780
700000.0003	151027
700000.0003	154345
700000.0003	155741
700000.0003	158228
700000.0003	160957
700000.0003	164260
700000.0003	166700
700000.0003	169631
700000.0003	173105
700000.0003	176166
700000.0003	180312
700000.0003	183871
700000.0003	187242
700000.0003	192044
700000.0003	195577
700000.0003	200297
700000.0003	204630
700000.0003	209349
700000.0003	214964
700000.0003	220371
700000.0003	227027
700000.0003	233204
700000.0003	240514
700000.0003	246464
700000.0003	254868
700000.0003	264196
700000.0003	273047
700000.0003	283944
700000.0003	294404
700000.0003	306984
700000.0003	320465
700000.0003	335748
700000.0003	352505
700000.0003	370376
700000.0003	389729
700000.0003	413178
700000.0003	436179
700000.0003	464669
700000.0003	492379
700000.0003	525750
700000.0003	562130
700000.0003	600217
700000.0003	640507
700000.0003	684747
700000.0003	730049
700000.0003	779035
700000.0003	827546
700000.0003	874793
700000.0003	926382
700000.0003	973255
700000.0003	1019305
700000.0003	1059786
700000.0003	1103680
700000.0003	1140167
700000.0003	1173537
700000.0003	1204016
700000.0003	1229902
700000.0003	1255171
700000.0003	1274733
700000.0003	1293419
700000.0003	1309838
700000.0003	1328527
700000.0003	1339680
700000.0003	1350690
700000.0003	1362528
700000.0003	1374946
700000.0003	1383391
700000.0003	1390189
700000.0003	1396506
700000.0003	1405331
700000.0003	1408680
700000.0003	1415985
700000.0003	1419683
700000.0003	1422446
700000.0003	1431040
700000.0003	1431541
700000.0003	1436431
700000.0003	1438083
700000.0003	1439508
700000.0003	1440449
700000.0003	1446835
700000.0003	1445077
700000.0003	1449326
700000.0003	1451137
700000.0003	1450709
700000.0003	1454180
700000.0003	1453691
700000.0003	1451106
700000.0003	1454999
700000.0003	1457860
700000.0003	1457893
700000.0003	1455889
700000.0003	1458592
700000.0003	1457825
700000.0003	1457153
700000.0003	1456548
700000.0003	1458123
700000.0003	1460169
700000.0003	1459872
700000.0003	1460030
700000.0003	1457086
700000.0003	1459221
700000.0003	1458411
700000.0003	1458370
700000.0003	1460952
700000.0003	1459396
700000.0003	1460800
700000.0003	1460724
700000.0003	1459568
700000.0003	1459198
700000.0003	1458200
700000.0003	1460542
700000.0003	1461641
700000.0003	1460961
700000.0003	1460614
700000.0003	1461748
700000.0003	1462095
700000.0003	1459136
700000.0003	1460294
700000.0003	1460536
700000.0003	1463829
700000.0003	1461556
700000.0003	1462928
700000.0003	1461301
700000.0003	1462329
700000.0003	1461980
700000.0003	1461892
700000.0003	1462264
700000.0003	1462613
700000.0003	1464043
700000.0003	1465005
700000.0003	1463609
700000.0003	1460960
700000.0003	1463840
700000.0003	1463859
700000.0003	1465243
700000.0003	1463673
700000.0003	1465174
700000.0003	1465280
700000.0003	1465717
700000.0003	1464197
700000.0003	1464417
700000.0003	1465947
700000.0003	1465186
700000.0003	1467559
700000.0003	1465603
700000.0003	1466692
700000.0003	1466559
700000.0003	1467373
700000.0003	1465808
700000.0003	1466784
700000.0003	1468840
700000.0003	1468451
700000.0003	1467478
700000.0003	1469350
700000.0003	1467620
700000.0003	1469772
700000.0003	1468661
700000.0003	1469329
700000.0003	1470796
700000.0003	1470207
700000.0003	1468487
700000.0003	1471201
700000.0003	1472393
700000.0003	1470147
700000.0003	1471985
700000.0003	1472225
700000.0003	1472807
700000.0003	1471348
700000.0003	1472659
700000.0003	1471872
700000.0003	1475158
700000.0003	1476405
700000.0003	1473530
700000.0003	1474900
700000.0003	1476792
700000.0003	1473122
700000.0003	1473718
700000.0003	1477315
700000.0003	1478679
700000.0003	1480370
700000.0003	1480418
700000.0003	1477115
700000.0003	1478412
700000.0003	1476616
700000.0003	1476641
700000.0003	1479708
700000.0003	1486252
700000.0003	1486855
700000.0003	1486312
700000.0003	1480921
700000.0003	1477586
700000.0003	1477059
700000.0003	1479670
700000.0003	1484012
700000.0003	1486943
700000.0003	1494057
700000.0003	1490795
700000.0003	1479984
