700000.0003	64.1751
700000.0003	114.557
700000.0003	193.814
700000.0003	313.778
700000.0003	481.9
700000.0003	700.264
700000.0003	961.635
700000.0003	1259.14
700000.0003	1589.04
700000.0003	1966.12
700000.0003	2396.62
700000.0003	2861.28
700000.0003	3308.08
700000.0003	3642.24
700000.0003	3812.6
700000.0003	3730.79
700000.0003	3452.42
700000.0003	3046.42
700000.0003	2587.7
700000.0003	2142.01
700000.0003	1731.76
700000.0003	1367.06
700000.0003	1059.27
700000.0003	810.481
700000.0003	611.136
700000.0003	462.625
700000.0003	348.502
700000.0003	264.284
700000.0003	200.65
700000.0003	151.029
700000.0003	118.483
700000.0003	88.2407
700000.0003	70.0192
700000.0003	56.3756
700000.0003	43.2384
700000.0003	34.9205
700000.0003	28.1628
700000.0003	22.3448
700000.0003	17.6109
700000.0003	14.6863
700000.0003	10.7969
700000.0003	8.53299
700000.0003	7.41479
700000.0003	6.67474
700000.0003	4.50322
700000.0003	5.01327
700000.0003	5.92771
700000.0003	4.05081
700000.0003	4.11907
700000.0003	3.37805
700000.0003	4.29263
700000.0003	4.31632
700000.0003	3.4119
700000.0003	1.89985
700000.0003	3.08096
700000.0003	1.93871
700000.0003	2.90823
700000.0003	2.7151
700000.0003	1.97484
700000.0003	2.30476
700000.0003	2.34461
700000.0003	1.70304
700000.0003	2.20953
700000.0003	3.01561
700000.0003	1.67039
700000.0003	1.73128
700000.0003	1.09744
700000.0003	0.663134
700000.0003	1.86424
700000.0003	1.1832
700000.0003	1.35336
700000.0003	0.212741
700000.0003	1.28376
700000.0003	0.488119
700000.0003	0.558242
700000.0003	-0.0370382
700000.0003	0.158865
700000.0003	1.27314
700000.0003	0.455916
700000.0003	1.0563
700000.0003	0.461434
700000.0003	1.22183
700000.0003	0.835723
700000.0003	0.38551
700000.0003	-0.459651
700000.0003	2.07016
700000.0003	-0.0949544
700000.0003	0.343509
700000.0003	0.875714
700000.0003	0.695243
700000.0003	1.01855
700000.0003	0.66633
700000.0003	1.32831
700000.0003	0.719951
700000.0003	0.088378
700000.0003	0.765715
700000.0003	-0.0592178
700000.0003	0.241778
700000.0003	0.475939
700000.0003	-0.287734
700000.0003	-1.12716
700000.0003	0.491089
700000.0003	0.753627
700000.0003	0.207956
700000.0003	-0.167009
700000.0003	1.44481
700000.0003	0.0796683
700000.0003	0.366895
700000.0003	0.109747
700000.0003	-0.244365
700000.0003	0.23587
700000.0003	-0.369944
700000.0003	0.646113
700000.0003	-0.414755
700000.0003	0.341343
700000.0003	0.995643
700000.0003	0.734242
700000.0003	-0.356407
700000.0003	-1.46181
700000.0003	0.134082
700000.0003	0.976398
700000.0003	0.269925
700000.0003	0.226574
700000.0003	0.100522
700000.0003	0.33284
700000.0003	-0.22714
700000.0003	0.284717
700000.0003	-1.32925
700000.0003	-0.230778
700000.0003	0.172656
700000.0003	-0.121255
700000.0003	0.652668
700000.0003	-0.00540416
700000.0003	0.437979
700000.0003	0.19166
700000.0003	0.534539
700000.0003	0.136703
700000.0003	0.250417
700000.0003	-0.620683
700000.0003	-1.07315
700000.0003	-0.56647
700000.0003	-0.643108
700000.0003	-0.228623
700000.0003	-0.949356
700000.0003	0.170225
700000.0003	-0.527452
700000.0003	-1.28692
700000.0003	-0.238569
700000.0003	0.0342744
700000.0003	-0.660584
700000.0003	-1.57463
700000.0003	-0.776505
700000.0003	-1.32149
700000.0003	-0.546648
700000.0003	-1.85691
700000.0003	-0.844781
700000.0003	-0.905632
700000.0003	-1.417
700000.0003	-0.745892
700000.0003	-2.02803
700000.0003	-1.21475
700000.0003	-1.2824
700000.0003	-1.73644
700000.0003	-3.09881
700000.0003	-2.71656
700000.0003	-2.31932
700000.0003	-2.60273
700000.0003	-2.30328
700000.0003	-2.19098
700000.0003	-3.38952
700000.0003	-3.63616
700000.0003	-3.45493
700000.0003	-3.64574
700000.0003	-1.60825
700000.0003	-3.36752
700000.0003	-3.03809
700000.0003	-2.04208
700000.0003	-2.60583
700000.0003	-4.50161
700000.0003	-4.36391
700000.0003	-5.59709
700000.0003	-5.12656
700000.0003	-6.48519
700000.0003	-4.69683
700000.0003	-5.73395
700000.0003	-4.53348
700000.0003	-5.21113
700000.0003	-4.9345
700000.0003	-5.68756
700000.0003	-5.21662
700000.0003	-6.84811
700000.0003	-6.49701
700000.0003	-7.01959
700000.0003	-7.2427
700000.0003	-6.49175
700000.0003	-7.49475
700000.0003	-9.85745
700000.0003	-8.18735
700000.0003	-9.27662
700000.0003	-10.1675
700000.0003	-10.0197
700000.0003	-9.77651
700000.0003	-10.6268
700000.0003	-10.4954
700000.0003	-11.7344
700000.0003	-12.7723
700000.0003	-13.1626
700000.0003	-14.8268
700000.0003	-14.8257
700000.0003	-16.5845
700000.0003	-16.5067
700000.0003	-17.5155
700000.0003	-18.9334
700000.0003	-19.7638
700000.0003	-22.6546
700000.0003	-22.8088
700000.0003	-24.8168
700000.0003	-27.3467
700000.0003	-29.8778
700000.0003	-32.8127
700000.0003	-37.2592
700000.0003	-38.0874
700000.0003	-43.1713
700000.0003	-49.0389
700000.0003	-54.085
700000.0003	-59.8062
700000.0003	-68.3475
700000.0003	-76.863
700000.0003	-87.2119
700000.0003	-101.841
700000.0003	-115.358
700000.0003	-134.375
700000.0003	-155.949
700000.0003	-182.374
700000.0003	-212.492
700000.0003	-248.833
700000.0003	-289.509
700000.0003	-335.703
700000.0003	-390.248
700000.0003	-452.872
700000.0003	-523.666
700000.0003	-599.976
700000.0003	-684.014
700000.0003	-772.017
700000.0003	-866.14
700000.0003	-971.421
700000.0003	-1061.71
700000.0003	-1160.67
700000.0003	-1246.32
700000.0003	-1333.85
700000.0003	-1400.29
700000.0003	-1449.7
700000.0003	-1487.62
700000.0003	-1509.63
700000.0003	-1514.9
700000.0003	-1500.75
700000.0003	-1475.14
700000.0003	-1435.03
700000.0003	-1392.34
700000.0003	-1333.19
700000.0003	-1273.76
700000.0003	-1210.03
700000.0003	-1140.77
700000.0003	-1072.9
700000.0003	-1005.95
700000.0003	-937.804
700000.0003	-868.341
700000.0003	-802.446
700000.0003	-734.219
700000.0003	-673.687
700000.0003	-615.276
700000.0003	-551.102
700000.0003	-497.811
700000.0003	-442.938
700000.0003	-396.189
700000.0003	-348.503
700000.0003	-307.023
700000.0003	-266.184
700000.0003	-235.143
700000.0003	-204.926
700000.0003	-177.023
700000.0003	-154.321
700000.0003	-135.941
700000.0003	-119.761
700000.0003	-104.501
700000.0003	-93.5808
700000.0003	-84.9459
700000.0003	-75.1137
700000.0003	-70.8804
700000.0003	-63.8911
700000.0003	-59.4751
700000.0003	-57.362
700000.0003	-53.5393
700000.0003	-51.1429
700000.0003	-49.7233
700000.0003	-47.3748
700000.0003	-45.5677
700000.0003	-45.4902
700000.0003	-44.1685
700000.0003	-42.2801
700000.0003	-42.321
700000.0003	-41.6668
700000.0003	-41.0554
700000.0003	-41.1629
700000.0003	-42.2535
700000.0003	-41.6806
700000.0003	-41.4249
700000.0003	-40.8583
700000.0003	-41.0812
700000.0003	-42.0543
700000.0003	-41.8743
700000.0003	-41.6417
700000.0003	-41.845
700000.0003	-40.8842
700000.0003	-41.4435
700000.0003	-41.9432
700000.0003	-41.8088
700000.0003	-40.5681
700000.0003	-40.186
700000.0003	-40.377
700000.0003	-40.619
700000.0003	-40.2528
700000.0003	-41.0956
700000.0003	-40.5733
700000.0003	-39.8232
700000.0003	-40.0385
700000.0003	-40.0004
700000.0003	-40.8789
700000.0003	-41.0587
700000.0003	-40.2404
700000.0003	-40.0738
700000.0003	-40.3599
700000.0003	-39.7225
700000.0003	-40.102
700000.0003	-40.3899
700000.0003	-40.2118
700000.0003	-40.4424
700000.0003	-40.5712
700000.0003	-41.0048
700000.0003	-41.2266
700000.0003	-39.8038
700000.0003	-40.0301
700000.0003	-40.0782
700000.0003	-39.9892
700000.0003	-40.3282
700000.0003	-39.6707
700000.0003	-40.012
700000.0003	-40.1685
700000.0003	-39.8296
700000.0003	-40.03
700000.0003	-40.9564
700000.0003	-40.4524
700000.0003	-40.8536
700000.0003	-39.5108
700000.0003	-39.9377
700000.0003	-39.9811
700000.0003	-38.9226
700000.0003	-40.2535
700000.0003	-39.533
700000.0003	-39.9382
700000.0003	-40.4789
700000.0003	-39.6333
700000.0003	-39.1152
700000.0003	-39.2867
700000.0003	-39.5557
700000.0003	-39.3556
700000.0003	-39.7359
700000.0003	-39.2189
700000.0003	-39.5406
700000.0003	-39.3027
700000.0003	-39.6431
700000.0003	-40.3353
700000.0003	-39.775
700000.0003	-39.8487
700000.0003	-38.9866
700000.0003	-39.1328
700000.0003	-39.3939
700000.0003	-38.6665
700000.0003	-38.1307
700000.0003	-38.4343
700000.0003	-37.7456
700000.0003	-37.0513
700000.0003	-37.3283
700000.0003	-37.0328
700000.0003	-35.7212
700000.0003	-35.288
700000.0003	-35.5586
700000.0003	-34.1126
700000.0003	-33.5131
700000.0003	-32.2387
700000.0003	-31.6242
700000.0003	-29.6432
700000.0003	-27.1178
700000.0003	-24.3383
700000.0003	-20.3784
700000.0003	-14.0915
700000.0003	-7.30534
700000.0003	4.58999
700000.0003	16.6713
700000.0003	34.9129
700000.0003	0.703031
700000.0003	-0.239778
700000.0003	0.449792
700000.0003	-1.0563
700000.0003	1.05993
700000.0003	0.864395
700000.0003	0.974066
700000.0003	1.54408
700000.0003	-0.876164
700000.0003	3.05793
700000.0003	-0.241568
700000.0003	-0.886675
700000.0003	-2.13953
700000.0003	-4.85414
700000.0003	1.08621
700000.0003	-1.1856
700000.0003	-1.92207
700000.0003	-3.14039
700000.0003	1.79598
700000.0003	1.66979
700000.0003	0.419296
700000.0003	1.39984
700000.0003	-0.801247
700000.0003	1.38031
700000.0003	0.371849
700000.0003	-0.877005
700000.0003	0.773777
700000.0003	1.41338
700000.0003	-0.485782
700000.0003	-1.4116
700000.0003	-1.04659
700000.0003	0.660635
700000.0003	0.542035
700000.0003	0.374324
700000.0003	0.251738
700000.0003	-0.195741
700000.0003	-1.33954
700000.0003	-0.968591
700000.0003	0.346735
700000.0003	0.114752
700000.0003	-0.138072
700000.0003	-0.35098
700000.0003	1.61615
700000.0003	0.191133
700000.0003	1.07942
700000.0003	-0.191527
700000.0003	0.019053
700000.0003	-1.05096
700000.0003	0.152281
700000.0003	-1.23442
700000.0003	-0.548739
700000.0003	0.40461
700000.0003	0.348081
700000.0003	0.5489
700000.0003	-0.198999
700000.0003	-0.111628
700000.0003	0.178532
700000.0003	-0.0319939
700000.0003	0.181428
700000.0003	-0.462757
700000.0003	0.582805
700000.0003	0.208035
700000.0003	-0.371335
700000.0003	-0.685414
700000.0003	0.224676
700000.0003	-0.453923
700000.0003	0.677837
700000.0003	0.592287
700000.0003	-0.41834
700000.0003	0.615833
700000.0003	-0.944654
700000.0003	0.0853678
700000.0003	0.475658
700000.0003	-0.105793
700000.0003	0.343889
700000.0003	-0.373771
700000.0003	-0.469547
700000.0003	0.706304
700000.0003	0.870404
700000.0003	-0.706882
700000.0003	-0.714733
700000.0003	-0.711188
700000.0003	1.22818
700000.0003	-0.440328
700000.0003	0.623073
700000.0003	0.183825
700000.0003	-0.879281
700000.0003	0.131871
700000.0003	-0.261825
700000.0003	-0.114294
700000.0003	0.742916
700000.0003	-0.782984
700000.0003	-0.544903
700000.0003	0.508458
700000.0003	-0.20831
700000.0003	0.64849
700000.0003	1.36182
700000.0003	-0.852426
700000.0003	-0.519665
700000.0003	-0.5446
700000.0003	0.544065
700000.0003	0.0399348
700000.0003	-0.773051
700000.0003	1.26638
700000.0003	0.171083
700000.0003	-0.850948
700000.0003	-0.74407
700000.0003	0.886474
700000.0003	-0.612707
700000.0003	0.426675
700000.0003	-0.639005
700000.0003	0.135995
700000.0003	0.0500515
700000.0003	1.09335
700000.0003	1.24533
700000.0003	-0.552726
700000.0003	0.709476
700000.0003	-0.225807
700000.0003	-0.933889
700000.0003	-0.503176
700000.0003	0.154826
700000.0003	0.0702555
700000.0003	-0.28201
700000.0003	0.600746
700000.0003	0.0418998
700000.0003	0.121416
700000.0003	-0.326371
700000.0003	-1.03791
700000.0003	1.00199
700000.0003	0.347028
700000.0003	0.172264
700000.0003	-0.490578
700000.0003	-0.332625
700000.0003	-0.753864
700000.0003	-0.34277
700000.0003	-0.957357
700000.0003	0.391843
700000.0003	1.16325
700000.0003	-0.259311
700000.0003	0.363181
700000.0003	0.298881
700000.0003	-0.115646
700000.0003	0.600162
700000.0003	0.0134472
700000.0003	0.343002
700000.0003	-0.816015
700000.0003	-1.16139
700000.0003	0.200888
700000.0003	0.459849
700000.0003	0.254487
700000.0003	-0.142774
700000.0003	-0.148673
700000.0003	-0.9761
700000.0003	1.12479
700000.0003	0.105471
700000.0003	-0.0715166
700000.0003	0.473579
700000.0003	-0.221309
700000.0003	0.350161
700000.0003	0.244941
700000.0003	-0.129437
700000.0003	-0.00967014
700000.0003	-0.241353
700000.0003	0.17293
700000.0003	-0.119885
700000.0003	0.563131
700000.0003	-0.860245
700000.0003	0.246001
700000.0003	0.620107
700000.0003	-1.06648
700000.0003	-0.275432
700000.0003	-0.411671
700000.0003	0.20156
700000.0003	0.346263
700000.0003	-0.376058
700000.0003	-0.816721
700000.0003	1.23753
700000.0003	0.632977
700000.0003	0.527925
700000.0003	-0.669481
700000.0003	0.750513
700000.0003	-0.021403
700000.0003	0.869259
700000.0003	-1.90809
700000.0003	0.0540876
700000.0003	-0.118301
700000.0003	-0.884166
700000.0003	0.350087
700000.0003	1.22055
700000.0003	-0.253359
700000.0003	-0.0359932
700000.0003	-0.529321
700000.0003	-0.710702
700000.0003	0.960106
700000.0003	-0.355184
700000.0003	-0.531908
700000.0003	-0.231831
700000.0003	0.0854075
700000.0003	-0.316078
700000.0003	-0.758442
700000.0003	1.03319
700000.0003	1.0357
700000.0003	1.76258
700000.0003	-0.524706
700000.0003	-0.439902
700000.0003	-0.69499
700000.0003	-1.22807
700000.0003	0.118667
700000.0003	1.42508
700000.0003	-1.03119
700000.0003	-1.18581
700000.0003	0.231212
700000.0003	0.818538
700000.0003	0.0177156
700000.0003	0.273285
700000.0003	-0.796887
700000.0003	1.12598
700000.0003	0.938325
700000.0003	-0.565732
700000.0003	-0.9196
700000.0003	0.747878
700000.0003	0.250642
700000.0003	1.51586
700000.0003	0.291533
700000.0003	-1.3344
700000.0003	0.24046
700000.0003	0.240699
700000.0003	-1.41071
700000.0003	0.101591
700000.0003	-0.032661
700000.0003	-0.459461
700000.0003	-1.17814
700000.0003	0.115477
700000.0003	0.399121
700000.0003	1.07029
700000.0003	0.121773
700000.0003	-0.799654
700000.0003	0.678325
700000.0003	-1.42562
700000.0003	0.0199245
700000.0003	0.125464
700000.0003	-1.06437
700000.0003	0.385402
700000.0003	-0.832686
700000.0003	2.40237
700000.0003	-2.10123
700000.0003	-3.60112
700000.0003	-2.58286
700000.0003	3.17145
700000.0003	3.6881
700000.0003	-0.330839
700000.0003	2.3783
700000.0003	2.63305
700000.0003	-2.63752
700000.0003	-3.67752
700000.0003	1.52854
700000.0003	-0.698735
700000.0003	4.36658
700000.0003	-2.6275
700000.0003	0.907739
700000.0003	0.454415
700000.0003	-1.24799
700000.0003	1.74252
700000.0003	-3.08125
700000.0003	-0.594058
700000.0003	0.774898
700000.0003	1.98177
700000.0003	0.00502963
700000.0003	0.704982
700000.0003	3.69222
700000.0003	-0.506881
700000.0003	-0.0709799
700000.0003	-1.91946
700000.0003	1.11258
700000.0003	0.253378
700000.0003	-2.62386
700000.0003	0.733487
700000.0003	2.05262
700000.0003	0.580586
700000.0003	-0.163529
700000.0003	-0.0986576
700000.0003	0.182929
700000.0003	0.800885
700000.0003	-1.39876
700000.0003	-0.406672
700000.0003	0.0810631
700000.0003	-1.06368
700000.0003	0.296936
700000.0003	-0.160262
700000.0003	0.267856
700000.0003	0.9292
700000.0003	0.114022
700000.0003	0.0711268
700000.0003	-0.790358
700000.0003	-0.92384
700000.0003	0.230552
700000.0003	0.111969
700000.0003	0.264452
700000.0003	0.0795869
700000.0003	-0.474636
700000.0003	0.314008
700000.0003	-0.133788
700000.0003	0.290729
700000.0003	0.0457399
700000.0003	-0.0543925
700000.0003	0.119389
700000.0003	0.216113
700000.0003	0.0934202
700000.0003	-0.223228
700000.0003	0.308268
700000.0003	0.244544
700000.0003	0.519828
700000.0003	-0.0517261
700000.0003	-0.352134
700000.0003	-0.302298
700000.0003	-0.360636
700000.0003	0.287746
700000.0003	-1.03435
700000.0003	-0.869234
700000.0003	-0.495025
700000.0003	-0.633916
700000.0003	0.405523
700000.0003	0.749415
700000.0003	-0.495973
700000.0003	0.268897
700000.0003	-0.156532
700000.0003	-0.320879
700000.0003	-0.243783
700000.0003	-0.165454
700000.0003	-0.0807581
700000.0003	-0.181747
700000.0003	-0.176032
700000.0003	-0.111747
700000.0003	-0.56949
700000.0003	0.360819
700000.0003	0.0601214
700000.0003	0.971275
700000.0003	0.0311644
700000.0003	0.348767
700000.0003	-0.687391
700000.0003	-0.236019
700000.0003	-0.590873
700000.0003	-0.584344
700000.0003	0.265472
700000.0003	0.436024
700000.0003	-0.27913
700000.0003	-0.627411
700000.0003	-0.0301869
700000.0003	-0.0482889
700000.0003	-0.45717
700000.0003	-0.0410471
700000.0003	0.844458
700000.0003	-0.0430632
700000.0003	0.203687
700000.0003	0.0511308
700000.0003	0.185471
700000.0003	0.421587
700000.0003	0.509067
700000.0003	-0.742163
700000.0003	0.128009
700000.0003	0.269412
700000.0003	-0.165192
700000.0003	0.111474
700000.0003	0.200014
700000.0003	0.147312
700000.0003	-0.0566095
700000.0003	-0.603736
700000.0003	0.432039
700000.0003	0.124768
700000.0003	0.406825
700000.0003	-0.48665
700000.0003	-0.157947
700000.0003	0.326089
700000.0003	-0.414132
700000.0003	0.78204
700000.0003	0.0248304
700000.0003	-0.545542
700000.0003	-0.458401
700000.0003	0.233968
700000.0003	0.412827
700000.0003	0.0872152
700000.0003	0.74041
700000.0003	0.106914
700000.0003	-0.234671
700000.0003	0.616393
700000.0003	0.432785
700000.0003	-0.050117
700000.0003	-0.0303349
700000.0003	0.0204131
700000.0003	-0.249182
700000.0003	-0.0601698
700000.0003	-0.628677
700000.0003	0.360018
700000.0003	0.389278
700000.0003	1.05163
700000.0003	-0.0325187
700000.0003	-0.402811
700000.0003	0.494915
700000.0003	-0.313592
700000.0003	-0.250287
