700000.0003	0.0262829
700000.0003	0.0360141
700000.0003	0.0529067
700000.0003	0.0796784
700000.0003	0.125436
700000.0003	0.188294
700000.0003	0.278618
700000.0003	0.398057
700000.0003	0.552239
700000.0003	0.748128
700000.0003	0.985204
700000.0003	1.26904
700000.0003	1.6045
700000.0003	1.99144
700000.0003	2.42014
700000.0003	2.87127
700000.0003	3.33918
700000.0003	3.81881
700000.0003	4.29806
700000.0003	4.7492
700000.0003	5.19273
700000.0003	5.63095
700000.0003	6.08427
700000.0003	6.44215
700000.0003	6.84459
700000.0003	7.22757
700000.0003	7.55249
700000.0003	7.90151
700000.0003	8.19923
700000.0003	8.49295
700000.0003	8.85768
700000.0003	9.08458
700000.0003	9.29081
700000.0003	9.57776
700000.0003	9.76308
700000.0003	9.97304
700000.0003	9.99213
700000.0003	10.1708
700000.0003	10.1661
700000.0003	10.2867
700000.0003	10.2993
700000.0003	10.3138
700000.0003	10.2674
700000.0003	10.3072
700000.0003	10.3233
700000.0003	10.3756
700000.0003	10.2899
700000.0003	10.2467
700000.0003	10.2837
700000.0003	10.2255
700000.0003	10.2659
700000.0003	10.3051
700000.0003	10.2726
700000.0003	10.3826
700000.0003	10.2632
700000.0003	10.3083
700000.0003	10.395
700000.0003	10.3416
700000.0003	10.3284
700000.0003	10.2948
700000.0003	10.3259
700000.0003	10.3035
700000.0003	10.2694
700000.0003	10.2576
700000.0003	10.3645
700000.0003	10.2694
700000.0003	10.3426
700000.0003	10.302
700000.0003	10.2792
700000.0003	10.2726
700000.0003	10.2819
700000.0003	10.3038
700000.0003	10.3465
700000.0003	10.334
700000.0003	10.3314
700000.0003	10.3882
700000.0003	10.3247
700000.0003	10.357
700000.0003	10.2885
700000.0003	10.41
700000.0003	10.3812
700000.0003	10.3798
700000.0003	10.3768
700000.0003	10.3146
700000.0003	10.3904
700000.0003	10.3659
700000.0003	10.3266
700000.0003	10.39
700000.0003	10.3797
700000.0003	10.3744
700000.0003	10.4167
700000.0003	10.3774
700000.0003	10.4051
700000.0003	10.4871
700000.0003	10.4067
700000.0003	10.4397
700000.0003	10.3888
700000.0003	10.4351
700000.0003	10.2459
700000.0003	10.4158
700000.0003	10.4728
700000.0003	10.4313
700000.0003	10.3627
700000.0003	10.3821
700000.0003	10.4598
700000.0003	10.4467
700000.0003	10.4395
700000.0003	10.5216
700000.0003	10.3747
700000.0003	10.366
700000.0003	10.3981
700000.0003	10.4091
700000.0003	10.4396
700000.0003	10.4226
700000.0003	10.3856
700000.0003	10.4842
700000.0003	10.4532
700000.0003	10.3466
700000.0003	10.4885
700000.0003	10.3737
700000.0003	10.4164
700000.0003	10.4212
700000.0003	10.3513
700000.0003	10.4397
700000.0003	10.4701
700000.0003	10.3927
700000.0003	10.4216
700000.0003	10.3886
700000.0003	10.4785
700000.0003	10.4173
700000.0003	10.5258
700000.0003	10.437
700000.0003	10.422
700000.0003	10.4393
700000.0003	10.4216
700000.0003	10.4108
700000.0003	10.4833
700000.0003	10.4468
700000.0003	10.482
700000.0003	10.487
700000.0003	10.4442
700000.0003	10.5347
700000.0003	10.4647
700000.0003	10.4426
700000.0003	10.4401
700000.0003	10.4655
700000.0003	10.4757
700000.0003	10.4113
700000.0003	10.3415
700000.0003	10.3986
700000.0003	10.4408
700000.0003	10.3759
700000.0003	10.3588
700000.0003	10.2334
700000.0003	10.1956
700000.0003	10.2353
700000.0003	10.1644
700000.0003	10.1559
700000.0003	10.1074
700000.0003	10.0111
700000.0003	9.95687
700000.0003	10.048
700000.0003	9.95306
700000.0003	9.86215
700000.0003	9.81447
700000.0003	9.83687
700000.0003	9.7824
700000.0003	9.70451
700000.0003	9.68196
700000.0003	9.61413
700000.0003	9.5167
700000.0003	9.53161
700000.0003	9.40919
700000.0003	9.33444
700000.0003	9.31748
700000.0003	9.20379
700000.0003	9.20045
700000.0003	9.15994
700000.0003	9.01091
700000.0003	8.95571
700000.0003	8.91894
700000.0003	8.88873
700000.0003	8.8389
700000.0003	8.71238
700000.0003	8.66666
700000.0003	8.5528
700000.0003	8.4588
700000.0003	8.41062
700000.0003	8.337
700000.0003	8.26951
700000.0003	8.17671
700000.0003	8.08273
700000.0003	7.9868
700000.0003	7.95028
700000.0003	7.86232
700000.0003	7.72429
700000.0003	7.69121
700000.0003	7.56829
700000.0003	7.51465
700000.0003	7.39479
700000.0003	7.31236
700000.0003	7.23345
700000.0003	7.17603
700000.0003	7.02856
700000.0003	6.91811
700000.0003	6.85007
700000.0003	6.76256
700000.0003	6.6578
700000.0003	6.56112
700000.0003	6.47569
700000.0003	6.37238
700000.0003	6.33823
700000.0003	6.20597
700000.0003	6.08837
700000.0003	6.03019
700000.0003	5.9218
700000.0003	5.83477
700000.0003	5.73513
700000.0003	5.62897
700000.0003	5.54917
700000.0003	5.43114
700000.0003	5.3645
700000.0003	5.24419
700000.0003	5.17095
700000.0003	5.037
700000.0003	4.95261
700000.0003	4.88535
700000.0003	4.75233
700000.0003	4.67325
700000.0003	4.56353
700000.0003	4.48677
700000.0003	4.3763
700000.0003	4.27312
700000.0003	4.18103
700000.0003	4.07788
700000.0003	3.97126
700000.0003	3.87898
700000.0003	3.76917
700000.0003	3.66133
700000.0003	3.54363
700000.0003	3.43415
700000.0003	3.33716
700000.0003	3.21777
700000.0003	3.08925
700000.0003	2.97342
700000.0003	2.86334
700000.0003	2.72637
700000.0003	2.59938
700000.0003	2.46012
700000.0003	2.33043
700000.0003	2.19676
700000.0003	2.06431
700000.0003	1.9254
700000.0003	1.79442
700000.0003	1.66573
700000.0003	1.53766
700000.0003	1.41437
700000.0003	1.29612
700000.0003	1.18811
700000.0003	1.07997
700000.0003	0.977648
700000.0003	0.883304
700000.0003	0.795531
700000.0003	0.711518
700000.0003	0.6323
700000.0003	0.56372
700000.0003	0.499993
700000.0003	0.439328
700000.0003	0.38514
700000.0003	0.336958
700000.0003	0.290836
700000.0003	0.251196
700000.0003	0.217071
700000.0003	0.186522
700000.0003	0.157899
700000.0003	0.135911
700000.0003	0.114488
700000.0003	0.0965073
700000.0003	0.0817084
700000.0003	0.0692548
700000.0003	0.0577299
700000.0003	0.0487738
700000.0003	0.0405401
700000.0003	0.0347068
700000.0003	0.0292192
700000.0003	0.0246283
700000.0003	0.021168
700000.0003	0.0181537
700000.0003	0.0155756
700000.0003	0.0132627
700000.0003	0.0117861
700000.0003	0.0103086
700000.0003	0.00917328
700000.0003	0.00823253
700000.0003	0.00722087
700000.0003	0.00669664
700000.0003	0.00634803
700000.0003	0.00586922
700000.0003	0.00556833
700000.0003	0.00534157
700000.0003	0.00521025
700000.0003	0.00504895
700000.0003	0.00508657
700000.0003	0.00495731
700000.0003	0.00501231
700000.0003	0.00477002
700000.0003	0.00475053
700000.0003	0.0047019
700000.0003	0.00465498
700000.0003	0.00461132
700000.0003	0.00458621
700000.0003	0.00449653
700000.0003	0.00446173
700000.0003	0.0044199
700000.0003	0.00437639
700000.0003	0.00445499
700000.0003	0.00433587
700000.0003	0.00434152
700000.0003	0.00426027
700000.0003	0.00434025
700000.0003	0.00423241
700000.0003	0.00425718
700000.0003	0.00426237
700000.0003	0.00421783
700000.0003	0.00418774
700000.0003	0.0041865
700000.0003	0.00420748
700000.0003	0.00424854
700000.0003	0.00410648
700000.0003	0.00413791
700000.0003	0.00417046
700000.0003	0.00415968
700000.0003	0.0041709
700000.0003	0.00412057
700000.0003	0.00411193
700000.0003	0.00412985
700000.0003	0.00410919
700000.0003	0.0040915
700000.0003	0.00416098
700000.0003	0.00407899
700000.0003	0.00413444
700000.0003	0.0041051
700000.0003	0.00410661
700000.0003	0.004069
700000.0003	0.00416437
700000.0003	0.00412495
700000.0003	0.00417772
700000.0003	0.00422081
700000.0003	0.00417306
700000.0003	0.00423891
700000.0003	0.00420306
700000.0003	0.00419849
700000.0003	0.00425539
700000.0003	0.00418403
700000.0003	0.00425368
700000.0003	0.00424991
700000.0003	0.00433183
700000.0003	0.00422871
700000.0003	0.00433693
700000.0003	0.00430219
700000.0003	0.00433132
700000.0003	0.00439219
700000.0003	0.00439296
700000.0003	0.00444469
700000.0003	0.00452954
700000.0003	0.00446731
700000.0003	0.00455223
700000.0003	0.00451101
700000.0003	0.00455924
700000.0003	0.00458202
700000.0003	0.00471489
700000.0003	0.00471737
700000.0003	0.00477781
700000.0003	0.0048819
700000.0003	0.00496258
700000.0003	0.0050747
700000.0003	0.00519072
700000.0003	0.00514118
700000.0003	0.00532294
700000.0003	0.00536234
700000.0003	0.00554009
700000.0003	0.00568222
700000.0003	0.00587133
700000.0003	0.00600348
700000.0003	0.00608446
700000.0003	0.00635459
700000.0003	0.0066125
700000.0003	0.00688706
700000.0003	0.00743501
700000.0003	0.00764683
700000.0003	0.00791944
700000.0003	0.00854055
700000.0003	0.00882538
700000.0003	0.00997296
700000.0003	0.0107583
700000.0003	0.0120741
700000.0003	0.013225
700000.0003	0.015572
700000.0003	0.0177811
700000.0003	0.0211296
700000.0003	-4.69124e-05
700000.0003	0.000129429
700000.0003	0.000191405
700000.0003	0.000176312
700000.0003	-0.000812399
700000.0003	0.001121
700000.0003	-0.000823481
700000.0003	-0.000136574
700000.0003	0.000516054
700000.0003	0.00120083
700000.0003	0.00402839
700000.0003	-0.00208988
700000.0003	0.00388467
700000.0003	-0.000199207
700000.0003	-0.00189931
700000.0003	0.00359374
700000.0003	-0.00211284
700000.0003	-0.0133944
700000.0003	0.00818453
700000.0003	-0.00801464
700000.0003	-0.00839471
700000.0003	-0.000463715
700000.0003	-0.0101257
700000.0003	-0.0317337
700000.0003	0.00938355
700000.0003	0.0081213
700000.0003	0.0245067
700000.0003	-0.00177187
700000.0003	0.0190733
700000.0003	-0.00358076
700000.0003	-0.0123727
700000.0003	-0.0267977
700000.0003	-0.014441
700000.0003	-0.00693636
700000.0003	-0.0391989
700000.0003	-0.0191929
700000.0003	-0.0194257
700000.0003	0.0289517
700000.0003	-0.0407883
700000.0003	0.00158802
700000.0003	-0.00175411
700000.0003	-0.0562728
700000.0003	0.0201334
700000.0003	0.00488278
700000.0003	0.00627647
700000.0003	-0.0560565
700000.0003	0.052248
700000.0003	0.00272714
700000.0003	-0.0437434
700000.0003	-0.0368922
700000.0003	0.00641838
700000.0003	0.00846147
700000.0003	-0.0204138
700000.0003	-0.0149845
700000.0003	-0.0270894
700000.0003	-0.00468495
700000.0003	-0.00523106
700000.0003	0.0270212
700000.0003	0.0235035
700000.0003	-0.000308858
700000.0003	0.00207132
700000.0003	0.0408067
700000.0003	0.020474
700000.0003	0.00721978
700000.0003	-0.0136485
700000.0003	-0.0393395
700000.0003	0.0242181
700000.0003	-0.0184199
700000.0003	0.0179694
700000.0003	0.00884608
700000.0003	-0.00348497
700000.0003	0.00155099
700000.0003	-0.0289877
700000.0003	0.0282176
700000.0003	-0.0227459
700000.0003	0.00585534
700000.0003	0.0328653
700000.0003	0.015981
700000.0003	0.0141878
700000.0003	-0.0273656
700000.0003	0.00247023
700000.0003	0.0268945
700000.0003	-0.00113127
700000.0003	-0.00298902
700000.0003	-0.0065511
700000.0003	0.0110532
700000.0003	0.0336022
700000.0003	0.00569375
700000.0003	0.00195295
700000.0003	0.0183758
700000.0003	-0.00556343
700000.0003	-0.00596653
700000.0003	0.035291
700000.0003	0.0258088
700000.0003	0.00478892
700000.0003	0.00171506
700000.0003	-0.0271698
700000.0003	0.0031878
700000.0003	0.0520596
700000.0003	-0.0217412
700000.0003	0.0307624
700000.0003	-0.0177266
700000.0003	-0.00784347
700000.0003	-0.0285055
700000.0003	0.00290343
700000.0003	-0.0156673
700000.0003	-0.000676636
700000.0003	0.0155402
700000.0003	-0.0209312
700000.0003	-0.0305363
700000.0003	-0.0351961
700000.0003	0.0353775
700000.0003	-0.0136738
700000.0003	-0.0268728
700000.0003	-0.00603119
700000.0003	0.00154815
700000.0003	0.00641803
700000.0003	-0.00191232
700000.0003	-0.000533693
700000.0003	0.0469561
700000.0003	-0.0501974
700000.0003	0.028935
700000.0003	0.0212469
700000.0003	0.00669679
700000.0003	0.0290101
700000.0003	0.0170394
700000.0003	-0.0114525
700000.0003	-0.00187988
700000.0003	0.0280803
700000.0003	-0.0301867
700000.0003	0.0297551
700000.0003	0.0281918
700000.0003	0.0132555
700000.0003	-0.0226851
700000.0003	0.00916528
700000.0003	0.00436504
700000.0003	-0.0091422
700000.0003	-0.00417231
700000.0003	0.014895
700000.0003	-0.0229605
700000.0003	0.00533448
700000.0003	0.0129928
700000.0003	-0.0149007
700000.0003	-0.00747409
700000.0003	0.0341843
700000.0003	0.00706829
700000.0003	0.0219413
700000.0003	-0.0188124
700000.0003	-0.0287786
700000.0003	0.0432815
700000.0003	0.0120544
700000.0003	-0.0177153
700000.0003	-0.0142222
700000.0003	-0.0236673
700000.0003	0.00151504
700000.0003	0.0157446
700000.0003	0.0551351
700000.0003	0.0283259
700000.0003	0.000100349
700000.0003	-0.0343013
700000.0003	0.0472005
700000.0003	-0.0159456
700000.0003	-0.00772763
700000.0003	-0.0129958
700000.0003	0.0190978
700000.0003	0.0205495
700000.0003	0.0206735
700000.0003	-0.0460118
700000.0003	0.00862055
700000.0003	-0.0451178
700000.0003	-0.0179324
700000.0003	0.00626544
700000.0003	-0.0163555
700000.0003	0.0551787
700000.0003	-0.000842006
700000.0003	-0.00631755
700000.0003	-0.0247353
700000.0003	0.0198292
700000.0003	-0.0259539
700000.0003	-0.0609067
700000.0003	-0.0314682
700000.0003	-0.0195732
700000.0003	0.00560321
700000.0003	-0.00237342
700000.0003	0.0033669
700000.0003	-0.0180645
700000.0003	0.0172347
700000.0003	0.0153766
700000.0003	0.00137998
700000.0003	0.0100676
700000.0003	-0.0112016
700000.0003	0.00530238
700000.0003	0.00215059
700000.0003	0.0123998
700000.0003	0.00128379
700000.0003	-0.00891178
700000.0003	-0.0243405
700000.0003	0.0129194
700000.0003	-0.00651506
700000.0003	-0.00479802
700000.0003	0.000431969
700000.0003	0.025459
700000.0003	0.0103009
700000.0003	0.00457495
700000.0003	-0.0122433
700000.0003	0.002318
700000.0003	0.00340255
700000.0003	8.94342e-05
700000.0003	-0.00761453
700000.0003	0.0325135
700000.0003	0.014456
700000.0003	0.0104582
700000.0003	0.00232068
700000.0003	0.0145371
700000.0003	-0.00263677
700000.0003	-0.0201266
700000.0003	-0.0196244
700000.0003	0.00983411
700000.0003	0.000380232
700000.0003	0.00253222
700000.0003	-0.00359453
700000.0003	-0.024404
700000.0003	-0.0163767
700000.0003	-0.00904632
700000.0003	0.00439121
700000.0003	0.0055718
700000.0003	0.0169298
700000.0003	0.00177476
700000.0003	0.0184219
700000.0003	-0.012416
700000.0003	-0.00578567
700000.0003	-0.00334811
700000.0003	0.0101249
700000.0003	-0.0064614
700000.0003	0.00875018
700000.0003	-0.00177529
700000.0003	0.00104346
700000.0003	-0.0120407
700000.0003	0.00336908
700000.0003	0.000856902
700000.0003	-2.4216e-05
700000.0003	-0.00194573
700000.0003	-0.00482634
700000.0003	0.000363172
700000.0003	-0.0019255
700000.0003	-0.00163838
700000.0003	-0.00364395
700000.0003	-0.00243605
700000.0003	0.00143606
700000.0003	-5.15936e-06
700000.0003	-0.00148639
700000.0003	-0.00223485
700000.0003	-0.00247156
700000.0003	-0.00145774
700000.0003	0.000276697
700000.0003	0.00264759
700000.0003	-0.00198808
700000.0003	0.00266437
700000.0003	-2.34629e-05
700000.0003	-0.00119599
700000.0003	0.00226868
700000.0003	-0.000839024
700000.0003	-0.0018611
700000.0003	0.00169919
700000.0003	0.00170406
700000.0003	-0.002198
700000.0003	1.87442e-05
700000.0003	-0.000545951
700000.0003	-0.000488675
700000.0003	-0.00087884
700000.0003	0.000749304
700000.0003	-0.000610751
700000.0003	-0.000965021
700000.0003	0.001034
700000.0003	0.000353356
700000.0003	-0.000608769
700000.0003	-0.000155617
700000.0003	0.00091163
700000.0003	-0.000312775
700000.0003	-0.00019134
700000.0003	-8.70786e-05
700000.0003	-0.00026535
700000.0003	-6.5481e-05
700000.0003	-0.000105793
700000.0003	2.90985e-05
700000.0003	-0.000155737
700000.0003	-6.13728e-05
700000.0003	-7.2065e-05
700000.0003	-5.04426e-05
700000.0003	0.000130386
700000.0003	-0.000139279
700000.0003	-8.17029e-05
700000.0003	-3.42333e-05
700000.0003	4.23083e-05
700000.0003	4.82349e-05
700000.0003	4.33798e-05
700000.0003	7.62645e-05
700000.0003	2.91453e-05
700000.0003	-3.50036e-06
700000.0003	-5.89645e-05
700000.0003	-1.35126e-05
700000.0003	-2.47144e-05
700000.0003	-9.52021e-06
700000.0003	4.76701e-05
700000.0003	4.59667e-05
700000.0003	5.06191e-05
700000.0003	3.36348e-07
700000.0003	-2.81544e-05
700000.0003	-2.39336e-05
700000.0003	4.48533e-05
700000.0003	9.75549e-06
700000.0003	-3.16213e-05
700000.0003	-8.97359e-06
700000.0003	-1.29734e-05
700000.0003	-1.03891e-05
700000.0003	2.60938e-05
700000.0003	-4.7782e-06
700000.0003	3.18726e-05
700000.0003	-2.69872e-05
700000.0003	5.72726e-06
700000.0003	1.39882e-05
700000.0003	-1.45499e-05
700000.0003	1.95891e-06
700000.0003	-2.59158e-06
700000.0003	-6.98707e-06
700000.0003	2.05799e-06
700000.0003	2.88423e-05
700000.0003	-4.66157e-05
700000.0003	-1.287e-05
700000.0003	1.13224e-05
700000.0003	-5.2936e-06
700000.0003	-3.44023e-06
700000.0003	-1.91665e-05
700000.0003	-5.67615e-05
700000.0003	-1.6576e-05
700000.0003	4.24964e-05
700000.0003	-2.60383e-05
700000.0003	2.45155e-05
700000.0003	5.11179e-05
700000.0003	2.15552e-05
700000.0003	4.7021e-05
700000.0003	1.87161e-06
700000.0003	-1.20646e-05
700000.0003	2.65118e-05
700000.0003	-1.34935e-05
700000.0003	5.646e-05
700000.0003	8.17838e-05
700000.0003	1.78984e-05
700000.0003	-1.86277e-05
700000.0003	5.09866e-06
700000.0003	2.79188e-05
700000.0003	-1.4377e-05
700000.0003	-1.08472e-05
700000.0003	8.26699e-05
700000.0003	-2.5401e-05
700000.0003	2.9319e-05
700000.0003	-1.59299e-05
700000.0003	5.28637e-06
700000.0003	1.82308e-05
700000.0003	-5.40561e-05
700000.0003	-5.75241e-05
700000.0003	-5.90883e-06
700000.0003	1.29951e-05
700000.0003	-3.59667e-05
700000.0003	1.10111e-05
700000.0003	2.96622e-05
700000.0003	-4.11728e-05
700000.0003	-1.42781e-05
700000.0003	-1.72257e-05
700000.0003	-2.78719e-05
700000.0003	1.06488e-05
700000.0003	-1.87092e-05
700000.0003	-4.66536e-06
700000.0003	1.17688e-05
700000.0003	-3.6305e-07
700000.0003	3.55582e-05
700000.0003	-6.48273e-05
700000.0003	-5.76313e-05
700000.0003	4.54127e-05
700000.0003	1.07301e-05
700000.0003	-6.88895e-05
700000.0003	-1.15655e-05
700000.0003	4.45067e-05
700000.0003	-8.68104e-05
700000.0003	0.000126272
700000.0003	-5.09142e-05
700000.0003	-2.387e-05
700000.0003	-7.11601e-05
700000.0003	-6.74221e-05
700000.0003	4.69588e-05
700000.0003	-5.22469e-05
700000.0003	2.15673e-05
700000.0003	-5.43182e-05
700000.0003	-0.000141177
700000.0003	5.17459e-06
700000.0003	0.000326736
700000.0003	8.92805e-05
700000.0003	-8.23114e-05
700000.0003	-0.000105293
700000.0003	0.000175334
700000.0003	-0.000346262
700000.0003	0.000263633
700000.0003	-0.000159477
700000.0003	0.000170965
700000.0003	0.000129046
700000.0003	-0.000568536
700000.0003	-0.000684953
700000.0003	-0.000247169
700000.0003	0.00242796
700000.0003	0.0005465
700000.0003	-0.00168103
700000.0003	-0.00216173
700000.0003	0.00346533
700000.0003	0.00013855
700000.0003	-0.000893469
700000.0003	0.00527015
700000.0003	-0.00104867
700000.0003	0.0112882
700000.0003	-0.00391231
700000.0003	0.00213987
700000.0003	-0.0126262
700000.0003	-0.00625171
700000.0003	-0.00213037
700000.0003	-0.0129709
700000.0003	0.0242095
700000.0003	0.00498307
700000.0003	0.04876
700000.0003	-0.00436665
700000.0003	-0.00573498
700000.0003	-0.0124306
700000.0003	-0.0128673
700000.0003	-0.0282048
700000.0003	-0.00853978
700000.0003	-0.00922559
700000.0003	-0.038841
700000.0003	-0.00708733
700000.0003	-0.0132185
700000.0003	0.0229185
700000.0003	-0.0559425
700000.0003	0.00421325
700000.0003	-0.00462959
700000.0003	-0.0611414
700000.0003	0.0141921
700000.0003	-0.00330798
700000.0003	0.016191
700000.0003	-0.0538796
700000.0003	0.0434259
700000.0003	7.95096e-05
700000.0003	-0.0489883
700000.0003	-0.0422564
700000.0003	-0.00506008
700000.0003	0.0225076
700000.0003	-0.0213093
700000.0003	-0.00722528
700000.0003	-0.0279936
700000.0003	-0.0135538
700000.0003	-0.00468808
700000.0003	0.0369461
700000.0003	0.0247329
700000.0003	-0.0119251
700000.0003	0.00134257
700000.0003	0.0371648
700000.0003	0.0130951
700000.0003	0.0197168
700000.0003	-0.0210461
700000.0003	-0.0179474
700000.0003	0.0178095
700000.0003	-0.0255495
700000.0003	0.0266997
700000.0003	0.0147053
700000.0003	-0.0127232
700000.0003	0.000342848
700000.0003	-0.0243999
700000.0003	0.0209223
700000.0003	-0.0329954
700000.0003	0.00192602
700000.0003	0.0439376
700000.0003	0.0197147
700000.0003	0.0203823
700000.0003	-0.0153498
700000.0003	-0.0157054
700000.0003	0.0232903
700000.0003	-0.00937544
700000.0003	0.00714237
700000.0003	0.00825238
700000.0003	0.0110098
700000.0003	0.0293555
700000.0003	-0.0205964
700000.0003	0.00275012
700000.0003	0.0186259
700000.0003	-0.00960915
700000.0003	0.0105282
700000.0003	0.0316406
700000.0003	0.0318175
700000.0003	0.0156656
700000.0003	0.0241126
700000.0003	-0.0298444
700000.0003	0.00167
700000.0003	0.0589993
700000.0003	-0.0255821
700000.0003	0.0443069
700000.0003	-0.0295112
700000.0003	-0.0104225
700000.0003	-0.0290457
700000.0003	-0.00892265
700000.0003	-0.00762634
700000.0003	0.00481808
700000.0003	0.0186245
700000.0003	-0.0182985
700000.0003	-0.0416021
700000.0003	-0.014411
700000.0003	0.0409919
700000.0003	-0.0137834
700000.0003	-0.0278845
700000.0003	-0.0194727
700000.0003	-0.00818458
700000.0003	0.00997134
700000.0003	-0.0058506
700000.0003	-0.00905622
700000.0003	0.0476618
700000.0003	-0.0597429
700000.0003	0.0251497
700000.0003	0.0259086
700000.0003	0.00979065
700000.0003	0.0312999
700000.0003	0.0137273
700000.0003	-0.0232576
700000.0003	0.0023502
700000.0003	0.0403462
700000.0003	-0.0353545
700000.0003	0.0316245
700000.0003	0.0306481
700000.0003	0.0276728
700000.0003	-0.0109601
700000.0003	-0.00182982
700000.0003	0.00494553
700000.0003	-0.00919308
700000.0003	-0.0153021
700000.0003	0.0215089
700000.0003	-0.02624
700000.0003	0.0193385
700000.0003	0.00379567
700000.0003	0.00455894
700000.0003	-0.000553978
700000.0003	0.0363159
700000.0003	0.0204021
700000.0003	0.0208101
700000.0003	-0.0209504
700000.0003	-0.0226801
700000.0003	0.0467179
700000.0003	0.0128839
700000.0003	-0.00579891
700000.0003	-0.0194664
700000.0003	-0.0136424
700000.0003	0.00431649
700000.0003	0.0232891
700000.0003	0.0609699
700000.0003	0.0245952
700000.0003	-0.00462467
700000.0003	-0.0243804
700000.0003	0.035609
700000.0003	-0.0252874
700000.0003	-0.0128976
700000.0003	-0.00504262
700000.0003	0.0136303
700000.0003	0.00830289
700000.0003	0.0212115
700000.0003	-0.0385608
700000.0003	0.00289326
700000.0003	-0.0309292
700000.0003	-0.0140543
700000.0003	0.00382823
700000.0003	-0.00344463
700000.0003	0.0487294
700000.0003	-0.00532693
700000.0003	-0.0116107
700000.0003	-0.0208919
700000.0003	0.014783
700000.0003	-0.0196163
700000.0003	-0.0366806
700000.0003	-0.0223209
700000.0003	-0.0125922
700000.0003	0.0155103
700000.0003	0.0161751
700000.0003	-0.000449302
700000.0003	-0.0121376
700000.0003	0.0228041
700000.0003	0.0185904
700000.0003	0.000620052
700000.0003	0.00871566
700000.0003	-0.00855627
700000.0003	-0.00142725
700000.0003	0.0162792
700000.0003	-0.00856928
700000.0003	0.010173
700000.0003	-0.0168611
700000.0003	-0.0183555
700000.0003	0.0110685
700000.0003	-0.00739158
700000.0003	-0.00590573
700000.0003	0.00914311
700000.0003	0.019228
700000.0003	-0.000195107
700000.0003	0.00595699
700000.0003	-0.0116916
700000.0003	0.00110227
700000.0003	0.000571231
700000.0003	0.0031335
700000.0003	-0.0103068
700000.0003	0.0239902
700000.0003	0.00784907
700000.0003	0.0220258
700000.0003	0.00473254
700000.0003	0.00602868
700000.0003	-0.00109517
700000.0003	-0.0140072
700000.0003	-0.0188042
700000.0003	0.00405243
700000.0003	-0.000958014
700000.0003	0.00896987
700000.0003	-0.0103029
700000.0003	-0.0290708
700000.0003	-0.00968222
700000.0003	-0.00562364
700000.0003	0.00264543
700000.0003	0.00797746
700000.0003	0.00672694
700000.0003	-0.00217934
700000.0003	0.0109155
700000.0003	-0.00867485
700000.0003	-0.00107528
700000.0003	-0.00662972
700000.0003	0.00961679
700000.0003	-0.00249122
700000.0003	1.24056e-05
700000.0003	-2.41699e-05
700000.0003	0.00718254
700000.0003	0.00208877
700000.0003	-0.00211537
700000.0003	-1.60369e-05
700000.0003	-0.00482653
700000.0003	0.00519698
700000.0003	0.00854809
700000.0003	-0.0089644
700000.0003	0.0016853
700000.0003	0.0069909
700000.0003	-0.00113449
700000.0003	-0.0074401
700000.0003	-0.000165867
700000.0003	0.00382658
700000.0003	0.00849709
700000.0003	-0.00327158
700000.0003	0.00263154
700000.0003	0.00584853
700000.0003	-0.00302814
700000.0003	0.00175016
700000.0003	-0.00446319
700000.0003	-0.00101117
700000.0003	-0.000177246
700000.0003	-0.00122608
700000.0003	0.000289042
700000.0003	-0.00295681
700000.0003	0.00156111
700000.0003	-0.00141827
700000.0003	-0.000198042
700000.0003	0.000101037
700000.0003	0.00104217
700000.0003	-0.00145068
700000.0003	-5.74556e-05
700000.0003	-0.000107289
700000.0003	0.00194636
700000.0003	-0.000449169
700000.0003	0.000122958
700000.0003	3.30045e-05
700000.0003	0.000179891
700000.0003	1.25201e-05
700000.0003	-0.000348162
700000.0003	0.000181452
700000.0003	-0.000534801
700000.0003	-0.000420107
700000.0003	7.55526e-05
700000.0003	0.000213914
700000.0003	0.000248989
700000.0003	0.000536659
700000.0003	9.04555e-05
700000.0003	1.59419e-05
700000.0003	0.000219094
700000.0003	6.01813e-05
700000.0003	-0.000182357
700000.0003	2.61097e-06
700000.0003	6.84721e-05
700000.0003	7.66969e-05
700000.0003	-2.31961e-05
700000.0003	0.000110255
700000.0003	5.94694e-05
700000.0003	-2.50605e-05
700000.0003	-2.81986e-05
700000.0003	-4.58649e-05
700000.0003	-2.50563e-05
700000.0003	1.5584e-05
700000.0003	-3.40135e-05
700000.0003	-0.000123212
700000.0003	5.73637e-05
700000.0003	1.81433e-05
700000.0003	4.66493e-05
700000.0003	6.46759e-05
700000.0003	-9.5791e-05
700000.0003	1.96535e-05
700000.0003	1.19988e-05
700000.0003	3.09909e-05
700000.0003	2.79867e-05
700000.0003	-4.38125e-05
700000.0003	-2.85422e-05
700000.0003	3.82879e-05
700000.0003	-2.10897e-06
700000.0003	-3.80671e-05
700000.0003	-1.62721e-05
700000.0003	8.14594e-05
700000.0003	3.1045e-05
700000.0003	8.57174e-05
700000.0003	-5.7179e-05
700000.0003	-2.23428e-05
700000.0003	-2.93857e-05
700000.0003	-2.28041e-05
700000.0003	4.35813e-06
700000.0003	2.22646e-05
700000.0003	5.55548e-05
700000.0003	5.16612e-05
700000.0003	4.07259e-05
700000.0003	2.84856e-05
700000.0003	-2.1173e-05
700000.0003	9.93652e-06
700000.0003	5.75333e-05
700000.0003	2.86275e-05
700000.0003	-1.50683e-05
700000.0003	-3.68696e-05
700000.0003	5.28409e-05
700000.0003	-6.00771e-05
700000.0003	-1.02999e-05
700000.0003	1.944e-05
700000.0003	-2.60776e-05
700000.0003	2.584e-05
700000.0003	9.14507e-05
700000.0003	2.40837e-05
700000.0003	1.32808e-05
700000.0003	2.31538e-05
700000.0003	5.25516e-05
700000.0003	1.18808e-05
700000.0003	-9.82979e-06
700000.0003	7.84855e-06
700000.0003	-2.13573e-05
700000.0003	2.71737e-05
700000.0003	2.46892e-05
700000.0003	0.000110976
700000.0003	-1.31444e-05
700000.0003	-2.12328e-05
700000.0003	-4.42368e-05
700000.0003	8.98492e-06
700000.0003	6.0057e-05
700000.0003	-6.8571e-05
700000.0003	-4.54114e-05
700000.0003	0.000100494
700000.0003	-3.88553e-05
700000.0003	3.46557e-05
700000.0003	1.25621e-05
700000.0003	6.01035e-05
700000.0003	-1.20086e-05
700000.0003	-2.281e-05
700000.0003	3.47123e-06
700000.0003	-2.07517e-05
700000.0003	3.66296e-05
700000.0003	-4.3466e-05
700000.0003	8.63904e-05
700000.0003	-1.8852e-05
700000.0003	1.84004e-05
700000.0003	-2.17516e-05
700000.0003	6.79155e-06
700000.0003	6.59362e-05
700000.0003	-1.70453e-06
700000.0003	-5.78759e-05
700000.0003	-7.41418e-05
700000.0003	4.89213e-06
700000.0003	1.8083e-05
700000.0003	-5.09828e-05
700000.0003	8.22044e-05
700000.0003	3.80264e-06
700000.0003	4.71013e-05
700000.0003	-1.55805e-05
700000.0003	-2.04776e-05
700000.0003	-5.81271e-05
700000.0003	0.000258922
700000.0003	2.08739e-05
700000.0003	-7.71747e-05
700000.0003	-0.000183977
700000.0003	-0.000155652
700000.0003	-0.000122662
700000.0003	0.000275563
700000.0003	-3.96415e-05
700000.0003	-0.000189124
700000.0003	0.00031608
700000.0003	0.0179092
700000.0003	0.0236395
700000.0003	0.0370238
700000.0003	0.0602995
700000.0003	0.102141
700000.0003	0.167447
700000.0003	0.267303
700000.0003	0.408259
700000.0003	0.608925
700000.0003	0.878426
700000.0003	1.249
700000.0003	1.75878
700000.0003	2.44914
700000.0003	3.33076
700000.0003	4.46216
700000.0003	5.82678
700000.0003	7.44968
700000.0003	9.29436
700000.0003	11.2794
700000.0003	13.3734
700000.0003	15.3085
700000.0003	16.9155
700000.0003	18.2864
700000.0003	18.9732
700000.0003	19.4878
700000.0003	19.697
700000.0003	19.7556
700000.0003	19.6044
700000.0003	19.2579
700000.0003	19.0102
700000.0003	18.812
700000.0003	18.4404
700000.0003	18.2254
700000.0003	17.9317
700000.0003	17.7668
700000.0003	17.4603
700000.0003	17.2162
700000.0003	16.959
700000.0003	16.6067
700000.0003	16.3208
700000.0003	15.9852
700000.0003	15.6978
700000.0003	15.4076
700000.0003	15.1565
700000.0003	14.9033
700000.0003	14.6802
700000.0003	14.4182
700000.0003	14.1954
700000.0003	14.0537
700000.0003	13.8584
700000.0003	13.7668
700000.0003	13.658
700000.0003	13.446
700000.0003	13.3531
700000.0003	13.2019
700000.0003	13.0752
700000.0003	13.024
700000.0003	12.8507
700000.0003	12.7172
700000.0003	12.6247
700000.0003	12.6326
700000.0003	12.5279
700000.0003	12.3337
700000.0003	12.2576
700000.0003	12.2836
700000.0003	12.1817
700000.0003	12.1501
700000.0003	12.1516
700000.0003	11.9332
700000.0003	11.8855
700000.0003	11.8172
700000.0003	11.759
700000.0003	11.7782
700000.0003	11.6889
700000.0003	11.6884
700000.0003	11.5756
700000.0003	11.5426
700000.0003	11.5722
700000.0003	11.4781
700000.0003	11.465
700000.0003	11.3795
700000.0003	11.382
700000.0003	11.3678
700000.0003	11.3388
700000.0003	11.3163
700000.0003	11.1979
700000.0003	11.1597
700000.0003	11.1692
700000.0003	11.1109
700000.0003	11.1067
700000.0003	11.1402
700000.0003	11.0743
700000.0003	11.0674
700000.0003	11.05
700000.0003	10.9702
700000.0003	11.0275
700000.0003	10.9199
700000.0003	10.908
700000.0003	10.8727
700000.0003	10.9324
700000.0003	10.9661
700000.0003	10.8983
700000.0003	10.7963
700000.0003	10.8671
700000.0003	10.855
700000.0003	10.9655
700000.0003	10.8087
700000.0003	10.7753
700000.0003	10.8506
700000.0003	10.7413
700000.0003	10.7865
700000.0003	10.7074
700000.0003	10.8397
700000.0003	10.7544
700000.0003	10.696
700000.0003	10.8603
700000.0003	10.7328
700000.0003	10.6825
700000.0003	10.7151
700000.0003	10.6222
700000.0003	10.7898
700000.0003	10.6634
700000.0003	10.6494
700000.0003	10.6815
700000.0003	10.6925
700000.0003	10.5549
700000.0003	10.6574
700000.0003	10.6289
700000.0003	10.5723
700000.0003	10.539
700000.0003	10.7573
700000.0003	10.6809
700000.0003	10.6252
700000.0003	10.6013
700000.0003	10.5631
700000.0003	10.6654
700000.0003	10.6022
700000.0003	10.6523
700000.0003	10.6346
700000.0003	10.7089
700000.0003	10.6333
700000.0003	10.6903
700000.0003	10.5735
700000.0003	10.6228
700000.0003	10.6035
700000.0003	10.6383
700000.0003	10.6621
700000.0003	10.5604
700000.0003	10.4911
700000.0003	10.5951
700000.0003	10.5772
700000.0003	10.5528
700000.0003	10.5321
700000.0003	10.432
700000.0003	10.4032
700000.0003	10.4243
700000.0003	10.3652
700000.0003	10.3044
700000.0003	10.2803
700000.0003	10.2141
700000.0003	10.1743
700000.0003	10.2079
700000.0003	10.1022
700000.0003	10.0533
700000.0003	9.9511
700000.0003	9.96776
700000.0003	9.93813
700000.0003	9.87484
700000.0003	9.82156
700000.0003	9.80457
700000.0003	9.73305
700000.0003	9.66174
700000.0003	9.6041
700000.0003	9.56873
700000.0003	9.56502
700000.0003	9.39422
700000.0003	9.38968
700000.0003	9.30395
700000.0003	9.25682
700000.0003	9.12839
700000.0003	9.13493
700000.0003	9.05757
700000.0003	8.99131
700000.0003	8.88958
700000.0003	8.84654
700000.0003	8.75274
700000.0003	8.72119
700000.0003	8.65765
700000.0003	8.56522
700000.0003	8.50114
700000.0003	8.41073
700000.0003	8.32116
700000.0003	8.20877
700000.0003	8.17341
700000.0003	8.12508
700000.0003	8.02692
700000.0003	7.93345
700000.0003	7.81967
700000.0003	7.78132
700000.0003	7.70915
700000.0003	7.59165
700000.0003	7.49828
700000.0003	7.48311
700000.0003	7.36511
700000.0003	7.29914
700000.0003	7.19924
700000.0003	7.15789
700000.0003	7.05772
700000.0003	6.97349
700000.0003	6.92383
700000.0003	6.83371
700000.0003	6.75357
700000.0003	6.71633
700000.0003	6.62291
700000.0003	6.56009
700000.0003	6.46581
700000.0003	6.39987
700000.0003	6.32952
700000.0003	6.23529
700000.0003	6.17844
700000.0003	6.13507
700000.0003	6.08644
700000.0003	6.03132
700000.0003	5.98128
700000.0003	5.8973
700000.0003	5.84609
700000.0003	5.81868
700000.0003	5.77847
700000.0003	5.73958
700000.0003	5.69924
700000.0003	5.67023
700000.0003	5.63434
700000.0003	5.61972
700000.0003	5.58852
700000.0003	5.53814
700000.0003	5.48517
700000.0003	5.45239
700000.0003	5.36155
700000.0003	5.31774
700000.0003	5.20506
700000.0003	5.11579
700000.0003	4.99683
700000.0003	4.84609
700000.0003	4.66444
700000.0003	4.48032
700000.0003	4.26277
700000.0003	4.02741
700000.0003	3.79043
700000.0003	3.53615
700000.0003	3.29119
700000.0003	3.03195
700000.0003	2.79318
700000.0003	2.5523
700000.0003	2.33433
700000.0003	2.12683
700000.0003	1.93413
700000.0003	1.74732
700000.0003	1.57827
700000.0003	1.4277
700000.0003	1.27905
700000.0003	1.15371
700000.0003	1.03287
700000.0003	0.923461
700000.0003	0.826876
700000.0003	0.731026
700000.0003	0.650101
700000.0003	0.574664
700000.0003	0.505549
700000.0003	0.444495
700000.0003	0.389401
700000.0003	0.338488
700000.0003	0.295775
700000.0003	0.255625
700000.0003	0.218558
700000.0003	0.18854
700000.0003	0.161595
700000.0003	0.136686
700000.0003	0.115753
700000.0003	0.0974578
700000.0003	0.0813538
700000.0003	0.0686467
700000.0003	0.057593
700000.0003	0.048138
700000.0003	0.0408087
700000.0003	0.0340046
700000.0003	0.0281886
700000.0003	0.0238702
700000.0003	0.020124
700000.0003	0.016838
700000.0003	0.0144861
700000.0003	0.0127235
700000.0003	0.010838
700000.0003	0.00945182
700000.0003	0.00843411
700000.0003	0.00748195
700000.0003	0.00676812
700000.0003	0.0061794
700000.0003	0.00577313
700000.0003	0.00551916
700000.0003	0.00526422
700000.0003	0.00512779
700000.0003	0.00504925
700000.0003	0.00488051
700000.0003	0.00487592
700000.0003	0.00474388
700000.0003	0.00465003
700000.0003	0.0046088
700000.0003	0.00456162
700000.0003	0.00455307
700000.0003	0.00445714
700000.0003	0.00443379
700000.0003	0.00440388
700000.0003	0.00435262
700000.0003	0.00437415
700000.0003	0.00430779
700000.0003	0.00426331
700000.0003	0.00423642
700000.0003	0.00424407
700000.0003	0.00423685
700000.0003	0.00417906
700000.0003	0.0042338
700000.0003	0.00423509
700000.0003	0.00412524
700000.0003	0.00414162
700000.0003	0.00412618
700000.0003	0.00416347
700000.0003	0.00416728
700000.0003	0.00414669
700000.0003	0.00411545
700000.0003	0.00413442
700000.0003	0.004117
700000.0003	0.00413187
700000.0003	0.00413745
700000.0003	0.00408182
700000.0003	0.00410425
700000.0003	0.00413516
700000.0003	0.00411071
700000.0003	0.00415577
700000.0003	0.00411753
700000.0003	0.00412482
700000.0003	0.00410511
700000.0003	0.00412152
700000.0003	0.00409948
700000.0003	0.00416758
700000.0003	0.00412278
700000.0003	0.00415122
700000.0003	0.00413138
700000.0003	0.00412972
700000.0003	0.00414352
700000.0003	0.00409289
700000.0003	0.00411656
700000.0003	0.00414067
700000.0003	0.00411067
700000.0003	0.00422276
700000.0003	0.00421254
700000.0003	0.00421839
700000.0003	0.00422059
700000.0003	0.004221
700000.0003	0.00421019
700000.0003	0.00424805
700000.0003	0.0042616
700000.0003	0.0042992
700000.0003	0.00430307
700000.0003	0.00434619
700000.0003	0.00438079
700000.0003	0.00439402
700000.0003	0.00444908
700000.0003	0.00443032
700000.0003	0.00451064
700000.0003	0.00451939
700000.0003	0.00452619
700000.0003	0.00457857
700000.0003	0.00474896
700000.0003	0.0047584
700000.0003	0.00484227
700000.0003	0.00480034
700000.0003	0.00490648
700000.0003	0.0050639
700000.0003	0.0050786
700000.0003	0.00524212
700000.0003	0.00536709
700000.0003	0.00549262
700000.0003	0.00575125
700000.0003	0.00584156
700000.0003	0.00620082
700000.0003	0.00638082
700000.0003	0.0065832
700000.0003	0.00687414
700000.0003	0.00730567
700000.0003	0.00771082
700000.0003	0.00810187
700000.0003	0.00858809
700000.0003	0.00915621
700000.0003	0.0100114
700000.0003	0.0107469
700000.0003	0.0118253
700000.0003	0.0127169
700000.0003	0.0138999
700000.0003	0.0150137
700000.0003	0.0167829
