700000.0003	28.5183
700000.0003	101.163
700000.0003	202.857
700000.0003	338.38
700000.0003	536.647
700000.0003	774.503
700000.0003	1076.15
700000.0003	1427.83
700000.0003	1830.51
700000.0003	2287.75
700000.0003	2779.83
700000.0003	3307.57
700000.0003	3869.71
700000.0003	4450.51
700000.0003	5020.29
700000.0003	5535.43
700000.0003	5990.58
700000.0003	6380.8
700000.0003	6692.99
700000.0003	6893.9
700000.0003	7027.11
700000.0003	7101.95
700000.0003	7147.52
700000.0003	7041.91
700000.0003	6951.01
700000.0003	6805.51
700000.0003	6575.9
700000.0003	6339.09
700000.0003	6035.11
700000.0003	5704.62
700000.0003	5390.62
700000.0003	4962.98
700000.0003	4503.18
700000.0003	4053.81
700000.0003	3531.53
700000.0003	2987.66
700000.0003	2360.52
700000.0003	1744.63
700000.0003	1067.09
700000.0003	366.599
700000.0003	0
700000.0003	0
700000.0003	0
700000.0003	0
700000.0003	0
700000.0003	0
700000.0003	0
700000.0003	0
700000.0003	0
700000.0003	0
700000.0003	0
700000.0003	0
700000.0003	0
700000.0003	0
700000.0003	0
700000.0003	0
700000.0003	0
700000.0003	0
700000.0003	0
700000.0003	0
700000.0003	0
700000.0003	0
700000.0003	0
700000.0003	0
700000.0003	0
700000.0003	0
700000.0003	0
700000.0003	0
700000.0003	0
700000.0003	0
700000.0003	0
700000.0003	0
700000.0003	0
700000.0003	0
700000.0003	0
700000.0003	0
700000.0003	0
700000.0003	0
700000.0003	0
700000.0003	0
700000.0003	0
700000.0003	0
700000.0003	0
700000.0003	0
700000.0003	0
700000.0003	0
700000.0003	0
700000.0003	0
700000.0003	0
700000.0003	0
700000.0003	0
700000.0003	0
700000.0003	0
700000.0003	0
700000.0003	0
700000.0003	0
700000.0003	0
700000.0003	0
700000.0003	0
700000.0003	0
700000.0003	0
700000.0003	0
700000.0003	0
700000.0003	0
700000.0003	0
700000.0003	0
700000.0003	0
700000.0003	0
700000.0003	0
700000.0003	0
700000.0003	0
700000.0003	0
700000.0003	0
700000.0003	0
700000.0003	0
700000.0003	0
700000.0003	0
700000.0003	0
700000.0003	0
700000.0003	0
700000.0003	0
700000.0003	0
700000.0003	0
700000.0003	0
700000.0003	0
700000.0003	0
700000.0003	0
700000.0003	0
700000.0003	0
700000.0003	0
700000.0003	0
700000.0003	0
700000.0003	0
700000.0003	0
700000.0003	0
700000.0003	0
700000.0003	0
700000.0003	0
700000.0003	0
700000.0003	0
700000.0003	-23.5308
700000.0003	-70.9541
700000.0003	-116.712
700000.0003	-162.243
700000.0003	-207.346
700000.0003	-252.685
700000.0003	-297.376
700000.0003	-339.29
700000.0003	-380.129
700000.0003	-425.293
700000.0003	-469.745
700000.0003	-509.02
700000.0003	-550.112
700000.0003	-584.562
700000.0003	-623.188
700000.0003	-666.114
700000.0003	-701.664
700000.0003	-741.035
700000.0003	-777.151
700000.0003	-808.761
700000.0003	-843.153
700000.0003	-889.851
700000.0003	-919.875
700000.0003	-949.523
700000.0003	-982.722
700000.0003	-1022.82
700000.0003	-1054.79
700000.0003	-1083.63
700000.0003	-1118.34
700000.0003	-1147.44
700000.0003	-1172.34
700000.0003	-1210.97
700000.0003	-1231.61
700000.0003	-1257.9
700000.0003	-1291.68
700000.0003	-1311.59
700000.0003	-1346.87
700000.0003	-1376.76
700000.0003	-1389.72
700000.0003	-1416.44
700000.0003	-1445.82
700000.0003	-1476.17
700000.0003	-1503.19
700000.0003	-1516.58
700000.0003	-1543.61
700000.0003	-1558.05
700000.0003	-1575.52
700000.0003	-1601.11
700000.0003	-1621.63
700000.0003	-1643.01
700000.0003	-1658.98
700000.0003	-1674.17
700000.0003	-1688.45
700000.0003	-1715.05
700000.0003	-1730.24
700000.0003	-1733.87
700000.0003	-1760.55
700000.0003	-1766.4
700000.0003	-1787.91
700000.0003	-1793.22
700000.0003	-1807.08
700000.0003	-1821.39
700000.0003	-1840.97
700000.0003	-1836.87
700000.0003	-1841.48
700000.0003	-1857.06
700000.0003	-1866.99
700000.0003	-1871.61
700000.0003	-1877.95
700000.0003	-1887.11
700000.0003	-1890.47
700000.0003	-1914.14
700000.0003	-1907.81
700000.0003	-1905.12
700000.0003	-1920.53
700000.0003	-1919.59
700000.0003	-1924.87
700000.0003	-1925.56
700000.0003	-1923.41
700000.0003	-1929.78
700000.0003	-1922.08
700000.0003	-1932.12
700000.0003	-1922.19
700000.0003	-1928.9
700000.0003	-1912.17
700000.0003	-1913.53
700000.0003	-1921.1
700000.0003	-1902
700000.0003	-1903.68
700000.0003	-1892.16
700000.0003	-1893.62
700000.0003	-1880.18
700000.0003	-1868.88
700000.0003	-1861.57
700000.0003	-1848.55
700000.0003	-1832.94
700000.0003	-1823.02
700000.0003	-1803.84
700000.0003	-1784.42
700000.0003	-1758.92
700000.0003	-1736.25
700000.0003	-1718.64
700000.0003	-1688.15
700000.0003	-1651.24
700000.0003	-1619.34
700000.0003	-1589.04
700000.0003	-1541.93
700000.0003	-1498.3
700000.0003	-1445.42
700000.0003	-1395.79
700000.0003	-1341.43
700000.0003	-1285.22
700000.0003	-1222.38
700000.0003	-1161.79
700000.0003	-1099.97
700000.0003	-1035.71
700000.0003	-971.816
700000.0003	-908.556
700000.0003	-849.705
700000.0003	-788.062
700000.0003	-727.961
700000.0003	-671.148
700000.0003	-616.835
700000.0003	-562.976
700000.0003	-510.533
700000.0003	-464.459
700000.0003	-420.334
700000.0003	-376.802
700000.0003	-336.956
700000.0003	-300.662
700000.0003	-264.588
700000.0003	-232.934
700000.0003	-205.091
700000.0003	-179.454
700000.0003	-154.607
700000.0003	-135.328
700000.0003	-115.822
700000.0003	-99.0903
700000.0003	-85.034
700000.0003	-72.9425
700000.0003	-61.4218
700000.0003	-52.3038
700000.0003	-43.7037
700000.0003	-37.4969
700000.0003	-31.5199
700000.0003	-26.4101
700000.0003	-22.4457
700000.0003	-18.9151
700000.0003	-15.8246
700000.0003	-13.0236
700000.0003	-11.0601
700000.0003	-9.12083
700000.0003	-7.52517
700000.0003	-6.12479
700000.0003	-4.74086
700000.0003	-3.73102
700000.0003	-2.84224
700000.0003	-1.92631
700000.0003	-1.11818
700000.0003	-0.362457
700000.0003	0
700000.0003	0
700000.0003	0
700000.0003	0
700000.0003	0
700000.0003	0
700000.0003	0
700000.0003	0
700000.0003	0
700000.0003	0
700000.0003	0
700000.0003	0
700000.0003	0
700000.0003	0
700000.0003	0
700000.0003	0
700000.0003	0
700000.0003	0
700000.0003	0
700000.0003	0
700000.0003	0
700000.0003	0
700000.0003	0
700000.0003	0
700000.0003	0
700000.0003	0
700000.0003	0
700000.0003	0
700000.0003	0
700000.0003	0
700000.0003	0
700000.0003	0
700000.0003	0
700000.0003	0
700000.0003	0
700000.0003	0
700000.0003	0
700000.0003	0
700000.0003	0
700000.0003	0
700000.0003	0
700000.0003	0
700000.0003	0
700000.0003	0
700000.0003	0
700000.0003	0
700000.0003	0
700000.0003	0
700000.0003	0
700000.0003	0
700000.0003	0
700000.0003	0
700000.0003	0
700000.0003	0
700000.0003	0
700000.0003	0
700000.0003	0
700000.0003	0
700000.0003	0
700000.0003	0
700000.0003	0
700000.0003	0
700000.0003	0
700000.0003	0
700000.0003	0
700000.0003	0
700000.0003	0
700000.0003	0
700000.0003	0
700000.0003	0
700000.0003	0
700000.0003	0
700000.0003	0
700000.0003	0
700000.0003	0
700000.0003	0
700000.0003	0
700000.0003	0
700000.0003	0
700000.0003	0
700000.0003	0
700000.0003	0
700000.0003	0
700000.0003	0
700000.0003	0
700000.0003	0
700000.0003	0
700000.0003	0
700000.0003	0
700000.0003	0
700000.0003	0
700000.0003	0
700000.0003	0
700000.0003	0
700000.0003	0
700000.0003	0
700000.0003	0
700000.0003	0
700000.0003	0
700000.0003	0
700000.0003	-0.484418
700000.0003	0.77524
700000.0003	-0.59112
700000.0003	0.683084
700000.0003	0.553174
700000.0003	-2.30541
700000.0003	-2.67165
700000.0003	-0.871445
700000.0003	8.22543
700000.0003	1.27405
700000.0003	-4.41568
700000.0003	-5.79526
700000.0003	8.56867
700000.0003	0.182551
700000.0003	-1.42612
700000.0003	9.71113
700000.0003	-2.41769
700000.0003	19.2086
700000.0003	-6.29283
700000.0003	2.8486
700000.0003	-17.1769
700000.0003	-7.75867
700000.0003	-2.5608
700000.0003	-14.005
700000.0003	24.2578
700000.0003	4.42944
700000.0003	42.3871
700000.0003	-3.62899
700000.0003	-4.42495
700000.0003	-8.52719
700000.0003	-7.55132
700000.0003	-15.6598
700000.0003	-5.09806
700000.0003	-4.77533
700000.0003	-14.01
700000.0003	-1.5293
700000.0003	-2.37484
700000.0003	4.49347
700000.0003	-5.14241
700000.0003	-0.316009
700000.0003	0
700000.0003	0
700000.0003	0
700000.0003	0
700000.0003	0
700000.0003	0
700000.0003	0
700000.0003	0
700000.0003	0
700000.0003	0
700000.0003	0
700000.0003	0
700000.0003	0
700000.0003	0
700000.0003	0
700000.0003	0
700000.0003	0
700000.0003	0
700000.0003	0
700000.0003	0
700000.0003	0
700000.0003	0
700000.0003	0
700000.0003	0
700000.0003	0
700000.0003	0
700000.0003	0
700000.0003	0
700000.0003	0
700000.0003	0
700000.0003	0
700000.0003	0
700000.0003	0
700000.0003	0
700000.0003	0
700000.0003	0
700000.0003	0
700000.0003	0
700000.0003	0
700000.0003	0
700000.0003	0
700000.0003	0
700000.0003	0
700000.0003	0
700000.0003	0
700000.0003	0
700000.0003	0
700000.0003	0
700000.0003	0
700000.0003	0
700000.0003	0
700000.0003	0
700000.0003	0
700000.0003	0
700000.0003	0
700000.0003	0
700000.0003	0
700000.0003	0
700000.0003	0
700000.0003	0
700000.0003	0
700000.0003	0
700000.0003	0
700000.0003	0
700000.0003	0
700000.0003	0
700000.0003	0
700000.0003	0
700000.0003	0
700000.0003	0
700000.0003	0
700000.0003	0
700000.0003	0
700000.0003	0
700000.0003	0
700000.0003	0
700000.0003	0
700000.0003	0
700000.0003	0
700000.0003	0
700000.0003	0
700000.0003	0
700000.0003	0
700000.0003	0
700000.0003	0
700000.0003	0
700000.0003	0
700000.0003	0
700000.0003	0
700000.0003	0
700000.0003	0
700000.0003	0
700000.0003	0
700000.0003	0
700000.0003	0
700000.0003	0
700000.0003	0
700000.0003	0
700000.0003	0
700000.0003	0
700000.0003	-0.0890317
700000.0003	-0.00663886
700000.0003	-0.107956
700000.0003	0.000474998
700000.0003	-0.727727
700000.0003	-0.497876
700000.0003	-0.608367
700000.0003	0.67305
700000.0003	0.886971
700000.0003	-1.92849
700000.0003	-0.605551
700000.0003	0.235984
700000.0003	0.975491
700000.0003	0.773437
700000.0003	-0.293346
700000.0003	-1.49072
700000.0003	-4.22514
700000.0003	-1.80187
700000.0003	0.355281
700000.0003	1.94082
700000.0003	-3.05668
700000.0003	2.23187
700000.0003	1.20672
700000.0003	0.5001
700000.0003	-1.36557
700000.0003	-0.861036
700000.0003	-2.28489
700000.0003	4.28264
700000.0003	-0.349322
700000.0003	3.67045
700000.0003	1.7443
700000.0003	-0.499999
700000.0003	0.420452
700000.0003	-6.58479
700000.0003	0.73539
700000.0003	1.65886
700000.0003	3.03353
700000.0003	-2.22777
700000.0003	3.0172
700000.0003	5.7833
700000.0003	3.63931
700000.0003	2.09749
700000.0003	-2.64963
700000.0003	-2.80323
700000.0003	0.0869273
700000.0003	2.20843
700000.0003	-4.22577
700000.0003	-3.55433
700000.0003	-0.115885
700000.0003	-1.70918
700000.0003	1.75629
700000.0003	0.298638
700000.0003	-3.45051
700000.0003	1.87271
700000.0003	-2.20644
700000.0003	3.77511
700000.0003	4.18031
700000.0003	-2.59405
700000.0003	1.71674
700000.0003	1.44418
700000.0003	-2.26801
700000.0003	-4.86095
700000.0003	0.0297812
700000.0003	-1.51884
700000.0003	3.11623
700000.0003	-0.288018
700000.0003	-0.138642
700000.0003	-0.911943
700000.0003	2.94836
700000.0003	-6.99296
700000.0003	-2.32928
700000.0003	-6.64901
700000.0003	-1.47419
700000.0003	-1.88133
700000.0003	0.373726
700000.0003	4.54447
700000.0003	6.21091
700000.0003	-1.3555
700000.0003	0.35524
700000.0003	-3.13044
700000.0003	3.62585
700000.0003	10.4844
700000.0003	3.54174
700000.0003	2.05951
700000.0003	-1.01402
700000.0003	-3.10402
700000.0003	-2.60175
700000.0003	0.855845
700000.0003	-4.45449
700000.0003	3.59809
700000.0003	0.454384
700000.0003	2.86888
700000.0003	-4.21445
700000.0003	1.12961
700000.0003	-0.016155
700000.0003	0.0105637
700000.0003	-3.39649
700000.0003	-1.00189
700000.0003	1.02983
700000.0003	-0.00765238
700000.0003	2.45714
700000.0003	-2.6804
700000.0003	-4.49229
700000.0003	4.79413
700000.0003	-0.911376
700000.0003	-3.9082
700000.0003	0.641188
700000.0003	4.29683
700000.0003	0.103866
700000.0003	-2.30292
700000.0003	-5.19452
700000.0003	2.04151
700000.0003	-1.66825
700000.0003	-3.78529
700000.0003	1.99249
700000.0003	-1.19833
700000.0003	3.0747
700000.0003	0.711588
700000.0003	0.127342
700000.0003	0.905172
700000.0003	-0.22066
700000.0003	2.23888
700000.0003	-1.22183
700000.0003	1.11545
700000.0003	0.164521
700000.0003	-0.0807027
700000.0003	-0.860695
700000.0003	1.24542
700000.0003	0.0479933
700000.0003	0.0978272
700000.0003	-1.77429
700000.0003	0.414976
700000.0003	-0.124091
700000.0003	-0.0331404
700000.0003	-0.175899
700000.0003	-0.0160056
700000.0003	0.349858
700000.0003	-0.186505
700000.0003	0.557167
700000.0003	0.442737
700000.0003	-0.0801121
700000.0003	-0.230027
700000.0003	-0.268816
700000.0003	-0.579793
700000.0003	-0.0975568
700000.0003	-0.0168644
700000.0003	-0.23118
700000.0003	-0.062177
700000.0003	0.184715
700000.0003	-0.00195954
700000.0003	-0.0630456
700000.0003	-0.0693805
700000.0003	0.0200314
700000.0003	-0.0799872
700000.0003	-0.0360473
700000.0003	0.0139852
700000.0003	0.0138323
700000.0003	0.0188325
700000.0003	0.00279658
700000.0003	-0.000198708
700000.0003	0
700000.0003	0
700000.0003	0
700000.0003	0
700000.0003	0
700000.0003	0
700000.0003	0
700000.0003	0
700000.0003	0
700000.0003	0
700000.0003	0
700000.0003	0
700000.0003	0
700000.0003	0
700000.0003	0
700000.0003	0
700000.0003	0
700000.0003	0
700000.0003	0
700000.0003	0
700000.0003	0
700000.0003	0
700000.0003	0
700000.0003	0
700000.0003	0
700000.0003	0
700000.0003	0
700000.0003	0
700000.0003	0
700000.0003	0
700000.0003	0
700000.0003	0
700000.0003	0
700000.0003	0
700000.0003	0
700000.0003	0
700000.0003	0
700000.0003	0
700000.0003	0
700000.0003	0
700000.0003	0
700000.0003	0
700000.0003	0
700000.0003	0
700000.0003	0
700000.0003	0
700000.0003	0
700000.0003	0
700000.0003	0
700000.0003	0
700000.0003	0
700000.0003	0
700000.0003	0
700000.0003	0
700000.0003	0
700000.0003	0
700000.0003	0
700000.0003	0
700000.0003	0
700000.0003	0
700000.0003	0
700000.0003	0
700000.0003	0
700000.0003	0
700000.0003	0
700000.0003	0
700000.0003	0
700000.0003	0
700000.0003	0
700000.0003	0
700000.0003	0
700000.0003	0
700000.0003	0
700000.0003	0
700000.0003	0
700000.0003	0
700000.0003	0
700000.0003	0
700000.0003	0
700000.0003	0
700000.0003	0
700000.0003	0
700000.0003	0
700000.0003	0
700000.0003	0
700000.0003	0
700000.0003	0
700000.0003	0
700000.0003	0
700000.0003	0
700000.0003	0
700000.0003	0
700000.0003	0
700000.0003	0
700000.0003	0
700000.0003	0
700000.0003	0
700000.0003	0
700000.0003	0
700000.0003	0
