700000.0003	28.5602
700000.0003	100.067
700000.0003	203.258
700000.0003	341.477
700000.0003	531.573
700000.0003	772.594
700000.0003	1082.25
700000.0003	1432.87
700000.0003	1832.23
700000.0003	2296.14
700000.0003	2765.02
700000.0003	3310.29
700000.0003	3866.89
700000.0003	4438.04
700000.0003	5018.8
700000.0003	5527.59
700000.0003	6003.45
700000.0003	6370.59
700000.0003	6664.64
700000.0003	6903.56
700000.0003	7025.15
700000.0003	7071.02
700000.0003	7129.84
700000.0003	7036.72
700000.0003	6947.32
700000.0003	6761.18
700000.0003	6573.21
700000.0003	6325.02
700000.0003	6065.55
700000.0003	5756.48
700000.0003	5383.93
700000.0003	4968.97
700000.0003	4506.33
700000.0003	4025.21
700000.0003	3500.39
700000.0003	2956.59
700000.0003	2371.8
700000.0003	1744.36
700000.0003	1075.96
700000.0003	366.023
700000.0003	0
700000.0003	0
700000.0003	0
700000.0003	0
700000.0003	0
700000.0003	0
700000.0003	0
700000.0003	0
700000.0003	0
700000.0003	0
700000.0003	0
700000.0003	0
700000.0003	0
700000.0003	0
700000.0003	0
700000.0003	0
700000.0003	0
700000.0003	0
700000.0003	0
700000.0003	0
700000.0003	0
700000.0003	0
700000.0003	0
700000.0003	0
700000.0003	0
700000.0003	0
700000.0003	0
700000.0003	0
700000.0003	0
700000.0003	0
700000.0003	0
700000.0003	0
700000.0003	0
700000.0003	0
700000.0003	0
700000.0003	0
700000.0003	0
700000.0003	0
700000.0003	0
700000.0003	0
700000.0003	0
700000.0003	0
700000.0003	0
700000.0003	0
700000.0003	0
700000.0003	0
700000.0003	0
700000.0003	0
700000.0003	0
700000.0003	0
700000.0003	0
700000.0003	0
700000.0003	0
700000.0003	0
700000.0003	0
700000.0003	0
700000.0003	0
700000.0003	0
700000.0003	0
700000.0003	0
700000.0003	0
700000.0003	0
700000.0003	0
700000.0003	0
700000.0003	0
700000.0003	0
700000.0003	0
700000.0003	0
700000.0003	0
700000.0003	0
700000.0003	0
700000.0003	0
700000.0003	0
700000.0003	0
700000.0003	0
700000.0003	0
700000.0003	0
700000.0003	0
700000.0003	0
700000.0003	0
700000.0003	0
700000.0003	0
700000.0003	0
700000.0003	0
700000.0003	0
700000.0003	0
700000.0003	0
700000.0003	0
700000.0003	0
700000.0003	0
700000.0003	0
700000.0003	0
700000.0003	0
700000.0003	0
700000.0003	0
700000.0003	0
700000.0003	0
700000.0003	0
700000.0003	0
700000.0003	0
700000.0003	-23.7094
700000.0003	-70.2623
700000.0003	-117.419
700000.0003	-161.399
700000.0003	-207.835
700000.0003	-253.29
700000.0003	-295.953
700000.0003	-339.465
700000.0003	-383.264
700000.0003	-427.426
700000.0003	-467.82
700000.0003	-506.482
700000.0003	-546.071
700000.0003	-587.331
700000.0003	-625.471
700000.0003	-664.312
700000.0003	-701.081
700000.0003	-742.859
700000.0003	-780.554
700000.0003	-813.402
700000.0003	-850.736
700000.0003	-878.689
700000.0003	-922.977
700000.0003	-956.523
700000.0003	-988.318
700000.0003	-1023.47
700000.0003	-1055.98
700000.0003	-1083.18
700000.0003	-1116.43
700000.0003	-1143.85
700000.0003	-1178.07
700000.0003	-1206.63
700000.0003	-1238.54
700000.0003	-1260.62
700000.0003	-1291.75
700000.0003	-1317.19
700000.0003	-1352.52
700000.0003	-1384.46
700000.0003	-1404.96
700000.0003	-1422.53
700000.0003	-1446.66
700000.0003	-1472.33
700000.0003	-1496.82
700000.0003	-1509.58
700000.0003	-1529.76
700000.0003	-1554.32
700000.0003	-1583.73
700000.0003	-1605.17
700000.0003	-1618.72
700000.0003	-1631.05
700000.0003	-1658.94
700000.0003	-1668.75
700000.0003	-1695.89
700000.0003	-1715.05
700000.0003	-1726.26
700000.0003	-1744.85
700000.0003	-1749.03
700000.0003	-1768.27
700000.0003	-1785.82
700000.0003	-1788.94
700000.0003	-1806.85
700000.0003	-1815.6
700000.0003	-1830.34
700000.0003	-1848.79
700000.0003	-1857.44
700000.0003	-1866.81
700000.0003	-1869.12
700000.0003	-1885.06
700000.0003	-1886.79
700000.0003	-1882.83
700000.0003	-1883.56
700000.0003	-1897.01
700000.0003	-1906.34
700000.0003	-1913.88
700000.0003	-1911.83
700000.0003	-1915.06
700000.0003	-1918.68
700000.0003	-1925.37
700000.0003	-1919.11
700000.0003	-1913.77
700000.0003	-1926.28
700000.0003	-1924.43
700000.0003	-1934.56
700000.0003	-1920.69
700000.0003	-1916.96
700000.0003	-1918.14
700000.0003	-1909.53
700000.0003	-1901.2
700000.0003	-1903.72
700000.0003	-1891.87
700000.0003	-1876.71
700000.0003	-1880.98
700000.0003	-1872.34
700000.0003	-1854.25
700000.0003	-1849.19
700000.0003	-1837.74
700000.0003	-1820.74
700000.0003	-1807.29
700000.0003	-1787.4
700000.0003	-1770.91
700000.0003	-1743.28
700000.0003	-1707.36
700000.0003	-1693.14
700000.0003	-1658.65
700000.0003	-1618.41
700000.0003	-1586.79
700000.0003	-1545.94
700000.0003	-1496.7
700000.0003	-1447.01
700000.0003	-1400.05
700000.0003	-1339.81
700000.0003	-1284.37
700000.0003	-1223.87
700000.0003	-1168.26
700000.0003	-1100.78
700000.0003	-1035.03
700000.0003	-972.442
700000.0003	-911.113
700000.0003	-849.839
700000.0003	-786.005
700000.0003	-727.205
700000.0003	-671.085
700000.0003	-615.332
700000.0003	-563.744
700000.0003	-512.414
700000.0003	-465.714
700000.0003	-421.279
700000.0003	-376.515
700000.0003	-335.492
700000.0003	-299.789
700000.0003	-265.408
700000.0003	-233.913
700000.0003	-204.51
700000.0003	-179.337
700000.0003	-156.288
700000.0003	-135.289
700000.0003	-116.294
700000.0003	-99.4981
700000.0003	-84.7451
700000.0003	-72.837
700000.0003	-61.6392
700000.0003	-52.896
700000.0003	-44.202
700000.0003	-37.3262
700000.0003	-31.7514
700000.0003	-26.5342
700000.0003	-22.293
700000.0003	-18.9458
700000.0003	-15.5622
700000.0003	-13.1943
700000.0003	-11.1164
700000.0003	-9.11819
700000.0003	-7.46324
700000.0003	-6.01347
700000.0003	-4.75567
700000.0003	-3.74008
700000.0003	-2.80705
700000.0003	-1.87994
700000.0003	-1.1136
700000.0003	-0.361744
700000.0003	0
700000.0003	0
700000.0003	0
700000.0003	0
700000.0003	0
700000.0003	0
700000.0003	0
700000.0003	0
700000.0003	0
700000.0003	0
700000.0003	0
700000.0003	0
700000.0003	0
700000.0003	0
700000.0003	0
700000.0003	0
700000.0003	0
700000.0003	0
700000.0003	0
700000.0003	0
700000.0003	0
700000.0003	0
700000.0003	0
700000.0003	0
700000.0003	0
700000.0003	0
700000.0003	0
700000.0003	0
700000.0003	0
700000.0003	0
700000.0003	0
700000.0003	0
700000.0003	0
700000.0003	0
700000.0003	0
700000.0003	0
700000.0003	0
700000.0003	0
700000.0003	0
700000.0003	0
700000.0003	0
700000.0003	0
700000.0003	0
700000.0003	0
700000.0003	0
700000.0003	0
700000.0003	0
700000.0003	0
700000.0003	0
700000.0003	0
700000.0003	0
700000.0003	0
700000.0003	0
700000.0003	0
700000.0003	0
700000.0003	0
700000.0003	0
700000.0003	0
700000.0003	0
700000.0003	0
700000.0003	0
700000.0003	0
700000.0003	0
700000.0003	0
700000.0003	0
700000.0003	0
700000.0003	0
700000.0003	0
700000.0003	0
700000.0003	0
700000.0003	0
700000.0003	0
700000.0003	0
700000.0003	0
700000.0003	0
700000.0003	0
700000.0003	0
700000.0003	0
700000.0003	0
700000.0003	0
700000.0003	0
700000.0003	0
700000.0003	0
700000.0003	0
700000.0003	0
700000.0003	0
700000.0003	0
700000.0003	0
700000.0003	0
700000.0003	0
700000.0003	0
700000.0003	0
700000.0003	0
700000.0003	0
700000.0003	0
700000.0003	0
700000.0003	0
700000.0003	0
700000.0003	0
700000.0003	0
700000.0003	0.616745
700000.0003	-0.413429
700000.0003	1.04527
700000.0003	-0.387795
700000.0003	-0.390868
700000.0003	2.2359
700000.0003	4.87496
700000.0003	-2.6847
700000.0003	-3.09854
700000.0003	-2.21972
700000.0003	-12.3894
700000.0003	-17.2261
700000.0003	-0.972035
700000.0003	1.04274
700000.0003	18.0196
700000.0003	-0.947966
700000.0003	-11.2736
700000.0003	5.22358
700000.0003	-16.028
700000.0003	20.7479
700000.0003	-4.19294
700000.0003	2.88644
700000.0003	21.2149
700000.0003	15.0898
700000.0003	0.586489
700000.0003	11.0668
700000.0003	2.87284
700000.0003	7.65849
700000.0003	-31.4386
700000.0003	-3.52008
700000.0003	26.2836
700000.0003	10.4525
700000.0003	-0.525059
700000.0003	-1.25798
700000.0003	-12.745
700000.0003	2.12053
700000.0003	-4.33042
700000.0003	2.70217
700000.0003	0.543113
700000.0003	-0.926477
700000.0003	0
700000.0003	0
700000.0003	0
700000.0003	0
700000.0003	0
700000.0003	0
700000.0003	0
700000.0003	0
700000.0003	0
700000.0003	0
700000.0003	0
700000.0003	0
700000.0003	0
700000.0003	0
700000.0003	0
700000.0003	0
700000.0003	0
700000.0003	0
700000.0003	0
700000.0003	0
700000.0003	0
700000.0003	0
700000.0003	0
700000.0003	0
700000.0003	0
700000.0003	0
700000.0003	0
700000.0003	0
700000.0003	0
700000.0003	0
700000.0003	0
700000.0003	0
700000.0003	0
700000.0003	0
700000.0003	0
700000.0003	0
700000.0003	0
700000.0003	0
700000.0003	0
700000.0003	0
700000.0003	0
700000.0003	0
700000.0003	0
700000.0003	0
700000.0003	0
700000.0003	0
700000.0003	0
700000.0003	0
700000.0003	0
700000.0003	0
700000.0003	0
700000.0003	0
700000.0003	0
700000.0003	0
700000.0003	0
700000.0003	0
700000.0003	0
700000.0003	0
700000.0003	0
700000.0003	0
700000.0003	0
700000.0003	0
700000.0003	0
700000.0003	0
700000.0003	0
700000.0003	0
700000.0003	0
700000.0003	0
700000.0003	0
700000.0003	0
700000.0003	0
700000.0003	0
700000.0003	0
700000.0003	0
700000.0003	0
700000.0003	0
700000.0003	0
700000.0003	0
700000.0003	0
700000.0003	0
700000.0003	0
700000.0003	0
700000.0003	0
700000.0003	0
700000.0003	0
700000.0003	0
700000.0003	0
700000.0003	0
700000.0003	0
700000.0003	0
700000.0003	0
700000.0003	0
700000.0003	0
700000.0003	0
700000.0003	0
700000.0003	0
700000.0003	0
700000.0003	0
700000.0003	0
700000.0003	0
700000.0003	0.039112
700000.0003	-0.120539
700000.0003	-0.167767
700000.0003	-0.486876
700000.0003	0.801095
700000.0003	0.385024
700000.0003	-0.884369
700000.0003	-0.169084
700000.0003	0.93151
700000.0003	0.140806
700000.0003	1.88388
700000.0003	-1.66997
700000.0003	0.803337
700000.0003	-0.629827
700000.0003	0.319983
700000.0003	-1.55114
700000.0003	2.86298
700000.0003	0.123007
700000.0003	-0.316718
700000.0003	0.944103
700000.0003	-0.187914
700000.0003	2.02411
700000.0003	1.18937
700000.0003	-2.3666
700000.0003	-0.544533
700000.0003	-1.82458
700000.0003	0.683539
700000.0003	3.95552
700000.0003	1.46167
700000.0003	0.117402
700000.0003	3.17738
700000.0003	-0.812322
700000.0003	-1.96799
700000.0003	1.26716
700000.0003	-4.29213
700000.0003	0.0218598
700000.0003	-0.665714
700000.0003	3.9731
700000.0003	3.16695
700000.0003	3.87127
700000.0003	-0.915043
700000.0003	1.65331
700000.0003	-1.01886
700000.0003	0.313316
700000.0003	-1.09102
700000.0003	-3.47744
700000.0003	-4.07007
700000.0003	4.38321
700000.0003	-2.20672
700000.0003	-2.51896
700000.0003	-2.60397
700000.0003	1.21278
700000.0003	-1.74357
700000.0003	-1.11699
700000.0003	-2.29855
700000.0003	-2.23392
700000.0003	-4.43782
700000.0003	6.07416
700000.0003	2.26246
700000.0003	-3.64323
700000.0003	1.46771
700000.0003	-0.587428
700000.0003	0.910662
700000.0003	-2.03168
700000.0003	-1.77283
700000.0003	-0.43236
700000.0003	3.67874
700000.0003	4.96257
700000.0003	0.901164
700000.0003	-3.27436
700000.0003	-1.95299
700000.0003	0.0925081
700000.0003	10.1666
700000.0003	4.2944
700000.0003	-7.4782
700000.0003	2.18164
700000.0003	-0.430191
700000.0003	-1.71561
700000.0003	-6.06033
700000.0003	-0.143556
700000.0003	0.314639
700000.0003	-2.38826
700000.0003	-1.97912
700000.0003	1.36338
700000.0003	5.56055
700000.0003	-4.09213
700000.0003	-3.73841
700000.0003	-4.29432
700000.0003	1.7812
700000.0003	2.42578
700000.0003	3.7098
700000.0003	0.0612785
700000.0003	-0.17053
700000.0003	-6.30546
700000.0003	0.858412
700000.0003	-0.15271
700000.0003	3.37613
700000.0003	-3.28929
700000.0003	3.14227
700000.0003	0.526482
700000.0003	1.67082
700000.0003	-3.63932
700000.0003	-2.79595
700000.0003	-1.797
700000.0003	1.36402
700000.0003	-0.838948
700000.0003	0.501463
700000.0003	7.62885
700000.0003	-1.61933
700000.0003	-0.357551
700000.0003	1.17077
700000.0003	1.09905
700000.0003	0.281982
700000.0003	-1.22157
700000.0003	1.30512
700000.0003	-0.553149
700000.0003	2.45468
700000.0003	-0.705461
700000.0003	-4.64642
700000.0003	-1.06903
700000.0003	-2.55008
700000.0003	0.16183
700000.0003	-1.7387
700000.0003	2.12785
700000.0003	1.09054
700000.0003	-0.338885
700000.0003	-0.00110365
700000.0003	-0.820207
700000.0003	0.996335
700000.0003	1.67102
700000.0003	-1.06875
700000.0003	1.54184
700000.0003	0.708451
700000.0003	0.694205
700000.0003	0.0226933
700000.0003	1.36326
700000.0003	0.174243
700000.0003	0.62537
700000.0003	-0.0210036
700000.0003	-0.111012
700000.0003	-0.0996897
700000.0003	-0.158503
700000.0003	-0.354859
700000.0003	0.0398982
700000.0003	0.0389266
700000.0003	0.052635
700000.0003	0.0631151
700000.0003	-0.107256
700000.0003	-0.0501191
700000.0003	-0.110102
700000.0003	0.039429
700000.0003	0.207169
700000.0003	0.0201468
700000.0003	-0.0149699
700000.0003	0.107054
700000.0003	0.0518546
700000.0003	0.00576507
700000.0003	0.0173064
700000.0003	0.00350051
700000.0003	-0.00562648
700000.0003	0
700000.0003	0
700000.0003	0
700000.0003	0
700000.0003	0
700000.0003	0
700000.0003	0
700000.0003	0
700000.0003	0
700000.0003	0
700000.0003	0
700000.0003	0
700000.0003	0
700000.0003	0
700000.0003	0
700000.0003	0
700000.0003	0
700000.0003	0
700000.0003	0
700000.0003	0
700000.0003	0
700000.0003	0
700000.0003	0
700000.0003	0
700000.0003	0
700000.0003	0
700000.0003	0
700000.0003	0
700000.0003	0
700000.0003	0
700000.0003	0
700000.0003	0
700000.0003	0
700000.0003	0
700000.0003	0
700000.0003	0
700000.0003	0
700000.0003	0
700000.0003	0
700000.0003	0
700000.0003	0
700000.0003	0
700000.0003	0
700000.0003	0
700000.0003	0
700000.0003	0
700000.0003	0
700000.0003	0
700000.0003	0
700000.0003	0
700000.0003	0
700000.0003	0
700000.0003	0
700000.0003	0
700000.0003	0
700000.0003	0
700000.0003	0
700000.0003	0
700000.0003	0
700000.0003	0
700000.0003	0
700000.0003	0
700000.0003	0
700000.0003	0
700000.0003	0
700000.0003	0
700000.0003	0
700000.0003	0
700000.0003	0
700000.0003	0
700000.0003	0
700000.0003	0
700000.0003	0
700000.0003	0
700000.0003	0
700000.0003	0
700000.0003	0
700000.0003	0
700000.0003	0
700000.0003	0
700000.0003	0
700000.0003	0
700000.0003	0
700000.0003	0
700000.0003	0
700000.0003	0
700000.0003	0
700000.0003	0
700000.0003	0
700000.0003	0
700000.0003	0
700000.0003	0
700000.0003	0
700000.0003	0
700000.0003	0
700000.0003	0
700000.0003	0
700000.0003	0
700000.0003	0
700000.0003	0
