700000.0003	63.2249
700000.0003	115.079
700000.0003	193.921
700000.0003	314.728
700000.0003	481.332
700000.0003	698.626
700000.0003	960.195
700000.0003	1258.1
700000.0003	1591.73
700000.0003	1963.88
700000.0003	2397.67
700000.0003	2860.78
700000.0003	3303.92
700000.0003	3647.58
700000.0003	3808.38
700000.0003	3727.28
700000.0003	3457.49
700000.0003	3039.77
700000.0003	2595.14
700000.0003	2154.56
700000.0003	1723.83
700000.0003	1364.35
700000.0003	1056.46
700000.0003	807.005
700000.0003	609.877
700000.0003	461.277
700000.0003	348.242
700000.0003	263.667
700000.0003	201.25
700000.0003	152.718
700000.0003	117.484
700000.0003	89.3468
700000.0003	68.3784
700000.0003	55.7429
700000.0003	42.0712
700000.0003	34.9075
700000.0003	27.2702
700000.0003	21.4223
700000.0003	16.9078
700000.0003	14.4341
700000.0003	12.3421
700000.0003	9.64182
700000.0003	8.37374
700000.0003	6.50544
700000.0003	5.35288
700000.0003	5.26798
700000.0003	4.70135
700000.0003	3.84905
700000.0003	3.89014
700000.0003	3.66871
700000.0003	4.17133
700000.0003	3.78269
700000.0003	2.90585
700000.0003	2.4746
700000.0003	2.94872
700000.0003	3.01828
700000.0003	2.6192
700000.0003	1.8693
700000.0003	0.844276
700000.0003	1.37587
700000.0003	2.41607
700000.0003	2.30426
700000.0003	1.23913
700000.0003	2.50027
700000.0003	2.4642
700000.0003	1.77348
700000.0003	0.662545
700000.0003	2.266
700000.0003	0.745935
700000.0003	-0.14985
700000.0003	1.24701
700000.0003	2.11361
700000.0003	1.84
700000.0003	0.2572
700000.0003	1.15938
700000.0003	1.07846
700000.0003	0.572826
700000.0003	0.900561
700000.0003	0.249941
700000.0003	1.39664
700000.0003	-0.203967
700000.0003	0.644539
700000.0003	0.749362
700000.0003	0.690305
700000.0003	0.62088
700000.0003	0.172968
700000.0003	0.912963
700000.0003	0.11485
700000.0003	0.937736
700000.0003	0.818524
700000.0003	0.378828
700000.0003	0.47797
700000.0003	0.658878
700000.0003	-0.218853
700000.0003	1.50784
700000.0003	0.617257
700000.0003	0.221362
700000.0003	0.802999
700000.0003	1.09872
700000.0003	-0.160611
700000.0003	-0.663996
700000.0003	-0.0499407
700000.0003	0.457785
700000.0003	0.582516
700000.0003	-0.19955
700000.0003	0.459049
700000.0003	1.58676
700000.0003	-0.374771
700000.0003	-0.264151
700000.0003	0.681457
700000.0003	-0.454465
700000.0003	0.678148
700000.0003	-1.24577
700000.0003	0.337857
700000.0003	-0.00232413
700000.0003	0.234327
700000.0003	-0.0251739
700000.0003	0.49673
700000.0003	-0.890107
700000.0003	0.994073
700000.0003	-0.0594696
700000.0003	0.368024
700000.0003	1.0331
700000.0003	-0.00972572
700000.0003	0.715772
700000.0003	0.0450341
700000.0003	-0.393313
700000.0003	0.167886
700000.0003	0.578832
700000.0003	0.222429
700000.0003	-0.182658
700000.0003	0.770052
700000.0003	0.0871456
700000.0003	-1.20377
700000.0003	-1.79167
700000.0003	-0.519637
700000.0003	-0.856569
700000.0003	1.33773
700000.0003	-0.944244
700000.0003	0.661877
700000.0003	0.608984
700000.0003	-0.0515852
700000.0003	-0.686285
700000.0003	-0.814586
700000.0003	0.256123
700000.0003	-0.629443
700000.0003	-0.774558
700000.0003	-1.15908
700000.0003	-1.63309
700000.0003	-0.788134
700000.0003	-0.593619
700000.0003	-0.515566
700000.0003	-0.803682
700000.0003	-0.12094
700000.0003	-1.10944
700000.0003	-0.652644
700000.0003	-0.750734
700000.0003	-2.16095
700000.0003	-1.55503
700000.0003	-2.39819
700000.0003	-2.40386
700000.0003	-2.3196
700000.0003	-2.48277
700000.0003	-2.26733
700000.0003	-2.26445
700000.0003	-0.671397
700000.0003	-2.1393
700000.0003	-3.29043
700000.0003	-3.20224
700000.0003	-2.14721
700000.0003	-2.80328
700000.0003	-2.32633
700000.0003	-3.15263
700000.0003	-3.70948
700000.0003	-2.30348
700000.0003	-2.98264
700000.0003	-3.67797
700000.0003	-4.49258
700000.0003	-5.31645
700000.0003	-3.49856
700000.0003	-4.12507
700000.0003	-4.60274
700000.0003	-3.23724
700000.0003	-5.80385
700000.0003	-4.1156
700000.0003	-5.17796
700000.0003	-5.0075
700000.0003	-6.94199
700000.0003	-5.7895
700000.0003	-6.36596
700000.0003	-5.87153
700000.0003	-7.41511
700000.0003	-7.33279
700000.0003	-7.03688
700000.0003	-7.719
700000.0003	-8.12483
700000.0003	-7.81451
700000.0003	-9.01338
700000.0003	-8.77433
700000.0003	-10.0863
700000.0003	-9.32183
700000.0003	-11.7663
700000.0003	-9.6969
700000.0003	-10.6782
700000.0003	-11.8449
700000.0003	-13.0866
700000.0003	-13.2713
700000.0003	-13.6233
700000.0003	-14.9809
700000.0003	-14.1996
700000.0003	-16.2561
700000.0003	-18.2732
700000.0003	-20.6038
700000.0003	-20.0498
700000.0003	-21.7482
700000.0003	-23.3008
700000.0003	-24.3618
700000.0003	-28.1389
700000.0003	-29.7949
700000.0003	-32.6407
700000.0003	-36.2596
700000.0003	-38.3106
700000.0003	-43.2701
700000.0003	-49.7607
700000.0003	-54.4993
700000.0003	-59.8604
700000.0003	-68.5594
700000.0003	-77.1905
700000.0003	-88.5972
700000.0003	-101.415
700000.0003	-117.262
700000.0003	-134.917
700000.0003	-156.622
700000.0003	-182.757
700000.0003	-212.233
700000.0003	-247.589
700000.0003	-289.539
700000.0003	-336.337
700000.0003	-390.29
700000.0003	-454.614
700000.0003	-524.342
700000.0003	-598.896
700000.0003	-685.282
700000.0003	-774.619
700000.0003	-871.18
700000.0003	-967.538
700000.0003	-1064.86
700000.0003	-1155.18
700000.0003	-1251.15
700000.0003	-1328.47
700000.0003	-1395.15
700000.0003	-1447.31
700000.0003	-1490.1
700000.0003	-1510.98
700000.0003	-1513.28
700000.0003	-1502.73
700000.0003	-1478.67
700000.0003	-1439.22
700000.0003	-1389.49
700000.0003	-1333.06
700000.0003	-1271.58
700000.0003	-1208.26
700000.0003	-1139.23
700000.0003	-1072.53
700000.0003	-1006.93
700000.0003	-938.434
700000.0003	-869.376
700000.0003	-800.397
700000.0003	-735.498
700000.0003	-673.699
700000.0003	-610.019
700000.0003	-549.739
700000.0003	-494.306
700000.0003	-441.149
700000.0003	-394.205
700000.0003	-347.061
700000.0003	-305.223
700000.0003	-268.908
700000.0003	-233.918
700000.0003	-206.324
700000.0003	-178.716
700000.0003	-156.764
700000.0003	-136.42
700000.0003	-119.394
700000.0003	-106.444
700000.0003	-93.9966
700000.0003	-84.9822
700000.0003	-77.5631
700000.0003	-69.6471
700000.0003	-64.8819
700000.0003	-60.9637
700000.0003	-56.408
700000.0003	-54.0833
700000.0003	-50.4125
700000.0003	-48.954
700000.0003	-47.2672
700000.0003	-47.021
700000.0003	-44.777
700000.0003	-43.714
700000.0003	-42.5694
700000.0003	-41.5532
700000.0003	-42.6808
700000.0003	-42.154
700000.0003	-42.2194
700000.0003	-41.1646
700000.0003	-42.0381
700000.0003	-41.1899
700000.0003	-41.6591
700000.0003	-41.5784
700000.0003	-41.1059
700000.0003	-42.21
700000.0003	-41.4932
700000.0003	-42.0671
700000.0003	-40.9208
700000.0003	-40.6834
700000.0003	-40.3503
700000.0003	-40.387
700000.0003	-40.8664
700000.0003	-40.7058
700000.0003	-41.6713
700000.0003	-40.2277
700000.0003	-40.7069
700000.0003	-40.7451
700000.0003	-40.7494
700000.0003	-40.7682
700000.0003	-39.8667
700000.0003	-40.2723
700000.0003	-40.0454
700000.0003	-40.0684
700000.0003	-39.8027
700000.0003	-39.8759
700000.0003	-40.2192
700000.0003	-40.2534
700000.0003	-40.5268
700000.0003	-41.3169
700000.0003	-41.1526
700000.0003	-40.3975
700000.0003	-40.033
700000.0003	-40.0321
700000.0003	-39.9234
700000.0003	-39.7271
700000.0003	-39.607
700000.0003	-40.0108
700000.0003	-39.605
700000.0003	-40.1288
700000.0003	-39.3995
700000.0003	-39.75
700000.0003	-40.3479
700000.0003	-40.7744
700000.0003	-39.8784
700000.0003	-39.8045
700000.0003	-39.9772
700000.0003	-39.5021
700000.0003	-40.2611
700000.0003	-40.0182
700000.0003	-39.5794
700000.0003	-39.2857
700000.0003	-39.9902
700000.0003	-39.8588
700000.0003	-39.6593
700000.0003	-39.895
700000.0003	-39.7686
700000.0003	-40.0857
700000.0003	-39.4629
700000.0003	-39.1547
700000.0003	-39.2092
700000.0003	-39.6792
700000.0003	-39.2304
700000.0003	-39.7704
700000.0003	-39.3482
700000.0003	-38.9001
700000.0003	-39.4955
700000.0003	-38.9581
700000.0003	-38.6325
700000.0003	-39.1397
700000.0003	-38.9788
700000.0003	-38.1851
700000.0003	-38.0049
700000.0003	-37.8631
700000.0003	-37.1666
700000.0003	-37.7695
700000.0003	-36.9457
700000.0003	-36.3751
700000.0003	-35.5194
700000.0003	-35.9702
700000.0003	-35.9703
700000.0003	-34.294
700000.0003	-34.2547
700000.0003	-32.7382
700000.0003	-31.6354
700000.0003	-32.0257
700000.0003	-29.9084
700000.0003	-27.1583
700000.0003	-24.8764
700000.0003	-20.2801
700000.0003	-13.7746
700000.0003	-6.2983
700000.0003	4.19775
700000.0003	16.6342
700000.0003	33.7873
700000.0003	0.00467324
700000.0003	0.470017
700000.0003	-0.0169295
700000.0003	0.0394289
700000.0003	0.0409969
700000.0003	0.244584
700000.0003	-2.4599
700000.0003	-2.21112
700000.0003	2.27963
700000.0003	0.486864
700000.0003	0.101756
700000.0003	-3.70371
700000.0003	-2.54368
700000.0003	-0.710851
700000.0003	-0.424092
700000.0003	-0.369797
700000.0003	-3.31028
700000.0003	5.78018
700000.0003	2.1803
700000.0003	-2.87798
700000.0003	2.42033
700000.0003	0.18146
700000.0003	-3.85488
700000.0003	0.207468
700000.0003	0.798694
700000.0003	0.818067
700000.0003	1.52569
700000.0003	-0.425509
700000.0003	0.500917
700000.0003	0.370957
700000.0003	1.41097
700000.0003	0.637851
700000.0003	-1.29921
700000.0003	-0.376736
700000.0003	0.20435
700000.0003	-0.653954
700000.0003	0.567894
700000.0003	-0.931033
700000.0003	0.803121
700000.0003	-0.714001
700000.0003	-0.332083
700000.0003	-0.587899
700000.0003	-0.14853
700000.0003	0.0931496
700000.0003	0.459341
700000.0003	0.591427
700000.0003	-0.53346
700000.0003	0.600135
700000.0003	-0.826649
700000.0003	-0.515084
700000.0003	0.198255
700000.0003	0.113689
700000.0003	0.871411
700000.0003	0.163941
700000.0003	0.640765
700000.0003	-0.496679
700000.0003	-1.45827
700000.0003	0.0936718
700000.0003	0.206879
700000.0003	0.44405
700000.0003	0.307451
700000.0003	-0.709947
700000.0003	0.571065
700000.0003	-0.424199
700000.0003	1.13916
700000.0003	-0.527275
700000.0003	0.750296
700000.0003	0.360276
700000.0003	-0.75115
700000.0003	-0.240223
700000.0003	0.41979
700000.0003	0.998154
700000.0003	-0.507277
700000.0003	-0.824294
700000.0003	0.373702
700000.0003	-0.644156
700000.0003	0.238118
700000.0003	0.51802
700000.0003	-0.543621
700000.0003	-0.056777
700000.0003	0.316474
700000.0003	0.389348
700000.0003	0.783811
700000.0003	-1.63557
700000.0003	-0.568205
700000.0003	0.184722
700000.0003	0.19898
700000.0003	0.375276
700000.0003	0.578383
700000.0003	0.302582
700000.0003	-0.818456
700000.0003	0.532797
700000.0003	-0.309074
700000.0003	-0.818703
700000.0003	-0.0860649
700000.0003	0.587722
700000.0003	0.354211
700000.0003	-0.614853
700000.0003	-0.798715
700000.0003	0.0897076
700000.0003	0.463163
700000.0003	0.329991
700000.0003	-0.463409
700000.0003	-0.213343
700000.0003	0.0912654
700000.0003	-0.000871147
700000.0003	-0.199285
700000.0003	0.822131
700000.0003	-0.5483
700000.0003	1.054
700000.0003	0.87762
700000.0003	-0.800887
700000.0003	-0.634214
700000.0003	-0.401039
700000.0003	-0.257568
700000.0003	0.389339
700000.0003	-0.202039
700000.0003	0.594494
700000.0003	-0.921253
700000.0003	-1.37503
700000.0003	0.911853
700000.0003	-0.0711135
700000.0003	0.221345
700000.0003	0.840972
700000.0003	-0.313879
700000.0003	0.44222
700000.0003	0.518081
700000.0003	-0.126582
700000.0003	-0.159155
700000.0003	-0.117742
700000.0003	-0.392156
700000.0003	0.377299
700000.0003	0.489979
700000.0003	-0.236645
700000.0003	-0.415343
700000.0003	-0.434223
700000.0003	-0.299609
700000.0003	0.448937
700000.0003	-0.056628
700000.0003	-0.767045
700000.0003	0.525975
700000.0003	0.119332
700000.0003	-0.211993
700000.0003	0.93796
700000.0003	0.483402
700000.0003	0.428033
700000.0003	-0.528335
700000.0003	-0.719824
700000.0003	1.42545
700000.0003	-0.0657847
700000.0003	-1.36614
700000.0003	0.21398
700000.0003	0.298144
700000.0003	-0.3702
700000.0003	-0.73831
700000.0003	0.511888
700000.0003	-0.316574
700000.0003	-0.63849
700000.0003	0.389989
700000.0003	0.42554
700000.0003	0.628545
700000.0003	-0.605823
700000.0003	0.0708535
700000.0003	-0.209007
700000.0003	-0.202069
700000.0003	-0.725742
700000.0003	-0.292667
700000.0003	0.309511
700000.0003	0.197527
700000.0003	0.397268
700000.0003	1.09415
700000.0003	0.711713
700000.0003	0.16715
700000.0003	0.0592376
700000.0003	0.304019
700000.0003	-0.762568
700000.0003	-0.319377
700000.0003	-0.357328
700000.0003	0.104538
700000.0003	-0.586586
700000.0003	0.454021
700000.0003	-0.056009
700000.0003	0.255971
700000.0003	-0.30924
700000.0003	0.49471
700000.0003	1.2412
700000.0003	-0.411508
700000.0003	-0.162309
700000.0003	0.453427
700000.0003	-1.10459
700000.0003	-0.807851
700000.0003	0.358632
700000.0003	-0.786328
700000.0003	0.494432
700000.0003	0.202036
700000.0003	-0.975557
700000.0003	-0.184108
700000.0003	0.385053
700000.0003	-0.720993
700000.0003	0.418949
700000.0003	0.0575628
700000.0003	0.205879
700000.0003	-0.459995
700000.0003	0.590936
700000.0003	0.087876
700000.0003	-0.25657
700000.0003	-0.208093
700000.0003	0.31004
700000.0003	-0.667163
700000.0003	2.91253
700000.0003	-0.203969
700000.0003	-0.732676
700000.0003	-0.363245
700000.0003	-1.0854
700000.0003	0.269087
700000.0003	-0.387484
700000.0003	1.86044
700000.0003	-0.623039
700000.0003	-0.361104
700000.0003	-0.251408
700000.0003	-0.212952
700000.0003	-0.76228
700000.0003	-0.362362
700000.0003	-1.06818
700000.0003	0.720396
700000.0003	0.0855048
700000.0003	1.82719
700000.0003	-0.678481
700000.0003	-0.0998075
700000.0003	0.368394
700000.0003	0.461719
700000.0003	0.980128
700000.0003	-0.326553
700000.0003	0.845873
700000.0003	0.590403
700000.0003	1.56979
700000.0003	0.578741
700000.0003	-2.45254
700000.0003	-0.00536261
700000.0003	0.582754
700000.0003	0.22049
700000.0003	-2.03761
700000.0003	1.37429
700000.0003	0.144787
700000.0003	0.835151
700000.0003	-0.737761
700000.0003	-1.45002
700000.0003	-0.157662
700000.0003	-1.98408
700000.0003	-0.14466
700000.0003	0.393276
700000.0003	-0.190808
700000.0003	-2.83617
700000.0003	0.666813
700000.0003	-0.0433565
700000.0003	2.91466
700000.0003	3.08331
700000.0003	-1.43393
700000.0003	-1.22464
700000.0003	3.48152
700000.0003	1.12933
700000.0003	2.50567
700000.0003	0.981569
700000.0003	-2.32453
700000.0003	0.357206
700000.0003	-0.662261
700000.0003	0.0904936
700000.0003	1.07385
700000.0003	-1.00935
700000.0003	-1.37534
700000.0003	-0.57512
700000.0003	-1.31824
700000.0003	-0.585725
700000.0003	2.32379
700000.0003	2.44726
700000.0003	-2.02527
700000.0003	-1.55253
700000.0003	0.188862
700000.0003	-0.971895
700000.0003	1.01797
700000.0003	-1.03637
700000.0003	-0.830388
700000.0003	0.0935705
700000.0003	0.428534
700000.0003	-0.539281
700000.0003	-0.445314
700000.0003	0.108701
700000.0003	0.934734
700000.0003	-1.38497
700000.0003	0.540694
700000.0003	-0.065693
700000.0003	0.318002
700000.0003	0.330592
700000.0003	-0.00415093
700000.0003	-0.188569
700000.0003	-0.228682
700000.0003	-0.547356
700000.0003	0.357993
700000.0003	-0.115496
700000.0003	-0.448939
700000.0003	-0.664538
700000.0003	-0.469894
700000.0003	-0.614062
700000.0003	0.0257492
700000.0003	-0.116655
700000.0003	-0.00383679
700000.0003	-0.756824
700000.0003	0.103663
700000.0003	-0.484635
700000.0003	-0.189122
700000.0003	-0.482277
700000.0003	1.13873
700000.0003	-0.424802
700000.0003	-0.119995
700000.0003	-0.538563
700000.0003	-0.255744
700000.0003	0.514551
700000.0003	0.250169
700000.0003	0.378936
700000.0003	0.553634
700000.0003	-0.738467
700000.0003	0.0304645
700000.0003	0.0841682
700000.0003	1.22896
700000.0003	-0.131091
700000.0003	0.136354
700000.0003	0.523711
700000.0003	0.0936549
700000.0003	0.378723
700000.0003	-0.000699541
700000.0003	-0.446122
700000.0003	0.745751
700000.0003	0.382976
700000.0003	-0.171202
700000.0003	0.766801
700000.0003	0.134702
700000.0003	0.226516
700000.0003	0.209048
700000.0003	-0.304237
700000.0003	0.0921785
700000.0003	-0.139522
700000.0003	0.162445
700000.0003	0.0869956
700000.0003	1.0822
700000.0003	-0.577418
700000.0003	0.84543
700000.0003	0.49206
700000.0003	0.915906
700000.0003	1.07186
700000.0003	0.331918
700000.0003	0.817142
700000.0003	0.0832597
700000.0003	0.161877
700000.0003	0.826346
700000.0003	0.702927
700000.0003	-0.919181
700000.0003	0.00531604
700000.0003	-0.738055
700000.0003	-0.839648
700000.0003	0.7869
700000.0003	-0.311645
700000.0003	-0.656498
700000.0003	0.3249
700000.0003	-0.307649
700000.0003	0.382038
700000.0003	-0.369661
700000.0003	-0.932394
700000.0003	-0.131243
700000.0003	-0.140102
700000.0003	-0.761995
700000.0003	0.21484
700000.0003	0.268022
700000.0003	-0.885086
700000.0003	0.190719
700000.0003	0.454799
700000.0003	-0.0887506
700000.0003	0.46276
700000.0003	0.760671
700000.0003	0.186161
700000.0003	-0.184155
700000.0003	-0.610216
700000.0003	0.0146121
700000.0003	0.597849
700000.0003	-1.11949
700000.0003	0.0603208
700000.0003	0.300294
700000.0003	0.0356336
700000.0003	-0.302756
700000.0003	0.312401
700000.0003	-0.892252
700000.0003	-0.400338
700000.0003	-0.155985
700000.0003	-0.218082
700000.0003	0.319842
700000.0003	0.781485
700000.0003	0.611075
700000.0003	0.260703
700000.0003	0.136157
700000.0003	-0.0120174
700000.0003	0.601308
