700000.0003	2960.33	2960.8	2961.61	2958.97	2958.81	2958.37	2956.65	2957.99	2960.41	2958.42	2954.29	2955.64	2956.99	2959.22	2959.63
700000.0003	1533.28	1535.91	1535.48	1533.12	1530.41	1536.53	1530.53	1532.57	1535.22	1532.45	1531.88	1532.02	1531.17	1531.38	1534.04
700000.0003	193.629	193.581	193.699	192.554	193.075	194.014	193.75	194.482	194.981	193.079	194.626	193.405	193.976	194.26	193.897
700000.0003	31.9495	32.0453	32.0208	32.3895	31.993	32.7151	32.7441	32.1669	32.3766	32.2305	32.4259	32.2297	32.1434	31.728	32.5452
700000.0003	19.015	19.228	19.2283	19.3802	18.8611	19.5825	19.4422	19.6182	19.4007	19.3689	19.52	19.291	19.1318	19.273	19.8283
700000.0003	16.7582	16.8216	16.2563	16.5987	16.7844	16.7433	16.7461	16.7568	16.5534	16.3407	16.773	16.7006	16.8576	16.6726	16.9599
700000.0003	15.3946	15.2997	15.5085	15.2493	15.2192	15.415	15.29	15.0759	15.2876	15.7031	15.5837	14.9209	15.5157	15.4186	15.1839
700000.0003	14.4879	14.6766	14.3766	14.4696	14.4296	14.6541	14.7422	14.4052	14.5291	14.5236	14.6398	14.2435	14.1857	14.9491	14.4371
700000.0003	13.9351	13.8224	14.3393	13.7291	14.3707	14.1741	13.999	14.3312	14.0983	14.1406	13.8289	13.8624	14.2139	13.9926	14.0828
700000.0003	13.9271	13.5644	13.8866	13.5867	14.0325	13.4336	13.684	13.6086	13.4865	13.7356	13.5097	13.3681	13.7949	13.8314	13.517
700000.0003	13.1228	13.7147	13.6017	13.1538	13.0213	13.2799	13.3591	13.5026	13.7799	13.5659	13.7072	13.3124	13.5632	13.7407	13.2211
700000.0003	13.4418	13.3644	13.3608	13.4501	13.2147	13.2711	13.2934	13.4176	13.3528	13.3239	13.3919	13.4559	13.6221	13.2295	13.4486
700000.0003	13.3526	13.434	13.738	13.2776	13.1203	13.3193	13.2001	13.1869	13.168	13.1811	13.1882	13.2676	12.8802	13.1477	13.2754
700000.0003	13.1845	13.38	13.4985	13.3713	13.4243	13.6089	13.148	13.0089	13.0994	12.9289	13.1288	13.6474	13.2858	13.2137	13.029
700000.0003	13.3321	13.5446	13.445	13.3431	13.3547	13.3615	13.3284	13.5103	13.5713	13.3755	13.8035	13.2784	13.4908	13.3918	13.4576
700000.0003	13.894	13.7329	13.8635	14.1962	14.0979	13.8985	14.1975	13.8257	14.152	13.941	13.9728	13.6974	13.8258	13.9599	14.2086
700000.0003	15.1269	14.8736	15.3023	15.3157	15.2989	14.9565	15.1697	15.2974	15.3869	15.0412	15.411	15.1282	15.1462	14.979	15.3134
700000.0003	17.0277	17.1683	16.695	17.3446	17.116	16.7176	17.2955	17.0945	16.6588	16.9829	16.9405	16.9671	16.9319	17.1591	16.8931
700000.0003	20.1766	19.7863	19.879	19.8265	19.6695	19.536	20.0204	19.2945	19.6284	19.9499	19.6233	20.0355	19.9803	20.1397	19.6164
700000.0003	24.5902	24.1988	24.4047	24.3334	24.1408	23.8901	24.0551	23.812	24.0059	24.1492	23.8249	24.1627	23.5453	24.2774	24.2465
700000.0003	30.5319	30.9056	31.3195	30.7507	30.7539	30.5781	30.6641	30.6186	30.3441	30.83	30.3999	30.8607	30.4668	30.9316	30.735
700000.0003	41.9825	41.3406	41.6467	42.2588	42.2227	42.4623	41.8559	42.5116	41.8803	42.4988	41.7885	41.3932	42.1662	41.8258	42.1667
700000.0003	68.194	67.2067	67.2228	67.6437	67.4348	67.7045	68.0046	67.8638	67.1223	67.1982	66.5185	67.2636	66.7774	67.8565	67.3802
700000.0003	156.528	155.155	156.029	155.372	155.317	154.965	156.029	155.995	155.709	154.577	155.643	155.021	156.001	155.431	155.596
700000.0003	516.465	516.428	517.85	514.525	516.824	515.11	516.562	518.93	515.833	516.952	515.275	517.559	516.046	518.218	516.133
700000.0003	1360.88	1363.61	1362.5	1360.26	1359.3	1361.55	1363.3	1363.55	1362.69	1363.11	1364.34	1363.85	1361.87	1364.42	1364.12
700000.0003	2201.93	2201.87	2200.31	2200.99	2203.13	2200.53	2205.27	2203.74	2200.97	2203.49	2203.63	2203.89	2201.27	2204.47	2202.95
700000.0003	2641.5	2644.91	2643.12	2641.65	2642.57	2640.03	2646.79	2642.14	2640.97	2644.27	2643.2	2642.45	2643.13	2641.47	2640.23
700000.0003	2788.58	2788.53	2788.99	2790.07	2786.25	2788.41	2792.13	2791.08	2789.2	2787.3	2786.95	2789.71	2791.08	2791.89	2786.73
700000.0003	2836.5	2837.32	2833.78	2836.57	2837.28	2835.59	2835.18	2836.27	2837.47	2837.81	2837.81	2838.35	2833.86	2833.84	2834.79
700000.0003	2867.41	2866.77	2862.59	2863.98	2866.76	2866.69	2867.51	2868.05	2866.1	2862.77	2864.24	2868.83	2865.2	2864.01	2863.46
700000.0003	2892.24	2893.16	2893.79	2893.47	2895.8	2892.5	2892.4	2892.31	2894.6	2896.06	2893.48	2892.26	2892.88	2893.62	2890.32
700000.0003	2919.2	2922.48	2921.33	2916.27	2918.63	2920.88	2923.86	2922.16	2920.56	2921.04	2920.47	2919.72	2921.3	2920.62	2917.45
700000.0003	2944.9	2947	2948.58	2948.79	2946.78	2947.36	2948.98	2945.68	2944.87	2949.68	2950.17	2945.71	2945.46	2945.38	2949.58
700000.0003	2970.46	2971.95	2975.8	2977.99	2970.37	2974.08	2974.72	2975.66	2971.36	2974.82	2976.33	2970.41	2972.25	2974.19	2979.28
700000.0003	2998.94	3000.16	3002.86	3003.35	2996.59	3000	3004.26	3000.93	2995.09	2999.45	3004.34	3000.7	2996.8	3001.75	3003.78
700000.0003	3028.76	3025.82	3028.49	3028.46	3027.57	3026.41	3027.78	3025.78	3024.59	3026.96	3028.87	3024.61	3023.26	3027.7	3030.82
700000.0003	3054.36	3054.15	3053.99	3054.1	3051.81	3055.08	3054.73	3053.65	3049.42	3049.97	3051.64	3052.8	3053.93	3053.9	3054.06
700000.0003	3081.38	3079.6	3077.96	3079.54	3076.2	3078.79	3076.55	3077.32	3076.13	3077.16	3076.13	3077.27	3076.21	3077.52	3081.24
700000.0003	3097.37	3098.55	3095.34	3100.08	3096.55	3095.67	3096.72	3097.33	3092.39	3095.99	3094.6	3093.2	3094.79	3098.5	3098.89
700000.0003	-0.0694884	-1.00071	-0.175301	-2.27105	-1.0639	1.71402	-0.259825	0.611887	-1.36231	0.358361	0.180749	-0.847234	0.0579573	-0.256787	-0.114632
700000.0003	-0.203996	0.376986	0.0615485	-0.207767	0.807705	0.242977	0.430012	0.0834734	0.325978	0.213673	0.949289	-0.383524	-0.889981	0.0458801	-0.377741
700000.0003	0.163493	-0.120884	0.291796	0.544171	-0.476762	-0.197877	-0.0515134	-0.137236	-0.117137	0.367907	0.431682	-0.0893815	0.280004	0.231132	0.221129
700000.0003	-0.130478	-0.0507272	-0.0564854	-0.0677897	0.0185447	-0.222554	-0.27689	-0.0168588	-0.244416	-0.0688357	-0.249651	0.199542	0.150073	-0.0664077	0.033149
700000.0003	0.110776	0.0177341	-0.00598561	0.106644	-0.0555239	-0.0943505	0.133824	-0.287627	0.112301	0.0223209	0.0460344	-0.101881	0.0428916	0.0689353	0.141947
700000.0003	0.0386143	0.00289586	-0.0460551	-0.136153	0.0551926	0.0378523	-0.0960328	0.18632	-0.0565228	-0.141888	0.104129	0.0388147	0.0729642	0.0923449	0.216469
700000.0003	-0.0412619	-0.0677278	-0.00319503	-0.0888765	0.0996195	0.0692121	-0.065358	-0.0813045	0.183901	-0.101084	-0.0591962	0.0269154	0.10746	-0.12056	-0.115026
700000.0003	-0.00939644	-0.106693	-0.0422651	0.0847215	0.0288553	-0.0398873	-0.0126434	-0.106398	-0.0266755	0.0997585	-0.350016	-0.124171	-0.0199296	0.027617	-0.0578668
700000.0003	0.161676	-0.13581	0.09215	0.0611428	-0.195363	-0.130033	-0.0519088	0.0326648	-0.178817	0.0099034	-0.0339961	-0.00877752	0.0662888	-0.0712478	-0.0722979
700000.0003	0.0633107	0.0182859	-0.0725504	0.0359867	-0.261891	0.0376117	-0.0230329	-0.138032	-0.00102478	-0.0409963	0.0475626	0.210675	-0.23495	0.106762	0.138362
700000.0003	-0.0658449	-0.0490746	0.0822016	-0.067667	0.0925529	0.0665605	-0.0441565	-0.0270991	0.0704579	0.0520615	0.194254	0.0741586	0.0228131	0.092566	-0.082444
700000.0003	-0.0460502	0.0891726	0.0680276	-0.112657	0.101595	-0.030845	0.164641	-0.0599447	0.030121	0.0838347	0.0247273	0.0493881	-0.117164	-0.0823422	-0.0641882
700000.0003	0.00969142	0.0813081	0.031939	0.160913	-0.0946567	0.0337016	0.00419222	0.0478252	0.0566463	-0.0691981	0.0312628	-0.060613	0.0654334	-0.0530924	0.133133
700000.0003	-0.109982	-0.107175	-0.0215974	-0.156136	-0.0153794	0.0770169	0.0687445	0.0478558	0.145651	0.0344675	0.0952527	-0.0177537	0.0491391	-0.112544	0.336447
700000.0003	-0.0654859	0.0347432	-0.213267	-0.0132876	0.0532211	0.0303546	-0.0167118	0.0260027	0.0915214	-0.164848	-0.04861	0.0363644	-0.0605868	0.262163	-0.00907641
700000.0003	-0.0982914	0.150729	-0.0974284	0.0537107	-0.0375731	0.15701	0.0242639	0.0644685	0.119914	0.168564	0.0548357	0.101115	-0.0874322	-0.188496	-0.0954059
700000.0003	0.148994	-0.0746786	0.139124	0.0351452	-0.0672899	0.103806	0.0150129	0.104149	0.0112728	0.124244	0.00872208	0.116771	0.198615	-0.0333163	0.0484897
700000.0003	0.130786	0.215333	-0.129509	0.0427471	-0.294888	-0.264959	-0.191488	-0.0588901	-0.012218	0.0741935	0.0394869	0.114318	-0.124683	-0.105255	0.00685963
700000.0003	-0.0824134	0.155271	0.0201133	0.0835689	0.0842346	-0.110311	0.0520167	-0.222604	0.00228492	-0.0501855	-0.406994	0.138603	-0.114905	-0.140895	0.0814627
700000.0003	0.182477	-0.126929	-0.025883	0.29572	-0.224436	0.155033	0.152638	0.238034	0.174745	0.0178044	0.211814	0.150748	-0.271536	-0.0635478	-0.0601631
700000.0003	-0.170966	0.21705	0.230417	0.138973	-0.0180076	0.0934014	0.0554413	0.186915	0.178909	-0.0438743	-0.0166852	0.22526	0.202069	-0.216306	-0.10723
700000.0003	0.204622	-0.330953	-0.081136	-0.0896832	0.14263	-0.036832	0.0450205	-0.0530543	0.149885	0.0735768	-0.103819	0.0124053	0.102062	-0.231283	0.144052
700000.0003	0.0755823	0.174301	0.119429	0.283606	-0.160972	0.321786	0.178103	-0.152177	-0.093605	0.059734	0.134067	0.412577	-0.313401	0.357976	0.159017
700000.0003	-0.0394658	-0.435055	-0.282397	0.331423	-0.131375	0.0768479	-0.151523	-0.0432792	-0.514023	0.225983	-0.202014	-0.462143	0.0147932	0.0778765	-0.0849358
700000.0003	-0.114697	0.14701	0.37599	-0.421275	-0.0729382	-0.0434797	0.678751	0.199787	-0.353019	0.402242	-0.561267	0.0631596	-0.143149	-0.490957	-0.739599
700000.0003	-0.679672	-0.429071	1.60623	0.933953	-0.761209	-0.00110915	-0.277841	-0.0783063	0.66515	-0.525703	0.693801	0.226812	-0.879594	0.794312	0.0428839
700000.0003	0.0329272	0.517897	-1.01024	-0.67349	-0.235225	-1.60017	-2.02987	0.0684175	-0.285248	0.00133974	-0.978993	0.631149	0.881071	-0.793315	0.110814
700000.0003	-0.918856	-0.702365	-0.0417593	0.0348706	0.281457	0.660087	0.206348	-0.294668	-1.01125	-0.826953	0.0177078	0.490321	0.0737621	-1.10464	0.137242
700000.0003	-0.147083	-0.468271	0.649163	-0.28285	0.135492	-0.965379	0.188781	0.350553	0.261736	-0.281352	0.207018	-0.379812	-0.84635	-0.0720097	0.759729
700000.0003	-0.337821	-0.0980705	0.665637	-0.0340731	0.0315499	-0.269816	-0.650854	0.865075	-0.159665	-0.113827	0.512822	-0.00340095	-1.00551	-0.525491	0.416028
700000.0003	0.589652	0.934925	-0.199752	-0.173547	-0.302216	0.166704	-0.0416688	0.854556	1.11699	-0.126094	-1.32085	-0.305814	1.01958	0.225493	-0.611901
700000.0003	-0.184227	0.0203263	-0.827806	-0.485808	0.127637	0.724127	0.229301	0.0455056	-0.0629774	0.47628	0.152041	0.166793	0.618898	1.39502	0.764343
700000.0003	-0.476977	-0.43907	0.255734	-0.487379	-1.13452	-1.08473	0.284002	-0.12621	0.530104	1.06764	0.724003	-0.367067	0.714886	1.38126	0.964518
700000.0003	-0.805044	0.192216	0.279	-1.03926	-0.917524	-0.741617	0.286682	-0.165366	-0.0324877	-0.554808	0.445232	0.702914	1.56307	0.0679644	0.404265
700000.0003	1.00133	0.883521	-1.24602	-1.44297	-0.313789	-0.439089	-1.788	-0.703521	-0.811349	0.858933	0.42736	0.58859	-0.129043	0.630995	0.0481102
700000.0003	-0.0135484	-1.5514	-1.12629	-0.0410568	-1.19743	-1.83949	-0.762471	-1.03095	-0.804399	-0.253112	-0.131798	0.578445	0.460175	0.288167	0.923911
700000.0003	-0.034654	-0.344285	-1.19179	-0.93484	-1.59119	-0.867071	-0.922687	-0.798168	-0.830651	-0.133746	0.621785	0.73511	0.596603	-0.0449304	0.72734
700000.0003	0.376431	-0.782011	-0.320435	-1.38693	-0.918966	-0.612221	-1.79366	-0.0175824	-0.297156	-1.14601	0.0521752	0.774881	0.669499	1.26833	0.419322
700000.0003	0.292117	0.00171877	-0.907918	-0.52126	-1.13745	-0.979782	-0.765555	-0.285189	-0.6337	-0.727274	-0.0305025	0.70037	0.352876	0.494641	0.26502
700000.0003	0.378194	0.167882	-1.5077	-0.56267	-0.877295	-1.02101	0.592219	0.148897	-0.376258	-0.0684197	0.00533385	-0.00395996	-0.507285	0.0679854	0.101384
700000.0003	2913.87	2911.45	2914.75	2911.6	2913.18	2910.93	2909.85	2909.43	2911.32	2908.69	2908.33	2908.87	2909.85	2912.42	2912.85
700000.0003	1606.09	1608.6	1608.77	1606.48	1602.42	1607.36	1602.79	1607.38	1607.73	1603.57	1603.76	1604.98	1602.92	1604.38	1606.96
700000.0003	173.228	173.565	174.114	172.93	173.986	174.229	173.968	174.442	174.663	173.856	173.551	173.676	173.512	174.078	174.047
700000.0003	28.4485	28.0501	28.6386	28.6623	28.5339	28.3216	28.2392	28.2012	28.3436	28.4702	28.5045	28.6094	28.5652	27.8501	28.4864
700000.0003	18.4199	18.1802	18.4055	18.1313	17.8667	18.6178	18.4179	18.3766	17.8027	18.3283	18.2347	17.9651	17.7082	18.4983	18.9143
700000.0003	16.4274	15.7382	15.7923	16.1289	16.0765	16.4015	16.098	16.0982	16.2027	15.9341	16.0731	16.1703	16.4171	16.0779	16.3761
700000.0003	15.0026	15.0752	14.9961	14.9835	15.0419	15.0662	15.0987	15.4443	15.1329	15.2302	15.268	14.8808	15.0952	15.2514	14.9486
700000.0003	14.0894	14.2893	14.3563	14.1632	14.2496	14.2466	14.3972	14.4121	14.4445	14.3607	14.4119	14.1785	14.2369	14.36	14.2244
700000.0003	13.8283	13.9584	14.0858	13.7585	14.1998	13.7896	13.6057	13.4943	13.6735	13.7734	13.6492	13.5879	13.9318	14.104	13.8868
700000.0003	13.6276	13.6591	13.3028	13.7045	13.8815	13.4975	13.5633	13.6984	13.4918	13.4297	13.7036	13.2632	13.5714	13.5971	13.4215
700000.0003	13.4438	13.5361	13.3291	13.3039	13.1233	13.3518	13.5594	13.1625	13.3663	13.4356	13.6247	13.149	13.7359	13.6722	13.1977
700000.0003	13.4895	13.3124	13.3289	13.6888	13.5499	13.2014	13.2283	13.4208	13.1816	13.127	13.3567	13.2134	13.3133	13.3458	13.3054
700000.0003	13.4491	13.6741	13.5315	13.3635	13.2025	13.2631	13.3658	13.2338	13.2007	13.1394	13.4662	13.3731	12.977	12.9915	12.9873
700000.0003	13.2825	13.2937	13.4622	13.3832	13.408	13.5452	13.1873	13.3344	13.4269	13.1808	13.1964	13.1744	13.1679	12.9955	12.8833
700000.0003	13.2978	13.5835	13.4744	13.1252	13.2466	13.1198	13.3892	13.3229	13.7864	13.6011	13.7671	13.2883	13.5712	13.2309	13.5085
700000.0003	13.9342	14.2262	14.0238	13.9696	14.0307	13.6049	14.3709	14.2006	13.974	13.8518	13.8964	13.8142	13.8775	13.9707	14.2627
700000.0003	14.8194	14.9098	15.0177	15.1365	15.0654	14.8645	15.1603	15.121	15.1425	14.9648	15.1752	15.2786	15.2645	15.2243	15.1321
700000.0003	17.0866	16.7716	16.6303	16.9857	16.7309	16.4794	17.202	16.8716	16.9958	17.0345	17.1982	16.9993	17.0026	16.9585	17.1265
700000.0003	20.1828	19.969	20.1056	19.8643	19.3238	19.6119	19.902	19.9112	19.6719	19.7052	19.4061	19.7011	19.7262	19.7827	19.773
700000.0003	23.7607	24.0054	24.2553	24.0541	23.9837	24.1708	23.821	23.6238	24.1627	23.9446	23.5551	24.2471	23.6579	24.1041	24.1253
700000.0003	30.3631	30.2961	30.9245	30.889	30.6975	30.6559	31.1269	30.6963	30.6025	30.1083	30.5125	30.493	30.8035	30.3877	30.3039
700000.0003	41.9424	41.4458	41.4	41.6244	41.6802	41.3944	41.913	41.8965	42.0489	42.2399	40.8782	41.5344	41.9704	41.6264	42.1015
700000.0003	66.8443	66.1129	66.6425	66.4918	66.2381	67.1322	66.489	66.7076	66.4675	65.95	65.7311	65.7297	66.2467	66.7018	66.8842
700000.0003	153.748	154.005	153.381	152.731	152.737	153.21	152.646	153.43	153.321	152.502	152.367	152.469	153.499	152.242	152.945
700000.0003	521.994	521.185	521.69	521.057	519.973	519.956	521.163	522.163	520.174	520.463	519.974	521.804	521.116	521.753	521.071
700000.0003	1362.92	1362.99	1362.14	1363.15	1359.62	1362.22	1365.17	1364.06	1363.36	1364.96	1365.69	1365.45	1365.72	1365.68	1365.69
700000.0003	2156.51	2154.36	2155	2153.22	2154.52	2154.39	2154.88	2153.35	2155.55	2155.44	2156.09	2157.26	2155.32	2156.49	2155.41
700000.0003	2585.61	2586.5	2586.72	2586.13	2586.29	2585.02	2587.25	2590.16	2586.24	2587.65	2587.59	2584.72	2584.98	2582.92	2586.71
700000.0003	2780.37	2780.02	2779.49	2778.5	2775.95	2779.13	2779.51	2781.84	2777.37	2778.44	2778.35	2778.32	2778.89	2779.87	2777.8
700000.0003	2865.78	2865.67	2866.56	2868.12	2866.92	2866.42	2863.68	2864.58	2866.89	2868.62	2868.26	2869.46	2867.77	2868.5	2867.57
700000.0003	2904.48	2908.58	2906.34	2907.21	2906.24	2907.57	2909.74	2906.4	2908.66	2906.12	2908.85	2909.11	2909.03	2907.11	2906.3
700000.0003	2932.65	2931.82	2931.64	2931.31	2935.14	2932.37	2932.59	2934.81	2934.42	2933.64	2933.85	2932.72	2930.46	2931.31	2931.27
700000.0003	2955.62	2952.79	2953.09	2952.05	2954.86	2951.07	2954.56	2954.57	2954.45	2954.31	2951.95	2953.98	2952.96	2954.46	2953.22
700000.0003	2972.38	2971.89	2972.92	2970.76	2971.51	2973.47	2970.72	2970.96	2974.02	2974.45	2973.62	2975.14	2975.08	2973.8	2971.63
700000.0003	2989.06	2991.47	2991.13	2990.82	2989.81	2990.31	2989.73	2991.64	2991.83	2991.98	2991.55	2991.08	2993.52	2990.74	2991.56
700000.0003	3007.05	3007.23	3007.48	3007.54	3007.82	3007.99	3007.67	3008.37	3004.73	3006.69	3007.99	3006.6	3007.29	3005.71	3007.49
700000.0003	3025.81	3024.19	3024.96	3023.59	3024.09	3024.38	3024.87	3023.18	3022.78	3024.53	3023.95	3023.94	3023.58	3023.45	3027.33
700000.0003	3043.35	3042.67	3044.21	3044.59	3044.83	3042.83	3045.52	3043.64	3045.69	3043.96	3043.72	3045.29	3044.23	3046.06	3042.64
700000.0003	3069.93	3071.16	3067.82	3071.15	3068.58	3071.29	3068.03	3068.18	3070.34	3069.86	3069.11	3069.58	3070.68	3070.13	3069.46
700000.0003	3083.98	3085.68	3084	3085.52	3083.66	3082.11	3084.79	3082.91	3079.84	3081.46	3083.06	3080.17	3084.16	3083.77	3084.47
