700000.0003	1471513
700000.0003	1465958
700000.0003	1470925
700000.0003	1478666
700000.0003	1486616
700000.0003	1488743
700000.0003	1478350
700000.0003	1452252
700000.0003	1416883
700000.0003	1392867
700000.0003	1384537
700000.0003	1385719
700000.0003	1375951
700000.0003	1344293
700000.0003	1273568
700000.0003	1164815
700000.0003	1035524
700000.0003	899374
700000.0003	776632
700000.0003	668725
700000.0003	575889
700000.0003	497574
700000.0003	429932
700000.0003	374674
700000.0003	328245
700000.0003	290113
700000.0003	258634
700000.0003	232284
700000.0003	210968
700000.0003	194509
700000.0003	179553
700000.0003	167977
700000.0003	157941
700000.0003	149377
700000.0003	143193
700000.0003	137535
700000.0003	132945
700000.0003	129099
700000.0003	125895
700000.0003	123483
700000.0003	121378
700000.0003	119911
700000.0003	118722
700000.0003	117373
700000.0003	116529
700000.0003	114911
700000.0003	114249
700000.0003	114057
700000.0003	112137
700000.0003	111517
700000.0003	110581
700000.0003	110398
700000.0003	109196
700000.0003	109267
700000.0003	108474
700000.0003	107594
700000.0003	107550
700000.0003	106375
700000.0003	106257
700000.0003	105974
700000.0003	105820
700000.0003	105327
700000.0003	104796
700000.0003	103817
700000.0003	103931
700000.0003	104022
700000.0003	102941
700000.0003	103353
700000.0003	102768
700000.0003	102261
700000.0003	101818
700000.0003	101636
700000.0003	102095
700000.0003	101265
700000.0003	101051
700000.0003	100836
700000.0003	100221
700000.0003	100920
700000.0003	100456
700000.0003	100406
700000.0003	99876
700000.0003	99466
700000.0003	99429
700000.0003	98980
700000.0003	99439
700000.0003	98765
700000.0003	99134
700000.0003	98754
700000.0003	98588
700000.0003	98697
700000.0003	98664
700000.0003	98270
700000.0003	98409
700000.0003	98419
700000.0003	98231
700000.0003	98414
700000.0003	98018
700000.0003	97878
700000.0003	98700
700000.0003	98034
700000.0003	97722
700000.0003	97286
700000.0003	97273
700000.0003	97647
700000.0003	97265
700000.0003	97893
700000.0003	97624
700000.0003	97493
700000.0003	97434
700000.0003	97286
700000.0003	97417
700000.0003	97270
700000.0003	97205
700000.0003	97421
700000.0003	97351
700000.0003	97767
700000.0003	97335
700000.0003	97029
700000.0003	97002
700000.0003	96663
700000.0003	96992
700000.0003	96854
700000.0003	96966
700000.0003	96755
700000.0003	97329
700000.0003	96795
700000.0003	97251
700000.0003	97302
700000.0003	96544
700000.0003	96771
700000.0003	97472
700000.0003	97269
700000.0003	97000
700000.0003	96762
700000.0003	96688
700000.0003	97126
700000.0003	96616
700000.0003	96831
700000.0003	97173
700000.0003	96987
700000.0003	96563
700000.0003	96836
700000.0003	97079
700000.0003	97047
700000.0003	97756
700000.0003	96965
700000.0003	97345
700000.0003	97139
700000.0003	97829
700000.0003	98205
700000.0003	98514
700000.0003	98869
700000.0003	99267
700000.0003	98937
700000.0003	98998
700000.0003	99954
700000.0003	100603
700000.0003	100329
700000.0003	101264
700000.0003	101572
700000.0003	102511
700000.0003	102749
700000.0003	103365
700000.0003	103795
700000.0003	104554
700000.0003	104949
700000.0003	105145
700000.0003	105932
700000.0003	106778
700000.0003	107996
700000.0003	107991
700000.0003	109257
700000.0003	109960
700000.0003	111177
700000.0003	111182
700000.0003	112302
700000.0003	113168
700000.0003	113784
700000.0003	115913
700000.0003	116685
700000.0003	117380
700000.0003	118036
700000.0003	119897
700000.0003	120810
700000.0003	121654
700000.0003	123044
700000.0003	124018
700000.0003	125994
700000.0003	127348
700000.0003	128529
700000.0003	130738
700000.0003	131634
700000.0003	133678
700000.0003	135095
700000.0003	136823
700000.0003	138502
700000.0003	140640
700000.0003	142093
700000.0003	144728
700000.0003	146687
700000.0003	148941
700000.0003	151959
700000.0003	154188
700000.0003	155639
700000.0003	158074
700000.0003	161255
700000.0003	163605
700000.0003	166765
700000.0003	169698
700000.0003	172900
700000.0003	176933
700000.0003	179300
700000.0003	182806
700000.0003	187616
700000.0003	190803
700000.0003	195015
700000.0003	200717
700000.0003	204117
700000.0003	209382
700000.0003	214931
700000.0003	221010
700000.0003	226587
700000.0003	232977
700000.0003	239856
700000.0003	246217
700000.0003	255565
700000.0003	263884
700000.0003	272505
700000.0003	284073
700000.0003	293786
700000.0003	307260
700000.0003	321806
700000.0003	336139
700000.0003	351066
700000.0003	370599
700000.0003	390303
700000.0003	411095
700000.0003	437199
700000.0003	463768
700000.0003	493301
700000.0003	526896
700000.0003	561339
700000.0003	600351
700000.0003	642470
700000.0003	683887
700000.0003	731698
700000.0003	778421
700000.0003	827680
700000.0003	876882
700000.0003	925126
700000.0003	972811
700000.0003	1021185
700000.0003	1062683
700000.0003	1100677
700000.0003	1142610
700000.0003	1174734
700000.0003	1202639
700000.0003	1229927
700000.0003	1254199
700000.0003	1274751
700000.0003	1294386
700000.0003	1312063
700000.0003	1325328
700000.0003	1340131
700000.0003	1353311
700000.0003	1361995
700000.0003	1373141
700000.0003	1383150
700000.0003	1388288
700000.0003	1399614
700000.0003	1404461
700000.0003	1409944
700000.0003	1415171
700000.0003	1421459
700000.0003	1424754
700000.0003	1425553
700000.0003	1432907
700000.0003	1436009
700000.0003	1437667
700000.0003	1439878
700000.0003	1442481
700000.0003	1446247
700000.0003	1448545
700000.0003	1447110
700000.0003	1448911
700000.0003	1452262
700000.0003	1451753
700000.0003	1454033
700000.0003	1455015
700000.0003	1454027
700000.0003	1457615
700000.0003	1457175
700000.0003	1456815
700000.0003	1456376
700000.0003	1456268
700000.0003	1458220
700000.0003	1458991
700000.0003	1458863
700000.0003	1459429
700000.0003	1459185
700000.0003	1460289
700000.0003	1456342
700000.0003	1458511
700000.0003	1459661
700000.0003	1459506
700000.0003	1459744
700000.0003	1460282
700000.0003	1459833
700000.0003	1460697
700000.0003	1459326
700000.0003	1456838
700000.0003	1460730
700000.0003	1462089
700000.0003	1459380
700000.0003	1463333
700000.0003	1460424
700000.0003	1461138
700000.0003	1459011
700000.0003	1460244
700000.0003	1460351
700000.0003	1461590
700000.0003	1463277
700000.0003	1462200
700000.0003	1463092
700000.0003	1462174
700000.0003	1458892
700000.0003	1461844
700000.0003	1463312
700000.0003	1462784
700000.0003	1463400
700000.0003	1464388
700000.0003	1463224
700000.0003	1462556
700000.0003	1464113
700000.0003	1460830
700000.0003	1465171
700000.0003	1463326
700000.0003	1464915
700000.0003	1465404
700000.0003	1465408
700000.0003	1464981
700000.0003	1463480
700000.0003	1465816
700000.0003	1464383
700000.0003	1466616
700000.0003	1466752
700000.0003	1466077
700000.0003	1466919
700000.0003	1466579
700000.0003	1466445
700000.0003	1465649
700000.0003	1468707
700000.0003	1465959
700000.0003	1469834
700000.0003	1468413
700000.0003	1466899
700000.0003	1469409
700000.0003	1469185
700000.0003	1469151
700000.0003	1467439
700000.0003	1470012
700000.0003	1471053
700000.0003	1471243
700000.0003	1469798
700000.0003	1470696
700000.0003	1470849
700000.0003	1473629
700000.0003	1470320
700000.0003	1471627
700000.0003	1472003
700000.0003	1473286
700000.0003	1474036
700000.0003	1474449
700000.0003	1473282
700000.0003	1475572
700000.0003	1474780
700000.0003	1475179
700000.0003	1474924
700000.0003	1473744
700000.0003	1478997
700000.0003	1477231
700000.0003	1479878
700000.0003	1478717
700000.0003	1479519
700000.0003	1475540
700000.0003	1478391
700000.0003	1478165
700000.0003	1481149
700000.0003	1483631
700000.0003	1485891
700000.0003	1485893
700000.0003	1481567
700000.0003	1477890
700000.0003	1477299
700000.0003	1480628
700000.0003	1482937
700000.0003	1488844
700000.0003	1492935
700000.0003	1489950
700000.0003	1480463
