700000.0003	0.0260276
700000.0003	0.0356774
700000.0003	0.0531809
700000.0003	0.0811331
700000.0003	0.124649
700000.0003	0.188675
700000.0003	0.277418
700000.0003	0.400334
700000.0003	0.553742
700000.0003	0.744522
700000.0003	0.985393
700000.0003	1.27312
700000.0003	1.60431
700000.0003	1.99583
700000.0003	2.41883
700000.0003	2.87703
700000.0003	3.34947
700000.0003	3.82569
700000.0003	4.29877
700000.0003	4.75669
700000.0003	5.20251
700000.0003	5.64432
700000.0003	6.04802
700000.0003	6.44386
700000.0003	6.84734
700000.0003	7.20535
700000.0003	7.54921
700000.0003	7.89677
700000.0003	8.20798
700000.0003	8.58453
700000.0003	8.7934
700000.0003	9.09653
700000.0003	9.33848
700000.0003	9.52178
700000.0003	9.72371
700000.0003	9.89107
700000.0003	10.0953
700000.0003	10.1733
700000.0003	10.2457
700000.0003	10.2503
700000.0003	10.2338
700000.0003	10.2676
700000.0003	10.2852
700000.0003	10.2536
700000.0003	10.2815
700000.0003	10.2536
700000.0003	10.2522
700000.0003	10.3512
700000.0003	10.2589
700000.0003	10.2553
700000.0003	10.2671
700000.0003	10.3171
700000.0003	10.3107
700000.0003	10.3373
700000.0003	10.2846
700000.0003	10.2875
700000.0003	10.2962
700000.0003	10.2538
700000.0003	10.2733
700000.0003	10.3471
700000.0003	10.3193
700000.0003	10.3555
700000.0003	10.3336
700000.0003	10.2998
700000.0003	10.3519
700000.0003	10.3284
700000.0003	10.2443
700000.0003	10.3916
700000.0003	10.3118
700000.0003	10.326
700000.0003	10.3173
700000.0003	10.3153
700000.0003	10.3834
700000.0003	10.3331
700000.0003	10.3782
700000.0003	10.3568
700000.0003	10.3046
700000.0003	10.3224
700000.0003	10.3701
700000.0003	10.393
700000.0003	10.324
700000.0003	10.3479
700000.0003	10.2997
700000.0003	10.281
700000.0003	10.3727
700000.0003	10.341
700000.0003	10.3582
700000.0003	10.3318
700000.0003	10.3
700000.0003	10.3737
700000.0003	10.3318
700000.0003	10.3225
700000.0003	10.306
700000.0003	10.3777
700000.0003	10.3665
700000.0003	10.4311
700000.0003	10.3834
700000.0003	10.3753
700000.0003	10.4437
700000.0003	10.3688
700000.0003	10.3778
700000.0003	10.3884
700000.0003	10.3672
700000.0003	10.3958
700000.0003	10.3358
700000.0003	10.4112
700000.0003	10.454
700000.0003	10.4018
700000.0003	10.4192
700000.0003	10.4083
700000.0003	10.3978
700000.0003	10.442
700000.0003	10.3656
700000.0003	10.4466
700000.0003	10.4086
700000.0003	10.4808
700000.0003	10.4471
700000.0003	10.4724
700000.0003	10.4351
700000.0003	10.3818
700000.0003	10.3992
700000.0003	10.4118
700000.0003	10.455
700000.0003	10.4021
700000.0003	10.4763
700000.0003	10.4224
700000.0003	10.4649
700000.0003	10.5
700000.0003	10.3943
700000.0003	10.4175
700000.0003	10.5176
700000.0003	10.4617
700000.0003	10.4239
700000.0003	10.4644
700000.0003	10.4355
700000.0003	10.4787
700000.0003	10.3899
700000.0003	10.4446
700000.0003	10.5435
700000.0003	10.4683
700000.0003	10.4505
700000.0003	10.4245
700000.0003	10.4631
700000.0003	10.4008
700000.0003	10.5046
700000.0003	10.3533
700000.0003	10.4054
700000.0003	10.3644
700000.0003	10.4291
700000.0003	10.3755
700000.0003	10.3922
700000.0003	10.3598
700000.0003	10.3635
700000.0003	10.2593
700000.0003	10.217
700000.0003	10.245
700000.0003	10.1897
700000.0003	10.1348
700000.0003	10.1291
700000.0003	10.0806
700000.0003	10.078
700000.0003	9.98728
700000.0003	9.98732
700000.0003	9.94234
700000.0003	9.94069
700000.0003	9.87257
700000.0003	9.70982
700000.0003	9.67839
700000.0003	9.64874
700000.0003	9.66353
700000.0003	9.54695
700000.0003	9.49137
700000.0003	9.45959
700000.0003	9.43087
700000.0003	9.29243
700000.0003	9.2747
700000.0003	9.17812
700000.0003	9.095
700000.0003	9.10524
700000.0003	9.02539
700000.0003	8.91783
700000.0003	8.81022
700000.0003	8.80464
700000.0003	8.66804
700000.0003	8.58202
700000.0003	8.52853
700000.0003	8.44975
700000.0003	8.41999
700000.0003	8.2995
700000.0003	8.24637
700000.0003	8.16546
700000.0003	8.06426
700000.0003	8.00873
700000.0003	7.95859
700000.0003	7.80365
700000.0003	7.72596
700000.0003	7.65488
700000.0003	7.53732
700000.0003	7.49049
700000.0003	7.38572
700000.0003	7.29672
700000.0003	7.24123
700000.0003	7.1683
700000.0003	7.01271
700000.0003	6.91946
700000.0003	6.8675
700000.0003	6.7462
700000.0003	6.67068
700000.0003	6.54749
700000.0003	6.47618
700000.0003	6.41952
700000.0003	6.27819
700000.0003	6.19766
700000.0003	6.12079
700000.0003	5.98371
700000.0003	5.89135
700000.0003	5.83465
700000.0003	5.69958
700000.0003	5.62768
700000.0003	5.56457
700000.0003	5.45085
700000.0003	5.36375
700000.0003	5.26874
700000.0003	5.13092
700000.0003	5.04324
700000.0003	4.97061
700000.0003	4.85847
700000.0003	4.74536
700000.0003	4.69042
700000.0003	4.55005
700000.0003	4.48742
700000.0003	4.38364
700000.0003	4.28962
700000.0003	4.16301
700000.0003	4.08229
700000.0003	3.98569
700000.0003	3.86179
700000.0003	3.76942
700000.0003	3.66206
700000.0003	3.5466
700000.0003	3.4434
700000.0003	3.32917
700000.0003	3.21819
700000.0003	3.09873
700000.0003	2.9718
700000.0003	2.86249
700000.0003	2.73037
700000.0003	2.60115
700000.0003	2.46893
700000.0003	2.32815
700000.0003	2.19605
700000.0003	2.06988
700000.0003	1.92972
700000.0003	1.78666
700000.0003	1.67289
700000.0003	1.54175
700000.0003	1.413
700000.0003	1.29945
700000.0003	1.1861
700000.0003	1.07905
700000.0003	0.974056
700000.0003	0.884625
700000.0003	0.794787
700000.0003	0.710745
700000.0003	0.635056
700000.0003	0.564269
700000.0003	0.497939
700000.0003	0.438977
700000.0003	0.383751
700000.0003	0.335862
700000.0003	0.291286
700000.0003	0.252549
700000.0003	0.217023
700000.0003	0.18678
700000.0003	0.158596
700000.0003	0.135564
700000.0003	0.11404
700000.0003	0.096751
700000.0003	0.081313
700000.0003	0.0683239
700000.0003	0.0577489
700000.0003	0.0488388
700000.0003	0.0409326
700000.0003	0.0347433
700000.0003	0.0292695
700000.0003	0.0248175
700000.0003	0.0211328
700000.0003	0.0180595
700000.0003	0.015475
700000.0003	0.0133862
700000.0003	0.0117662
700000.0003	0.0102918
700000.0003	0.00917574
700000.0003	0.00824039
700000.0003	0.00727553
700000.0003	0.00666388
700000.0003	0.00624424
700000.0003	0.00578663
700000.0003	0.00555961
700000.0003	0.00540532
700000.0003	0.00529819
700000.0003	0.00519
700000.0003	0.00501911
700000.0003	0.0050037
700000.0003	0.00489755
700000.0003	0.00483858
700000.0003	0.00475312
700000.0003	0.00473525
700000.0003	0.00463708
700000.0003	0.00461622
700000.0003	0.00449561
700000.0003	0.00453284
700000.0003	0.0044463
700000.0003	0.00453519
700000.0003	0.00446983
700000.0003	0.00443459
700000.0003	0.00438962
700000.0003	0.00430156
700000.0003	0.00437129
700000.0003	0.00429192
700000.0003	0.00433773
700000.0003	0.00428404
700000.0003	0.00426353
700000.0003	0.00429775
700000.0003	0.0042062
700000.0003	0.00417964
700000.0003	0.004178
700000.0003	0.00414283
700000.0003	0.00412559
700000.0003	0.00417971
700000.0003	0.00419591
700000.0003	0.0041764
700000.0003	0.00418783
700000.0003	0.00418807
700000.0003	0.00409686
700000.0003	0.00409361
700000.0003	0.00415149
700000.0003	0.00413717
700000.0003	0.00408718
700000.0003	0.00412958
700000.0003	0.00411376
700000.0003	0.00415488
700000.0003	0.00414488
700000.0003	0.00414637
700000.0003	0.00414798
700000.0003	0.00417087
700000.0003	0.00417178
700000.0003	0.00419663
700000.0003	0.00420054
700000.0003	0.0041913
700000.0003	0.00423272
700000.0003	0.00421866
700000.0003	0.00420093
700000.0003	0.00421299
700000.0003	0.00426345
700000.0003	0.00417684
700000.0003	0.00427127
700000.0003	0.00433815
700000.0003	0.00423342
700000.0003	0.00430731
700000.0003	0.00437978
700000.0003	0.00447648
700000.0003	0.0044105
700000.0003	0.0044236
700000.0003	0.00444551
700000.0003	0.00457397
700000.0003	0.00448892
700000.0003	0.00450606
700000.0003	0.00459108
700000.0003	0.0047187
700000.0003	0.00473506
700000.0003	0.00481088
700000.0003	0.00487281
700000.0003	0.00482425
700000.0003	0.00493617
700000.0003	0.00496652
700000.0003	0.00517081
700000.0003	0.00518001
700000.0003	0.00528864
700000.0003	0.00540913
700000.0003	0.00551488
700000.0003	0.0056875
700000.0003	0.00579661
700000.0003	0.00605836
700000.0003	0.00617511
700000.0003	0.00634755
700000.0003	0.00672955
700000.0003	0.00691665
700000.0003	0.00711923
700000.0003	0.00767283
700000.0003	0.00773707
700000.0003	0.00836286
700000.0003	0.00914069
700000.0003	0.00981396
700000.0003	0.0108136
700000.0003	0.0119717
700000.0003	0.0135941
700000.0003	0.0155172
700000.0003	0.0181804
700000.0003	0.0212516
700000.0003	0.000240903
700000.0003	0.000241713
700000.0003	-0.000525499
700000.0003	0.00112371
700000.0003	0.000166974
700000.0003	-0.000752307
700000.0003	-0.000803487
700000.0003	0.00142465
700000.0003	-0.00232974
700000.0003	0.00311924
700000.0003	-0.003818
700000.0003	0.00466625
700000.0003	0.00958721
700000.0003	0.0100806
700000.0003	-0.00114076
700000.0003	-0.00945216
700000.0003	0.00373739
700000.0003	-0.0194913
700000.0003	-0.0106631
700000.0003	-0.00353353
700000.0003	-0.00506427
700000.0003	-0.000148368
700000.0003	-0.0288958
700000.0003	-0.0142952
700000.0003	0.024606
700000.0003	0.0146543
700000.0003	-0.00812612
700000.0003	0.0217616
700000.0003	0.0235716
700000.0003	0.0497249
700000.0003	-0.00776935
700000.0003	0.00926892
700000.0003	-0.0180473
700000.0003	-0.00464606
700000.0003	0.00672883
700000.0003	0.0409974
700000.0003	0.0278575
700000.0003	0.0170771
700000.0003	-0.0154974
700000.0003	0.016323
700000.0003	-0.0192053
700000.0003	-0.00653182
700000.0003	-0.0119218
700000.0003	0.0339652
700000.0003	0.00896523
700000.0003	0.0159156
700000.0003	-0.0203847
700000.0003	0.0150853
700000.0003	0.00222544
700000.0003	0.0142202
700000.0003	-0.00638446
700000.0003	-0.000212693
700000.0003	-0.0460973
700000.0003	0.0150307
700000.0003	0.00422554
700000.0003	0.0230146
700000.0003	0.0457901
700000.0003	0.0228123
700000.0003	0.0120974
700000.0003	-0.00735295
700000.0003	-0.0213125
700000.0003	0.0119132
700000.0003	-0.00321576
700000.0003	0.00534
700000.0003	0.0183276
700000.0003	-0.0214727
700000.0003	0.0417057
700000.0003	0.0498946
700000.0003	-0.00156319
700000.0003	-0.00243576
700000.0003	0.0159736
700000.0003	0.0136275
700000.0003	0.0366316
700000.0003	0.00647548
700000.0003	-0.00766521
700000.0003	0.0101334
700000.0003	0.025102
700000.0003	-0.00595392
700000.0003	0.0301027
700000.0003	-0.0060606
700000.0003	-0.0279312
700000.0003	-0.0439562
700000.0003	0.0242931
700000.0003	0.00464347
700000.0003	-0.0217343
700000.0003	0.0128834
700000.0003	-0.0189188
700000.0003	-0.0486547
700000.0003	-0.0135431
700000.0003	-0.00511182
700000.0003	0.0362436
700000.0003	0.0117057
700000.0003	-0.000984288
700000.0003	0.00674052
700000.0003	0.0193288
700000.0003	-0.0313908
700000.0003	0.0224215
700000.0003	0.0149083
700000.0003	-0.0169993
700000.0003	-0.00464313
700000.0003	-0.0127298
700000.0003	0.0490135
700000.0003	0.00550681
700000.0003	-0.0230637
700000.0003	0.0372612
700000.0003	-0.0441621
700000.0003	-0.0132053
700000.0003	-0.032545
700000.0003	0.000195273
700000.0003	-0.00819439
700000.0003	0.0222836
700000.0003	-0.0151627
700000.0003	0.00700159
700000.0003	0.0222863
700000.0003	0.00610593
700000.0003	0.00474689
700000.0003	-0.00555928
700000.0003	-0.0386061
700000.0003	-0.00349297
700000.0003	-0.03075
700000.0003	0.0325102
700000.0003	-0.026949
700000.0003	0.039038
700000.0003	0.0166636
700000.0003	0.0145493
700000.0003	-0.0115484
700000.0003	0.00625538
700000.0003	-0.00646534
700000.0003	-0.0220662
700000.0003	0.0178047
700000.0003	-0.0273939
700000.0003	-0.0116255
700000.0003	-0.0252743
700000.0003	-0.0172644
700000.0003	-0.00816101
700000.0003	-0.00233332
700000.0003	0.0441246
700000.0003	-0.00479819
700000.0003	-0.0501002
700000.0003	-0.0249127
700000.0003	0.0035714
700000.0003	0.0569808
700000.0003	-0.00152429
700000.0003	-0.00791563
700000.0003	-0.0278419
700000.0003	0.0193962
700000.0003	-0.0172682
700000.0003	0.00865662
700000.0003	0.0205949
700000.0003	-0.0377114
700000.0003	-0.0104904
700000.0003	-0.0257863
700000.0003	0.0177954
700000.0003	-0.033307
700000.0003	0.0126392
700000.0003	-0.0344402
700000.0003	-0.0112025
700000.0003	0.00793447
700000.0003	0.00526538
700000.0003	0.00742993
700000.0003	-0.0157472
700000.0003	-0.00503718
700000.0003	0.0338052
700000.0003	0.0125604
700000.0003	-0.0132247
700000.0003	-0.00732961
700000.0003	-0.00351251
700000.0003	0.00563679
700000.0003	0.00358544
700000.0003	0.00609262
700000.0003	-0.0031558
700000.0003	-0.0105192
700000.0003	0.0137188
700000.0003	0.0180692
700000.0003	0.00391054
700000.0003	-0.00226307
700000.0003	-0.000173895
700000.0003	0.00614797
700000.0003	0.0271158
700000.0003	0.00309518
700000.0003	0.0135208
700000.0003	-0.00797112
700000.0003	0.00195334
700000.0003	-0.0284832
700000.0003	0.0141716
700000.0003	0.00790835
700000.0003	0.0405558
700000.0003	-0.0147168
700000.0003	-0.00719489
700000.0003	-0.00344169
700000.0003	0.00783926
700000.0003	-0.0230503
700000.0003	0.00531487
700000.0003	0.000105592
700000.0003	0.0126148
700000.0003	0.00824859
700000.0003	0.0160681
700000.0003	0.00697063
700000.0003	-0.0163772
700000.0003	0.031561
700000.0003	0.000132488
700000.0003	0.00936373
700000.0003	-0.00703961
700000.0003	0.00346566
700000.0003	-0.0128068
700000.0003	-0.0130986
700000.0003	-0.0030678
700000.0003	0.000454217
700000.0003	0.00315932
700000.0003	0.0212283
700000.0003	0.00314381
700000.0003	-9.74038e-05
700000.0003	-0.00840409
700000.0003	-0.017127
700000.0003	-0.00443996
700000.0003	-0.00906377
700000.0003	-0.0205394
700000.0003	-0.00603794
700000.0003	0.00894628
700000.0003	-0.0015818
700000.0003	-0.00693312
700000.0003	-0.00422625
700000.0003	0.00338762
700000.0003	-0.0109499
700000.0003	0.00116181
700000.0003	-0.00118711
700000.0003	0.00286748
700000.0003	-0.00943793
700000.0003	0.000526465
700000.0003	-0.00945193
700000.0003	-0.00532632
700000.0003	-0.000609787
700000.0003	0.0106292
700000.0003	0.00108373
700000.0003	0.00359945
700000.0003	0.00198543
700000.0003	0.0102715
700000.0003	0.00274012
700000.0003	-0.00555035
700000.0003	-0.00427173
700000.0003	0.0061214
700000.0003	-0.000617811
700000.0003	0.00905391
700000.0003	0.00652265
700000.0003	0.000490116
700000.0003	-4.84394e-05
700000.0003	-0.00759318
700000.0003	0.00192092
700000.0003	-0.000635311
700000.0003	-0.00583472
700000.0003	-0.00259955
700000.0003	-0.000582386
700000.0003	0.0044107
700000.0003	0.00111185
700000.0003	-0.00234625
700000.0003	0.000298948
700000.0003	-0.000729323
700000.0003	0.00298319
700000.0003	-0.00321451
700000.0003	0.000366647
700000.0003	0.00509719
700000.0003	0.00222894
700000.0003	-0.00196084
700000.0003	0.000604298
700000.0003	-7.06306e-05
700000.0003	0.000294511
700000.0003	-0.000160856
700000.0003	-0.000200499
700000.0003	0.00179888
700000.0003	-0.00152486
700000.0003	0.000195705
700000.0003	0.000279304
700000.0003	-0.000828213
700000.0003	-0.00025275
700000.0003	0.000667884
700000.0003	0.000946429
700000.0003	0.000848066
700000.0003	0.000243016
700000.0003	0.00013928
700000.0003	-6.96232e-05
700000.0003	-0.000251905
700000.0003	0.000207451
700000.0003	0.000121885
700000.0003	0.000168137
700000.0003	-0.000201761
700000.0003	-5.99556e-05
700000.0003	-0.000152979
700000.0003	-6.92879e-06
700000.0003	3.29516e-06
700000.0003	-2.36402e-05
700000.0003	-2.01657e-06
700000.0003	-3.2432e-05
700000.0003	-2.67128e-06
700000.0003	2.92542e-05
700000.0003	0.000101653
700000.0003	-3.17085e-06
700000.0003	9.92911e-05
700000.0003	1.46498e-06
700000.0003	-4.89239e-05
700000.0003	-9.88076e-06
700000.0003	-6.721e-05
700000.0003	5.69524e-05
700000.0003	5.18818e-07
700000.0003	-3.60149e-05
700000.0003	-5.87112e-05
700000.0003	8.11952e-06
700000.0003	-2.08311e-05
700000.0003	8.8341e-06
700000.0003	-5.10218e-05
700000.0003	-3.03631e-05
700000.0003	3.17729e-06
700000.0003	4.65734e-05
700000.0003	6.15907e-05
700000.0003	-3.76636e-05
700000.0003	2.39918e-05
700000.0003	2.31327e-05
700000.0003	1.82093e-05
700000.0003	-5.17623e-06
700000.0003	7.2858e-06
700000.0003	-2.81894e-05
700000.0003	8.7583e-07
700000.0003	-4.76395e-05
700000.0003	6.86686e-06
700000.0003	1.78487e-05
700000.0003	3.89439e-06
700000.0003	-5.73642e-07
700000.0003	-4.59802e-05
700000.0003	1.07172e-05
700000.0003	1.00301e-05
700000.0003	-5.13548e-06
700000.0003	-4.0809e-05
700000.0003	9.64394e-06
700000.0003	2.94226e-06
700000.0003	2.71342e-05
700000.0003	2.98725e-05
700000.0003	3.97063e-06
700000.0003	2.17684e-05
700000.0003	3.02939e-05
700000.0003	3.36532e-05
700000.0003	3.348e-06
700000.0003	3.65265e-07
700000.0003	-5.05524e-06
700000.0003	-4.03285e-05
700000.0003	3.39707e-05
700000.0003	-1.40309e-05
700000.0003	4.67694e-07
700000.0003	-3.43431e-05
700000.0003	-3.44379e-06
700000.0003	-2.02467e-05
700000.0003	1.83162e-05
700000.0003	1.62385e-05
700000.0003	1.4447e-05
700000.0003	-2.73183e-05
700000.0003	2.11819e-05
700000.0003	-3.29675e-05
700000.0003	1.17298e-05
700000.0003	-1.15864e-05
700000.0003	3.98724e-05
700000.0003	3.66989e-06
700000.0003	1.39747e-05
700000.0003	1.55422e-05
700000.0003	1.02568e-05
700000.0003	-7.30835e-06
700000.0003	5.55954e-05
700000.0003	4.16872e-06
700000.0003	-6.53299e-05
700000.0003	-2.49613e-05
700000.0003	-3.90406e-05
700000.0003	-1.4575e-05
700000.0003	1.095e-05
700000.0003	-2.50949e-05
700000.0003	-3.63561e-05
700000.0003	-7.54228e-05
700000.0003	2.13604e-05
700000.0003	-1.11479e-05
700000.0003	-1.22992e-05
700000.0003	-1.19484e-05
700000.0003	-5.65163e-06
700000.0003	2.60807e-05
700000.0003	-4.25111e-05
700000.0003	4.16163e-05
700000.0003	1.64027e-05
700000.0003	1.96252e-05
700000.0003	3.47591e-05
700000.0003	6.20438e-06
700000.0003	5.5986e-05
700000.0003	2.29694e-05
700000.0003	5.04726e-05
700000.0003	4.84524e-05
700000.0003	1.4213e-05
700000.0003	-4.14755e-05
700000.0003	7.25132e-06
700000.0003	-0.000145949
700000.0003	9.96542e-05
700000.0003	1.85787e-05
700000.0003	-2.28518e-05
700000.0003	-0.000154137
700000.0003	-2.57564e-05
700000.0003	-7.52065e-05
700000.0003	-0.000110561
700000.0003	-0.000352015
700000.0003	-2.77631e-05
700000.0003	-0.000478379
700000.0003	-0.000258041
700000.0003	-0.000679907
700000.0003	0.00149658
700000.0003	0.000755225
700000.0003	0.00131448
700000.0003	0.00242081
700000.0003	0.000128191
700000.0003	0.00121733
700000.0003	0.000368894
700000.0003	0.00128375
700000.0003	0.00813048
700000.0003	0.00652375
700000.0003	0.0019791
700000.0003	-0.00754635
700000.0003	0.00687011
700000.0003	-0.00332687
700000.0003	-0.0129099
700000.0003	-0.0289732
700000.0003	-0.00265946
700000.0003	0.00439409
700000.0003	-0.0309926
700000.0003	0.0163481
700000.0003	0.00721505
700000.0003	-0.0254921
700000.0003	0.0560093
700000.0003	0.0214818
700000.0003	0.0353854
700000.0003	-0.00707963
700000.0003	0.0319934
700000.0003	-0.000744541
700000.0003	0.00828603
700000.0003	0.0230643
700000.0003	0.0361432
700000.0003	0.00969498
700000.0003	0.0290717
700000.0003	-0.0271063
700000.0003	-0.0101725
700000.0003	-0.0287492
700000.0003	-0.00912441
700000.0003	-0.00334109
700000.0003	0.0217487
700000.0003	-0.00134382
700000.0003	0.0099991
700000.0003	-0.0274204
700000.0003	0.0149795
700000.0003	0.0132986
700000.0003	-0.00123448
700000.0003	-0.000970506
700000.0003	-0.00261906
700000.0003	-0.0371337
700000.0003	0.00300522
700000.0003	0.0222731
700000.0003	0.0251376
700000.0003	0.0365262
700000.0003	0.0370137
700000.0003	0.0400836
700000.0003	-0.00606518
700000.0003	-0.0312781
700000.0003	0.00623053
700000.0003	-0.0113602
700000.0003	-0.0154105
700000.0003	0.0154955
700000.0003	-0.0266926
700000.0003	0.03602
700000.0003	0.0608225
700000.0003	0.00124029
700000.0003	-0.0110281
700000.0003	0.0245837
700000.0003	0.0096583
700000.0003	0.0156911
700000.0003	-0.0125516
700000.0003	0.00430888
700000.0003	0.00947001
700000.0003	0.0190845
700000.0003	0.00549161
700000.0003	0.0301886
700000.0003	-0.00884397
700000.0003	-0.0382726
700000.0003	-0.0435592
700000.0003	0.0345546
700000.0003	0.000774654
700000.0003	-0.0240517
700000.0003	0.0153781
700000.0003	-0.0218882
700000.0003	-0.0487634
700000.0003	-0.0115988
700000.0003	-0.00731894
700000.0003	0.0244626
700000.0003	0.018935
700000.0003	-0.00282653
700000.0003	0.00162962
700000.0003	0.0279237
700000.0003	-0.0308862
700000.0003	0.0130381
700000.0003	0.0138879
700000.0003	-0.0327007
700000.0003	0.00605286
700000.0003	-0.0215853
700000.0003	0.0385034
700000.0003	0.00318706
700000.0003	-0.0337995
700000.0003	0.0436299
700000.0003	-0.0315357
700000.0003	-0.00784411
700000.0003	-0.0484616
700000.0003	-0.0137563
700000.0003	0.000832382
700000.0003	0.0156852
700000.0003	-0.0295539
700000.0003	-0.0061551
700000.0003	0.0289025
700000.0003	0.0194683
700000.0003	0.00758706
700000.0003	-0.00308722
700000.0003	-0.0440748
700000.0003	0.0126103
700000.0003	-0.0259788
700000.0003	0.0414235
700000.0003	-0.0294402
700000.0003	0.0503522
700000.0003	0.0307638
700000.0003	0.0182538
700000.0003	-0.00188302
700000.0003	0.00623763
700000.0003	-0.00655146
700000.0003	-0.0218486
700000.0003	0.025725
700000.0003	-0.0154916
700000.0003	-0.00746384
700000.0003	-0.0136144
700000.0003	-0.0261846
700000.0003	0.00531722
700000.0003	0.00232671
700000.0003	0.0376901
700000.0003	-0.00120452
700000.0003	-0.0568792
700000.0003	-0.0198053
700000.0003	0.0153112
700000.0003	0.038021
700000.0003	-0.0150656
700000.0003	-0.00808592
700000.0003	-0.0218105
700000.0003	0.0219513
700000.0003	-0.0317162
700000.0003	-0.00725873
700000.0003	0.0100864
700000.0003	-0.0382133
700000.0003	-0.0160277
700000.0003	-0.0218189
700000.0003	0.00545134
700000.0003	-0.0293443
700000.0003	0.0166465
700000.0003	-0.0271317
700000.0003	-0.0211416
700000.0003	0.00816728
700000.0003	-0.00217637
700000.0003	0.020433
700000.0003	-0.0171064
700000.0003	0.00913368
700000.0003	0.0408834
700000.0003	0.00236603
700000.0003	-0.0159518
700000.0003	-0.00202048
700000.0003	-0.0143174
700000.0003	0.00990636
700000.0003	0.015136
700000.0003	0.00142367
700000.0003	-0.00276876
700000.0003	0.0105577
700000.0003	0.0127427
700000.0003	0.0175071
700000.0003	0.00693382
700000.0003	0.00144224
700000.0003	-0.00794612
700000.0003	0.0179431
700000.0003	0.0279835
700000.0003	0.0097183
700000.0003	0.0082182
700000.0003	-0.00794623
700000.0003	0.00607444
700000.0003	-0.0227194
700000.0003	0.0218075
700000.0003	-0.00342766
700000.0003	0.0368892
700000.0003	-0.00983737
700000.0003	-0.00918014
700000.0003	-0.00123988
700000.0003	-5.62525e-05
700000.0003	-0.0170149
700000.0003	-0.00488978
700000.0003	0.00496583
700000.0003	0.0134045
700000.0003	0.0126111
700000.0003	0.0230563
700000.0003	0.00510988
700000.0003	-0.0148156
700000.0003	0.0290063
700000.0003	-0.00389305
700000.0003	0.00264818
700000.0003	-0.0060174
700000.0003	-0.010283
700000.0003	-0.012685
700000.0003	-0.0234993
700000.0003	-0.00254354
700000.0003	-0.0178444
700000.0003	-0.000203124
700000.0003	0.0103465
700000.0003	0.00665631
700000.0003	-0.000827755
700000.0003	-0.0059826
700000.0003	-0.0214749
700000.0003	-0.0114547
700000.0003	-0.0104757
700000.0003	-0.0165396
700000.0003	-0.00682193
700000.0003	0.00721576
700000.0003	0.00242767
700000.0003	-0.00757754
700000.0003	0.00395493
700000.0003	0.00195774
700000.0003	-0.0132074
700000.0003	0.000241176
700000.0003	-0.00263446
700000.0003	0.00225905
700000.0003	-0.00559163
700000.0003	-0.00359225
700000.0003	-0.00302952
700000.0003	-0.00451713
700000.0003	-0.00188627
700000.0003	0.00356114
700000.0003	-0.00254302
700000.0003	0.00656696
700000.0003	0.0013483
700000.0003	0.0107404
700000.0003	-0.00342159
700000.0003	-0.000141396
700000.0003	-0.00347594
700000.0003	0.00480255
700000.0003	0.000850294
700000.0003	0.00869013
700000.0003	-0.00298094
700000.0003	0.00273747
700000.0003	-0.00117703
700000.0003	-0.00804801
700000.0003	-0.00114099
700000.0003	-0.00635114
700000.0003	-0.00706339
700000.0003	-0.0113444
700000.0003	-0.00119284
700000.0003	-0.00218667
700000.0003	0.0019618
700000.0003	-0.000111606
700000.0003	-0.00110807
700000.0003	-0.00389119
700000.0003	0.00118075
700000.0003	0.00282145
700000.0003	-9.63489e-05
700000.0003	-0.000920215
700000.0003	0.00149588
700000.0003	0.000176472
700000.0003	0.00134841
700000.0003	0.00198372
700000.0003	0.00157052
700000.0003	0.000376108
700000.0003	-0.000888946
700000.0003	0.00139178
700000.0003	-0.000531772
700000.0003	-0.000280434
700000.0003	0.000661586
700000.0003	0.000691534
700000.0003	-0.000212857
700000.0003	-0.000392958
700000.0003	8.06027e-05
700000.0003	-5.24472e-05
700000.0003	-0.000178689
700000.0003	-0.00017799
700000.0003	-0.000105227
700000.0003	-3.15203e-05
700000.0003	9.30687e-06
700000.0003	9.53907e-05
700000.0003	-5.11435e-05
700000.0003	-4.82489e-05
700000.0003	6.24245e-05
700000.0003	0.000241293
700000.0003	2.70583e-05
700000.0003	-2.3803e-05
700000.0003	3.00973e-05
700000.0003	0.000113628
700000.0003	1.41675e-05
700000.0003	-8.6198e-05
700000.0003	1.05603e-05
700000.0003	-9.31149e-06
700000.0003	-8.94338e-05
700000.0003	3.07333e-05
700000.0003	-1.30673e-05
700000.0003	-9.50385e-06
700000.0003	3.3404e-05
700000.0003	-2.86139e-05
700000.0003	-1.27264e-05
700000.0003	-1.68957e-05
700000.0003	-1.61965e-05
700000.0003	6.88577e-06
700000.0003	-1.03455e-05
700000.0003	3.13618e-05
700000.0003	-9.16075e-06
700000.0003	-3.10353e-06
700000.0003	-5.58248e-05
700000.0003	-2.15167e-05
700000.0003	-7.45686e-06
700000.0003	-0.000108272
700000.0003	-6.15537e-05
700000.0003	-5.68392e-06
700000.0003	1.41363e-06
700000.0003	1.30082e-05
700000.0003	1.86719e-06
700000.0003	2.68479e-05
700000.0003	-3.07687e-06
700000.0003	-1.95717e-05
700000.0003	4.73621e-05
700000.0003	3.62792e-05
700000.0003	-3.26547e-05
700000.0003	5.20026e-06
700000.0003	-4.69463e-06
700000.0003	3.92312e-07
700000.0003	9.29105e-06
700000.0003	4.24905e-05
700000.0003	2.72694e-05
700000.0003	-2.38045e-06
700000.0003	-2.69134e-06
700000.0003	-5.4037e-06
700000.0003	-4.93334e-06
700000.0003	5.09568e-05
700000.0003	4.91372e-05
700000.0003	1.06882e-05
700000.0003	-7.12792e-06
700000.0003	-1.52112e-06
700000.0003	-3.65995e-06
700000.0003	-1.66339e-05
700000.0003	-2.60394e-05
700000.0003	-2.69318e-05
700000.0003	3.55344e-05
700000.0003	6.5102e-05
700000.0003	2.59832e-06
700000.0003	2.89885e-05
700000.0003	-3.41192e-05
700000.0003	-5.43602e-05
700000.0003	3.57369e-05
700000.0003	1.00977e-05
700000.0003	9.22146e-05
700000.0003	-4.81779e-06
700000.0003	4.42397e-05
700000.0003	5.54842e-05
700000.0003	-4.5775e-06
700000.0003	1.43431e-05
700000.0003	5.77037e-07
700000.0003	2.97271e-05
700000.0003	7.09265e-05
700000.0003	-2.03884e-07
700000.0003	-3.99199e-05
700000.0003	3.63259e-05
700000.0003	-4.77495e-05
700000.0003	-6.53573e-05
700000.0003	8.73655e-06
700000.0003	5.30136e-05
700000.0003	4.67673e-06
700000.0003	-3.01758e-05
700000.0003	-4.77915e-06
700000.0003	-0.000113922
700000.0003	-5.53837e-05
700000.0003	-2.47173e-06
700000.0003	3.25528e-05
700000.0003	-8.93149e-05
700000.0003	4.8462e-05
700000.0003	-7.34364e-05
700000.0003	-3.19759e-05
700000.0003	7.37872e-06
700000.0003	-2.73507e-05
700000.0003	-0.000103802
700000.0003	-6.50094e-05
700000.0003	-7.80958e-05
700000.0003	3.80162e-05
700000.0003	-9.64995e-05
700000.0003	0.00018906
700000.0003	0.000203048
700000.0003	9.89975e-05
700000.0003	-2.5025e-05
700000.0003	-1.54437e-05
700000.0003	7.85255e-05
700000.0003	-9.80355e-05
700000.0003	2.20341e-05
700000.0003	0.00014224
700000.0003	-5.88177e-05
700000.0003	1.6538e-05
700000.0003	0.000293063
700000.0003	-0.000123285
700000.0003	-0.000402855
700000.0003	0.00024543
700000.0003	0.018023
700000.0003	0.0240049
700000.0003	0.0367988
700000.0003	0.0608125
700000.0003	0.102321
700000.0003	0.165827
700000.0003	0.266358
700000.0003	0.409694
700000.0003	0.607903
700000.0003	0.880042
700000.0003	1.2473
700000.0003	1.75958
700000.0003	2.4473
700000.0003	3.33699
700000.0003	4.47655
700000.0003	5.83273
700000.0003	7.44748
700000.0003	9.26383
700000.0003	11.2815
700000.0003	13.3453
700000.0003	15.2806
700000.0003	16.9893
700000.0003	18.1679
700000.0003	19.064
700000.0003	19.4964
700000.0003	19.6921
700000.0003	19.6808
700000.0003	19.4965
700000.0003	19.2257
700000.0003	19.0555
700000.0003	18.7944
700000.0003	18.4959
700000.0003	18.1931
700000.0003	17.9399
700000.0003	17.7563
700000.0003	17.5242
700000.0003	17.1944
700000.0003	16.9253
700000.0003	16.6123
700000.0003	16.3367
700000.0003	15.9402
700000.0003	15.6203
700000.0003	15.3595
700000.0003	15.1308
700000.0003	14.9225
700000.0003	14.6206
700000.0003	14.4587
700000.0003	14.3409
700000.0003	14.0323
700000.0003	13.9164
700000.0003	13.6868
700000.0003	13.6216
700000.0003	13.3535
700000.0003	13.3618
700000.0003	13.2354
700000.0003	13.037
700000.0003	13.0279
700000.0003	12.8194
700000.0003	12.8017
700000.0003	12.6643
700000.0003	12.6548
700000.0003	12.5171
700000.0003	12.4372
700000.0003	12.2728
700000.0003	12.2318
700000.0003	12.2676
700000.0003	12.1067
700000.0003	12.0814
700000.0003	12.0183
700000.0003	11.8869
700000.0003	11.8181
700000.0003	11.7678
700000.0003	11.8017
700000.0003	11.6753
700000.0003	11.577
700000.0003	11.5637
700000.0003	11.4849
700000.0003	11.6284
700000.0003	11.4878
700000.0003	11.4552
700000.0003	11.4021
700000.0003	11.2851
700000.0003	11.3145
700000.0003	11.2475
700000.0003	11.2575
700000.0003	11.1553
700000.0003	11.2169
700000.0003	11.1504
700000.0003	11.1674
700000.0003	11.1116
700000.0003	11.1351
700000.0003	11.0735
700000.0003	11.0823
700000.0003	11.0446
700000.0003	11.0058
700000.0003	10.979
700000.0003	10.9709
700000.0003	10.9177
700000.0003	11.0383
700000.0003	10.9598
700000.0003	10.8863
700000.0003	10.7768
700000.0003	10.8054
700000.0003	10.8597
700000.0003	10.8434
700000.0003	10.901
700000.0003	10.7902
700000.0003	10.8155
700000.0003	10.7888
700000.0003	10.7553
700000.0003	10.8018
700000.0003	10.7206
700000.0003	10.7939
700000.0003	10.7562
700000.0003	10.7925
700000.0003	10.8025
700000.0003	10.7429
700000.0003	10.6587
700000.0003	10.6891
700000.0003	10.6733
700000.0003	10.7282
700000.0003	10.6702
700000.0003	10.6633
700000.0003	10.6785
700000.0003	10.7288
700000.0003	10.6401
700000.0003	10.6992
700000.0003	10.675
700000.0003	10.6203
700000.0003	10.6386
700000.0003	10.6988
700000.0003	10.7022
700000.0003	10.6826
700000.0003	10.6024
700000.0003	10.6365
700000.0003	10.6575
700000.0003	10.646
700000.0003	10.6336
700000.0003	10.6217
700000.0003	10.6391
700000.0003	10.5725
700000.0003	10.6588
700000.0003	10.6446
700000.0003	10.6582
700000.0003	10.6854
700000.0003	10.593
700000.0003	10.5893
700000.0003	10.5093
700000.0003	10.5214
700000.0003	10.5716
700000.0003	10.5209
700000.0003	10.5322
700000.0003	10.491
700000.0003	10.4151
700000.0003	10.3388
700000.0003	10.3731
700000.0003	10.4315
700000.0003	10.2685
700000.0003	10.3192
700000.0003	10.2515
700000.0003	10.275
700000.0003	10.2357
700000.0003	10.1545
700000.0003	10.0824
700000.0003	10.042
700000.0003	9.97297
700000.0003	9.94687
700000.0003	9.91074
700000.0003	9.8566
700000.0003	9.82029
700000.0003	9.70298
700000.0003	9.7331
700000.0003	9.6353
700000.0003	9.6013
700000.0003	9.48336
700000.0003	9.40369
700000.0003	9.37725
700000.0003	9.2682
700000.0003	9.30966
700000.0003	9.2042
700000.0003	9.12497
700000.0003	9.02219
700000.0003	8.99606
700000.0003	8.95098
700000.0003	8.83567
700000.0003	8.75083
700000.0003	8.63139
700000.0003	8.60542
700000.0003	8.56658
700000.0003	8.43628
700000.0003	8.43901
700000.0003	8.28764
700000.0003	8.25622
700000.0003	8.10615
700000.0003	8.10302
700000.0003	8.01094
700000.0003	7.92524
700000.0003	7.82886
700000.0003	7.77989
700000.0003	7.69945
700000.0003	7.62619
700000.0003	7.5859
700000.0003	7.4897
700000.0003	7.37497
700000.0003	7.28579
700000.0003	7.22433
700000.0003	7.13544
700000.0003	7.06925
700000.0003	7.00383
700000.0003	6.91535
700000.0003	6.85167
700000.0003	6.73421
700000.0003	6.65232
700000.0003	6.61802
700000.0003	6.5406
700000.0003	6.46075
700000.0003	6.42738
700000.0003	6.31633
700000.0003	6.25783
700000.0003	6.17161
700000.0003	6.15344
700000.0003	6.05692
700000.0003	6.01162
700000.0003	5.9856
700000.0003	5.87928
700000.0003	5.86601
700000.0003	5.81335
700000.0003	5.76845
700000.0003	5.7425
700000.0003	5.69016
700000.0003	5.66548
700000.0003	5.66303
700000.0003	5.61987
700000.0003	5.55722
700000.0003	5.54571
700000.0003	5.47593
700000.0003	5.42381
700000.0003	5.38453
700000.0003	5.29817
700000.0003	5.2023
700000.0003	5.11535
700000.0003	4.97903
700000.0003	4.82388
700000.0003	4.66685
700000.0003	4.47052
700000.0003	4.26133
700000.0003	4.03173
700000.0003	3.78441
700000.0003	3.53943
700000.0003	3.2843
700000.0003	3.03606
700000.0003	2.79638
700000.0003	2.55949
700000.0003	2.32624
700000.0003	2.12704
700000.0003	1.92762
700000.0003	1.74673
700000.0003	1.5798
700000.0003	1.42197
700000.0003	1.28302
700000.0003	1.14902
700000.0003	1.03302
700000.0003	0.919775
700000.0003	0.824893
700000.0003	0.732183
700000.0003	0.649817
700000.0003	0.574496
700000.0003	0.50694
700000.0003	0.443175
700000.0003	0.391042
700000.0003	0.34124
700000.0003	0.294094
700000.0003	0.255518
700000.0003	0.219221
700000.0003	0.187762
700000.0003	0.160083
700000.0003	0.13672
700000.0003	0.115466
700000.0003	0.0979533
700000.0003	0.0819474
700000.0003	0.0690689
700000.0003	0.058055
700000.0003	0.0484581
700000.0003	0.0403869
700000.0003	0.0339698
700000.0003	0.0284664
700000.0003	0.023658
700000.0003	0.020219
700000.0003	0.0168661
700000.0003	0.0146971
700000.0003	0.0123935
700000.0003	0.0109532
700000.0003	0.00951883
700000.0003	0.00841737
700000.0003	0.00746162
700000.0003	0.00669312
700000.0003	0.00623197
700000.0003	0.00579746
700000.0003	0.00552654
700000.0003	0.00525419
700000.0003	0.00516705
700000.0003	0.00499434
700000.0003	0.00485167
700000.0003	0.00482287
700000.0003	0.00478132
700000.0003	0.00468248
700000.0003	0.00457765
700000.0003	0.00456075
700000.0003	0.00453891
700000.0003	0.00446733
700000.0003	0.00443496
700000.0003	0.00438505
700000.0003	0.00440161
700000.0003	0.00432111
700000.0003	0.00430177
700000.0003	0.00428426
700000.0003	0.00427709
700000.0003	0.00426464
700000.0003	0.00420855
700000.0003	0.00417339
700000.0003	0.00422608
700000.0003	0.00418575
700000.0003	0.00412758
700000.0003	0.00416806
700000.0003	0.00415451
700000.0003	0.0041517
700000.0003	0.00409954
700000.0003	0.00415225
700000.0003	0.00413469
700000.0003	0.00413368
700000.0003	0.00412111
700000.0003	0.00411168
700000.0003	0.00409162
700000.0003	0.0041075
700000.0003	0.00408489
700000.0003	0.00413509
700000.0003	0.00412621
700000.0003	0.00412605
700000.0003	0.00413271
700000.0003	0.00408429
700000.0003	0.00410625
700000.0003	0.00408451
700000.0003	0.00411732
700000.0003	0.0041051
700000.0003	0.00411168
700000.0003	0.00411748
700000.0003	0.00412899
700000.0003	0.00416105
700000.0003	0.00412724
700000.0003	0.00415645
700000.0003	0.00412265
700000.0003	0.00418622
700000.0003	0.00413972
700000.0003	0.00421896
700000.0003	0.00415035
700000.0003	0.00415371
700000.0003	0.0041942
700000.0003	0.00419558
700000.0003	0.00426662
700000.0003	0.00429317
700000.0003	0.00430062
700000.0003	0.00430097
700000.0003	0.00430517
700000.0003	0.00437711
700000.0003	0.00434096
700000.0003	0.00442275
700000.0003	0.00439697
700000.0003	0.00449676
700000.0003	0.00449139
700000.0003	0.00457816
700000.0003	0.0045913
700000.0003	0.00470652
700000.0003	0.00468633
700000.0003	0.00475408
700000.0003	0.00486458
700000.0003	0.00492803
700000.0003	0.00495024
700000.0003	0.00507505
700000.0003	0.00513633
700000.0003	0.00532205
700000.0003	0.00542361
700000.0003	0.00554894
700000.0003	0.00569038
700000.0003	0.00588848
700000.0003	0.00606306
700000.0003	0.00636246
700000.0003	0.00672709
700000.0003	0.00694551
700000.0003	0.00715937
700000.0003	0.00771331
700000.0003	0.00801804
700000.0003	0.00858962
700000.0003	0.00921349
700000.0003	0.00994102
700000.0003	0.0107988
700000.0003	0.0115913
700000.0003	0.012806
700000.0003	0.0138831
700000.0003	0.0151957
700000.0003	0.0162864
