700000.0003	1471135
700000.0003	1466394
700000.0003	1470995
700000.0003	1479855
700000.0003	1488693
700000.0003	1490039
700000.0003	1475461
700000.0003	1448708
700000.0003	1416962
700000.0003	1393369
700000.0003	1385716
700000.0003	1385200
700000.0003	1378206
700000.0003	1344548
700000.0003	1272961
700000.0003	1163764
700000.0003	1033066
700000.0003	899671
700000.0003	776806
700000.0003	668545
700000.0003	576585
700000.0003	496054
700000.0003	430379
700000.0003	374168
700000.0003	327357
700000.0003	290181
700000.0003	259106
700000.0003	232428
700000.0003	211499
700000.0003	194473
700000.0003	180128
700000.0003	168151
700000.0003	158335
700000.0003	150367
700000.0003	143091
700000.0003	137622
700000.0003	133078
700000.0003	128813
700000.0003	125385
700000.0003	123550
700000.0003	121208
700000.0003	120387
700000.0003	118886
700000.0003	117471
700000.0003	116201
700000.0003	115145
700000.0003	114107
700000.0003	113490
700000.0003	112018
700000.0003	111641
700000.0003	111131
700000.0003	110467
700000.0003	109399
700000.0003	109535
700000.0003	108241
700000.0003	107564
700000.0003	106865
700000.0003	107357
700000.0003	106415
700000.0003	105058
700000.0003	105711
700000.0003	104612
700000.0003	104914
700000.0003	104070
700000.0003	103718
700000.0003	103259
700000.0003	103272
700000.0003	102788
700000.0003	103074
700000.0003	102984
700000.0003	102635
700000.0003	101813
700000.0003	101084
700000.0003	101409
700000.0003	100803
700000.0003	101064
700000.0003	101020
700000.0003	100410
700000.0003	100046
700000.0003	99974
700000.0003	100186
700000.0003	100284
700000.0003	99663
700000.0003	99756
700000.0003	99845
700000.0003	99374
700000.0003	99727
700000.0003	99568
700000.0003	98474
700000.0003	98202
700000.0003	98216
700000.0003	99322
700000.0003	98754
700000.0003	98281
700000.0003	98645
700000.0003	98426
700000.0003	97550
700000.0003	97897
700000.0003	97938
700000.0003	97626
700000.0003	97874
700000.0003	97305
700000.0003	97316
700000.0003	97297
700000.0003	97733
700000.0003	97427
700000.0003	98123
700000.0003	97692
700000.0003	96420
700000.0003	97226
700000.0003	97857
700000.0003	97346
700000.0003	97133
700000.0003	96830
700000.0003	97168
700000.0003	97109
700000.0003	97103
700000.0003	97685
700000.0003	97100
700000.0003	96302
700000.0003	96645
700000.0003	97139
700000.0003	97456
700000.0003	97221
700000.0003	96977
700000.0003	97271
700000.0003	97017
700000.0003	96943
700000.0003	97123
700000.0003	96741
700000.0003	97119
700000.0003	97231
700000.0003	96791
700000.0003	96573
700000.0003	97178
700000.0003	97042
700000.0003	96806
700000.0003	96672
700000.0003	96997
700000.0003	96962
700000.0003	96877
700000.0003	96758
700000.0003	97359
700000.0003	97078
700000.0003	97029
700000.0003	97525
700000.0003	97322
700000.0003	97718
700000.0003	98000
700000.0003	98319
700000.0003	98554
700000.0003	98513
700000.0003	99166
700000.0003	98831
700000.0003	99101
700000.0003	99965
700000.0003	99751
700000.0003	100340
700000.0003	101625
700000.0003	101574
700000.0003	102294
700000.0003	103042
700000.0003	103126
700000.0003	103422
700000.0003	104040
700000.0003	105387
700000.0003	105021
700000.0003	106213
700000.0003	107247
700000.0003	107587
700000.0003	108238
700000.0003	108686
700000.0003	109902
700000.0003	110699
700000.0003	111807
700000.0003	112538
700000.0003	113607
700000.0003	114029
700000.0003	115502
700000.0003	117077
700000.0003	117493
700000.0003	118653
700000.0003	119465
700000.0003	121182
700000.0003	122038
700000.0003	122958
700000.0003	125023
700000.0003	125932
700000.0003	127237
700000.0003	129421
700000.0003	130920
700000.0003	131891
700000.0003	133150
700000.0003	135302
700000.0003	137249
700000.0003	139020
700000.0003	140439
700000.0003	142718
700000.0003	144391
700000.0003	147211
700000.0003	149298
700000.0003	151060
700000.0003	153613
700000.0003	156181
700000.0003	159127
700000.0003	161390
700000.0003	164476
700000.0003	167322
700000.0003	169851
700000.0003	173249
700000.0003	176262
700000.0003	179871
700000.0003	183016
700000.0003	187518
700000.0003	191030
700000.0003	195903
700000.0003	199235
700000.0003	204165
700000.0003	209452
700000.0003	215173
700000.0003	221221
700000.0003	227017
700000.0003	234039
700000.0003	239651
700000.0003	247605
700000.0003	255147
700000.0003	264277
700000.0003	273875
700000.0003	284231
700000.0003	294136
700000.0003	307741
700000.0003	319576
700000.0003	335724
700000.0003	351662
700000.0003	371013
700000.0003	391219
700000.0003	413414
700000.0003	436996
700000.0003	465160
700000.0003	494505
700000.0003	526908
700000.0003	563046
700000.0003	599873
700000.0003	641272
700000.0003	683976
700000.0003	731978
700000.0003	779190
700000.0003	826878
700000.0003	875392
700000.0003	925227
700000.0003	973609
700000.0003	1019982
700000.0003	1061515
700000.0003	1103551
700000.0003	1139244
700000.0003	1176641
700000.0003	1202164
700000.0003	1229145
700000.0003	1253451
700000.0003	1274430
700000.0003	1293091
700000.0003	1310863
700000.0003	1326374
700000.0003	1342553
700000.0003	1350784
700000.0003	1363375
700000.0003	1372743
700000.0003	1380865
700000.0003	1390448
700000.0003	1396769
700000.0003	1402955
700000.0003	1411037
700000.0003	1416395
700000.0003	1419779
700000.0003	1424139
700000.0003	1427989
700000.0003	1432319
700000.0003	1434528
700000.0003	1436489
700000.0003	1440999
700000.0003	1443318
700000.0003	1445120
700000.0003	1447086
700000.0003	1447617
700000.0003	1449080
700000.0003	1452029
700000.0003	1451142
700000.0003	1454582
700000.0003	1454459
700000.0003	1455129
700000.0003	1455510
700000.0003	1456370
700000.0003	1457053
700000.0003	1457936
700000.0003	1456276
700000.0003	1456834
700000.0003	1460418
700000.0003	1458343
700000.0003	1458450
700000.0003	1458188
700000.0003	1458423
700000.0003	1459947
700000.0003	1458065
700000.0003	1459322
700000.0003	1458195
700000.0003	1461740
700000.0003	1459922
700000.0003	1458570
700000.0003	1459424
700000.0003	1460190
700000.0003	1460527
700000.0003	1457646
700000.0003	1462053
700000.0003	1461093
700000.0003	1460606
700000.0003	1461442
700000.0003	1458926
700000.0003	1460507
700000.0003	1461354
700000.0003	1462145
700000.0003	1459723
700000.0003	1462699
700000.0003	1461227
700000.0003	1462249
700000.0003	1462382
700000.0003	1460684
700000.0003	1461219
700000.0003	1463627
700000.0003	1464743
700000.0003	1462417
700000.0003	1461415
700000.0003	1462594
700000.0003	1465215
700000.0003	1463105
700000.0003	1462781
700000.0003	1462992
700000.0003	1466538
700000.0003	1465104
700000.0003	1462140
700000.0003	1463107
700000.0003	1465629
700000.0003	1466665
700000.0003	1464585
700000.0003	1464805
700000.0003	1466272
700000.0003	1466473
700000.0003	1464841
700000.0003	1466647
700000.0003	1466530
700000.0003	1466073
700000.0003	1469659
700000.0003	1465430
700000.0003	1468087
700000.0003	1466779
700000.0003	1468509
700000.0003	1467686
700000.0003	1470063
700000.0003	1468557
700000.0003	1469451
700000.0003	1469650
700000.0003	1468517
700000.0003	1469837
700000.0003	1469835
700000.0003	1470238
700000.0003	1471595
700000.0003	1471426
700000.0003	1473256
700000.0003	1470440
700000.0003	1472558
700000.0003	1470386
700000.0003	1472862
700000.0003	1473720
700000.0003	1476227
700000.0003	1473452
700000.0003	1475548
700000.0003	1475059
700000.0003	1472933
700000.0003	1474258
700000.0003	1475424
700000.0003	1476777
700000.0003	1480639
700000.0003	1479355
700000.0003	1478639
700000.0003	1476999
700000.0003	1477971
700000.0003	1476726
700000.0003	1477282
700000.0003	1481774
700000.0003	1486148
700000.0003	1485150
700000.0003	1484210
700000.0003	1482219
700000.0003	1477523
700000.0003	1476619
700000.0003	1479934
700000.0003	1484420
700000.0003	1492159
700000.0003	1491291
700000.0003	1487096
700000.0003	1480406
