700000.0003	0.0258721
700000.0003	0.0357171
700000.0003	0.0527719
700000.0003	0.0805241
700000.0003	0.124637
700000.0003	0.190281
700000.0003	0.27856
700000.0003	0.396308
700000.0003	0.551659
700000.0003	0.743843
700000.0003	0.977678
700000.0003	1.27256
700000.0003	1.6133
700000.0003	1.99178
700000.0003	2.42026
700000.0003	2.86546
700000.0003	3.34236
700000.0003	3.81358
700000.0003	4.28779
700000.0003	4.74301
700000.0003	5.20975
700000.0003	5.6272
700000.0003	6.07885
700000.0003	6.45111
700000.0003	6.8264
700000.0003	7.21662
700000.0003	7.56921
700000.0003	7.895
700000.0003	8.24637
700000.0003	8.5136
700000.0003	8.82242
700000.0003	9.09021
700000.0003	9.3673
700000.0003	9.5733
700000.0003	9.73273
700000.0003	9.89668
700000.0003	10.0811
700000.0003	10.104
700000.0003	10.1623
700000.0003	10.2216
700000.0003	10.2515
700000.0003	10.2738
700000.0003	10.3138
700000.0003	10.2864
700000.0003	10.2879
700000.0003	10.2642
700000.0003	10.2559
700000.0003	10.2732
700000.0003	10.2453
700000.0003	10.3097
700000.0003	10.2637
700000.0003	10.3318
700000.0003	10.2152
700000.0003	10.3913
700000.0003	10.3095
700000.0003	10.2643
700000.0003	10.2578
700000.0003	10.3504
700000.0003	10.2833
700000.0003	10.2231
700000.0003	10.3294
700000.0003	10.2519
700000.0003	10.3495
700000.0003	10.3153
700000.0003	10.3101
700000.0003	10.272
700000.0003	10.3228
700000.0003	10.3117
700000.0003	10.3761
700000.0003	10.42
700000.0003	10.3768
700000.0003	10.3385
700000.0003	10.3123
700000.0003	10.3527
700000.0003	10.2851
700000.0003	10.3604
700000.0003	10.342
700000.0003	10.3358
700000.0003	10.3114
700000.0003	10.336
700000.0003	10.3628
700000.0003	10.4111
700000.0003	10.3464
700000.0003	10.3797
700000.0003	10.3972
700000.0003	10.3627
700000.0003	10.3622
700000.0003	10.4319
700000.0003	10.3338
700000.0003	10.2947
700000.0003	10.3088
700000.0003	10.448
700000.0003	10.4175
700000.0003	10.3717
700000.0003	10.4422
700000.0003	10.4173
700000.0003	10.3269
700000.0003	10.3308
700000.0003	10.3941
700000.0003	10.3448
700000.0003	10.4024
700000.0003	10.3209
700000.0003	10.3236
700000.0003	10.3524
700000.0003	10.3988
700000.0003	10.398
700000.0003	10.4613
700000.0003	10.4599
700000.0003	10.274
700000.0003	10.4161
700000.0003	10.4261
700000.0003	10.4109
700000.0003	10.4428
700000.0003	10.4122
700000.0003	10.3979
700000.0003	10.4227
700000.0003	10.3903
700000.0003	10.4659
700000.0003	10.4093
700000.0003	10.3603
700000.0003	10.3778
700000.0003	10.472
700000.0003	10.4897
700000.0003	10.4705
700000.0003	10.4363
700000.0003	10.4462
700000.0003	10.462
700000.0003	10.4789
700000.0003	10.4588
700000.0003	10.4298
700000.0003	10.4606
700000.0003	10.4995
700000.0003	10.4657
700000.0003	10.4378
700000.0003	10.4724
700000.0003	10.4474
700000.0003	10.4549
700000.0003	10.4651
700000.0003	10.4178
700000.0003	10.4832
700000.0003	10.4832
700000.0003	10.4356
700000.0003	10.506
700000.0003	10.4401
700000.0003	10.4369
700000.0003	10.4431
700000.0003	10.3823
700000.0003	10.3938
700000.0003	10.4038
700000.0003	10.4111
700000.0003	10.3893
700000.0003	10.3389
700000.0003	10.3537
700000.0003	10.2203
700000.0003	10.1752
700000.0003	10.2623
700000.0003	10.1391
700000.0003	10.1122
700000.0003	10.1794
700000.0003	10.1061
700000.0003	10.0452
700000.0003	10.0552
700000.0003	9.93408
700000.0003	9.91534
700000.0003	9.85598
700000.0003	9.85638
700000.0003	9.74239
700000.0003	9.75685
700000.0003	9.70358
700000.0003	9.59628
700000.0003	9.57898
700000.0003	9.47565
700000.0003	9.45955
700000.0003	9.39053
700000.0003	9.36984
700000.0003	9.31862
700000.0003	9.21095
700000.0003	9.14224
700000.0003	9.10946
700000.0003	9.07575
700000.0003	8.91195
700000.0003	8.89431
700000.0003	8.74541
700000.0003	8.74828
700000.0003	8.58298
700000.0003	8.56605
700000.0003	8.49112
700000.0003	8.39759
700000.0003	8.32353
700000.0003	8.294
700000.0003	8.18441
700000.0003	8.09496
700000.0003	7.95734
700000.0003	7.91927
700000.0003	7.84501
700000.0003	7.78463
700000.0003	7.64763
700000.0003	7.59387
700000.0003	7.48253
700000.0003	7.44244
700000.0003	7.32733
700000.0003	7.21125
700000.0003	7.11556
700000.0003	7.06888
700000.0003	6.97815
700000.0003	6.85021
700000.0003	6.78402
700000.0003	6.70371
700000.0003	6.59455
700000.0003	6.49046
700000.0003	6.37893
700000.0003	6.31397
700000.0003	6.18522
700000.0003	6.12983
700000.0003	5.98341
700000.0003	5.9193
700000.0003	5.81775
700000.0003	5.71517
700000.0003	5.64534
700000.0003	5.56246
700000.0003	5.45168
700000.0003	5.35223
700000.0003	5.27202
700000.0003	5.1553
700000.0003	5.0632
700000.0003	4.95583
700000.0003	4.87159
700000.0003	4.77703
700000.0003	4.67453
700000.0003	4.55589
700000.0003	4.47393
700000.0003	4.35697
700000.0003	4.27309
700000.0003	4.17563
700000.0003	4.09214
700000.0003	3.98106
700000.0003	3.88202
700000.0003	3.7705
700000.0003	3.66811
700000.0003	3.55239
700000.0003	3.45354
700000.0003	3.34852
700000.0003	3.21526
700000.0003	3.09941
700000.0003	2.96609
700000.0003	2.85689
700000.0003	2.72645
700000.0003	2.60784
700000.0003	2.46795
700000.0003	2.33556
700000.0003	2.20365
700000.0003	2.07067
700000.0003	1.92624
700000.0003	1.79616
700000.0003	1.66928
700000.0003	1.54179
700000.0003	1.41783
700000.0003	1.29883
700000.0003	1.18668
700000.0003	1.07873
700000.0003	0.97713
700000.0003	0.884205
700000.0003	0.795803
700000.0003	0.713643
700000.0003	0.635464
700000.0003	0.563948
700000.0003	0.497927
700000.0003	0.438716
700000.0003	0.384713
700000.0003	0.335031
700000.0003	0.290734
700000.0003	0.251532
700000.0003	0.21721
700000.0003	0.185724
700000.0003	0.158374
700000.0003	0.135316
700000.0003	0.114483
700000.0003	0.0967578
700000.0003	0.0814302
700000.0003	0.0688759
700000.0003	0.0579185
700000.0003	0.0488161
700000.0003	0.0410422
700000.0003	0.0344268
700000.0003	0.0292672
700000.0003	0.0250089
700000.0003	0.0212529
700000.0003	0.0180384
700000.0003	0.0155699
700000.0003	0.0133495
700000.0003	0.0117805
700000.0003	0.0102321
700000.0003	0.00915595
700000.0003	0.00817544
700000.0003	0.00738479
700000.0003	0.00662844
700000.0003	0.00623136
700000.0003	0.005835
700000.0003	0.00567655
700000.0003	0.00530498
700000.0003	0.00531283
700000.0003	0.00513465
700000.0003	0.00505656
700000.0003	0.0050888
700000.0003	0.00495489
700000.0003	0.00482966
700000.0003	0.00474592
700000.0003	0.00466559
700000.0003	0.00467239
700000.0003	0.00461017
700000.0003	0.0045062
700000.0003	0.00452682
700000.0003	0.00444115
700000.0003	0.00443903
700000.0003	0.00443513
700000.0003	0.00433854
700000.0003	0.00434661
700000.0003	0.0044463
700000.0003	0.004283
700000.0003	0.00429682
700000.0003	0.00423657
700000.0003	0.00428548
700000.0003	0.00423982
700000.0003	0.00429892
700000.0003	0.00421288
700000.0003	0.00422712
700000.0003	0.00420415
700000.0003	0.00419743
700000.0003	0.0041668
700000.0003	0.00417516
700000.0003	0.00413687
700000.0003	0.00413518
700000.0003	0.00406764
700000.0003	0.00415458
700000.0003	0.0041251
700000.0003	0.00413317
700000.0003	0.00417007
700000.0003	0.00411587
700000.0003	0.00413884
700000.0003	0.00408137
700000.0003	0.00407416
700000.0003	0.00413126
700000.0003	0.00411396
700000.0003	0.00414868
700000.0003	0.00417377
700000.0003	0.00413678
700000.0003	0.00415457
700000.0003	0.0041715
700000.0003	0.00419599
700000.0003	0.00416741
700000.0003	0.00418885
700000.0003	0.00415699
700000.0003	0.00421405
700000.0003	0.00419925
700000.0003	0.00420786
700000.0003	0.00424713
700000.0003	0.00424146
700000.0003	0.00431161
700000.0003	0.00427849
700000.0003	0.0043738
700000.0003	0.00436979
700000.0003	0.00438912
700000.0003	0.0044029
700000.0003	0.00443776
700000.0003	0.00443458
700000.0003	0.00450243
700000.0003	0.00455753
700000.0003	0.00456058
700000.0003	0.00462282
700000.0003	0.00462203
700000.0003	0.00474927
700000.0003	0.00478667
700000.0003	0.00493106
700000.0003	0.00485994
700000.0003	0.00498349
700000.0003	0.00494618
700000.0003	0.00504436
700000.0003	0.00521806
700000.0003	0.00520704
700000.0003	0.00535416
700000.0003	0.0055501
700000.0003	0.00556124
700000.0003	0.00592089
700000.0003	0.00599823
700000.0003	0.00609935
700000.0003	0.00627926
700000.0003	0.00666875
700000.0003	0.00699902
700000.0003	0.00716796
700000.0003	0.00757071
700000.0003	0.00783278
700000.0003	0.00862702
700000.0003	0.00934779
700000.0003	0.00986888
700000.0003	0.0105874
700000.0003	0.0118437
700000.0003	0.0135103
700000.0003	0.0155794
700000.0003	0.0181163
700000.0003	0.0209461
700000.0003	0.000139598
700000.0003	6.4259e-05
700000.0003	-0.00030395
700000.0003	-0.000554242
700000.0003	9.03816e-05
700000.0003	0.000844762
700000.0003	0.00076589
700000.0003	0.000160084
700000.0003	0.00285735
700000.0003	0.00458764
700000.0003	0.00442839
700000.0003	0.00886065
700000.0003	0.00413193
700000.0003	-0.000150494
700000.0003	0.0177743
700000.0003	0.00215595
700000.0003	0.00815617
700000.0003	-0.00307434
700000.0003	-0.00533589
700000.0003	-0.0321046
700000.0003	-0.0433201
700000.0003	0.0156003
700000.0003	0.0117606
700000.0003	-0.00589773
700000.0003	0.00908064
700000.0003	-0.0125011
700000.0003	-0.0264169
700000.0003	0.0100733
700000.0003	-0.0193642
700000.0003	-0.0494241
700000.0003	0.0123397
700000.0003	-0.0108033
700000.0003	0.0055393
700000.0003	-0.0295683
700000.0003	-0.0217316
700000.0003	0.0138283
700000.0003	0.0192005
700000.0003	-0.00476376
700000.0003	0.0189795
700000.0003	-0.0268964
700000.0003	-0.038712
700000.0003	-0.00293504
700000.0003	0.00613525
700000.0003	0.00171742
700000.0003	0.00883751
700000.0003	0.00475275
700000.0003	0.0280579
700000.0003	0.00948305
700000.0003	-0.0159209
700000.0003	0.0391597
700000.0003	-0.0102191
700000.0003	-0.0197308
700000.0003	-0.0171975
700000.0003	0.0167329
700000.0003	-0.0240036
700000.0003	0.0351557
700000.0003	-0.0285818
700000.0003	-0.00065123
700000.0003	0.0307049
700000.0003	0.0117867
700000.0003	0.00337631
700000.0003	0.00598668
700000.0003	-0.000320254
700000.0003	-0.00024196
700000.0003	0.0187584
700000.0003	-0.00229976
700000.0003	0.00102814
700000.0003	-0.0281416
700000.0003	-0.0198248
700000.0003	0.0299673
700000.0003	0.0313912
700000.0003	0.00215212
700000.0003	0.00668052
700000.0003	-0.0259581
700000.0003	0.0649074
700000.0003	-0.0253741
700000.0003	0.0323546
700000.0003	-0.0354902
700000.0003	0.00098848
700000.0003	0.034135
700000.0003	-0.0087653
700000.0003	-0.00541487
700000.0003	0.0154165
700000.0003	0.00228466
700000.0003	0.0016797
700000.0003	0.03515
700000.0003	0.0101044
700000.0003	-0.00362874
700000.0003	-0.013497
700000.0003	-0.00123864
700000.0003	0.059024
700000.0003	-0.0176035
700000.0003	0.0137196
700000.0003	0.00744177
700000.0003	0.00818146
700000.0003	0.0171031
700000.0003	0.00543194
700000.0003	0.0462834
700000.0003	-0.0076873
700000.0003	-0.0114909
700000.0003	0.0359922
700000.0003	-0.0136301
700000.0003	0.0330212
700000.0003	0.00083169
700000.0003	-0.00837524
700000.0003	-0.0281244
700000.0003	0.0110906
700000.0003	0.0359875
700000.0003	-0.0255567
700000.0003	0.0143413
700000.0003	-0.0184689
700000.0003	0.00689703
700000.0003	-0.00825703
700000.0003	0.00736338
700000.0003	0.00084512
700000.0003	0.0186447
700000.0003	0.0366671
700000.0003	0.0437444
700000.0003	0.00150297
700000.0003	-0.0361765
700000.0003	-0.00807817
700000.0003	-0.0270576
700000.0003	0.019285
700000.0003	0.00644106
700000.0003	0.0609412
700000.0003	0.0219317
700000.0003	0.0434891
700000.0003	0.0163666
700000.0003	0.0623745
700000.0003	0.0368941
700000.0003	0.0268105
700000.0003	-0.0222212
700000.0003	-0.00148506
700000.0003	-0.00734008
700000.0003	0.00126481
700000.0003	-0.0110896
700000.0003	-0.0334286
700000.0003	-0.0191655
700000.0003	-0.0029152
700000.0003	-0.0107362
700000.0003	0.0291056
700000.0003	-0.0480653
700000.0003	-0.0138004
700000.0003	-0.00383099
700000.0003	-0.0192838
700000.0003	-0.0306889
700000.0003	0.000688305
700000.0003	0.0323334
700000.0003	-0.00301054
700000.0003	0.00852043
700000.0003	-0.0408552
700000.0003	0.0326545
700000.0003	-0.0136417
700000.0003	-0.00514586
700000.0003	-0.0550008
700000.0003	-0.0141401
700000.0003	0.0143545
700000.0003	-0.00203121
700000.0003	0.00947175
700000.0003	-0.0222621
700000.0003	0.0339413
700000.0003	0.0228122
700000.0003	-0.00320154
700000.0003	-0.0100308
700000.0003	-0.0203989
700000.0003	-0.0105148
700000.0003	-0.0146891
700000.0003	-0.0255914
700000.0003	0.0309404
700000.0003	0.0223219
700000.0003	0.026268
700000.0003	0.0161717
700000.0003	-0.00992983
700000.0003	0.00106953
700000.0003	-0.0285853
700000.0003	-0.00628308
700000.0003	-0.0163805
700000.0003	-0.0164884
700000.0003	-0.00272292
700000.0003	-0.0246549
700000.0003	-0.00187174
700000.0003	0.00791541
700000.0003	0.0136698
700000.0003	0.0275141
700000.0003	0.000814264
700000.0003	0.0142876
700000.0003	0.00968829
700000.0003	-0.0162189
700000.0003	-0.012458
700000.0003	-0.00986047
700000.0003	0.0256784
700000.0003	-0.0086961
700000.0003	-0.0234683
700000.0003	-0.00194683
700000.0003	-0.0278305
700000.0003	0.00667968
700000.0003	0.0123651
700000.0003	-0.00408032
700000.0003	0.0237267
700000.0003	-0.0106995
700000.0003	-0.0106237
700000.0003	0.0353206
700000.0003	-0.0030075
700000.0003	-0.00489168
700000.0003	0.032031
700000.0003	0.00937453
700000.0003	0.00971262
700000.0003	0.00698391
700000.0003	-0.0143327
700000.0003	-0.00247261
700000.0003	0.0196381
700000.0003	0.00325623
700000.0003	-0.0156957
700000.0003	-0.00227575
700000.0003	-0.0223745
700000.0003	-0.00898709
700000.0003	0.00967694
700000.0003	0.0206798
700000.0003	-0.00233856
700000.0003	0.0201714
700000.0003	0.00416578
700000.0003	0.0093043
700000.0003	-0.017809
700000.0003	0.0152877
700000.0003	-4.75745e-05
700000.0003	0.0116806
700000.0003	0.00224468
700000.0003	-0.00456447
700000.0003	0.00292095
700000.0003	0.00824126
700000.0003	-0.0070834
700000.0003	0.00751985
700000.0003	0.0030993
700000.0003	-0.0134413
700000.0003	-0.0103507
700000.0003	0.00079582
700000.0003	-0.00253503
700000.0003	-0.00089377
700000.0003	-0.000148727
700000.0003	-0.00496923
700000.0003	0.00837397
700000.0003	0.000616216
700000.0003	-0.00591335
700000.0003	0.00448691
700000.0003	-0.00303163
700000.0003	-0.000167962
700000.0003	0.00109076
700000.0003	0.00293996
700000.0003	-0.00668671
700000.0003	-0.00146865
700000.0003	-0.00355062
700000.0003	0.00298224
700000.0003	0.00293656
700000.0003	-0.00331426
700000.0003	-0.000651293
700000.0003	0.000134451
700000.0003	0.00170997
700000.0003	-0.00348916
700000.0003	0.000646547
700000.0003	-0.00163846
700000.0003	0.00104459
700000.0003	-0.000799289
700000.0003	-0.00197674
700000.0003	-0.00151143
700000.0003	-0.000390342
700000.0003	-0.000100099
700000.0003	-0.00129949
700000.0003	-0.00102652
700000.0003	0.000104785
700000.0003	0.000427383
700000.0003	0.000876746
700000.0003	0.000279529
700000.0003	0.000287841
700000.0003	0.00146265
700000.0003	-0.000408295
700000.0003	-0.000200808
700000.0003	0.00066946
700000.0003	-0.000542936
700000.0003	-7.41758e-06
700000.0003	-0.000664938
700000.0003	0.000282321
700000.0003	0.000168583
700000.0003	-1.7132e-06
700000.0003	0.000123535
700000.0003	0.000152905
700000.0003	7.39035e-05
700000.0003	-0.000303028
700000.0003	-0.000200661
700000.0003	-4.53715e-05
700000.0003	-1.05003e-05
700000.0003	-0.000134032
700000.0003	2.00012e-05
700000.0003	-6.2086e-05
700000.0003	3.19684e-05
700000.0003	0.000166182
700000.0003	4.6273e-05
700000.0003	-0.000102026
700000.0003	7.34693e-05
700000.0003	-2.00707e-05
700000.0003	-4.36206e-05
700000.0003	-7.26251e-05
700000.0003	4.04489e-06
700000.0003	-6.351e-05
700000.0003	-2.16089e-05
700000.0003	-7.93124e-05
700000.0003	2.47916e-06
700000.0003	1.4398e-06
700000.0003	3.78547e-05
700000.0003	-1.21927e-05
700000.0003	6.83138e-05
700000.0003	5.09707e-06
700000.0003	1.97658e-05
700000.0003	2.95763e-06
700000.0003	3.44569e-05
700000.0003	4.41069e-05
700000.0003	-2.49935e-06
700000.0003	5.25669e-05
700000.0003	1.69994e-05
700000.0003	-2.72256e-06
700000.0003	2.87874e-05
700000.0003	-4.00861e-06
700000.0003	-9.68378e-06
700000.0003	-1.81059e-05
700000.0003	-1.52632e-06
700000.0003	-5.02248e-05
700000.0003	3.82313e-05
700000.0003	1.59782e-05
700000.0003	2.95168e-05
700000.0003	-2.38959e-05
700000.0003	-1.94196e-05
700000.0003	5.56401e-06
700000.0003	4.67372e-06
700000.0003	2.99015e-05
700000.0003	-3.16088e-05
700000.0003	-7.06464e-06
700000.0003	-1.67342e-05
700000.0003	1.29128e-06
700000.0003	4.77395e-05
700000.0003	1.95884e-05
700000.0003	-3.03781e-06
700000.0003	4.26638e-05
700000.0003	4.19544e-05
700000.0003	3.41824e-06
700000.0003	3.48391e-05
700000.0003	2.5064e-05
700000.0003	-1.37067e-05
700000.0003	-1.94869e-05
700000.0003	2.84725e-05
700000.0003	-1.02106e-05
700000.0003	-2.17437e-05
700000.0003	1.72495e-05
700000.0003	2.47766e-05
700000.0003	4.72033e-05
700000.0003	4.75317e-06
700000.0003	3.44455e-06
700000.0003	-2.69937e-05
700000.0003	-3.05638e-05
700000.0003	-1.58274e-05
700000.0003	-2.52216e-05
700000.0003	-2.19729e-05
700000.0003	7.34204e-07
700000.0003	-3.43472e-05
700000.0003	-5.39071e-05
700000.0003	7.33591e-05
700000.0003	-2.42204e-05
700000.0003	1.80863e-05
700000.0003	5.47022e-05
700000.0003	2.55604e-05
700000.0003	-8.5698e-06
700000.0003	-2.04119e-05
700000.0003	8.93538e-06
700000.0003	7.65998e-05
700000.0003	-6.70686e-05
700000.0003	-2.98154e-05
700000.0003	2.10137e-05
700000.0003	-4.26885e-05
700000.0003	-7.13151e-05
700000.0003	-5.68949e-05
700000.0003	1.82697e-05
700000.0003	-1.01651e-05
700000.0003	5.86709e-05
700000.0003	7.59521e-07
700000.0003	3.76793e-05
700000.0003	1.98633e-05
700000.0003	-1.74786e-06
700000.0003	-4.16334e-05
700000.0003	1.16342e-06
700000.0003	-5.53009e-05
700000.0003	5.07217e-06
700000.0003	3.34251e-05
700000.0003	4.20552e-05
700000.0003	-1.66931e-05
700000.0003	-9.2851e-05
700000.0003	-7.00731e-06
700000.0003	0.000173009
700000.0003	-2.90959e-05
700000.0003	7.61815e-05
700000.0003	0.000295459
700000.0003	-2.31253e-05
700000.0003	-0.0001703
700000.0003	-2.18773e-05
700000.0003	-0.000512843
700000.0003	-0.000165785
700000.0003	-0.000253741
700000.0003	0.00074242
700000.0003	1.30192e-05
700000.0003	0.00140506
700000.0003	-0.000426
700000.0003	0.00061252
700000.0003	0.00392731
700000.0003	0.00652603
700000.0003	0.00506089
700000.0003	-0.00470302
700000.0003	-0.00102847
700000.0003	0.00559669
700000.0003	-0.00949756
700000.0003	-0.00691883
700000.0003	-0.0109898
700000.0003	-0.00807416
700000.0003	-0.0278749
700000.0003	-0.00692962
700000.0003	0.0131459
700000.0003	0.025704
700000.0003	-0.0068741
700000.0003	-0.0167624
700000.0003	-0.0116481
700000.0003	-0.0307503
700000.0003	0.00676829
700000.0003	-0.02468
700000.0003	-0.0508839
700000.0003	0.0187382
700000.0003	-0.0123061
700000.0003	-0.00397156
700000.0003	-0.0136703
700000.0003	0.00456445
700000.0003	-0.00119314
700000.0003	0.0300771
700000.0003	-0.017618
700000.0003	0.0109438
700000.0003	-0.0237494
700000.0003	-0.0278767
700000.0003	-0.00128242
700000.0003	-0.000488967
700000.0003	-0.00955746
700000.0003	-0.00536853
700000.0003	0.00895424
700000.0003	0.014221
700000.0003	0.0247549
700000.0003	-0.0139105
700000.0003	0.0388074
700000.0003	-0.0207418
700000.0003	-0.0167699
700000.0003	-0.0141291
700000.0003	0.0160504
700000.0003	-0.0190758
700000.0003	0.0309857
700000.0003	-0.0156621
700000.0003	0.0056515
700000.0003	0.0449187
700000.0003	0.0162386
700000.0003	0.00541331
700000.0003	0.0109694
700000.0003	-0.00355442
700000.0003	-0.00315456
700000.0003	0.0100233
700000.0003	-0.00155427
700000.0003	0.0112219
700000.0003	-0.044437
700000.0003	-0.0225171
700000.0003	0.026107
700000.0003	0.0386045
700000.0003	-0.00444447
700000.0003	0.0102034
700000.0003	-0.0296029
700000.0003	0.0569934
700000.0003	-0.0151107
700000.0003	0.0364028
700000.0003	-0.0371144
700000.0003	-0.0140053
700000.0003	0.0324573
700000.0003	0.00512813
700000.0003	0.00433017
700000.0003	0.00769966
700000.0003	-0.023992
700000.0003	0.00699013
700000.0003	0.0385144
700000.0003	0.00858741
700000.0003	-0.0188363
700000.0003	-0.0118958
700000.0003	-0.00571946
700000.0003	0.0482264
700000.0003	-0.0187147
700000.0003	0.0089562
700000.0003	0.016433
700000.0003	-0.00389651
700000.0003	0.0256272
700000.0003	-0.00516026
700000.0003	0.0272865
700000.0003	-0.0141588
700000.0003	-0.00906535
700000.0003	0.0277562
700000.0003	-0.0299691
700000.0003	0.0233016
700000.0003	-0.0169672
700000.0003	-0.0237327
700000.0003	-0.00430342
700000.0003	0.0161488
700000.0003	0.0204258
700000.0003	-0.0318523
700000.0003	0.0235652
700000.0003	-0.0308278
700000.0003	0.013245
700000.0003	-0.0156581
700000.0003	0.00597605
700000.0003	-0.018495
700000.0003	0.0168416
700000.0003	0.040505
700000.0003	0.0376331
700000.0003	-0.0134815
700000.0003	-0.0273507
700000.0003	0.00452782
700000.0003	-0.0351699
700000.0003	0.018486
700000.0003	-0.00192893
700000.0003	0.0771578
700000.0003	0.022623
700000.0003	0.0366658
700000.0003	0.0173156
700000.0003	0.0525242
700000.0003	0.0364551
700000.0003	0.0202705
700000.0003	-0.0216576
700000.0003	0.00764051
700000.0003	-0.0175047
700000.0003	-0.0203519
700000.0003	-0.0103423
700000.0003	-0.0237082
700000.0003	-0.0253954
700000.0003	0.014201
700000.0003	-0.0136691
700000.0003	0.0369977
700000.0003	-0.0476185
700000.0003	-0.0187649
700000.0003	0.0133342
700000.0003	-0.0128343
700000.0003	-0.0288391
700000.0003	-0.00186739
700000.0003	0.0386812
700000.0003	-0.00535754
700000.0003	0.017768
700000.0003	-0.0418457
700000.0003	0.0249701
700000.0003	0.00359485
700000.0003	0.00724895
700000.0003	-0.0663262
700000.0003	-0.0100474
700000.0003	0.00790366
700000.0003	0.00254723
700000.0003	0.0129401
700000.0003	-0.0326795
700000.0003	0.0420996
700000.0003	0.0221136
700000.0003	-0.0290379
700000.0003	-0.00861231
700000.0003	-0.0103604
700000.0003	-0.0210496
700000.0003	-0.0145686
700000.0003	-0.0152647
700000.0003	0.027138
700000.0003	0.0189843
700000.0003	0.0289517
700000.0003	0.0127904
700000.0003	-0.00321198
700000.0003	-0.00192494
700000.0003	-0.0321573
700000.0003	-0.00256453
700000.0003	-0.0153443
700000.0003	-0.00886326
700000.0003	-0.00466824
700000.0003	-0.0358686
700000.0003	-0.00395184
700000.0003	0.00311124
700000.0003	0.0195365
700000.0003	0.0283588
700000.0003	0.00864245
700000.0003	0.00779669
700000.0003	0.011344
700000.0003	-0.0110555
700000.0003	-0.0119375
700000.0003	-0.01402
700000.0003	0.0184999
700000.0003	0.00859992
700000.0003	-0.0211916
700000.0003	-0.00291028
700000.0003	-0.025552
700000.0003	0.000452186
700000.0003	0.00785937
700000.0003	-0.00519651
700000.0003	0.0122802
700000.0003	-0.0110303
700000.0003	-0.0078711
700000.0003	0.0358622
700000.0003	-0.00543668
700000.0003	-0.00407944
700000.0003	0.0276886
700000.0003	0.000390538
700000.0003	0.0199974
700000.0003	0.00657796
700000.0003	-0.0101539
700000.0003	0.00138033
700000.0003	0.0107051
700000.0003	0.00403164
700000.0003	0.001798
700000.0003	-0.00873714
700000.0003	-0.0286043
700000.0003	-0.00396586
700000.0003	-0.00350448
700000.0003	0.017617
700000.0003	-0.00722807
700000.0003	0.0166735
700000.0003	0.00340592
700000.0003	0.0182292
700000.0003	-0.00957185
700000.0003	0.0132557
700000.0003	0.00815462
700000.0003	0.00596566
700000.0003	-0.00193769
700000.0003	0.00512281
700000.0003	0.000160639
700000.0003	-0.000384533
700000.0003	-0.0132022
700000.0003	-0.00159066
700000.0003	0.0110036
700000.0003	-0.0155073
700000.0003	-0.00479034
700000.0003	-0.00773556
700000.0003	-0.0111333
700000.0003	-0.00160714
700000.0003	8.29111e-05
700000.0003	8.45605e-05
700000.0003	0.00798168
700000.0003	-0.00117751
700000.0003	-0.00543428
700000.0003	0.000122058
700000.0003	-0.00618801
700000.0003	0.00621559
700000.0003	0.00797415
700000.0003	0.000421192
700000.0003	-0.00274192
700000.0003	0.00057712
700000.0003	0.00157782
700000.0003	0.00154846
700000.0003	0.00178099
700000.0003	0.000648968
700000.0003	0.000814412
700000.0003	0.000281992
700000.0003	0.000984828
700000.0003	-0.00371488
700000.0003	0.00107061
700000.0003	0.00365973
700000.0003	0.00142365
700000.0003	-0.00119237
700000.0003	-0.00036371
700000.0003	0.000550906
700000.0003	0.00266937
700000.0003	-0.0011721
700000.0003	-0.0011466
700000.0003	0.000858804
700000.0003	-6.26797e-06
700000.0003	-0.000352575
700000.0003	0.000251727
700000.0003	-0.00125577
700000.0003	2.055e-06
700000.0003	0.00102759
700000.0003	0.00120483
700000.0003	-0.000558016
700000.0003	9.70277e-05
700000.0003	0.000236134
700000.0003	0.000492322
700000.0003	0.000545522
700000.0003	-0.000251331
700000.0003	-0.000184588
700000.0003	1.49741e-05
700000.0003	-8.47725e-05
700000.0003	6.63544e-06
700000.0003	1.92803e-05
700000.0003	8.69457e-05
700000.0003	0.00022934
700000.0003	-2.88001e-05
700000.0003	5.04677e-06
700000.0003	-0.000142631
700000.0003	-3.70888e-05
700000.0003	0.000234671
700000.0003	-1.74253e-05
700000.0003	-3.46643e-05
700000.0003	-1.59262e-05
700000.0003	-7.81322e-05
700000.0003	-4.71338e-05
700000.0003	-3.97285e-05
700000.0003	6.40675e-05
700000.0003	-3.30257e-05
700000.0003	1.55185e-05
700000.0003	6.96748e-05
700000.0003	3.66723e-05
700000.0003	9.34049e-05
700000.0003	0.000104278
700000.0003	-8.54935e-06
700000.0003	-0.000114956
700000.0003	-4.00061e-05
700000.0003	2.6343e-05
700000.0003	-4.94283e-06
700000.0003	-2.12194e-05
700000.0003	-1.36766e-05
700000.0003	0.000110267
700000.0003	4.42879e-05
700000.0003	3.71844e-05
700000.0003	3.24441e-05
700000.0003	-3.3456e-05
700000.0003	6.95391e-05
700000.0003	6.6454e-05
700000.0003	3.25697e-05
700000.0003	-8.08553e-06
700000.0003	-2.279e-05
700000.0003	1.14855e-05
700000.0003	-2.77015e-05
700000.0003	3.85671e-05
700000.0003	3.838e-06
700000.0003	7.44494e-05
700000.0003	3.31035e-05
700000.0003	2.90944e-05
700000.0003	1.85563e-05
700000.0003	3.96106e-05
700000.0003	-4.7239e-05
700000.0003	4.43726e-05
700000.0003	-2.84086e-05
700000.0003	-2.39111e-05
700000.0003	3.54932e-05
700000.0003	-4.09619e-05
700000.0003	-4.89887e-05
700000.0003	1.25034e-06
700000.0003	-6.01093e-05
700000.0003	-3.34787e-05
700000.0003	3.8667e-06
700000.0003	1.38787e-05
700000.0003	3.36859e-05
700000.0003	-3.63763e-05
700000.0003	1.29033e-05
700000.0003	1.61285e-05
700000.0003	3.42717e-05
700000.0003	2.72827e-05
700000.0003	5.96548e-06
700000.0003	-3.44574e-05
700000.0003	6.41502e-05
700000.0003	5.02236e-06
700000.0003	5.00941e-05
700000.0003	2.15568e-05
700000.0003	5.54515e-05
700000.0003	5.03411e-05
700000.0003	1.10795e-06
700000.0003	2.71752e-05
700000.0003	2.12904e-05
700000.0003	5.70124e-05
700000.0003	9.68042e-05
700000.0003	1.82882e-05
700000.0003	2.19198e-05
700000.0003	6.40241e-05
700000.0003	2.12919e-05
700000.0003	-7.00385e-05
700000.0003	3.40131e-05
700000.0003	3.21795e-05
700000.0003	2.90738e-05
700000.0003	1.54568e-05
700000.0003	-1.99856e-05
700000.0003	-4.51616e-06
700000.0003	-4.21898e-05
700000.0003	1.63155e-05
700000.0003	-0.000108278
700000.0003	5.5675e-05
700000.0003	-9.24065e-05
700000.0003	1.32057e-05
700000.0003	-6.58665e-05
700000.0003	-1.67528e-05
700000.0003	-8.49628e-05
700000.0003	-1.49885e-05
700000.0003	-4.08902e-05
700000.0003	-5.17308e-05
700000.0003	6.51016e-05
700000.0003	8.39263e-05
700000.0003	-1.97177e-05
700000.0003	-1.49632e-05
700000.0003	-3.4545e-05
700000.0003	4.20649e-05
700000.0003	2.12851e-05
700000.0003	9.47192e-06
700000.0003	-0.000180559
700000.0003	0.000168677
700000.0003	6.13167e-06
700000.0003	-2.82716e-05
700000.0003	-0.000175113
700000.0003	0.000191494
700000.0003	0.0182961
700000.0003	0.0240179
700000.0003	0.0361498
700000.0003	0.0607207
700000.0003	0.100406
700000.0003	0.167697
700000.0003	0.265819
700000.0003	0.408602
700000.0003	0.605859
700000.0003	0.87722
700000.0003	1.25476
700000.0003	1.7638
700000.0003	2.44838
700000.0003	3.34886
700000.0003	4.47632
700000.0003	5.83673
700000.0003	7.42614
700000.0003	9.25777
700000.0003	11.2822
700000.0003	13.3515
700000.0003	15.3251
700000.0003	16.9454
700000.0003	18.2141
700000.0003	19.0353
700000.0003	19.4727
700000.0003	19.7015
700000.0003	19.7023
700000.0003	19.5125
700000.0003	19.2786
700000.0003	19.1113
700000.0003	18.8334
700000.0003	18.5487
700000.0003	18.2474
700000.0003	18.0504
700000.0003	17.7295
700000.0003	17.5281
700000.0003	17.2269
700000.0003	16.9115
700000.0003	16.5872
700000.0003	16.3437
700000.0003	15.9001
700000.0003	15.7026
700000.0003	15.359
700000.0003	15.1156
700000.0003	14.8509
700000.0003	14.6392
700000.0003	14.434
700000.0003	14.2935
700000.0003	14.0135
700000.0003	13.891
700000.0003	13.8295
700000.0003	13.6101
700000.0003	13.4935
700000.0003	13.3729
700000.0003	13.1715
700000.0003	13.0737
700000.0003	12.9361
700000.0003	12.943
700000.0003	12.8058
700000.0003	12.5762
700000.0003	12.6283
700000.0003	12.4438
700000.0003	12.4335
700000.0003	12.2915
700000.0003	12.2022
700000.0003	12.1656
700000.0003	12.0967
700000.0003	12.0197
700000.0003	12.0012
700000.0003	11.9613
700000.0003	11.9146
700000.0003	11.8027
700000.0003	11.6508
700000.0003	11.681
700000.0003	11.6328
700000.0003	11.6113
700000.0003	11.6221
700000.0003	11.4979
700000.0003	11.4102
700000.0003	11.399
700000.0003	11.4264
700000.0003	11.4105
700000.0003	11.3389
700000.0003	11.3314
700000.0003	11.3103
700000.0003	11.2582
700000.0003	11.3122
700000.0003	11.2452
700000.0003	11.0996
700000.0003	11.0658
700000.0003	11.0507
700000.0003	11.1733
700000.0003	11.0762
700000.0003	11.0032
700000.0003	11.0164
700000.0003	11.023
700000.0003	10.8941
700000.0003	10.9808
700000.0003	10.9178
700000.0003	10.9152
700000.0003	10.9088
700000.0003	10.8472
700000.0003	10.8649
700000.0003	10.8224
700000.0003	10.8711
700000.0003	10.8017
700000.0003	10.8841
700000.0003	10.8104
700000.0003	10.7018
700000.0003	10.7454
700000.0003	10.8735
700000.0003	10.7664
700000.0003	10.6994
700000.0003	10.6609
700000.0003	10.7445
700000.0003	10.7191
700000.0003	10.7529
700000.0003	10.7946
700000.0003	10.725
700000.0003	10.6172
700000.0003	10.6595
700000.0003	10.6637
700000.0003	10.731
700000.0003	10.7118
700000.0003	10.6797
700000.0003	10.7298
700000.0003	10.6696
700000.0003	10.6198
700000.0003	10.6774
700000.0003	10.6335
700000.0003	10.6784
700000.0003	10.6757
700000.0003	10.612
700000.0003	10.5795
700000.0003	10.6849
700000.0003	10.6659
700000.0003	10.6273
700000.0003	10.5833
700000.0003	10.6998
700000.0003	10.6244
700000.0003	10.6094
700000.0003	10.6133
700000.0003	10.6662
700000.0003	10.6343
700000.0003	10.5949
700000.0003	10.6343
700000.0003	10.6082
700000.0003	10.6232
700000.0003	10.5972
700000.0003	10.5554
700000.0003	10.5383
700000.0003	10.4775
700000.0003	10.487
700000.0003	10.4408
700000.0003	10.4178
700000.0003	10.3747
700000.0003	10.3109
700000.0003	10.2966
700000.0003	10.3409
700000.0003	10.2328
700000.0003	10.2634
700000.0003	10.2221
700000.0003	10.1588
700000.0003	10.0468
700000.0003	10.0311
700000.0003	10.0792
700000.0003	9.9004
700000.0003	9.89219
700000.0003	9.90177
700000.0003	9.82561
700000.0003	9.71193
700000.0003	9.64655
700000.0003	9.62208
700000.0003	9.56703
700000.0003	9.50796
700000.0003	9.41319
700000.0003	9.41151
700000.0003	9.2486
700000.0003	9.23694
700000.0003	9.21633
700000.0003	9.12413
700000.0003	9.03848
700000.0003	8.99139
700000.0003	8.92291
700000.0003	8.87721
700000.0003	8.71785
700000.0003	8.73173
700000.0003	8.62057
700000.0003	8.52499
700000.0003	8.50805
700000.0003	8.44113
700000.0003	8.31283
700000.0003	8.22241
700000.0003	8.16289
700000.0003	8.1034
700000.0003	7.98859
700000.0003	7.91687
700000.0003	7.86029
700000.0003	7.74229
700000.0003	7.69923
700000.0003	7.6402
700000.0003	7.53153
700000.0003	7.47154
700000.0003	7.37423
700000.0003	7.31718
700000.0003	7.2344
700000.0003	7.16305
700000.0003	7.06119
700000.0003	6.97065
700000.0003	6.93344
700000.0003	6.8257
700000.0003	6.7554
700000.0003	6.66327
700000.0003	6.61223
700000.0003	6.53512
700000.0003	6.48211
700000.0003	6.36626
700000.0003	6.32091
700000.0003	6.23136
700000.0003	6.1823
700000.0003	6.15087
700000.0003	6.09138
700000.0003	6.04176
700000.0003	5.95648
700000.0003	5.91938
700000.0003	5.87426
700000.0003	5.82234
700000.0003	5.79455
700000.0003	5.76504
700000.0003	5.69409
700000.0003	5.68786
700000.0003	5.61102
700000.0003	5.60852
700000.0003	5.57389
700000.0003	5.5384
700000.0003	5.49475
700000.0003	5.45983
700000.0003	5.37448
700000.0003	5.31682
700000.0003	5.23115
700000.0003	5.12432
700000.0003	4.99249
700000.0003	4.82015
700000.0003	4.66819
700000.0003	4.47811
700000.0003	4.27659
700000.0003	4.02287
700000.0003	3.78842
700000.0003	3.53677
700000.0003	3.29049
700000.0003	3.03534
700000.0003	2.78981
700000.0003	2.5545
700000.0003	2.33698
700000.0003	2.12127
700000.0003	1.93611
700000.0003	1.74535
700000.0003	1.57292
700000.0003	1.42211
700000.0003	1.28072
700000.0003	1.15177
700000.0003	1.0311
700000.0003	0.92425
700000.0003	0.826643
700000.0003	0.733277
700000.0003	0.653756
700000.0003	0.574569
700000.0003	0.505862
700000.0003	0.445287
700000.0003	0.389769
700000.0003	0.338591
700000.0003	0.296144
700000.0003	0.255608
700000.0003	0.219363
700000.0003	0.18734
700000.0003	0.16057
700000.0003	0.13715
700000.0003	0.115209
700000.0003	0.097697
700000.0003	0.0819851
700000.0003	0.0685191
700000.0003	0.0578348
700000.0003	0.0477036
700000.0003	0.0405373
700000.0003	0.0339368
700000.0003	0.0283362
700000.0003	0.0240632
700000.0003	0.0202498
700000.0003	0.0171614
700000.0003	0.0146047
700000.0003	0.0126295
700000.0003	0.0108603
700000.0003	0.00944492
700000.0003	0.00836963
700000.0003	0.00744477
700000.0003	0.00680383
700000.0003	0.00619266
700000.0003	0.00580036
700000.0003	0.00535905
700000.0003	0.00529161
700000.0003	0.00508693
700000.0003	0.00500943
700000.0003	0.00489938
700000.0003	0.00480957
700000.0003	0.00469826
700000.0003	0.00471846
700000.0003	0.00464744
700000.0003	0.00459301
700000.0003	0.00449787
700000.0003	0.00450528
700000.0003	0.00441512
700000.0003	0.00441792
700000.0003	0.00437615
700000.0003	0.00428337
700000.0003	0.004298
700000.0003	0.00428804
700000.0003	0.00427913
700000.0003	0.00429729
700000.0003	0.00424759
700000.0003	0.00420217
700000.0003	0.00421311
700000.0003	0.00421913
700000.0003	0.00419184
700000.0003	0.00413903
700000.0003	0.00419276
700000.0003	0.00413414
700000.0003	0.00410696
700000.0003	0.00413357
700000.0003	0.00416441
700000.0003	0.00412116
700000.0003	0.00410723
700000.0003	0.0040907
700000.0003	0.0040974
700000.0003	0.00408713
700000.0003	0.00412147
700000.0003	0.00411096
700000.0003	0.00406832
700000.0003	0.00406719
700000.0003	0.00412292
700000.0003	0.00416931
700000.0003	0.0041189
700000.0003	0.00408778
700000.0003	0.00408673
700000.0003	0.00407973
700000.0003	0.00408286
700000.0003	0.00416452
700000.0003	0.00412853
700000.0003	0.00413678
700000.0003	0.00413694
700000.0003	0.00414017
700000.0003	0.00412154
700000.0003	0.00418694
700000.0003	0.0041674
700000.0003	0.0041913
700000.0003	0.00417491
700000.0003	0.00415387
700000.0003	0.00421822
700000.0003	0.0042365
700000.0003	0.0042618
700000.0003	0.00426248
700000.0003	0.00426933
700000.0003	0.00431021
700000.0003	0.00431468
700000.0003	0.00437924
700000.0003	0.00434885
700000.0003	0.00438239
700000.0003	0.00439754
700000.0003	0.00450949
700000.0003	0.00448259
700000.0003	0.00452485
700000.0003	0.00459035
700000.0003	0.00466126
700000.0003	0.00474111
700000.0003	0.00471789
700000.0003	0.00481882
700000.0003	0.00487155
700000.0003	0.00497169
700000.0003	0.00501997
700000.0003	0.00514052
700000.0003	0.00522697
700000.0003	0.00539703
700000.0003	0.00556931
700000.0003	0.00573938
700000.0003	0.00583689
700000.0003	0.00601602
700000.0003	0.0062118
700000.0003	0.00658127
700000.0003	0.00698094
700000.0003	0.00712195
700000.0003	0.0076476
700000.0003	0.00811896
700000.0003	0.00854817
700000.0003	0.00913792
700000.0003	0.00991336
700000.0003	0.0106677
700000.0003	0.0115881
700000.0003	0.0128225
700000.0003	0.0137803
700000.0003	0.015069
700000.0003	0.016524
