700000.0003	28.5298
700000.0003	100.47
700000.0003	204.158
700000.0003	345.604
700000.0003	536.57
700000.0003	771.484
700000.0003	1071.36
700000.0003	1433.47
700000.0003	1835.71
700000.0003	2279.68
700000.0003	2793.92
700000.0003	3311.17
700000.0003	3886.61
700000.0003	4448.87
700000.0003	5014.47
700000.0003	5495.98
700000.0003	5995.55
700000.0003	6381.81
700000.0003	6651.4
700000.0003	6896.48
700000.0003	7036.91
700000.0003	7086.43
700000.0003	7114.38
700000.0003	7033.61
700000.0003	6941.2
700000.0003	6796.22
700000.0003	6576.8
700000.0003	6388.94
700000.0003	6049.23
700000.0003	5738.22
700000.0003	5392.03
700000.0003	4955.43
700000.0003	4557.96
700000.0003	4024.88
700000.0003	3548.36
700000.0003	2967.68
700000.0003	2375.93
700000.0003	1754.62
700000.0003	1072.46
700000.0003	369.261
700000.0003	0
700000.0003	0
700000.0003	0
700000.0003	0
700000.0003	0
700000.0003	0
700000.0003	0
700000.0003	0
700000.0003	0
700000.0003	0
700000.0003	0
700000.0003	0
700000.0003	0
700000.0003	0
700000.0003	0
700000.0003	0
700000.0003	0
700000.0003	0
700000.0003	0
700000.0003	0
700000.0003	0
700000.0003	0
700000.0003	0
700000.0003	0
700000.0003	0
700000.0003	0
700000.0003	0
700000.0003	0
700000.0003	0
700000.0003	0
700000.0003	0
700000.0003	0
700000.0003	0
700000.0003	0
700000.0003	0
700000.0003	0
700000.0003	0
700000.0003	0
700000.0003	0
700000.0003	0
700000.0003	0
700000.0003	0
700000.0003	0
700000.0003	0
700000.0003	0
700000.0003	0
700000.0003	0
700000.0003	0
700000.0003	0
700000.0003	0
700000.0003	0
700000.0003	0
700000.0003	0
700000.0003	0
700000.0003	0
700000.0003	0
700000.0003	0
700000.0003	0
700000.0003	0
700000.0003	0
700000.0003	0
700000.0003	0
700000.0003	0
700000.0003	0
700000.0003	0
700000.0003	0
700000.0003	0
700000.0003	0
700000.0003	0
700000.0003	0
700000.0003	0
700000.0003	0
700000.0003	0
700000.0003	0
700000.0003	0
700000.0003	0
700000.0003	0
700000.0003	0
700000.0003	0
700000.0003	0
700000.0003	0
700000.0003	0
700000.0003	0
700000.0003	0
700000.0003	0
700000.0003	0
700000.0003	0
700000.0003	0
700000.0003	0
700000.0003	0
700000.0003	0
700000.0003	0
700000.0003	0
700000.0003	0
700000.0003	0
700000.0003	0
700000.0003	0
700000.0003	0
700000.0003	0
700000.0003	0
700000.0003	-23.5824
700000.0003	-70.3243
700000.0003	-116.999
700000.0003	-163.339
700000.0003	-206.776
700000.0003	-251.994
700000.0003	-295.496
700000.0003	-339.514
700000.0003	-384.572
700000.0003	-426.17
700000.0003	-467.767
700000.0003	-511.61
700000.0003	-546.054
700000.0003	-590.204
700000.0003	-630.016
700000.0003	-665.809
700000.0003	-700.818
700000.0003	-739.909
700000.0003	-777.919
700000.0003	-811.986
700000.0003	-850.232
700000.0003	-883.039
700000.0003	-924.129
700000.0003	-962.451
700000.0003	-992.814
700000.0003	-1026.65
700000.0003	-1049.22
700000.0003	-1085.91
700000.0003	-1110.74
700000.0003	-1143.87
700000.0003	-1177.13
700000.0003	-1211.85
700000.0003	-1234.92
700000.0003	-1264.85
700000.0003	-1292.94
700000.0003	-1314.86
700000.0003	-1353.5
700000.0003	-1373.57
700000.0003	-1406.54
700000.0003	-1421.09
700000.0003	-1440.41
700000.0003	-1470.77
700000.0003	-1491.19
700000.0003	-1511.4
700000.0003	-1539
700000.0003	-1563.76
700000.0003	-1573.51
700000.0003	-1591.2
700000.0003	-1615.13
700000.0003	-1641.49
700000.0003	-1645.8
700000.0003	-1667.83
700000.0003	-1681.21
700000.0003	-1707.53
700000.0003	-1717.27
700000.0003	-1731.15
700000.0003	-1761.78
700000.0003	-1783.21
700000.0003	-1780.02
700000.0003	-1792.13
700000.0003	-1803.5
700000.0003	-1816.12
700000.0003	-1828.29
700000.0003	-1836.21
700000.0003	-1844.63
700000.0003	-1850
700000.0003	-1871.07
700000.0003	-1868.68
700000.0003	-1883.25
700000.0003	-1890.22
700000.0003	-1908.74
700000.0003	-1907.73
700000.0003	-1909.15
700000.0003	-1906.43
700000.0003	-1910.22
700000.0003	-1920.83
700000.0003	-1927.81
700000.0003	-1919.11
700000.0003	-1931.53
700000.0003	-1915.41
700000.0003	-1931.35
700000.0003	-1916.29
700000.0003	-1925.66
700000.0003	-1918.62
700000.0003	-1919.17
700000.0003	-1923.33
700000.0003	-1914.96
700000.0003	-1911.69
700000.0003	-1910.19
700000.0003	-1899.26
700000.0003	-1886.96
700000.0003	-1875.11
700000.0003	-1875.29
700000.0003	-1854.55
700000.0003	-1848.89
700000.0003	-1831.56
700000.0003	-1824.08
700000.0003	-1803.49
700000.0003	-1778.81
700000.0003	-1764.14
700000.0003	-1745.4
700000.0003	-1720.38
700000.0003	-1686.54
700000.0003	-1661.69
700000.0003	-1612.97
700000.0003	-1586.85
700000.0003	-1540.93
700000.0003	-1494.34
700000.0003	-1449.6
700000.0003	-1393.14
700000.0003	-1346.12
700000.0003	-1284.09
700000.0003	-1227.35
700000.0003	-1164.92
700000.0003	-1100.67
700000.0003	-1035.22
700000.0003	-974.364
700000.0003	-909.447
700000.0003	-850.546
700000.0003	-786.18
700000.0003	-728.855
700000.0003	-669.018
700000.0003	-618.148
700000.0003	-562.786
700000.0003	-512.627
700000.0003	-464.757
700000.0003	-418.86
700000.0003	-376.707
700000.0003	-337.354
700000.0003	-301.304
700000.0003	-266.341
700000.0003	-232.392
700000.0003	-204.262
700000.0003	-179.755
700000.0003	-156.444
700000.0003	-134.406
700000.0003	-116.315
700000.0003	-98.2248
700000.0003	-84.8607
700000.0003	-72.3511
700000.0003	-62.2039
700000.0003	-52.0012
700000.0003	-44.6443
700000.0003	-37.0968
700000.0003	-31.8459
700000.0003	-26.4973
700000.0003	-22.271
700000.0003	-18.7796
700000.0003	-15.7804
700000.0003	-13.1551
700000.0003	-10.8809
700000.0003	-8.86363
700000.0003	-7.43523
700000.0003	-6.02674
700000.0003	-4.80653
700000.0003	-3.75748
700000.0003	-2.81868
700000.0003	-1.90008
700000.0003	-1.11261
700000.0003	-0.359632
700000.0003	0
700000.0003	0
700000.0003	0
700000.0003	0
700000.0003	0
700000.0003	0
700000.0003	0
700000.0003	0
700000.0003	0
700000.0003	0
700000.0003	0
700000.0003	0
700000.0003	0
700000.0003	0
700000.0003	0
700000.0003	0
700000.0003	0
700000.0003	0
700000.0003	0
700000.0003	0
700000.0003	0
700000.0003	0
700000.0003	0
700000.0003	0
700000.0003	0
700000.0003	0
700000.0003	0
700000.0003	0
700000.0003	0
700000.0003	0
700000.0003	0
700000.0003	0
700000.0003	0
700000.0003	0
700000.0003	0
700000.0003	0
700000.0003	0
700000.0003	0
700000.0003	0
700000.0003	0
700000.0003	0
700000.0003	0
700000.0003	0
700000.0003	0
700000.0003	0
700000.0003	0
700000.0003	0
700000.0003	0
700000.0003	0
700000.0003	0
700000.0003	0
700000.0003	0
700000.0003	0
700000.0003	0
700000.0003	0
700000.0003	0
700000.0003	0
700000.0003	0
700000.0003	0
700000.0003	0
700000.0003	0
700000.0003	0
700000.0003	0
700000.0003	0
700000.0003	0
700000.0003	0
700000.0003	0
700000.0003	0
700000.0003	0
700000.0003	0
700000.0003	0
700000.0003	0
700000.0003	0
700000.0003	0
700000.0003	0
700000.0003	0
700000.0003	0
700000.0003	0
700000.0003	0
700000.0003	0
700000.0003	0
700000.0003	0
700000.0003	0
700000.0003	0
700000.0003	0
700000.0003	0
700000.0003	0
700000.0003	0
700000.0003	0
700000.0003	0
700000.0003	0
700000.0003	0
700000.0003	0
700000.0003	0
700000.0003	0
700000.0003	0
700000.0003	0
700000.0003	0
700000.0003	0
700000.0003	0
700000.0003	0.349366
700000.0003	0.791471
700000.0003	-0.2379
700000.0003	-1.01579
700000.0003	-2.84222
700000.0003	-1.18978
700000.0003	-3.02143
700000.0003	1.30354
700000.0003	-3.08598
700000.0003	1.84424
700000.0003	0.198097
700000.0003	-6.29312
700000.0003	-0.26634
700000.0003	6.701
700000.0003	-13.7842
700000.0003	13.7038
700000.0003	-5.20018
700000.0003	7.44288
700000.0003	-5.53525
700000.0003	10.9231
700000.0003	-11.7668
700000.0003	11.0066
700000.0003	-8.39849
700000.0003	-3.90278
700000.0003	-4.43229
700000.0003	-7.59916
700000.0003	3.85522
700000.0003	-6.33162
700000.0003	8.81379
700000.0003	-1.93838
700000.0003	4.14838
700000.0003	4.90487
700000.0003	11.6856
700000.0003	13.1586
700000.0003	8.23903
700000.0003	0.262639
700000.0003	-14.1688
700000.0003	3.59795
700000.0003	-1.76056
700000.0003	0.014106
700000.0003	0
700000.0003	0
700000.0003	0
700000.0003	0
700000.0003	0
700000.0003	0
700000.0003	0
700000.0003	0
700000.0003	0
700000.0003	0
700000.0003	0
700000.0003	0
700000.0003	0
700000.0003	0
700000.0003	0
700000.0003	0
700000.0003	0
700000.0003	0
700000.0003	0
700000.0003	0
700000.0003	0
700000.0003	0
700000.0003	0
700000.0003	0
700000.0003	0
700000.0003	0
700000.0003	0
700000.0003	0
700000.0003	0
700000.0003	0
700000.0003	0
700000.0003	0
700000.0003	0
700000.0003	0
700000.0003	0
700000.0003	0
700000.0003	0
700000.0003	0
700000.0003	0
700000.0003	0
700000.0003	0
700000.0003	0
700000.0003	0
700000.0003	0
700000.0003	0
700000.0003	0
700000.0003	0
700000.0003	0
700000.0003	0
700000.0003	0
700000.0003	0
700000.0003	0
700000.0003	0
700000.0003	0
700000.0003	0
700000.0003	0
700000.0003	0
700000.0003	0
700000.0003	0
700000.0003	0
700000.0003	0
700000.0003	0
700000.0003	0
700000.0003	0
700000.0003	0
700000.0003	0
700000.0003	0
700000.0003	0
700000.0003	0
700000.0003	0
700000.0003	0
700000.0003	0
700000.0003	0
700000.0003	0
700000.0003	0
700000.0003	0
700000.0003	0
700000.0003	0
700000.0003	0
700000.0003	0
700000.0003	0
700000.0003	0
700000.0003	0
700000.0003	0
700000.0003	0
700000.0003	0
700000.0003	0
700000.0003	0
700000.0003	0
700000.0003	0
700000.0003	0
700000.0003	0
700000.0003	0
700000.0003	0
700000.0003	0
700000.0003	0
700000.0003	0
700000.0003	0
700000.0003	0
700000.0003	0
700000.0003	0.0179252
700000.0003	0.0706108
700000.0003	0.0407835
700000.0003	0.494885
700000.0003	0.887246
700000.0003	0.508724
700000.0003	-0.0742836
700000.0003	-0.88045
700000.0003	-0.341365
700000.0003	0.212889
700000.0003	-0.349435
700000.0003	-0.567457
700000.0003	0.855057
700000.0003	-0.586134
700000.0003	1.18925
700000.0003	0.875026
700000.0003	1.0774
700000.0003	0.167263
700000.0003	-0.498826
700000.0003	-0.348646
700000.0003	-0.862058
700000.0003	0.502566
700000.0003	-1.46194
700000.0003	-0.816086
700000.0003	-0.457369
700000.0003	0.829273
700000.0003	2.32254
700000.0003	-0.402995
700000.0003	5.16656
700000.0003	-1.34404
700000.0003	2.82038
700000.0003	0.931843
700000.0003	0.0606875
700000.0003	0.736583
700000.0003	-2.8928
700000.0003	0.826472
700000.0003	-0.650875
700000.0003	-6.02103
700000.0003	-0.554527
700000.0003	0.66692
700000.0003	-6.10246
700000.0003	1.79347
700000.0003	5.31097
700000.0003	1.10795
700000.0003	-0.830057
700000.0003	-4.25328
700000.0003	-0.301143
700000.0003	0.347605
700000.0003	-1.43542
700000.0003	0.93428
700000.0003	-5.26786
700000.0003	-1.91339
700000.0003	-0.300744
700000.0003	1.11105
700000.0003	3.53522
700000.0003	-2.5319
700000.0003	5.96045
700000.0003	-0.830404
700000.0003	-5.04172
700000.0003	3.85061
700000.0003	0.3388
700000.0003	1.26327
700000.0003	0.712508
700000.0003	-4.27808
700000.0003	-4.0871
700000.0003	-3.84945
700000.0003	-1.30611
700000.0003	3.90267
700000.0003	-3.17487
700000.0003	-5.03981
700000.0003	-3.65619
700000.0003	4.56839
700000.0003	1.86249
700000.0003	1.69591
700000.0003	0.338397
700000.0003	-1.24311
700000.0003	5.71571
700000.0003	0.359815
700000.0003	2.73463
700000.0003	-0.505631
700000.0003	0.930005
700000.0003	2.51907
700000.0003	-1.26478
700000.0003	-4.6091
700000.0003	2.78234
700000.0003	4.2215
700000.0003	0.509441
700000.0003	1.74358
700000.0003	4.79182
700000.0003	-0.00987407
700000.0003	-0.18232
700000.0003	2.3267
700000.0003	1.6798
700000.0003	-0.753465
700000.0003	0.075418
700000.0003	0.392851
700000.0003	0.320163
700000.0003	-0.681455
700000.0003	-5.39454
700000.0003	-2.29586
700000.0003	-1.31092
700000.0003	-0.897509
700000.0003	-1.1027
700000.0003	0.301759
700000.0003	0.715541
700000.0003	-3.23125
700000.0003	0.00828444
700000.0003	-1.17265
700000.0003	2.17165
700000.0003	-2.44561
700000.0003	-0.281001
700000.0003	4.31352
700000.0003	-3.22268
700000.0003	4.81619
700000.0003	1.79608
700000.0003	1.32879
700000.0003	-0.782553
700000.0003	1.27149
700000.0003	0.319739
700000.0003	-0.130658
700000.0003	0.576096
700000.0003	0.512477
700000.0003	0.6419
700000.0003	-0.928822
700000.0003	1.84365
700000.0003	-0.460417
700000.0003	-0.476872
700000.0003	1.18568
700000.0003	0.48843
700000.0003	-1.26799
700000.0003	-1.31738
700000.0003	0.0647072
700000.0003	-0.0938662
700000.0003	-0.276118
700000.0003	-0.201149
700000.0003	-0.245842
700000.0003	-0.541736
700000.0003	-0.213842
700000.0003	0.173706
700000.0003	0.332038
700000.0003	0.0742371
700000.0003	0.159605
700000.0003	-0.167393
700000.0003	0.0513692
700000.0003	0.00825043
700000.0003	-0.0636021
700000.0003	0.148123
700000.0003	0.0862171
700000.0003	0.0232388
700000.0003	-0.0871603
700000.0003	-0.02039
700000.0003	0.00685668
700000.0003	-0.0981035
700000.0003	0.0392044
700000.0003	0.00627984
700000.0003	-0.0633055
700000.0003	0.00263255
700000.0003	0.017572
700000.0003	0.00127367
700000.0003	0.00399047
700000.0003	0
700000.0003	0
700000.0003	0
700000.0003	0
700000.0003	0
700000.0003	0
700000.0003	0
700000.0003	0
700000.0003	0
700000.0003	0
700000.0003	0
700000.0003	0
700000.0003	0
700000.0003	0
700000.0003	0
700000.0003	0
700000.0003	0
700000.0003	0
700000.0003	0
700000.0003	0
700000.0003	0
700000.0003	0
700000.0003	0
700000.0003	0
700000.0003	0
700000.0003	0
700000.0003	0
700000.0003	0
700000.0003	0
700000.0003	0
700000.0003	0
700000.0003	0
700000.0003	0
700000.0003	0
700000.0003	0
700000.0003	0
700000.0003	0
700000.0003	0
700000.0003	0
700000.0003	0
700000.0003	0
700000.0003	0
700000.0003	0
700000.0003	0
700000.0003	0
700000.0003	0
700000.0003	0
700000.0003	0
700000.0003	0
700000.0003	0
700000.0003	0
700000.0003	0
700000.0003	0
700000.0003	0
700000.0003	0
700000.0003	0
700000.0003	0
700000.0003	0
700000.0003	0
700000.0003	0
700000.0003	0
700000.0003	0
700000.0003	0
700000.0003	0
700000.0003	0
700000.0003	0
700000.0003	0
700000.0003	0
700000.0003	0
700000.0003	0
700000.0003	0
700000.0003	0
700000.0003	0
700000.0003	0
700000.0003	0
700000.0003	0
700000.0003	0
700000.0003	0
700000.0003	0
700000.0003	0
700000.0003	0
700000.0003	0
700000.0003	0
700000.0003	0
700000.0003	0
700000.0003	0
700000.0003	0
700000.0003	0
700000.0003	0
700000.0003	0
700000.0003	0
700000.0003	0
700000.0003	0
700000.0003	0
700000.0003	0
700000.0003	0
700000.0003	0
700000.0003	0
700000.0003	0
700000.0003	0
