700000.0003	1471785
700000.0003	1467042
700000.0003	1469975
700000.0003	1481791
700000.0003	1488661
700000.0003	1485853
700000.0003	1476477
700000.0003	1449916
700000.0003	1418175
700000.0003	1393702
700000.0003	1387076
700000.0003	1384943
700000.0003	1377736
700000.0003	1345342
700000.0003	1272250
700000.0003	1164439
700000.0003	1034209
700000.0003	900508
700000.0003	776368
700000.0003	669290
700000.0003	575560
700000.0003	496408
700000.0003	431269
700000.0003	374430
700000.0003	328366
700000.0003	290258
700000.0003	258186
700000.0003	233330
700000.0003	211965
700000.0003	193755
700000.0003	179617
700000.0003	167864
700000.0003	158989
700000.0003	149712
700000.0003	143162
700000.0003	137044
700000.0003	132765
700000.0003	129597
700000.0003	126064
700000.0003	124106
700000.0003	121697
700000.0003	119870
700000.0003	118598
700000.0003	116858
700000.0003	116492
700000.0003	115261
700000.0003	114225
700000.0003	113863
700000.0003	112382
700000.0003	111705
700000.0003	110709
700000.0003	110063
700000.0003	109088
700000.0003	108942
700000.0003	108492
700000.0003	107119
700000.0003	107020
700000.0003	106505
700000.0003	106492
700000.0003	106010
700000.0003	105397
700000.0003	104878
700000.0003	104924
700000.0003	104464
700000.0003	104031
700000.0003	103890
700000.0003	103142
700000.0003	102981
700000.0003	102097
700000.0003	101881
700000.0003	102168
700000.0003	101750
700000.0003	101770
700000.0003	102300
700000.0003	101033
700000.0003	100762
700000.0003	101160
700000.0003	100420
700000.0003	100072
700000.0003	100423
700000.0003	100092
700000.0003	99825
700000.0003	100089
700000.0003	99801
700000.0003	99180
700000.0003	99232
700000.0003	98949
700000.0003	99470
700000.0003	98804
700000.0003	98482
700000.0003	98787
700000.0003	99186
700000.0003	98533
700000.0003	98223
700000.0003	98489
700000.0003	98924
700000.0003	98003
700000.0003	98026
700000.0003	97710
700000.0003	97763
700000.0003	97832
700000.0003	97925
700000.0003	97789
700000.0003	97584
700000.0003	97384
700000.0003	97449
700000.0003	98158
700000.0003	97167
700000.0003	97378
700000.0003	97420
700000.0003	97397
700000.0003	97260
700000.0003	97750
700000.0003	96797
700000.0003	97359
700000.0003	97287
700000.0003	97416
700000.0003	96708
700000.0003	96687
700000.0003	97431
700000.0003	96635
700000.0003	96589
700000.0003	96988
700000.0003	96712
700000.0003	96867
700000.0003	96947
700000.0003	96760
700000.0003	97293
700000.0003	96946
700000.0003	97345
700000.0003	97817
700000.0003	97146
700000.0003	97252
700000.0003	97116
700000.0003	97648
700000.0003	97135
700000.0003	97388
700000.0003	97568
700000.0003	97190
700000.0003	96842
700000.0003	97001
700000.0003	96753
700000.0003	96927
700000.0003	97499
700000.0003	96518
700000.0003	97213
700000.0003	97601
700000.0003	97982
700000.0003	98377
700000.0003	97969
700000.0003	98586
700000.0003	98995
700000.0003	99010
700000.0003	99134
700000.0003	100123
700000.0003	100171
700000.0003	99957
700000.0003	100493
700000.0003	101279
700000.0003	101000
700000.0003	101880
700000.0003	102131
700000.0003	103332
700000.0003	104094
700000.0003	104477
700000.0003	105185
700000.0003	105402
700000.0003	105892
700000.0003	106348
700000.0003	107230
700000.0003	108217
700000.0003	109128
700000.0003	109619
700000.0003	110891
700000.0003	111452
700000.0003	112032
700000.0003	113446
700000.0003	114603
700000.0003	115653
700000.0003	116675
700000.0003	116946
700000.0003	118543
700000.0003	119761
700000.0003	120815
700000.0003	122105
700000.0003	123971
700000.0003	124425
700000.0003	125406
700000.0003	127196
700000.0003	128861
700000.0003	130052
700000.0003	131710
700000.0003	133317
700000.0003	135332
700000.0003	136652
700000.0003	138324
700000.0003	141144
700000.0003	143170
700000.0003	144366
700000.0003	146478
700000.0003	148633
700000.0003	151034
700000.0003	153373
700000.0003	155539
700000.0003	158382
700000.0003	160708
700000.0003	164324
700000.0003	166409
700000.0003	170291
700000.0003	173255
700000.0003	177203
700000.0003	179901
700000.0003	183482
700000.0003	187086
700000.0003	191049
700000.0003	195506
700000.0003	200113
700000.0003	204275
700000.0003	209762
700000.0003	214277
700000.0003	220590
700000.0003	226403
700000.0003	232812
700000.0003	239371
700000.0003	247212
700000.0003	255695
700000.0003	263824
700000.0003	273341
700000.0003	284472
700000.0003	294983
700000.0003	307059
700000.0003	320236
700000.0003	336225
700000.0003	351142
700000.0003	370021
700000.0003	390235
700000.0003	412868
700000.0003	437728
700000.0003	463527
700000.0003	494418
700000.0003	526875
700000.0003	561105
700000.0003	600525
700000.0003	641780
700000.0003	683299
700000.0003	732115
700000.0003	778346
700000.0003	825823
700000.0003	876851
700000.0003	924260
700000.0003	973675
700000.0003	1018880
700000.0003	1062407
700000.0003	1104616
700000.0003	1140186
700000.0003	1172767
700000.0003	1203837
700000.0003	1230620
700000.0003	1255044
700000.0003	1273740
700000.0003	1293730
700000.0003	1309383
700000.0003	1327425
700000.0003	1340322
700000.0003	1351966
700000.0003	1364057
700000.0003	1372498
700000.0003	1381766
700000.0003	1390790
700000.0003	1396611
700000.0003	1405364
700000.0003	1408446
700000.0003	1415346
700000.0003	1419640
700000.0003	1426562
700000.0003	1428250
700000.0003	1431248
700000.0003	1435327
700000.0003	1436636
700000.0003	1439692
700000.0003	1442791
700000.0003	1444701
700000.0003	1446613
700000.0003	1448409
700000.0003	1451106
700000.0003	1451489
700000.0003	1450893
700000.0003	1451773
700000.0003	1454747
700000.0003	1457280
700000.0003	1454486
700000.0003	1457234
700000.0003	1458027
700000.0003	1456065
700000.0003	1458020
700000.0003	1456722
700000.0003	1457093
700000.0003	1459515
700000.0003	1458651
700000.0003	1458423
700000.0003	1461152
700000.0003	1457471
700000.0003	1458891
700000.0003	1458362
700000.0003	1459539
700000.0003	1458565
700000.0003	1460631
700000.0003	1458482
700000.0003	1461723
700000.0003	1460565
700000.0003	1457905
700000.0003	1460187
700000.0003	1459044
700000.0003	1460126
700000.0003	1462413
700000.0003	1461439
700000.0003	1460553
700000.0003	1458758
700000.0003	1462195
700000.0003	1460365
700000.0003	1461966
700000.0003	1459371
700000.0003	1463184
700000.0003	1463640
700000.0003	1462418
700000.0003	1461406
700000.0003	1460785
700000.0003	1461758
700000.0003	1463408
700000.0003	1462318
700000.0003	1462465
700000.0003	1464224
700000.0003	1464152
700000.0003	1463895
700000.0003	1462133
700000.0003	1463166
700000.0003	1464676
700000.0003	1463476
700000.0003	1466137
700000.0003	1463775
700000.0003	1466444
700000.0003	1462801
700000.0003	1466271
700000.0003	1464526
700000.0003	1466435
700000.0003	1465641
700000.0003	1465943
700000.0003	1466276
700000.0003	1468016
700000.0003	1467060
700000.0003	1466150
700000.0003	1466658
700000.0003	1467606
700000.0003	1468778
700000.0003	1467055
700000.0003	1468330
700000.0003	1469100
700000.0003	1470357
700000.0003	1468578
700000.0003	1468033
700000.0003	1469497
700000.0003	1470976
700000.0003	1470124
700000.0003	1470196
700000.0003	1472409
700000.0003	1470175
700000.0003	1472448
700000.0003	1470278
700000.0003	1472512
700000.0003	1471793
700000.0003	1473831
700000.0003	1473000
700000.0003	1473968
700000.0003	1475636
700000.0003	1474411
700000.0003	1474816
700000.0003	1475322
700000.0003	1473365
700000.0003	1476087
700000.0003	1476795
700000.0003	1479797
700000.0003	1478163
700000.0003	1478559
700000.0003	1477894
700000.0003	1477913
700000.0003	1478531
700000.0003	1477501
700000.0003	1480927
700000.0003	1483966
700000.0003	1486457
700000.0003	1484377
700000.0003	1480991
700000.0003	1479525
700000.0003	1476816
700000.0003	1481090
700000.0003	1484989
700000.0003	1489440
700000.0003	1489837
700000.0003	1490001
700000.0003	1480500
