700000.0003	1471236
700000.0003	1468413
700000.0003	1469435
700000.0003	1478007
700000.0003	1488566
700000.0003	1488499
700000.0003	1476571
700000.0003	1450698
700000.0003	1417614
700000.0003	1394488
700000.0003	1385341
700000.0003	1384507
700000.0003	1375800
700000.0003	1342873
700000.0003	1275234
700000.0003	1163999
700000.0003	1036979
700000.0003	899332
700000.0003	776901
700000.0003	668640
700000.0003	575449
700000.0003	496694
700000.0003	430267
700000.0003	374714
700000.0003	327639
700000.0003	290368
700000.0003	258515
700000.0003	232764
700000.0003	211850
700000.0003	194210
700000.0003	180521
700000.0003	167909
700000.0003	158299
700000.0003	150627
700000.0003	142803
700000.0003	138197
700000.0003	132510
700000.0003	128413
700000.0003	126796
700000.0003	123884
700000.0003	121801
700000.0003	120361
700000.0003	118896
700000.0003	116992
700000.0003	116957
700000.0003	114633
700000.0003	114274
700000.0003	113471
700000.0003	112042
700000.0003	111895
700000.0003	111116
700000.0003	110170
700000.0003	109311
700000.0003	108880
700000.0003	108400
700000.0003	107696
700000.0003	107046
700000.0003	106716
700000.0003	106363
700000.0003	105841
700000.0003	105922
700000.0003	104955
700000.0003	104837
700000.0003	104559
700000.0003	103892
700000.0003	102814
700000.0003	102680
700000.0003	102923
700000.0003	102297
700000.0003	102841
700000.0003	101870
700000.0003	101904
700000.0003	101261
700000.0003	101294
700000.0003	101694
700000.0003	101155
700000.0003	101207
700000.0003	100457
700000.0003	100186
700000.0003	100365
700000.0003	100664
700000.0003	99410
700000.0003	99833
700000.0003	100080
700000.0003	98863
700000.0003	99388
700000.0003	99028
700000.0003	99659
700000.0003	99002
700000.0003	98413
700000.0003	98148
700000.0003	98458
700000.0003	98445
700000.0003	98371
700000.0003	97815
700000.0003	98443
700000.0003	98511
700000.0003	97535
700000.0003	98169
700000.0003	97543
700000.0003	97825
700000.0003	97552
700000.0003	97495
700000.0003	97292
700000.0003	97211
700000.0003	97448
700000.0003	97668
700000.0003	97344
700000.0003	97280
700000.0003	97562
700000.0003	97518
700000.0003	97246
700000.0003	96780
700000.0003	97641
700000.0003	96915
700000.0003	97229
700000.0003	96876
700000.0003	97199
700000.0003	96939
700000.0003	96903
700000.0003	96410
700000.0003	97168
700000.0003	96815
700000.0003	97204
700000.0003	97226
700000.0003	97172
700000.0003	96046
700000.0003	96852
700000.0003	97034
700000.0003	96872
700000.0003	97159
700000.0003	96996
700000.0003	97005
700000.0003	97125
700000.0003	97493
700000.0003	96947
700000.0003	96510
700000.0003	97237
700000.0003	97293
700000.0003	96945
700000.0003	97217
700000.0003	96794
700000.0003	97276
700000.0003	97160
700000.0003	97264
700000.0003	97386
700000.0003	98002
700000.0003	97800
700000.0003	97670
700000.0003	98167
700000.0003	98436
700000.0003	98414
700000.0003	98679
700000.0003	99332
700000.0003	100325
700000.0003	99827
700000.0003	99595
700000.0003	100885
700000.0003	101223
700000.0003	102063
700000.0003	102297
700000.0003	102924
700000.0003	102740
700000.0003	103829
700000.0003	103982
700000.0003	104530
700000.0003	105663
700000.0003	105911
700000.0003	106259
700000.0003	107272
700000.0003	108170
700000.0003	109079
700000.0003	109735
700000.0003	110492
700000.0003	111659
700000.0003	112611
700000.0003	113395
700000.0003	113873
700000.0003	115745
700000.0003	115869
700000.0003	117483
700000.0003	118493
700000.0003	119869
700000.0003	121397
700000.0003	121677
700000.0003	123252
700000.0003	125109
700000.0003	125729
700000.0003	127165
700000.0003	129106
700000.0003	131377
700000.0003	131753
700000.0003	134220
700000.0003	135449
700000.0003	137032
700000.0003	139374
700000.0003	140399
700000.0003	142931
700000.0003	145231
700000.0003	145942
700000.0003	148792
700000.0003	151097
700000.0003	153211
700000.0003	155786
700000.0003	159136
700000.0003	162033
700000.0003	164016
700000.0003	167708
700000.0003	171123
700000.0003	173244
700000.0003	175563
700000.0003	179965
700000.0003	183520
700000.0003	186909
700000.0003	191780
700000.0003	195919
700000.0003	200212
700000.0003	205408
700000.0003	209640
700000.0003	214499
700000.0003	219746
700000.0003	226509
700000.0003	232443
700000.0003	240273
700000.0003	247550
700000.0003	255744
700000.0003	263835
700000.0003	273105
700000.0003	284052
700000.0003	295261
700000.0003	307437
700000.0003	319115
700000.0003	335785
700000.0003	351852
700000.0003	370401
700000.0003	389676
700000.0003	411102
700000.0003	437969
700000.0003	463870
700000.0003	494198
700000.0003	526387
700000.0003	561527
700000.0003	600609
700000.0003	641103
700000.0003	684611
700000.0003	731430
700000.0003	777391
700000.0003	826782
700000.0003	876876
700000.0003	925895
700000.0003	973189
700000.0003	1018124
700000.0003	1062456
700000.0003	1104087
700000.0003	1139694
700000.0003	1173665
700000.0003	1204110
700000.0003	1229359
700000.0003	1254678
700000.0003	1273144
700000.0003	1294678
700000.0003	1310899
700000.0003	1327803
700000.0003	1340132
700000.0003	1352541
700000.0003	1362497
700000.0003	1373766
700000.0003	1380240
700000.0003	1389229
700000.0003	1398797
700000.0003	1405643
700000.0003	1410878
700000.0003	1413853
700000.0003	1420196
700000.0003	1424981
700000.0003	1426751
700000.0003	1432089
700000.0003	1435449
700000.0003	1439123
700000.0003	1438933
700000.0003	1443802
700000.0003	1443052
700000.0003	1447513
700000.0003	1447684
700000.0003	1450640
700000.0003	1451520
700000.0003	1453235
700000.0003	1452840
700000.0003	1453153
700000.0003	1456401
700000.0003	1454930
700000.0003	1455943
700000.0003	1457463
700000.0003	1458848
700000.0003	1457385
700000.0003	1457512
700000.0003	1456227
700000.0003	1458636
700000.0003	1459015
700000.0003	1460521
700000.0003	1458862
700000.0003	1457685
700000.0003	1459602
700000.0003	1459586
700000.0003	1459428
700000.0003	1458468
700000.0003	1456697
700000.0003	1462422
700000.0003	1461726
700000.0003	1460155
700000.0003	1458515
700000.0003	1459091
700000.0003	1460595
700000.0003	1460838
700000.0003	1460478
700000.0003	1458557
700000.0003	1463354
700000.0003	1462325
700000.0003	1461065
700000.0003	1459214
700000.0003	1459464
700000.0003	1462852
700000.0003	1461940
700000.0003	1462310
700000.0003	1461601
700000.0003	1461300
700000.0003	1464538
700000.0003	1461721
700000.0003	1461465
700000.0003	1462088
700000.0003	1462668
700000.0003	1465212
700000.0003	1463552
700000.0003	1462132
700000.0003	1463867
700000.0003	1463839
700000.0003	1464102
700000.0003	1463347
700000.0003	1464439
700000.0003	1465538
700000.0003	1464931
700000.0003	1466338
700000.0003	1464320
700000.0003	1464670
700000.0003	1463738
700000.0003	1468272
700000.0003	1466007
700000.0003	1466481
700000.0003	1465282
700000.0003	1467472
700000.0003	1468565
700000.0003	1467616
700000.0003	1466564
700000.0003	1465793
700000.0003	1468524
700000.0003	1469565
700000.0003	1467398
700000.0003	1469098
700000.0003	1469825
700000.0003	1469811
700000.0003	1470249
700000.0003	1468213
700000.0003	1469242
700000.0003	1470956
700000.0003	1471380
700000.0003	1471409
700000.0003	1473112
700000.0003	1471445
700000.0003	1470688
700000.0003	1474290
700000.0003	1470394
700000.0003	1473872
700000.0003	1472171
700000.0003	1477044
700000.0003	1475754
700000.0003	1475435
700000.0003	1473708
700000.0003	1473655
700000.0003	1476186
700000.0003	1476910
700000.0003	1475208
700000.0003	1481396
700000.0003	1480362
700000.0003	1479815
700000.0003	1476905
700000.0003	1476795
700000.0003	1476744
700000.0003	1481517
700000.0003	1481982
700000.0003	1486902
700000.0003	1486384
700000.0003	1482754
700000.0003	1477995
700000.0003	1478787
700000.0003	1477338
700000.0003	1482229
700000.0003	1489252
700000.0003	1494415
700000.0003	1488746
700000.0003	1480770
