700000.0003	0.0264134
700000.0003	0.0356923
700000.0003	0.05325
700000.0003	0.0813678
700000.0003	0.125408
700000.0003	0.187602
700000.0003	0.277376
700000.0003	0.399658
700000.0003	0.553795
700000.0003	0.745535
700000.0003	0.990201
700000.0003	1.27039
700000.0003	1.61162
700000.0003	1.99066
700000.0003	2.41721
700000.0003	2.85047
700000.0003	3.34191
700000.0003	3.81935
700000.0003	4.2717
700000.0003	4.75082
700000.0003	5.19943
700000.0003	5.61816
700000.0003	6.05605
700000.0003	6.43482
700000.0003	6.83564
700000.0003	7.21718
700000.0003	7.55346
700000.0003	7.9624
700000.0003	8.21728
700000.0003	8.5429
700000.0003	8.86179
700000.0003	9.07025
700000.0003	9.40341
700000.0003	9.51175
700000.0003	9.80714
700000.0003	9.91218
700000.0003	10.0551
700000.0003	10.2257
700000.0003	10.2174
700000.0003	10.3641
700000.0003	10.2421
700000.0003	10.2286
700000.0003	10.2483
700000.0003	10.1967
700000.0003	10.2769
700000.0003	10.2837
700000.0003	10.2726
700000.0003	10.3251
700000.0003	10.2727
700000.0003	10.3188
700000.0003	10.2505
700000.0003	10.2745
700000.0003	10.2005
700000.0003	10.2783
700000.0003	10.293
700000.0003	10.2704
700000.0003	10.2972
700000.0003	10.2581
700000.0003	10.3522
700000.0003	10.2948
700000.0003	10.3301
700000.0003	10.3008
700000.0003	10.3442
700000.0003	10.2994
700000.0003	10.3186
700000.0003	10.351
700000.0003	10.3081
700000.0003	10.2792
700000.0003	10.3045
700000.0003	10.2623
700000.0003	10.3499
700000.0003	10.3464
700000.0003	10.3493
700000.0003	10.454
700000.0003	10.2953
700000.0003	10.3229
700000.0003	10.4058
700000.0003	10.3293
700000.0003	10.3034
700000.0003	10.4086
700000.0003	10.3577
700000.0003	10.3214
700000.0003	10.4142
700000.0003	10.3726
700000.0003	10.3191
700000.0003	10.3934
700000.0003	10.3399
700000.0003	10.4463
700000.0003	10.3799
700000.0003	10.349
700000.0003	10.3882
700000.0003	10.4336
700000.0003	10.3962
700000.0003	10.3464
700000.0003	10.3864
700000.0003	10.4867
700000.0003	10.3817
700000.0003	10.367
700000.0003	10.3469
700000.0003	10.3732
700000.0003	10.412
700000.0003	10.3905
700000.0003	10.3933
700000.0003	10.3993
700000.0003	10.3637
700000.0003	10.3822
700000.0003	10.5133
700000.0003	10.3669
700000.0003	10.3697
700000.0003	10.4034
700000.0003	10.4224
700000.0003	10.4002
700000.0003	10.4563
700000.0003	10.3898
700000.0003	10.4622
700000.0003	10.4265
700000.0003	10.4987
700000.0003	10.3761
700000.0003	10.347
700000.0003	10.4968
700000.0003	10.4144
700000.0003	10.38
700000.0003	10.4711
700000.0003	10.4397
700000.0003	10.4252
700000.0003	10.4559
700000.0003	10.4024
700000.0003	10.4815
700000.0003	10.4071
700000.0003	10.5008
700000.0003	10.5561
700000.0003	10.4664
700000.0003	10.5007
700000.0003	10.4886
700000.0003	10.5645
700000.0003	10.4515
700000.0003	10.5201
700000.0003	10.4955
700000.0003	10.539
700000.0003	10.4622
700000.0003	10.4773
700000.0003	10.4505
700000.0003	10.4852
700000.0003	10.5199
700000.0003	10.4132
700000.0003	10.4361
700000.0003	10.4084
700000.0003	10.4199
700000.0003	10.4618
700000.0003	10.4207
700000.0003	10.3978
700000.0003	10.4272
700000.0003	10.2827
700000.0003	10.3307
700000.0003	10.3082
700000.0003	10.2291
700000.0003	10.152
700000.0003	10.1398
700000.0003	10.1174
700000.0003	10.0506
700000.0003	10.0416
700000.0003	9.97201
700000.0003	9.99938
700000.0003	9.99696
700000.0003	9.91576
700000.0003	9.87419
700000.0003	9.73072
700000.0003	9.72412
700000.0003	9.61585
700000.0003	9.58449
700000.0003	9.55559
700000.0003	9.53884
700000.0003	9.43415
700000.0003	9.38642
700000.0003	9.32681
700000.0003	9.22632
700000.0003	9.24512
700000.0003	9.13854
700000.0003	9.1201
700000.0003	8.98535
700000.0003	8.88535
700000.0003	8.85582
700000.0003	8.76826
700000.0003	8.68269
700000.0003	8.64068
700000.0003	8.58373
700000.0003	8.44774
700000.0003	8.35856
700000.0003	8.30374
700000.0003	8.2619
700000.0003	8.1118
700000.0003	8.0522
700000.0003	7.95242
700000.0003	7.91548
700000.0003	7.80309
700000.0003	7.71217
700000.0003	7.6968
700000.0003	7.64049
700000.0003	7.48175
700000.0003	7.39034
700000.0003	7.298
700000.0003	7.21255
700000.0003	7.12656
700000.0003	7.02637
700000.0003	6.92977
700000.0003	6.82419
700000.0003	6.77724
700000.0003	6.64749
700000.0003	6.57945
700000.0003	6.48645
700000.0003	6.43403
700000.0003	6.31696
700000.0003	6.21041
700000.0003	6.09262
700000.0003	5.99786
700000.0003	5.92571
700000.0003	5.84338
700000.0003	5.71572
700000.0003	5.65271
700000.0003	5.50796
700000.0003	5.45733
700000.0003	5.32062
700000.0003	5.25373
700000.0003	5.14334
700000.0003	5.0551
700000.0003	4.97798
700000.0003	4.86994
700000.0003	4.77669
700000.0003	4.68923
700000.0003	4.58059
700000.0003	4.47097
700000.0003	4.36454
700000.0003	4.28781
700000.0003	4.16524
700000.0003	4.07863
700000.0003	3.96824
700000.0003	3.88131
700000.0003	3.76849
700000.0003	3.64984
700000.0003	3.55409
700000.0003	3.45233
700000.0003	3.34056
700000.0003	3.21467
700000.0003	3.1089
700000.0003	2.96174
700000.0003	2.85935
700000.0003	2.7246
700000.0003	2.59246
700000.0003	2.46725
700000.0003	2.32602
700000.0003	2.20455
700000.0003	2.06245
700000.0003	1.93319
700000.0003	1.79923
700000.0003	1.66681
700000.0003	1.53694
700000.0003	1.41807
700000.0003	1.29741
700000.0003	1.18928
700000.0003	1.07737
700000.0003	0.978846
700000.0003	0.880483
700000.0003	0.797235
700000.0003	0.711262
700000.0003	0.634877
700000.0003	0.564093
700000.0003	0.498255
700000.0003	0.439221
700000.0003	0.385582
700000.0003	0.337677
700000.0003	0.292756
700000.0003	0.250605
700000.0003	0.216197
700000.0003	0.186837
700000.0003	0.159781
700000.0003	0.134983
700000.0003	0.114978
700000.0003	0.0956659
700000.0003	0.0815399
700000.0003	0.068694
700000.0003	0.0584663
700000.0003	0.048493
700000.0003	0.0414117
700000.0003	0.0343365
700000.0003	0.0295214
700000.0003	0.0247098
700000.0003	0.0210038
700000.0003	0.0180226
700000.0003	0.0155289
700000.0003	0.0133962
700000.0003	0.0115954
700000.0003	0.0100172
700000.0003	0.00906465
700000.0003	0.00810042
700000.0003	0.00732281
700000.0003	0.00674325
700000.0003	0.00630351
700000.0003	0.00579476
700000.0003	0.00555807
700000.0003	0.00532158
700000.0003	0.00522659
700000.0003	0.0051173
700000.0003	0.00504099
700000.0003	0.00500101
700000.0003	0.00492816
700000.0003	0.00480926
700000.0003	0.00470966
700000.0003	0.00464307
700000.0003	0.00468294
700000.0003	0.00464396
700000.0003	0.00454088
700000.0003	0.00450355
700000.0003	0.00455096
700000.0003	0.00439871
700000.0003	0.00445299
700000.0003	0.00437513
700000.0003	0.00438976
700000.0003	0.00428519
700000.0003	0.00435528
700000.0003	0.00432867
700000.0003	0.00430982
700000.0003	0.00421629
700000.0003	0.00424911
700000.0003	0.00423252
700000.0003	0.0042784
700000.0003	0.00419917
700000.0003	0.00415768
700000.0003	0.00415169
700000.0003	0.0041607
700000.0003	0.00411283
700000.0003	0.00413638
700000.0003	0.00408451
700000.0003	0.004154
700000.0003	0.00417113
700000.0003	0.00413252
700000.0003	0.00411752
700000.0003	0.00415975
700000.0003	0.00413137
700000.0003	0.00413818
700000.0003	0.00416736
700000.0003	0.00410561
700000.0003	0.00415405
700000.0003	0.00413646
700000.0003	0.00413013
700000.0003	0.00417956
700000.0003	0.00413151
700000.0003	0.00414489
700000.0003	0.00413041
700000.0003	0.0041078
700000.0003	0.00415844
700000.0003	0.0041491
700000.0003	0.00420471
700000.0003	0.00422055
700000.0003	0.00425524
700000.0003	0.00422223
700000.0003	0.00424721
700000.0003	0.0042854
700000.0003	0.00439213
700000.0003	0.00429513
700000.0003	0.00437831
700000.0003	0.00433793
700000.0003	0.00441622
700000.0003	0.00442411
700000.0003	0.00442166
700000.0003	0.0044514
700000.0003	0.00447342
700000.0003	0.00458296
700000.0003	0.00450222
700000.0003	0.00456585
700000.0003	0.00466707
700000.0003	0.00474131
700000.0003	0.00475792
700000.0003	0.00481396
700000.0003	0.00495131
700000.0003	0.00503448
700000.0003	0.00497674
700000.0003	0.00507266
700000.0003	0.00521379
700000.0003	0.005294
700000.0003	0.00544761
700000.0003	0.00555568
700000.0003	0.0056195
700000.0003	0.0057463
700000.0003	0.00599301
700000.0003	0.00609284
700000.0003	0.00659539
700000.0003	0.00659014
700000.0003	0.00691016
700000.0003	0.00708903
700000.0003	0.00765867
700000.0003	0.00796596
700000.0003	0.00840186
700000.0003	0.00913166
700000.0003	0.00994901
700000.0003	0.0106427
700000.0003	0.0120823
700000.0003	0.0135958
700000.0003	0.0152499
700000.0003	0.0181696
700000.0003	0.0212616
700000.0003	0.000316839
700000.0003	-0.000323986
700000.0003	-0.000207925
700000.0003	-0.000345365
700000.0003	-1.82663e-05
700000.0003	0.000466324
700000.0003	-0.000812666
700000.0003	0.00235863
700000.0003	-0.000470498
700000.0003	-0.000874006
700000.0003	-0.00176965
700000.0003	0.00499956
700000.0003	0.000269056
700000.0003	-0.00538065
700000.0003	0.0125383
700000.0003	-0.00446755
700000.0003	0.00407766
700000.0003	0.0166269
700000.0003	-0.00174464
700000.0003	0.00493869
700000.0003	0.00786064
700000.0003	0.0208032
700000.0003	-0.0211307
700000.0003	0.0027708
700000.0003	0.00185678
700000.0003	-0.00451027
700000.0003	0.011789
700000.0003	0.0108387
700000.0003	0.0206198
700000.0003	-0.011637
700000.0003	0.0288171
700000.0003	0.0127593
700000.0003	0.0333552
700000.0003	0.0436001
700000.0003	0.0229733
700000.0003	-0.0112103
700000.0003	-0.0459879
700000.0003	0.0331653
700000.0003	-0.021889
700000.0003	0.0142818
700000.0003	0.0087511
700000.0003	0.0393324
700000.0003	-0.0294869
700000.0003	-0.0231977
700000.0003	-0.024748
700000.0003	0.0188174
700000.0003	0.0134819
700000.0003	0.00189554
700000.0003	-0.00544582
700000.0003	0.00828965
700000.0003	-0.0208521
700000.0003	-0.0189475
700000.0003	0.00644171
700000.0003	-0.0148518
700000.0003	0.0180828
700000.0003	-0.0333158
700000.0003	-0.0209176
700000.0003	0.0122528
700000.0003	0.0529587
700000.0003	-0.0379444
700000.0003	-0.0239228
700000.0003	0.0193061
700000.0003	0.0018013
700000.0003	-0.00349772
700000.0003	-0.00388848
700000.0003	0.0258874
700000.0003	0.00546079
700000.0003	-0.0179877
700000.0003	-0.00800596
700000.0003	0.0491755
700000.0003	-0.00555239
700000.0003	-0.00276312
700000.0003	-0.00124702
700000.0003	0.0177484
700000.0003	0.0316826
700000.0003	0.019983
700000.0003	-0.00166886
700000.0003	0.00233445
700000.0003	-0.0223235
700000.0003	0.019867
700000.0003	-0.0359843
700000.0003	-0.0199441
700000.0003	-0.00653163
700000.0003	-0.0202929
700000.0003	-0.0146902
700000.0003	0.00685208
700000.0003	-0.0667597
700000.0003	-0.0465804
700000.0003	0.0272523
700000.0003	-0.00358497
700000.0003	-0.0284686
700000.0003	-0.0315782
700000.0003	0.00217905
700000.0003	0.0049572
700000.0003	0.00799011
700000.0003	-0.0120649
700000.0003	0.0185698
700000.0003	-0.0243822
700000.0003	-0.0117744
700000.0003	0.003075
700000.0003	0.050633
700000.0003	0.0185935
700000.0003	0.0160237
700000.0003	0.0178395
700000.0003	0.00258584
700000.0003	0.00627327
700000.0003	-0.0105948
700000.0003	-0.0207431
700000.0003	-0.0382302
700000.0003	0.00174625
700000.0003	-0.00589096
700000.0003	-0.0146817
700000.0003	0.00348153
700000.0003	-0.0278572
700000.0003	0.0125163
700000.0003	0.00631578
700000.0003	-0.0239248
700000.0003	-0.0163371
700000.0003	-0.028176
700000.0003	-0.0105159
700000.0003	-0.0472603
700000.0003	0.00460612
700000.0003	0.0177849
700000.0003	0.018548
700000.0003	0.00262863
700000.0003	0.00772445
700000.0003	-0.00160361
700000.0003	-0.0243817
700000.0003	-0.00819929
700000.0003	0.00102924
700000.0003	-0.00724768
700000.0003	-0.00128767
700000.0003	-0.0216164
700000.0003	-0.0399446
700000.0003	-0.00841117
700000.0003	-0.0209462
700000.0003	0.040709
700000.0003	-0.0130304
700000.0003	0.0256991
700000.0003	0.0241943
700000.0003	-0.0218264
700000.0003	-0.00651885
700000.0003	0.00771885
700000.0003	-0.0269465
700000.0003	-0.0532406
700000.0003	-0.0292801
700000.0003	-0.00449962
700000.0003	0.0299948
700000.0003	0.013249
700000.0003	-0.00154131
700000.0003	-0.0140016
700000.0003	-0.00134148
700000.0003	-0.0165218
700000.0003	0.00993617
700000.0003	-0.0167065
700000.0003	-0.0236214
700000.0003	-0.00539085
700000.0003	0.008208
700000.0003	0.0125979
700000.0003	0.0150161
700000.0003	0.00321582
700000.0003	-0.00521331
700000.0003	0.00245471
700000.0003	-0.00325624
700000.0003	0.0106348
700000.0003	-0.00602626
700000.0003	-0.0291967
700000.0003	0.000534122
700000.0003	-0.0469925
700000.0003	0.00360655
700000.0003	-0.0249099
700000.0003	-0.0023902
700000.0003	-0.000756415
700000.0003	-0.00018094
700000.0003	0.0314876
700000.0003	-0.0102929
700000.0003	-0.000803356
700000.0003	0.0283113
700000.0003	0.0142752
700000.0003	-0.00843722
700000.0003	0.0317478
700000.0003	-0.0229057
700000.0003	-0.0324721
700000.0003	-0.0083551
700000.0003	-0.00652739
700000.0003	0.0262029
700000.0003	0.00219687
700000.0003	0.00836004
700000.0003	-0.00203401
700000.0003	-0.00523163
700000.0003	0.0221716
700000.0003	-0.00123274
700000.0003	-0.000702363
700000.0003	-0.0072615
700000.0003	0.00173423
700000.0003	0.0106181
700000.0003	-0.0214671
700000.0003	-0.0055475
700000.0003	0.0162944
700000.0003	-0.00965227
700000.0003	0.00296659
700000.0003	-0.000826389
700000.0003	0.00900017
700000.0003	0.0180857
700000.0003	0.00657423
700000.0003	0.0142082
700000.0003	-0.0116178
700000.0003	-0.0126679
700000.0003	0.0044979
700000.0003	0.00609763
700000.0003	0.0132025
700000.0003	-0.0218283
700000.0003	-0.00699495
700000.0003	-0.000265585
700000.0003	-0.000466341
700000.0003	0.00429206
700000.0003	-0.023126
700000.0003	0.00285839
700000.0003	-0.0140332
700000.0003	0.000729391
700000.0003	-0.00188181
700000.0003	-0.00300226
700000.0003	-0.00494399
700000.0003	0.0026348
700000.0003	-0.0096972
700000.0003	-0.0093829
700000.0003	-0.00561382
700000.0003	0.00637756
700000.0003	-0.00674851
700000.0003	-0.00657051
700000.0003	0.00467911
700000.0003	-0.00254483
700000.0003	-0.00103642
700000.0003	-0.000924363
700000.0003	0.00236635
700000.0003	0.00432341
700000.0003	-0.00771142
700000.0003	0.00546417
700000.0003	0.00731244
700000.0003	0.00253214
700000.0003	0.00527841
700000.0003	0.00190252
700000.0003	0.00704648
700000.0003	-0.000172223
700000.0003	-0.00655641
700000.0003	0.00682504
700000.0003	0.00181884
700000.0003	-0.00403987
700000.0003	-0.00536394
700000.0003	0.00126613
700000.0003	0.00248793
700000.0003	-0.00160286
700000.0003	0.00234195
700000.0003	0.0019659
700000.0003	0.0045933
700000.0003	-0.000328164
700000.0003	0.0023861
700000.0003	0.00176811
700000.0003	-0.000377115
700000.0003	-0.00103038
700000.0003	-0.00171434
700000.0003	0.00128554
700000.0003	-0.000325534
700000.0003	-0.00143172
700000.0003	0.000850965
700000.0003	0.000318597
700000.0003	0.00150371
700000.0003	-0.00120588
700000.0003	0.00124969
700000.0003	0.00176992
700000.0003	-0.00144032
700000.0003	0.000341459
700000.0003	-0.000679428
700000.0003	-0.000452175
700000.0003	8.61122e-05
700000.0003	-0.000501362
700000.0003	0.000226172
700000.0003	0.000168896
700000.0003	0.000116464
700000.0003	0.000591895
700000.0003	-0.000204527
700000.0003	-2.82941e-05
700000.0003	-7.35988e-05
700000.0003	6.50758e-05
700000.0003	-9.23779e-05
700000.0003	5.32825e-05
700000.0003	8.83802e-05
700000.0003	0.000115705
700000.0003	0.000276945
700000.0003	2.12412e-05
700000.0003	-1.49741e-05
700000.0003	-0.00012521
700000.0003	-5.09351e-05
700000.0003	-4.80973e-05
700000.0003	9.56753e-05
700000.0003	-4.69385e-05
700000.0003	8.18645e-05
700000.0003	4.4531e-05
700000.0003	0.000127269
700000.0003	4.3653e-05
700000.0003	1.65302e-05
700000.0003	-4.22539e-05
700000.0003	4.99088e-06
700000.0003	1.05581e-05
700000.0003	-5.23636e-05
700000.0003	-6.66081e-06
700000.0003	4.74768e-05
700000.0003	2.65677e-06
700000.0003	-1.09076e-05
700000.0003	-7.95934e-06
700000.0003	1.05809e-05
700000.0003	-3.82351e-06
700000.0003	-2.89536e-05
700000.0003	-1.58847e-05
700000.0003	-2.40664e-05
700000.0003	1.92062e-05
700000.0003	-1.0405e-05
700000.0003	3.58796e-05
700000.0003	1.63766e-05
700000.0003	2.10995e-06
700000.0003	-5.03829e-05
700000.0003	4.76487e-05
700000.0003	-2.27844e-06
700000.0003	1.33344e-05
700000.0003	3.39765e-05
700000.0003	-1.82244e-05
700000.0003	-2.97349e-05
700000.0003	-2.02991e-05
700000.0003	1.91862e-05
700000.0003	1.72848e-05
700000.0003	-4.01019e-05
700000.0003	8.21648e-05
700000.0003	-3.06449e-05
700000.0003	-3.27233e-05
700000.0003	-4.35087e-06
700000.0003	1.22519e-05
700000.0003	2.72131e-05
700000.0003	-1.91608e-05
700000.0003	-3.80279e-06
700000.0003	2.27379e-05
700000.0003	1.94047e-05
700000.0003	3.37597e-06
700000.0003	-5.10726e-05
700000.0003	3.61621e-05
700000.0003	-1.94607e-05
700000.0003	-6.07991e-05
700000.0003	2.54128e-05
700000.0003	-9.18905e-06
700000.0003	1.25016e-05
700000.0003	-1.36409e-05
700000.0003	-6.31614e-06
700000.0003	2.13569e-05
700000.0003	-2.56566e-05
700000.0003	-3.29704e-05
700000.0003	2.53369e-05
700000.0003	-6.14684e-06
700000.0003	1.5708e-05
700000.0003	2.29073e-05
700000.0003	6.10989e-06
700000.0003	9.05245e-06
700000.0003	2.96429e-07
700000.0003	-1.38606e-05
700000.0003	4.05037e-05
700000.0003	-1.34973e-06
700000.0003	-5.07007e-05
700000.0003	-3.19062e-05
700000.0003	2.80905e-05
700000.0003	8.34379e-06
700000.0003	2.25339e-05
700000.0003	-3.49393e-05
700000.0003	-3.7298e-05
700000.0003	4.46639e-05
700000.0003	2.64363e-05
700000.0003	-5.9609e-05
700000.0003	-5.58441e-05
700000.0003	1.90633e-05
700000.0003	7.61496e-06
700000.0003	4.12118e-05
700000.0003	-2.79202e-05
700000.0003	-2.76468e-06
700000.0003	-5.6278e-05
700000.0003	4.18055e-05
700000.0003	0.000117244
700000.0003	-2.33144e-05
700000.0003	6.67564e-06
700000.0003	7.4039e-06
700000.0003	2.97743e-05
700000.0003	0.000108957
700000.0003	4.35896e-05
700000.0003	-0.000217956
700000.0003	-3.15984e-05
700000.0003	-3.51205e-05
700000.0003	-8.51987e-05
700000.0003	3.02304e-06
700000.0003	3.57227e-05
700000.0003	0.000218792
700000.0003	1.7802e-05
700000.0003	0.000160172
700000.0003	-3.03036e-05
700000.0003	6.49666e-05
700000.0003	0.00045865
700000.0003	0.000206581
700000.0003	-4.52034e-05
700000.0003	-0.000244538
700000.0003	-0.000665431
700000.0003	-0.000287217
700000.0003	-0.000758139
700000.0003	0.000382079
700000.0003	-0.000912295
700000.0003	0.000612313
700000.0003	-6.04671e-05
700000.0003	-0.0023689
700000.0003	-0.000177777
700000.0003	0.00300882
700000.0003	-0.00651699
700000.0003	0.00700391
700000.0003	-0.00312182
700000.0003	0.00421013
700000.0003	-0.00369082
700000.0003	0.00729034
700000.0003	-0.00848612
700000.0003	0.00856363
700000.0003	-0.00708254
700000.0003	-0.00347442
700000.0003	-0.00460584
700000.0003	-0.0080672
700000.0003	0.00542972
700000.0003	-0.00892159
700000.0003	0.0123631
700000.0003	-0.00271507
700000.0003	0.00742489
700000.0003	0.00915917
700000.0003	0.0242804
700000.0003	0.0315841
700000.0003	0.0229401
700000.0003	0.000845762
700000.0003	-0.0591261
700000.0003	0.0212835
700000.0003	-0.0177566
700000.0003	0.0210069
700000.0003	0.02121
700000.0003	0.035211
700000.0003	-0.0154809
700000.0003	-0.0461822
700000.0003	0.000413119
700000.0003	0.0181515
700000.0003	0.00148082
700000.0003	0.00997902
700000.0003	0.0044295
700000.0003	0.013096
700000.0003	-0.0225177
700000.0003	-0.0122415
700000.0003	0.0128759
700000.0003	-0.00434387
700000.0003	0.0214283
700000.0003	-0.0134629
700000.0003	-0.0212601
700000.0003	0.00945699
700000.0003	0.0469461
700000.0003	-0.0369624
700000.0003	-0.0171838
700000.0003	0.0158334
700000.0003	-0.00647362
700000.0003	-0.00558275
700000.0003	0.014976
700000.0003	0.0234147
700000.0003	0.0178243
700000.0003	-0.00159993
700000.0003	-0.00584071
700000.0003	0.0547152
700000.0003	0.0115868
700000.0003	0.00476026
700000.0003	0.00638446
700000.0003	0.00906339
700000.0003	0.0140395
700000.0003	0.018525
700000.0003	-0.0100341
700000.0003	0.00111834
700000.0003	-0.0175973
700000.0003	0.0375598
700000.0003	-0.0196307
700000.0003	-0.0214269
700000.0003	-0.0147936
700000.0003	-0.034223
700000.0003	-0.00610011
700000.0003	0.0161445
700000.0003	-0.0568362
700000.0003	-0.0271214
700000.0003	0.0387469
700000.0003	-0.00291708
700000.0003	-0.0301705
700000.0003	-0.0213832
700000.0003	-0.0139064
700000.0003	0.0227024
700000.0003	0.0220024
700000.0003	-0.0207269
700000.0003	0.0244459
700000.0003	-0.030641
700000.0003	-0.0154334
700000.0003	-0.00861983
700000.0003	0.0475733
700000.0003	0.0190639
700000.0003	0.0190236
700000.0003	0.0090374
700000.0003	0.000994006
700000.0003	0.00417605
700000.0003	-0.0193302
700000.0003	-0.0236847
700000.0003	-0.0394964
700000.0003	0.0122407
700000.0003	-8.34312e-05
700000.0003	-0.017286
700000.0003	0.00683558
700000.0003	-0.0262078
700000.0003	0.0211847
700000.0003	0.0120026
700000.0003	-0.0163787
700000.0003	-0.0103692
700000.0003	-0.0204109
700000.0003	0.0040641
700000.0003	-0.0460977
700000.0003	-0.00612986
700000.0003	0.0172311
700000.0003	0.015171
700000.0003	0.00915404
700000.0003	0.0166224
700000.0003	-0.00878808
700000.0003	-0.0233616
700000.0003	-0.0273928
700000.0003	-0.0143605
700000.0003	-0.00251585
700000.0003	-0.00566296
700000.0003	-0.0239829
700000.0003	-0.0311713
700000.0003	-0.0012426
700000.0003	-0.00892333
700000.0003	0.034585
700000.0003	-0.0265421
700000.0003	0.0265432
700000.0003	0.031628
700000.0003	-0.0248007
700000.0003	-0.0140878
700000.0003	-0.00435443
700000.0003	-0.0318598
700000.0003	-0.0448801
700000.0003	-0.0203747
700000.0003	0.0020581
700000.0003	0.0259911
700000.0003	0.00908023
700000.0003	-0.00590058
700000.0003	0.00720355
700000.0003	0.0120843
700000.0003	-0.0157886
700000.0003	0.0103646
700000.0003	-0.0191666
700000.0003	-0.0134975
700000.0003	-0.0159383
700000.0003	-0.00266109
700000.0003	0.00674017
700000.0003	0.00420807
700000.0003	0.0107658
700000.0003	-0.00583586
700000.0003	0.016154
700000.0003	0.00892995
700000.0003	0.00447406
700000.0003	-0.00818442
700000.0003	-0.0216247
700000.0003	0.00380239
700000.0003	-0.0447382
700000.0003	0.0111441
700000.0003	-0.0227584
700000.0003	-0.00697977
700000.0003	-0.000420731
700000.0003	-0.00555019
700000.0003	0.0211618
700000.0003	-0.00610318
700000.0003	0.0043603
700000.0003	0.0397503
700000.0003	0.00355745
700000.0003	-0.00418937
700000.0003	0.0376915
700000.0003	-0.0105408
700000.0003	-0.0310468
700000.0003	-0.00643643
700000.0003	0.00449015
700000.0003	0.0230482
700000.0003	0.00181095
700000.0003	-0.00176799
700000.0003	0.00717397
700000.0003	-0.0047379
700000.0003	0.0259812
700000.0003	0.00912161
700000.0003	0.00126876
700000.0003	-0.00499528
700000.0003	-0.0159984
700000.0003	0.0111433
700000.0003	-0.0262012
700000.0003	0.00358235
700000.0003	0.021184
700000.0003	-0.0160221
700000.0003	-0.00141881
700000.0003	-0.00488337
700000.0003	-0.00272762
700000.0003	0.0163777
700000.0003	0.0153094
700000.0003	0.0142747
700000.0003	0.00469829
700000.0003	-0.0138658
700000.0003	0.0111716
700000.0003	0.0173254
700000.0003	0.0123059
700000.0003	-0.0151415
700000.0003	-0.00608692
700000.0003	-0.00537491
700000.0003	-0.00114844
700000.0003	0.00389261
700000.0003	-0.0172512
700000.0003	-0.00102912
700000.0003	-0.00784403
700000.0003	0.00147377
700000.0003	-0.00260992
700000.0003	-0.00699324
700000.0003	0.00343952
700000.0003	0.0123689
700000.0003	-0.00735388
700000.0003	-0.0109052
700000.0003	-0.00130206
700000.0003	-0.00440331
700000.0003	-0.0116915
700000.0003	7.52628e-05
700000.0003	0.000474267
700000.0003	-0.00539736
700000.0003	-0.00387161
700000.0003	0.00170703
700000.0003	-0.000205419
700000.0003	-0.000816587
700000.0003	-0.00065459
700000.0003	0.00139939
700000.0003	0.0110633
700000.0003	0.00460124
700000.0003	0.00261724
700000.0003	0.00172785
700000.0003	0.00216049
700000.0003	-0.000590546
700000.0003	-0.00130307
700000.0003	0.00584603
700000.0003	-2.95337e-06
700000.0003	0.0020433
700000.0003	-0.00370771
700000.0003	0.00404233
700000.0003	0.000476371
700000.0003	-0.00692733
700000.0003	0.00510468
700000.0003	-0.00742927
700000.0003	-0.00269378
700000.0003	-0.00196609
700000.0003	0.00113454
700000.0003	-0.00181828
700000.0003	-0.000458982
700000.0003	0.000186711
700000.0003	-0.00077345
700000.0003	-0.000665569
700000.0003	-0.000819087
700000.0003	0.00118786
700000.0003	-0.00229147
700000.0003	0.000560639
700000.0003	0.00054875
700000.0003	-0.0013844
700000.0003	-0.000552564
700000.0003	0.00141101
700000.0003	0.00145099
700000.0003	-6.92078e-05
700000.0003	9.59195e-05
700000.0003	0.000287433
700000.0003	0.00020497
700000.0003	0.000243186
700000.0003	0.00053201
700000.0003	0.000206748
700000.0003	-0.000166996
700000.0003	-0.000315101
700000.0003	-6.94618e-05
700000.0003	-0.00014943
700000.0003	0.000155273
700000.0003	-4.7601e-05
700000.0003	-8.12698e-06
700000.0003	5.97278e-05
700000.0003	-0.000139416
700000.0003	-8.33234e-05
700000.0003	-2.28729e-05
700000.0003	9.04043e-05
700000.0003	1.98861e-05
700000.0003	-6.64614e-06
700000.0003	0.000122846
700000.0003	-4.92945e-05
700000.0003	-1.12549e-05
700000.0003	0.000113163
700000.0003	-1.30885e-05
700000.0003	-5.38443e-05
700000.0003	3.26325e-06
700000.0003	5.18711e-06
700000.0003	-5.10401e-05
700000.0003	-4.52495e-06
700000.0003	4.74816e-06
700000.0003	-6.7819e-05
700000.0003	1.66282e-05
700000.0003	5.99416e-06
700000.0003	-1.55839e-05
700000.0003	3.0571e-05
700000.0003	5.35558e-06
700000.0003	-4.4025e-05
700000.0003	-7.93962e-05
700000.0003	2.60997e-05
700000.0003	8.01796e-07
700000.0003	1.41955e-05
700000.0003	-1.20368e-05
700000.0003	-1.80554e-06
700000.0003	5.14407e-05
700000.0003	-4.33518e-05
700000.0003	-2.39464e-05
700000.0003	3.96132e-05
700000.0003	-1.9499e-05
700000.0003	-4.24359e-05
700000.0003	4.19713e-05
700000.0003	-5.42528e-05
700000.0003	2.2676e-05
700000.0003	-2.92162e-05
700000.0003	7.00618e-06
700000.0003	-1.90102e-05
700000.0003	9.93916e-06
700000.0003	-2.1317e-05
700000.0003	2.02019e-05
700000.0003	3.15668e-05
700000.0003	5.10019e-05
700000.0003	1.83007e-05
700000.0003	-3.31976e-05
700000.0003	1.51945e-05
700000.0003	-7.44193e-05
700000.0003	7.17074e-07
700000.0003	-2.06156e-05
700000.0003	-2.01873e-05
700000.0003	-5.87085e-05
700000.0003	7.97787e-05
700000.0003	1.27691e-05
700000.0003	-2.91277e-05
700000.0003	-6.25188e-05
700000.0003	3.74145e-05
700000.0003	2.01669e-05
700000.0003	8.46957e-06
700000.0003	4.05633e-05
700000.0003	-5.99432e-06
700000.0003	-4.39505e-05
700000.0003	9.47635e-06
700000.0003	1.34435e-05
700000.0003	-5.58977e-05
700000.0003	-1.89661e-05
700000.0003	4.70146e-05
700000.0003	3.29904e-05
700000.0003	-1.32728e-05
700000.0003	-5.55005e-05
700000.0003	-1.19358e-05
700000.0003	-7.2152e-05
700000.0003	5.20035e-05
700000.0003	-5.51159e-05
700000.0003	-5.48369e-05
700000.0003	-7.93739e-05
700000.0003	2.87349e-05
700000.0003	4.62758e-05
700000.0003	-0.000137052
700000.0003	-3.31003e-05
700000.0003	3.05586e-05
700000.0003	-8.03746e-06
700000.0003	-3.85831e-05
700000.0003	-8.06167e-05
700000.0003	-0.000144343
700000.0003	2.16302e-05
700000.0003	6.69875e-05
700000.0003	-4.8932e-05
700000.0003	1.72344e-05
700000.0003	-1.31249e-05
700000.0003	1.06925e-05
700000.0003	9.54558e-05
700000.0003	-5.26539e-05
700000.0003	-0.000131187
700000.0003	-5.32103e-05
700000.0003	-6.57272e-05
700000.0003	0.000166769
700000.0003	0.000167815
700000.0003	-0.000108959
700000.0003	5.46442e-05
700000.0003	0.000134303
700000.0003	0.000229508
700000.0003	4.44424e-05
700000.0003	-8.70637e-05
700000.0003	0.000156637
700000.0003	0.00016978
700000.0003	4.83191e-06
700000.0003	3.30762e-05
700000.0003	0.000152891
700000.0003	-0.000245045
700000.0003	8.74368e-05
700000.0003	0.0183682
700000.0003	0.0241589
700000.0003	0.0368786
700000.0003	0.0604411
700000.0003	0.100913
700000.0003	0.166644
700000.0003	0.265903
700000.0003	0.409009
700000.0003	0.603733
700000.0003	0.873823
700000.0003	1.25215
700000.0003	1.76491
700000.0003	2.44483
700000.0003	3.35794
700000.0003	4.46696
700000.0003	5.83739
700000.0003	7.43388
700000.0003	9.25936
700000.0003	11.255
700000.0003	13.3688
700000.0003	15.2986
700000.0003	16.9249
700000.0003	18.2366
700000.0003	19.0178
700000.0003	19.5477
700000.0003	19.7373
700000.0003	19.6305
700000.0003	19.518
700000.0003	19.3374
700000.0003	18.9672
700000.0003	18.7064
700000.0003	18.4962
700000.0003	18.3264
700000.0003	17.9725
700000.0003	17.6664
700000.0003	17.3855
700000.0003	17.1979
700000.0003	16.9984
700000.0003	16.6773
700000.0003	16.3221
700000.0003	15.9898
700000.0003	15.6487
700000.0003	15.3665
700000.0003	15.0542
700000.0003	14.9038
700000.0003	14.6437
700000.0003	14.4602
700000.0003	14.3557
700000.0003	14.0559
700000.0003	13.8851
700000.0003	13.7411
700000.0003	13.5919
700000.0003	13.4494
700000.0003	13.358
700000.0003	13.2439
700000.0003	12.9633
700000.0003	12.9248
700000.0003	12.8509
700000.0003	12.7625
700000.0003	12.7129
700000.0003	12.559
700000.0003	12.4699
700000.0003	12.4477
700000.0003	12.3981
700000.0003	12.262
700000.0003	12.2182
700000.0003	12.0978
700000.0003	12.0934
700000.0003	11.8773
700000.0003	11.8817
700000.0003	11.8731
700000.0003	11.7654
700000.0003	11.7661
700000.0003	11.7951
700000.0003	11.6824
700000.0003	11.5847
700000.0003	11.5879
700000.0003	11.5187
700000.0003	11.4509
700000.0003	11.4196
700000.0003	11.4142
700000.0003	11.3799
700000.0003	11.3666
700000.0003	11.3435
700000.0003	11.2572
700000.0003	11.1921
700000.0003	11.1747
700000.0003	11.2042
700000.0003	11.1174
700000.0003	11.06
700000.0003	11.107
700000.0003	11.1428
700000.0003	11.0369
700000.0003	11.0319
700000.0003	11.0373
700000.0003	11.0469
700000.0003	10.942
700000.0003	10.9711
700000.0003	10.911
700000.0003	10.9024
700000.0003	10.8785
700000.0003	10.902
700000.0003	10.8877
700000.0003	10.8416
700000.0003	10.8418
700000.0003	10.8395
700000.0003	10.8627
700000.0003	10.7867
700000.0003	10.8309
700000.0003	10.8033
700000.0003	10.7772
700000.0003	10.7766
700000.0003	10.8273
700000.0003	10.6919
700000.0003	10.7561
700000.0003	10.7388
700000.0003	10.7014
700000.0003	10.6854
700000.0003	10.714
700000.0003	10.7299
700000.0003	10.6276
700000.0003	10.6433
700000.0003	10.6443
700000.0003	10.6101
700000.0003	10.6671
700000.0003	10.6572
700000.0003	10.6705
700000.0003	10.7016
700000.0003	10.6962
700000.0003	10.6876
700000.0003	10.7329
700000.0003	10.6666
700000.0003	10.6558
700000.0003	10.6538
700000.0003	10.7028
700000.0003	10.6942
700000.0003	10.6717
700000.0003	10.7363
700000.0003	10.617
700000.0003	10.6361
700000.0003	10.6425
700000.0003	10.609
700000.0003	10.5888
700000.0003	10.657
700000.0003	10.5064
700000.0003	10.5821
700000.0003	10.6338
700000.0003	10.6276
700000.0003	10.6098
700000.0003	10.4772
700000.0003	10.5511
700000.0003	10.4946
700000.0003	10.5264
700000.0003	10.3782
700000.0003	10.4774
700000.0003	10.4253
700000.0003	10.3333
700000.0003	10.294
700000.0003	10.3321
700000.0003	10.1583
700000.0003	10.1832
700000.0003	10.126
700000.0003	10.1497
700000.0003	10.095
700000.0003	10.0515
700000.0003	10.0082
700000.0003	9.96348
700000.0003	9.85554
700000.0003	9.80452
700000.0003	9.76803
700000.0003	9.73171
700000.0003	9.66592
700000.0003	9.58782
700000.0003	9.59857
700000.0003	9.49211
700000.0003	9.40805
700000.0003	9.33507
700000.0003	9.34655
700000.0003	9.24637
700000.0003	9.24124
700000.0003	9.08762
700000.0003	9.05456
700000.0003	9.01856
700000.0003	8.9359
700000.0003	8.83946
700000.0003	8.83265
700000.0003	8.68919
700000.0003	8.57864
700000.0003	8.54852
700000.0003	8.45447
700000.0003	8.39828
700000.0003	8.3161
700000.0003	8.25823
700000.0003	8.17748
700000.0003	8.07877
700000.0003	7.98605
700000.0003	7.95506
700000.0003	7.84947
700000.0003	7.75835
700000.0003	7.68638
700000.0003	7.59639
700000.0003	7.52754
700000.0003	7.44136
700000.0003	7.3493
700000.0003	7.29648
700000.0003	7.21093
700000.0003	7.16095
700000.0003	7.05256
700000.0003	7.00208
700000.0003	6.93048
700000.0003	6.86092
700000.0003	6.74786
700000.0003	6.68071
700000.0003	6.61412
700000.0003	6.52436
700000.0003	6.46123
700000.0003	6.38576
700000.0003	6.31539
700000.0003	6.24586
700000.0003	6.1806
700000.0003	6.13241
700000.0003	6.09253
700000.0003	6.00679
700000.0003	5.94512
700000.0003	5.91517
700000.0003	5.8552
700000.0003	5.81508
700000.0003	5.76375
700000.0003	5.74695
700000.0003	5.69513
700000.0003	5.67235
700000.0003	5.63466
700000.0003	5.61177
700000.0003	5.55512
700000.0003	5.52445
700000.0003	5.50312
700000.0003	5.43602
700000.0003	5.40584
700000.0003	5.29655
700000.0003	5.22846
700000.0003	5.11268
700000.0003	4.97507
700000.0003	4.83691
700000.0003	4.66537
700000.0003	4.46711
700000.0003	4.2744
700000.0003	4.03128
700000.0003	3.78754
700000.0003	3.54521
700000.0003	3.28335
700000.0003	3.03009
700000.0003	2.79732
700000.0003	2.55684
700000.0003	2.34213
700000.0003	2.12093
700000.0003	1.92754
700000.0003	1.74813
700000.0003	1.58071
700000.0003	1.42017
700000.0003	1.28051
700000.0003	1.15302
700000.0003	1.03473
700000.0003	0.92049
700000.0003	0.824509
700000.0003	0.733601
700000.0003	0.651205
700000.0003	0.574624
700000.0003	0.506277
700000.0003	0.446034
700000.0003	0.388431
700000.0003	0.33924
700000.0003	0.294199
700000.0003	0.255322
700000.0003	0.218799
700000.0003	0.188407
700000.0003	0.160799
700000.0003	0.135896
700000.0003	0.116209
700000.0003	0.0983081
700000.0003	0.0817346
700000.0003	0.068848
700000.0003	0.0577494
700000.0003	0.048412
700000.0003	0.0401954
700000.0003	0.0338453
700000.0003	0.0278624
700000.0003	0.0239692
700000.0003	0.0202628
700000.0003	0.0170406
700000.0003	0.0145861
700000.0003	0.0126541
700000.0003	0.0108834
700000.0003	0.00952667
700000.0003	0.00833563
700000.0003	0.00746266
700000.0003	0.00674446
700000.0003	0.0061465
700000.0003	0.00585573
700000.0003	0.00546807
700000.0003	0.00524837
700000.0003	0.00513356
700000.0003	0.00507496
700000.0003	0.00496508
700000.0003	0.00483344
700000.0003	0.00479527
700000.0003	0.00466288
700000.0003	0.00465401
700000.0003	0.00453505
700000.0003	0.00454595
700000.0003	0.00450109
700000.0003	0.00445083
700000.0003	0.00441145
700000.0003	0.0043117
700000.0003	0.00434323
700000.0003	0.00430108
700000.0003	0.00430448
700000.0003	0.00428688
700000.0003	0.00425526
700000.0003	0.00421203
700000.0003	0.0041993
700000.0003	0.00420999
700000.0003	0.00416313
700000.0003	0.00419039
700000.0003	0.00417701
700000.0003	0.00411333
700000.0003	0.0041706
700000.0003	0.00411783
700000.0003	0.00412882
700000.0003	0.00409369
700000.0003	0.00412567
700000.0003	0.00409775
700000.0003	0.00413854
700000.0003	0.00412694
700000.0003	0.00412536
700000.0003	0.00409512
700000.0003	0.00409932
700000.0003	0.00407032
700000.0003	0.00410257
700000.0003	0.00413907
700000.0003	0.00415518
700000.0003	0.00414248
700000.0003	0.00407916
700000.0003	0.004083
700000.0003	0.00413638
700000.0003	0.00412254
700000.0003	0.00413126
700000.0003	0.00411277
700000.0003	0.00415089
700000.0003	0.00420174
700000.0003	0.00417189
700000.0003	0.0041783
700000.0003	0.00411128
700000.0003	0.00418706
700000.0003	0.00416828
700000.0003	0.00418909
700000.0003	0.00418051
700000.0003	0.00422982
700000.0003	0.00426104
700000.0003	0.00425364
700000.0003	0.00428036
700000.0003	0.00429302
700000.0003	0.00431097
700000.0003	0.00433646
700000.0003	0.00432279
700000.0003	0.00437766
700000.0003	0.00440333
700000.0003	0.00442094
700000.0003	0.00446631
700000.0003	0.00446422
700000.0003	0.00454754
700000.0003	0.00457221
700000.0003	0.0046539
700000.0003	0.00472033
700000.0003	0.00473482
700000.0003	0.004836
700000.0003	0.00485988
700000.0003	0.00498629
700000.0003	0.00502273
700000.0003	0.00515728
700000.0003	0.00523244
700000.0003	0.00542971
700000.0003	0.00558079
700000.0003	0.00562269
700000.0003	0.0058641
700000.0003	0.00606171
700000.0003	0.00629418
700000.0003	0.00653991
700000.0003	0.00683064
700000.0003	0.00738168
700000.0003	0.00762926
700000.0003	0.00831899
700000.0003	0.0086368
700000.0003	0.00911482
700000.0003	0.00990986
700000.0003	0.0106832
700000.0003	0.0117222
700000.0003	0.012834
700000.0003	0.0140805
700000.0003	0.0152896
700000.0003	0.0165044
