700000.0003	28.2616
700000.0003	99.967
700000.0003	200.726
700000.0003	346.817
700000.0003	534.694
700000.0003	774.168
700000.0003	1077.03
700000.0003	1426.15
700000.0003	1836.23
700000.0003	2285.18
700000.0003	2791.26
700000.0003	3309.31
700000.0003	3887.17
700000.0003	4444.9
700000.0003	5028.73
700000.0003	5528.57
700000.0003	6011.82
700000.0003	6390.77
700000.0003	6691.17
700000.0003	6891.42
700000.0003	7055.54
700000.0003	7100.35
700000.0003	7132.64
700000.0003	7048.28
700000.0003	6944.03
700000.0003	6800.6
700000.0003	6561.71
700000.0003	6368.55
700000.0003	6048.73
700000.0003	5746.61
700000.0003	5376.79
700000.0003	4950.14
700000.0003	4541.07
700000.0003	4072.16
700000.0003	3517.9
700000.0003	2970.36
700000.0003	2372.16
700000.0003	1727.42
700000.0003	1077.97
700000.0003	368.186
700000.0003	0
700000.0003	0
700000.0003	0
700000.0003	0
700000.0003	0
700000.0003	0
700000.0003	0
700000.0003	0
700000.0003	0
700000.0003	0
700000.0003	0
700000.0003	0
700000.0003	0
700000.0003	0
700000.0003	0
700000.0003	0
700000.0003	0
700000.0003	0
700000.0003	0
700000.0003	0
700000.0003	0
700000.0003	0
700000.0003	0
700000.0003	0
700000.0003	0
700000.0003	0
700000.0003	0
700000.0003	0
700000.0003	0
700000.0003	0
700000.0003	0
700000.0003	0
700000.0003	0
700000.0003	0
700000.0003	0
700000.0003	0
700000.0003	0
700000.0003	0
700000.0003	0
700000.0003	0
700000.0003	0
700000.0003	0
700000.0003	0
700000.0003	0
700000.0003	0
700000.0003	0
700000.0003	0
700000.0003	0
700000.0003	0
700000.0003	0
700000.0003	0
700000.0003	0
700000.0003	0
700000.0003	0
700000.0003	0
700000.0003	0
700000.0003	0
700000.0003	0
700000.0003	0
700000.0003	0
700000.0003	0
700000.0003	0
700000.0003	0
700000.0003	0
700000.0003	0
700000.0003	0
700000.0003	0
700000.0003	0
700000.0003	0
700000.0003	0
700000.0003	0
700000.0003	0
700000.0003	0
700000.0003	0
700000.0003	0
700000.0003	0
700000.0003	0
700000.0003	0
700000.0003	0
700000.0003	0
700000.0003	0
700000.0003	0
700000.0003	0
700000.0003	0
700000.0003	0
700000.0003	0
700000.0003	0
700000.0003	0
700000.0003	0
700000.0003	0
700000.0003	0
700000.0003	0
700000.0003	0
700000.0003	0
700000.0003	0
700000.0003	0
700000.0003	0
700000.0003	0
700000.0003	0
700000.0003	0
700000.0003	-23.5987
700000.0003	-70.3459
700000.0003	-117.378
700000.0003	-161.677
700000.0003	-206.721
700000.0003	-253.171
700000.0003	-295.794
700000.0003	-339.667
700000.0003	-381.31
700000.0003	-424.652
700000.0003	-468.009
700000.0003	-505.967
700000.0003	-545.521
700000.0003	-587.684
700000.0003	-630.883
700000.0003	-666.269
700000.0003	-700.291
700000.0003	-743.081
700000.0003	-777.675
700000.0003	-822.552
700000.0003	-854.383
700000.0003	-890.523
700000.0003	-917.607
700000.0003	-959.043
700000.0003	-985.669
700000.0003	-1016.67
700000.0003	-1062.63
700000.0003	-1082.05
700000.0003	-1113.94
700000.0003	-1148.38
700000.0003	-1176.27
700000.0003	-1204.93
700000.0003	-1239.5
700000.0003	-1259.8
700000.0003	-1298.44
700000.0003	-1325.37
700000.0003	-1348.89
700000.0003	-1372.42
700000.0003	-1405.14
700000.0003	-1409.74
700000.0003	-1451.63
700000.0003	-1472.1
700000.0003	-1487.84
700000.0003	-1520.64
700000.0003	-1530.66
700000.0003	-1558.7
700000.0003	-1592.31
700000.0003	-1595.66
700000.0003	-1617.22
700000.0003	-1634.36
700000.0003	-1673.31
700000.0003	-1665.83
700000.0003	-1698.43
700000.0003	-1705.56
700000.0003	-1722.49
700000.0003	-1746.64
700000.0003	-1748.6
700000.0003	-1773.16
700000.0003	-1789.11
700000.0003	-1781.54
700000.0003	-1810.22
700000.0003	-1815.32
700000.0003	-1822.49
700000.0003	-1841.11
700000.0003	-1854.95
700000.0003	-1873.82
700000.0003	-1871.52
700000.0003	-1887.51
700000.0003	-1899.4
700000.0003	-1894.35
700000.0003	-1880.25
700000.0003	-1908.37
700000.0003	-1911.12
700000.0003	-1915.77
700000.0003	-1919.94
700000.0003	-1920.22
700000.0003	-1927.7
700000.0003	-1930.93
700000.0003	-1919.91
700000.0003	-1926.7
700000.0003	-1920.12
700000.0003	-1925.7
700000.0003	-1921.96
700000.0003	-1927.11
700000.0003	-1919.4
700000.0003	-1918.76
700000.0003	-1917.1
700000.0003	-1905.27
700000.0003	-1907.73
700000.0003	-1896.2
700000.0003	-1888.48
700000.0003	-1874.01
700000.0003	-1868.53
700000.0003	-1860
700000.0003	-1850.59
700000.0003	-1832.07
700000.0003	-1820.78
700000.0003	-1808.44
700000.0003	-1784.82
700000.0003	-1768.42
700000.0003	-1744.28
700000.0003	-1713.38
700000.0003	-1688.63
700000.0003	-1657.19
700000.0003	-1624.35
700000.0003	-1586.46
700000.0003	-1540.07
700000.0003	-1498.72
700000.0003	-1452.89
700000.0003	-1397.45
700000.0003	-1343.04
700000.0003	-1283.97
700000.0003	-1224.45
700000.0003	-1163.81
700000.0003	-1100.04
700000.0003	-1033.27
700000.0003	-976.436
700000.0003	-910.3
700000.0003	-850.578
700000.0003	-784.193
700000.0003	-727.322
700000.0003	-669.431
700000.0003	-615.087
700000.0003	-562.425
700000.0003	-514.605
700000.0003	-464.936
700000.0003	-419.681
700000.0003	-375.464
700000.0003	-337.509
700000.0003	-298.652
700000.0003	-264.515
700000.0003	-234.842
700000.0003	-203.481
700000.0003	-178.715
700000.0003	-155.433
700000.0003	-134.394
700000.0003	-115.826
700000.0003	-99.6608
700000.0003	-85.5549
700000.0003	-72.3776
700000.0003	-61.553
700000.0003	-52.0725
700000.0003	-43.8814
700000.0003	-36.9903
700000.0003	-31.4356
700000.0003	-26.6109
700000.0003	-22.4618
700000.0003	-18.7815
700000.0003	-15.6082
700000.0003	-13.275
700000.0003	-10.8391
700000.0003	-9.01745
700000.0003	-7.47124
700000.0003	-6.00037
700000.0003	-4.79654
700000.0003	-3.79684
700000.0003	-2.78655
700000.0003	-1.91645
700000.0003	-1.11483
700000.0003	-0.361052
700000.0003	0
700000.0003	0
700000.0003	0
700000.0003	0
700000.0003	0
700000.0003	0
700000.0003	0
700000.0003	0
700000.0003	0
700000.0003	0
700000.0003	0
700000.0003	0
700000.0003	0
700000.0003	0
700000.0003	0
700000.0003	0
700000.0003	0
700000.0003	0
700000.0003	0
700000.0003	0
700000.0003	0
700000.0003	0
700000.0003	0
700000.0003	0
700000.0003	0
700000.0003	0
700000.0003	0
700000.0003	0
700000.0003	0
700000.0003	0
700000.0003	0
700000.0003	0
700000.0003	0
700000.0003	0
700000.0003	0
700000.0003	0
700000.0003	0
700000.0003	0
700000.0003	0
700000.0003	0
700000.0003	0
700000.0003	0
700000.0003	0
700000.0003	0
700000.0003	0
700000.0003	0
700000.0003	0
700000.0003	0
700000.0003	0
700000.0003	0
700000.0003	0
700000.0003	0
700000.0003	0
700000.0003	0
700000.0003	0
700000.0003	0
700000.0003	0
700000.0003	0
700000.0003	0
700000.0003	0
700000.0003	0
700000.0003	0
700000.0003	0
700000.0003	0
700000.0003	0
700000.0003	0
700000.0003	0
700000.0003	0
700000.0003	0
700000.0003	0
700000.0003	0
700000.0003	0
700000.0003	0
700000.0003	0
700000.0003	0
700000.0003	0
700000.0003	0
700000.0003	0
700000.0003	0
700000.0003	0
700000.0003	0
700000.0003	0
700000.0003	0
700000.0003	0
700000.0003	0
700000.0003	0
700000.0003	0
700000.0003	0
700000.0003	0
700000.0003	0
700000.0003	0
700000.0003	0
700000.0003	0
700000.0003	0
700000.0003	0
700000.0003	0
700000.0003	0
700000.0003	0
700000.0003	0
700000.0003	0
700000.0003	-0.290265
700000.0003	0.877614
700000.0003	-0.476799
700000.0003	1.78346
700000.0003	0.991827
700000.0003	0.46909
700000.0003	0.812201
700000.0003	-6.80524
700000.0003	-2.23653
700000.0003	-3.01849
700000.0003	-2.88506
700000.0003	16.652
700000.0003	-3.90781
700000.0003	7.49344
700000.0003	-7.33879
700000.0003	24.0352
700000.0003	8.01797
700000.0003	-5.93166
700000.0003	2.11339
700000.0003	2.99998
700000.0003	-15.4341
700000.0003	11.4553
700000.0003	20.5927
700000.0003	-1.33116
700000.0003	-1.01197
700000.0003	7.99172
700000.0003	-3.39013
700000.0003	-6.85188
700000.0003	-23.1303
700000.0003	-28.5672
700000.0003	11.8507
700000.0003	-13.3323
700000.0003	-15.3642
700000.0003	-12.1983
700000.0003	2.77927
700000.0003	-2.7305
700000.0003	5.2795
700000.0003	-4.2493
700000.0003	-0.800251
700000.0003	1.43201
700000.0003	0
700000.0003	0
700000.0003	0
700000.0003	0
700000.0003	0
700000.0003	0
700000.0003	0
700000.0003	0
700000.0003	0
700000.0003	0
700000.0003	0
700000.0003	0
700000.0003	0
700000.0003	0
700000.0003	0
700000.0003	0
700000.0003	0
700000.0003	0
700000.0003	0
700000.0003	0
700000.0003	0
700000.0003	0
700000.0003	0
700000.0003	0
700000.0003	0
700000.0003	0
700000.0003	0
700000.0003	0
700000.0003	0
700000.0003	0
700000.0003	0
700000.0003	0
700000.0003	0
700000.0003	0
700000.0003	0
700000.0003	0
700000.0003	0
700000.0003	0
700000.0003	0
700000.0003	0
700000.0003	0
700000.0003	0
700000.0003	0
700000.0003	0
700000.0003	0
700000.0003	0
700000.0003	0
700000.0003	0
700000.0003	0
700000.0003	0
700000.0003	0
700000.0003	0
700000.0003	0
700000.0003	0
700000.0003	0
700000.0003	0
700000.0003	0
700000.0003	0
700000.0003	0
700000.0003	0
700000.0003	0
700000.0003	0
700000.0003	0
700000.0003	0
700000.0003	0
700000.0003	0
700000.0003	0
700000.0003	0
700000.0003	0
700000.0003	0
700000.0003	0
700000.0003	0
700000.0003	0
700000.0003	0
700000.0003	0
700000.0003	0
700000.0003	0
700000.0003	0
700000.0003	0
700000.0003	0
700000.0003	0
700000.0003	0
700000.0003	0
700000.0003	0
700000.0003	0
700000.0003	0
700000.0003	0
700000.0003	0
700000.0003	0
700000.0003	0
700000.0003	0
700000.0003	0
700000.0003	0
700000.0003	0
700000.0003	0
700000.0003	0
700000.0003	0
700000.0003	0
700000.0003	0
700000.0003	0
700000.0003	-0.0517913
700000.0003	-0.0815182
700000.0003	-0.191679
700000.0003	0.495234
700000.0003	0.602001
700000.0003	0.506401
700000.0003	0.214567
700000.0003	-0.00881664
700000.0003	0.286719
700000.0003	-1.01929
700000.0003	-1.95887
700000.0003	1.45078
700000.0003	1.3506
700000.0003	-1.48354
700000.0003	-2.57181
700000.0003	-1.53417
700000.0003	0.107512
700000.0003	-2.1692
700000.0003	-0.312996
700000.0003	-2.57426
700000.0003	-1.49194
700000.0003	-2.32923
700000.0003	3.33559
700000.0003	3.70165
700000.0003	2.85866
700000.0003	-5.59963
700000.0003	-0.0960102
700000.0003	4.18019
700000.0003	4.83794
700000.0003	-0.501632
700000.0003	2.61696
700000.0003	2.73654
700000.0003	-0.543951
700000.0003	0.461789
700000.0003	-1.01306
700000.0003	2.51375
700000.0003	2.8158
700000.0003	-1.2437
700000.0003	7.17763
700000.0003	-3.42829
700000.0003	3.34681
700000.0003	2.18797
700000.0003	-2.99174
700000.0003	8.73166
700000.0003	4.94774
700000.0003	0.896592
700000.0003	0.10406
700000.0003	-1.29408
700000.0003	-0.574778
700000.0003	6.44968
700000.0003	6.14467
700000.0003	0.590598
700000.0003	-3.90161
700000.0003	0.112686
700000.0003	-2.4223
700000.0003	1.0466
700000.0003	-4.34853
700000.0003	-3.20272
700000.0003	5.86804
700000.0003	5.15771
700000.0003	0.114245
700000.0003	7.46755
700000.0003	-1.13548
700000.0003	-1.343
700000.0003	1.0278
700000.0003	-0.038631
700000.0003	-6.93829
700000.0003	0.582414
700000.0003	2.57807
700000.0003	0.701478
700000.0003	0.324625
700000.0003	-0.614707
700000.0003	-8.00647
700000.0003	-0.539062
700000.0003	2.34805
700000.0003	-4.26969
700000.0003	0.0155908
700000.0003	-4.7487
700000.0003	4.03408
700000.0003	2.08229
700000.0003	0.182493
700000.0003	2.44527
700000.0003	0.377747
700000.0003	-1.09044
700000.0003	0.0192561
700000.0003	4.17686
700000.0003	5.78363
700000.0003	-2.49138
700000.0003	4.62385
700000.0003	0.465871
700000.0003	3.41842
700000.0003	-5.81282
700000.0003	-0.47905
700000.0003	-1.07882
700000.0003	1.22555
700000.0003	-2.96833
700000.0003	-5.6471
700000.0003	0.935961
700000.0003	0.363861
700000.0003	0.606143
700000.0003	0.727329
700000.0003	-3.80729
700000.0003	-2.8858
700000.0003	3.60559
700000.0003	-3.3172
700000.0003	-3.56581
700000.0003	-0.331126
700000.0003	-1.62764
700000.0003	0.98452
700000.0003	-0.123599
700000.0003	1.0114
700000.0003	1.25124
700000.0003	-0.653148
700000.0003	-4.39049
700000.0003	-2.11656
700000.0003	1.00302
700000.0003	-0.927347
700000.0003	0.760665
700000.0003	0.148964
700000.0003	-2.23947
700000.0003	-1.39955
700000.0003	-1.40267
700000.0003	-2.84215
700000.0003	0.762583
700000.0003	0.760911
700000.0003	0.821502
700000.0003	-1.50726
700000.0003	-0.640264
700000.0003	0.139196
700000.0003	0.117365
700000.0003	0.395048
700000.0003	-0.32643
700000.0003	-0.269336
700000.0003	-0.908813
700000.0003	-1.02754
700000.0003	-0.585996
700000.0003	-0.429469
700000.0003	-0.633913
700000.0003	-1.21342
700000.0003	0.674221
700000.0003	0.0321944
700000.0003	-0.215517
700000.0003	-0.087526
700000.0003	0.0459714
700000.0003	0.0930724
700000.0003	0.138212
700000.0003	0.124073
700000.0003	0.228447
700000.0003	0.0733155
700000.0003	-0.0346563
700000.0003	0.0572863
700000.0003	0.0551516
700000.0003	-0.0663351
700000.0003	-0.0186041
700000.0003	0.094709
700000.0003	0.049855
700000.0003	-0.0511942
700000.0003	0.0021229
700000.0003	-0.021122
700000.0003	-0.00124025
700000.0003	0
700000.0003	0
700000.0003	0
700000.0003	0
700000.0003	0
700000.0003	0
700000.0003	0
700000.0003	0
700000.0003	0
700000.0003	0
700000.0003	0
700000.0003	0
700000.0003	0
700000.0003	0
700000.0003	0
700000.0003	0
700000.0003	0
700000.0003	0
700000.0003	0
700000.0003	0
700000.0003	0
700000.0003	0
700000.0003	0
700000.0003	0
700000.0003	0
700000.0003	0
700000.0003	0
700000.0003	0
700000.0003	0
700000.0003	0
700000.0003	0
700000.0003	0
700000.0003	0
700000.0003	0
700000.0003	0
700000.0003	0
700000.0003	0
700000.0003	0
700000.0003	0
700000.0003	0
700000.0003	0
700000.0003	0
700000.0003	0
700000.0003	0
700000.0003	0
700000.0003	0
700000.0003	0
700000.0003	0
700000.0003	0
700000.0003	0
700000.0003	0
700000.0003	0
700000.0003	0
700000.0003	0
700000.0003	0
700000.0003	0
700000.0003	0
700000.0003	0
700000.0003	0
700000.0003	0
700000.0003	0
700000.0003	0
700000.0003	0
700000.0003	0
700000.0003	0
700000.0003	0
700000.0003	0
700000.0003	0
700000.0003	0
700000.0003	0
700000.0003	0
700000.0003	0
700000.0003	0
700000.0003	0
700000.0003	0
700000.0003	0
700000.0003	0
700000.0003	0
700000.0003	0
700000.0003	0
700000.0003	0
700000.0003	0
700000.0003	0
700000.0003	0
700000.0003	0
700000.0003	0
700000.0003	0
700000.0003	0
700000.0003	0
700000.0003	0
700000.0003	0
700000.0003	0
700000.0003	0
700000.0003	0
700000.0003	0
700000.0003	0
700000.0003	0
700000.0003	0
700000.0003	0
700000.0003	0
