700000.0003	2962.57	2961.1	2956	2958.96	2960.96	2960.54	2959.08	2960.74	2956.74	2960.11	2957.51	2958.3	2959.82	2961.11	2959.47
700000.0003	1536.01	1532.95	1532.31	1535.42	1533.61	1532.14	1534.1	1536.14	1532.27	1532.75	1530.16	1536.05	1533.58	1536.23	1536.69
700000.0003	194.187	194.221	194.494	194.32	194.358	193.587	195.014	193.896	193.378	195.193	193.168	193.623	193.461	193.362	194.103
700000.0003	32.2788	32.1586	32.8129	32.4424	32.0953	32.5513	32.748	31.943	32.1021	32.4741	31.9629	32.5866	31.9688	32.4077	31.8076
700000.0003	19.4419	19.4175	19.5132	18.9913	19.3252	19.5673	19.4132	19.2893	19.0287	19.1478	19.4215	19.1919	19.1188	19.2023	19.6709
700000.0003	16.5348	16.5901	16.8664	16.6097	16.7187	16.6235	16.4339	16.7734	16.8118	16.9184	16.8326	16.3435	16.8162	16.2534	16.7248
700000.0003	15.0764	15.2079	15.3336	15.3024	15.602	15.1841	15.5	15.5478	15.3114	14.8829	15.5032	15.0698	15.2253	15.2724	15.365
700000.0003	14.8443	14.2913	14.9496	14.709	14.4287	14.817	14.3418	14.4937	14.6028	14.2474	14.3809	14.6748	14.3021	14.4713	14.5455
700000.0003	14.0136	13.9119	14.4738	13.925	13.6848	14.1467	14.3701	14.2046	14.1144	13.8986	13.8949	14.0178	14.0771	13.8317	13.992
700000.0003	13.7596	13.4819	13.6936	13.9393	13.7523	13.8706	13.9104	13.6083	13.9564	13.8221	13.4023	13.4961	14.0297	13.6172	13.6001
700000.0003	13.0449	13.665	13.4035	13.9331	13.5962	13.4205	13.5211	13.6154	13.2531	13.4251	13.2205	13.2177	13.2805	13.4905	13.2656
700000.0003	13.0558	13.7923	13.2163	13.447	13.1313	13.479	13.6686	13.2113	13.8173	13.5065	13.0941	13.1826	13.3334	13.2616	13.5146
700000.0003	13.1981	13.6372	13.581	13.2274	13.1274	13.6492	13.3145	13.2651	13.1611	13.2238	13.5189	13.1498	13.2778	13.0953	13.7075
700000.0003	13.0186	13.3265	13.0641	13.3977	13.1567	13.2217	13.3318	13.5785	13.4402	13.6092	13.0809	13.5603	13.3194	13.2421	13.3964
700000.0003	13.3843	13.6571	13.4502	13.1997	13.3515	13.294	13.2381	13.5439	13.7504	13.6627	13.472	13.4894	13.0158	13.2947	13.2906
700000.0003	13.9657	13.9158	14.1731	14.0402	13.8505	13.8326	14.0909	14.0582	14.0844	14.0066	14.1401	13.9173	14.0206	13.5643	13.7184
700000.0003	15.1705	15.4076	15.1887	14.8008	15.5286	15.2493	15.4257	15.1481	14.8711	14.8258	15.2675	15.0709	15.1581	15.1224	15.2151
700000.0003	16.8182	17.3534	16.9296	17.0977	16.9112	17.1546	17.0038	17.1172	16.954	16.8032	16.9002	16.8396	17.2159	17.3263	17.0289
700000.0003	19.8269	19.4739	19.501	19.6061	19.2459	19.9886	19.9755	20.3436	19.8136	19.5692	19.8545	19.5571	19.8347	20.1199	19.9116
700000.0003	24.0035	24.067	24.0606	24.051	24.0877	24.2445	24.0713	23.8195	23.7769	23.9689	23.8126	24.0635	24.1679	23.8284	24.2313
700000.0003	30.8076	30.8513	30.0239	30.6051	30.8742	30.9305	30.3919	31.1941	30.8312	30.2917	30.9362	30.4969	30.7372	30.7508	30.8218
700000.0003	41.716	41.5941	41.8121	41.6722	41.8749	42.7122	42.476	42.1663	42.202	42.0736	42.1537	41.9646	42.1411	41.7903	42.8007
700000.0003	67.1648	67.6313	67.7661	67.3805	67.4764	67.6165	68.0439	67.2187	68.174	67.3464	66.997	66.8934	67.2605	68.2376	68.1157
700000.0003	155.618	154.848	155.476	154.858	156.295	155.503	155.725	155.138	155.818	157.106	156.2	155.972	154.965	155.357	154.24
700000.0003	514.87	514.787	515.867	516.204	515.529	515.58	516.293	515.385	516.559	518.295	517.74	517.107	516.436	516.66	514.459
700000.0003	1360.32	1358.96	1360.54	1362.01	1361.45	1361.02	1362.33	1362.33	1361.44	1364.73	1364.97	1362.46	1363.5	1363.4	1360.66
700000.0003	2199.04	2196.71	2200.61	2198.7	2199.43	2200.19	2202.84	2200.53	2203.05	2202.3	2205.25	2204.45	2202.82	2202.54	2202.54
700000.0003	2643	2639.56	2638.54	2640.67	2638.72	2641.84	2641.9	2643.72	2640.85	2644.49	2643.85	2645.48	2642.3	2641.12	2636.92
700000.0003	2785.35	2786.11	2789.54	2785.12	2788.47	2786.15	2789.1	2790.04	2789.85	2789.3	2788.17	2789.96	2790.17	2786.26	2786.26
700000.0003	2834.77	2835.52	2831.84	2834.47	2833.86	2834.76	2834.65	2837.97	2837.47	2837	2834.67	2835.41	2838.15	2833.44	2832.82
700000.0003	2864.86	2864.73	2862.73	2863.59	2865.27	2865.4	2863.78	2866.32	2866.56	2865.96	2864.83	2867.53	2865.36	2861.24	2862.52
700000.0003	2889.52	2892.12	2893.52	2891.64	2889.02	2892.67	2892.81	2894.8	2895.33	2892.94	2890.06	2891.3	2895.57	2893.28	2888.46
700000.0003	2920.85	2919.4	2918.82	2918.74	2919.62	2922.33	2918.41	2916.97	2920	2922.85	2920.45	2920.53	2916.17	2920.24	2917.39
700000.0003	2945.44	2949.18	2950.12	2944.8	2944.61	2948.14	2947.08	2947.73	2945.02	2949.26	2943.34	2946	2947.29	2948.66	2943.59
700000.0003	2971.68	2975.21	2975.24	2970.44	2971.7	2975.92	2975.27	2972.01	2973.65	2975.35	2974.76	2971.65	2973.86	2976.29	2972.06
700000.0003	3002.6	3001.21	2999.63	2998.35	3000.45	3001.97	3000.93	2999.39	2999.83	3001.83	3002.51	2999.61	2998.39	3000.19	3001.77
700000.0003	3028.57	3026.68	3026.86	3028.4	3025.95	3025.87	3026.62	3029.42	3027.83	3024.3	3025.92	3027.04	3028.88	3027.96	3026.21
700000.0003	3056.6	3053	3053.07	3050.5	3055.52	3052.42	3051.57	3054.07	3053.44	3051.14	3055.76	3056.59	3053.89	3050.06	3052.99
700000.0003	3080.3	3077.41	3078.15	3079.4	3078.02	3076.57	3078.11	3079.44	3079.66	3075.96	3078.31	3079.4	3078.67	3078.9	3079.63
700000.0003	3095.94	3097.41	3099.22	3098.44	3096.17	3095.63	3095.77	3098.93	3097.33	3095.22	3096.05	3096.3	3100.32	3099.1	3097.2
700000.0003	-0.76624	-0.136205	0.41921	0.517091	-0.709657	0.0960291	-1.1285	0.339895	-1.38048	-0.627901	0.854736	-0.197718	0.266227	-0.374193	0.573804
700000.0003	-0.207938	-0.359872	0.779193	-1.40462	0.176974	0.0437131	0.988006	0.269056	0.0144168	0.0629361	0.295108	0.0363331	-0.0657731	1.12143	0.486905
700000.0003	0.738519	-0.204617	-0.336902	0.0606931	-0.0653931	0.190743	-0.297459	-0.133624	0.295045	-0.0422097	0.126213	-0.551104	-0.342682	-0.212504	-0.146121
700000.0003	-0.00474971	0.304975	-0.0663816	-0.410633	-0.187217	0.100787	-0.0749681	0.0183292	-0.422102	-0.0617315	0.163088	0.17856	-0.0265254	0.0801623	-0.0364404
700000.0003	-0.0953304	0.154213	0.0828603	-0.0150061	-0.142259	-0.0884927	-0.0431275	-0.0223792	0.0964117	-0.153379	-0.0429096	0.096484	0.123891	-0.0380583	-0.0322562
700000.0003	-0.170619	0.101383	0.144064	-0.121738	-0.0247258	-0.055235	-0.118329	-0.00260369	0.00125173	-0.00131573	0.0980881	-0.0244646	0.0161081	0.0955347	-0.0759916
700000.0003	-0.0436049	0.0443335	0.208307	0.0280589	-0.122591	0.0628427	0.0553289	0.250092	0.135423	-0.16456	0.115271	0.074646	-0.0205526	0.192141	-0.162719
700000.0003	-0.0484188	0.0688909	0.0791985	0.0380715	-0.163849	-0.0376196	0.0151535	0.0473212	-0.0607752	0.0525519	-0.0783737	0.159636	-0.0126462	0.0671108	-0.00587529
700000.0003	0.198258	0.0105233	0.0398395	0.14066	0.138306	0.229605	0.101947	-0.107367	-0.0366145	-0.068147	-0.189156	-0.0560815	0.0309524	0.0206787	0.151728
700000.0003	0.0295356	-0.199704	0.0368973	-0.072663	-0.0739652	0.0406507	0.0971643	0.160298	0.04779	0.111539	-0.176945	-0.0251214	-0.0210522	0.329222	0.0237284
700000.0003	-0.127957	0.0463018	0.0227676	-0.131956	0.153642	-0.0155797	0.139567	-0.0663601	0.0761919	-0.0608643	-0.132875	-0.0152526	-0.0775438	0.0736717	-0.0337406
700000.0003	0.0459947	-0.184584	-0.0865693	-0.149015	0.0119785	-0.161843	0.0283981	0.0472199	0.102035	0.134711	-0.128635	0.133292	-0.106615	-0.0428591	-0.0117063
700000.0003	-0.0623067	0.0926437	-0.015545	-0.0912244	-0.0204781	-0.224544	-0.00580813	-0.0590397	-0.118144	-0.0263539	-0.0285027	0.0158989	-0.117939	-0.0155266	0.0109938
700000.0003	0.02401	-0.0646581	-0.0285874	-0.0107002	0.00360127	-0.0910762	-0.148173	0.0317025	0.00837296	0.121997	-0.0532625	0.0118678	-0.0940359	-0.124114	-0.0170049
700000.0003	0.139632	0.0153526	0.143354	-0.0307392	0.00867934	-0.0759694	0.0447601	-0.0156859	-0.0223849	-0.209282	0.0992002	-0.160026	0.0304212	-0.182427	-0.0330429
700000.0003	0.0602979	0.0370695	-0.0156503	-0.0618414	0.194809	0.0362872	-0.289788	-0.121262	-0.120515	0.131375	0.0718401	0.145409	-0.0931088	-0.108486	-0.121075
700000.0003	0.0512403	-0.203083	0.102533	0.104394	-0.00378693	-0.0877147	0.102994	-0.0464364	0.160482	0.0612168	0.0637799	-0.121957	0.0920903	-0.0269999	-0.0588877
700000.0003	0.0223392	0.154224	0.00529844	-0.0418507	0.215117	0.0112797	-0.0136183	0.209162	0.234487	-0.15856	-0.129834	-0.0267124	0.0288231	-0.155113	-0.103799
700000.0003	-0.0894389	0.293492	0.0332725	0.128758	-0.200421	-0.199973	0.0584265	0.0208371	-0.0128193	0.0683302	0.0575333	0.106759	0.0576619	-0.0658878	-0.0353845
700000.0003	0.185733	0.0177628	0.211335	0.00826647	0.0154452	-0.202555	-0.0605464	0.0711724	-0.08863	-0.0222367	-0.0325005	0.245446	0.0944485	-0.119027	-0.103127
700000.0003	0.226683	-0.253952	-0.0629812	0.150472	0.0883702	0.0730502	0.102119	-0.142641	-0.045638	-0.0300278	-0.00156662	-0.00544353	0.0470456	0.196693	-0.36553
700000.0003	-0.0772446	-0.22492	-0.130107	-0.152777	0.0871511	0.02884	0.121885	-0.00753155	0.0552934	-0.261531	0.214776	-0.141247	0.0313015	0.480245	-0.0381541
700000.0003	0.331899	0.222876	0.244311	-0.184139	0.302758	-0.0170387	0.343796	0.322707	-0.175265	0.331365	0.0346921	-0.137141	0.134035	0.311945	0.299135
700000.0003	-0.205535	-0.0175363	-0.0540461	0.171987	-0.0759706	0.206052	-0.541923	-0.00981369	0.00153106	-0.298368	-0.48289	-0.218205	0.307786	0.327472	0.381862
700000.0003	0.17234	-0.130576	0.362751	0.463967	-0.510462	0.634296	-0.619146	-0.0440962	-0.821206	-0.107326	-0.0550267	-0.954447	-0.194442	0.605119	-0.478103
700000.0003	-0.335046	0.663129	-0.725592	-0.30371	-0.0177829	0.00540409	-0.41766	0.482594	0.391163	-0.122733	0.439198	0.0486249	0.0851675	-0.340307	0.734342
700000.0003	0.656366	0.775174	-0.188081	-1.01528	-0.148102	0.465278	0.266075	0.344797	-1.02736	0.580073	0.269232	0.803835	-0.856966	0.268155	-0.384538
700000.0003	1.17165	0.346572	-0.390296	0.922633	-0.376243	0.348188	0.144472	0.363027	-1.05997	-0.391333	0.178836	0.233674	1.70366	0.455883	0.638068
700000.0003	1.1277	-0.700813	-0.157348	-1.17471	-1.1874	-1.53459	-1.19556	-0.047297	-0.0716019	-0.987094	0.732208	1.0851	1.89309	1.08089	0.439915
700000.0003	-0.249882	0.683965	-0.562006	-1.35481	-0.796175	-2.55954	-1.16794	-1.05511	-1.1772	0.519693	0.691945	0.254459	0.754613	0.903396	1.13877
700000.0003	0.485478	0.771889	-0.131713	-1.01721	-1.77841	-0.808724	-1.50359	-0.930856	-0.700271	0.0777722	-0.0205488	1.42531	0.52223	0.87795	-0.323597
700000.0003	0.573261	-0.584052	-0.434532	-0.764745	-0.885668	-1.45481	-2.41493	-1.11779	0.751158	-0.130866	-0.505786	-0.398176	1.09943	1.67943	0.633085
700000.0003	1.12294	0.428004	-1.07043	-1.18841	-0.51441	-0.970802	0.0551446	-1.43946	-1.62102	-0.60071	0.072796	0.55234	0.753975	-0.314353	0.000532042
700000.0003	-0.387172	-0.615807	-0.536725	-0.872649	-1.17091	-0.936064	-0.740343	-0.522033	-0.759928	0.140918	-0.521421	-0.549152	0.0816668	-0.00363373	-0.444576
700000.0003	-0.973039	-1.03767	-1.29691	-0.359676	-0.848566	-0.82069	-0.858355	-0.311821	-0.348157	0.328481	0.212696	-0.565678	-0.55785	0.835294	-0.365333
700000.0003	-1.16335	-0.577382	-0.114701	-0.730876	-0.250855	-0.173067	-0.444535	-0.312189	-0.828472	-0.410511	0.414832	1.02509	-0.0677474	-0.9242	-0.422214
700000.0003	0.218643	-0.822746	-0.207051	-0.23387	-0.984595	-0.297609	0.359218	0.0650424	0.280262	-0.282094	-0.0106123	0.438174	0.313834	-0.483651	1.08246
700000.0003	0.105016	0.994871	0.382878	-0.787471	-0.465841	-0.226788	0.230602	-0.143783	0.21435	0.424577	0.122377	0.909427	1.30391	-0.659648	-1.48735
700000.0003	-0.904888	1.49019	0.291178	0.0422734	-0.214902	0.556614	0.183313	-0.691436	0.437624	-0.875544	0.505842	0.935003	1.04499	-0.107943	-0.957861
700000.0003	1.33696	-0.986287	-0.731499	0.479681	1.19466	-0.109645	-0.882976	-1.09395	-0.682231	0.707065	0.0747054	0.937714	0.367589	-0.195402	0.390944
700000.0003	2913.18	2911.07	2911.1	2911.19	2913.67	2915.31	2913.01	2911.51	2911.63	2911.45	2911.45	2912.84	2914.95	2914.83	2913.97
700000.0003	1607.15	1606.35	1604.34	1606.53	1605.45	1605.45	1606.52	1608.62	1607.2	1605.39	1606	1610.2	1607.29	1607.98	1606.87
700000.0003	174.986	174.294	174.461	174.549	174.37	173.928	174.328	174.563	172.988	173.691	173.54	173.435	173.985	174.603	173.635
700000.0003	28.7871	28.4734	28.1347	28.1483	28.5647	28.276	28.7915	28.4478	27.6871	28.1785	28.3738	28.4976	28.2159	28.424	28.0701
700000.0003	18.4227	18.5036	18.3826	18.0167	18.5095	18.7641	18.576	18.4012	18.3753	18.3962	18.1752	17.9552	18.4695	18.154	18.1995
700000.0003	16.109	15.6322	16.0468	16.0709	15.9229	15.9183	15.7388	16.4863	16.6187	16.238	15.793	15.8207	16.3447	16.245	15.864
700000.0003	14.6264	14.7434	15.0516	14.8932	14.9918	14.9894	15.2071	15.2825	14.9935	15.1651	15.0216	14.4863	14.7745	14.695	15.1179
700000.0003	14.2949	14.1707	14.2905	14.3382	14.1027	14.2113	14.1217	14.1182	14.1482	14.2407	14.3799	14.5112	14.1623	14.0576	14.2344
700000.0003	13.7747	13.7966	13.9834	13.8232	13.9465	14.3207	14.0309	13.9867	14.1911	13.8072	13.8483	13.9573	13.7489	13.776	13.8357
700000.0003	13.585	13.3365	13.6687	13.7589	13.5641	13.6061	13.6509	13.1805	13.3601	13.8535	13.7296	13.4636	13.6058	13.4938	13.7767
700000.0003	13.192	13.6642	13.5308	13.5632	13.1374	13.6005	13.4315	13.3517	13.4288	13.4716	13.3734	13.4833	13.4023	13.4579	13.4215
700000.0003	12.8671	13.3275	13.4633	12.9829	13.1579	13.2089	13.3995	13.3721	13.6522	13.2466	12.9827	13.1821	13.0526	13.3884	13.2713
700000.0003	13.2893	12.9333	13.4023	13.4405	13.1312	13.1037	13.4095	13.3797	13.0285	13.0019	13.4804	13.3259	13.3432	12.6808	13.293
700000.0003	12.9307	13.3042	13.2852	13.4306	13.4953	13.487	13.4158	13.5462	13.3626	13.5106	13.4363	13.3617	13.5775	13.2301	13.1199
700000.0003	13.0916	13.5559	13.4598	13.0324	13.0551	13.4672	13.022	13.2035	13.4687	13.4379	13.4246	13.3889	13.1303	13.1763	13.1447
700000.0003	13.9875	14.0182	14.2952	14.2374	14.1963	14.2273	14.1269	13.906	13.822	13.8904	14.0294	13.8986	14.239	13.8189	13.5964
700000.0003	15.2401	15.1821	14.9758	14.9428	15.0906	15.2588	15.2769	14.9098	14.7116	14.6721	15.2685	15.1341	15.1877	15.1968	15.235
700000.0003	16.9147	17.3578	16.8205	16.9402	17.0717	17.0136	17.1287	17.4066	16.9964	16.7582	16.915	17.0816	16.8813	17.0271	17.0266
700000.0003	19.8696	19.494	19.5397	19.4618	19.5301	19.7521	19.7579	20.0373	19.9035	19.6107	19.7666	19.76	19.7209	19.9114	20.1316
700000.0003	23.9483	24.1044	23.9281	23.6923	23.8228	24.1931	24.1637	23.8382	23.8117	23.861	23.8763	23.979	23.8497	23.8494	23.9695
700000.0003	30.5495	30.2439	29.9152	30.4266	30.5684	30.5651	30.4245	30.1196	30.3762	30.1394	30.602	30.574	30.7731	30.5021	30.9544
700000.0003	41.5003	40.6504	41.1333	41.0132	41.7909	42.0151	41.6362	42.0694	41.799	41.7895	41.5718	41.5957	41.6497	41.7016	41.5303
700000.0003	66.0632	66.7223	66.1303	66.4914	65.8884	65.9823	67.1922	66.2481	67.0571	66.0455	66.3288	65.9741	66.5882	67.1772	67.0899
700000.0003	152.915	152.813	152.621	151.914	153.158	153.225	153.476	152.766	152.798	154.04	153.251	153.627	153.264	151.564	151.221
700000.0003	519.021	518.937	519.294	521.534	518.958	519.034	521.292	521.437	520.577	524.025	519.863	521.591	520.655	520.63	518.837
700000.0003	1362.03	1360.59	1360.72	1360.69	1362.37	1362.42	1364.32	1363.47	1364.56	1366.29	1367.02	1364.62	1364.57	1363.35	1363.49
700000.0003	2149.66	2150.28	2152.64	2152.08	2149.45	2153.15	2155.72	2154.48	2155.94	2156.39	2156.91	2156.19	2153.27	2154.45	2153.28
700000.0003	2585.49	2583.7	2582.46	2583.42	2583.27	2584.53	2586.35	2587.82	2584.85	2585.02	2586.34	2585.89	2585.65	2586.27	2584.06
700000.0003	2775.66	2778.38	2778.61	2776.24	2779.05	2779.4	2777.55	2777.78	2777.89	2778.63	2778.48	2779.05	2780.13	2777.74	2779.13
700000.0003	2865.48	2866.79	2866.42	2867.18	2865.37	2865.33	2864.58	2867.41	2866.31	2866.74	2864.68	2867.93	2866.53	2867.28	2865.9
700000.0003	2908.95	2904.29	2905.49	2906.6	2905.26	2906.08	2906.27	2906.19	2904.67	2906.25	2908.06	2908.3	2906.03	2904.68	2905.65
700000.0003	2933.34	2930.1	2931.37	2931.67	2931.93	2932.14	2932.01	2930.36	2932.05	2932.59	2930.92	2929.91	2932.6	2933.8	2932.55
700000.0003	2955.16	2956.08	2954.32	2955.97	2955.15	2953.79	2953.12	2951.7	2953.61	2949.93	2951.85	2952.6	2952.52	2951.59	2953
700000.0003	2971.95	2974.32	2974.17	2974.28	2974.96	2969.57	2971.11	2973.64	2971.84	2971.93	2972.25	2970.89	2972.43	2973	2972.98
700000.0003	2988.06	2990.75	2990.52	2989.58	2987.86	2988.99	2991.14	2989.49	2990.75	2990.23	2991.52	2992.96	2992.26	2991.37	2989.79
700000.0003	3007.69	3008.22	3006.3	3005.03	3007.68	3009	3008.17	3006.04	3006.85	3009.39	3006.47	3005.24	3006.13	3006.96	3008.92
700000.0003	3026.49	3025.12	3026.29	3025.6	3024.59	3026.26	3023.44	3025.03	3024.24	3023.16	3022.04	3021.8	3022.86	3024.13	3022.64
700000.0003	3044.68	3044.16	3045.6	3042.81	3044.84	3044.56	3041.41	3045.45	3044.53	3045.75	3045.54	3045.83	3043.64	3042.16	3043.29
700000.0003	3068.41	3068.98	3069.56	3070.05	3068.76	3069.28	3068.51	3069.26	3069.8	3070.15	3071.58	3071.35	3069.5	3070.63	3070.75
700000.0003	3084.28	3083.49	3083.97	3084.99	3083.12	3083.54	3085.48	3083.9	3085.82	3083.73	3083.63	3082.47	3085.74	3085.38	3085.32
