700000.0003	2961.42	2958.27	2960.03	2958.27	2956.69	2957.62	2959.04	2960.8	2958.39	2961.39	2961.28	2956.74	2957.05	2955.73	2962.9
700000.0003	1532.81	1532.53	1533.63	1531.88	1529.14	1534.26	1534.44	1532.97	1537.37	1536.89	1531.8	1530.17	1531.6	1534.83	1536.54
700000.0003	193.379	193.381	194.65	192.69	193.815	193.037	194.063	193.978	193.85	195.102	194.198	191.838	193.665	193.561	193.95
700000.0003	32.2748	32.8948	32.2408	32.4207	32.0631	32.2978	31.5116	32.4706	32.2532	32.7133	32.2885	32.0513	31.9481	31.7605	31.5356
700000.0003	18.9749	19.389	19.0313	19.6293	19.3592	19.2784	19.4421	19.3381	19.2112	19.2165	19.3429	19.0333	19.5068	19.6691	19.1096
700000.0003	16.8419	16.2667	16.6913	16.7691	16.1675	16.7228	16.5091	16.6571	16.7972	16.7629	16.6097	16.602	16.4991	16.9097	16.5589
700000.0003	15.2348	15.1441	15.5442	15.4011	15.6491	15.6068	15.4289	15.3775	15.1724	15.6106	15.4582	14.9897	14.9822	15.4416	15.518
700000.0003	14.4587	14.5487	14.5582	14.3864	15.1429	14.7146	14.519	14.9051	14.3142	14.5691	14.5118	14.1361	14.2645	14.5587	14.156
700000.0003	14.0091	13.7835	14.1684	14.0934	13.9566	13.8592	13.7922	14.0216	13.9706	13.8217	14.3137	14.0291	13.9848	14.1806	13.892
700000.0003	13.7947	13.7678	13.7015	13.7811	13.588	13.7763	13.8721	13.7073	13.6762	13.9868	13.6658	13.8558	13.5686	13.6461	13.5913
700000.0003	13.4952	13.5348	13.5038	13.7388	13.4697	13.4721	13.555	13.5154	13.3559	13.4912	13.4298	13.4743	13.3647	13.3423	13.6898
700000.0003	13.4561	13.4061	13.5186	13.4793	13.1511	13.1536	13.2833	13.4065	13.1828	13.454	13.6441	13.3859	13.4051	13.529	13.6423
700000.0003	13.5889	13.3796	12.8964	13.4648	12.9967	13.5318	13.1871	13.0109	13.6206	13.4382	13.3658	13.5479	13.1695	13.4043	13.3192
700000.0003	13.2171	13.4074	13.0893	13.0945	13.3174	13.4543	13.1645	13.5345	13.1324	13.1939	13.1226	13.5196	13.4995	13.2843	13.1241
700000.0003	13.3457	13.5409	13.191	13.4041	13.5442	13.5069	13.1217	13.4554	13.3183	13.4058	13.9958	13.5706	13.2759	13.5461	13.582
700000.0003	13.9577	13.8283	14.034	13.8712	14.024	13.9347	13.6559	13.6268	13.9665	14.195	14.2113	14.2498	13.8871	13.6909	14.1253
700000.0003	15.0547	15.1342	15.2711	15.2787	15.4909	15.2316	15.0845	15.1272	14.9096	14.9967	15.1691	15.8188	14.6911	15.2333	14.9808
700000.0003	17.1535	16.5744	16.8286	17.2093	16.8828	17.1422	17.0449	16.9017	16.9544	17.0497	16.9267	17.214	16.8363	16.7416	16.9826
700000.0003	19.5471	19.8031	19.8741	19.6915	19.7377	20.3687	20.0428	19.8044	19.6095	20.0084	19.5718	20.1064	19.7662	19.6126	19.8087
700000.0003	24.0726	24.0631	23.9344	23.7821	24.0064	23.6361	24.6377	23.8955	23.9183	24.3024	24.0598	24.0297	23.9733	23.7756	24.4024
700000.0003	30.6198	30.4709	30.9293	31.0885	30.7422	30.5982	30.3986	30.5234	31.0897	30.9738	30.6816	30.976	30.577	30.7455	30.113
700000.0003	42.2953	41.7978	42.0198	42.6109	41.7304	42.1799	42.4188	41.7872	42.0478	41.7346	42.0057	42.3851	42.8315	42.2566	41.9932
700000.0003	67.4546	67.5056	67.5212	67.3367	67.1521	67.3268	67.3162	67.3669	67.8146	66.6387	67.7544	66.7527	67.4221	67.8216	67.1723
700000.0003	154.963	155.166	155.895	156.111	155.553	155.49	155.114	155.118	155.266	156.837	155.226	154.446	155.378	155.566	154.28
700000.0003	516.044	515.853	515.916	516.792	516.9	517.628	516.312	514.223	516.833	517.531	515.046	515.544	515.299	515.141	514.845
700000.0003	1360.63	1362.38	1360.7	1362.26	1363.02	1362.17	1360.76	1362.3	1362.05	1364.4	1360.66	1361.14	1359.18	1361.99	1361.34
700000.0003	2199.81	2202.18	2200.88	2201.35	2201.68	2202.85	2199.93	2202.48	2203.84	2201.63	2201.68	2201.48	2199.57	2202.98	2199.17
700000.0003	2643.18	2641.15	2639.68	2640.75	2643.07	2642.33	2642.91	2642.05	2640.83	2645.78	2643.05	2639.98	2639.27	2642.11	2643.29
700000.0003	2786.99	2788.73	2787.26	2788.33	2787.72	2788.32	2788.09	2788.57	2789.14	2789.66	2791.21	2787.8	2785.99	2790.61	2788.64
700000.0003	2833.44	2836.05	2834.09	2834.5	2833.56	2836.23	2837.37	2836.75	2835.5	2836.25	2837.64	2834.8	2835.06	2835.57	2836.98
700000.0003	2862.54	2864.54	2866.3	2865.39	2862.39	2863.96	2867.38	2863.97	2867.9	2867.81	2865.41	2865.38	2866.55	2865.8	2865.23
700000.0003	2891.35	2890.83	2894.37	2889.75	2891.89	2895.48	2894.02	2890.1	2893.38	2896.24	2892.14	2891.66	2892.47	2897.84	2890.73
700000.0003	2919.11	2921.2	2921.1	2915.88	2915.77	2921.72	2920.13	2920.63	2920.52	2924.43	2916.17	2920.18	2922.26	2922.46	2915.95
700000.0003	2946.46	2944.53	2947.3	2945.08	2946.53	2947.67	2945.02	2947.28	2949.31	2949.73	2946.11	2946.39	2948.59	2946.48	2945.11
700000.0003	2975.64	2975.76	2972.98	2970.6	2973.94	2975.73	2975.12	2971.89	2973.74	2976.95	2972.49	2973.76	2973.38	2973.96	2970.25
700000.0003	3000.11	3001.79	3000.99	2999.6	2998.36	3000.71	2998.86	3000.48	3000.37	3002.72	3000.5	3001.46	2998.66	3000.21	3000.57
700000.0003	3028.98	3023.39	3027.12	3028.14	3026.74	3021.34	3031.05	3028.85	3029.17	3024.68	3028.7	3026.73	3023.88	3026.13	3031.16
700000.0003	3056.7	3053.32	3054.93	3052.6	3052.41	3052.29	3056.13	3054.05	3051.15	3052.02	3057.23	3053.18	3050.99	3051.55	3052.85
700000.0003	3079.77	3078.65	3079.88	3080.26	3075.47	3077.22	3078.2	3079.05	3079	3079.75	3079.26	3077.44	3076.34	3079.38	3081.57
700000.0003	3097.95	3096.27	3097.34	3096.98	3094.19	3095.11	3098.03	3098.53	3098.3	3097.1	3097.92	3095.91	3093.63	3100.54	3100.24
700000.0003	0.811198	-0.118079	0.27334	-0.157984	1.45619	-0.340165	-0.77478	1.00228	1.76668	-1.04481	-0.538154	-0.920499	1.09303	-0.663629	0.177941
700000.0003	-0.216823	0.11606	0.674398	0.404106	-0.0470869	0.331078	0.483154	-0.0830966	0.153882	0.304461	-0.225334	-0.0323732	-0.44392	0.757646	-0.642012
700000.0003	-0.0611951	-0.232604	0.409529	-0.0389528	-0.261171	0.314228	0.0476658	0.0360587	0.474993	-0.30142	-0.202975	-0.48854	-0.490386	-0.40446	-0.283115
700000.0003	-0.0486799	-0.0677706	-0.321334	-0.122446	0.268416	-0.0855351	-0.142064	0.107894	0.0249048	-0.255815	-0.157822	0.0700622	0.00829258	-0.290808	0.330118
700000.0003	-0.0673013	-0.185673	-0.266196	0.103488	-0.00474205	0.0280747	-0.291444	-0.253207	0.0104831	0.108122	-0.0426311	-0.17014	-0.146325	0.154598	0.162821
700000.0003	0.0126849	-0.020926	-0.0533801	-0.111695	-0.049677	0.0391837	0.0550847	-0.0975778	0.0975082	-0.022178	-0.0884519	0.103968	0.128949	0.0350079	0.0284662
700000.0003	0.159745	-0.0270048	-0.0545547	0.0667685	0.0438329	0.0575053	0.0710544	0.152101	0.164467	0.0947234	0.0244411	-0.0251871	-0.249735	-0.0839506	0.142662
700000.0003	0.0600047	-0.108792	0.0199418	-0.013761	0.117345	0.0551479	0.124411	0.115021	-0.0463875	-0.121989	0.0554888	-0.00107188	0.0497374	-0.170711	-0.0379772
700000.0003	0.0947329	0.202599	-0.0503758	-0.013804	-0.00811166	0.00412142	-0.100028	-0.0333464	-0.058942	-0.168703	-0.0437516	0.225765	-0.0251847	-0.153674	-0.0985028
700000.0003	-0.029301	0.055974	0.010098	-0.163074	-0.0202006	-0.116244	-0.255639	0.0577359	-0.106974	-0.0143781	0.0194205	0.0218684	0.189118	-0.211426	-0.0137808
700000.0003	0.0297742	-0.111751	0.00702214	-0.00442638	0.0165246	-0.126076	-0.0925172	-0.138171	-0.0224014	0.00867975	0.035254	0.136607	-0.0588601	-0.0702842	-0.0431661
700000.0003	0.124822	0.178797	-0.0743947	0.213711	-0.0822788	0.037628	-0.0131269	0.0676095	-0.165025	0.051081	-0.0443669	-0.119668	0.0593358	0.0405167	0.34526
700000.0003	-0.249272	0.0790335	-0.0349966	-0.0411271	-0.0449531	-0.142822	-0.12618	-0.100981	-0.0171833	-0.0637354	-0.158013	-0.144015	0.112125	-0.117576	-0.0358151
700000.0003	0.294352	0.121882	0.0891166	-0.0884387	-0.0313708	0.00298811	-0.0959022	-0.0328408	-0.0656381	-0.185357	0.123069	-0.135696	0.0768299	0.145262	-0.0484373
700000.0003	0.0373556	0.00898652	-0.0532241	-0.096826	-0.24271	-0.0975017	0.117472	0.0106263	-0.0645771	-0.0955992	-0.165447	0.0193131	0.0503832	0.149133	0.0518931
700000.0003	0.0553833	0.0986399	0.0321897	0.0494671	-0.0924819	0.0430362	-0.116345	-0.0717236	0.0439078	0.0984778	-0.141463	0.149888	-0.140998	-0.0704814	-0.240196
700000.0003	0.100324	-0.00193956	0.12856	-0.058567	0.122171	-0.00591779	0.043791	0.0505084	0.0559111	-0.122431	-0.157226	0.025135	0.0226286	0.00267729	0.16096
700000.0003	-0.0341584	-0.00272297	0.0459701	-0.0135721	0.218203	0.198398	-0.105436	0.00490595	0.00215415	0.0813986	-0.210005	0.106927	-0.122049	-0.224354	0.0833565
700000.0003	0.185654	-0.0291294	-0.132409	0.215605	-0.12605	-0.119103	-0.0696686	-0.0318116	-0.0962188	0.031898	-0.0111158	0.172199	0.0946374	-0.122488	0.0521353
700000.0003	-0.17739	0.132232	0.118603	0.0625945	0.0599252	0.0829158	0.0913154	0.151448	-0.146912	-0.142336	-0.120619	0.0254536	0.080281	0.0142688	0.0655418
700000.0003	0.021266	0.0459768	0.0298094	0.194305	0.00407664	-0.0573673	0.144697	-0.0795655	-0.0254528	-0.0348564	-0.0315758	0.0492724	-0.0885866	-0.369668	-0.0371764
700000.0003	0.099058	0.0249299	-0.128751	0.178823	0.265026	0.177906	0.197024	-0.198487	-0.0545009	-0.0481626	-0.28019	-0.112121	0.182621	-0.0290121	-0.0646846
700000.0003	-0.114306	0.108124	0.177926	-0.00151738	0.0912659	0.157344	0.0290866	0.223125	-0.0982877	-0.131135	0.164419	-0.12036	-0.0615714	0.345164	-0.0814557
700000.0003	-0.412588	0.0350637	0.23401	0.235592	0.522647	0.217208	-0.00565344	0.528523	0.393629	-0.0493667	0.106055	0.239	0.0132316	-0.0786006	0.165044
700000.0003	0.743276	-0.758912	0.436265	-0.0095267	-0.734604	-0.0452574	-0.0343993	0.404994	-0.0550618	0.776332	0.141309	-0.0633623	-0.384553	-0.351051	-0.567802
700000.0003	-0.471793	0.147315	-0.638167	0.571018	0.93097	0.622518	0.0694378	0.199363	-0.486984	0.32732	0.749042	-1.02045	0.489366	-0.291481	-0.956855
700000.0003	-0.123788	0.594186	0.732108	0.554696	1.31279	-0.204092	0.276444	0.354166	-0.105336	-0.413897	0.844838	0.886294	-0.728264	-0.873989	-0.104042
700000.0003	0.142151	-1.07056	0.0906296	1.33114	-0.768019	-0.968741	1.35904	1.13765	0.400689	1.73715	-0.823758	-1.80921	0.63276	0.0077575	0.127667
700000.0003	0.395732	-0.312061	0.0245668	-1.10101	-0.458205	1.73312	-0.378363	0.565352	-0.589068	-0.342623	0.824378	0.529298	-0.53303	-0.613298	0.786373
700000.0003	0.518017	0.649744	0.418007	0.221047	-0.565983	-0.488683	0.95158	-0.166738	0.59767	0.0611539	-0.0640479	2.08352	-0.0123886	-0.666764	-0.387338
700000.0003	-0.0399055	0.0730373	-0.250351	0.0942423	1.02405	0.902139	-0.362859	0.456686	0.74854	0.173172	0.394046	0.118822	1.13981	0.642079	0.307221
700000.0003	1.20597	-0.342426	0.142919	-0.224701	0.645757	0.169915	0.110052	0.480451	0.753134	0.634422	0.664511	1.19619	-0.464138	-0.20687	0.494936
700000.0003	-0.652571	-0.0625437	-0.657636	0.154758	-0.159207	-0.818846	1.04208	1.45583	0.348973	0.131051	0.131476	0.203613	1.33353	0.334014	0.995707
700000.0003	0.326959	-0.57271	-1.18849	-0.179854	0.360705	0.84416	0.32853	-0.357933	0.261385	0.560039	0.671266	0.338094	-0.0548433	1.35127	0.581313
700000.0003	0.0532992	0.0316997	0.503325	-1.2094	-0.377801	0.536644	0.326007	0.74035	0.248914	1.2668	0.456009	-0.360666	-0.102697	0.905806	0.499754
700000.0003	-0.960078	0.0306092	0.172407	-0.521581	-0.772464	-0.762196	0.865283	0.287745	-0.410439	-0.378657	0.761971	0.87473	0.993483	0.982736	0.846435
700000.0003	1.21871	0.20057	-0.599148	0.106064	-0.153054	-0.542596	-0.730795	-0.528253	-0.314622	0.374363	-0.171674	0.963256	0.311905	0.152229	0.399997
700000.0003	0.319889	-0.389711	0.593311	0.307458	-0.485088	-0.932265	-0.29919	0.435099	-0.573187	0.271026	-0.677744	-0.603724	0.4981	0.524865	0.276263
700000.0003	-0.973933	0.578818	0.0372816	-1.24578	-0.328554	0.651767	0.674604	-0.0372182	0.0781691	0.00569216	0.106138	-0.90812	-0.034714	0.913331	0.904441
700000.0003	0.216177	0.334783	-1.58917	0.0128273	0.143354	0.62065	1.23785	0.736698	0.274957	0.63453	-0.95062	-0.224636	-0.557379	0.199684	0.824469
700000.0003	2917.32	2913.59	2914.03	2911.85	2913.39	2910.54	2910.41	2912.57	2912.95	2911.63	2915.8	2909.83	2912.1	2912.57	2917.09
700000.0003	1603.93	1605.41	1607.57	1605.78	1604.39	1607.42	1606.51	1607.23	1607.9	1609.1	1603.09	1603.53	1603.13	1603.88	1605.37
700000.0003	173.988	174.625	174.898	173.077	173.299	173.705	173.857	174.053	174.344	174.875	173.469	172.858	173.233	173.52	173.749
700000.0003	28.5329	28.4561	28.2416	27.9977	28.6145	28.2976	27.8233	27.5804	27.9809	28.2476	28.6325	28.5341	28.2567	28.0865	28.1343
700000.0003	18.2697	18.2386	18.1005	18.5229	18.5258	18.2735	18.3586	18.3598	18.4971	18.1028	18.2978	18.2649	18.6358	18.5472	18.2732
700000.0003	16.4222	16.2282	16.436	15.8811	15.8085	15.9779	15.9289	16.4816	16.2918	16.0835	15.8379	16.1008	15.7535	16.2836	16.0696
700000.0003	14.7662	15.0785	15.1224	15.1441	15.2844	15.0979	14.7529	15.044	14.9495	15.1138	15.0183	14.9822	14.6934	15.2376	15.0027
700000.0003	14.2783	14.3411	14.1452	14.2977	14.5656	14.4875	14.1587	14.3892	14.3076	14.0428	14.1455	13.7118	14.0473	14.5793	14.0319
700000.0003	13.9766	13.4946	13.9237	13.7525	14.0772	13.7748	13.9891	13.9135	13.7615	13.8243	14.1363	13.8715	13.8929	13.86	13.8211
700000.0003	13.6724	13.5011	13.6259	13.8164	13.5261	13.5958	13.6467	13.4608	13.5561	13.4108	13.6593	13.6306	13.4172	13.5247	13.7122
700000.0003	13.03	13.3229	13.3735	13.4845	13.289	13.4495	13.3616	13.3731	13.3796	13.6042	13.3211	13.4398	13.3226	13.346	13.5898
700000.0003	13.3902	13.5085	13.4119	13.4707	13.275	13.2746	13.1695	13.4172	13.0604	13.4645	13.4404	13.2993	13.3938	13.3326	13.4537
700000.0003	13.5555	13.6275	13.0946	13.5346	13.1125	13.2787	13.4076	13.0425	13.2987	13.1674	13.4658	13.3279	13.1924	13.5049	13.1546
700000.0003	13.3869	12.9426	13.0407	13.14	13.4135	13.3218	13.2905	13.8482	13.2809	13.4328	12.9815	13.0695	13.6986	13.2689	13.0534
700000.0003	13.3654	13.1021	13.2084	13.3846	13.2428	13.2971	13.4647	13.2376	13.3542	13.1304	13.5864	13.2942	13.1287	13.5158	13.3658
700000.0003	13.721	13.5913	13.5045	14.027	13.9452	14.0534	13.5931	13.7794	13.8966	14.0496	14.1693	14.1142	13.8515	13.849	14.0454
700000.0003	14.9792	15.4009	15.1554	14.8985	15.2043	15.3051	15.4153	15.2731	14.9537	15.1202	15.4075	15.163	14.9087	15.2005	14.6493
700000.0003	17.0688	16.8192	16.7966	16.9619	16.77	17.3201	16.9552	16.9341	16.5819	16.9482	16.8205	16.951	17.2414	16.6471	16.628
700000.0003	19.8867	19.8766	19.6437	19.7349	19.5411	20.4736	19.6983	19.7919	19.8487	19.8999	19.558	20.2817	19.649	19.675	19.8343
700000.0003	24.1052	23.84	23.7046	23.6422	23.8249	23.6329	24.3317	24.0452	23.7264	24.2152	23.9952	23.7889	23.6266	23.7335	23.835
700000.0003	30.5766	30.3478	30.3368	30.7048	30.7595	30.4872	30.5808	30.2527	30.5685	30.3989	30.6385	30.2871	30.2407	30.4634	30.0967
700000.0003	41.1971	41.0982	41.5767	41.8665	41.6239	41.7019	41.765	41.7864	42.2156	41.8766	41.6002	41.9092	41.5841	41.7217	41.2345
700000.0003	66.0294	66.0988	66.9179	66.7833	67.0391	66.2288	66.8066	65.9603	66.4369	65.8776	65.9011	65.8258	66.5993	66.4921	66.7183
700000.0003	152.104	152.366	152.616	152.714	153.14	153.325	152.441	153.188	153.471	153.692	153.297	152.657	152.928	152.727	152.433
700000.0003	521.054	520.099	521.28	522.377	523.277	521.63	520.775	518.188	521.423	521.908	520.816	519.397	520.26	518.712	519.235
700000.0003	1361.47	1361.98	1361.18	1362.77	1364.05	1362.08	1363.75	1364.68	1363.9	1365.1	1362.49	1362.57	1362	1362.74	1360.24
700000.0003	2151.25	2151.03	2156.37	2156.59	2155.08	2155.34	2153.22	2153.96	2155.94	2152.12	2152.79	2154.12	2154.52	2156.01	2153.03
700000.0003	2587.62	2585.81	2584.31	2585.38	2587.06	2586.83	2583.85	2586.57	2584.55	2588.31	2589.19	2584.84	2583.64	2586.75	2585.77
700000.0003	2781.78	2779.95	2781.35	2779.76	2780.3	2779.06	2778.75	2778.89	2781.02	2779.34	2780.35	2781.34	2778.79	2779.37	2779.48
700000.0003	2866.43	2869.85	2865.61	2868.12	2867.37	2866.1	2868.18	2869.18	2868.11	2868.51	2867.39	2868.24	2868.42	2867.77	2868.88
700000.0003	2907.72	2909.05	2909.35	2909.54	2909.14	2908.21	2912.58	2908.81	2910.67	2907.99	2910.4	2909.76	2909.82	2906.93	2910.85
700000.0003	2934.92	2933.58	2935.02	2936.47	2936.25	2935.91	2933.53	2934.97	2934.14	2934.53	2934.35	2934.81	2934.82	2935.43	2934.22
700000.0003	2957.84	2957.83	2956.68	2954.25	2954.05	2956.26	2954.08	2955.55	2955.41	2956.55	2954.11	2955.55	2958.22	2957.91	2956.02
700000.0003	2974.64	2972.8	2974.48	2973.8	2973.1	2974.42	2973.81	2975.58	2974.91	2975.15	2974.48	2975.83	2975.3	2974.24	2973.96
700000.0003	2992.34	2990.89	2992.23	2990.76	2992.53	2991.72	2994.41	2991.93	2993.06	2993.24	2994.57	2991.76	2991.07	2993.09	2991.93
700000.0003	3008.21	3010.99	3009.01	3007.53	3007.61	3009.06	3006.64	3007.4	3007.79	3010.26	3008.48	3009.76	3008.5	3009.5	3008.97
700000.0003	3027.15	3027.82	3024.43	3026.66	3026.14	3024.46	3025.13	3024.86	3026.98	3024.34	3023.84	3026.37	3029.58	3027.51	3028.86
700000.0003	3046.28	3045.14	3046.37	3046.46	3048.05	3046.27	3047.46	3046.61	3043.81	3044.14	3045.29	3045.42	3045.81	3046.97	3045.38
700000.0003	3071.79	3071.17	3073.44	3072.5	3072.42	3071.45	3072.17	3070.92	3069.77	3070.3	3071.28	3070.07	3071.17	3069.39	3071.33
700000.0003	3084.06	3086.04	3084.74	3084.54	3082.67	3084.99	3084.18	3085.77	3083.54	3085.04	3084.14	3085.77	3082.4	3086.59	3083.95
