700000.0003	63.8417
700000.0003	114.937
700000.0003	193.574
700000.0003	314.684
700000.0003	480.496
700000.0003	700.71
700000.0003	959.318
700000.0003	1261.8
700000.0003	1587.99
700000.0003	1968.43
700000.0003	2396.73
700000.0003	2858.79
700000.0003	3303.57
700000.0003	3645.69
700000.0003	3807.53
700000.0003	3731.85
700000.0003	3453.26
700000.0003	3054.52
700000.0003	2594.77
700000.0003	2144.51
700000.0003	1731.89
700000.0003	1361.47
700000.0003	1059.69
700000.0003	804.742
700000.0003	610.71
700000.0003	459.902
700000.0003	350.372
700000.0003	264.503
700000.0003	199.323
700000.0003	152.221
700000.0003	115.862
700000.0003	89.5113
700000.0003	69.5407
700000.0003	54.4579
700000.0003	44.0256
700000.0003	33.7247
700000.0003	27.9883
700000.0003	21.9178
700000.0003	16.8689
700000.0003	13.9214
700000.0003	11.9112
700000.0003	9.18563
700000.0003	7.29076
700000.0003	6.72038
700000.0003	5.73614
700000.0003	5.6781
700000.0003	5.45171
700000.0003	4.33015
700000.0003	4.34756
700000.0003	3.51472
700000.0003	3.26643
700000.0003	3.91635
700000.0003	2.65526
700000.0003	3.61403
700000.0003	1.76249
700000.0003	3.45258
700000.0003	1.61435
700000.0003	1.93173
700000.0003	1.39214
700000.0003	1.62572
700000.0003	2.33146
700000.0003	1.69431
700000.0003	1.10164
700000.0003	2.31389
700000.0003	1.49819
700000.0003	1.80411
700000.0003	0.076878
700000.0003	1.98452
700000.0003	1.49262
700000.0003	1.37434
700000.0003	0.90424
700000.0003	1.36103
700000.0003	2.26585
700000.0003	1.21362
700000.0003	0.803263
700000.0003	0.0492617
700000.0003	0.57439
700000.0003	1.09835
700000.0003	1.02579
700000.0003	1.4699
700000.0003	0.454515
700000.0003	0.795657
700000.0003	0.775702
700000.0003	0.703926
700000.0003	0.804088
700000.0003	0.738671
700000.0003	-0.826461
700000.0003	1.06671
700000.0003	-0.409271
700000.0003	0.262595
700000.0003	0.254546
700000.0003	-0.124391
700000.0003	-0.0367745
700000.0003	0.997468
700000.0003	0.833457
700000.0003	0.818235
700000.0003	0.868872
700000.0003	2.06966
700000.0003	-0.124817
700000.0003	0.415574
700000.0003	0.652208
700000.0003	-0.712602
700000.0003	0.378138
700000.0003	-1.14821
700000.0003	0.976845
700000.0003	-0.0336767
700000.0003	0.153037
700000.0003	-0.381441
700000.0003	0.748519
700000.0003	-0.120705
700000.0003	-0.746794
700000.0003	0.707621
700000.0003	0.325762
700000.0003	0.00800303
700000.0003	0.190129
700000.0003	0.825996
700000.0003	0.740958
700000.0003	-0.118474
700000.0003	0.192669
700000.0003	-1.02131
700000.0003	0.142338
700000.0003	0.46645
700000.0003	0.644806
700000.0003	-0.00449784
700000.0003	0.129367
700000.0003	-0.614698
700000.0003	0.360181
700000.0003	0.514273
700000.0003	-0.367585
700000.0003	0.230222
700000.0003	0.123549
700000.0003	0.482388
700000.0003	0.187828
700000.0003	0.0977285
700000.0003	-0.491417
700000.0003	-0.136013
700000.0003	-0.622446
700000.0003	0.374298
700000.0003	-0.255407
700000.0003	-0.224975
700000.0003	-0.143887
700000.0003	0.046364
700000.0003	-1.31235
700000.0003	-0.563878
700000.0003	0.430913
700000.0003	-1.11456
700000.0003	-0.586887
700000.0003	0.132748
700000.0003	-0.530682
700000.0003	1.17229
700000.0003	-0.435068
700000.0003	-0.867141
700000.0003	-0.902774
700000.0003	-2.24584
700000.0003	-2.47341
700000.0003	-1.61686
700000.0003	-1.95631
700000.0003	-2.08018
700000.0003	-1.48134
700000.0003	-1.39932
700000.0003	-1.00179
700000.0003	-2.27551
700000.0003	-1.87919
700000.0003	-1.91027
700000.0003	-2.304
700000.0003	-1.94584
700000.0003	-1.88768
700000.0003	-3.36714
700000.0003	-2.78685
700000.0003	-2.1239
700000.0003	-1.90498
700000.0003	-2.99682
700000.0003	-2.72196
700000.0003	-3.78917
700000.0003	-2.35322
700000.0003	-3.73177
700000.0003	-4.18197
700000.0003	-4.20368
700000.0003	-4.31994
700000.0003	-4.53291
700000.0003	-4.25165
700000.0003	-3.44234
700000.0003	-4.44139
700000.0003	-5.16133
700000.0003	-4.66916
700000.0003	-5.25096
700000.0003	-6.14887
700000.0003	-5.44514
700000.0003	-6.7057
700000.0003	-5.60637
700000.0003	-5.64654
700000.0003	-5.62948
700000.0003	-7.35354
700000.0003	-6.52618
700000.0003	-8.92757
700000.0003	-7.88549
700000.0003	-9.03682
700000.0003	-8.38975
700000.0003	-8.6514
700000.0003	-9.18448
700000.0003	-10.9326
700000.0003	-10.126
700000.0003	-11.5549
700000.0003	-10.6459
700000.0003	-12.4442
700000.0003	-13.2417
700000.0003	-13.0241
700000.0003	-13.3399
700000.0003	-14.855
700000.0003	-16.5189
700000.0003	-17.5113
700000.0003	-17.6372
700000.0003	-19.2374
700000.0003	-19.8258
700000.0003	-21.798
700000.0003	-23.4148
700000.0003	-25.433
700000.0003	-26.6079
700000.0003	-30.0946
700000.0003	-32.3386
700000.0003	-34.8755
700000.0003	-38.7171
700000.0003	-43.9375
700000.0003	-47.581
700000.0003	-54.3888
700000.0003	-59.1975
700000.0003	-68.2991
700000.0003	-77.7804
700000.0003	-87.5329
700000.0003	-101.868
700000.0003	-116.035
700000.0003	-136.353
700000.0003	-157.163
700000.0003	-182.246
700000.0003	-211.965
700000.0003	-245.713
700000.0003	-290.169
700000.0003	-336.768
700000.0003	-390.499
700000.0003	-455.322
700000.0003	-522.294
700000.0003	-598.217
700000.0003	-684.263
700000.0003	-771.566
700000.0003	-866.014
700000.0003	-968.862
700000.0003	-1063.31
700000.0003	-1159.04
700000.0003	-1252.39
700000.0003	-1327.07
700000.0003	-1394.22
700000.0003	-1452.38
700000.0003	-1487.93
700000.0003	-1508.8
700000.0003	-1512.33
700000.0003	-1501.39
700000.0003	-1471.74
700000.0003	-1438.47
700000.0003	-1390.14
700000.0003	-1331.78
700000.0003	-1274.63
700000.0003	-1209.37
700000.0003	-1141.66
700000.0003	-1071.52
700000.0003	-1005.72
700000.0003	-939.652
700000.0003	-869.391
700000.0003	-798.934
700000.0003	-736.188
700000.0003	-674.592
700000.0003	-612.003
700000.0003	-551.212
700000.0003	-496.541
700000.0003	-441.566
700000.0003	-394.788
700000.0003	-349.149
700000.0003	-306.418
700000.0003	-269.633
700000.0003	-234.711
700000.0003	-203.966
700000.0003	-177.401
700000.0003	-156.233
700000.0003	-135.407
700000.0003	-119.008
700000.0003	-105.121
700000.0003	-94.5198
700000.0003	-84.3032
700000.0003	-77.7745
700000.0003	-70.6408
700000.0003	-65.5957
700000.0003	-60.275
700000.0003	-57.1825
700000.0003	-53.6873
700000.0003	-50.9778
700000.0003	-49.1114
700000.0003	-48.3363
700000.0003	-46.6716
700000.0003	-45.6172
700000.0003	-44.6382
700000.0003	-43.8414
700000.0003	-42.7426
700000.0003	-42.5649
700000.0003	-41.9199
700000.0003	-41.3683
700000.0003	-43.2279
700000.0003	-42.1284
700000.0003	-41.8726
700000.0003	-41.6147
700000.0003	-40.7488
700000.0003	-41.0575
700000.0003	-40.1065
700000.0003	-40.7767
700000.0003	-40.586
700000.0003	-41.3063
700000.0003	-41.0847
700000.0003	-41.0926
700000.0003	-40.3334
700000.0003	-40.0902
700000.0003	-41.1971
700000.0003	-40.3402
700000.0003	-41.0595
700000.0003	-39.9593
700000.0003	-40.3485
700000.0003	-40.2721
700000.0003	-40.2043
700000.0003	-40.7615
700000.0003	-39.9249
700000.0003	-39.4971
700000.0003	-39.7947
700000.0003	-40.9842
700000.0003	-40.815
700000.0003	-40.8039
700000.0003	-40.3596
700000.0003	-40.4327
700000.0003	-40.6269
700000.0003	-40.9808
700000.0003	-40.5678
700000.0003	-39.9477
700000.0003	-40.7717
700000.0003	-40.2143
700000.0003	-39.9576
700000.0003	-41.2847
700000.0003	-41.4153
700000.0003	-40.1911
700000.0003	-40.352
700000.0003	-40.0426
700000.0003	-39.351
700000.0003	-40.2451
700000.0003	-40.1006
700000.0003	-39.0692
700000.0003	-39.6118
700000.0003	-40.8536
700000.0003	-39.9342
700000.0003	-40.4569
700000.0003	-38.5329
700000.0003	-39.5329
700000.0003	-39.1272
700000.0003	-40.5531
700000.0003	-39.9637
700000.0003	-40.9043
700000.0003	-40.2974
700000.0003	-38.905
700000.0003	-40.5482
700000.0003	-40.7292
700000.0003	-40.6643
700000.0003	-40.5377
700000.0003	-39.6238
700000.0003	-40.4252
700000.0003	-39.3644
700000.0003	-38.8179
700000.0003	-38.8808
700000.0003	-38.965
700000.0003	-40.1642
700000.0003	-39.3214
700000.0003	-39.407
700000.0003	-38.8323
700000.0003	-39.5089
700000.0003	-38.9331
700000.0003	-38.0898
700000.0003	-38.4313
700000.0003	-38.7515
700000.0003	-38.77
700000.0003	-37.3855
700000.0003	-36.9975
700000.0003	-36.2168
700000.0003	-36.32
700000.0003	-34.8497
700000.0003	-35.3269
700000.0003	-32.7632
700000.0003	-32.5514
700000.0003	-30.8252
700000.0003	-29.7018
700000.0003	-25.9579
700000.0003	-23.6386
700000.0003	-19.9068
700000.0003	-13.7812
700000.0003	-5.9682
700000.0003	4.80507
700000.0003	16.2004
700000.0003	36.3341
700000.0003	0.767954
700000.0003	-0.109815
700000.0003	-0.530113
700000.0003	0.740845
700000.0003	0.447883
700000.0003	-0.528567
700000.0003	1.46309
700000.0003	1.77769
700000.0003	-1.08192
700000.0003	3.61661
700000.0003	-1.62225
700000.0003	-1.97858
700000.0003	-0.263439
700000.0003	2.29897
700000.0003	-2.29339
700000.0003	-3.4604
700000.0003	3.34108
700000.0003	-0.33746
700000.0003	-3.29365
700000.0003	1.0276
700000.0003	0.237758
700000.0003	4.13372
700000.0003	0.665785
700000.0003	0.0996247
700000.0003	1.72959
700000.0003	0.725763
700000.0003	-0.372109
700000.0003	-1.1156
700000.0003	-1.2698
700000.0003	0.145982
700000.0003	-1.24541
700000.0003	1.29162
700000.0003	-0.67594
700000.0003	-0.193781
700000.0003	-1.05346
700000.0003	0.0140297
700000.0003	1.91462
700000.0003	-0.407953
700000.0003	0.78954
700000.0003	-0.460445
700000.0003	0.133583
700000.0003	-0.598109
700000.0003	0.800987
700000.0003	-0.80287
700000.0003	0.527883
700000.0003	-0.0230084
700000.0003	-0.0561148
700000.0003	-1.39374
700000.0003	-0.124676
700000.0003	-0.263459
700000.0003	0.300045
700000.0003	0.960458
700000.0003	0.454857
700000.0003	-0.962025
700000.0003	0.00394271
700000.0003	-0.440472
700000.0003	0.0784338
700000.0003	-0.0133659
700000.0003	-0.0571109
700000.0003	-0.913392
700000.0003	0.17622
700000.0003	0.421884
700000.0003	-0.391395
700000.0003	0.340532
700000.0003	0.29741
700000.0003	0.332005
700000.0003	-0.053153
700000.0003	-0.421667
700000.0003	0.0274917
700000.0003	-0.484578
700000.0003	-0.237154
700000.0003	0.325489
700000.0003	1.2382
700000.0003	-0.218021
700000.0003	0.271914
700000.0003	-0.0801665
700000.0003	-0.182098
700000.0003	0.094955
700000.0003	-0.0911122
700000.0003	0.252996
700000.0003	-0.44287
700000.0003	-0.521247
700000.0003	0.612398
700000.0003	0.150627
700000.0003	0.668864
700000.0003	-1.10946
700000.0003	1.05475
700000.0003	-0.0821909
700000.0003	-0.845858
700000.0003	0.156047
700000.0003	0.542196
700000.0003	-0.43303
700000.0003	0.962798
700000.0003	-0.533997
700000.0003	-0.421168
700000.0003	-0.100251
700000.0003	0.736756
700000.0003	0.547615
700000.0003	-0.736273
700000.0003	0.330411
700000.0003	-0.221673
700000.0003	-1.19562
700000.0003	0.520966
700000.0003	0.835399
700000.0003	0.0428645
700000.0003	-0.286134
700000.0003	0.241742
700000.0003	0.0188584
700000.0003	-1.40187
700000.0003	-0.719108
700000.0003	0.0739207
700000.0003	-0.00424534
700000.0003	-1.1467
700000.0003	1.17678
700000.0003	1.07503
700000.0003	-0.310221
700000.0003	-0.480138
700000.0003	1.26924
700000.0003	-0.669257
700000.0003	0.897882
700000.0003	0.0939112
700000.0003	0.255241
700000.0003	0.184785
700000.0003	0.35382
700000.0003	-0.373437
700000.0003	-0.926017
700000.0003	0.686826
700000.0003	0.0568325
700000.0003	0.524327
700000.0003	-0.695224
700000.0003	-1.01644
700000.0003	-0.987533
700000.0003	0.643004
700000.0003	-0.238389
700000.0003	0.537767
700000.0003	-0.147266
700000.0003	0.620726
700000.0003	-0.0334154
700000.0003	0.260855
700000.0003	0.145866
700000.0003	0.295854
700000.0003	0.0315342
700000.0003	-1.18686
700000.0003	-0.000592459
700000.0003	0.616101
700000.0003	0.193298
700000.0003	-0.381562
700000.0003	0.685776
700000.0003	-0.701081
700000.0003	-0.140778
700000.0003	-0.807776
700000.0003	0.3982
700000.0003	1.12413
700000.0003	0.88895
700000.0003	-1.62163
700000.0003	-0.261954
700000.0003	-0.25626
700000.0003	1.14796
700000.0003	0.671514
700000.0003	-0.398412
700000.0003	-0.788779
700000.0003	0.0975693
700000.0003	-0.749651
700000.0003	0.0835539
700000.0003	-0.270473
700000.0003	-0.755597
700000.0003	0.923428
700000.0003	-0.188639
700000.0003	-0.0331022
700000.0003	0.436567
700000.0003	1.39332
700000.0003	-0.45548
700000.0003	-0.856754
700000.0003	0.195491
700000.0003	0.213857
700000.0003	-0.31021
700000.0003	-0.380951
700000.0003	-0.500391
700000.0003	0.599918
700000.0003	0.0448335
700000.0003	-0.118512
700000.0003	0.206799
700000.0003	-0.763404
700000.0003	0.0461176
700000.0003	0.0444294
700000.0003	0.737975
700000.0003	0.214545
700000.0003	1.39059
700000.0003	0.150377
700000.0003	-1.8461
700000.0003	-0.590228
700000.0003	0.0695014
700000.0003	0.0690884
700000.0003	0.396288
700000.0003	0.16262
700000.0003	0.601558
700000.0003	-0.157448
700000.0003	-1.0009
700000.0003	0.91374
700000.0003	-0.00422602
700000.0003	0.439912
700000.0003	0.654444
700000.0003	-1.5615
700000.0003	-0.132013
700000.0003	0.247022
700000.0003	0.097099
700000.0003	-0.0967621
700000.0003	1.20249
700000.0003	-0.351112
700000.0003	-0.216775
700000.0003	0.392966
700000.0003	-0.529914
700000.0003	-0.189147
700000.0003	-0.43791
700000.0003	-1.69855
700000.0003	0.470484
700000.0003	1.00585
700000.0003	0.909234
700000.0003	-0.491869
700000.0003	-0.060177
700000.0003	-0.160149
700000.0003	-1.35575
700000.0003	0.750871
700000.0003	-0.428768
700000.0003	0.317897
700000.0003	-0.956974
700000.0003	1.44977
700000.0003	1.06416
700000.0003	0.481077
700000.0003	-1.01607
700000.0003	-0.825443
700000.0003	-0.5077
700000.0003	-1.33929
700000.0003	0.221656
700000.0003	-0.452907
700000.0003	-0.424483
700000.0003	1.50214
700000.0003	-0.41073
700000.0003	-0.0850676
700000.0003	1.55302
700000.0003	2.08543
700000.0003	-0.895046
700000.0003	-0.647416
700000.0003	-0.797397
700000.0003	0.923115
700000.0003	0.017371
700000.0003	0.828297
700000.0003	-0.140728
700000.0003	1.80318
700000.0003	2.6808
700000.0003	-1.03491
700000.0003	0.926482
700000.0003	-4.5745
700000.0003	-0.780388
700000.0003	-4.36804
700000.0003	1.73112
700000.0003	0.526683
700000.0003	2.12181
700000.0003	-1.41368
700000.0003	0.953611
700000.0003	-1.1296
700000.0003	-2.33181
700000.0003	-0.155157
700000.0003	-0.641864
700000.0003	0.749227
700000.0003	-0.467111
700000.0003	2.34983
700000.0003	2.60886
700000.0003	0.702974
700000.0003	-0.980837
700000.0003	-1.87257
700000.0003	0.205442
700000.0003	0.230883
700000.0003	-0.8105
700000.0003	1.59745
700000.0003	-0.376758
700000.0003	0.439493
700000.0003	-0.141364
700000.0003	-0.752548
700000.0003	1.38573
700000.0003	-0.664401
700000.0003	0.772958
700000.0003	-0.507244
700000.0003	1.07384
700000.0003	-0.400614
700000.0003	0.0186944
700000.0003	-0.108508
700000.0003	-0.975986
700000.0003	-0.822645
700000.0003	-0.239228
700000.0003	-0.0243874
700000.0003	-0.309756
700000.0003	-0.290837
700000.0003	-0.52658
700000.0003	-0.201581
700000.0003	-0.0168674
700000.0003	0.186991
700000.0003	-0.471485
700000.0003	0.031805
700000.0003	0.0344029
700000.0003	-0.786757
700000.0003	-0.654373
700000.0003	-0.173553
700000.0003	-0.384265
700000.0003	-0.0354835
700000.0003	-0.160114
700000.0003	0.0133272
700000.0003	-0.303244
700000.0003	0.567113
700000.0003	0.302539
700000.0003	0.273522
700000.0003	0.0707111
700000.0003	-0.880115
700000.0003	0.0907421
700000.0003	-0.0923366
700000.0003	-0.733661
700000.0003	1.58816
700000.0003	0.850071
700000.0003	0.0325463
700000.0003	0.101334
700000.0003	0.354303
700000.0003	0.586952
700000.0003	-0.19755
700000.0003	-0.335436
700000.0003	-0.698994
700000.0003	0.137826
700000.0003	-0.640985
700000.0003	1.06557
700000.0003	-0.305992
700000.0003	1.16095
700000.0003	0.361728
700000.0003	-0.140175
700000.0003	0.188778
700000.0003	-0.937212
700000.0003	-0.544711
700000.0003	-0.160967
700000.0003	0.0614053
700000.0003	0.104818
700000.0003	1.11483
700000.0003	-0.330311
700000.0003	-0.707309
700000.0003	-0.472973
700000.0003	0.0249653
700000.0003	0.939968
700000.0003	0.0355528
700000.0003	0.300559
700000.0003	0.549738
700000.0003	-1.03314
700000.0003	-0.0167787
700000.0003	0.442605
700000.0003	-0.30326
700000.0003	0.590144
700000.0003	0.640232
700000.0003	0.0978724
700000.0003	0.0855692
700000.0003	0.259685
700000.0003	0.289637
700000.0003	0.109646
700000.0003	0.200892
700000.0003	0.321503
700000.0003	-0.354764
700000.0003	-0.0448569
700000.0003	0.116559
700000.0003	0.0576066
700000.0003	0.271667
700000.0003	-0.194932
700000.0003	0.487982
700000.0003	0.192667
700000.0003	0.290658
700000.0003	0.326901
700000.0003	-0.267326
700000.0003	0.89289
700000.0003	-0.454834
700000.0003	0.0818579
700000.0003	0.350753
700000.0003	-0.135653
700000.0003	0.103156
700000.0003	0.304
700000.0003	-0.685993
700000.0003	-0.249479
700000.0003	-0.103823
700000.0003	-0.831799
700000.0003	0.193597
700000.0003	0.115914
700000.0003	-0.195424
700000.0003	-0.530061
700000.0003	0.693323
700000.0003	-0.219947
700000.0003	-0.274406
700000.0003	0.541955
700000.0003	0.462137
700000.0003	-0.662571
700000.0003	-0.621042
700000.0003	-1.45091
700000.0003	-0.796068
700000.0003	0.817897
700000.0003	-0.0368814
700000.0003	0.172357
700000.0003	-0.876708
700000.0003	-0.40272
