700000.0003	27.9514
700000.0003	100.251
700000.0003	203.459
700000.0003	340.263
700000.0003	534.652
700000.0003	771.652
700000.0003	1073.05
700000.0003	1430.81
700000.0003	1840.56
700000.0003	2285.83
700000.0003	2781.17
700000.0003	3310.31
700000.0003	3868.23
700000.0003	4442.12
700000.0003	4996.3
700000.0003	5541.67
700000.0003	6010.1
700000.0003	6374.14
700000.0003	6662.87
700000.0003	6898.92
700000.0003	7028.96
700000.0003	7086.78
700000.0003	7085.87
700000.0003	7033.29
700000.0003	6931.22
700000.0003	6755.19
700000.0003	6641.07
700000.0003	6351.9
700000.0003	6049.31
700000.0003	5705.2
700000.0003	5377.79
700000.0003	4924.9
700000.0003	4521.28
700000.0003	4035.74
700000.0003	3497.17
700000.0003	2953.26
700000.0003	2371.92
700000.0003	1736.14
700000.0003	1069.89
700000.0003	366.1
700000.0003	0
700000.0003	0
700000.0003	0
700000.0003	0
700000.0003	0
700000.0003	0
700000.0003	0
700000.0003	0
700000.0003	0
700000.0003	0
700000.0003	0
700000.0003	0
700000.0003	0
700000.0003	0
700000.0003	0
700000.0003	0
700000.0003	0
700000.0003	0
700000.0003	0
700000.0003	0
700000.0003	0
700000.0003	0
700000.0003	0
700000.0003	0
700000.0003	0
700000.0003	0
700000.0003	0
700000.0003	0
700000.0003	0
700000.0003	0
700000.0003	0
700000.0003	0
700000.0003	0
700000.0003	0
700000.0003	0
700000.0003	0
700000.0003	0
700000.0003	0
700000.0003	0
700000.0003	0
700000.0003	0
700000.0003	0
700000.0003	0
700000.0003	0
700000.0003	0
700000.0003	0
700000.0003	0
700000.0003	0
700000.0003	0
700000.0003	0
700000.0003	0
700000.0003	0
700000.0003	0
700000.0003	0
700000.0003	0
700000.0003	0
700000.0003	0
700000.0003	0
700000.0003	0
700000.0003	0
700000.0003	0
700000.0003	0
700000.0003	0
700000.0003	0
700000.0003	0
700000.0003	0
700000.0003	0
700000.0003	0
700000.0003	0
700000.0003	0
700000.0003	0
700000.0003	0
700000.0003	0
700000.0003	0
700000.0003	0
700000.0003	0
700000.0003	0
700000.0003	0
700000.0003	0
700000.0003	0
700000.0003	0
700000.0003	0
700000.0003	0
700000.0003	0
700000.0003	0
700000.0003	0
700000.0003	0
700000.0003	0
700000.0003	0
700000.0003	0
700000.0003	0
700000.0003	0
700000.0003	0
700000.0003	0
700000.0003	0
700000.0003	0
700000.0003	0
700000.0003	0
700000.0003	0
700000.0003	0
700000.0003	-23.5952
700000.0003	-70.5002
700000.0003	-116.17
700000.0003	-162.033
700000.0003	-207.184
700000.0003	-252.706
700000.0003	-295.928
700000.0003	-338.506
700000.0003	-380.854
700000.0003	-422.963
700000.0003	-463.052
700000.0003	-505.406
700000.0003	-548.345
700000.0003	-586.328
700000.0003	-625.915
700000.0003	-663.416
700000.0003	-705.696
700000.0003	-739.252
700000.0003	-779.367
700000.0003	-817.731
700000.0003	-853.541
700000.0003	-882.63
700000.0003	-916.147
700000.0003	-952.806
700000.0003	-994.825
700000.0003	-1018.53
700000.0003	-1055.41
700000.0003	-1085.86
700000.0003	-1122.36
700000.0003	-1153.22
700000.0003	-1174.95
700000.0003	-1206.34
700000.0003	-1238.64
700000.0003	-1258.77
700000.0003	-1281.96
700000.0003	-1321.44
700000.0003	-1344.39
700000.0003	-1368.05
700000.0003	-1398.74
700000.0003	-1423.19
700000.0003	-1448.4
700000.0003	-1473.47
700000.0003	-1494.4
700000.0003	-1503.12
700000.0003	-1544.02
700000.0003	-1561.18
700000.0003	-1574.26
700000.0003	-1604.44
700000.0003	-1625.31
700000.0003	-1636.95
700000.0003	-1653.53
700000.0003	-1674.7
700000.0003	-1693.66
700000.0003	-1711.52
700000.0003	-1724.29
700000.0003	-1739.46
700000.0003	-1760.73
700000.0003	-1761.76
700000.0003	-1792.19
700000.0003	-1795.38
700000.0003	-1820.83
700000.0003	-1812.83
700000.0003	-1828.07
700000.0003	-1837.36
700000.0003	-1852.22
700000.0003	-1859.54
700000.0003	-1879.37
700000.0003	-1866.07
700000.0003	-1882.74
700000.0003	-1899.08
700000.0003	-1896.12
700000.0003	-1907.5
700000.0003	-1902.59
700000.0003	-1907.45
700000.0003	-1923.87
700000.0003	-1914.92
700000.0003	-1913.45
700000.0003	-1929.45
700000.0003	-1911.95
700000.0003	-1918.96
700000.0003	-1924.75
700000.0003	-1923.8
700000.0003	-1933.66
700000.0003	-1919.46
700000.0003	-1924.98
700000.0003	-1918.56
700000.0003	-1914.28
700000.0003	-1910.21
700000.0003	-1899.38
700000.0003	-1893.51
700000.0003	-1885.05
700000.0003	-1890.18
700000.0003	-1872.52
700000.0003	-1862.07
700000.0003	-1846.25
700000.0003	-1828.85
700000.0003	-1816.63
700000.0003	-1805.76
700000.0003	-1785.47
700000.0003	-1766.91
700000.0003	-1745.68
700000.0003	-1713.32
700000.0003	-1690.35
700000.0003	-1649.96
700000.0003	-1619.73
700000.0003	-1588.08
700000.0003	-1544.62
700000.0003	-1497.61
700000.0003	-1451.48
700000.0003	-1396.47
700000.0003	-1343.97
700000.0003	-1285.67
700000.0003	-1226.71
700000.0003	-1162.76
700000.0003	-1101.99
700000.0003	-1032.87
700000.0003	-972.056
700000.0003	-909.035
700000.0003	-849.73
700000.0003	-786.627
700000.0003	-727.179
700000.0003	-670.872
700000.0003	-616.193
700000.0003	-561.678
700000.0003	-512.998
700000.0003	-464.542
700000.0003	-419.524
700000.0003	-377.119
700000.0003	-335.707
700000.0003	-299.086
700000.0003	-263.848
700000.0003	-232.908
700000.0003	-205.112
700000.0003	-180.221
700000.0003	-155.212
700000.0003	-133.961
700000.0003	-115.818
700000.0003	-99.5143
700000.0003	-84.554
700000.0003	-72.4482
700000.0003	-61.5598
700000.0003	-52.55
700000.0003	-44.4116
700000.0003	-37.4368
700000.0003	-31.0828
700000.0003	-26.2228
700000.0003	-22.2405
700000.0003	-18.6476
700000.0003	-15.7661
700000.0003	-13.2273
700000.0003	-10.9371
700000.0003	-9.10373
700000.0003	-7.40891
700000.0003	-5.99464
700000.0003	-4.81652
700000.0003	-3.77341
700000.0003	-2.74103
700000.0003	-1.92306
700000.0003	-1.11627
700000.0003	-0.366917
700000.0003	0
700000.0003	0
700000.0003	0
700000.0003	0
700000.0003	0
700000.0003	0
700000.0003	0
700000.0003	0
700000.0003	0
700000.0003	0
700000.0003	0
700000.0003	0
700000.0003	0
700000.0003	0
700000.0003	0
700000.0003	0
700000.0003	0
700000.0003	0
700000.0003	0
700000.0003	0
700000.0003	0
700000.0003	0
700000.0003	0
700000.0003	0
700000.0003	0
700000.0003	0
700000.0003	0
700000.0003	0
700000.0003	0
700000.0003	0
700000.0003	0
700000.0003	0
700000.0003	0
700000.0003	0
700000.0003	0
700000.0003	0
700000.0003	0
700000.0003	0
700000.0003	0
700000.0003	0
700000.0003	0
700000.0003	0
700000.0003	0
700000.0003	0
700000.0003	0
700000.0003	0
700000.0003	0
700000.0003	0
700000.0003	0
700000.0003	0
700000.0003	0
700000.0003	0
700000.0003	0
700000.0003	0
700000.0003	0
700000.0003	0
700000.0003	0
700000.0003	0
700000.0003	0
700000.0003	0
700000.0003	0
700000.0003	0
700000.0003	0
700000.0003	0
700000.0003	0
700000.0003	0
700000.0003	0
700000.0003	0
700000.0003	0
700000.0003	0
700000.0003	0
700000.0003	0
700000.0003	0
700000.0003	0
700000.0003	0
700000.0003	0
700000.0003	0
700000.0003	0
700000.0003	0
700000.0003	0
700000.0003	0
700000.0003	0
700000.0003	0
700000.0003	0
700000.0003	0
700000.0003	0
700000.0003	0
700000.0003	0
700000.0003	0
700000.0003	0
700000.0003	0
700000.0003	0
700000.0003	0
700000.0003	0
700000.0003	0
700000.0003	0
700000.0003	0
700000.0003	0
700000.0003	0
700000.0003	0
700000.0003	0.465976
700000.0003	0.624443
700000.0003	-1.39543
700000.0003	-3.28192
700000.0003	1.15815
700000.0003	2.30143
700000.0003	2.61645
700000.0003	-0.950798
700000.0003	0.639524
700000.0003	10.6151
700000.0003	-9.78495
700000.0003	9.91421
700000.0003	-8.61174
700000.0003	-20.31
700000.0003	3.10185
700000.0003	-17.5506
700000.0003	15.9878
700000.0003	26.7662
700000.0003	0.693985
700000.0003	24.4819
700000.0003	9.52537
700000.0003	-30.8129
700000.0003	14.2971
700000.0003	15.5171
700000.0003	-10.7081
700000.0003	6.66277
700000.0003	15.8426
700000.0003	-7.42932
700000.0003	-6.29896
700000.0003	20.3389
700000.0003	-2.85498
700000.0003	-4.90666
700000.0003	-8.82629
700000.0003	-9.46672
700000.0003	11.173
700000.0003	-11.3348
700000.0003	-0.311828
700000.0003	-6.86173
700000.0003	4.45171
700000.0003	-1.82025
700000.0003	0
700000.0003	0
700000.0003	0
700000.0003	0
700000.0003	0
700000.0003	0
700000.0003	0
700000.0003	0
700000.0003	0
700000.0003	0
700000.0003	0
700000.0003	0
700000.0003	0
700000.0003	0
700000.0003	0
700000.0003	0
700000.0003	0
700000.0003	0
700000.0003	0
700000.0003	0
700000.0003	0
700000.0003	0
700000.0003	0
700000.0003	0
700000.0003	0
700000.0003	0
700000.0003	0
700000.0003	0
700000.0003	0
700000.0003	0
700000.0003	0
700000.0003	0
700000.0003	0
700000.0003	0
700000.0003	0
700000.0003	0
700000.0003	0
700000.0003	0
700000.0003	0
700000.0003	0
700000.0003	0
700000.0003	0
700000.0003	0
700000.0003	0
700000.0003	0
700000.0003	0
700000.0003	0
700000.0003	0
700000.0003	0
700000.0003	0
700000.0003	0
700000.0003	0
700000.0003	0
700000.0003	0
700000.0003	0
700000.0003	0
700000.0003	0
700000.0003	0
700000.0003	0
700000.0003	0
700000.0003	0
700000.0003	0
700000.0003	0
700000.0003	0
700000.0003	0
700000.0003	0
700000.0003	0
700000.0003	0
700000.0003	0
700000.0003	0
700000.0003	0
700000.0003	0
700000.0003	0
700000.0003	0
700000.0003	0
700000.0003	0
700000.0003	0
700000.0003	0
700000.0003	0
700000.0003	0
700000.0003	0
700000.0003	0
700000.0003	0
700000.0003	0
700000.0003	0
700000.0003	0
700000.0003	0
700000.0003	0
700000.0003	0
700000.0003	0
700000.0003	0
700000.0003	0
700000.0003	0
700000.0003	0
700000.0003	0
700000.0003	0
700000.0003	0
700000.0003	0
700000.0003	0
700000.0003	0
700000.0003	-0.0792285
700000.0003	-0.253023
700000.0003	0.00370443
700000.0003	-0.257424
700000.0003	-0.224631
700000.0003	-0.0581043
700000.0003	0.354913
700000.0003	0.845561
700000.0003	2.16662
700000.0003	0.858388
700000.0003	0.775539
700000.0003	-0.560854
700000.0003	0.640564
700000.0003	0.276212
700000.0003	0.236203
700000.0003	-0.439981
700000.0003	0.498989
700000.0003	3.32405
700000.0003	1.51308
700000.0003	-3.43205
700000.0003	-0.805937
700000.0003	-1.84192
700000.0003	1.00292
700000.0003	-2.98213
700000.0003	-0.248872
700000.0003	0.814138
700000.0003	3.80492
700000.0003	1.15126
700000.0003	-0.457003
700000.0003	3.59438
700000.0003	-3.64336
700000.0003	1.33397
700000.0003	-1.76571
700000.0003	-1.08708
700000.0003	-0.277237
700000.0003	3.89701
700000.0003	3.49015
700000.0003	-3.0853
700000.0003	0.488286
700000.0003	-2.85595
700000.0003	-2.18418
700000.0003	-1.19673
700000.0003	-3.05197
700000.0003	1.62939
700000.0003	-1.28871
700000.0003	-2.49815
700000.0003	-0.837779
700000.0003	-6.48941
700000.0003	8.78626
700000.0003	0.120198
700000.0003	4.82465
700000.0003	2.18223
700000.0003	-1.8471
700000.0003	1.78416
700000.0003	2.92782
700000.0003	-3.48131
700000.0003	-1.18706
700000.0003	-0.812623
700000.0003	2.25394
700000.0003	4.57063
700000.0003	-2.12259
700000.0003	1.25568
700000.0003	-7.26958
700000.0003	4.15148
700000.0003	-0.150338
700000.0003	-4.99796
700000.0003	-0.222384
700000.0003	-4.58879
700000.0003	-0.761224
700000.0003	-2.22674
700000.0003	1.66047
700000.0003	4.05493
700000.0003	3.92695
700000.0003	0.985148
700000.0003	-2.53608
700000.0003	2.13119
700000.0003	-2.06945
700000.0003	3.053
700000.0003	-5.45189
700000.0003	-1.59908
700000.0003	7.53531
700000.0003	2.29213
700000.0003	0.409549
700000.0003	1.98703
700000.0003	2.02583
700000.0003	-0.277312
700000.0003	1.11175
700000.0003	1.61817
700000.0003	0.752701
700000.0003	1.02787
700000.0003	-0.630745
700000.0003	0.332285
700000.0003	0.317558
700000.0003	4.10837
700000.0003	0.0671178
700000.0003	-0.936025
700000.0003	4.1091
700000.0003	1.99867
700000.0003	2.46613
700000.0003	-1.6854
700000.0003	0.456787
700000.0003	-3.89754
700000.0003	0.502322
700000.0003	5.68413
700000.0003	3.04585
700000.0003	1.45252
700000.0003	-3.1512
700000.0003	3.0064
700000.0003	-1.26047
700000.0003	-2.45859
700000.0003	-4.38776
700000.0003	1.17764
700000.0003	0.945853
700000.0003	-2.69706
700000.0003	-2.62878
700000.0003	-0.413346
700000.0003	-1.34635
700000.0003	-0.812208
700000.0003	-1.47034
700000.0003	0.00398756
700000.0003	-0.794429
700000.0003	-0.372224
700000.0003	0.0278966
700000.0003	-0.263575
700000.0003	-1.46873
700000.0003	-0.581729
700000.0003	-0.0889898
700000.0003	0.133538
700000.0003	0.745428
700000.0003	-0.184747
700000.0003	0.304735
700000.0003	-0.502779
700000.0003	-0.949456
700000.0003	-0.372342
700000.0003	0.0492596
700000.0003	0.0869281
700000.0003	0.0338345
700000.0003	0.681327
700000.0003	-0.0302098
700000.0003	0.682569
700000.0003	-0.324081
700000.0003	-0.0847423
700000.0003	0.123748
700000.0003	0.0552045
700000.0003	0.0202303
700000.0003	0.0117777
700000.0003	0.17626
700000.0003	0.010528
700000.0003	-0.0128621
700000.0003	0.261169
700000.0003	-0.00647203
700000.0003	0.118783
700000.0003	0.0275458
700000.0003	0.0658501
700000.0003	-0.00964239
700000.0003	-0.0243861
700000.0003	0.0119504
700000.0003	-0.0102989
700000.0003	0.0143973
700000.0003	0.00232283
700000.0003	0
700000.0003	0
700000.0003	0
700000.0003	0
700000.0003	0
700000.0003	0
700000.0003	0
700000.0003	0
700000.0003	0
700000.0003	0
700000.0003	0
700000.0003	0
700000.0003	0
700000.0003	0
700000.0003	0
700000.0003	0
700000.0003	0
700000.0003	0
700000.0003	0
700000.0003	0
700000.0003	0
700000.0003	0
700000.0003	0
700000.0003	0
700000.0003	0
700000.0003	0
700000.0003	0
700000.0003	0
700000.0003	0
700000.0003	0
700000.0003	0
700000.0003	0
700000.0003	0
700000.0003	0
700000.0003	0
700000.0003	0
700000.0003	0
700000.0003	0
700000.0003	0
700000.0003	0
700000.0003	0
700000.0003	0
700000.0003	0
700000.0003	0
700000.0003	0
700000.0003	0
700000.0003	0
700000.0003	0
700000.0003	0
700000.0003	0
700000.0003	0
700000.0003	0
700000.0003	0
700000.0003	0
700000.0003	0
700000.0003	0
700000.0003	0
700000.0003	0
700000.0003	0
700000.0003	0
700000.0003	0
700000.0003	0
700000.0003	0
700000.0003	0
700000.0003	0
700000.0003	0
700000.0003	0
700000.0003	0
700000.0003	0
700000.0003	0
700000.0003	0
700000.0003	0
700000.0003	0
700000.0003	0
700000.0003	0
700000.0003	0
700000.0003	0
700000.0003	0
700000.0003	0
700000.0003	0
700000.0003	0
700000.0003	0
700000.0003	0
700000.0003	0
700000.0003	0
700000.0003	0
700000.0003	0
700000.0003	0
700000.0003	0
700000.0003	0
700000.0003	0
700000.0003	0
700000.0003	0
700000.0003	0
700000.0003	0
700000.0003	0
700000.0003	0
700000.0003	0
700000.0003	0
700000.0003	0
