700000.0003	2957.5	2962.68	2962.08	2959.22	2957.46	2959	2960.26	2956.78	2957.6	2961.54	2956.4	2958.34	2959.58	2960.9	2957.03
700000.0003	1534.42	1532.8	1532.5	1533.23	1534.72	1533.86	1531.88	1533.14	1534.29	1535.49	1530.86	1532.92	1534.7	1533.56	1532.45
700000.0003	193.499	192.973	193.578	194.278	194.48	193.832	194.37	193.879	193.808	194.668	194.008	194.777	194.911	194.525	194.579
700000.0003	32.2237	32.2904	32.5284	32.5431	32.4821	31.8172	32.4695	31.9527	32.7232	31.6995	32.4237	32.4977	32.1551	31.9717	32.276
700000.0003	19.2931	19.5461	19.3285	19.8528	19.5772	19.479	19.1643	19.0811	19.1379	19.2018	19.7968	19.3164	19.3236	19.2493	19.0559
700000.0003	17.0152	16.739	16.5271	16.6741	16.7326	16.9062	16.3293	16.4875	16.8816	16.7603	16.4669	17.0599	16.9268	16.9841	16.7153
700000.0003	15.1993	15.1349	15.2788	14.9492	14.8696	15.4156	15.2857	15.2475	15.3568	15.2748	15.2509	15.338	15.2977	15.2009	15.0831
700000.0003	14.5329	14.4411	13.9457	14.4958	14.3307	14.7294	14.3489	14.3499	14.5041	14.7849	14.4249	14.7089	14.6636	14.5154	14.3368
700000.0003	13.9766	14.0535	14.1479	14.4156	13.8968	13.775	13.8591	13.9925	13.7825	14.2317	13.9369	14.0966	14.0901	14.0055	14.0589
700000.0003	13.4731	13.7311	13.8934	13.4685	13.6073	13.9512	13.6601	13.6112	13.5175	13.6135	13.8035	13.6899	14.0393	13.4562	13.5973
700000.0003	13.4552	13.0107	13.376	13.5664	12.8611	13.5319	13.5522	13.5017	12.8434	13.4739	13.4677	13.0834	13.5924	13.5343	13.248
700000.0003	13.5021	13.2528	13.5955	13.4329	12.9998	13.2613	13.2497	13.2846	13.4415	13.0609	13.0631	13.2247	13.4801	13.7412	13.5618
700000.0003	13.6114	13.5182	13.7892	13.0598	13.2899	13.2701	13.1848	13.2592	13.2029	13.3587	13.2819	13.2562	13.3484	13.0446	13.4443
700000.0003	13.0563	13.3277	13.0414	13.4477	13.4198	13.3335	13.4533	13.2605	13.4058	13.425	13.4505	13.2951	13.0493	13.227	13.5052
700000.0003	13.4777	13.2317	13.407	13.6137	13.4172	13.9102	13.5121	13.6412	13.3413	13.8058	13.486	13.1541	13.4641	13.6835	13.4508
700000.0003	14.1516	14.0114	13.7859	13.7624	14.2399	14.1848	13.7634	13.7367	14.2557	14.4338	14.2095	14.0211	13.8273	13.7937	13.8478
700000.0003	15.412	15.2353	15.0313	15.3983	15.5671	15.0117	15.3042	15.1698	15.0698	15.408	15.5432	15.3619	15.2439	14.9444	15.1883
700000.0003	17.1091	17.1464	17.0252	16.9499	17.4535	16.7576	16.9156	16.6567	16.9063	16.6347	16.9201	17.0823	17.1473	16.6869	16.6652
700000.0003	19.9924	20.271	19.7746	19.6172	19.964	19.4716	19.8148	20.1451	19.6184	19.6709	19.4768	19.8983	19.7653	19.6158	20.0087
700000.0003	24.1411	24.2497	23.642	23.8631	23.7823	23.9954	23.7559	23.9619	23.7589	24.2066	24.111	24.2141	24.1503	24.0213	23.9788
700000.0003	30.9346	30.378	30.3968	30.4611	30.418	30.703	30.4581	30.2249	30.8914	30.5152	30.6916	30.596	31.4708	30.5503	30.8162
700000.0003	42.6811	41.9181	42.3803	42.3306	42.7283	41.8615	42.3155	42.3493	41.861	41.5473	41.9698	41.9136	42.5567	42.6286	42.4786
700000.0003	67.7732	67.3587	67.5007	67.6642	67.7777	67.3622	67.7525	67.3973	67.3932	67.1335	66.9368	67.0748	68.5026	67.3418	66.8605
700000.0003	155.78	155.788	155.396	156.589	155.914	154.965	155.023	155.357	154.744	156.189	155.441	155.145	156.214	154.843	156.413
700000.0003	517.163	517.047	516.996	516.099	516.303	515.128	515.107	514.848	515.023	514.949	516.132	515.057	517.693	515.185	516.184
700000.0003	1362.86	1362.36	1364.84	1362.73	1359.12	1361.24	1361.88	1361.42	1360.43	1362.35	1361.77	1359.04	1364.13	1361.63	1363.32
700000.0003	2203.54	2202.92	2202.6	2201.83	2198.12	2201.12	2200.18	2201.72	2203.62	2198.29	2200.36	2202.25	2203.42	2202.89	2203.19
700000.0003	2642.27	2642.21	2642.53	2640.44	2642.14	2639.12	2642.12	2642.92	2642.2	2639.75	2641.05	2645.08	2644.26	2645.27	2642.5
700000.0003	2787.79	2787.77	2785.71	2788.91	2787.38	2786.93	2788.03	2787.44	2786.59	2788.18	2789.34	2791.71	2789.96	2791.84	2792.07
700000.0003	2835.46	2836.2	2835.84	2835.09	2832.5	2835.47	2835.85	2836.3	2832.64	2835.46	2837.46	2837.13	2838.48	2838.05	2836.93
700000.0003	2862.05	2865.7	2866.46	2863.26	2861.96	2866.02	2865.4	2862.99	2863	2866.51	2866.87	2862.79	2868.1	2870.54	2865.92
700000.0003	2893	2893.75	2891.3	2890.97	2891.85	2894.41	2891.05	2888.8	2891.43	2896.37	2893.94	2890.48	2893.01	2894.17	2893.39
700000.0003	2921.88	2919.73	2920.11	2918.03	2919.64	2917.17	2920.3	2921.91	2917.01	2917.81	2919	2922.02	2922.06	2919.39	2919.79
700000.0003	2947.36	2946.39	2943.71	2951.16	2945.67	2944.51	2945.15	2947.08	2945.77	2945.11	2949.28	2948.79	2946.93	2945.45	2948.99
700000.0003	2976.97	2975.52	2971.4	2971.42	2971.54	2975.87	2973.96	2971.2	2973.8	2974.39	2974.51	2973.09	2973.69	2975	2972.67
700000.0003	2997.66	3005.14	3003	2995.2	2999.48	3002.21	3001.08	2995.04	2999.11	3004.42	2999.04	2998.11	3003.99	3003.3	2997.61
700000.0003	3027.31	3027.94	3027.85	3024.77	3025.51	3029.47	3025.06	3023.35	3028.71	3033.54	3024.03	3020.89	3029.51	3030.29	3027.68
700000.0003	3053.62	3055.05	3053.16	3053.92	3050.54	3055.16	3051.63	3053.15	3051.85	3052.41	3055.05	3052.12	3054.31	3053.1	3055.6
700000.0003	3074.59	3075.28	3082.29	3081.89	3076.3	3077.09	3079.11	3078.08	3078.27	3077.79	3079.9	3075.22	3077.65	3081.87	3082.55
700000.0003	3097.28	3096.55	3100.28	3096.32	3096.83	3096.22	3097.59	3095.49	3095.51	3097.06	3098.62	3094.55	3094.69	3100.75	3098.61
700000.0003	-0.802823	-0.519459	-0.121	0.658136	-1.05317	1.06878	-0.136868	0.851473	-0.436121	0.694368	-1.01597	1.59747	1.21304	0.633894	0.235665
700000.0003	-0.996207	0.353274	0.35835	0.505297	0.114215	0.753045	-0.45819	0.0127481	0.467667	0.821259	1.32929	-0.102226	-0.0340949	-0.0772075	0.228118
700000.0003	-0.233307	-0.0275177	0.76804	-0.294962	-0.074602	0.221986	0.756604	0.0165721	-0.357566	0.175766	0.0929108	-0.0874253	-0.406129	0.278126	0.279271
700000.0003	0.163609	0.204273	-0.012585	-0.224861	-0.0341961	0.217648	-0.00510094	-0.0633564	0.0242738	-0.22205	-0.0461178	-0.0130807	-0.0927871	0.0101676	-0.179073
700000.0003	0.0395664	-0.0911299	-0.177858	-0.0604586	-0.0143138	-0.193387	-0.0853509	0.0470794	-0.150514	0.0417961	-0.0346957	0.135757	0.0880383	-0.198537	0.0343374
700000.0003	-0.128537	-0.104623	0.0691239	-0.0164914	-0.0826442	-0.0334414	0.145391	0.0469151	-0.038182	0.000244586	0.0233929	-0.0761709	0.0154556	0.00754304	-0.279774
700000.0003	0.114007	0.0220206	-0.0704419	-0.101391	-0.232663	-0.12424	0.060018	-0.0395876	0.166934	0.113454	-0.113408	-0.113523	0.228239	0.00932949	-0.00183063
700000.0003	-0.0212202	0.0553184	0.0889089	-0.0739678	-0.0839061	-0.0927378	-0.00857913	0.0289139	0.128771	0.20865	0.278017	0.00331281	-0.183058	0.000812646	0.058339
700000.0003	0.117674	0.0230636	0.0254859	0.104057	-0.0265549	0.0235053	0.0497603	0.143253	0.14065	-0.17848	-0.0447602	-0.0132685	-0.024821	0.00686073	0.142624
700000.0003	-0.014792	0.0922405	0.0200319	-0.0381275	-0.0712836	-0.0742766	-0.0843378	0.094391	0.00576183	-0.047292	-0.0916109	-0.0412452	0.0466312	-0.00996589	-0.0447853
700000.0003	-0.0337065	0.0355421	-0.00659874	-0.04241	-0.12779	0.210728	-0.210873	-0.0433612	0.0226837	0.0510123	-0.129625	-0.098664	-0.133569	0.0978417	-0.0181622
700000.0003	-0.141512	0.0408385	0.0539	-0.0157527	0.0277801	-0.145202	-0.00202527	-0.0161481	-0.0980276	-0.0405481	-0.0261678	0.0632554	-0.00338976	-0.250136	0.119877
700000.0003	0.0979148	0.081384	-0.0927626	0.15683	0.069705	-0.044677	-0.0806589	0.110065	-0.0309011	0.0609602	0.1143	-0.277249	0.0473392	0.0100156	0.0824236
700000.0003	-0.266007	-0.041125	-0.0394457	-0.078408	0.130456	0.0683505	0.00963259	0.0720845	0.0274647	-0.100379	0.000502769	-0.0676128	-0.0483346	-0.0505365	-0.107312
700000.0003	0.0313907	0.123005	-0.0441291	0.195081	0.039483	-0.192371	0.0144009	0.125867	0.0513358	-0.143387	0.0830334	-0.0886426	0.0976723	-0.0715235	-0.122702
700000.0003	-0.00753604	-0.101783	0.00677263	-0.0376399	0.0243046	-0.115295	-0.0230148	0.122522	0.203151	-0.0563511	-0.151739	-0.206828	-0.0369709	-0.032027	-0.122519
700000.0003	-0.0601786	0.197464	0.0977141	-0.0979389	-0.241042	0.0846513	-0.11176	-0.14863	0.0332898	0.0928041	-0.14114	-0.0476234	0.0972102	-0.0914563	-0.0236407
700000.0003	0.0227602	-0.0940192	0.0696308	0.016085	-0.105924	-0.0140146	-0.048465	0.00706525	-0.0594039	-0.175743	-0.0750601	-0.0110173	0.0200737	0.0742139	-0.016015
700000.0003	0.0624488	-0.196982	0.0141917	-0.0698923	-0.0312942	0.138396	0.112263	-0.0869743	0.140826	0.0339123	0.240733	-0.00968022	0.0243922	-0.0663868	-0.0866133
700000.0003	-0.0262315	0.0148361	0.0635057	-0.069265	0.0282749	-0.0274732	0.0915138	-0.219765	-0.150223	0.0143647	0.0737351	-0.247936	-0.118394	-0.100867	-0.113856
700000.0003	0.13713	-0.0238403	-0.309724	0.0214281	-0.014353	0.109516	-0.0540591	-0.0253692	0.0541684	-0.262689	-0.12377	0.0537875	-0.191151	-0.00781731	0.0285514
700000.0003	0.163223	0.324072	0.0936328	-0.0546397	0.00961109	-0.0758211	0.161684	-0.233787	-0.0424807	-0.100067	-0.103984	-0.0487889	0.116893	-0.202088	-0.182265
700000.0003	0.510752	-0.345314	0.0540821	-0.0520114	-0.131335	-0.564869	-0.0398994	0.0755806	-0.116728	-0.0287542	0.15561	-0.135255	-0.386741	-0.0566913	0.0665767
700000.0003	0.114191	-0.176746	0.571006	-0.156136	-0.511551	0.106872	-0.364554	-0.180997	-0.209717	-0.305931	0.250841	0.267726	0.0838936	-0.427943	0.240625
700000.0003	0.492776	-0.484485	0.257852	-0.227955	0.228612	0.0915846	-0.172678	0.153448	0.16347	0.166704	-0.204664	-0.656275	0.305276	-0.353524	-1.25044
700000.0003	-0.0570027	0.351338	0.688703	0.0685195	0.370343	0.809625	-0.359085	0.715195	-0.922738	-0.421843	0.399897	0.627216	-0.446927	0.900513	-0.0290749
700000.0003	-1.02286	0.7852	-0.0373707	-0.2429	-0.42926	-0.132846	0.390075	0.670667	0.911186	-0.495152	0.581702	-0.623019	0.631621	-0.0711289	-0.343883
700000.0003	0.0286755	0.0728467	0.141818	-0.0599115	-0.557634	-0.731187	-0.995295	0.723502	1.33634	1.1597	-0.307327	0.35915	0.0234841	-0.638438	-0.17006
700000.0003	1.40265	0.385409	0.447187	-0.335358	0.159766	0.146473	0.125738	0.138055	1.3772	0.438782	-0.757922	-0.213813	1.06738	0.638907	1.19351
700000.0003	1.85715	1.09609	0.525082	0.704223	-0.190179	-0.583601	0.497615	0.4061	0.269555	0.352096	-0.346399	0.323214	0.101667	0.984691	1.24283
700000.0003	1.00275	0.895734	0.423398	0.88775	0.189551	-0.0731844	0.591376	0.344843	0.225091	-0.0749497	-0.551994	-0.0333955	0.653907	1.52231	2.02474
700000.0003	1.88257	0.565072	0.745764	1.36358	0.392365	0.22601	0.114784	0.940338	-0.0854333	0.969333	0.973305	0.120513	0.251715	0.270227	1.21922
700000.0003	0.0720852	1.34853	2.11084	0.856079	-0.170491	0.0287955	0.604802	1.0067	1.52396	0.292286	0.0472921	-0.369548	1.1554	0.39318	1.2988
700000.0003	0.461668	1.17279	0.208234	0.354206	1.51709	0.127079	0.248063	0.352226	1.22221	0.270661	-0.386822	-0.0430856	0.668557	1.49576	0.351787
700000.0003	1.68284	0.915847	0.263398	-0.436316	0.907901	0.594186	0.259466	0.141756	0.879461	0.367694	0.2766	0.539321	0.593155	0.322291	-0.212192
700000.0003	-0.348843	0.0777987	0.82936	0.919215	0.568554	0.245426	0.258902	1.49983	-0.0480996	-1.07259	-0.370125	0.855435	2.01583	1.18647	0.866087
700000.0003	0.851935	-0.0487953	1.49923	0.240043	-0.131931	-0.0902847	0.795126	-0.481738	-0.507212	0.877368	2.0167	0.695786	-1.39584	0.936274	1.6076
700000.0003	0.193639	1.22617	1.94055	0.029961	-0.470329	-0.156592	0.21517	0.130495	-0.828422	0.9432	0.0438473	-0.0400186	2.2691	1.59528	-0.0460572
700000.0003	1.02184	1.05467	-0.546568	0.297202	0.75053	-0.111931	-0.825808	-0.178648	1.74373	0.344283	0.474486	0.526949	1.4303	0.0265406	1.13411
700000.0003	1.71319	0.852187	-1.38223	-0.24699	0.711406	0.120676	1.4362	0.0553202	-0.0326122	-0.0833969	0.614991	1.2466	0.072052	-0.00949129	1.14083
700000.0003	2912.82	2916.52	2913.81	2914.57	2910.64	2910.28	2913.58	2910.8	2909.67	2910.97	2910.71	2912.82	2911.57	2913.35	2913.02
700000.0003	1606.65	1605.04	1607.22	1603.74	1607.28	1605.63	1603.27	1605.54	1604.9	1605.6	1603.64	1602.38	1606.41	1606.04	1604.81
700000.0003	174.107	174.768	173.438	174.676	174.022	173.802	173.352	173.928	174.209	174.584	174.963	173.966	174.362	174.036	173.592
700000.0003	28.49	28.125	28.564	28.6444	28.4196	28.13	28.3126	28.5056	28.7111	28.1685	28.0949	28.2342	28.0269	27.6569	28.7288
700000.0003	18.3827	18.3078	18.3296	18.3482	18.312	18.2616	18.5851	17.9233	18.6941	18.2826	18.4116	18.0335	18.3043	18.2122	18.2724
700000.0003	16.0811	16.1337	16.0354	15.937	16.2291	16.1786	16.0471	15.7292	16.7014	16.0156	16.1118	16.376	16.3785	16.2382	16.1192
700000.0003	14.7262	14.7722	14.8458	14.9053	14.7609	15.2367	15.0569	15.0169	15.4228	14.9171	15.0641	15.0715	14.9128	15.1932	14.5091
700000.0003	14.0255	14.3077	13.91	14.3605	14.4108	14.3846	14.1146	14.0038	14.2242	14.4757	14.5445	14.3571	14.3779	14.2437	14.1121
700000.0003	13.8931	13.983	13.8855	13.8159	13.6901	13.6631	13.7728	13.9807	13.6463	13.8762	14.1541	13.9118	14.0332	13.6629	14.1018
700000.0003	13.4982	13.5826	13.5004	13.7032	13.5855	13.7647	13.4433	13.7927	13.4655	13.5325	13.6695	13.5112	13.6733	13.5644	13.5858
700000.0003	13.1289	13.2155	13.3906	13.3943	13.0431	13.0708	13.3443	13.4646	13.5368	13.2597	13.4597	13.3515	13.1539	13.4521	13.4769
700000.0003	13.5426	13.3494	13.3092	13.196	12.9456	13.2586	13.1187	13.2787	13.1715	13.3731	13.2164	13.31	13.3076	13.4793	13.393
700000.0003	13.5277	13.2455	13.5802	13.415	13.5142	13.3071	13.1913	13.2215	13.2606	13.2169	13.5031	13.287	13.2904	13.3314	13.1996
700000.0003	13.1456	13.2509	12.935	13.3945	13.3687	13.192	13.3481	13.0986	13.2693	13.4288	13.3231	13.0799	12.9032	12.8684	13.4432
700000.0003	13.2502	13.3023	13.3837	13.7077	13.3262	13.6831	13.4092	13.3749	13.364	13.4064	13.2361	13.2334	13.3663	13.7067	13.3989
700000.0003	13.8305	14.0406	14.2325	14.0374	14.1457	14.1412	13.8106	13.5169	14.2023	14.1563	13.9918	13.8795	13.776	13.7704	14.1852
700000.0003	14.8222	15.0666	15.0592	15.4729	15.3168	14.9614	14.9929	14.9461	15.0483	15.311	15.1933	15.1973	15.2116	14.8484	15.004
700000.0003	16.9703	17.0103	17.3202	16.9175	17.1763	16.8964	16.7366	17.1405	16.875	16.5853	17.2666	17.2462	16.8465	16.9798	16.6803
700000.0003	19.7011	20.1637	19.771	19.4625	19.8316	19.41	20.0147	19.8048	19.7318	19.8353	19.4811	19.4681	20.1946	19.9958	19.8164
700000.0003	24.0537	24.2623	23.4773	23.5829	23.899	23.946	23.8375	23.6748	24.0479	24.0565	24.0666	24.0904	24.0083	24.1023	23.6361
700000.0003	30.3129	30.5574	30.7226	30.1489	30.2784	30.7041	30.5754	30.2823	30.4438	30.2275	30.0792	30.3298	30.8602	30.1442	30.3508
700000.0003	41.467	41.7697	42.0285	41.9326	41.923	41.5662	41.9082	41.63	41.633	41.5015	41.8613	41.4947	42.0515	41.813	41.5918
700000.0003	66.7016	66.5065	67.2932	67.0316	66.8755	66.7118	66.3466	66.4483	66.1213	66.4486	66.2221	66.5157	67.213	66.3496	65.9874
700000.0003	153.105	152.001	153.534	153.749	153.415	152.902	152.277	152.448	151.822	153.077	152.319	152.791	153.262	152.722	152.415
700000.0003	521.473	521.036	520.729	520.743	520.688	518.784	520.485	518.431	519.916	520.062	520.507	519.804	521.073	518.793	519.533
700000.0003	1364.55	1363.67	1363.11	1363.87	1361.13	1362.91	1362.11	1363.46	1359.16	1361.11	1364.23	1362.13	1363.58	1364.45	1363.92
700000.0003	2156.45	2154.33	2153.68	2154.57	2153.88	2153.54	2154.34	2154.21	2156.22	2151.46	2153.48	2155	2154.72	2154.43	2156.1
700000.0003	2585.09	2584.61	2585.44	2583.38	2583.79	2585.18	2586.19	2587.45	2584.06	2588.64	2587.52	2587.34	2589.18	2589.46	2585.88
700000.0003	2780.9	2781.34	2779.44	2778.53	2780.16	2778.29	2781.34	2775.37	2780.02	2780.39	2779.78	2784.46	2782	2783.09	2781.26
700000.0003	2869.9	2869.38	2869	2871.08	2870.61	2866.12	2867.3	2871.04	2867.57	2866.41	2869.18	2870	2867.66	2868.43	2870.65
700000.0003	2909.3	2910.51	2910.94	2908.96	2908.74	2908.82	2910.04	2910.46	2909.72	2908.54	2910.38	2909.82	2909.94	2908.89	2909.24
700000.0003	2934.98	2936.74	2935.8	2933.98	2934.19	2940.18	2934.68	2934.45	2933.99	2937.61	2934.71	2933.21	2936.09	2936.57	2935.07
700000.0003	2957.56	2957.37	2957.84	2956.15	2958.84	2957.19	2957.34	2955.62	2956.3	2956.85	2956.96	2954.54	2957.31	2956.15	2956.59
700000.0003	2974.98	2974.64	2975.71	2980.89	2974.6	2975.25	2975.02	2977.25	2975.76	2973.06	2977.3	2975.54	2974.5	2974.41	2976.66
700000.0003	2995.58	2991.54	2991.76	2993.31	2993	2993	2992.21	2994.21	2993.65	2992.17	2993.68	2994.67	2991	2993.35	2993.76
700000.0003	3010.81	3009.95	3009.77	3005.9	3009.3	3009.42	3011.06	3008.79	3010.04	3010.48	3008.44	3011.66	3011.46	3010.67	3007.54
700000.0003	3026.63	3026.41	3027.8	3027.33	3027.05	3024.84	3025.77	3026.55	3027.23	3027.62	3023.9	3024.07	3028.02	3026.32	3025.25
700000.0003	3045.83	3046.03	3045.51	3046.19	3045.89	3047.51	3045.75	3046.31	3044.75	3045.8	3045.67	3044.85	3045.23	3044	3045.79
700000.0003	3069.31	3071.61	3068.1	3071.35	3071.16	3072.24	3070.52	3071.14	3070.34	3070.92	3071.62	3070.39	3070.52	3070.77	3072.97
700000.0003	3085.73	3085.37	3087.4	3082.77	3084.49	3083.66	3083.64	3083.62	3085.62	3084.14	3085.64	3085.43	3085.13	3086.37	3083.77
