700000.0003	63.1216
700000.0003	112.987
700000.0003	194.681
700000.0003	315.142
700000.0003	483.694
700000.0003	698.034
700000.0003	960.542
700000.0003	1258.57
700000.0003	1593.24
700000.0003	1967.39
700000.0003	2392.23
700000.0003	2854.67
700000.0003	3306.54
700000.0003	3650.26
700000.0003	3809.29
700000.0003	3732.36
700000.0003	3457
700000.0003	3053.89
700000.0003	2588.07
700000.0003	2138.68
700000.0003	1725.16
700000.0003	1367.71
700000.0003	1057
700000.0003	809.969
700000.0003	610.072
700000.0003	461.267
700000.0003	349.838
700000.0003	263.109
700000.0003	198.919
700000.0003	153.148
700000.0003	117.613
700000.0003	91.5044
700000.0003	70.3158
700000.0003	54.585
700000.0003	43.1301
700000.0003	35.7287
700000.0003	28.0144
700000.0003	21.2021
700000.0003	17.127
700000.0003	14.2938
700000.0003	11.0297
700000.0003	9.68162
700000.0003	6.95462
700000.0003	8.47465
700000.0003	5.33636
700000.0003	4.31802
700000.0003	4.0214
700000.0003	4.2494
700000.0003	4.15572
700000.0003	4.14215
700000.0003	3.05198
700000.0003	3.7597
700000.0003	3.09949
700000.0003	2.54561
700000.0003	2.76651
700000.0003	2.52555
700000.0003	2.38246
700000.0003	2.01347
700000.0003	3.20141
700000.0003	2.62243
700000.0003	3.61134
700000.0003	2.1369
700000.0003	1.8997
700000.0003	0.649576
700000.0003	1.66158
700000.0003	1.43902
700000.0003	1.46287
700000.0003	1.40297
700000.0003	1.34303
700000.0003	1.01838
700000.0003	0.608498
700000.0003	0.904909
700000.0003	1.55005
700000.0003	1.1116
700000.0003	0.0023398
700000.0003	1.09943
700000.0003	1.0853
700000.0003	0.557528
700000.0003	0.97966
700000.0003	0.485878
700000.0003	0.276009
700000.0003	0.460772
700000.0003	0.583846
700000.0003	0.595187
700000.0003	1.02351
700000.0003	0.0449974
700000.0003	1.40521
700000.0003	0.242772
700000.0003	1.30736
700000.0003	0.217688
700000.0003	0.115444
700000.0003	0.414092
700000.0003	1.15878
700000.0003	-0.662624
700000.0003	0.138516
700000.0003	0.523683
700000.0003	0.231613
700000.0003	1.39062
700000.0003	1.14827
700000.0003	1.14039
700000.0003	1.13036
700000.0003	0.153376
700000.0003	0.204246
700000.0003	0.668039
700000.0003	-0.695049
700000.0003	-0.186599
700000.0003	-0.0118332
700000.0003	0.19752
700000.0003	-0.803385
700000.0003	0.0761176
700000.0003	-0.0608241
700000.0003	1.1828
700000.0003	-0.286636
700000.0003	-0.522574
700000.0003	1.43594
700000.0003	-0.479558
700000.0003	-0.518293
700000.0003	-0.321065
700000.0003	-0.62819
700000.0003	0.48609
700000.0003	0.789526
700000.0003	-0.29265
700000.0003	-0.241139
700000.0003	-0.221419
700000.0003	-0.744312
700000.0003	0.447267
700000.0003	1.1191
700000.0003	0.449909
700000.0003	0.216991
700000.0003	0.214436
700000.0003	-0.169795
700000.0003	-0.58145
700000.0003	0.421387
700000.0003	-0.163875
700000.0003	-0.800639
700000.0003	-0.211646
700000.0003	0.362519
700000.0003	-0.0709393
700000.0003	-0.227528
700000.0003	0.973845
700000.0003	-0.6422
700000.0003	-0.770628
700000.0003	-1.17817
700000.0003	-0.40167
700000.0003	-0.781355
700000.0003	-0.925249
700000.0003	0.199526
700000.0003	-0.178314
700000.0003	-0.194112
700000.0003	-0.639831
700000.0003	0.056754
700000.0003	-0.482289
700000.0003	-1.01106
700000.0003	-1.40224
700000.0003	-2.07305
700000.0003	-1.07202
700000.0003	-1.72631
700000.0003	-2.33796
700000.0003	-2.52238
700000.0003	-2.36761
700000.0003	-1.61348
700000.0003	-2.60564
700000.0003	-1.34784
700000.0003	-1.77219
700000.0003	-1.02515
700000.0003	-2.22497
700000.0003	-2.91428
700000.0003	-1.00262
700000.0003	-1.89192
700000.0003	-3.27883
700000.0003	-2.32839
700000.0003	-1.47139
700000.0003	-2.08705
700000.0003	-4.07956
700000.0003	-3.93104
700000.0003	-2.93884
700000.0003	-4.15439
700000.0003	-4.33426
700000.0003	-4.32391
700000.0003	-4.2469
700000.0003	-3.91732
700000.0003	-4.37478
700000.0003	-4.05634
700000.0003	-5.13609
700000.0003	-3.67612
700000.0003	-6.92921
700000.0003	-5.84928
700000.0003	-6.25375
700000.0003	-6.37055
700000.0003	-5.42871
700000.0003	-5.89753
700000.0003	-6.54446
700000.0003	-6.77228
700000.0003	-5.77234
700000.0003	-7.74325
700000.0003	-8.20235
700000.0003	-7.99734
700000.0003	-8.58862
700000.0003	-8.5687
700000.0003	-8.67915
700000.0003	-11.1926
700000.0003	-10.4825
700000.0003	-11.3929
700000.0003	-10.7098
700000.0003	-11.7545
700000.0003	-13.4362
700000.0003	-13.9746
700000.0003	-15.4932
700000.0003	-14.9569
700000.0003	-16.776
700000.0003	-16.9476
700000.0003	-17.481
700000.0003	-19.6619
700000.0003	-20.7802
700000.0003	-21.8001
700000.0003	-22.93
700000.0003	-26.0921
700000.0003	-27.2035
700000.0003	-29.2211
700000.0003	-32.9432
700000.0003	-35.5682
700000.0003	-38.4231
700000.0003	-41.5944
700000.0003	-49.1436
700000.0003	-53.9169
700000.0003	-59.4834
700000.0003	-67.4252
700000.0003	-77.9743
700000.0003	-87.4914
700000.0003	-101.976
700000.0003	-118.204
700000.0003	-135.281
700000.0003	-157.802
700000.0003	-183.187
700000.0003	-212.478
700000.0003	-249.572
700000.0003	-288.238
700000.0003	-333.887
700000.0003	-389.392
700000.0003	-450.63
700000.0003	-521.174
700000.0003	-599.503
700000.0003	-684.468
700000.0003	-773.827
700000.0003	-868.43
700000.0003	-966.649
700000.0003	-1064.53
700000.0003	-1159.37
700000.0003	-1250.04
700000.0003	-1330.52
700000.0003	-1398.42
700000.0003	-1450.66
700000.0003	-1485.93
700000.0003	-1509.24
700000.0003	-1512.57
700000.0003	-1501.92
700000.0003	-1475.18
700000.0003	-1430.42
700000.0003	-1386.39
700000.0003	-1337.32
700000.0003	-1274.68
700000.0003	-1211.81
700000.0003	-1143.56
700000.0003	-1068.69
700000.0003	-1007.12
700000.0003	-937.866
700000.0003	-868.819
700000.0003	-804.227
700000.0003	-735.33
700000.0003	-671.347
700000.0003	-611.328
700000.0003	-556.548
700000.0003	-494.234
700000.0003	-444.125
700000.0003	-393.933
700000.0003	-346.906
700000.0003	-303.76
700000.0003	-267.697
700000.0003	-232.674
700000.0003	-205.812
700000.0003	-176.611
700000.0003	-155.382
700000.0003	-136.168
700000.0003	-120.523
700000.0003	-106.976
700000.0003	-94.6917
700000.0003	-85.8751
700000.0003	-78.3285
700000.0003	-70.3347
700000.0003	-65.5341
700000.0003	-60.0641
700000.0003	-56.8721
700000.0003	-53.7486
700000.0003	-50.8963
700000.0003	-50.7169
700000.0003	-48.6446
700000.0003	-46.3523
700000.0003	-44.2781
700000.0003	-43.7467
700000.0003	-41.7948
700000.0003	-42.0048
700000.0003	-40.7233
700000.0003	-40.9525
700000.0003	-41.3043
700000.0003	-41.36
700000.0003	-41.369
700000.0003	-41.2636
700000.0003	-40.1737
700000.0003	-41.544
700000.0003	-40.7476
700000.0003	-41.0335
700000.0003	-41.2361
700000.0003	-41.6448
700000.0003	-40.7639
700000.0003	-41.0259
700000.0003	-40.4388
700000.0003	-40.4758
700000.0003	-40.6006
700000.0003	-40.8754
700000.0003	-40.8499
700000.0003	-41.0003
700000.0003	-40.6993
700000.0003	-41.2069
700000.0003	-40.3192
700000.0003	-40.2667
700000.0003	-40.8238
700000.0003	-41.1133
700000.0003	-41.0788
700000.0003	-40.4722
700000.0003	-40.7338
700000.0003	-40.3735
700000.0003	-40.2606
700000.0003	-40.2728
700000.0003	-40.0808
700000.0003	-40.0614
700000.0003	-40.9684
700000.0003	-40.473
700000.0003	-40.5802
700000.0003	-40.7947
700000.0003	-40.9039
700000.0003	-40.6761
700000.0003	-39.7275
700000.0003	-40.0155
700000.0003	-40.55
700000.0003	-40.4478
700000.0003	-39.4213
700000.0003	-40.1276
700000.0003	-39.3001
700000.0003	-40.6238
700000.0003	-39.6445
700000.0003	-40.2227
700000.0003	-39.9646
700000.0003	-39.4436
700000.0003	-40.0885
700000.0003	-40.4169
700000.0003	-38.9908
700000.0003	-40.0576
700000.0003	-39.6872
700000.0003	-39.7021
700000.0003	-40.6124
700000.0003	-40.5151
700000.0003	-40.8461
700000.0003	-39.7588
700000.0003	-41.1029
700000.0003	-40.0743
700000.0003	-40.4636
700000.0003	-39.9071
700000.0003	-40.3755
700000.0003	-39.033
700000.0003	-39.4365
700000.0003	-38.9627
700000.0003	-39.1714
700000.0003	-39.2394
700000.0003	-38.8207
700000.0003	-38.6817
700000.0003	-39.6357
700000.0003	-39.5609
700000.0003	-38.5446
700000.0003	-38.3094
700000.0003	-37.4671
700000.0003	-38.9678
700000.0003	-37.7344
700000.0003	-37.397
700000.0003	-36.3548
700000.0003	-36.0291
700000.0003	-35.8892
700000.0003	-35.1024
700000.0003	-34.4276
700000.0003	-34.1317
700000.0003	-31.7038
700000.0003	-31.5663
700000.0003	-29.3211
700000.0003	-27.0005
700000.0003	-24.5372
700000.0003	-20.3353
700000.0003	-14.6002
700000.0003	-5.96433
700000.0003	3.52162
700000.0003	17.7579
700000.0003	35.049
700000.0003	0.35086
700000.0003	-0.600398
700000.0003	0.690132
700000.0003	0.964823
700000.0003	0.676448
700000.0003	1.99861
700000.0003	1.00583
700000.0003	0.304504
700000.0003	-3.41937
700000.0003	3.04141
700000.0003	-1.70143
700000.0003	1.02798
700000.0003	-3.47807
700000.0003	4.39493
700000.0003	-6.48031
700000.0003	3.7355
700000.0003	0.759912
700000.0003	-3.25295
700000.0003	-0.245403
700000.0003	2.09207
700000.0003	-0.109532
700000.0003	4.62929
700000.0003	-0.910176
700000.0003	-1.16715
700000.0003	-1.35802
700000.0003	2.41019
700000.0003	-1.49751
700000.0003	-0.865832
700000.0003	2.19955
700000.0003	-0.547093
700000.0003	-0.292146
700000.0003	0.999663
700000.0003	-0.201235
700000.0003	-0.00294227
700000.0003	0.841912
700000.0003	0.375506
700000.0003	-0.172024
700000.0003	-1.21628
700000.0003	0.292933
700000.0003	-0.223752
700000.0003	0.240756
700000.0003	0.854404
700000.0003	-0.030475
700000.0003	-0.289386
700000.0003	-0.788505
700000.0003	0.873037
700000.0003	-0.723619
700000.0003	0.593446
700000.0003	0.511391
700000.0003	0.310691
700000.0003	-0.637755
700000.0003	-0.296145
700000.0003	-0.381164
700000.0003	0.611068
700000.0003	-0.548225
700000.0003	-0.462332
700000.0003	0.121543
700000.0003	-0.129416
700000.0003	1.47386
700000.0003	0.152226
700000.0003	-0.00315545
700000.0003	-0.945104
700000.0003	0.0735439
700000.0003	-0.56913
700000.0003	-0.417815
700000.0003	0.350598
700000.0003	-0.225239
700000.0003	-0.304601
700000.0003	0.427029
700000.0003	0.389595
700000.0003	-0.812066
700000.0003	-0.907637
700000.0003	0.554855
700000.0003	-0.389798
700000.0003	1.36831
700000.0003	-0.638411
700000.0003	0.993162
700000.0003	-0.439727
700000.0003	0.384813
700000.0003	-0.289517
700000.0003	-0.0949419
700000.0003	-0.147932
700000.0003	0.0313867
700000.0003	-0.544059
700000.0003	0.191363
700000.0003	-0.190562
700000.0003	0.0819082
700000.0003	0.362806
700000.0003	0.270732
700000.0003	-0.21625
700000.0003	-0.617732
700000.0003	-0.496025
700000.0003	0.549528
700000.0003	0.292049
700000.0003	0.99221
700000.0003	0.322018
700000.0003	0.0877603
700000.0003	0.879418
700000.0003	-0.335103
700000.0003	-0.871604
700000.0003	-0.714049
700000.0003	0.676662
700000.0003	-0.0531517
700000.0003	0.0632502
700000.0003	-0.268065
700000.0003	0.339133
700000.0003	0.110399
700000.0003	-0.5737
700000.0003	1.06979
700000.0003	0.244612
700000.0003	-0.36787
700000.0003	-0.440629
700000.0003	-0.65859
700000.0003	-0.624871
700000.0003	0.749474
700000.0003	0.0259364
700000.0003	0.800089
700000.0003	0.171666
700000.0003	-0.826419
700000.0003	-0.220485
700000.0003	-0.609417
700000.0003	-0.246314
700000.0003	0.142934
700000.0003	0.693558
700000.0003	-0.512295
700000.0003	-0.159135
700000.0003	-0.394955
700000.0003	0.963901
700000.0003	0.293267
700000.0003	1.38977
700000.0003	-1.03796
700000.0003	0.329702
700000.0003	-1.17389
700000.0003	1.17189
700000.0003	-0.0615894
700000.0003	-0.901335
700000.0003	0.547217
700000.0003	0.621562
700000.0003	-0.649497
700000.0003	-0.407519
700000.0003	1.6111
700000.0003	-1.13452
700000.0003	-0.597225
700000.0003	-0.594455
700000.0003	-0.387357
700000.0003	0.306747
700000.0003	0.249952
700000.0003	1.01745
700000.0003	-1.03541
700000.0003	-0.220355
700000.0003	1.28035
700000.0003	0.300102
700000.0003	-0.0649161
700000.0003	-0.620336
700000.0003	0.446694
700000.0003	0.324315
700000.0003	0.289195
700000.0003	-0.949598
700000.0003	0.430541
700000.0003	-0.240568
700000.0003	0.0045977
700000.0003	-0.545159
700000.0003	0.466858
700000.0003	-0.39713
700000.0003	0.68024
700000.0003	-0.377479
700000.0003	0.147129
700000.0003	-0.0137462
700000.0003	0.188962
700000.0003	-0.0477542
700000.0003	0.437813
700000.0003	-0.353017
700000.0003	-0.10616
700000.0003	-0.834856
700000.0003	0.929912
700000.0003	-0.197389
700000.0003	-0.31543
700000.0003	0.632513
700000.0003	-0.185267
700000.0003	-1.14647
700000.0003	-0.577479
700000.0003	0.131847
700000.0003	-0.0216234
700000.0003	0.110685
700000.0003	0.658524
700000.0003	-1.00671
700000.0003	1.77455
700000.0003	0.246875
700000.0003	0.160598
700000.0003	0.395641
700000.0003	-1.29639
700000.0003	1.49223
700000.0003	-0.260808
700000.0003	-0.0735628
700000.0003	0.122885
700000.0003	0.112193
700000.0003	-0.69696
700000.0003	-0.317078
700000.0003	-0.222249
700000.0003	-0.235692
700000.0003	1.05986
700000.0003	-0.228614
700000.0003	0.573511
700000.0003	-0.0722127
700000.0003	-0.658629
700000.0003	0.306215
700000.0003	-0.697772
700000.0003	0.199611
700000.0003	-0.667999
700000.0003	-0.561611
700000.0003	0.369779
700000.0003	0.131618
700000.0003	0.461183
700000.0003	0.250306
700000.0003	0.181347
700000.0003	0.228177
700000.0003	-1.0424
700000.0003	0.17797
700000.0003	0.478846
700000.0003	0.999995
700000.0003	-0.861073
700000.0003	0.820453
700000.0003	0.027223
700000.0003	-0.793523
700000.0003	0.252653
700000.0003	0.798179
700000.0003	-0.640181
700000.0003	0.752639
700000.0003	-1.89346
700000.0003	-0.488353
700000.0003	1.36698
700000.0003	-0.781484
700000.0003	-0.388931
700000.0003	2.25837
700000.0003	-0.14177
700000.0003	-0.467629
700000.0003	-0.467874
700000.0003	-0.0569275
700000.0003	0.54621
700000.0003	0.134527
700000.0003	0.0148408
700000.0003	1.35732
700000.0003	-1.28455
700000.0003	0.306282
700000.0003	2.1096
700000.0003	-0.639249
700000.0003	-2.08077
700000.0003	-1.98123
700000.0003	0.709249
700000.0003	2.51522
700000.0003	-0.239988
700000.0003	-5.26948
700000.0003	-3.46848
700000.0003	1.5041
700000.0003	3.54295
700000.0003	-0.742881
700000.0003	-1.65509
700000.0003	-1.31931
700000.0003	2.11293
700000.0003	-1.08954
700000.0003	3.18691
700000.0003	-0.214577
700000.0003	1.13046
700000.0003	-3.15184
700000.0003	0.294442
700000.0003	2.83671
700000.0003	2.59285
700000.0003	-1.53336
700000.0003	-0.98087
700000.0003	1.59366
700000.0003	-1.55288
700000.0003	1.91324
700000.0003	-1.32954
700000.0003	2.02867
700000.0003	-1.12883
700000.0003	-2.04608
700000.0003	-1.32223
700000.0003	-0.958956
700000.0003	-0.484529
700000.0003	-2.20776
700000.0003	0.939546
700000.0003	1.22574
700000.0003	-1.99232
700000.0003	0.00781733
700000.0003	0.349107
700000.0003	-1.71736
700000.0003	0.321857
700000.0003	-2.11186
700000.0003	-0.306985
700000.0003	-0.0429931
700000.0003	1.00182
700000.0003	0.418678
700000.0003	-0.622793
700000.0003	0.531821
700000.0003	0.414417
700000.0003	0.416089
700000.0003	0.0122189
700000.0003	0.665353
700000.0003	-0.757178
700000.0003	-0.640489
700000.0003	0.101419
700000.0003	-0.528079
700000.0003	-0.203704
700000.0003	-0.0409625
700000.0003	0.164631
700000.0003	-0.469702
700000.0003	0.785798
700000.0003	-0.391486
700000.0003	-0.466798
700000.0003	-0.0498551
700000.0003	-0.432148
700000.0003	-0.664877
700000.0003	-0.075797
700000.0003	-0.280313
700000.0003	-0.181528
700000.0003	-0.0987745
700000.0003	0.428342
700000.0003	-0.299437
700000.0003	-0.788361
700000.0003	-0.345652
700000.0003	0.181009
700000.0003	0.404134
700000.0003	0.382382
700000.0003	0.508306
700000.0003	0.268852
700000.0003	-0.412691
700000.0003	-0.00800344
700000.0003	-0.119512
700000.0003	-0.04681
700000.0003	-0.472125
700000.0003	0.81594
700000.0003	0.746378
700000.0003	0.542884
700000.0003	0.825755
700000.0003	-0.184997
700000.0003	0.402548
700000.0003	0.449412
700000.0003	0.167051
700000.0003	-0.395651
700000.0003	0.0991614
700000.0003	-0.552887
700000.0003	0.345989
700000.0003	0.679458
700000.0003	0.222247
700000.0003	-0.450925
700000.0003	0.199384
700000.0003	-0.453551
700000.0003	-0.0981237
700000.0003	0.0464852
700000.0003	-0.428797
700000.0003	-0.138348
700000.0003	-0.65426
700000.0003	0.860519
700000.0003	0.377498
700000.0003	0.207331
700000.0003	-0.898121
700000.0003	-0.330452
700000.0003	1.06132
700000.0003	0.319606
700000.0003	0.759269
700000.0003	0.11713
700000.0003	-0.159033
700000.0003	-0.0887126
700000.0003	-0.0519859
700000.0003	-1.06754
700000.0003	-0.873085
700000.0003	0.32609
700000.0003	0.575662
700000.0003	0.330026
700000.0003	0.133893
700000.0003	-0.0952941
700000.0003	-0.654717
700000.0003	0.756735
700000.0003	-0.140919
700000.0003	-0.133378
700000.0003	0.15284
700000.0003	-0.260839
700000.0003	-0.412621
700000.0003	0.164476
700000.0003	0.235243
700000.0003	-0.256237
700000.0003	-0.0903868
700000.0003	-0.185455
700000.0003	-0.0251468
700000.0003	0.334614
700000.0003	0.30673
700000.0003	0.184867
700000.0003	0.440206
700000.0003	0.172538
700000.0003	0.619967
700000.0003	0.26736
700000.0003	-0.195197
700000.0003	-0.508394
700000.0003	-0.656851
700000.0003	-0.0430484
700000.0003	0.153688
700000.0003	-0.135696
700000.0003	0.395811
700000.0003	0.930434
700000.0003	0.367781
