700000.0003	28.3471
700000.0003	101.423
700000.0003	202.343
700000.0003	343.303
700000.0003	531.452
700000.0003	779.679
700000.0003	1072.09
700000.0003	1428.73
700000.0003	1838.47
700000.0003	2292.39
700000.0003	2779.47
700000.0003	3319.27
700000.0003	3877.84
700000.0003	4457.01
700000.0003	5010.66
700000.0003	5521.32
700000.0003	5989.84
700000.0003	6394.54
700000.0003	6674.88
700000.0003	6902.77
700000.0003	7031.66
700000.0003	7097.01
700000.0003	7087.62
700000.0003	7026.96
700000.0003	6938.77
700000.0003	6779.38
700000.0003	6600.78
700000.0003	6314.62
700000.0003	6073.24
700000.0003	5731.07
700000.0003	5387.89
700000.0003	4944.3
700000.0003	4517.97
700000.0003	4035.12
700000.0003	3544.44
700000.0003	2954.71
700000.0003	2373.82
700000.0003	1740.35
700000.0003	1073.98
700000.0003	366.879
700000.0003	0
700000.0003	0
700000.0003	0
700000.0003	0
700000.0003	0
700000.0003	0
700000.0003	0
700000.0003	0
700000.0003	0
700000.0003	0
700000.0003	0
700000.0003	0
700000.0003	0
700000.0003	0
700000.0003	0
700000.0003	0
700000.0003	0
700000.0003	0
700000.0003	0
700000.0003	0
700000.0003	0
700000.0003	0
700000.0003	0
700000.0003	0
700000.0003	0
700000.0003	0
700000.0003	0
700000.0003	0
700000.0003	0
700000.0003	0
700000.0003	0
700000.0003	0
700000.0003	0
700000.0003	0
700000.0003	0
700000.0003	0
700000.0003	0
700000.0003	0
700000.0003	0
700000.0003	0
700000.0003	0
700000.0003	0
700000.0003	0
700000.0003	0
700000.0003	0
700000.0003	0
700000.0003	0
700000.0003	0
700000.0003	0
700000.0003	0
700000.0003	0
700000.0003	0
700000.0003	0
700000.0003	0
700000.0003	0
700000.0003	0
700000.0003	0
700000.0003	0
700000.0003	0
700000.0003	0
700000.0003	0
700000.0003	0
700000.0003	0
700000.0003	0
700000.0003	0
700000.0003	0
700000.0003	0
700000.0003	0
700000.0003	0
700000.0003	0
700000.0003	0
700000.0003	0
700000.0003	0
700000.0003	0
700000.0003	0
700000.0003	0
700000.0003	0
700000.0003	0
700000.0003	0
700000.0003	0
700000.0003	0
700000.0003	0
700000.0003	0
700000.0003	0
700000.0003	0
700000.0003	0
700000.0003	0
700000.0003	0
700000.0003	0
700000.0003	0
700000.0003	0
700000.0003	0
700000.0003	0
700000.0003	0
700000.0003	0
700000.0003	0
700000.0003	0
700000.0003	0
700000.0003	0
700000.0003	0
700000.0003	-23.5994
700000.0003	-70.1895
700000.0003	-116.29
700000.0003	-163.4
700000.0003	-208.146
700000.0003	-252.894
700000.0003	-295.953
700000.0003	-338.253
700000.0003	-383.705
700000.0003	-425.628
700000.0003	-467.281
700000.0003	-503.948
700000.0003	-543.959
700000.0003	-585.385
700000.0003	-627.121
700000.0003	-669.074
700000.0003	-701.982
700000.0003	-746.137
700000.0003	-775.197
700000.0003	-817.52
700000.0003	-854.165
700000.0003	-881.756
700000.0003	-923.316
700000.0003	-956.257
700000.0003	-989.737
700000.0003	-1024.93
700000.0003	-1049.36
700000.0003	-1087.02
700000.0003	-1119.88
700000.0003	-1155.87
700000.0003	-1179.97
700000.0003	-1207.83
700000.0003	-1238.42
700000.0003	-1263.25
700000.0003	-1287.99
700000.0003	-1324.25
700000.0003	-1342.03
700000.0003	-1380.95
700000.0003	-1399.71
700000.0003	-1424.09
700000.0003	-1450.84
700000.0003	-1469.85
700000.0003	-1490.54
700000.0003	-1517.34
700000.0003	-1526.66
700000.0003	-1569.49
700000.0003	-1577.6
700000.0003	-1600.4
700000.0003	-1621.02
700000.0003	-1635.1
700000.0003	-1660.62
700000.0003	-1666.53
700000.0003	-1676.82
700000.0003	-1716.81
700000.0003	-1728.19
700000.0003	-1735.2
700000.0003	-1753.05
700000.0003	-1760.57
700000.0003	-1781.9
700000.0003	-1794.29
700000.0003	-1801.38
700000.0003	-1810.15
700000.0003	-1833.38
700000.0003	-1840.37
700000.0003	-1847.8
700000.0003	-1862.65
700000.0003	-1867.77
700000.0003	-1887.55
700000.0003	-1874.69
700000.0003	-1900.63
700000.0003	-1901.63
700000.0003	-1899.11
700000.0003	-1918.45
700000.0003	-1908.64
700000.0003	-1912.73
700000.0003	-1916.1
700000.0003	-1926.11
700000.0003	-1927.67
700000.0003	-1922.79
700000.0003	-1933.76
700000.0003	-1930.05
700000.0003	-1919.87
700000.0003	-1924.44
700000.0003	-1923.34
700000.0003	-1923.11
700000.0003	-1915.27
700000.0003	-1906.93
700000.0003	-1906.58
700000.0003	-1901.38
700000.0003	-1898.94
700000.0003	-1892.45
700000.0003	-1882.57
700000.0003	-1869.97
700000.0003	-1860.95
700000.0003	-1846.9
700000.0003	-1839.19
700000.0003	-1819.96
700000.0003	-1805.6
700000.0003	-1784.3
700000.0003	-1768.6
700000.0003	-1742.5
700000.0003	-1710.74
700000.0003	-1685.53
700000.0003	-1653.9
700000.0003	-1623.2
700000.0003	-1584.7
700000.0003	-1544.42
700000.0003	-1495.96
700000.0003	-1450.44
700000.0003	-1398.99
700000.0003	-1341.14
700000.0003	-1285.51
700000.0003	-1221.45
700000.0003	-1162.47
700000.0003	-1099.85
700000.0003	-1037.8
700000.0003	-974.064
700000.0003	-910.393
700000.0003	-849.315
700000.0003	-786.154
700000.0003	-728.712
700000.0003	-672.207
700000.0003	-618.125
700000.0003	-561.819
700000.0003	-513.418
700000.0003	-463.203
700000.0003	-419.715
700000.0003	-378.216
700000.0003	-336.887
700000.0003	-299.131
700000.0003	-264.793
700000.0003	-232.527
700000.0003	-205.169
700000.0003	-178.748
700000.0003	-155.411
700000.0003	-134.409
700000.0003	-115.35
700000.0003	-99.0934
700000.0003	-85.161
700000.0003	-71.9894
700000.0003	-61.2681
700000.0003	-52.1623
700000.0003	-43.7712
700000.0003	-37.4617
700000.0003	-31.386
700000.0003	-26.7946
700000.0003	-22.269
700000.0003	-18.6273
700000.0003	-15.9563
700000.0003	-13.2829
700000.0003	-10.9058
700000.0003	-9.11762
700000.0003	-7.54111
700000.0003	-6.06215
700000.0003	-4.83488
700000.0003	-3.79238
700000.0003	-2.72524
700000.0003	-1.91179
700000.0003	-1.10103
700000.0003	-0.360105
700000.0003	0
700000.0003	0
700000.0003	0
700000.0003	0
700000.0003	0
700000.0003	0
700000.0003	0
700000.0003	0
700000.0003	0
700000.0003	0
700000.0003	0
700000.0003	0
700000.0003	0
700000.0003	0
700000.0003	0
700000.0003	0
700000.0003	0
700000.0003	0
700000.0003	0
700000.0003	0
700000.0003	0
700000.0003	0
700000.0003	0
700000.0003	0
700000.0003	0
700000.0003	0
700000.0003	0
700000.0003	0
700000.0003	0
700000.0003	0
700000.0003	0
700000.0003	0
700000.0003	0
700000.0003	0
700000.0003	0
700000.0003	0
700000.0003	0
700000.0003	0
700000.0003	0
700000.0003	0
700000.0003	0
700000.0003	0
700000.0003	0
700000.0003	0
700000.0003	0
700000.0003	0
700000.0003	0
700000.0003	0
700000.0003	0
700000.0003	0
700000.0003	0
700000.0003	0
700000.0003	0
700000.0003	0
700000.0003	0
700000.0003	0
700000.0003	0
700000.0003	0
700000.0003	0
700000.0003	0
700000.0003	0
700000.0003	0
700000.0003	0
700000.0003	0
700000.0003	0
700000.0003	0
700000.0003	0
700000.0003	0
700000.0003	0
700000.0003	0
700000.0003	0
700000.0003	0
700000.0003	0
700000.0003	0
700000.0003	0
700000.0003	0
700000.0003	0
700000.0003	0
700000.0003	0
700000.0003	0
700000.0003	0
700000.0003	0
700000.0003	0
700000.0003	0
700000.0003	0
700000.0003	0
700000.0003	0
700000.0003	0
700000.0003	0
700000.0003	0
700000.0003	0
700000.0003	0
700000.0003	0
700000.0003	0
700000.0003	0
700000.0003	0
700000.0003	0
700000.0003	0
700000.0003	0
700000.0003	0
700000.0003	-0.3168
700000.0003	0.328077
700000.0003	-0.0666887
700000.0003	-0.591721
700000.0003	-2.02851
700000.0003	2.22451
700000.0003	-5.04457
700000.0003	-4.63078
700000.0003	0.0448558
700000.0003	2.73079
700000.0003	7.85064
700000.0003	-9.41491
700000.0003	-7.64424
700000.0003	-16.371
700000.0003	-5.8811
700000.0003	18.6515
700000.0003	-24.1428
700000.0003	-5.2647
700000.0003	8.08548
700000.0003	10.3269
700000.0003	4.37563
700000.0003	6.65623
700000.0003	-25.508
700000.0003	9.92129
700000.0003	21.2656
700000.0003	17.4008
700000.0003	-13.5251
700000.0003	18.9487
700000.0003	-4.54411
700000.0003	20.3108
700000.0003	9.61821
700000.0003	6.15228
700000.0003	12.3862
700000.0003	14.0802
700000.0003	0.624113
700000.0003	5.40892
700000.0003	0.780178
700000.0003	0.347175
700000.0003	-0.209553
700000.0003	1.21696
700000.0003	0
700000.0003	0
700000.0003	0
700000.0003	0
700000.0003	0
700000.0003	0
700000.0003	0
700000.0003	0
700000.0003	0
700000.0003	0
700000.0003	0
700000.0003	0
700000.0003	0
700000.0003	0
700000.0003	0
700000.0003	0
700000.0003	0
700000.0003	0
700000.0003	0
700000.0003	0
700000.0003	0
700000.0003	0
700000.0003	0
700000.0003	0
700000.0003	0
700000.0003	0
700000.0003	0
700000.0003	0
700000.0003	0
700000.0003	0
700000.0003	0
700000.0003	0
700000.0003	0
700000.0003	0
700000.0003	0
700000.0003	0
700000.0003	0
700000.0003	0
700000.0003	0
700000.0003	0
700000.0003	0
700000.0003	0
700000.0003	0
700000.0003	0
700000.0003	0
700000.0003	0
700000.0003	0
700000.0003	0
700000.0003	0
700000.0003	0
700000.0003	0
700000.0003	0
700000.0003	0
700000.0003	0
700000.0003	0
700000.0003	0
700000.0003	0
700000.0003	0
700000.0003	0
700000.0003	0
700000.0003	0
700000.0003	0
700000.0003	0
700000.0003	0
700000.0003	0
700000.0003	0
700000.0003	0
700000.0003	0
700000.0003	0
700000.0003	0
700000.0003	0
700000.0003	0
700000.0003	0
700000.0003	0
700000.0003	0
700000.0003	0
700000.0003	0
700000.0003	0
700000.0003	0
700000.0003	0
700000.0003	0
700000.0003	0
700000.0003	0
700000.0003	0
700000.0003	0
700000.0003	0
700000.0003	0
700000.0003	0
700000.0003	0
700000.0003	0
700000.0003	0
700000.0003	0
700000.0003	0
700000.0003	0
700000.0003	0
700000.0003	0
700000.0003	0
700000.0003	0
700000.0003	0
700000.0003	0
700000.0003	0.0311507
700000.0003	-0.141276
700000.0003	-0.107113
700000.0003	0.218179
700000.0003	0.0699453
700000.0003	-0.332385
700000.0003	-1.35173
700000.0003	0.464159
700000.0003	0.340037
700000.0003	0.526271
700000.0003	-0.680946
700000.0003	-0.910052
700000.0003	1.15651
700000.0003	-0.86841
700000.0003	0.046433
700000.0003	3.25115
700000.0003	-2.61552
700000.0003	-0.854755
700000.0003	0.742286
700000.0003	4.63631
700000.0003	-1.31976
700000.0003	0.914945
700000.0003	-0.985935
700000.0003	2.60556
700000.0003	3.8545
700000.0003	1.84207
700000.0003	2.72284
700000.0003	1.48343
700000.0003	-1.70641
700000.0003	-0.606758
700000.0003	0.146868
700000.0003	1.23758
700000.0003	-0.563127
700000.0003	-6.75385
700000.0003	-1.15248
700000.0003	-1.00443
700000.0003	-1.83331
700000.0003	5.22944
700000.0003	0.968726
700000.0003	0.02546
700000.0003	-2.71723
700000.0003	4.4241
700000.0003	1.68431
700000.0003	4.99642
700000.0003	6.00322
700000.0003	-1.65087
700000.0003	-6.88276
700000.0003	4.93884
700000.0003	-0.675873
700000.0003	-0.25142
700000.0003	-1.6291
700000.0003	3.63957
700000.0003	5.17677
700000.0003	3.16873
700000.0003	-1.80347
700000.0003	-0.465197
700000.0003	-2.24232
700000.0003	2.78518
700000.0003	-3.0578
700000.0003	4.92242
700000.0003	-7.24109
700000.0003	6.18119
700000.0003	-4.81476
700000.0003	1.39943
700000.0003	-1.91266
700000.0003	-5.33389
700000.0003	-0.714995
700000.0003	-5.48773
700000.0003	-1.27911
700000.0003	0.894152
700000.0003	-1.24587
700000.0003	2.18694
700000.0003	-1.97847
700000.0003	-2.7002
700000.0003	3.58079
700000.0003	4.66604
700000.0003	6.43225
700000.0003	3.06767
700000.0003	1.8246
700000.0003	4.03294
700000.0003	-0.923696
700000.0003	0.337685
700000.0003	-3.40245
700000.0003	-1.65568
700000.0003	-5.51161
700000.0003	-0.341995
700000.0003	2.89263
700000.0003	-0.659651
700000.0003	-2.13115
700000.0003	-0.439482
700000.0003	0.882447
700000.0003	-2.07578
700000.0003	-0.626867
700000.0003	1.8071
700000.0003	-0.330113
700000.0003	-7.42717
700000.0003	-1.58807
700000.0003	2.40876
700000.0003	0.828017
700000.0003	0.953861
700000.0003	-1.10272
700000.0003	1.16227
700000.0003	-3.78075
700000.0003	-0.304369
700000.0003	1.31969
700000.0003	-3.6976
700000.0003	0.177065
700000.0003	-1.37527
700000.0003	-1.15204
700000.0003	0.293908
700000.0003	-1.11397
700000.0003	-1.39878
700000.0003	4.30195
700000.0003	-1.04309
700000.0003	-0.763897
700000.0003	1.76023
700000.0003	-0.358321
700000.0003	1.60363
700000.0003	-2.96752
700000.0003	0.347573
700000.0003	-2.10168
700000.0003	0.0074127
700000.0003	-0.83423
700000.0003	-0.585462
700000.0003	1.19031
700000.0003	-0.902221
700000.0003	0.262364
700000.0003	-1.35311
700000.0003	-1.46157
700000.0003	-1.15816
700000.0003	0.616941
700000.0003	0.63861
700000.0003	-1.13327
700000.0003	-0.610778
700000.0003	-0.399222
700000.0003	1.06308
700000.0003	0.39754
700000.0003	-0.112805
700000.0003	0.42521
700000.0003	-0.175994
700000.0003	0.330548
700000.0003	0.576884
700000.0003	0.175282
700000.0003	0.460054
700000.0003	0.0910218
700000.0003	-0.0435313
700000.0003	-0.233786
700000.0003	-0.201802
700000.0003	-0.0152869
700000.0003	-0.0835961
700000.0003	0.171263
700000.0003	0.140378
700000.0003	-0.110301
700000.0003	0.0104134
700000.0003	0.0137878
700000.0003	0.0143663
700000.0003	-0.0747732
700000.0003	-0.00264613
700000.0003	-0.00897283
700000.0003	-0.00291944
700000.0003	0
700000.0003	0
700000.0003	0
700000.0003	0
700000.0003	0
700000.0003	0
700000.0003	0
700000.0003	0
700000.0003	0
700000.0003	0
700000.0003	0
700000.0003	0
700000.0003	0
700000.0003	0
700000.0003	0
700000.0003	0
700000.0003	0
700000.0003	0
700000.0003	0
700000.0003	0
700000.0003	0
700000.0003	0
700000.0003	0
700000.0003	0
700000.0003	0
700000.0003	0
700000.0003	0
700000.0003	0
700000.0003	0
700000.0003	0
700000.0003	0
700000.0003	0
700000.0003	0
700000.0003	0
700000.0003	0
700000.0003	0
700000.0003	0
700000.0003	0
700000.0003	0
700000.0003	0
700000.0003	0
700000.0003	0
700000.0003	0
700000.0003	0
700000.0003	0
700000.0003	0
700000.0003	0
700000.0003	0
700000.0003	0
700000.0003	0
700000.0003	0
700000.0003	0
700000.0003	0
700000.0003	0
700000.0003	0
700000.0003	0
700000.0003	0
700000.0003	0
700000.0003	0
700000.0003	0
700000.0003	0
700000.0003	0
700000.0003	0
700000.0003	0
700000.0003	0
700000.0003	0
700000.0003	0
700000.0003	0
700000.0003	0
700000.0003	0
700000.0003	0
700000.0003	0
700000.0003	0
700000.0003	0
700000.0003	0
700000.0003	0
700000.0003	0
700000.0003	0
700000.0003	0
700000.0003	0
700000.0003	0
700000.0003	0
700000.0003	0
700000.0003	0
700000.0003	0
700000.0003	0
700000.0003	0
700000.0003	0
700000.0003	0
700000.0003	0
700000.0003	0
700000.0003	0
700000.0003	0
700000.0003	0
700000.0003	0
700000.0003	0
700000.0003	0
700000.0003	0
700000.0003	0
700000.0003	0
