700000.0003	0.0262453
700000.0003	0.0360714
700000.0003	0.0527897
700000.0003	0.080823
700000.0003	0.12422
700000.0003	0.18957
700000.0003	0.277544
700000.0003	0.398278
700000.0003	0.554711
700000.0003	0.74962
700000.0003	0.985
700000.0003	1.27335
700000.0003	1.6082
700000.0003	1.99428
700000.0003	2.41539
700000.0003	2.86386
700000.0003	3.33851
700000.0003	3.827
700000.0003	4.2868
700000.0003	4.75533
700000.0003	5.19629
700000.0003	5.62665
700000.0003	6.03328
700000.0003	6.42834
700000.0003	6.83239
700000.0003	7.20061
700000.0003	7.58114
700000.0003	7.87112
700000.0003	8.25095
700000.0003	8.53312
700000.0003	8.85498
700000.0003	9.05077
700000.0003	9.31913
700000.0003	9.53321
700000.0003	9.79946
700000.0003	9.86877
700000.0003	10.0377
700000.0003	10.137
700000.0003	10.2473
700000.0003	10.2974
700000.0003	10.2696
700000.0003	10.2426
700000.0003	10.2801
700000.0003	10.2419
700000.0003	10.2333
700000.0003	10.286
700000.0003	10.3115
700000.0003	10.2556
700000.0003	10.2845
700000.0003	10.2066
700000.0003	10.2509
700000.0003	10.2083
700000.0003	10.2237
700000.0003	10.315
700000.0003	10.3143
700000.0003	10.3361
700000.0003	10.3203
700000.0003	10.2812
700000.0003	10.3299
700000.0003	10.3123
700000.0003	10.3488
700000.0003	10.2488
700000.0003	10.3436
700000.0003	10.3234
700000.0003	10.2374
700000.0003	10.3263
700000.0003	10.2565
700000.0003	10.3096
700000.0003	10.3202
700000.0003	10.3536
700000.0003	10.3707
700000.0003	10.2854
700000.0003	10.3414
700000.0003	10.3348
700000.0003	10.3715
700000.0003	10.3742
700000.0003	10.3565
700000.0003	10.443
700000.0003	10.3979
700000.0003	10.4006
700000.0003	10.3141
700000.0003	10.3497
700000.0003	10.3028
700000.0003	10.3511
700000.0003	10.3585
700000.0003	10.3492
700000.0003	10.4242
700000.0003	10.2976
700000.0003	10.3779
700000.0003	10.4288
700000.0003	10.3448
700000.0003	10.3606
700000.0003	10.4074
700000.0003	10.3477
700000.0003	10.3586
700000.0003	10.4144
700000.0003	10.4722
700000.0003	10.4366
700000.0003	10.4561
700000.0003	10.4558
700000.0003	10.3518
700000.0003	10.3737
700000.0003	10.3697
700000.0003	10.419
700000.0003	10.3777
700000.0003	10.4051
700000.0003	10.5137
700000.0003	10.4556
700000.0003	10.3594
700000.0003	10.4234
700000.0003	10.3875
700000.0003	10.4136
700000.0003	10.3848
700000.0003	10.4391
700000.0003	10.5013
700000.0003	10.3856
700000.0003	10.4399
700000.0003	10.4877
700000.0003	10.4326
700000.0003	10.4519
700000.0003	10.4246
700000.0003	10.52
700000.0003	10.4151
700000.0003	10.4327
700000.0003	10.4866
700000.0003	10.452
700000.0003	10.4451
700000.0003	10.5106
700000.0003	10.459
700000.0003	10.4002
700000.0003	10.498
700000.0003	10.4599
700000.0003	10.419
700000.0003	10.4502
700000.0003	10.4711
700000.0003	10.5172
700000.0003	10.4793
700000.0003	10.4161
700000.0003	10.4601
700000.0003	10.5289
700000.0003	10.4557
700000.0003	10.4243
700000.0003	10.415
700000.0003	10.518
700000.0003	10.4811
700000.0003	10.4738
700000.0003	10.4261
700000.0003	10.379
700000.0003	10.4382
700000.0003	10.4088
700000.0003	10.3856
700000.0003	10.2717
700000.0003	10.2418
700000.0003	10.2484
700000.0003	10.262
700000.0003	10.2807
700000.0003	10.1687
700000.0003	10.2251
700000.0003	10.0822
700000.0003	10.1197
700000.0003	10.0869
700000.0003	9.95727
700000.0003	9.98998
700000.0003	9.9331
700000.0003	9.88488
700000.0003	9.85694
700000.0003	9.73259
700000.0003	9.73407
700000.0003	9.69518
700000.0003	9.68502
700000.0003	9.5781
700000.0003	9.50716
700000.0003	9.46118
700000.0003	9.37444
700000.0003	9.29097
700000.0003	9.29247
700000.0003	9.16665
700000.0003	9.18796
700000.0003	9.07586
700000.0003	9.00464
700000.0003	8.95006
700000.0003	8.85085
700000.0003	8.76454
700000.0003	8.71636
700000.0003	8.57168
700000.0003	8.61523
700000.0003	8.47025
700000.0003	8.4067
700000.0003	8.33408
700000.0003	8.22949
700000.0003	8.18478
700000.0003	8.0458
700000.0003	7.93183
700000.0003	7.95847
700000.0003	7.85243
700000.0003	7.73043
700000.0003	7.65818
700000.0003	7.5436
700000.0003	7.48966
700000.0003	7.39922
700000.0003	7.28925
700000.0003	7.1888
700000.0003	7.14662
700000.0003	7.04216
700000.0003	6.94193
700000.0003	6.87081
700000.0003	6.76549
700000.0003	6.7144
700000.0003	6.54943
700000.0003	6.52216
700000.0003	6.40987
700000.0003	6.2884
700000.0003	6.24053
700000.0003	6.09972
700000.0003	6.00581
700000.0003	5.91124
700000.0003	5.83833
700000.0003	5.74134
700000.0003	5.62714
700000.0003	5.56076
700000.0003	5.45358
700000.0003	5.3305
700000.0003	5.25035
700000.0003	5.15605
700000.0003	5.06568
700000.0003	4.95714
700000.0003	4.84935
700000.0003	4.76369
700000.0003	4.66766
700000.0003	4.57979
700000.0003	4.48403
700000.0003	4.38199
700000.0003	4.27555
700000.0003	4.17956
700000.0003	4.07428
700000.0003	3.9849
700000.0003	3.87255
700000.0003	3.77287
700000.0003	3.661
700000.0003	3.56306
700000.0003	3.44657
700000.0003	3.32182
700000.0003	3.21274
700000.0003	3.09423
700000.0003	2.9805
700000.0003	2.85552
700000.0003	2.73079
700000.0003	2.59526
700000.0003	2.46865
700000.0003	2.33581
700000.0003	2.19631
700000.0003	2.06473
700000.0003	1.92394
700000.0003	1.79543
700000.0003	1.66557
700000.0003	1.54075
700000.0003	1.41765
700000.0003	1.29873
700000.0003	1.18756
700000.0003	1.07734
700000.0003	0.978674
700000.0003	0.884697
700000.0003	0.797212
700000.0003	0.710049
700000.0003	0.635866
700000.0003	0.562201
700000.0003	0.499261
700000.0003	0.440978
700000.0003	0.385059
700000.0003	0.335243
700000.0003	0.291049
700000.0003	0.250758
700000.0003	0.21716
700000.0003	0.185785
700000.0003	0.158719
700000.0003	0.134987
700000.0003	0.114022
700000.0003	0.0965128
700000.0003	0.0818289
700000.0003	0.0683494
700000.0003	0.0575856
700000.0003	0.0486421
700000.0003	0.0406021
700000.0003	0.0346741
700000.0003	0.0290954
700000.0003	0.0249879
700000.0003	0.0210018
700000.0003	0.0178767
700000.0003	0.0157041
700000.0003	0.0135278
700000.0003	0.011622
700000.0003	0.0103094
700000.0003	0.00919385
700000.0003	0.00815011
700000.0003	0.00736217
700000.0003	0.00680783
700000.0003	0.00608587
700000.0003	0.00583064
700000.0003	0.0054959
700000.0003	0.00527351
700000.0003	0.00523285
700000.0003	0.00506279
700000.0003	0.00505014
700000.0003	0.00491455
700000.0003	0.00488321
700000.0003	0.00478186
700000.0003	0.00475727
700000.0003	0.00470454
700000.0003	0.00471055
700000.0003	0.00462806
700000.0003	0.00461859
700000.0003	0.00458903
700000.0003	0.0045206
700000.0003	0.00446083
700000.0003	0.00445925
700000.0003	0.00442964
700000.0003	0.00441253
700000.0003	0.00434589
700000.0003	0.00433162
700000.0003	0.00431422
700000.0003	0.00422639
700000.0003	0.00419134
700000.0003	0.00425291
700000.0003	0.00419873
700000.0003	0.00422642
700000.0003	0.00423659
700000.0003	0.00423896
700000.0003	0.00417021
700000.0003	0.00417139
700000.0003	0.00414871
700000.0003	0.00416021
700000.0003	0.00414823
700000.0003	0.00417234
700000.0003	0.00410717
700000.0003	0.00414779
700000.0003	0.00412153
700000.0003	0.00413679
700000.0003	0.00413799
700000.0003	0.00409092
700000.0003	0.00405938
700000.0003	0.00411759
700000.0003	0.00414366
700000.0003	0.00409498
700000.0003	0.00413146
700000.0003	0.00412108
700000.0003	0.00410971
700000.0003	0.00414131
700000.0003	0.00418181
700000.0003	0.00415301
700000.0003	0.00418749
700000.0003	0.00420644
700000.0003	0.00419717
700000.0003	0.00422369
700000.0003	0.00422845
700000.0003	0.00421035
700000.0003	0.00429215
700000.0003	0.00429343
700000.0003	0.00432286
700000.0003	0.00430298
700000.0003	0.00432496
700000.0003	0.00436635
700000.0003	0.00438865
700000.0003	0.00435301
700000.0003	0.00438971
700000.0003	0.00448243
700000.0003	0.00452495
700000.0003	0.00449567
700000.0003	0.0045816
700000.0003	0.0046437
700000.0003	0.00464606
700000.0003	0.00468876
700000.0003	0.00483553
700000.0003	0.00476696
700000.0003	0.00492478
700000.0003	0.00488441
700000.0003	0.00502982
700000.0003	0.00511421
700000.0003	0.00515881
700000.0003	0.00528762
700000.0003	0.00528423
700000.0003	0.00553399
700000.0003	0.00566296
700000.0003	0.00578742
700000.0003	0.00601503
700000.0003	0.00627697
700000.0003	0.00646946
700000.0003	0.00654624
700000.0003	0.00679819
700000.0003	0.00713121
700000.0003	0.00738643
700000.0003	0.0079129
700000.0003	0.00850553
700000.0003	0.00908388
700000.0003	0.00983283
700000.0003	0.0108857
700000.0003	0.0118856
700000.0003	0.0134166
700000.0003	0.0152468
700000.0003	0.0186505
700000.0003	0.0215291
700000.0003	0.000364096
700000.0003	0.000143494
700000.0003	-9.41825e-05
700000.0003	-0.000853233
700000.0003	0.000455078
700000.0003	0.000778196
700000.0003	-0.00111301
700000.0003	0.000989146
700000.0003	0.00232015
700000.0003	-9.30176e-05
700000.0003	-0.00032891
700000.0003	0.00417896
700000.0003	0.0027282
700000.0003	-0.000301515
700000.0003	0.00498373
700000.0003	-0.00077884
700000.0003	-0.00695292
700000.0003	-0.00472941
700000.0003	0.0088322
700000.0003	0.0318783
700000.0003	-0.00503335
700000.0003	-0.000310106
700000.0003	-0.0136361
700000.0003	0.0148631
700000.0003	-0.00115206
700000.0003	0.0315649
700000.0003	-0.0120405
700000.0003	0.0234985
700000.0003	-0.0158894
700000.0003	0.0143781
700000.0003	0.0107989
700000.0003	0.0134018
700000.0003	0.0285494
700000.0003	0.0191982
700000.0003	-0.000249948
700000.0003	0.0134462
700000.0003	-0.0162947
700000.0003	-0.0116029
700000.0003	-0.00683283
700000.0003	0.0632063
700000.0003	-0.0257735
700000.0003	0.0304255
700000.0003	0.0195316
700000.0003	-0.0129372
700000.0003	0.0289864
700000.0003	-0.00156163
700000.0003	0.00221429
700000.0003	0.0139611
700000.0003	-0.0157279
700000.0003	-0.0343321
700000.0003	0.00632643
700000.0003	-0.0063244
700000.0003	-0.0365488
700000.0003	0.0220916
700000.0003	-0.00966178
700000.0003	0.00682445
700000.0003	-0.0140995
700000.0003	0.0306301
700000.0003	-0.00464175
700000.0003	0.0234552
700000.0003	0.00222011
700000.0003	0.0262149
700000.0003	-0.00420732
700000.0003	-0.00518244
700000.0003	0.00276909
700000.0003	0.0145776
700000.0003	-0.043952
700000.0003	-0.0158837
700000.0003	0.0375785
700000.0003	-0.0178101
700000.0003	0.029632
700000.0003	0.00318436
700000.0003	-0.0220705
700000.0003	0.0106041
700000.0003	0.0105332
700000.0003	0.0210312
700000.0003	0.00848807
700000.0003	-0.0549278
700000.0003	0.000473125
700000.0003	0.0175179
700000.0003	0.0180042
700000.0003	0.0346816
700000.0003	0.0274995
700000.0003	0.0135246
700000.0003	0.0176697
700000.0003	-0.0144533
700000.0003	-0.0200538
700000.0003	-0.00759018
700000.0003	-0.0124679
700000.0003	-0.0234867
700000.0003	-0.0269433
700000.0003	0.00851204
700000.0003	-0.00123455
700000.0003	-0.00672516
700000.0003	0.0319531
700000.0003	0.00975773
700000.0003	-0.0324217
700000.0003	-0.0323459
700000.0003	-0.019856
700000.0003	-0.0169144
700000.0003	0.00407182
700000.0003	-0.0195072
700000.0003	0.00221265
700000.0003	0.0533944
700000.0003	0.00497572
700000.0003	-0.00648811
700000.0003	0.00526928
700000.0003	-0.00267584
700000.0003	0.00365752
700000.0003	0.00703676
700000.0003	-0.0518394
700000.0003	0.0138957
700000.0003	0.0116215
700000.0003	0.0199781
700000.0003	-0.0122141
700000.0003	0.00758501
700000.0003	-0.000488876
700000.0003	-0.00785028
700000.0003	-0.0034013
700000.0003	-0.0376404
700000.0003	0.0204464
700000.0003	0.0280448
700000.0003	0.0206949
700000.0003	0.00367686
700000.0003	-0.0168982
700000.0003	-0.0170414
700000.0003	0.0160518
700000.0003	0.0548599
700000.0003	0.0115506
700000.0003	-0.0437833
700000.0003	-0.00802957
700000.0003	-0.0163424
700000.0003	0.036746
700000.0003	0.0368278
700000.0003	0.000348009
700000.0003	-0.00950135
700000.0003	-0.0208942
700000.0003	-0.0173055
700000.0003	0.00513819
700000.0003	-0.00889066
700000.0003	-0.0140484
700000.0003	0.0176819
700000.0003	0.0182215
700000.0003	-0.028332
700000.0003	-0.00270875
700000.0003	0.0165056
700000.0003	0.0398146
700000.0003	-0.0183062
700000.0003	-0.0272824
700000.0003	-0.00396159
700000.0003	0.000555016
700000.0003	0.0253358
700000.0003	-0.0117535
700000.0003	0.0191254
700000.0003	0.00982014
700000.0003	-0.0350999
700000.0003	0.0358383
700000.0003	0.00506338
700000.0003	-0.0142588
700000.0003	-0.0601899
700000.0003	-0.0048494
700000.0003	-0.00619829
700000.0003	0.0150706
700000.0003	-0.0210861
700000.0003	-0.024335
700000.0003	-0.014889
700000.0003	-0.0244206
700000.0003	-0.015851
700000.0003	0.0118713
700000.0003	0.00423233
700000.0003	0.0109937
700000.0003	-0.0159664
700000.0003	-0.00401314
700000.0003	0.0515944
700000.0003	0.0277033
700000.0003	0.0257093
700000.0003	0.0153868
700000.0003	-0.0382763
700000.0003	-0.00992556
700000.0003	-0.000197784
700000.0003	0.019777
700000.0003	-0.0143457
700000.0003	-0.0101232
700000.0003	-0.0277695
700000.0003	-0.0294449
700000.0003	-0.00489809
700000.0003	0.0260233
700000.0003	-0.042536
700000.0003	0.000274888
700000.0003	0.0102446
700000.0003	-0.00325489
700000.0003	-0.0213283
700000.0003	-0.0214899
700000.0003	-0.0116894
700000.0003	0.00403098
700000.0003	0.00983095
700000.0003	0.00418068
700000.0003	-0.0242615
700000.0003	0.0109583
700000.0003	-0.0221275
700000.0003	0.0276546
700000.0003	-0.0117741
700000.0003	0.022266
700000.0003	-0.0148687
700000.0003	-0.000235721
700000.0003	0.021394
700000.0003	-0.00481706
700000.0003	0.00727369
700000.0003	0.00211305
700000.0003	0.00156907
700000.0003	0.015395
700000.0003	-0.0107904
700000.0003	0.00201529
700000.0003	-0.00227709
700000.0003	-0.00905338
700000.0003	-0.0143441
700000.0003	-0.0181486
700000.0003	-0.000903673
700000.0003	-0.0141071
700000.0003	-0.0194073
700000.0003	-0.00229686
700000.0003	0.00764881
700000.0003	0.00655712
700000.0003	0.00732731
700000.0003	0.0154039
700000.0003	0.00670593
700000.0003	-0.0163898
700000.0003	-0.00736704
700000.0003	0.00692971
700000.0003	0.0056428
700000.0003	-0.00678761
700000.0003	0.0142977
700000.0003	-4.08839e-05
700000.0003	-0.00224813
700000.0003	-0.000149602
700000.0003	0.00424293
700000.0003	0.00355246
700000.0003	-0.00758967
700000.0003	0.00770205
700000.0003	0.00696605
700000.0003	-0.00286172
700000.0003	-0.002915
700000.0003	0.00939068
700000.0003	-0.00597926
700000.0003	0.00323531
700000.0003	-0.00519689
700000.0003	-0.00368102
700000.0003	0.00846262
700000.0003	0.00467469
700000.0003	4.70217e-05
700000.0003	0.00042105
700000.0003	-0.00121644
700000.0003	-0.000666233
700000.0003	-0.000414709
700000.0003	0.0045928
700000.0003	0.00315047
700000.0003	0.000720355
700000.0003	-0.00045555
700000.0003	0.00166714
700000.0003	0.0039977
700000.0003	0.000346868
700000.0003	-0.00480611
700000.0003	-0.00166395
700000.0003	-0.00125421
700000.0003	0.00051984
700000.0003	-0.000332215
700000.0003	-0.00138838
700000.0003	-0.000321168
700000.0003	-0.000555819
700000.0003	0.000113727
700000.0003	-0.000620062
700000.0003	-9.47313e-05
700000.0003	0.000349232
700000.0003	0.000477238
700000.0003	-0.00021094
700000.0003	-0.000138736
700000.0003	-0.000340005
700000.0003	-9.45408e-05
700000.0003	-0.000490166
700000.0003	0.000605768
700000.0003	0.000512399
700000.0003	0.000229377
700000.0003	-7.82048e-05
700000.0003	8.8404e-06
700000.0003	-0.00011111
700000.0003	0.000103297
700000.0003	4.31305e-05
700000.0003	6.57724e-05
700000.0003	-1.97046e-07
700000.0003	-6.33413e-05
700000.0003	-2.34499e-05
700000.0003	7.69361e-05
700000.0003	-2.75523e-05
700000.0003	4.17022e-05
700000.0003	-2.89758e-05
700000.0003	-7.95242e-05
700000.0003	8.46989e-05
700000.0003	-3.01579e-05
700000.0003	5.24779e-05
700000.0003	-3.9349e-05
700000.0003	-4.28238e-05
700000.0003	3.07281e-05
700000.0003	-1.65295e-05
700000.0003	-8.14579e-05
700000.0003	-1.56911e-05
700000.0003	-1.02917e-05
700000.0003	1.28086e-05
700000.0003	3.11193e-06
700000.0003	-4.6735e-06
700000.0003	2.69468e-05
700000.0003	1.46277e-05
700000.0003	-4.97621e-05
700000.0003	1.93689e-05
700000.0003	1.92087e-05
700000.0003	-1.50403e-06
700000.0003	-3.2497e-05
700000.0003	-2.66316e-05
700000.0003	-2.16505e-06
700000.0003	4.21182e-05
700000.0003	-2.99674e-05
700000.0003	-3.33849e-05
700000.0003	-5.67442e-07
700000.0003	1.12099e-05
700000.0003	5.14108e-05
700000.0003	5.10288e-05
700000.0003	-2.27565e-06
700000.0003	2.56035e-05
700000.0003	6.17889e-05
700000.0003	1.87291e-05
700000.0003	-2.30816e-05
700000.0003	-6.96171e-05
700000.0003	-3.24823e-05
700000.0003	5.08287e-05
700000.0003	-3.07268e-06
700000.0003	2.33622e-05
700000.0003	-2.01764e-05
700000.0003	-6.41711e-05
700000.0003	-1.361e-06
700000.0003	9.27052e-06
700000.0003	-4.48482e-05
700000.0003	1.77227e-05
700000.0003	-4.21523e-06
700000.0003	-6.96951e-06
700000.0003	6.87421e-05
700000.0003	-3.46945e-05
700000.0003	-2.49636e-05
700000.0003	7.99862e-06
700000.0003	2.87799e-05
700000.0003	1.73266e-05
700000.0003	1.28838e-05
700000.0003	4.7005e-05
700000.0003	1.45643e-05
700000.0003	5.33881e-05
700000.0003	-4.24439e-05
700000.0003	-3.4598e-05
700000.0003	3.552e-05
700000.0003	1.62082e-05
700000.0003	-4.02883e-05
700000.0003	3.17597e-05
700000.0003	-1.90578e-05
700000.0003	4.41507e-06
700000.0003	1.11147e-05
700000.0003	-1.38641e-05
700000.0003	-1.03369e-05
700000.0003	3.62439e-05
700000.0003	-1.69905e-05
700000.0003	4.23404e-05
700000.0003	6.41269e-05
700000.0003	4.16957e-05
700000.0003	3.85027e-06
700000.0003	7.7307e-05
700000.0003	3.30129e-05
700000.0003	-2.1783e-05
700000.0003	5.29009e-05
700000.0003	-3.03943e-05
700000.0003	2.8938e-05
700000.0003	-6.31615e-06
700000.0003	7.93573e-05
700000.0003	4.52599e-05
700000.0003	2.83757e-05
700000.0003	-6.68424e-05
700000.0003	2.20019e-05
700000.0003	5.55885e-05
700000.0003	-4.37078e-05
700000.0003	2.16765e-05
700000.0003	-2.24287e-05
700000.0003	8.22802e-05
700000.0003	1.27864e-05
700000.0003	5.63666e-05
700000.0003	1.0099e-06
700000.0003	-9.64024e-05
700000.0003	0.000130569
700000.0003	-3.72591e-05
700000.0003	-8.11631e-05
700000.0003	0.000128941
700000.0003	-0.000119749
700000.0003	-4.51746e-05
700000.0003	-0.000140674
700000.0003	-4.17411e-05
700000.0003	-7.51637e-05
700000.0003	-0.000151491
700000.0003	0.000112461
700000.0003	-1.88279e-05
700000.0003	-0.000133734
700000.0003	-0.000472169
700000.0003	0.000542694
700000.0003	-0.00130776
700000.0003	-0.00125635
700000.0003	6.04821e-05
700000.0003	0.000848493
700000.0003	0.00288496
700000.0003	-0.00353858
700000.0003	-0.00304986
700000.0003	-0.00723212
700000.0003	-0.00301463
700000.0003	0.00967319
700000.0003	-0.013541
700000.0003	-0.00305847
700000.0003	0.00499116
700000.0003	0.00719988
700000.0003	0.00291319
700000.0003	0.00560992
700000.0003	-0.0209652
700000.0003	0.00887637
700000.0003	0.0205106
700000.0003	0.017269
700000.0003	-0.0158002
700000.0003	0.0233617
700000.0003	-0.00555183
700000.0003	0.0304905
700000.0003	0.0165394
700000.0003	0.0129063
700000.0003	0.0252356
700000.0003	0.0334774
700000.0003	0.00212903
700000.0003	0.0169267
700000.0003	0.00290552
700000.0003	-0.00261512
700000.0003	-0.00554051
700000.0003	0.0539951
700000.0003	-0.00822338
700000.0003	0.0359279
700000.0003	0.0255588
700000.0003	-0.0160986
700000.0003	0.0390992
700000.0003	0.0217544
700000.0003	-0.0114109
700000.0003	0.0105931
700000.0003	-0.0190684
700000.0003	-0.0410062
700000.0003	0.00982574
700000.0003	-0.0107131
700000.0003	-0.050672
700000.0003	0.0172509
700000.0003	-0.0172645
700000.0003	0.00587625
700000.0003	-0.00785318
700000.0003	0.032489
700000.0003	0.00540203
700000.0003	0.0377434
700000.0003	-0.00104077
700000.0003	0.0269682
700000.0003	-0.0088839
700000.0003	4.98921e-06
700000.0003	-0.00778366
700000.0003	0.020668
700000.0003	-0.0265921
700000.0003	-0.00647723
700000.0003	0.0535937
700000.0003	-0.00714513
700000.0003	0.0189136
700000.0003	0.00446077
700000.0003	-0.0165927
700000.0003	0.00119938
700000.0003	0.00359983
700000.0003	0.00643177
700000.0003	0.00233632
700000.0003	-0.0478786
700000.0003	-0.00470505
700000.0003	0.0142241
700000.0003	0.0183954
700000.0003	0.013106
700000.0003	0.0169145
700000.0003	0.0134825
700000.0003	0.0167792
700000.0003	-0.0159697
700000.0003	-0.0247005
700000.0003	-0.00782101
700000.0003	-0.0152671
700000.0003	-0.0331594
700000.0003	-0.00696524
700000.0003	0.00693708
700000.0003	-0.0111165
700000.0003	-0.00708492
700000.0003	0.0270462
700000.0003	0.00409463
700000.0003	-0.0171468
700000.0003	-0.0323981
700000.0003	-0.0264269
700000.0003	-0.0177311
700000.0003	0.011667
700000.0003	-0.0365324
700000.0003	0.00462135
700000.0003	0.0421413
700000.0003	-0.00993717
700000.0003	-0.0122629
700000.0003	0.00599519
700000.0003	-0.00368801
700000.0003	-0.00210265
700000.0003	0.0139858
700000.0003	-0.0414337
700000.0003	0.0194859
700000.0003	0.0303175
700000.0003	0.0241888
700000.0003	-0.0062642
700000.0003	-0.00452134
700000.0003	0.0014351
700000.0003	-0.00506752
700000.0003	-0.0110697
700000.0003	-0.0313648
700000.0003	0.0200331
700000.0003	0.0204352
700000.0003	0.0181699
700000.0003	-0.0133832
700000.0003	-0.0202573
700000.0003	-0.0189165
700000.0003	0.0140973
700000.0003	0.0417901
700000.0003	0.01727
700000.0003	-0.0550215
700000.0003	-0.00207853
700000.0003	-0.016824
700000.0003	0.0373914
700000.0003	0.0202308
700000.0003	-0.00961283
700000.0003	-0.00348987
700000.0003	-0.0312627
700000.0003	-0.00862576
700000.0003	0.00889131
700000.0003	-0.0164223
700000.0003	-0.00756349
700000.0003	0.0154453
700000.0003	0.00871149
700000.0003	-0.0134495
700000.0003	-0.00260504
700000.0003	0.014133
700000.0003	0.048791
700000.0003	-0.0134826
700000.0003	-0.00878657
700000.0003	-0.0114962
700000.0003	0.0146103
700000.0003	0.018749
700000.0003	-0.0233258
700000.0003	0.0154689
700000.0003	-0.000828739
700000.0003	-0.0497549
700000.0003	0.0376502
700000.0003	0.0114785
700000.0003	-0.0101496
700000.0003	-0.0575634
700000.0003	0.0160776
700000.0003	-0.0105397
700000.0003	0.0108606
700000.0003	-0.0271213
700000.0003	-0.0385997
700000.0003	-0.0176638
700000.0003	-0.0248411
700000.0003	-0.0128835
700000.0003	0.0148224
700000.0003	0.00517967
700000.0003	-0.000904612
700000.0003	-0.00981786
700000.0003	0.00450704
700000.0003	0.0502019
700000.0003	0.00843078
700000.0003	0.00715745
700000.0003	0.012556
700000.0003	-0.0348006
700000.0003	-0.00625126
700000.0003	-0.000200152
700000.0003	0.016893
700000.0003	-0.0264218
700000.0003	-0.00995077
700000.0003	-0.028765
700000.0003	-0.033586
700000.0003	0.00914728
700000.0003	0.036989
700000.0003	-0.0260823
700000.0003	0.0033425
700000.0003	0.00138257
700000.0003	0.0079805
700000.0003	-0.0177119
700000.0003	-0.0245166
700000.0003	-0.0146777
700000.0003	0.00815252
700000.0003	0.00215354
700000.0003	0.00982852
700000.0003	-0.0117182
700000.0003	0.0128245
700000.0003	-0.0203693
700000.0003	0.0293557
700000.0003	-0.0245665
700000.0003	0.0188278
700000.0003	-0.00533637
700000.0003	0.00725786
700000.0003	0.0196988
700000.0003	0.00252599
700000.0003	0.0196108
700000.0003	0.00446914
700000.0003	-0.00307839
700000.0003	0.0042357
700000.0003	-0.00723809
700000.0003	0.00644945
700000.0003	0.0086263
700000.0003	-0.0112919
700000.0003	-0.0143821
700000.0003	-0.0194552
700000.0003	-0.00916476
700000.0003	-0.00537235
700000.0003	-0.0116032
700000.0003	0.00263867
700000.0003	-0.000904167
700000.0003	0.00926142
700000.0003	0.00445547
700000.0003	0.014557
700000.0003	0.000866981
700000.0003	-0.00731256
700000.0003	0.00163548
700000.0003	0.00522658
700000.0003	0.0010005
700000.0003	-0.00210334
700000.0003	0.00482258
700000.0003	0.00145994
700000.0003	-0.00411989
700000.0003	0.00067095
700000.0003	0.0160759
700000.0003	0.00333687
700000.0003	-0.00503293
700000.0003	-0.00167021
700000.0003	-0.00189072
700000.0003	0.00221667
700000.0003	-0.00231053
700000.0003	0.00722877
700000.0003	0.000544514
700000.0003	-0.00241412
700000.0003	0.00667899
700000.0003	-0.000307396
700000.0003	0.00239711
700000.0003	0.00200193
700000.0003	-0.000473495
700000.0003	0.00183936
700000.0003	0.00226845
700000.0003	-0.0067773
700000.0003	0.0016179
700000.0003	0.00116676
700000.0003	-0.00262124
700000.0003	0.000521394
700000.0003	-0.00229096
700000.0003	0.00413658
700000.0003	-0.000482905
700000.0003	0.00281944
700000.0003	-1.00259e-05
700000.0003	0.00107261
700000.0003	0.000724168
700000.0003	-0.00147139
700000.0003	0.001102
700000.0003	-0.000311719
700000.0003	0.0015714
700000.0003	0.00167759
700000.0003	0.00128995
700000.0003	-0.000679334
700000.0003	-0.00069617
700000.0003	0.00119768
700000.0003	0.000634799
700000.0003	0.000411212
700000.0003	-0.00106709
700000.0003	-0.000394844
700000.0003	0.000110753
700000.0003	-0.000409484
700000.0003	0.00016576
700000.0003	-0.000311172
700000.0003	-0.000537373
700000.0003	-0.000162108
700000.0003	-0.000425576
700000.0003	-8.44059e-05
700000.0003	3.99785e-05
700000.0003	0.000220478
700000.0003	0.000195121
700000.0003	1.34003e-05
700000.0003	8.4125e-05
700000.0003	-0.000183254
700000.0003	-0.000157927
700000.0003	0.000136272
700000.0003	-1.40901e-05
700000.0003	-1.84997e-05
700000.0003	-2.07519e-05
700000.0003	0.000163574
700000.0003	7.20617e-06
700000.0003	5.02451e-05
700000.0003	3.75923e-05
700000.0003	-1.13974e-05
700000.0003	-9.02827e-05
700000.0003	-6.84994e-05
700000.0003	-2.60197e-05
700000.0003	-5.46984e-05
700000.0003	0.000112157
700000.0003	1.18763e-05
700000.0003	-4.49902e-05
700000.0003	-5.09011e-05
700000.0003	5.49383e-05
700000.0003	-1.34367e-05
700000.0003	-6.01263e-06
700000.0003	3.16556e-05
700000.0003	-4.80722e-05
700000.0003	-1.07322e-05
700000.0003	3.22248e-05
700000.0003	-1.06536e-05
700000.0003	-4.3103e-05
700000.0003	-4.26538e-05
700000.0003	-8.42005e-06
700000.0003	3.44673e-06
700000.0003	-6.74727e-05
700000.0003	0.000108906
700000.0003	7.93884e-06
700000.0003	2.09757e-05
700000.0003	-3.25522e-05
700000.0003	-2.28253e-05
700000.0003	1.09227e-05
700000.0003	3.30552e-05
700000.0003	6.00341e-06
700000.0003	9.9679e-05
700000.0003	9.51588e-06
700000.0003	2.97053e-05
700000.0003	5.19344e-05
700000.0003	6.48535e-05
700000.0003	-4.36146e-05
700000.0003	2.91443e-05
700000.0003	1.39913e-05
700000.0003	1.70324e-05
700000.0003	-3.17128e-06
700000.0003	4.71973e-05
700000.0003	2.06305e-05
700000.0003	-2.2437e-06
700000.0003	2.7891e-05
700000.0003	1.41887e-05
700000.0003	-9.33287e-05
700000.0003	6.18096e-05
700000.0003	-1.07959e-05
700000.0003	-1.7285e-05
700000.0003	-8.58124e-06
700000.0003	-6.38511e-05
700000.0003	5.90345e-05
700000.0003	-4.63558e-05
700000.0003	4.41694e-05
700000.0003	-1.96389e-05
700000.0003	-3.38486e-05
700000.0003	1.80718e-05
700000.0003	9.48724e-06
700000.0003	9.86452e-06
700000.0003	-3.65456e-05
700000.0003	6.835e-05
700000.0003	6.30403e-05
700000.0003	-3.43751e-05
700000.0003	-6.5931e-06
700000.0003	2.23847e-05
700000.0003	-4.09014e-05
700000.0003	3.35529e-05
700000.0003	3.03894e-05
700000.0003	-3.70809e-05
700000.0003	5.2291e-05
700000.0003	2.05475e-05
700000.0003	1.27714e-05
700000.0003	6.12977e-05
700000.0003	7.53262e-05
700000.0003	-7.99592e-05
700000.0003	9.64819e-06
700000.0003	-6.09434e-05
700000.0003	6.83932e-05
700000.0003	1.38434e-05
700000.0003	4.75511e-05
700000.0003	0.000112563
700000.0003	-0.000112108
700000.0003	-8.27317e-05
700000.0003	6.1613e-05
700000.0003	5.16768e-05
700000.0003	5.01148e-05
700000.0003	-4.97936e-05
700000.0003	-3.97941e-05
700000.0003	-4.36377e-05
700000.0003	2.77762e-05
700000.0003	8.53159e-05
700000.0003	-3.05017e-05
700000.0003	-4.84351e-05
700000.0003	-3.88461e-07
700000.0003	0.000122117
700000.0003	-5.97136e-06
700000.0003	-0.000134
700000.0003	2.87545e-05
700000.0003	-7.43577e-05
700000.0003	-0.000150282
700000.0003	0.0182167
700000.0003	0.0240464
700000.0003	0.0365411
700000.0003	0.060368
700000.0003	0.100746
700000.0003	0.168042
700000.0003	0.266737
700000.0003	0.407303
700000.0003	0.60413
700000.0003	0.876566
700000.0003	1.25613
700000.0003	1.76385
700000.0003	2.4404
700000.0003	3.34017
700000.0003	4.47456
700000.0003	5.83964
700000.0003	7.43312
700000.0003	9.26803
700000.0003	11.285
700000.0003	13.3585
700000.0003	15.3173
700000.0003	16.9735
700000.0003	18.145
700000.0003	18.9864
700000.0003	19.5724
700000.0003	19.6492
700000.0003	19.7343
700000.0003	19.5711
700000.0003	19.312
700000.0003	19.0273
700000.0003	18.8078
700000.0003	18.4254
700000.0003	18.2343
700000.0003	17.9479
700000.0003	17.7589
700000.0003	17.41
700000.0003	17.2907
700000.0003	16.9087
700000.0003	16.6548
700000.0003	16.3909
700000.0003	15.9792
700000.0003	15.685
700000.0003	15.3593
700000.0003	15.0524
700000.0003	14.8952
700000.0003	14.6308
700000.0003	14.4362
700000.0003	14.2896
700000.0003	14.0132
700000.0003	13.9082
700000.0003	13.7309
700000.0003	13.5369
700000.0003	13.4276
700000.0003	13.3736
700000.0003	13.2173
700000.0003	13.0515
700000.0003	13.0144
700000.0003	12.8744
700000.0003	12.7566
700000.0003	12.6453
700000.0003	12.5658
700000.0003	12.4687
700000.0003	12.3778
700000.0003	12.3421
700000.0003	12.2337
700000.0003	12.2299
700000.0003	12.0566
700000.0003	12.0344
700000.0003	11.979
700000.0003	12.0614
700000.0003	11.91
700000.0003	11.7938
700000.0003	11.7661
700000.0003	11.7444
700000.0003	11.6842
700000.0003	11.6769
700000.0003	11.5356
700000.0003	11.5997
700000.0003	11.4711
700000.0003	11.4805
700000.0003	11.3949
700000.0003	11.3661
700000.0003	11.3434
700000.0003	11.244
700000.0003	11.2686
700000.0003	11.263
700000.0003	11.2683
700000.0003	11.2245
700000.0003	11.1168
700000.0003	11.1013
700000.0003	11.139
700000.0003	11.0339
700000.0003	10.994
700000.0003	11.0822
700000.0003	11.0156
700000.0003	10.9512
700000.0003	11.0079
700000.0003	10.9606
700000.0003	10.9053
700000.0003	10.8683
700000.0003	10.8902
700000.0003	10.9335
700000.0003	10.9231
700000.0003	10.8384
700000.0003	10.8712
700000.0003	10.7979
700000.0003	10.9206
700000.0003	10.8062
700000.0003	10.7452
700000.0003	10.7918
700000.0003	10.7653
700000.0003	10.8006
700000.0003	10.7514
700000.0003	10.7068
700000.0003	10.7519
700000.0003	10.7397
700000.0003	10.7145
700000.0003	10.8091
700000.0003	10.7355
700000.0003	10.7335
700000.0003	10.7864
700000.0003	10.7195
700000.0003	10.7053
700000.0003	10.622
700000.0003	10.6886
700000.0003	10.7401
700000.0003	10.661
700000.0003	10.7051
700000.0003	10.6466
700000.0003	10.61
700000.0003	10.6652
700000.0003	10.6029
700000.0003	10.6778
700000.0003	10.6393
700000.0003	10.6582
700000.0003	10.6722
700000.0003	10.6261
700000.0003	10.6633
700000.0003	10.6223
700000.0003	10.6342
700000.0003	10.668
700000.0003	10.6178
700000.0003	10.632
700000.0003	10.6536
700000.0003	10.6378
700000.0003	10.6684
700000.0003	10.5657
700000.0003	10.5394
700000.0003	10.5618
700000.0003	10.524
700000.0003	10.6119
700000.0003	10.4536
700000.0003	10.4285
700000.0003	10.4421
700000.0003	10.4997
700000.0003	10.4369
700000.0003	10.3465
700000.0003	10.3109
700000.0003	10.2529
700000.0003	10.2283
700000.0003	10.2964
700000.0003	10.1301
700000.0003	10.1491
700000.0003	10.0986
700000.0003	10.0091
700000.0003	10.006
700000.0003	9.94517
700000.0003	9.91305
700000.0003	9.85559
700000.0003	9.78775
700000.0003	9.70814
700000.0003	9.6639
700000.0003	9.64464
700000.0003	9.58111
700000.0003	9.38533
700000.0003	9.43361
700000.0003	9.38649
700000.0003	9.33709
700000.0003	9.28758
700000.0003	9.20245
700000.0003	9.11082
700000.0003	9.04587
700000.0003	8.98443
700000.0003	8.87323
700000.0003	8.7318
700000.0003	8.81391
700000.0003	8.64628
700000.0003	8.63475
700000.0003	8.51912
700000.0003	8.47131
700000.0003	8.39861
700000.0003	8.29685
700000.0003	8.17142
700000.0003	8.16673
700000.0003	8.08426
700000.0003	8.00417
700000.0003	7.95637
700000.0003	7.81023
700000.0003	7.74229
700000.0003	7.71713
700000.0003	7.61797
700000.0003	7.53905
700000.0003	7.48257
700000.0003	7.37535
700000.0003	7.31524
700000.0003	7.2337
700000.0003	7.14406
700000.0003	7.0465
700000.0003	6.94154
700000.0003	6.91285
700000.0003	6.79917
700000.0003	6.73749
700000.0003	6.70792
700000.0003	6.61506
700000.0003	6.53399
700000.0003	6.47409
700000.0003	6.4009
700000.0003	6.33651
700000.0003	6.24436
700000.0003	6.17585
700000.0003	6.13368
700000.0003	6.05092
700000.0003	6.04048
700000.0003	5.96088
700000.0003	5.88544
700000.0003	5.86802
700000.0003	5.80807
700000.0003	5.77759
700000.0003	5.72596
700000.0003	5.70458
700000.0003	5.66608
700000.0003	5.6534
700000.0003	5.59581
700000.0003	5.56891
700000.0003	5.52702
700000.0003	5.50484
700000.0003	5.42825
700000.0003	5.38089
700000.0003	5.30608
700000.0003	5.23024
700000.0003	5.09695
700000.0003	4.97178
700000.0003	4.84072
700000.0003	4.66332
700000.0003	4.48064
700000.0003	4.25864
700000.0003	4.02132
700000.0003	3.7845
700000.0003	3.53231
700000.0003	3.296
700000.0003	3.03494
700000.0003	2.79498
700000.0003	2.54774
700000.0003	2.33545
700000.0003	2.12521
700000.0003	1.9261
700000.0003	1.74487
700000.0003	1.58182
700000.0003	1.42032
700000.0003	1.28155
700000.0003	1.15085
700000.0003	1.02865
700000.0003	0.922142
700000.0003	0.823066
700000.0003	0.73251
700000.0003	0.650444
700000.0003	0.57532
700000.0003	0.505948
700000.0003	0.443911
700000.0003	0.389991
700000.0003	0.340352
700000.0003	0.295492
700000.0003	0.25483
700000.0003	0.219708
700000.0003	0.187969
700000.0003	0.160621
700000.0003	0.137034
700000.0003	0.115543
700000.0003	0.0968913
700000.0003	0.0825957
700000.0003	0.0693434
700000.0003	0.0573373
700000.0003	0.0481279
700000.0003	0.0404171
700000.0003	0.0335015
700000.0003	0.0283519
700000.0003	0.0239959
700000.0003	0.0199422
700000.0003	0.0170197
700000.0003	0.0146127
700000.0003	0.0127588
700000.0003	0.0108883
700000.0003	0.00955037
700000.0003	0.00832012
700000.0003	0.00749403
700000.0003	0.00676555
700000.0003	0.00620938
700000.0003	0.00571983
700000.0003	0.00551643
700000.0003	0.00521076
700000.0003	0.00510694
700000.0003	0.00498444
700000.0003	0.00491182
700000.0003	0.0049018
700000.0003	0.00479165
700000.0003	0.00465138
700000.0003	0.00460504
700000.0003	0.00458855
700000.0003	0.00455367
700000.0003	0.0045275
700000.0003	0.00440092
700000.0003	0.00439282
700000.0003	0.00439293
700000.0003	0.00437087
700000.0003	0.0043286
700000.0003	0.00422396
700000.0003	0.00427545
700000.0003	0.00426838
700000.0003	0.00426305
700000.0003	0.00422021
700000.0003	0.00424549
700000.0003	0.00418297
700000.0003	0.00421135
700000.0003	0.00415702
700000.0003	0.00412953
700000.0003	0.00414169
700000.0003	0.00411244
700000.0003	0.00414266
700000.0003	0.00413112
700000.0003	0.00413613
700000.0003	0.00411454
700000.0003	0.00408638
700000.0003	0.0041264
700000.0003	0.00408522
700000.0003	0.00409718
700000.0003	0.00410211
700000.0003	0.00409421
700000.0003	0.00410415
700000.0003	0.00409191
700000.0003	0.0040754
700000.0003	0.00411575
700000.0003	0.00409945
700000.0003	0.00411595
700000.0003	0.00408154
700000.0003	0.00409097
700000.0003	0.00411579
700000.0003	0.00413032
700000.0003	0.00415369
700000.0003	0.00412746
700000.0003	0.0041631
700000.0003	0.0041483
700000.0003	0.00415041
700000.0003	0.00416585
700000.0003	0.00420589
700000.0003	0.00418081
700000.0003	0.00422518
700000.0003	0.00422877
700000.0003	0.00423003
700000.0003	0.00425647
700000.0003	0.00422874
700000.0003	0.00424915
700000.0003	0.00426171
700000.0003	0.00431694
700000.0003	0.00434137
700000.0003	0.00435802
700000.0003	0.0043312
700000.0003	0.00442987
700000.0003	0.00444819
700000.0003	0.00453545
700000.0003	0.00447743
700000.0003	0.00457518
700000.0003	0.00460742
700000.0003	0.00469195
700000.0003	0.0047211
700000.0003	0.00478908
700000.0003	0.00488801
700000.0003	0.0049809
700000.0003	0.00501692
700000.0003	0.0051799
700000.0003	0.00521995
700000.0003	0.00538117
700000.0003	0.00565908
700000.0003	0.00583613
700000.0003	0.00586745
700000.0003	0.00604313
700000.0003	0.00622421
700000.0003	0.00665994
700000.0003	0.00692093
700000.0003	0.00728202
700000.0003	0.00773159
700000.0003	0.00822572
700000.0003	0.00845278
700000.0003	0.00914172
700000.0003	0.00984045
700000.0003	0.0107545
700000.0003	0.0115702
700000.0003	0.0128097
700000.0003	0.0137429
700000.0003	0.0150309
700000.0003	0.0162811
