700000.0003	2959.42	2959.78	2959.42	2964.33	2962.56	2962.51	2958.1	2959.52	2962.25	2962.5	2960.9	2957.51	2958.28	2954.77	2957.21
700000.0003	1532.4	1536.4	1536.69	1534.46	1536.83	1533.24	1533.8	1534.39	1536.66	1535.17	1533.15	1532.99	1532.89	1530.92	1531.89
700000.0003	193.654	195.398	193.372	194.273	193.406	193.444	193.305	193.974	193.68	193.895	194.067	194.473	194.137	193.431	193.833
700000.0003	32.6075	32.1721	32.7326	32.6667	32.4138	32.3136	31.8416	31.8701	32.4349	32.0656	32.7419	32.4657	32.3115	32.545	32.2566
700000.0003	19.0921	19.5249	19.3124	19.2036	19.3714	19.4554	18.9407	19.015	19.3428	19.3713	19.4688	19.1018	19.3467	19.1364	19.3541
700000.0003	16.8758	16.7284	16.586	16.501	16.5379	16.265	16.5799	16.7354	16.473	16.919	16.5902	16.5984	16.5556	16.3022	16.5712
700000.0003	15.3884	15.1492	15.1773	15.2024	15.0462	15.1568	15.2761	15.4637	15.486	15.4457	15.6863	15.2374	15.3824	15.2154	14.917
700000.0003	14.1711	14.2107	14.6252	14.3807	14.5847	14.4257	14.6766	14.7394	14.7114	14.4967	14.504	14.6366	14.8109	14.3211	14.5714
700000.0003	14.0782	13.8349	13.723	13.654	14.1464	13.9975	13.814	14.2396	13.7006	13.9535	13.9821	14.0726	14.069	14.1366	14.0654
700000.0003	13.849	13.5968	13.7825	13.7821	13.7162	13.742	13.8841	13.7687	13.6937	13.6418	13.7666	14.0113	13.911	13.7347	13.8197
700000.0003	13.2629	13.5859	13.5643	13.4068	13.6812	13.281	13.6865	13.5162	13.4829	13.5255	13.5587	13.4965	13.607	13.2344	13.4947
700000.0003	12.9481	13.2507	13.3806	13.0418	13.5508	13.0245	13.3677	13.1744	13.6012	13.2326	13.3326	13.261	13.5484	13.1649	13.7916
700000.0003	13.1794	13.5031	13.3777	13.3129	13.3147	13.3675	13.9082	13.1106	13.0638	13.1288	13.1577	12.9114	13.5592	13.1961	13.4825
700000.0003	13.2051	12.9743	13.3317	13.2326	13.4721	13.4896	13.0947	13.5366	13.3852	13.0016	13.5975	13.273	13.1977	13.121	13.3451
700000.0003	13.4437	13.2152	13.3229	13.2977	13.3925	12.9807	13.2	13.842	13.4963	13.3874	13.4793	13.8293	13.4645	13.5041	13.1962
700000.0003	13.8552	13.8214	14.2351	14.2968	13.734	14.0518	13.8444	14.0517	13.8349	14.3451	13.9426	13.9016	13.7199	13.9535	14.1046
700000.0003	15.2346	15.035	15.1135	15.0038	15.0968	14.7434	14.9595	15.042	15.0837	14.8983	14.926	15.3479	15.0558	15.4374	14.9654
700000.0003	16.6114	16.8635	16.8106	16.8705	17.1594	17.2065	17.0138	16.9783	16.6859	17.0155	17.459	17.1871	17.3852	17.1084	17.2645
700000.0003	19.4921	19.6762	19.53	20.0578	19.9425	19.6417	19.7787	19.4836	19.435	20.043	20.286	20.2331	19.9335	20.0346	19.8955
700000.0003	24.5614	24.0894	24.4576	24.0249	24.1326	24.1807	23.7988	23.7912	23.9801	24.243	24.222	24.1756	23.9402	24.3962	24.2464
700000.0003	30.9518	30.4171	31.1017	30.559	30.4257	30.6372	30.2202	30.5552	30.3953	30.6103	30.2264	30.6073	30.7505	31.0462	31.1883
700000.0003	41.872	41.9527	42.2328	41.9064	41.311	41.8652	41.9524	41.4951	42.1527	41.7004	42.1657	42.0545	41.5645	42.0573	42.024
700000.0003	67.2398	67.2151	67.844	67.3252	67.1933	67.0142	67.4357	67.1917	67.0929	67.9624	67.8584	67.3695	66.7503	67.3699	67.1877
700000.0003	155.944	155.154	155.567	155.318	155.025	155.112	154.848	155.568	154.722	156.017	155.38	156.702	155.582	154.816	154.83
700000.0003	516.456	516.494	516.283	516.143	514.726	515.387	514.59	517.018	514.927	517.532	516.872	515.102	514.184	516.789	516.5
700000.0003	1363.19	1364.47	1363.53	1360.29	1360.89	1360.4	1361.63	1360.79	1362.15	1363.62	1364.75	1361	1359.28	1362	1363.73
700000.0003	2200.4	2204.86	2202.18	2200.67	2198.89	2202.32	2203.24	2199.36	2201.94	2203.44	2205.88	2201.32	2201.09	2201.83	2201.2
700000.0003	2640.07	2641.87	2644.33	2641.51	2641.38	2641.73	2640.31	2641.27	2642.3	2644.8	2644.13	2640.54	2641.95	2643.28	2641.2
700000.0003	2786.47	2790.01	2788.54	2787.9	2789.06	2787	2787.1	2789.55	2789.48	2787.96	2788.77	2787.85	2790.75	2787.08	2788.72
700000.0003	2836.96	2836.43	2833.91	2836.76	2836.67	2834.64	2833.08	2836.78	2837.48	2835.19	2836.42	2836.75	2833.66	2834.02	2837.26
700000.0003	2864.44	2863.66	2865.78	2867.08	2865.97	2862.22	2864.49	2867.42	2865.8	2867.02	2863.46	2862.38	2865.21	2867.11	2868.34
700000.0003	2891.15	2896.38	2894.13	2890.21	2888.76	2896.85	2896.19	2890.73	2890.83	2890.58	2898.59	2892.93	2893.27	2890.59	2892.72
700000.0003	2915.33	2918.91	2925.61	2922.13	2915.92	2916.21	2924.19	2922.53	2919.63	2921.17	2920.48	2916.5	2920.92	2922.78	2921.44
700000.0003	2947.72	2945.07	2947.17	2947.97	2949.01	2946.37	2948.08	2947	2946.85	2948.28	2948.3	2949.15	2945.59	2947.34	2948.51
700000.0003	2975.01	2977.15	2974.36	2973.52	2973.32	2973.51	2976.18	2976.45	2974.22	2973.05	2974.2	2977.02	2973.14	2972.7	2972.19
700000.0003	2999.73	2998.3	3003.61	3003.91	3002.47	2999.3	3002.22	3003.14	3001.76	3004.18	2999.75	3000.66	2999.2	3004.16	2998.28
700000.0003	3029.4	3023.45	3028.36	3028.83	3027.71	3028.35	3030.45	3029.71	3026.47	3026.75	3031.44	3028.29	3024.11	3026.23	3028.83
700000.0003	3055.7	3047.18	3054.03	3060.98	3055.02	3051.2	3054.57	3057.61	3052.75	3054.33	3057.56	3053.44	3050.18	3049.56	3057.97
700000.0003	3077.14	3075.3	3079.55	3084.51	3080.26	3077.73	3081.39	3084.84	3078.07	3076.65	3079.91	3079.57	3076	3077.42	3080.04
700000.0003	3099.83	3096.06	3097.55	3100.1	3099.85	3097.19	3100.61	3097.94	3097.61	3097.91	3101.19	3097.83	3094.24	3094.69	3094.41
700000.0003	1.59506	0.110864	0.230381	0.625343	-0.242777	-1.08846	-1.04056	0.103974	-0.501952	1.31284	0.668344	0.212246	0.524452	0.199461	-0.771245
700000.0003	-0.37038	0.683377	0.335359	-2.53335	-0.285895	-0.180253	0.444876	-1.03517	0.496814	-1.09359	0.528127	-0.202318	0.112675	-0.580818	0.619568
700000.0003	0.173408	-0.163907	0.13382	0.266191	-0.260882	-0.650372	-0.238378	-0.367899	0.00809754	0.0661308	-0.454922	0.0214747	0.0585331	0.144966	-0.223326
700000.0003	0.0165734	-0.00269551	-0.085094	0.0665137	0.126161	0.197961	-0.121948	-0.0595091	0.194976	0.0824495	-0.274502	-0.0115634	-0.0580146	0.0841559	0.10624
700000.0003	0.146817	0.130924	0.166093	-0.0675971	-0.0128475	-0.0621722	-0.133493	0.028196	-0.246671	-0.0178225	-0.117388	0.0370257	-0.179019	0.0406387	-0.346089
700000.0003	-0.0727288	-0.000686846	-0.0613362	0.0810268	0.0615703	0.00763654	-0.274429	-0.0453328	0.00228935	0.0201444	-0.00133154	-0.0401797	-0.0967604	-0.0937632	0.0713985
700000.0003	-0.132148	0.00597181	0.0569537	-0.106396	0.114868	0.0569871	-0.152862	-0.0373073	-0.193173	0.0275005	-0.168669	0.0743882	-0.104242	0.0702666	-0.113812
700000.0003	0.0591888	0.0264353	0.0196281	0.00284954	0.00152665	-0.138074	-0.0137836	-0.0965667	-0.040917	0.117454	0.159349	-0.205308	-0.024799	-0.139504	0.0356997
700000.0003	0.0435484	-0.0196931	-0.00706498	0.121076	-0.0922891	0.0461352	-0.0636086	0.0289525	-0.0462756	0.113904	-0.115917	0.180883	0.0752136	0.0411502	0.0466279
700000.0003	0.00421158	-0.0202748	-0.158351	-0.0775459	-0.103001	-0.148538	0.078417	-0.207545	-0.126991	-0.0315912	-0.0268508	0.254963	-0.0697102	-0.0267016	-0.0576025
700000.0003	-0.138936	-0.00546736	-0.0738493	0.0228191	-0.092612	-0.0339166	0.0302643	-0.0155114	-0.171458	0.0644766	0.194622	0.025502	-0.18307	-0.0193137	0.067795
700000.0003	0.0670303	-0.214306	0.0268111	-0.229921	0.15837	-0.0296791	0.311998	0.038533	-0.00900169	-0.0605915	0.0659346	0.0719662	0.00688253	0.0263431	-0.113222
700000.0003	-0.00526664	0.0871452	-0.10717	0.01869	-0.0654471	0.198035	-0.00548725	-0.122472	-0.00242218	-0.0351762	-0.0155696	0.00305013	0.00856242	0.0674497	-0.00990179
700000.0003	-0.149432	0.105812	0.163031	-0.0238357	0.15527	0.0816537	-0.0790258	0.0810946	0.053023	-0.0993086	-0.136473	0.0348112	-0.0176523	-0.0543269	0.0143967
700000.0003	0.131642	0.0833293	0.0604891	0.115306	-0.168639	-0.00449918	-0.0810059	-0.0563677	-0.0106263	0.0507903	0.0485242	-0.167462	0.0861349	0.00258971	0.106461
700000.0003	0.102923	0.00618176	-0.0633074	0.0251486	0.0478729	-0.00720693	-0.0380753	-0.0721061	0.0982341	-0.00723424	-0.0178784	0.159486	-0.0775548	-0.238197	0.0457975
700000.0003	0.0338813	0.0484589	0.0679491	0.0193023	0.199592	0.030635	-0.063093	0.156723	0.0118292	-0.131371	0.114164	0.00909708	-0.121678	-0.0384787	-0.0600878
700000.0003	-0.215115	0.155788	-0.00404545	-0.118684	0.130653	-0.0913476	0.0795662	-0.052377	0.0527911	0.0631357	0.0212768	0.0140921	0.00596947	0.100955	0.0986088
700000.0003	-0.0734128	0.108938	0.173521	-0.0861035	-0.0503775	-0.14344	-0.215321	0.115483	0.0413485	0.0725901	-0.153633	0.0788582	-0.0324694	0.189527	0.157057
700000.0003	-0.0682293	0.105639	0.0685193	0.135282	-0.258874	0.0723977	-0.0202015	0.0221205	0.0590437	-0.0751771	-0.141284	0.0812824	-0.0458381	0.0925116	0.12071
700000.0003	0.0250573	0.00960426	-0.0577023	-0.162937	0.0119622	0.305434	-0.0998854	0.0397713	-0.0874056	-0.173478	-0.117844	-0.260909	-0.177251	0.0108395	0.269275
700000.0003	-0.21201	0.267756	-0.170267	-0.0223774	-0.0546362	-0.00431172	-0.0773436	-0.105236	-0.125775	0.0738873	-0.392844	-0.257313	0.213845	0.204517	-0.195153
700000.0003	0.186459	-0.222833	-0.0676348	0.127463	-0.183921	-0.140952	0.264476	-0.108566	-0.17175	-0.185647	0.0329785	0.131456	-0.259344	0.230697	0.241785
700000.0003	0.0641073	-0.418752	-0.00989063	-0.382201	-0.221164	-0.228675	-0.136829	-0.449517	0.154014	-0.225356	-0.247723	-0.354198	-0.0695078	-0.291439	0.149249
700000.0003	-0.539276	-0.197191	-0.0143686	0.139155	-0.393386	0.266639	-0.0678001	0.00620541	0.252645	0.5143	0.161613	-1.05197	0.688344	0.209201	-0.304402
700000.0003	0.253809	0.15105	-0.554936	0.341765	0.812199	0.434434	0.0535132	0.0783582	0.58047	0.219004	-0.193595	-0.681261	-0.708439	-0.212881	-0.0157937
700000.0003	0.606482	-0.144271	0.270754	0.519993	0.220556	0.273101	0.489815	1.08036	0.283253	0.783564	-0.451753	0.153845	-1.51714	0.188121	0.474742
700000.0003	0.79492	0.450357	1.65631	0.166391	-0.606864	-0.263787	0.139509	-0.594308	-0.405697	-0.570937	0.963883	0.758025	0.497639	-0.363008	0.0772091
700000.0003	0.0838825	-0.0227289	-0.0953894	0.235672	0.638788	-0.758305	-0.409884	-0.906423	-1.33915	-0.990402	-0.302632	0.146708	1.43863	1.51427	0.723945
700000.0003	-0.798628	-0.295146	0.708659	-0.628451	-0.551118	-0.0122338	0.932916	-0.120432	-0.849205	-0.599644	0.455652	-0.104718	0.225243	0.706165	-0.713347
700000.0003	-0.239504	0.559425	-1.19318	-0.731462	1.09993	1.14311	-0.286651	-1.49479	0.331261	1.53283	-0.0277311	-0.551209	-0.816101	-0.042247	-0.266946
700000.0003	-0.847549	0.858318	0.777177	-0.415374	-0.0634872	0.689043	0.381299	0.21563	-0.697519	-0.812186	0.105136	0.939707	0.692757	-0.669989	-1.47457
700000.0003	-0.427848	-1.12783	0.371972	1.47559	0.3992	-0.652982	-0.747392	0.703121	0.309757	-0.229559	0.0578357	0.251426	-1.48228	0.519488	0.989769
700000.0003	0.716685	0.0232536	-0.567764	0.971349	-0.0577554	0.784029	0.30908	0.182318	-0.109498	-0.699781	-0.0853653	-0.859474	-1.24033	0.10527	0.904975
700000.0003	-0.38495	1.7397	2.09859	1.0647	0.188842	-0.170131	0.512647	-0.336556	0.0310724	-0.528496	-1.10018	-0.975237	1.08439	-0.106846	-1.3769
700000.0003	0.891496	-0.239448	1.27722	0.807138	1.09162	-0.729368	-0.200817	-0.209912	-0.537597	0.237432	-0.52618	-1.17411	-0.250252	0.454969	0.461137
700000.0003	-0.342345	0.116868	1.87604	1.12405	-0.0386889	0.5668	0.0627823	0.0432294	-0.409527	-0.390665	-0.330473	-0.489828	-0.299267	0.171255	0.451231
700000.0003	0.835497	1.2675	0.454092	0.902519	0.49607	-0.150551	0.20295	0.112429	-0.774503	-0.628123	-0.488156	-0.172906	0.176453	-0.431363	1.09469
700000.0003	1.78303	0.509562	-0.30895	0.926528	0.0299448	-0.750158	-0.77214	0.250496	0.873488	0.114655	0.218375	-0.0422686	-0.976165	-0.0631125	0.273935
700000.0003	-0.184463	0.192498	0.714525	0.27358	0.340167	-0.751963	-0.273613	0.646034	0.268719	-0.190597	-0.936162	0.819667	-0.619402	-0.551251	0.207781
700000.0003	2912.86	2909.59	2912.71	2915.57	2915.45	2912.69	2910.79	2911.45	2914.64	2912.99	2913.3	2911.92	2910.97	2909.61	2909.65
700000.0003	1606.07	1609.18	1606.83	1608.12	1608.04	1608.61	1606.84	1607.73	1607.37	1608.82	1608.28	1608.03	1607.39	1605.96	1603.37
700000.0003	174.74	174.162	174.152	173.616	173.942	173.425	173.578	173.978	173.184	173.872	174.836	174.458	173.942	174.035	174.69
700000.0003	28.3185	28.1075	28.3117	28.4928	28.0728	28.5043	27.6947	28.2533	28.1782	28.0983	28.3499	28.8082	28.4797	28.4658	28.0434
700000.0003	18.3641	18.7975	18.4544	18.2801	18.1153	18.3071	18.3027	18.1469	18.2946	18.3172	18.2161	17.8727	18.1323	18.2541	18.2619
700000.0003	16.1984	16.1868	16.178	15.7848	16.0632	16.0123	16.148	16.2931	15.9459	16.2108	16.0508	16.0284	16.2266	15.8621	16.3224
700000.0003	15.1052	14.9877	14.9429	15.0377	14.8492	15.1113	14.9309	15.1947	14.9384	15.3148	15.0433	14.9281	14.6883	14.7124	14.8331
700000.0003	14.0054	14.487	14.4611	14.2376	14.4138	14.4607	14.2889	14.525	14.7231	14.4489	14.2277	14.4445	14.4196	14.1412	14.2622
700000.0003	13.4347	13.8639	13.6112	13.6556	14.1435	13.9287	13.7236	13.9116	13.4132	13.8798	13.9007	13.78	13.9447	13.7246	13.7679
700000.0003	13.4662	13.6026	13.7614	13.6814	13.5234	13.7099	13.58	13.456	13.7491	13.8555	13.6927	14.1688	13.7708	13.567	13.6736
700000.0003	13.4428	13.3334	13.5776	13.3295	13.7875	13.3036	13.2791	13.4463	13.5339	13.2443	13.6204	13.2302	13.5863	13.2124	13.4357
700000.0003	12.8557	12.9735	13.417	13.0666	13.3474	13.4352	13.5769	13.1708	13.5879	13.3077	13.1231	13.3985	13.3168	13.2628	13.3481
700000.0003	13.3669	13.3839	13.3409	13.4278	13.2877	13.1898	13.3079	13.15	13.2613	13.3768	13.0379	12.9875	12.9456	12.9679	13.3344
700000.0003	12.7549	12.994	13.0126	13.1587	13.5512	13.5533	13.4889	13.0361	13.4998	13.1141	13.5535	13.3775	13.4896	13.4065	13.4886
700000.0003	13.5086	13.2084	13.1378	13.3315	13.5128	13.1784	13.3664	13.5745	13.6455	13.3552	13.371	13.6106	12.9544	13.4708	13.4341
700000.0003	14.3694	13.7371	13.7996	14.3069	13.8011	14.0229	13.8307	13.9971	14.087	14.2243	13.8744	13.813	13.9998	13.9634	13.9212
700000.0003	15.0815	14.6895	15.1409	14.8841	15.1349	15.037	15.1819	15.061	15.5129	14.9304	14.92	15.1088	15.3574	15.4545	15.3355
700000.0003	16.625	16.7661	17.0861	17.0106	17.029	17.0541	16.8206	16.9426	16.8778	17.0406	17.1338	17.1004	17.5652	17.49	17.0094
700000.0003	19.3728	19.841	19.4714	19.5818	19.7216	19.5585	19.8158	19.3946	19.8512	19.6673	19.8199	20.1303	19.5885	19.8914	19.6869
700000.0003	23.985	23.642	24.0695	24.1776	24.0239	24.0014	23.9275	23.6868	23.5002	23.8554	24.0773	23.7152	23.8479	23.7362	23.9687
700000.0003	30.6245	30.3189	30.2339	30.1105	30.1952	30.5128	30.4952	30.6511	30.477	30.4329	30.3626	30.2353	30.7921	30.8463	30.6929
700000.0003	41.3831	41.1182	41.7874	41.7863	41.3835	41.4497	42.5557	41.641	41.4057	41.8281	41.8156	42.0331	41.4933	41.0223	41.9037
700000.0003	66.0276	66.5297	66.675	66.058	66.5065	65.9429	66.6286	66.365	66.0504	67.1012	66.8189	66.5978	66.0217	66.4212	66.2556
700000.0003	153.91	152.72	152.574	152.146	153.071	152.895	152.68	153.414	152.345	152.926	152.392	153.568	153.777	153.325	153.093
700000.0003	520.53	521.882	519.494	520.299	517.903	519.99	519.28	521.519	519.251	520.008	521.635	519.86	518.119	521.145	520.27
700000.0003	1364.69	1364.21	1363.97	1359.81	1361.84	1360.94	1362.76	1363.7	1363.69	1365.57	1363.07	1361.87	1363.46	1364.31	1365.36
700000.0003	2156.05	2158.17	2155.54	2154.65	2150.02	2153.54	2155.39	2154.02	2155.86	2155.44	2155.75	2154.79	2154.95	2153.15	2151.81
700000.0003	2586.37	2588.2	2586.43	2586.23	2585.3	2583.24	2583.61	2583.78	2585.08	2586.21	2588.67	2583.86	2582.37	2584.38	2583.3
700000.0003	2776.98	2778.78	2779.46	2777.18	2780.32	2780.2	2777.51	2778.03	2777.1	2779.65	2776.65	2776.7	2779.52	2777.01	2778.29
700000.0003	2868.25	2866.83	2866.23	2866.59	2867.53	2865.77	2865.26	2867.65	2868.44	2865.92	2866.78	2867.71	2864.87	2864.57	2865.31
700000.0003	2905.34	2904.23	2908.09	2908.57	2908.1	2905.35	2906.44	2909.09	2906.39	2907.55	2906.22	2906.24	2906.3	2907.55	2906.8
700000.0003	2931.69	2934.96	2932.49	2931.36	2930.8	2935.7	2932.06	2931.43	2932.99	2931.48	2933.25	2930.84	2934.04	2933.16	2932.21
700000.0003	2952.65	2954.71	2952.99	2952.55	2952.51	2954.72	2956.52	2952.42	2953.12	2953.41	2952.53	2954.02	2955.93	2951.61	2956.53
700000.0003	2971.98	2971.32	2970.99	2973.26	2972.66	2970.83	2970.03	2971.53	2975.1	2973.33	2973.87	2975.38	2970.02	2973.11	2974.16
700000.0003	2988.95	2991.69	2990.49	2989.99	2991.4	2989.06	2991.48	2989.97	2988.74	2990.48	2991.12	2991.32	2988.33	2991.37	2988.98
700000.0003	3007.78	3007.32	3009.45	3008.31	3008.66	3007.52	3006.74	3005.34	3006.4	3007.76	3007.03	3005.56	3008.62	3010.15	3003.62
700000.0003	3026.35	3024.32	3022.82	3022.3	3022.05	3025.93	3025.49	3025.9	3025.68	3024.04	3025.64	3023.69	3026.87	3024.89	3023.29
700000.0003	3045.9	3040.57	3044.27	3043.53	3043.89	3044.98	3044.04	3045.25	3046.61	3047.08	3046.85	3043.3	3045.82	3042.82	3046.1
700000.0003	3066.33	3070.72	3069.89	3072.71	3071.91	3069.48	3071.79	3072.68	3070.23	3071.07	3068.08	3072.36	3068.62	3069.13	3073.61
700000.0003	3084.37	3085.68	3084.55	3084.29	3086.15	3086.68	3088.29	3085.42	3084.82	3084.07	3083.57	3084.21	3082.06	3084.3	3081.47
