700000.0003	2953.49	2957.8	2958.13	2957.35	2956.55	2962.84	2963.26	2962.39	2958.76	2962.47	2957.49	2958.23	2958.23	2960.16	2958.5
700000.0003	1531.6	1533.13	1532.52	1532.25	1533.87	1535.09	1535.88	1535.06	1535.19	1535.97	1534.98	1534.49	1534.66	1533.67	1531.51
700000.0003	193.573	194.303	194.413	193.276	194.144	192.576	193.785	194.514	193.615	194.84	195.024	193.64	194.979	194.506	193.034
700000.0003	32.7387	32.4345	32.5509	32.7694	32.5973	32.4418	32.2469	32.9966	31.9352	32.8179	32.1129	32.5769	32.0396	32.6101	31.8059
700000.0003	19.3145	19.3283	19.3676	19.6021	19.2223	19.1041	19.143	19.6021	18.973	19.4171	19.2637	19.1543	19.8046	19.3279	19.6177
700000.0003	16.909	16.7092	16.2355	16.7925	16.6771	16.6146	16.6404	16.7801	16.3698	16.6546	16.6227	16.6387	16.6378	16.865	16.7694
700000.0003	15.6428	15.2528	15.2069	15.0932	14.948	15.3571	15.3218	15.4981	15.6998	14.9562	15.2147	15.3544	15.2526	15.4494	15.2684
700000.0003	14.5511	14.4931	14.2353	14.3434	14.0262	14.6584	14.3841	14.7047	14.684	14.5608	14.5793	14.5165	14.5984	14.7377	14.8675
700000.0003	14.0737	14.2835	13.9076	13.9031	14.0881	14.1793	14.0842	14.259	14.2204	14.1848	13.6699	13.7078	13.8843	14.0499	14.0464
700000.0003	13.6434	13.6498	13.7129	13.5679	13.7935	13.7888	13.455	13.6546	13.6816	14.2979	13.3565	13.6142	13.8687	13.6896	13.8538
700000.0003	13.6424	13.319	13.8996	13.6051	13.6413	13.2475	13.6883	13.4182	13.1863	13.5698	13.652	13.5242	13.0627	13.355	13.1734
700000.0003	13.1648	13.3143	13.5864	13.4349	13.2051	13.8288	13.1415	12.9644	13.4452	13.6406	13.1862	13.221	13.0683	13.3231	13.4758
700000.0003	13.1718	13.0789	13.8123	13.0234	13.2985	13.3624	13.1596	13.2236	13.0669	13.6123	13.4557	12.963	12.9593	13.306	13.5733
700000.0003	13.1782	13.2204	13.5388	13.2165	12.9771	13.265	13.116	13.3664	13.5084	13.3026	13.0492	13.2403	13.0204	12.9269	13.5438
700000.0003	13.4629	13.6457	13.2145	13.4721	13.5563	13.046	13.0351	13.3655	13.0914	13.627	13.737	13.5668	13.3973	13.2128	13.2092
700000.0003	14.0045	14.0187	14.1916	14.0713	14.1478	13.9281	13.7539	13.9386	13.8737	14.2603	14.0373	14.3297	13.9172	14.134	13.972
700000.0003	15.0071	15.0646	14.8555	15.6224	15.1018	14.709	14.8565	14.9116	15.5692	15.2627	14.8436	15.1328	15.181	15.3856	15.0024
700000.0003	17.2917	16.828	16.9991	16.7534	17.1689	16.7783	17.152	16.6422	17.0504	16.8249	16.827	16.7568	16.9528	17.3096	17.1641
700000.0003	20.0583	19.7988	20.0392	20.0982	19.9893	19.9375	19.7307	19.8434	19.6474	20.0063	19.8799	20.0939	19.7474	19.9409	20.1829
700000.0003	24.271	23.9851	24.3165	24.0998	24.0989	23.8817	23.9048	24.0999	23.9656	24.2325	24.0783	23.9445	23.9682	23.496	23.8986
700000.0003	30.5353	30.6509	30.8188	30.8682	30.4766	31.3026	30.4924	30.615	30.2458	30.6715	30.748	30.4683	30.6892	30.7109	30.0487
700000.0003	42.4614	42.211	41.9651	42.2644	42.5454	42.3349	42.2628	41.9079	42.0528	42.3644	42.135	42.1818	41.6634	42.6038	42.1396
700000.0003	67.4642	67.8015	67.3994	67.5354	67.5721	67.7649	67.0952	67.8761	67.3228	67.5972	66.6305	66.8525	67.1206	67.262	67.1351
700000.0003	156.535	156.008	156.026	155.393	155.842	155.739	156.254	155.166	155.998	156.749	155.437	155.519	155.633	154.578	155.55
700000.0003	515.039	516.81	517.774	517.093	516.278	516.851	515.961	515.743	516.389	516.431	513.864	515.502	515.126	515.638	516.614
700000.0003	1360.86	1363.45	1363.7	1362.63	1362.05	1360.85	1360.71	1361.25	1361.76	1360.53	1360.75	1359.6	1363.7	1361.11	1361.05
700000.0003	2202.75	2202.41	2202.03	2200.46	2202.12	2198.52	2199.87	2200.61	2203.47	2197.89	2200.52	2202.49	2201.87	2199.12	2201.14
700000.0003	2640.71	2641.61	2640.99	2642.87	2640.93	2639.31	2640.32	2643.39	2641.9	2640.4	2641.87	2641.67	2641.05	2641.73	2639.85
700000.0003	2787.2	2789.18	2788	2790.68	2783.62	2787.8	2789.61	2788.48	2785.81	2788.24	2787.99	2788.46	2789.7	2788.52	2787.07
700000.0003	2834.48	2836.47	2834.28	2835.97	2835.55	2836.78	2833.89	2833.35	2834.12	2836.68	2834.37	2837.87	2836.91	2835.14	2834.87
700000.0003	2867.86	2862.82	2863.22	2865.91	2867.99	2860.67	2861.53	2866.69	2867.28	2862.85	2862.71	2868.09	2864.24	2865.96	2864.82
700000.0003	2894.23	2893.58	2893.37	2890.93	2891.57	2891.56	2891.89	2891.13	2891.02	2891.04	2894.19	2895.13	2892.9	2892.28	2890.59
700000.0003	2918.39	2922.01	2918.62	2918.79	2919.63	2919.04	2920.56	2916.21	2922.03	2920.14	2921.23	2914.04	2921.63	2920.98	2923.31
700000.0003	2945.33	2950.94	2947.98	2944.05	2945.97	2947.91	2946.43	2945.23	2946.61	2947.37	2948.6	2947.88	2947.7	2946.48	2944.67
700000.0003	2973.72	2974.36	2973.43	2971.55	2973.29	2973.75	2976.31	2973.91	2974.54	2973.56	2973.03	2973.11	2975.44	2971.86	2975.34
700000.0003	3001.63	2998.11	2999.53	3003.02	3002.65	2998.14	3000.34	3002.03	3002.45	2999.23	3002.92	3002.16	2998.72	2997.43	3000.85
700000.0003	3025.95	3026.92	3027.07	3027.12	3026.72	3027.53	3030.96	3030.94	3029.54	3024.17	3027.01	3029.45	3025.99	3023.83	3026.9
700000.0003	3050.62	3049.49	3050.94	3054.35	3057.56	3052.4	3053.35	3054.81	3059.36	3052.69	3053.15	3052.29	3053.44	3052.3	3054.06
700000.0003	3078.15	3074.77	3079.25	3077.68	3078.09	3077.69	3082.66	3084.51	3079.53	3075.11	3077.46	3080.26	3077.66	3075.54	3075.41
700000.0003	3094.01	3094.98	3094.31	3098.25	3097.61	3097.7	3100.96	3097.94	3098.15	3096.74	3096.81	3098.63	3094.49	3096.96	3093.84
700000.0003	0.217349	-0.751397	-0.642141	-0.323057	0.573063	0.722513	-0.253502	0.221703	0.879821	-0.27055	-0.809135	1.314	0.204958	-0.583951	-0.13899
700000.0003	0.027398	1.00667	1.42192	0.587463	-0.969614	-0.0232758	0.815379	0.46873	0.876507	0.566237	0.717255	-1.11141	0.261015	-1.17759	-0.220986
700000.0003	0.451372	0.301807	0.412418	0.0840548	-0.495195	0.222569	0.165754	0.211505	0.200712	-0.671921	-0.0701973	-0.668021	0.102014	-0.492897	-0.0625375
700000.0003	0.075544	0.188706	-0.0408096	0.0553846	0.275602	-0.0508353	-0.0506042	-0.0448901	-0.237151	-0.272753	-0.0147384	-0.0259545	-0.311461	-0.0211056	-0.0325368
700000.0003	0.21315	-0.231716	0.09731	-0.0490633	0.220066	0.0780415	0.0510407	0.119666	-0.0927137	0.0101941	0.0763712	-0.0230439	0.00334833	-0.0990718	-0.0204935
700000.0003	0.0315394	0.0831103	-0.116631	-0.166583	0.111022	-0.0908024	0.193594	-0.0303231	0.165442	-0.0119109	0.106853	0.0948155	-0.00498526	0.04619	-0.148794
700000.0003	-0.164183	0.0498731	-0.16859	0.0765166	0.0384228	-0.049732	0.0911406	0.0506934	0.15131	0.0625429	0.0234736	-0.17999	-0.0320038	-0.10606	0.0410016
700000.0003	-0.264062	-0.00228577	0.0165412	-0.167186	0.209304	-0.0203521	-0.0543936	-0.178957	0.157793	-0.218245	-0.0362276	-0.101244	0.070418	-0.029205	0.121552
700000.0003	0.0325194	0.149568	-0.241758	0.162795	0.0575224	0.0288391	-0.00915191	-0.0107689	0.0133279	-0.0849434	-0.0101898	0.25285	0.0613355	-0.189501	-0.0444378
700000.0003	0.00225907	-0.07847	0.0115321	-0.00247214	0.0284255	0.0519806	0.0712686	-0.0876564	-0.0411367	-0.015989	0.102262	-0.0292704	-0.0264328	-0.0296501	-0.136433
700000.0003	-0.131154	-0.0889843	0.0462891	0.0989666	0.0899843	0.0513663	-0.0941927	-6.1912e-05	0.229616	0.117989	-0.143867	-0.0562724	-0.0502874	-0.0434793	0.123728
700000.0003	0.0306469	-0.219961	-0.047872	0.0362106	0.0474746	-0.0876697	-0.137479	-0.135122	0.116453	0.00763526	-0.0666747	-0.234506	0.0286957	0.0839166	-0.0445035
700000.0003	0.100552	0.166168	0.101644	-0.0452	0.10191	-0.0337548	-0.0605102	-0.0362217	-0.156134	0.0356412	-0.0369842	-0.0867004	0.0109565	-0.118375	0.142039
700000.0003	-0.0895077	-0.154514	0.0120768	0.192118	0.0101307	0.0406579	-0.0535477	0.12038	0.0667069	0.161499	-0.116627	-0.0795046	0.0208695	-0.16008	0.0471648
700000.0003	-0.131423	-0.266883	-0.0244636	-0.0131725	-0.163961	0.0372524	-0.0711903	0.0336675	-0.0724559	0.165415	-0.126406	-0.073771	-0.171994	-0.133677	-0.131074
700000.0003	-0.105039	-0.225476	0.0152135	-0.0907902	0.111988	-0.0801272	-0.122058	0.0975464	-0.123042	0.0888116	-0.0246716	0.0337156	-0.0675205	0.0315959	0.0745531
700000.0003	-0.0317133	0.0230099	-0.138264	0.0283664	-0.139103	-0.0343201	-0.110085	0.018302	0.101894	0.163973	-0.203638	-0.0339431	0.222094	-0.033153	-0.0611136
700000.0003	0.134103	-0.0992228	0.0575199	-0.0867178	0.247359	-0.000211397	-0.122962	-0.0915511	0.0814223	0.00761488	-0.0432401	0.0963973	0.13511	0.0167344	0.0522583
700000.0003	-0.0928672	0.217211	-0.0637935	0.0365065	-0.04338	0.234729	-0.198815	-0.14189	0.0347061	0.0961057	0.0207647	-0.0187164	-0.091377	0.252097	-0.0563909
700000.0003	0.0420538	0.146189	-0.367907	-0.0043051	0.0575984	-0.0490165	-0.0847302	-0.276982	0.0437624	0.0706336	-0.0964558	0.00179136	0.262785	-0.257891	-0.0830774
700000.0003	0.176023	0.0947704	-0.3755	0.0572257	-0.216421	-0.0399413	0.0825429	0.124673	0.0200504	0.120084	0.0511009	0.108982	-0.210127	-0.0437652	0.0870765
700000.0003	-0.360647	0.0490116	-0.140011	0.146087	0.0581871	0.0850688	-0.163133	-0.402412	-0.0334562	0.0730375	0.271161	0.28465	-0.109465	-0.19127	-0.0296899
700000.0003	0.162491	-0.0617132	0.0667921	0.0177	-0.185626	-0.181372	0.385077	-0.284355	0.104337	0.402385	0.304804	0.014959	-0.223615	0.0862254	-0.0146436
700000.0003	-0.293991	0.214415	0.148889	0.076725	-0.084049	-0.170932	0.276133	0.479105	0.125301	0.118245	-0.245862	-0.480256	-0.023332	-0.067731	-0.144646
700000.0003	0.234255	0.369754	-0.419271	0.418108	0.2583	0.167361	-0.770724	0.35303	-0.576057	0.0491677	-0.55554	0.325656	0.353674	-0.684806	-0.392898
700000.0003	0.0742559	-0.402734	0.33075	0.0286089	0.33748	-0.49723	0.523177	0.272517	0.846386	-0.180275	0.611754	-0.426904	0.296977	-1.28184	-0.785306
700000.0003	-0.0289171	-0.173318	0.497666	0.165642	-0.646991	0.877582	-0.134662	-0.103926	-0.122716	-0.197143	0.535661	-0.334802	-1.61	-0.260752	0.945503
700000.0003	-0.873698	-0.757411	0.396179	0.507898	-0.0132512	0.549424	0.650475	-0.786964	1.7211	0.804036	-0.0161647	-1.15668	0.943035	-1.40092	0.171442
700000.0003	0.979233	-1.22612	-1.19036	0.611423	2.34672	1.44517	0.146178	1.07625	1.00548	1.20437	0.757201	-0.11609	-0.255267	-0.126579	0.482686
700000.0003	-0.258685	-0.0439618	0.574	0.512066	0.424518	0.564019	1.33705	2.52773	0.868244	0.406492	0.839431	0.741342	-0.38624	1.02558	0.60047
700000.0003	0.778174	0.338747	-0.950966	1.09195	1.87479	1.42859	0.666094	-0.386719	0.659439	0.988369	0.0660072	0.0667228	-0.599118	1.3595	0.904435
700000.0003	0.675734	0.81589	1.00178	1.26068	1.05186	1.53564	0.875464	0.610036	1.4058	-0.0510223	-0.726029	-0.487194	1.59221	1.10425	-0.374334
700000.0003	0.930749	1.64857	0.491784	0.681611	2.37611	1.46213	0.857294	0.977326	-0.128485	0.350806	-0.973525	-0.653858	-0.688887	-0.338402	0.774731
700000.0003	-0.101601	-0.0336093	1.74811	2.61339	1.63586	0.850286	0.870196	-0.365056	-0.654771	-0.411931	-0.431067	-1.00833	-1.43372	-0.128625	1.2317
700000.0003	-0.107389	0.968607	3.02723	2.0538	0.354178	0.530939	0.480465	0.793538	-1.15211	-0.212452	-0.529175	-1.69853	-0.580619	0.374943	0.296677
700000.0003	0.892532	1.39635	1.71175	0.852142	1.86545	1.96407	0.757925	-0.682034	-0.341023	-0.807732	-1.31946	-1.53639	-0.0624025	-0.4351	-0.313047
700000.0003	0.194773	1.25392	1.50964	2.44573	1.36056	-0.052176	0.376753	0.705327	0.315572	-1.17471	-1.59813	-0.338717	-1.14023	-0.865765	-0.144973
700000.0003	0.47704	0.541433	0.515174	1.26783	1.71813	1.7601	0.117686	-0.521775	-1.13183	-0.63923	-0.402796	-0.206379	-1.09979	-1.18177	-0.00253602
700000.0003	-0.235901	1.23095	1.31241	0.684715	0.428004	0.206327	-0.154076	0.253408	0.25568	0.230382	-0.631425	-1.58496	0.174554	-0.301974	-1.10514
700000.0003	-0.13604	0.425401	0.76023	0.150987	1.1508	0.911578	0.113206	-0.580107	-0.260026	0.0879758	-0.278359	-0.199857	0.344487	-0.546848	-1.58269
700000.0003	2907.66	2908.84	2908.64	2908.5	2910.29	2915.33	2913.33	2911.97	2912.84	2914.76	2912.12	2910.22	2911.17	2911.54	2911.25
700000.0003	1604.41	1606.32	1604.9	1604.24	1604.69	1606.01	1609.64	1608.25	1608.27	1610.25	1606.19	1606.07	1607.29	1604.76	1602
700000.0003	174.295	174.101	173.631	173.287	173.206	173.213	173.763	174.76	174.529	174.306	174.173	173.945	174.198	173.065	173.525
700000.0003	28.4571	28.9362	28.1014	28.1582	28.5228	28.0928	28.5012	28.8733	28.1978	29.0644	28.5409	28.7321	28.1997	28.2631	27.9357
700000.0003	17.8747	18.5143	18.3868	19.1197	18.0722	18.3589	18.0102	18.2067	18.2253	18.0956	18.1965	18.0497	18.4377	18.6025	18.2363
700000.0003	15.8001	16.4005	16.0304	16.2199	16.3805	16.0603	15.9525	16.0642	16.0003	16.4071	16.2049	15.7523	16.0871	16.4241	15.9366
700000.0003	14.9826	14.5402	14.8572	15	14.5957	14.6282	14.8568	14.8458	14.7125	14.7874	15.0451	14.8163	14.7495	14.8403	14.8332
700000.0003	14.2707	14.0801	14.4398	14.2442	14.3019	14.5425	13.991	13.9596	14.1661	14.6295	14.7563	14.5436	14.1371	14.4627	14.3975
700000.0003	13.7685	13.9878	13.8909	13.6857	14.0665	14.0934	13.7587	14.146	14.1013	13.9205	13.5963	13.6873	13.9607	13.8233	13.988
700000.0003	13.6339	13.7469	13.4745	13.7238	13.5849	13.6119	13.5164	13.7854	13.4255	13.9369	13.2186	13.3752	13.9684	13.8491	13.7423
700000.0003	13.5352	13.54	13.8451	13.7325	13.5706	13.4442	13.4428	13.3304	13.3037	13.5322	13.3954	13.091	13.4749	13.2579	13.0635
700000.0003	13.3911	13.1235	13.3433	13.3136	13.4364	13.6084	13.0674	13.2383	13.2318	13.5407	13.325	13.3786	13.1444	13.0776	13.7526
700000.0003	13.3745	13.1075	13.3374	13.1216	13.1487	13.3635	13.1973	13.1756	12.9696	13.4895	13.4614	12.8971	12.942	13.1921	13.0226
700000.0003	13.5823	13.0585	13.2571	13.3261	13.4022	13.2794	13.1169	13.1284	13.4317	13.3634	13.1328	13.4952	12.9222	13.224	13.5621
700000.0003	13.3519	13.329	13.2399	13.6648	13.5392	13.0362	12.9876	13.1075	12.9325	13.1492	13.9793	13.459	13.1841	13.2247	13.4142
700000.0003	14.1862	13.7023	13.9258	14.078	14.0874	14.1012	13.7704	13.9957	13.9623	14.3142	14.1819	14.176	13.7971	14.2425	14.2794
700000.0003	15.1286	14.8436	14.9415	15.2617	14.8918	14.8703	14.687	14.6502	15.2789	15.1262	15.3934	15.2193	15.0705	15.2918	15.0516
700000.0003	16.9771	16.8565	17.0963	16.9868	17.4583	16.7644	16.6763	16.7864	16.9276	16.8486	16.5175	16.7811	16.9533	16.8922	17.1289
700000.0003	19.9318	19.6728	19.4975	19.7684	20.1194	19.714	19.6299	19.7329	19.5303	19.8652	19.681	20.2378	19.5394	19.7425	19.9962
700000.0003	24.2245	23.57	24.4566	24.1342	23.9093	23.724	23.5581	23.7071	24.0846	23.7935	23.6373	23.9412	23.7531	23.7908	23.9983
700000.0003	30.2222	30.7943	30.531	30.2025	30.5526	30.8011	30.301	30.4971	29.9183	30.3608	30.5033	30.6712	30.6732	30.3992	30.144
700000.0003	42.3374	41.9245	41.8766	41.6929	42.0219	41.4906	41.9966	41.7104	41.641	42.3315	41.7734	41.9327	41.5966	41.6631	41.922
700000.0003	66.2013	66.8359	67.009	66.3534	67.3926	66.6156	66.2328	67.5007	66.2784	66.1214	66.0168	66.6779	66.1814	66.6157	66.3498
700000.0003	153.467	153.465	152.72	152.78	153.979	153.371	153.856	153.128	153.187	153.84	153.053	152.97	152.628	152.536	152.869
700000.0003	520.331	521.24	521.786	522.181	520.347	520.693	520.948	521.496	519.596	521.488	518.717	519.125	519.941	520.534	520.762
700000.0003	1359.43	1363.51	1364.94	1364.19	1362.59	1362.69	1361.58	1361.48	1362.87	1363.55	1362.28	1362.07	1363.76	1364.69	1361.37
700000.0003	2153.68	2152.98	2155.17	2154.42	2154.02	2150.38	2150.51	2153.38	2153.94	2151.17	2154.13	2154.24	2151.81	2152.92	2153.96
700000.0003	2585.38	2585.05	2584.96	2585.19	2585.47	2583.13	2583.34	2584.77	2585.56	2583.48	2585.93	2583.71	2585.04	2585.81	2583.26
700000.0003	2777.57	2776.75	2776.7	2776.91	2775.44	2777.67	2777.49	2776.27	2777.88	2778.93	2777.88	2778.01	2780.8	2777.7	2779.26
700000.0003	2865.88	2868.01	2865.39	2865.03	2861.66	2865.5	2863.06	2864.47	2863.87	2867.17	2866.11	2868.03	2866.9	2864.03	2864.35
700000.0003	2907.13	2906.37	2904.7	2906.12	2906.59	2903.38	2902.14	2904.82	2902.98	2902.6	2904.15	2906.82	2905.92	2907.68	2909.29
700000.0003	2931.99	2932.71	2932.17	2931.21	2929.54	2928.52	2932.16	2928.81	2930.23	2929.33	2931.12	2933.32	2929.67	2933.98	2930.63
700000.0003	2951.89	2952.96	2951.98	2952.12	2954.38	2952.31	2954.03	2951.48	2954.79	2954.59	2952.9	2951.38	2953.66	2952.15	2953.4
700000.0003	2973.31	2972.75	2973.02	2970.73	2974.47	2972.44	2971.91	2973.56	2973.61	2972.06	2972.07	2972.77	2971.74	2971.53	2970.45
700000.0003	2990.35	2991.31	2991.53	2990.88	2988.35	2992.12	2988.75	2990.17	2987.26	2986.92	2990.14	2988.61	2992.08	2989.88	2991.83
700000.0003	3006.62	3005.32	3006.33	3010.23	3005.89	3006.14	3007.3	3006.45	3006.77	3008.02	3007.99	3005.36	3003.94	3007.67	3007.46
700000.0003	3023.16	3024.81	3024.56	3023.95	3025.01	3026.42	3025.77	3026.02	3024.46	3025.04	3021.18	3024.52	3024.54	3021.6	3021.61
700000.0003	3044.38	3045.48	3042.37	3044.72	3045.49	3045.86	3045.71	3045.39	3047.46	3046.77	3042.95	3045.79	3043.67	3043.94	3044.17
700000.0003	3070.99	3067.3	3072.2	3068.16	3071.83	3067.21	3071.63	3072.89	3069.82	3068.19	3072.77	3069.78	3069.11	3069.38	3070.13
700000.0003	3083.77	3082.18	3082.15	3086.67	3083.99	3085.63	3086.08	3085.29	3086.45	3084.33	3086.16	3084.42	3083.87	3084.1	3082.34
