700000.0003	0.0259816
700000.0003	0.0357491
700000.0003	0.0523979
700000.0003	0.0809187
700000.0003	0.123757
700000.0003	0.189717
700000.0003	0.278472
700000.0003	0.398368
700000.0003	0.550228
700000.0003	0.744466
700000.0003	0.984944
700000.0003	1.26537
700000.0003	1.6073
700000.0003	1.99536
700000.0003	2.41629
700000.0003	2.86143
700000.0003	3.35578
700000.0003	3.79948
700000.0003	4.29418
700000.0003	4.7586
700000.0003	5.1838
700000.0003	5.63594
700000.0003	6.04127
700000.0003	6.44394
700000.0003	6.8413
700000.0003	7.19943
700000.0003	7.58252
700000.0003	7.89469
700000.0003	8.20238
700000.0003	8.52738
700000.0003	8.81628
700000.0003	9.10088
700000.0003	9.34854
700000.0003	9.60069
700000.0003	9.74509
700000.0003	9.95507
700000.0003	10.082
700000.0003	10.1393
700000.0003	10.1834
700000.0003	10.2932
700000.0003	10.2478
700000.0003	10.3236
700000.0003	10.2862
700000.0003	10.2206
700000.0003	10.3176
700000.0003	10.303
700000.0003	10.2376
700000.0003	10.2628
700000.0003	10.191
700000.0003	10.3215
700000.0003	10.2522
700000.0003	10.3009
700000.0003	10.3462
700000.0003	10.2503
700000.0003	10.2662
700000.0003	10.3524
700000.0003	10.2756
700000.0003	10.3473
700000.0003	10.2572
700000.0003	10.2617
700000.0003	10.2825
700000.0003	10.2545
700000.0003	10.2978
700000.0003	10.3159
700000.0003	10.3053
700000.0003	10.333
700000.0003	10.2392
700000.0003	10.3271
700000.0003	10.2987
700000.0003	10.318
700000.0003	10.3538
700000.0003	10.3939
700000.0003	10.3981
700000.0003	10.312
700000.0003	10.3652
700000.0003	10.4012
700000.0003	10.3343
700000.0003	10.3999
700000.0003	10.3199
700000.0003	10.3112
700000.0003	10.3559
700000.0003	10.3504
700000.0003	10.4388
700000.0003	10.3264
700000.0003	10.3594
700000.0003	10.3962
700000.0003	10.3708
700000.0003	10.3787
700000.0003	10.4224
700000.0003	10.4309
700000.0003	10.3406
700000.0003	10.3955
700000.0003	10.3933
700000.0003	10.433
700000.0003	10.3794
700000.0003	10.3893
700000.0003	10.3701
700000.0003	10.3911
700000.0003	10.266
700000.0003	10.2946
700000.0003	10.4601
700000.0003	10.3449
700000.0003	10.4306
700000.0003	10.4244
700000.0003	10.3358
700000.0003	10.4945
700000.0003	10.3786
700000.0003	10.4173
700000.0003	10.4131
700000.0003	10.39
700000.0003	10.416
700000.0003	10.4164
700000.0003	10.4366
700000.0003	10.3595
700000.0003	10.4639
700000.0003	10.4214
700000.0003	10.3654
700000.0003	10.4666
700000.0003	10.4271
700000.0003	10.3696
700000.0003	10.479
700000.0003	10.464
700000.0003	10.4397
700000.0003	10.3926
700000.0003	10.4468
700000.0003	10.4231
700000.0003	10.4057
700000.0003	10.4934
700000.0003	10.4049
700000.0003	10.3763
700000.0003	10.4831
700000.0003	10.4385
700000.0003	10.4952
700000.0003	10.5007
700000.0003	10.4192
700000.0003	10.4669
700000.0003	10.4944
700000.0003	10.4853
700000.0003	10.4508
700000.0003	10.4763
700000.0003	10.4641
700000.0003	10.4905
700000.0003	10.4409
700000.0003	10.4108
700000.0003	10.4139
700000.0003	10.4649
700000.0003	10.3701
700000.0003	10.4853
700000.0003	10.3506
700000.0003	10.4078
700000.0003	10.3526
700000.0003	10.3454
700000.0003	10.3167
700000.0003	10.2253
700000.0003	10.295
700000.0003	10.1507
700000.0003	10.2223
700000.0003	10.1864
700000.0003	10.1133
700000.0003	10.0965
700000.0003	10.0802
700000.0003	10.0026
700000.0003	9.97535
700000.0003	9.93239
700000.0003	9.82934
700000.0003	9.82387
700000.0003	9.7449
700000.0003	9.81147
700000.0003	9.65923
700000.0003	9.63557
700000.0003	9.54553
700000.0003	9.53654
700000.0003	9.48667
700000.0003	9.34589
700000.0003	9.29177
700000.0003	9.24643
700000.0003	9.18425
700000.0003	9.15399
700000.0003	9.02898
700000.0003	8.98827
700000.0003	8.88632
700000.0003	8.84689
700000.0003	8.76316
700000.0003	8.68929
700000.0003	8.61834
700000.0003	8.55534
700000.0003	8.51563
700000.0003	8.3953
700000.0003	8.28279
700000.0003	8.24177
700000.0003	8.20614
700000.0003	8.07407
700000.0003	8.00188
700000.0003	7.9169
700000.0003	7.79942
700000.0003	7.77498
700000.0003	7.65836
700000.0003	7.57674
700000.0003	7.46946
700000.0003	7.42393
700000.0003	7.30607
700000.0003	7.21733
700000.0003	7.11795
700000.0003	7.00551
700000.0003	6.9733
700000.0003	6.84938
700000.0003	6.82019
700000.0003	6.64021
700000.0003	6.5904
700000.0003	6.45472
700000.0003	6.42414
700000.0003	6.31677
700000.0003	6.20339
700000.0003	6.14148
700000.0003	6.01545
700000.0003	5.96319
700000.0003	5.81599
700000.0003	5.71421
700000.0003	5.62968
700000.0003	5.56106
700000.0003	5.46902
700000.0003	5.34697
700000.0003	5.25754
700000.0003	5.14552
700000.0003	5.04486
700000.0003	4.97051
700000.0003	4.89103
700000.0003	4.78709
700000.0003	4.67492
700000.0003	4.55654
700000.0003	4.48578
700000.0003	4.37075
700000.0003	4.28967
700000.0003	4.17001
700000.0003	4.08468
700000.0003	3.97683
700000.0003	3.88169
700000.0003	3.77791
700000.0003	3.66708
700000.0003	3.54764
700000.0003	3.45457
700000.0003	3.3439
700000.0003	3.21507
700000.0003	3.10126
700000.0003	2.98279
700000.0003	2.86243
700000.0003	2.72877
700000.0003	2.59176
700000.0003	2.46522
700000.0003	2.3379
700000.0003	2.20357
700000.0003	2.0657
700000.0003	1.93884
700000.0003	1.79463
700000.0003	1.66579
700000.0003	1.54543
700000.0003	1.41716
700000.0003	1.29834
700000.0003	1.19048
700000.0003	1.08096
700000.0003	0.977454
700000.0003	0.88692
700000.0003	0.795212
700000.0003	0.712536
700000.0003	0.635198
700000.0003	0.566997
700000.0003	0.495493
700000.0003	0.439348
700000.0003	0.385692
700000.0003	0.336958
700000.0003	0.290561
700000.0003	0.254154
700000.0003	0.217756
700000.0003	0.186962
700000.0003	0.158723
700000.0003	0.135193
700000.0003	0.113926
700000.0003	0.0963979
700000.0003	0.0819972
700000.0003	0.0685034
700000.0003	0.0583182
700000.0003	0.0486426
700000.0003	0.0411502
700000.0003	0.0348144
700000.0003	0.0291303
700000.0003	0.0246776
700000.0003	0.021268
700000.0003	0.0179869
700000.0003	0.015338
700000.0003	0.0133201
700000.0003	0.0118263
700000.0003	0.0104067
700000.0003	0.00909034
700000.0003	0.00805022
700000.0003	0.00736969
700000.0003	0.00669461
700000.0003	0.00617862
700000.0003	0.0058634
700000.0003	0.0056033
700000.0003	0.00541556
700000.0003	0.00520233
700000.0003	0.00509526
700000.0003	0.00508734
700000.0003	0.00498692
700000.0003	0.00492972
700000.0003	0.00480126
700000.0003	0.00479086
700000.0003	0.00473245
700000.0003	0.00470902
700000.0003	0.00462882
700000.0003	0.00462259
700000.0003	0.00454764
700000.0003	0.00443169
700000.0003	0.00445788
700000.0003	0.00443378
700000.0003	0.00442527
700000.0003	0.00430957
700000.0003	0.00436186
700000.0003	0.00434747
700000.0003	0.00436155
700000.0003	0.00427401
700000.0003	0.00425497
700000.0003	0.00431821
700000.0003	0.00419805
700000.0003	0.00418719
700000.0003	0.00418499
700000.0003	0.00421405
700000.0003	0.00424118
700000.0003	0.00417056
700000.0003	0.00416941
700000.0003	0.00419353
700000.0003	0.00412104
700000.0003	0.00415182
700000.0003	0.00408734
700000.0003	0.00416886
700000.0003	0.00408152
700000.0003	0.00411897
700000.0003	0.00410811
700000.0003	0.00410486
700000.0003	0.00407776
700000.0003	0.00409914
700000.0003	0.00414212
700000.0003	0.00411343
700000.0003	0.00412745
700000.0003	0.00409676
700000.0003	0.00414959
700000.0003	0.00410709
700000.0003	0.00414056
700000.0003	0.00413396
700000.0003	0.00420176
700000.0003	0.00420887
700000.0003	0.00423041
700000.0003	0.00419269
700000.0003	0.00418955
700000.0003	0.00425615
700000.0003	0.00424927
700000.0003	0.00430403
700000.0003	0.00429864
700000.0003	0.00433295
700000.0003	0.00433464
700000.0003	0.0043431
700000.0003	0.00439949
700000.0003	0.00441774
700000.0003	0.00441969
700000.0003	0.00451276
700000.0003	0.00443806
700000.0003	0.00459225
700000.0003	0.00456434
700000.0003	0.00465198
700000.0003	0.00463639
700000.0003	0.00479348
700000.0003	0.00480727
700000.0003	0.00474469
700000.0003	0.00485172
700000.0003	0.00492415
700000.0003	0.0050428
700000.0003	0.00517407
700000.0003	0.00527582
700000.0003	0.00539701
700000.0003	0.00532016
700000.0003	0.00547913
700000.0003	0.00576169
700000.0003	0.0059014
700000.0003	0.00603452
700000.0003	0.00624767
700000.0003	0.00639832
700000.0003	0.00666995
700000.0003	0.00699087
700000.0003	0.00733098
700000.0003	0.00758447
700000.0003	0.00798504
700000.0003	0.00850349
700000.0003	0.00902266
700000.0003	0.0099306
700000.0003	0.0106908
700000.0003	0.0120616
700000.0003	0.013326
700000.0003	0.0154048
700000.0003	0.0176967
700000.0003	0.020703
700000.0003	-6.1675e-05
700000.0003	-0.000182849
700000.0003	-5.40864e-05
700000.0003	-0.000679679
700000.0003	-0.000254006
700000.0003	0.00188178
700000.0003	0.000531621
700000.0003	-0.00085641
700000.0003	-0.00303634
700000.0003	0.00200586
700000.0003	0.00203044
700000.0003	-0.00198445
700000.0003	-0.0063032
700000.0003	0.000823238
700000.0003	0.0087553
700000.0003	0.00796977
700000.0003	0.0179772
700000.0003	-0.015857
700000.0003	0.0177142
700000.0003	-0.00818006
700000.0003	0.0178812
700000.0003	-0.00321437
700000.0003	0.00353988
700000.0003	0.0213535
700000.0003	-0.0108711
700000.0003	0.00498952
700000.0003	-0.00879048
700000.0003	-0.0356006
700000.0003	-0.0100298
700000.0003	0.00658311
700000.0003	0.0194665
700000.0003	0.00627844
700000.0003	-0.0246452
700000.0003	-0.0277147
700000.0003	-0.00459977
700000.0003	0.0151214
700000.0003	-0.0207204
700000.0003	0.00504247
700000.0003	-0.011001
700000.0003	0.004736
700000.0003	0.00685313
700000.0003	0.00663105
700000.0003	-0.045396
700000.0003	0.016232
700000.0003	0.0111209
700000.0003	-0.0199658
700000.0003	0.0616983
700000.0003	0.0226671
700000.0003	-0.0145911
700000.0003	-0.0253683
700000.0003	0.0162692
700000.0003	0.0257452
700000.0003	0.0271852
700000.0003	-0.022056
700000.0003	-0.0332193
700000.0003	0.0216371
700000.0003	-0.020521
700000.0003	-0.0322827
700000.0003	-0.040664
700000.0003	-0.00164886
700000.0003	0.035601
700000.0003	0.000610117
700000.0003	0.0104177
700000.0003	0.0334942
700000.0003	0.0415793
700000.0003	-0.038517
700000.0003	0.0183011
700000.0003	0.0146892
700000.0003	0.0114926
700000.0003	-0.0170713
700000.0003	-0.000246202
700000.0003	-0.0101678
700000.0003	0.00847886
700000.0003	0.0303682
700000.0003	0.0129349
700000.0003	-0.0114141
700000.0003	0.00729502
700000.0003	-0.00172766
700000.0003	0.0123389
700000.0003	-0.0312879
700000.0003	0.0224553
700000.0003	-0.00946748
700000.0003	-0.0151937
700000.0003	0.0202099
700000.0003	0.00242108
700000.0003	-0.0430639
700000.0003	-0.00743782
700000.0003	-0.00296412
700000.0003	-0.0188667
700000.0003	0.0125352
700000.0003	-0.0207521
700000.0003	0.00954337
700000.0003	-0.00317168
700000.0003	0.0311999
700000.0003	-0.00710209
700000.0003	-0.024843
700000.0003	-0.0145387
700000.0003	-0.0235241
700000.0003	0.0179914
700000.0003	-0.00799122
700000.0003	0.0150904
700000.0003	0.0283569
700000.0003	-0.00785313
700000.0003	-0.0188223
700000.0003	0.00580386
700000.0003	-0.0205603
700000.0003	-0.00645446
700000.0003	0.0179714
700000.0003	0.0328339
700000.0003	0.0111407
700000.0003	0.00594023
700000.0003	-0.0305864
700000.0003	0.042142
700000.0003	-0.0529387
700000.0003	-0.00610369
700000.0003	0.0104066
700000.0003	0.0438496
700000.0003	0.0112596
700000.0003	-0.0086329
700000.0003	-0.0500746
700000.0003	0.0557712
700000.0003	0.00778366
700000.0003	-0.0043055
700000.0003	0.0146666
700000.0003	-0.00353774
700000.0003	-0.0213544
700000.0003	0.0355029
700000.0003	0.032555
700000.0003	-0.0525472
700000.0003	-0.0109472
700000.0003	-0.022594
700000.0003	-0.0240144
700000.0003	-0.0136133
700000.0003	-0.0419254
700000.0003	-0.026644
700000.0003	-0.00858243
700000.0003	-0.0636296
700000.0003	0.0126919
700000.0003	0.011826
700000.0003	-0.0102005
700000.0003	0.00974288
700000.0003	0.00265063
700000.0003	0.0282678
700000.0003	0.0107595
700000.0003	0.0136362
700000.0003	-0.0262635
700000.0003	-0.0430729
700000.0003	-0.00820798
700000.0003	-0.00858528
700000.0003	0.00882802
700000.0003	-0.0513952
700000.0003	0.0255472
700000.0003	0.0140845
700000.0003	-0.00996069
700000.0003	0.0121613
700000.0003	0.0279295
700000.0003	-0.0176106
700000.0003	-0.0448436
700000.0003	0.0395455
700000.0003	-0.0320923
700000.0003	-0.0224264
700000.0003	-0.00982623
700000.0003	-0.031934
700000.0003	-0.0342195
700000.0003	0.0423431
700000.0003	0.0270604
700000.0003	-0.0388947
700000.0003	-0.026259
700000.0003	0.00636466
700000.0003	0.0103344
700000.0003	-0.0262671
700000.0003	0.0116994
700000.0003	0.00892195
700000.0003	-0.00794802
700000.0003	-0.0164127
700000.0003	0.0116263
700000.0003	0.000985353
700000.0003	0.00202003
700000.0003	-0.0266243
700000.0003	-0.0343539
700000.0003	-0.025462
700000.0003	-0.0397375
700000.0003	0.0102792
700000.0003	-0.000581998
700000.0003	-0.015066
700000.0003	-0.0262306
700000.0003	0.0338211
700000.0003	0.00995769
700000.0003	0.0108621
700000.0003	-0.0220862
700000.0003	0.00494885
700000.0003	0.0307407
700000.0003	-0.00802699
700000.0003	-0.00673546
700000.0003	0.00997698
700000.0003	0.00183479
700000.0003	-0.00562852
700000.0003	-0.011621
700000.0003	0.0097096
700000.0003	0.00863738
700000.0003	0.0152149
700000.0003	-0.0217767
700000.0003	-0.00243992
700000.0003	-0.0114136
700000.0003	0.0160267
700000.0003	0.00348231
700000.0003	0.0164609
700000.0003	-0.0187475
700000.0003	0.0094455
700000.0003	0.00114319
700000.0003	-0.00325969
700000.0003	0.0106053
700000.0003	-0.015994
700000.0003	0.0145972
700000.0003	-0.00832613
700000.0003	-0.0037165
700000.0003	0.000594083
700000.0003	-0.0163126
700000.0003	-0.022378
700000.0003	0.00327282
700000.0003	0.0041608
700000.0003	0.00371901
700000.0003	0.00787243
700000.0003	-0.0107973
700000.0003	0.00599751
700000.0003	-0.00617794
700000.0003	-0.00411566
700000.0003	-0.0190538
700000.0003	-0.00351395
700000.0003	-0.00904701
700000.0003	0.00426593
700000.0003	-0.00203895
700000.0003	-0.000913124
700000.0003	0.00859974
700000.0003	0.0129016
700000.0003	0.0146982
700000.0003	-0.00176716
700000.0003	0.00136624
700000.0003	-0.00116976
700000.0003	-0.00130164
700000.0003	-0.00927451
700000.0003	-0.000684257
700000.0003	-0.010957
700000.0003	-0.00263659
700000.0003	-0.00755148
700000.0003	0.0096025
700000.0003	-0.00505926
700000.0003	-0.00772627
700000.0003	0.00115198
700000.0003	0.00120758
700000.0003	-0.00668568
700000.0003	-0.00702139
700000.0003	-0.00102129
700000.0003	0.0036293
700000.0003	0.000258404
700000.0003	-0.00215489
700000.0003	-0.00276283
700000.0003	0.000164541
700000.0003	0.000382658
700000.0003	-0.000105439
700000.0003	0.000183879
700000.0003	0.00253673
700000.0003	-0.000936442
700000.0003	-0.000241052
700000.0003	0.00103141
700000.0003	-0.00331125
700000.0003	-0.00146044
700000.0003	-0.00122834
700000.0003	-0.000217988
700000.0003	-0.000248633
700000.0003	0.000184613
700000.0003	-0.00130161
700000.0003	-0.000530708
700000.0003	-0.000882471
700000.0003	-7.29254e-05
700000.0003	-0.000270278
700000.0003	9.19172e-05
700000.0003	-2.66457e-05
700000.0003	0.000364935
700000.0003	-0.00036338
700000.0003	0.000655306
700000.0003	-0.000392875
700000.0003	-0.000114691
700000.0003	2.23034e-06
700000.0003	0.00025972
700000.0003	6.00648e-05
700000.0003	-0.000159684
700000.0003	3.41655e-05
700000.0003	0.000357412
700000.0003	-7.10976e-05
700000.0003	5.92714e-05
700000.0003	-2.01499e-05
700000.0003	2.00419e-05
700000.0003	5.24041e-05
700000.0003	-5.24066e-05
700000.0003	3.86433e-05
700000.0003	-2.39315e-05
700000.0003	-8.68805e-05
700000.0003	-9.28552e-05
700000.0003	9.35969e-06
700000.0003	2.36857e-05
700000.0003	-1.18779e-05
700000.0003	-2.15573e-05
700000.0003	-4.47634e-05
700000.0003	-2.89947e-05
700000.0003	3.47653e-05
700000.0003	-3.78903e-05
700000.0003	1.72816e-05
700000.0003	-2.58043e-08
700000.0003	7.40466e-05
700000.0003	-1.31547e-05
700000.0003	7.27042e-05
700000.0003	-1.23949e-05
700000.0003	-3.23e-05
700000.0003	1.37216e-05
700000.0003	4.84311e-05
700000.0003	-7.2183e-06
700000.0003	3.66983e-05
700000.0003	-1.12218e-05
700000.0003	2.09675e-05
700000.0003	2.54923e-05
700000.0003	1.04294e-05
700000.0003	2.33147e-05
700000.0003	3.08553e-06
700000.0003	1.82026e-05
700000.0003	-1.5671e-05
700000.0003	1.30711e-05
700000.0003	2.3289e-06
700000.0003	2.9016e-05
700000.0003	1.95416e-05
700000.0003	-2.01883e-05
700000.0003	-5.53709e-05
700000.0003	-3.34241e-05
700000.0003	-3.69363e-06
700000.0003	3.5657e-06
700000.0003	1.8867e-05
700000.0003	-7.32717e-06
700000.0003	2.60421e-05
700000.0003	1.9546e-05
700000.0003	-3.73297e-06
700000.0003	-2.88544e-05
700000.0003	-4.61391e-07
700000.0003	2.51083e-05
700000.0003	-3.77356e-06
700000.0003	1.16545e-05
700000.0003	-2.69516e-05
700000.0003	4.59913e-05
700000.0003	1.23797e-05
700000.0003	-8.55747e-05
700000.0003	2.34903e-05
700000.0003	1.97057e-05
700000.0003	-3.26888e-05
700000.0003	2.27096e-05
700000.0003	3.28752e-05
700000.0003	-1.22584e-05
700000.0003	-1.37034e-05
700000.0003	3.57824e-07
700000.0003	1.15153e-05
700000.0003	-7.14568e-06
700000.0003	1.09781e-05
700000.0003	-5.14367e-05
700000.0003	2.90459e-05
700000.0003	-6.37747e-06
700000.0003	-4.01791e-05
700000.0003	3.31981e-05
700000.0003	-2.83054e-05
700000.0003	1.63402e-05
700000.0003	-3.82232e-05
700000.0003	4.42235e-06
700000.0003	-4.07417e-05
700000.0003	3.04237e-05
700000.0003	2.19002e-05
700000.0003	-5.97358e-05
700000.0003	1.25977e-05
700000.0003	5.59955e-05
700000.0003	-8.07254e-05
700000.0003	-3.50092e-05
700000.0003	-1.77829e-05
700000.0003	8.6932e-05
700000.0003	-1.2029e-05
700000.0003	-5.73856e-05
700000.0003	2.04316e-05
700000.0003	1.03086e-07
700000.0003	-2.05738e-05
700000.0003	-4.42804e-06
700000.0003	-6.01954e-05
700000.0003	1.52998e-05
700000.0003	-4.07896e-05
700000.0003	-5.5739e-05
700000.0003	0.000118082
700000.0003	-7.02137e-05
700000.0003	4.46436e-06
700000.0003	-6.53383e-05
700000.0003	-0.000129684
700000.0003	-6.71663e-05
700000.0003	-0.000175963
700000.0003	0.00011711
700000.0003	1.71728e-05
700000.0003	0.000391113
700000.0003	6.70951e-05
700000.0003	-0.000498787
700000.0003	0.000185159
700000.0003	0.000566609
700000.0003	0.000462243
700000.0003	3.84268e-05
700000.0003	-0.00157431
700000.0003	-0.000673027
700000.0003	-0.00108452
700000.0003	0.000961844
700000.0003	0.00251341
700000.0003	0.000174932
700000.0003	-0.000298545
700000.0003	-0.00207165
700000.0003	0.0047915
700000.0003	0.000688306
700000.0003	-0.000111898
700000.0003	-0.00392459
700000.0003	-0.00125034
700000.0003	0.00550529
700000.0003	0.00101119
700000.0003	0.0160134
700000.0003	-0.0159029
700000.0003	0.00847497
700000.0003	0.0190341
700000.0003	-0.00803924
700000.0003	0.0115501
700000.0003	0.00145467
700000.0003	-0.0145267
700000.0003	-0.00488875
700000.0003	0.00401014
700000.0003	0.0239636
700000.0003	0.0155975
700000.0003	-0.0224018
700000.0003	-0.0101126
700000.0003	-0.00626487
700000.0003	0.00111531
700000.0003	-0.0195514
700000.0003	-0.015887
700000.0003	-0.0132937
700000.0003	-0.00666945
700000.0003	0.022662
700000.0003	-0.00691896
700000.0003	-0.0262064
700000.0003	0.0166743
700000.0003	0.00725364
700000.0003	-0.0220377
700000.0003	0.0574724
700000.0003	0.00735901
700000.0003	-0.00413607
700000.0003	-0.00303185
700000.0003	0.0150979
700000.0003	0.0327601
700000.0003	0.0328162
700000.0003	-0.00786798
700000.0003	-0.039472
700000.0003	0.0284558
700000.0003	-0.0357365
700000.0003	-0.0187432
700000.0003	-0.0233705
700000.0003	-0.00994371
700000.0003	0.0287436
700000.0003	0.00185896
700000.0003	0.0165832
700000.0003	0.0281615
700000.0003	0.0402754
700000.0003	-0.0392091
700000.0003	0.00428662
700000.0003	0.0226639
700000.0003	0.0124259
700000.0003	-0.0262244
700000.0003	-0.00124651
700000.0003	-0.0120136
700000.0003	0.0110047
700000.0003	0.0214569
700000.0003	0.0149474
700000.0003	-0.0109545
700000.0003	0.00338027
700000.0003	-0.00429884
700000.0003	0.00424021
700000.0003	-0.0357314
700000.0003	0.00920366
700000.0003	-0.019914
700000.0003	-0.0228789
700000.0003	0.0233799
700000.0003	-0.00844226
700000.0003	-0.0459087
700000.0003	-0.0110311
700000.0003	-0.000330649
700000.0003	-0.0111713
700000.0003	0.0192826
700000.0003	-0.0162691
700000.0003	-0.0128672
700000.0003	-0.0132187
700000.0003	0.0359153
700000.0003	-0.0079439
700000.0003	-0.0214932
700000.0003	-0.0327153
700000.0003	-0.0291641
700000.0003	0.0215602
700000.0003	0.00244763
700000.0003	0.0154597
700000.0003	0.0394314
700000.0003	-0.00237353
700000.0003	-0.0130525
700000.0003	0.0107165
700000.0003	-0.0287448
700000.0003	-0.00903395
700000.0003	0.0280046
700000.0003	0.0133556
700000.0003	0.0112254
700000.0003	0.013342
700000.0003	-0.0278499
700000.0003	0.0437644
700000.0003	-0.0453764
700000.0003	-0.0211634
700000.0003	0.0165112
700000.0003	0.0420742
700000.0003	0.0109272
700000.0003	-0.0077436
700000.0003	-0.0600184
700000.0003	0.0484901
700000.0003	0.00513185
700000.0003	-0.000791033
700000.0003	0.0117844
700000.0003	-0.00162605
700000.0003	-0.0231411
700000.0003	0.0499925
700000.0003	0.0165867
700000.0003	-0.0560346
700000.0003	-0.0090415
700000.0003	-0.033292
700000.0003	-0.0218235
700000.0003	-0.0136109
700000.0003	-0.0337204
700000.0003	-0.0230074
700000.0003	-0.00772378
700000.0003	-0.0652052
700000.0003	0.0195452
700000.0003	-0.000416661
700000.0003	0.000366699
700000.0003	0.0204508
700000.0003	0.0112555
700000.0003	0.0378538
700000.0003	0.00211333
700000.0003	0.0189785
700000.0003	-0.0162374
700000.0003	-0.0455311
700000.0003	-0.016136
700000.0003	-0.00641869
700000.0003	0.0131197
700000.0003	-0.0392541
700000.0003	0.0238677
700000.0003	0.0114665
700000.0003	-0.00450355
700000.0003	0.0158278
700000.0003	0.0405509
700000.0003	-0.0141386
700000.0003	-0.0301197
700000.0003	0.0352359
700000.0003	-0.0346709
700000.0003	-0.0255554
700000.0003	-0.0181077
700000.0003	-0.0207727
700000.0003	-0.0348247
700000.0003	0.0380054
700000.0003	0.0251136
700000.0003	-0.0464112
700000.0003	-0.0374046
700000.0003	0.000123611
700000.0003	0.0142737
700000.0003	-0.0361343
700000.0003	0.01116
700000.0003	0.000516279
700000.0003	-0.00319057
700000.0003	-0.0228386
700000.0003	0.0267453
700000.0003	0.00363106
700000.0003	-0.00333542
700000.0003	-0.0214544
700000.0003	-0.0385341
700000.0003	-0.0190068
700000.0003	-0.0416255
700000.0003	0.0165531
700000.0003	0.00316175
700000.0003	-0.0117007
700000.0003	-0.0365516
700000.0003	0.0301687
700000.0003	-0.000973593
700000.0003	0.0146871
700000.0003	-0.0237795
700000.0003	0.0057365
700000.0003	0.0408892
700000.0003	0.0024483
700000.0003	-0.0149273
700000.0003	0.0144832
700000.0003	0.0103876
700000.0003	-0.00270942
700000.0003	-0.00129653
700000.0003	0.00823521
700000.0003	0.00417004
700000.0003	0.0278181
700000.0003	-0.0167316
700000.0003	-0.0114921
700000.0003	-0.012956
700000.0003	0.00397443
700000.0003	0.00260356
700000.0003	0.0214628
700000.0003	-0.00250627
700000.0003	0.015967
700000.0003	0.00792249
700000.0003	-0.00919228
700000.0003	0.00910699
700000.0003	-0.0133787
700000.0003	0.0114638
700000.0003	0.000375247
700000.0003	0.00534915
700000.0003	0.0051825
700000.0003	-0.00467073
700000.0003	-0.0169306
700000.0003	0.00147596
700000.0003	0.00117002
700000.0003	-0.00603716
700000.0003	0.00647167
700000.0003	-0.00414876
700000.0003	-0.00016776
700000.0003	-0.000210966
700000.0003	-0.00728828
700000.0003	-0.0172225
700000.0003	-0.00238597
700000.0003	0.00446633
700000.0003	0.00505097
700000.0003	-0.00912016
700000.0003	-0.00549282
700000.0003	0.00964907
700000.0003	0.010269
700000.0003	-0.00379506
700000.0003	-0.0115506
700000.0003	0.000375941
700000.0003	-0.00516138
700000.0003	0.0025828
700000.0003	0.000308219
700000.0003	0.00596687
700000.0003	-0.00421104
700000.0003	0.00264042
700000.0003	-0.00725985
700000.0003	0.000658194
700000.0003	-0.0068375
700000.0003	0.00561811
700000.0003	0.00665874
700000.0003	-0.00329624
700000.0003	0.00281499
700000.0003	-0.00523145
700000.0003	0.00435468
700000.0003	0.00469557
700000.0003	-0.00192977
700000.0003	-0.000868563
700000.0003	-0.00295227
700000.0003	-0.000394374
700000.0003	0.00134282
700000.0003	0.0010263
700000.0003	0.00228524
700000.0003	0.000967983
700000.0003	-0.000904267
700000.0003	-0.00259737
700000.0003	0.000151295
700000.0003	-0.00196281
700000.0003	0.000670801
700000.0003	-0.000312209
700000.0003	0.0011363
700000.0003	-0.00021309
700000.0003	0.000606865
700000.0003	-0.00216592
700000.0003	0.000136819
700000.0003	0.000485984
700000.0003	-0.000140186
700000.0003	-0.000830303
700000.0003	0.000506786
700000.0003	0.000207504
700000.0003	-0.000263694
700000.0003	8.31694e-05
700000.0003	-0.000537073
700000.0003	0.000204292
700000.0003	2.67841e-05
700000.0003	-0.000300979
700000.0003	1.00114e-06
700000.0003	-1.79903e-05
700000.0003	-0.000138243
700000.0003	0.000124958
700000.0003	-0.000363084
700000.0003	9.24584e-05
700000.0003	7.38012e-05
700000.0003	8.06753e-05
700000.0003	-4.04018e-05
700000.0003	-2.98844e-05
700000.0003	0.000207974
700000.0003	8.16697e-06
700000.0003	2.77274e-06
700000.0003	5.13002e-05
700000.0003	4.1403e-05
700000.0003	1.28821e-05
700000.0003	2.95843e-05
700000.0003	-5.78471e-05
700000.0003	-3.78476e-06
700000.0003	5.85555e-05
700000.0003	-0.000125947
700000.0003	-9.15903e-05
700000.0003	-2.49107e-05
700000.0003	-1.57958e-05
700000.0003	1.16322e-05
700000.0003	-1.72968e-05
700000.0003	-7.66673e-06
700000.0003	1.04491e-05
700000.0003	-5.27093e-05
700000.0003	1.6531e-05
700000.0003	4.94541e-05
700000.0003	-1.74752e-05
700000.0003	4.65982e-05
700000.0003	9.56376e-06
700000.0003	-1.3025e-05
700000.0003	-2.50412e-06
700000.0003	-7.27293e-05
700000.0003	-7.32292e-05
700000.0003	2.37066e-05
700000.0003	8.02537e-06
700000.0003	2.22344e-05
700000.0003	6.30701e-07
700000.0003	-1.50854e-05
700000.0003	-1.44027e-05
700000.0003	-1.09208e-05
700000.0003	1.72788e-05
700000.0003	2.89813e-05
700000.0003	2.10378e-05
700000.0003	6.81524e-05
700000.0003	-4.68015e-05
700000.0003	-1.5477e-06
700000.0003	-1.01424e-05
700000.0003	6.39132e-06
700000.0003	7.8472e-06
700000.0003	3.6416e-05
700000.0003	-3.01176e-06
700000.0003	-2.7026e-05
700000.0003	-1.53407e-05
700000.0003	4.21168e-05
700000.0003	-1.34041e-05
700000.0003	-4.73577e-05
700000.0003	-2.70416e-05
700000.0003	-7.89667e-06
700000.0003	-4.37986e-06
700000.0003	-7.24285e-06
700000.0003	-9.89012e-06
700000.0003	-4.07583e-05
700000.0003	-1.06184e-05
700000.0003	-4.07877e-05
700000.0003	-2.95607e-06
700000.0003	3.71245e-05
700000.0003	2.33633e-05
700000.0003	-9.10789e-06
700000.0003	-1.24408e-05
700000.0003	5.194e-05
700000.0003	9.72803e-06
700000.0003	-2.69067e-06
700000.0003	8.44526e-06
700000.0003	3.02887e-05
700000.0003	6.31387e-06
700000.0003	-3.86937e-05
700000.0003	-5.34343e-05
700000.0003	-4.76591e-05
700000.0003	-1.50055e-05
700000.0003	2.40064e-05
700000.0003	-3.36139e-05
700000.0003	6.85994e-05
700000.0003	0.000131685
700000.0003	9.06852e-06
700000.0003	4.52881e-05
700000.0003	1.47801e-06
700000.0003	-1.99543e-05
700000.0003	4.23073e-05
700000.0003	1.96225e-05
700000.0003	2.72118e-05
700000.0003	-5.92368e-05
700000.0003	-0.000132337
700000.0003	-2.62369e-05
700000.0003	-8.75121e-05
700000.0003	9.61943e-05
700000.0003	-1.86906e-05
700000.0003	-4.95102e-05
700000.0003	-1.29504e-05
700000.0003	-9.29333e-05
700000.0003	6.14748e-07
700000.0003	-0.000130155
700000.0003	7.97017e-05
700000.0003	-0.000152365
700000.0003	2.18234e-05
700000.0003	-9.34971e-05
700000.0003	0.000181964
700000.0003	-0.000137756
700000.0003	-0.000206293
700000.0003	-0.000337337
700000.0003	6.42446e-05
700000.0003	-8.64927e-05
700000.0003	0.0180393
700000.0003	0.0241846
700000.0003	0.0371121
700000.0003	0.0610517
700000.0003	0.101359
700000.0003	0.16598
700000.0003	0.265887
700000.0003	0.408031
700000.0003	0.606487
700000.0003	0.878475
700000.0003	1.25237
700000.0003	1.77073
700000.0003	2.44596
700000.0003	3.35129
700000.0003	4.48002
700000.0003	5.83974
700000.0003	7.44622
700000.0003	9.27502
700000.0003	11.2579
700000.0003	13.3625
700000.0003	15.2944
700000.0003	16.9314
700000.0003	18.1883
700000.0003	19.1119
700000.0003	19.5342
700000.0003	19.6506
700000.0003	19.751
700000.0003	19.5513
700000.0003	19.2532
700000.0003	18.9929
700000.0003	18.7728
700000.0003	18.5022
700000.0003	18.283
700000.0003	18.0176
700000.0003	17.7721
700000.0003	17.4772
700000.0003	17.2583
700000.0003	16.947
700000.0003	16.6253
700000.0003	16.4015
700000.0003	16.0256
700000.0003	15.6283
700000.0003	15.3596
700000.0003	15.0544
700000.0003	14.9654
700000.0003	14.6819
700000.0003	14.372
700000.0003	14.2279
700000.0003	14.0386
700000.0003	13.9348
700000.0003	13.6432
700000.0003	13.6625
700000.0003	13.5003
700000.0003	13.25
700000.0003	13.2724
700000.0003	13.1087
700000.0003	12.9982
700000.0003	12.8575
700000.0003	12.7675
700000.0003	12.6161
700000.0003	12.6044
700000.0003	12.4642
700000.0003	12.3505
700000.0003	12.349
700000.0003	12.2218
700000.0003	12.202
700000.0003	12.0843
700000.0003	11.9721
700000.0003	11.9378
700000.0003	11.8797
700000.0003	11.9604
700000.0003	11.8246
700000.0003	11.8102
700000.0003	11.7084
700000.0003	11.6234
700000.0003	11.6141
700000.0003	11.5629
700000.0003	11.5126
700000.0003	11.5209
700000.0003	11.4133
700000.0003	11.4385
700000.0003	11.4454
700000.0003	11.2967
700000.0003	11.3802
700000.0003	11.3758
700000.0003	11.2096
700000.0003	11.1781
700000.0003	11.1815
700000.0003	11.2528
700000.0003	11.0965
700000.0003	11.1021
700000.0003	11.0968
700000.0003	11.1154
700000.0003	11.0223
700000.0003	11.1063
700000.0003	11.092
700000.0003	10.9465
700000.0003	11.0426
700000.0003	10.8734
700000.0003	10.9287
700000.0003	10.9237
700000.0003	10.8211
700000.0003	10.851
700000.0003	10.9
700000.0003	10.8605
700000.0003	10.8894
700000.0003	10.8597
700000.0003	10.798
700000.0003	10.794
700000.0003	10.8347
700000.0003	10.766
700000.0003	10.7291
700000.0003	10.8156
700000.0003	10.7676
700000.0003	10.8196
700000.0003	10.7624
700000.0003	10.7895
700000.0003	10.7869
700000.0003	10.7533
700000.0003	10.6896
700000.0003	10.6741
700000.0003	10.7183
700000.0003	10.6827
700000.0003	10.6967
700000.0003	10.7228
700000.0003	10.6357
700000.0003	10.6548
700000.0003	10.6463
700000.0003	10.6065
700000.0003	10.6056
700000.0003	10.6345
700000.0003	10.6753
700000.0003	10.6615
700000.0003	10.6616
700000.0003	10.6566
700000.0003	10.6075
700000.0003	10.6804
700000.0003	10.7075
700000.0003	10.5806
700000.0003	10.6289
700000.0003	10.582
700000.0003	10.6599
700000.0003	10.6213
700000.0003	10.6435
700000.0003	10.6582
700000.0003	10.6171
700000.0003	10.6565
700000.0003	10.6063
700000.0003	10.553
700000.0003	10.5106
700000.0003	10.5255
700000.0003	10.5292
700000.0003	10.5085
700000.0003	10.432
700000.0003	10.4634
700000.0003	10.3873
700000.0003	10.3972
700000.0003	10.2608
700000.0003	10.3039
700000.0003	10.245
700000.0003	10.2389
700000.0003	10.1143
700000.0003	10.1215
700000.0003	10.133
700000.0003	9.96514
700000.0003	9.99329
700000.0003	9.94744
700000.0003	9.95433
700000.0003	9.81615
700000.0003	9.78881
700000.0003	9.6846
700000.0003	9.69527
700000.0003	9.55046
700000.0003	9.56627
700000.0003	9.50893
700000.0003	9.41491
700000.0003	9.35914
700000.0003	9.32849
700000.0003	9.25833
700000.0003	9.20154
700000.0003	9.07364
700000.0003	9.03658
700000.0003	9.01736
700000.0003	8.8655
700000.0003	8.84434
700000.0003	8.82746
700000.0003	8.65107
700000.0003	8.63813
700000.0003	8.51318
700000.0003	8.45561
700000.0003	8.4172
700000.0003	8.32037
700000.0003	8.29684
700000.0003	8.1247
700000.0003	8.1031
700000.0003	8.04891
700000.0003	7.90779
700000.0003	7.8488
700000.0003	7.75689
700000.0003	7.70784
700000.0003	7.61966
700000.0003	7.52617
700000.0003	7.44123
700000.0003	7.3537
700000.0003	7.29664
700000.0003	7.23971
700000.0003	7.17011
700000.0003	7.03159
700000.0003	6.99234
700000.0003	6.92462
700000.0003	6.81798
700000.0003	6.7732
700000.0003	6.64877
700000.0003	6.61245
700000.0003	6.53064
700000.0003	6.47413
700000.0003	6.37734
700000.0003	6.30301
700000.0003	6.27719
700000.0003	6.21602
700000.0003	6.14004
700000.0003	6.05413
700000.0003	6.00916
700000.0003	5.9295
700000.0003	5.90898
700000.0003	5.87063
700000.0003	5.81405
700000.0003	5.80607
700000.0003	5.72558
700000.0003	5.69438
700000.0003	5.67187
700000.0003	5.64923
700000.0003	5.61004
700000.0003	5.57429
700000.0003	5.52787
700000.0003	5.48584
700000.0003	5.4399
700000.0003	5.39155
700000.0003	5.30839
700000.0003	5.21535
700000.0003	5.10192
700000.0003	4.99076
700000.0003	4.83424
700000.0003	4.66024
700000.0003	4.4629
700000.0003	4.25825
700000.0003	4.02466
700000.0003	3.78531
700000.0003	3.53463
700000.0003	3.28714
700000.0003	3.03394
700000.0003	2.79713
700000.0003	2.55648
700000.0003	2.33282
700000.0003	2.12678
700000.0003	1.92884
700000.0003	1.75224
700000.0003	1.57537
700000.0003	1.42622
700000.0003	1.2843
700000.0003	1.15376
700000.0003	1.03267
700000.0003	0.925542
700000.0003	0.825654
700000.0003	0.733952
700000.0003	0.650654
700000.0003	0.576516
700000.0003	0.508009
700000.0003	0.446345
700000.0003	0.389468
700000.0003	0.340433
700000.0003	0.296734
700000.0003	0.255429
700000.0003	0.21927
700000.0003	0.188358
700000.0003	0.16151
700000.0003	0.136587
700000.0003	0.116113
700000.0003	0.0977049
700000.0003	0.0821233
700000.0003	0.069108
700000.0003	0.0585191
700000.0003	0.0483093
700000.0003	0.0406931
700000.0003	0.0338363
700000.0003	0.0286503
700000.0003	0.0239554
700000.0003	0.0200705
700000.0003	0.0172621
700000.0003	0.0143975
700000.0003	0.0125211
700000.0003	0.0106761
700000.0003	0.00946012
700000.0003	0.00833128
700000.0003	0.00741576
700000.0003	0.0068137
700000.0003	0.00628121
700000.0003	0.00581655
700000.0003	0.00553706
700000.0003	0.00525164
700000.0003	0.00514961
700000.0003	0.00505921
700000.0003	0.00489081
700000.0003	0.00482134
700000.0003	0.00474866
700000.0003	0.00473475
700000.0003	0.00467361
700000.0003	0.00462201
700000.0003	0.00446357
700000.0003	0.00447435
700000.0003	0.00443564
700000.0003	0.00435593
700000.0003	0.00433945
700000.0003	0.00433131
700000.0003	0.0042756
700000.0003	0.00431476
700000.0003	0.00423843
700000.0003	0.00423432
700000.0003	0.00422703
700000.0003	0.00421306
700000.0003	0.00417335
700000.0003	0.00418773
700000.0003	0.00419249
700000.0003	0.00416457
700000.0003	0.0041317
700000.0003	0.00412101
700000.0003	0.00411904
700000.0003	0.00416884
700000.0003	0.00408783
700000.0003	0.00409997
700000.0003	0.00410015
700000.0003	0.00412272
700000.0003	0.00412824
700000.0003	0.00413809
700000.0003	0.00414189
700000.0003	0.00411501
700000.0003	0.00408231
700000.0003	0.00407475
700000.0003	0.00409856
700000.0003	0.00413017
700000.0003	0.0041549
700000.0003	0.00411422
700000.0003	0.00409038
700000.0003	0.00409815
700000.0003	0.00410508
700000.0003	0.00412825
700000.0003	0.00414862
700000.0003	0.00409704
700000.0003	0.00411935
700000.0003	0.00416442
700000.0003	0.00408393
700000.0003	0.00413029
700000.0003	0.00416197
700000.0003	0.00419086
700000.0003	0.00422892
700000.0003	0.00417411
700000.0003	0.00421035
700000.0003	0.0042159
700000.0003	0.00427363
700000.0003	0.00425952
700000.0003	0.00432374
700000.0003	0.00430571
700000.0003	0.00432608
700000.0003	0.00437572
700000.0003	0.00432232
700000.0003	0.0044036
700000.0003	0.00446607
700000.0003	0.00449113
700000.0003	0.00451607
700000.0003	0.00453076
700000.0003	0.00453934
700000.0003	0.00468436
700000.0003	0.00465997
700000.0003	0.00475919
700000.0003	0.00482206
700000.0003	0.00482134
700000.0003	0.00497933
700000.0003	0.00505858
700000.0003	0.00513927
700000.0003	0.00524491
700000.0003	0.00540213
700000.0003	0.00556544
700000.0003	0.00561843
700000.0003	0.00597899
700000.0003	0.00616446
700000.0003	0.00628999
700000.0003	0.00659128
700000.0003	0.00682
700000.0003	0.00735256
700000.0003	0.00759466
700000.0003	0.00821458
700000.0003	0.00877768
700000.0003	0.00932636
700000.0003	0.00999956
700000.0003	0.0105423
700000.0003	0.0116769
700000.0003	0.0125246
700000.0003	0.0138692
700000.0003	0.0152086
700000.0003	0.0167551
