700000.0003	2956.93	2957.9	2959.76	2959.08	2957.77	2955.77	2958.23	2956.33	2955.09	2956.61	2959.07	2958.77	2957.19	2956.4	2958.95
700000.0003	1533.73	1533.14	1528.86	1532.44	1532.78	1534.25	1530.14	1533.04	1531.43	1530.35	1533.82	1535.76	1532.06	1533.74	1531.42
700000.0003	194.818	194.664	193.731	193.327	193.022	193.754	194.617	193.834	193.365	193.638	194.768	194.778	194.839	194.102	193.229
700000.0003	32.415	32.6508	32.7218	32.3505	32.0953	32.0738	32.4019	31.8676	32.3638	32.202	32.57	32.2752	32.2823	32.2832	32.5212
700000.0003	19.0783	19.3215	19.057	19.5834	18.8198	19.2193	18.8914	19.0931	19.3287	19.636	19.0132	19.3633	19.4139	19.7046	19.5059
700000.0003	16.5667	16.7463	16.7734	16.8401	16.6728	16.7338	16.4007	16.403	16.844	16.2858	16.5143	16.4618	16.7394	16.7309	16.4824
700000.0003	15.2597	15.2431	15.6431	15.6997	15.0011	15.339	15.3908	15.4593	15.3614	15.3605	15.5613	15.2545	15.2844	15.1559	15.6353
700000.0003	14.504	14.4022	14.1747	14.4207	14.4192	14.4207	14.497	14.2722	14.7923	14.3351	14.3976	14.4123	14.4079	14.6547	14.7217
700000.0003	14.3069	14.0461	13.7352	14.0073	14.1672	14.1436	14.1123	13.7215	13.941	14.1011	14.5686	14.1973	14.0415	14.1017	14.2996
700000.0003	14.0469	13.5902	13.5043	13.7567	13.4661	13.4512	14.0874	13.9918	13.357	13.6217	13.5995	13.7741	14.2268	13.7656	13.5769
700000.0003	13.4397	13.4827	13.1131	13.3022	13.377	13.6813	12.9624	13.5066	13.4611	13.4895	13.4532	13.6942	13.5773	13.6291	13.7064
700000.0003	13.2407	13.2411	13.409	13.2001	13.4901	13.0254	13.2517	13.0105	12.9866	13.3737	13.2168	13.0929	13.0053	13.2795	13.3924
700000.0003	13.136	13.0071	13.1963	13.3548	13.2853	12.9046	13.2357	13.1182	13.1171	13.6448	13.5589	13.032	13.6893	13.3423	13.437
700000.0003	12.8778	13.3657	13.2913	13.5144	12.9773	13.3895	13.4937	13.2024	13.1859	13.2768	13.5359	13.2703	13.2495	13.3876	13.4917
700000.0003	13.2928	13.117	13.7475	13.5548	13.7654	13.7789	13.2843	13.661	13.6821	13.2114	13.4399	13.0411	13.3176	13.6266	13.3997
700000.0003	13.5049	13.7856	14.3184	14.0459	14.3836	13.8617	14.1674	14.3654	13.9072	13.9021	13.807	13.8594	14.1477	13.4853	14.0577
700000.0003	15.1571	15.0194	15.2854	15.46	15.0469	14.9287	15.3691	15.2222	14.8475	15.2436	15.1619	15.1738	15.2857	14.8379	14.9956
700000.0003	16.9879	16.8771	17.0402	16.9676	17.4026	16.4355	16.822	17.4051	17.1086	16.8952	16.5486	17.561	17.1052	17.4022	17.3218
700000.0003	19.6172	19.2506	19.8702	19.7604	19.7742	20.1605	20.275	19.6599	20.0729	20.0596	19.5158	19.6229	19.9172	20.161	20.3283
700000.0003	23.9556	23.9525	24.0776	23.9551	24.0356	24.0459	24.0768	24.3013	24.3206	24.0316	24.0363	24.4316	24.152	24.1485	24.2308
700000.0003	30.7029	30.82	30.6532	30.8098	30.9113	30.8495	31.0375	30.6226	31.1403	30.497	30.7309	30.727	31.0288	30.6989	30.8862
700000.0003	42.3588	42.2746	42.5015	42.051	42.2242	41.9901	41.7901	41.7287	42.4104	41.9902	41.879	42.2321	42.4333	42.0165	41.9556
700000.0003	67.6724	67.8049	67.1076	67.9823	67.2823	67.1573	67.3977	67.4559	67.6548	67.2843	67.6063	67.3288	68.5257	67.4156	67.3558
700000.0003	156.115	155.841	155.813	156.071	155.018	155.722	155.204	154.993	156.316	154.638	155.396	155.165	155.245	154.934	156.25
700000.0003	516.114	515.937	515.701	517.099	516.965	516.407	516.74	515.542	516.977	516.63	514.97	514.067	514.215	514.338	517.577
700000.0003	1363.97	1360.84	1364.63	1364.28	1363.5	1365.2	1363.71	1364.12	1362.8	1360.94	1363.77	1359.59	1359.21	1360.2	1361.47
700000.0003	2200.86	2202.77	2203.77	2203.11	2204.67	2203.34	2204.34	2201.63	2203.26	2201.38	2201.23	2200.11	2197.3	2199.71	2201.61
700000.0003	2643.87	2643.21	2642.33	2646.45	2644.23	2643.61	2643.2	2645.28	2643.69	2640.43	2641.65	2639.7	2640.45	2638.27	2641.65
700000.0003	2791.02	2788.44	2789.34	2791.45	2791.04	2791.37	2789.81	2790.89	2788.55	2786.74	2790.71	2788.39	2785.93	2786.58	2789.14
700000.0003	2835.33	2837.73	2837.45	2837.79	2834.83	2839.32	2836.68	2836.57	2835.93	2837.59	2834.23	2834.92	2834.24	2836.51	2836.76
700000.0003	2863.73	2867.85	2867.13	2863.7	2868.04	2867.13	2867.49	2862.67	2866.3	2866.95	2865	2865.46	2866.44	2864.54	2862.43
700000.0003	2894.33	2896.06	2893.8	2887.9	2896.64	2896.27	2892.83	2888.57	2894.9	2895.45	2893.25	2890.88	2891.78	2891.35	2889.66
700000.0003	2916.9	2921.28	2922.78	2921.44	2918.05	2919.82	2920.26	2917.49	2919.81	2921.93	2919.16	2916.09	2921.75	2920.89	2920.71
700000.0003	2945.07	2948.68	2947.72	2947.18	2946.26	2946.86	2946.47	2944.93	2945.43	2948.59	2947.17	2945.49	2945.19	2946.63	2947.58
700000.0003	2972.78	2974.52	2976.7	2974.89	2973.62	2972.99	2973.49	2973.12	2973.88	2971.91	2971.56	2973.03	2971.35	2975.65	2970.06
700000.0003	3002.54	3001.8	2999.5	2998.22	3003.06	3000.59	2999.91	2997.52	3000.12	2999.54	3000.81	2996.12	2998.63	2998.43	3002.14
700000.0003	3028.15	3025.65	3027.54	3028.18	3027.09	3024.84	3023.49	3027.59	3025.65	3023.08	3025.4	3027.08	3027.97	3023.57	3028.47
700000.0003	3055.14	3051.64	3051.82	3054.14	3052.35	3052.58	3053.02	3054.11	3047.77	3050.5	3052.12	3053.8	3049.27	3050.53	3056.04
700000.0003	3075.15	3077.32	3080.8	3080.66	3074.81	3078.1	3077.79	3075	3074.89	3075.1	3075.98	3077.69	3077.8	3078.65	3078.56
700000.0003	3093.74	3096.89	3097.23	3097.11	3094.52	3096.12	3096.76	3092.83	3093.02	3096.02	3093.53	3092.1	3098.84	3098.18	3097.07
700000.0003	-0.570591	0.117587	-0.0134337	0.661438	0.707957	0.111265	0.632949	-0.418101	0.495736	0.588565	-0.701401	-1.16175	-1.36196	-0.0289848	-0.497421
700000.0003	-0.738516	-1.11747	-0.98727	-0.261915	-0.0480016	0.726265	0.469754	2.04715	-1.37384	-0.296753	0.231097	-0.583275	1.06767	-1.37193	0.0785126
700000.0003	0.134234	-0.406532	-0.303761	-0.225423	0.037503	-0.0754673	-0.539909	-0.414651	0.136098	0.3544	0.00868395	-0.00788715	0.291575	0.0368348	-0.441071
700000.0003	-0.0682129	0.0557117	-0.0158755	0.110313	0.153674	0.0458091	0.198677	0.107281	0.217695	0.0872374	0.0334807	0.0962209	0.0512461	-0.215267	-0.0905381
700000.0003	0.0223968	-0.177657	0.0730766	-0.0435045	0.0687862	0.166567	-0.0632915	-0.242712	-0.0971939	0.109659	-0.0155681	-0.061996	0.162769	0.231747	-0.0788509
700000.0003	-0.107699	0.195657	0.224862	0.0601052	0.114943	0.0654644	0.0951908	-0.0578891	-0.0857758	0.129551	-0.0156528	-0.0644955	0.103274	-0.094601	0.0459191
700000.0003	-0.16041	-0.0543098	0.30924	0.117839	-0.0322957	0.00164997	0.161157	0.0503109	-0.0301916	-0.0430949	0.079427	0.0244358	0.0901941	-0.0524143	-0.0781413
700000.0003	-0.0708713	-0.105739	0.132878	0.0701656	0.0752765	0.140585	-0.249999	0.0812926	-0.10438	0.0362896	-0.0562016	-0.159937	0.0326596	-0.0209128	0.0420122
700000.0003	0.0766168	-0.111067	-0.0828791	0.129294	-0.0393543	-0.12295	-0.0502386	-0.0658913	-0.118311	0.144985	-0.0794827	-0.121102	-0.173964	0.130922	-0.0309525
700000.0003	-0.0856048	-0.0614351	-0.0959897	-0.020008	0.119186	-0.15621	0.0399409	-0.221758	0.033049	0.0633472	0.093184	-0.201083	0.097486	-0.0245085	-0.077414
700000.0003	0.0922896	-0.0627659	-0.00218752	0.0439323	-0.165854	-0.0675205	-0.107476	0.119234	-0.0038188	0.096096	-0.0392956	0.0382141	0.0559195	0.165438	0.159258
700000.0003	-0.108308	-0.0325567	0.0620072	0.118242	-0.00431709	0.059905	-0.202681	0.0420239	0.182412	0.0411063	-0.144308	0.0437984	-0.0552924	0.0990039	0.0301389
700000.0003	-0.126486	-0.0525844	0.0308461	0.0711439	0.00725148	0.0129364	0.00909073	0.00857779	0.136001	0.135678	0.150802	0.0228166	0.191402	0.0116032	0.106289
700000.0003	-0.122526	0.0768199	-0.215416	0.0777251	-0.0391006	-0.115345	0.0590529	0.0473298	0.0844733	0.0869573	-0.105495	0.0580832	-0.142555	0.147704	0.0615587
700000.0003	-0.0360433	-0.115814	0.0117932	0.16933	0.266119	-0.0905243	-0.0581261	-0.127755	0.0143567	0.0271551	-0.019691	0.00935136	-0.164084	0.12339	0.062518
700000.0003	0.00989766	0.187472	0.128416	-0.0828881	-0.189935	-0.00280812	0.0155785	0.030643	-0.0992078	0.124789	0.101085	0.0284746	-0.11157	0.0313341	0.225641
700000.0003	0.275237	-0.0749519	-0.170305	0.201729	-0.0299451	0.0909355	-0.0444516	-0.0555548	-0.0267098	-0.000625608	0.0684911	-0.0212368	-0.0898702	0.0416381	0.0128315
700000.0003	0.116338	0.0318472	0.0677422	-0.0956647	-0.0357662	-0.000778629	0.382916	0.0557026	-0.0480846	-0.166714	-0.0262779	0.0974515	0.0580408	0.0463645	-0.0847103
700000.0003	-0.129277	0.0112557	-0.0774597	-0.0727065	0.0606664	-0.0632798	-0.0864117	0.0590005	0.250225	-0.0982982	-0.0349445	0.0815624	-0.104018	0.0433258	-0.178395
700000.0003	-0.289116	0.0829867	-0.0219739	0.169191	-0.116706	0.169638	0.131669	0.0719919	0.313675	0.198412	0.00434729	0.0841787	0.023611	-0.0791303	-0.128697
700000.0003	-0.0589754	-0.000597196	-0.185799	-0.2602	-0.0801094	0.0410668	-0.0555177	-0.0466251	0.100208	-0.0797484	0.0362997	0.0504143	0.0186908	-0.0921636	0.078642
700000.0003	0.174965	0.07035	0.200346	-0.0488709	-0.210815	0.059733	-0.057344	0.0512764	0.139846	0.150549	-0.106293	0.0556672	0.039594	0.111059	0.0902564
700000.0003	0.119099	-0.389897	0.163914	0.103311	0.0497205	-0.0900648	0.046779	-0.176078	-0.163172	-0.0589717	0.0968815	0.0881098	-0.015349	-0.224031	0.23494
700000.0003	-0.180082	0.486632	-0.255435	0.256004	-0.312231	0.243802	0.143868	-0.0727367	0.380273	-0.0114693	-0.469987	0.291107	-0.209656	0.222628	0.0360463
700000.0003	0.126631	0.088842	0.131912	-0.0942967	-0.388429	-0.568294	-0.1696	-0.380446	0.532453	-0.267418	0.369641	-1.20749	-0.533145	0.428612	0.365862
700000.0003	0.557857	0.015456	-0.00905118	0.165248	-0.0679614	0.0595249	0.43887	-0.15292	-0.608087	0.835967	0.177911	-0.106064	0.310648	-0.329606	0.452582
700000.0003	1.20047	0.656941	-0.944691	-0.687151	-0.226269	0.392247	0.523115	-0.0726488	-0.114491	-1.12417	-0.91718	0.405287	0.483475	0.762071	0.730269
700000.0003	-1.26163	0.166094	0.37112	-0.463781	0.205204	1.34723	-0.269758	-1.95676	-0.366172	-0.0507091	0.830492	-0.554198	1.14296	0.730157	0.423391
700000.0003	0.556012	-0.394832	-1.03229	-0.775238	0.713017	0.680963	0.163153	0.409341	0.607894	1.01064	-0.968485	0.190783	1.06685	0.140933	0.400198
700000.0003	0.757305	0.162109	-0.564109	-0.439846	0.302478	-0.529495	-0.568998	0.717244	0.885607	0.977028	0.466915	0.783668	-0.858842	-1.83497	0.115835
700000.0003	0.798068	-0.903864	-0.571671	-0.594506	-0.212227	-0.282851	0.226426	0.335216	1.03931	0.648852	0.006831	-0.228101	0.441178	0.52708	0.106166
700000.0003	-0.517991	0.0620834	-0.15098	-1.1074	-0.828266	-0.367787	0.181315	-0.56756	0.930457	-0.0563822	1.01961	1.49491	1.22306	0.61888	-1.01648
700000.0003	-0.239378	-0.449076	-0.928232	-1.16557	-1.77117	-0.681977	-0.0876035	0.737884	0.237042	0.402495	0.729825	0.386708	1.1083	0.895536	0.465337
700000.0003	-0.00386312	-0.0672796	-0.198463	-0.526123	-1.20825	-0.693339	0.44677	-0.442186	-0.960529	0.0677345	1.45827	0.805796	0.0642471	-0.485305	0.348447
700000.0003	-0.750464	-0.614158	-0.913998	-0.505504	0.359132	-0.546816	-0.575014	-0.128071	0.401954	0.131405	0.22483	-0.275138	0.120682	1.22177	0.242544
700000.0003	-1.00762	0.147763	0.733104	-0.0994372	-0.948427	-0.392909	-0.872308	-0.0707816	-0.57118	0.815451	0.467304	1.38195	0.683726	0.0749596	-0.417408
700000.0003	0.160255	-0.902538	-0.23099	-0.548358	-0.254999	-0.0993289	-0.128569	0.224269	0.106802	0.196513	0.136793	0.787034	0.523063	-0.164645	0.187638
700000.0003	0.0718535	1.06283	0.0166186	-0.514658	-0.0793946	-0.840295	-0.748967	-0.446099	-0.0624293	0.277643	1.61838	0.352345	0.669797	-0.679936	-1.28037
700000.0003	0.494485	0.202667	-0.415431	-0.634267	-0.806986	0.0142027	-0.433841	0.0919014	-0.173771	0.102543	-0.409473	0.241198	1.15451	-0.573797	-0.115302
700000.0003	0.338603	-1.39428	0.527023	0.32447	-1.34243	-1.42625	0.796104	-0.464091	-0.26682	-0.201021	0.634049	0.0304565	-1.55265	-0.939295	1.32113
700000.0003	2910.73	2908.9	2912.63	2909.39	2910.05	2908.69	2910.19	2909.99	2906.89	2909.16	2910.14	2911.38	2909.04	2907.3	2912.17
700000.0003	1604.71	1604.12	1601.85	1606.86	1604.97	1605.67	1603.07	1604.92	1605.04	1602.31	1605.63	1604.74	1605.01	1606.07	1602.67
700000.0003	174.704	174.238	174.524	173.452	172.781	174.171	175.21	174.324	174.089	172.567	174.283	174.036	174.456	173.099	174.112
700000.0003	28.553	28.8764	28.6402	28.3678	28.3339	28.376	28.4859	28.3276	28.7155	28.0061	28.0489	28.4955	28.8562	28.7983	28.7697
700000.0003	18.2077	18.3553	18.5489	18.4638	18.1278	18.2711	17.9305	18.1309	18.28	18.4047	18.0843	18.5187	18.1829	18.2277	18.2249
700000.0003	15.9911	16.3831	16.4218	16.064	16.0929	16.2236	16.2885	16.0584	15.9457	16.0195	15.9838	15.7496	15.9662	15.8653	16.2622
700000.0003	14.9981	15.0638	15.0777	14.9744	14.877	15.0074	15.122	15.4091	15.1152	14.9302	15.333	14.4932	14.7953	15.0627	15.1645
700000.0003	14.1729	13.9607	14.3246	14.1687	14.2962	14.1419	14.0943	14.4372	14.4485	14.0879	14.2271	13.9484	14.4192	14.6259	14.5103
700000.0003	13.8149	14.0202	13.9564	13.8318	13.7781	13.8594	13.6381	13.8242	14.0229	14.0492	13.9435	14.107	14.0577	13.6526	14.4478
700000.0003	13.7856	13.5293	13.309	14.0042	13.6083	13.3476	13.9283	13.7484	13.1807	13.5216	13.578	13.7985	13.799	13.8333	13.6769
700000.0003	13.4777	13.3936	13.3114	13.2906	13.3527	13.614	13.0072	13.4251	13.1911	13.32	13.3055	13.769	13.2552	13.6975	13.7709
700000.0003	13.2908	13.2193	13.3524	13.2334	13.2052	13.1491	13.3108	13.003	13.1505	13.1184	13.258	13.1813	13.5066	13.3559	13.2402
700000.0003	13.2296	13.2559	13.4627	13.4065	13.1823	12.9393	13.2402	12.975	13.3624	13.4118	13.3917	13.4637	13.7137	13.2395	13.1445
700000.0003	13.2227	13.3635	13.1457	13.3079	12.995	13.1462	13.5706	13.2188	13.1277	13.2327	13.3719	13.3531	13.3864	13.2004	13.1029
700000.0003	13.0373	13.4805	13.4387	13.3887	13.5565	13.5159	13.1924	13.5118	13.4155	13.4585	13.3816	13.2238	13.4821	13.5989	13.2723
700000.0003	14.0214	13.654	13.9696	13.6895	13.9806	13.9702	14.1686	14.4959	14.1095	13.982	13.8406	13.7346	13.8807	13.6227	13.6833
700000.0003	15.1527	15.1329	15.0334	15.3152	15.1324	15.1804	15.2915	15.1458	15.1852	15.2772	15.1923	15.0863	15.4482	15.028	15.1832
700000.0003	16.8893	16.689	17.062	16.9967	17.0129	16.9001	16.936	17.0427	17.1609	16.6878	16.4903	17.0155	17.1592	16.9936	16.7751
700000.0003	19.4009	19.4385	19.8558	19.8305	19.4282	19.5875	19.877	19.4202	19.6754	19.9708	19.6079	19.7731	20.0139	19.7841	20.033
700000.0003	23.693	24.0382	23.9161	23.5363	24.0529	23.8123	23.7497	24.0577	24.0759	23.7766	24.2116	23.8819	23.4585	23.7988	23.9013
700000.0003	30.4833	30.288	30.5248	30.2827	30.5018	30.4957	30.3945	30.266	30.7607	30.3813	30.297	30.0209	30.3536	30.3346	30.0684
700000.0003	41.8461	41.8623	41.3479	41.3848	41.6777	41.9271	41.5182	41.5281	41.8603	42.0871	41.8947	42.3737	42.2298	42.1837	41.7623
700000.0003	66.7157	66.414	65.5112	66.9249	65.9085	66.3325	66.5546	66.8073	66.2484	65.9259	65.8804	65.9287	66.8759	66.4405	65.8812
700000.0003	152.409	152.751	152.141	152.602	151.623	152.933	151.699	152.645	152.328	151.396	152.698	152.887	152.638	151.542	152.814
700000.0003	521.408	520.211	521.021	521.728	520.622	520.998	520.047	520.675	520.498	521.468	519.619	518.573	517.81	520.057	522.756
700000.0003	1364.56	1363.92	1366.12	1364.21	1366.92	1364.5	1364.92	1364.59	1363.55	1363.11	1363.76	1362.12	1360.79	1363.36	1363.86
700000.0003	2156.14	2153.7	2155.63	2155.23	2155.37	2156.51	2157.23	2155.57	2155.26	2154.88	2152.03	2150.96	2150.22	2149.51	2153.92
700000.0003	2586.27	2586.49	2585.72	2587.32	2588.15	2586.52	2587.45	2588.19	2588.04	2584.61	2583.33	2582.76	2582.39	2583.68	2583.18
700000.0003	2781.56	2778.03	2777.83	2779.07	2778.88	2780.31	2779.6	2780.82	2779.47	2776.95	2779.49	2778.42	2777.85	2777.92	2779.22
700000.0003	2866.34	2867.3	2865.25	2867.19	2865.36	2866.18	2865.64	2869.1	2865.65	2869.53	2867.69	2867.72	2866.6	2865.51	2867.53
700000.0003	2904.07	2905.53	2909.58	2906.78	2906.27	2906.51	2909.94	2906.96	2906.64	2907.14	2908.36	2909.33	2906.87	2905.91	2905.02
700000.0003	2932.08	2933.35	2929.94	2929.46	2934.29	2934.33	2932.63	2929.72	2932.94	2934.6	2931.5	2932.38	2931.62	2932.59	2932.77
700000.0003	2954.14	2953.86	2953.5	2953.27	2952.76	2951.57	2951.82	2953.23	2953.77	2954.3	2950.62	2954.42	2955.25	2954.94	2952.59
700000.0003	2971.27	2971.82	2971.68	2972.72	2970.75	2971.92	2972.47	2972.04	2972.78	2971.25	2973.06	2973.02	2971.73	2970.84	2972.74
700000.0003	2989.69	2990.07	2990.66	2989.98	2987.19	2990.39	2991.73	2989.9	2988.45	2988.27	2990.78	2990.35	2987.8	2990.02	2989.51
700000.0003	3007.22	3007.91	3008.1	3003.32	3007.96	3005.66	3005.37	3004.41	3007.64	3006	3008.08	3001.36	3007.04	3008.53	3006.13
700000.0003	3024.27	3023.22	3022.48	3022.53	3022.4	3023.84	3020.31	3022.42	3024.08	3023.73	3022.09	3022.01	3025.27	3022.62	3022.6
700000.0003	3043.18	3043.75	3041.16	3044.16	3043.44	3042.87	3043.96	3045.53	3042.59	3042.85	3041.09	3042.75	3042.04	3042.16	3043.52
700000.0003	3068.53	3068.41	3069.08	3067.9	3068.86	3068.99	3068.41	3067.92	3068.58	3067.35	3068.93	3069.01	3068.1	3068.56	3068.97
700000.0003	3082.84	3084.47	3083.78	3083.46	3081.6	3080.92	3083.13	3081.27	3080.14	3081.98	3080.13	3081.05	3083.82	3085.21	3083.57
