700000.0003	0.0264935
700000.0003	0.0361265
700000.0003	0.0525839
700000.0003	0.0808986
700000.0003	0.123807
700000.0003	0.186994
700000.0003	0.280164
700000.0003	0.398082
700000.0003	0.55149
700000.0003	0.747594
700000.0003	0.991782
700000.0003	1.27184
700000.0003	1.60893
700000.0003	1.98498
700000.0003	2.41566
700000.0003	2.8689
700000.0003	3.34734
700000.0003	3.82031
700000.0003	4.29303
700000.0003	4.7543
700000.0003	5.18768
700000.0003	5.63954
700000.0003	6.03102
700000.0003	6.45662
700000.0003	6.82518
700000.0003	7.23472
700000.0003	7.55742
700000.0003	7.94292
700000.0003	8.1942
700000.0003	8.55057
700000.0003	8.79546
700000.0003	9.06822
700000.0003	9.40043
700000.0003	9.61902
700000.0003	9.73859
700000.0003	9.87822
700000.0003	10.0742
700000.0003	10.1531
700000.0003	10.1482
700000.0003	10.3382
700000.0003	10.2474
700000.0003	10.1963
700000.0003	10.2768
700000.0003	10.2092
700000.0003	10.3343
700000.0003	10.2944
700000.0003	10.3315
700000.0003	10.2414
700000.0003	10.245
700000.0003	10.2877
700000.0003	10.2896
700000.0003	10.2726
700000.0003	10.2728
700000.0003	10.3014
700000.0003	10.2853
700000.0003	10.3165
700000.0003	10.306
700000.0003	10.3305
700000.0003	10.3478
700000.0003	10.3375
700000.0003	10.3561
700000.0003	10.3307
700000.0003	10.3169
700000.0003	10.2707
700000.0003	10.3643
700000.0003	10.3507
700000.0003	10.3087
700000.0003	10.3471
700000.0003	10.3654
700000.0003	10.3137
700000.0003	10.3695
700000.0003	10.3149
700000.0003	10.3502
700000.0003	10.3459
700000.0003	10.3154
700000.0003	10.3985
700000.0003	10.3641
700000.0003	10.4039
700000.0003	10.3558
700000.0003	10.3266
700000.0003	10.3394
700000.0003	10.2927
700000.0003	10.3411
700000.0003	10.4187
700000.0003	10.3209
700000.0003	10.3865
700000.0003	10.4017
700000.0003	10.3178
700000.0003	10.294
700000.0003	10.3706
700000.0003	10.39
700000.0003	10.3322
700000.0003	10.3906
700000.0003	10.3869
700000.0003	10.4027
700000.0003	10.3645
700000.0003	10.406
700000.0003	10.4162
700000.0003	10.4391
700000.0003	10.4273
700000.0003	10.3783
700000.0003	10.4262
700000.0003	10.4109
700000.0003	10.3595
700000.0003	10.4527
700000.0003	10.3798
700000.0003	10.3522
700000.0003	10.3611
700000.0003	10.3978
700000.0003	10.377
700000.0003	10.3869
700000.0003	10.3812
700000.0003	10.4513
700000.0003	10.4649
700000.0003	10.494
700000.0003	10.4341
700000.0003	10.3977
700000.0003	10.4294
700000.0003	10.4275
700000.0003	10.4605
700000.0003	10.4225
700000.0003	10.4237
700000.0003	10.372
700000.0003	10.4579
700000.0003	10.494
700000.0003	10.5
700000.0003	10.4209
700000.0003	10.4566
700000.0003	10.4077
700000.0003	10.5122
700000.0003	10.4371
700000.0003	10.466
700000.0003	10.443
700000.0003	10.5277
700000.0003	10.4041
700000.0003	10.3966
700000.0003	10.5337
700000.0003	10.4936
700000.0003	10.4789
700000.0003	10.4368
700000.0003	10.4174
700000.0003	10.4446
700000.0003	10.4617
700000.0003	10.4373
700000.0003	10.4282
700000.0003	10.4379
700000.0003	10.3642
700000.0003	10.3804
700000.0003	10.3521
700000.0003	10.3921
700000.0003	10.3506
700000.0003	10.3404
700000.0003	10.2929
700000.0003	10.2999
700000.0003	10.16
700000.0003	10.1387
700000.0003	10.2287
700000.0003	10.1755
700000.0003	10.1631
700000.0003	10.1056
700000.0003	10.0859
700000.0003	10.0799
700000.0003	9.93797
700000.0003	9.93673
700000.0003	9.87083
700000.0003	9.83485
700000.0003	9.75138
700000.0003	9.72061
700000.0003	9.71745
700000.0003	9.60332
700000.0003	9.57814
700000.0003	9.50788
700000.0003	9.54659
700000.0003	9.39973
700000.0003	9.3442
700000.0003	9.29665
700000.0003	9.18364
700000.0003	9.15463
700000.0003	9.05136
700000.0003	8.94693
700000.0003	8.91215
700000.0003	8.83154
700000.0003	8.82075
700000.0003	8.65992
700000.0003	8.61141
700000.0003	8.50285
700000.0003	8.44731
700000.0003	8.38156
700000.0003	8.32664
700000.0003	8.18678
700000.0003	8.17267
700000.0003	8.03889
700000.0003	8.00034
700000.0003	7.88167
700000.0003	7.82383
700000.0003	7.78883
700000.0003	7.62162
700000.0003	7.55001
700000.0003	7.48163
700000.0003	7.44356
700000.0003	7.2863
700000.0003	7.20714
700000.0003	7.09652
700000.0003	7.08191
700000.0003	6.9657
700000.0003	6.84673
700000.0003	6.7611
700000.0003	6.66585
700000.0003	6.54298
700000.0003	6.49303
700000.0003	6.40377
700000.0003	6.31303
700000.0003	6.20445
700000.0003	6.12534
700000.0003	6.03751
700000.0003	5.92903
700000.0003	5.85214
700000.0003	5.72027
700000.0003	5.64697
700000.0003	5.5511
700000.0003	5.47604
700000.0003	5.36123
700000.0003	5.25394
700000.0003	5.13867
700000.0003	5.05047
700000.0003	4.98048
700000.0003	4.8829
700000.0003	4.74626
700000.0003	4.6667
700000.0003	4.57921
700000.0003	4.48465
700000.0003	4.36191
700000.0003	4.27138
700000.0003	4.18582
700000.0003	4.07379
700000.0003	3.97551
700000.0003	3.87646
700000.0003	3.76745
700000.0003	3.66856
700000.0003	3.561
700000.0003	3.44366
700000.0003	3.33445
700000.0003	3.21713
700000.0003	3.10819
700000.0003	2.97169
700000.0003	2.8539
700000.0003	2.73023
700000.0003	2.60558
700000.0003	2.46469
700000.0003	2.32934
700000.0003	2.19899
700000.0003	2.06789
700000.0003	1.92991
700000.0003	1.79173
700000.0003	1.66397
700000.0003	1.5398
700000.0003	1.41282
700000.0003	1.29661
700000.0003	1.18682
700000.0003	1.07387
700000.0003	0.977385
700000.0003	0.886951
700000.0003	0.798357
700000.0003	0.714195
700000.0003	0.635238
700000.0003	0.564258
700000.0003	0.497241
700000.0003	0.437171
700000.0003	0.383809
700000.0003	0.336446
700000.0003	0.291574
700000.0003	0.253143
700000.0003	0.21637
700000.0003	0.187241
700000.0003	0.158636
700000.0003	0.13465
700000.0003	0.114465
700000.0003	0.0967011
700000.0003	0.0811991
700000.0003	0.0686091
700000.0003	0.0574729
700000.0003	0.0490463
700000.0003	0.0408145
700000.0003	0.034214
700000.0003	0.0294041
700000.0003	0.0247403
700000.0003	0.0210689
700000.0003	0.0179405
700000.0003	0.0155418
700000.0003	0.0135298
700000.0003	0.0116672
700000.0003	0.010206
700000.0003	0.00916783
700000.0003	0.00808177
700000.0003	0.00721267
700000.0003	0.00668493
700000.0003	0.00623679
700000.0003	0.00585126
700000.0003	0.00555298
700000.0003	0.00547068
700000.0003	0.00532449
700000.0003	0.00517108
700000.0003	0.00504493
700000.0003	0.00497132
700000.0003	0.00481242
700000.0003	0.00486732
700000.0003	0.00475449
700000.0003	0.00469668
700000.0003	0.00470135
700000.0003	0.00463959
700000.0003	0.00455037
700000.0003	0.0045936
700000.0003	0.00456172
700000.0003	0.00442836
700000.0003	0.004474
700000.0003	0.00446347
700000.0003	0.00431743
700000.0003	0.0043077
700000.0003	0.00430568
700000.0003	0.00429742
700000.0003	0.00429434
700000.0003	0.00428703
700000.0003	0.00425209
700000.0003	0.00418649
700000.0003	0.00426706
700000.0003	0.00419704
700000.0003	0.00411521
700000.0003	0.00422546
700000.0003	0.00418144
700000.0003	0.00419374
700000.0003	0.00414924
700000.0003	0.00416241
700000.0003	0.00416371
700000.0003	0.00410943
700000.0003	0.00417255
700000.0003	0.00409663
700000.0003	0.00417866
700000.0003	0.00410573
700000.0003	0.00409936
700000.0003	0.00411073
700000.0003	0.00405947
700000.0003	0.00412707
700000.0003	0.00413608
700000.0003	0.00412909
700000.0003	0.00411576
700000.0003	0.00414769
700000.0003	0.00421193
700000.0003	0.00415811
700000.0003	0.00415341
700000.0003	0.00419347
700000.0003	0.00416729
700000.0003	0.00424375
700000.0003	0.00425731
700000.0003	0.00420598
700000.0003	0.00426326
700000.0003	0.00423188
700000.0003	0.00426611
700000.0003	0.00428253
700000.0003	0.00434928
700000.0003	0.00434693
700000.0003	0.00430075
700000.0003	0.00436647
700000.0003	0.00442212
700000.0003	0.0044355
700000.0003	0.00451727
700000.0003	0.00451279
700000.0003	0.00449889
700000.0003	0.00460661
700000.0003	0.0046433
700000.0003	0.00469616
700000.0003	0.00473732
700000.0003	0.00485581
700000.0003	0.0047708
700000.0003	0.00492637
700000.0003	0.00492574
700000.0003	0.00507729
700000.0003	0.00511256
700000.0003	0.0051646
700000.0003	0.00537235
700000.0003	0.00543438
700000.0003	0.00555534
700000.0003	0.00569772
700000.0003	0.0057945
700000.0003	0.00616818
700000.0003	0.00618869
700000.0003	0.00643438
700000.0003	0.00655227
700000.0003	0.00690781
700000.0003	0.00727307
700000.0003	0.0074691
700000.0003	0.00812899
700000.0003	0.0085653
700000.0003	0.00885804
700000.0003	0.0100397
700000.0003	0.0107195
700000.0003	0.0117701
700000.0003	0.0134938
700000.0003	0.0153633
700000.0003	0.0180188
700000.0003	0.0213754
700000.0003	-0.000100524
700000.0003	7.4765e-05
700000.0003	0.000123073
700000.0003	0.00055229
700000.0003	0.000374891
700000.0003	-0.000755835
700000.0003	0.00112636
700000.0003	0.000962764
700000.0003	0.00269803
700000.0003	0.00229206
700000.0003	0.000544246
700000.0003	0.00529477
700000.0003	0.00287913
700000.0003	-0.00616642
700000.0003	-0.00425937
700000.0003	-0.0066697
700000.0003	-0.0149011
700000.0003	-0.00638977
700000.0003	-0.00718517
700000.0003	0.0032146
700000.0003	-0.000112454
700000.0003	-0.0302572
700000.0003	-0.0025224
700000.0003	-0.00609534
700000.0003	0.0304855
700000.0003	-0.0580257
700000.0003	-0.0324814
700000.0003	-0.0268754
700000.0003	0.00754102
700000.0003	0.0244738
700000.0003	-0.00483243
700000.0003	-0.0294211
700000.0003	0.033144
700000.0003	-0.0141381
700000.0003	-0.0428229
700000.0003	0.0326486
700000.0003	-0.0523767
700000.0003	-0.00500263
700000.0003	0.00854155
700000.0003	-0.0386565
700000.0003	0.0452253
700000.0003	-0.00491554
700000.0003	-0.0120426
700000.0003	0.00196816
700000.0003	-0.00538524
700000.0003	-0.00411167
700000.0003	0.0295092
700000.0003	-0.00549615
700000.0003	0.051975
700000.0003	-0.00543291
700000.0003	-0.0125811
700000.0003	0.0340865
700000.0003	-0.0200066
700000.0003	-0.0235168
700000.0003	0.0227263
700000.0003	-0.0189272
700000.0003	-0.0556756
700000.0003	-0.0273197
700000.0003	0.00691519
700000.0003	0.00231648
700000.0003	0.0700706
700000.0003	-0.0168638
700000.0003	-0.0195132
700000.0003	-0.000750161
700000.0003	0.0619806
700000.0003	-0.0471649
700000.0003	-0.0210189
700000.0003	-0.00105314
700000.0003	-0.00241827
700000.0003	0.00177109
700000.0003	0.0220144
700000.0003	0.00828098
700000.0003	0.0313911
700000.0003	-0.0229733
700000.0003	0.0582809
700000.0003	-0.0359742
700000.0003	-0.000728877
700000.0003	0.0131959
700000.0003	-0.0495032
700000.0003	-0.0144361
700000.0003	0.00798804
700000.0003	-0.00710314
700000.0003	-0.0289126
700000.0003	0.000678112
700000.0003	0.0369721
700000.0003	0.0323427
700000.0003	0.00379212
700000.0003	-0.0366524
700000.0003	-0.0266167
700000.0003	-0.0254858
700000.0003	0.00552824
700000.0003	-0.0303417
700000.0003	-0.0127198
700000.0003	-0.00532809
700000.0003	-0.00224319
700000.0003	-0.0263443
700000.0003	0.0430828
700000.0003	-0.0487897
700000.0003	-0.0185531
700000.0003	0.0109488
700000.0003	-0.0229012
700000.0003	0.00828653
700000.0003	0.00415502
700000.0003	0.0134653
700000.0003	-0.0285462
700000.0003	0.0278935
700000.0003	-0.00249117
700000.0003	0.0140526
700000.0003	-0.00738677
700000.0003	0.037187
700000.0003	-0.0589942
700000.0003	0.0101952
700000.0003	-0.0268183
700000.0003	0.000148241
700000.0003	-0.0106523
700000.0003	0.0178225
700000.0003	-0.0274581
700000.0003	-0.000692878
700000.0003	0.0343291
700000.0003	-0.0246977
700000.0003	0.0357277
700000.0003	0.0356741
700000.0003	0.0140119
700000.0003	-0.0160771
700000.0003	-0.000410563
700000.0003	0.0254557
700000.0003	0.00377589
700000.0003	-0.0169482
700000.0003	-0.0252905
700000.0003	0.00231634
700000.0003	0.00534692
700000.0003	0.0288021
700000.0003	-0.0147129
700000.0003	0.00518076
700000.0003	-0.0124624
700000.0003	-0.0176772
700000.0003	-0.00037977
700000.0003	-0.0200993
700000.0003	0.0244604
700000.0003	-0.0234204
700000.0003	-0.00734969
700000.0003	-0.00894364
700000.0003	0.00536525
700000.0003	-0.00581936
700000.0003	0.0182691
700000.0003	-0.0293774
700000.0003	-0.0227447
700000.0003	-0.0195987
700000.0003	-0.0157858
700000.0003	-0.0256428
700000.0003	0.0116553
700000.0003	-0.013538
700000.0003	-0.00438151
700000.0003	-0.0144473
700000.0003	0.00827975
700000.0003	-0.0320787
700000.0003	0.00661901
700000.0003	-0.00496892
700000.0003	0.00552632
700000.0003	-0.0167911
700000.0003	0.0110858
700000.0003	-0.0279513
700000.0003	-0.0565822
700000.0003	0.0203275
700000.0003	-0.0306507
700000.0003	-0.0215078
700000.0003	-0.0119083
700000.0003	0.010281
700000.0003	-0.038056
700000.0003	0.0200894
700000.0003	-0.0358105
700000.0003	0.000782663
700000.0003	-0.0138089
700000.0003	-0.00303658
700000.0003	-0.0111485
700000.0003	0.0016811
700000.0003	0.00868838
700000.0003	0.0140684
700000.0003	0.00221092
700000.0003	-0.0109191
700000.0003	0.00677877
700000.0003	0.0177276
700000.0003	0.00406283
700000.0003	0.0112557
700000.0003	0.0213647
700000.0003	-0.0149414
700000.0003	0.0123445
700000.0003	0.0429475
700000.0003	-0.00504359
700000.0003	0.012553
700000.0003	-0.0407349
700000.0003	-0.0220166
700000.0003	-0.0196776
700000.0003	0.00443893
700000.0003	-0.00377656
700000.0003	-0.0181481
700000.0003	-0.00873193
700000.0003	-0.00532965
700000.0003	-0.0206426
700000.0003	0.00029134
700000.0003	0.00110402
700000.0003	0.0140771
700000.0003	-0.000519479
700000.0003	0.00381504
700000.0003	-0.0230387
700000.0003	-0.00377045
700000.0003	0.00337567
700000.0003	0.00470502
700000.0003	-0.00685135
700000.0003	0.00490022
700000.0003	0.0047805
700000.0003	0.00575369
700000.0003	-0.0104635
700000.0003	0.00219756
700000.0003	-0.019674
700000.0003	-0.0134355
700000.0003	-0.00173691
700000.0003	-0.013786
700000.0003	-0.0159114
700000.0003	0.00368354
700000.0003	0.0073426
700000.0003	0.0090151
700000.0003	0.00573839
700000.0003	-0.0153366
700000.0003	0.0047496
700000.0003	-0.000827109
700000.0003	0.00127089
700000.0003	0.00430582
700000.0003	-0.0100926
700000.0003	-0.00875084
700000.0003	0.00208551
700000.0003	-0.00296002
700000.0003	-0.0134731
700000.0003	-0.00430933
700000.0003	0.00265374
700000.0003	-0.00900092
700000.0003	0.000512315
700000.0003	0.00434643
700000.0003	-0.00320289
700000.0003	0.00272862
700000.0003	-0.00498287
700000.0003	0.00122971
700000.0003	0.0139935
700000.0003	0.00190013
700000.0003	-0.00191442
700000.0003	-0.00145964
700000.0003	0.00342949
700000.0003	0.00510741
700000.0003	0.00143249
700000.0003	-0.000744415
700000.0003	0.00371265
700000.0003	-0.00239382
700000.0003	0.00248112
700000.0003	-3.85673e-05
700000.0003	-7.59302e-05
700000.0003	0.00231021
700000.0003	0.000860605
700000.0003	-0.000641859
700000.0003	0.00239608
700000.0003	0.00273088
700000.0003	-0.00135548
700000.0003	3.58869e-05
700000.0003	-0.000886235
700000.0003	-0.000993033
700000.0003	0.00308642
700000.0003	0.00100385
700000.0003	0.000276554
700000.0003	0.000375338
700000.0003	0.000124919
700000.0003	-0.000442212
700000.0003	-0.00130435
700000.0003	8.71179e-05
700000.0003	-0.000543215
700000.0003	0.000964886
700000.0003	-0.000837938
700000.0003	-0.000452283
700000.0003	-0.000523551
700000.0003	0.000670514
700000.0003	8.71986e-05
700000.0003	0.000401254
700000.0003	-0.000172996
700000.0003	0.000482294
700000.0003	-0.000124067
700000.0003	-0.000273103
700000.0003	0.000103842
700000.0003	7.50825e-05
700000.0003	-4.21065e-05
700000.0003	5.78611e-05
700000.0003	5.78525e-05
700000.0003	0.000146945
700000.0003	3.4165e-05
700000.0003	-5.85839e-05
700000.0003	-0.000160764
700000.0003	-6.45017e-05
700000.0003	-2.24095e-05
700000.0003	5.84535e-05
700000.0003	3.71156e-05
700000.0003	6.97336e-05
700000.0003	0.000102337
700000.0003	-4.36875e-05
700000.0003	1.67381e-05
700000.0003	-3.94218e-05
700000.0003	7.93784e-05
700000.0003	2.4658e-05
700000.0003	-4.72788e-05
700000.0003	-4.28541e-05
700000.0003	-3.67502e-05
700000.0003	1.67584e-05
700000.0003	7.56708e-05
700000.0003	-1.50773e-05
700000.0003	1.34332e-05
700000.0003	8.11238e-06
700000.0003	-1.05489e-05
700000.0003	2.07359e-07
700000.0003	-7.6102e-07
700000.0003	-8.26611e-06
700000.0003	3.39216e-06
700000.0003	2.06368e-05
700000.0003	5.2211e-05
700000.0003	3.08797e-05
700000.0003	-2.05651e-05
700000.0003	-2.85376e-05
700000.0003	-1.64749e-05
700000.0003	2.96923e-05
700000.0003	4.26195e-05
700000.0003	-2.23256e-05
700000.0003	-5.36075e-05
700000.0003	-5.27473e-05
700000.0003	3.42588e-05
700000.0003	-3.9017e-05
700000.0003	7.29141e-06
700000.0003	-5.56363e-06
700000.0003	-2.14183e-05
700000.0003	2.39668e-05
700000.0003	2.43199e-05
700000.0003	2.12015e-05
700000.0003	2.11014e-05
700000.0003	-1.81675e-05
700000.0003	-1.47178e-05
700000.0003	-2.06074e-05
700000.0003	6.08373e-05
700000.0003	3.21825e-05
700000.0003	1.37977e-05
700000.0003	-4.06423e-05
700000.0003	1.48256e-06
700000.0003	-8.89642e-07
700000.0003	-2.75975e-06
700000.0003	-8.58369e-06
700000.0003	-2.75224e-05
700000.0003	-1.07993e-05
700000.0003	5.07163e-05
700000.0003	-1.4121e-05
700000.0003	-4.87146e-05
700000.0003	-2.24332e-08
700000.0003	2.39702e-05
700000.0003	1.96855e-05
700000.0003	-1.36824e-05
700000.0003	-5.0858e-05
700000.0003	-7.54779e-06
700000.0003	2.27601e-06
700000.0003	-3.63479e-05
700000.0003	-1.10623e-05
700000.0003	2.42463e-05
700000.0003	-4.50278e-05
700000.0003	-5.94641e-07
700000.0003	2.91944e-05
700000.0003	-1.37773e-05
700000.0003	1.36944e-05
700000.0003	-3.24536e-07
700000.0003	2.2547e-05
700000.0003	-2.75884e-05
700000.0003	2.289e-06
700000.0003	-5.21703e-05
700000.0003	-4.11874e-05
700000.0003	2.14362e-05
700000.0003	-1.49892e-05
700000.0003	-2.24184e-05
700000.0003	-1.42518e-05
700000.0003	3.5277e-05
700000.0003	4.332e-07
700000.0003	-3.76595e-05
700000.0003	-7.37598e-05
700000.0003	2.63772e-05
700000.0003	-9.32821e-07
700000.0003	6.06553e-05
700000.0003	-6.15301e-05
700000.0003	1.48983e-05
700000.0003	-7.00825e-06
700000.0003	-1.60107e-05
700000.0003	6.92238e-05
700000.0003	-0.000114064
700000.0003	-2.46117e-05
700000.0003	-6.54409e-05
700000.0003	-7.5283e-05
700000.0003	-0.000143451
700000.0003	0.000290241
700000.0003	1.89539e-05
700000.0003	9.14281e-05
700000.0003	-6.13584e-05
700000.0003	1.79581e-05
700000.0003	-1.70486e-05
700000.0003	-2.76655e-05
700000.0003	5.56084e-05
700000.0003	0.000281604
700000.0003	-0.000393495
700000.0003	-0.000518673
700000.0003	0.000218254
700000.0003	-0.0015148
700000.0003	0.00398243
700000.0003	-0.00144425
700000.0003	-0.0002287
700000.0003	5.51294e-05
700000.0003	-0.00654405
700000.0003	0.00253739
700000.0003	0.00256954
700000.0003	0.00781849
700000.0003	-0.000245666
700000.0003	0.00908994
700000.0003	0.00496568
700000.0003	-0.00912525
700000.0003	0.004518
700000.0003	0.00151487
700000.0003	0.0272463
700000.0003	0.00223543
700000.0003	0.0145309
700000.0003	-0.0428714
700000.0003	-0.00256657
700000.0003	-0.0380635
700000.0003	-0.00865585
700000.0003	0.0274091
700000.0003	0.0319847
700000.0003	-0.0244896
700000.0003	0.0317525
700000.0003	-0.0231991
700000.0003	-0.0404886
700000.0003	0.0390745
700000.0003	-0.0488692
700000.0003	-0.00407645
700000.0003	0.0109375
700000.0003	-0.0271983
700000.0003	0.0186479
700000.0003	0.00258456
700000.0003	-0.0283047
700000.0003	0.00671993
700000.0003	0.00906625
700000.0003	-0.00202333
700000.0003	0.0393178
700000.0003	0.00478663
700000.0003	0.0424268
700000.0003	0.000298666
700000.0003	-0.018527
700000.0003	0.0201701
700000.0003	-0.024412
700000.0003	-0.00211057
700000.0003	0.0165689
700000.0003	-0.0194879
700000.0003	-0.0523075
700000.0003	-0.0183557
700000.0003	0.0299114
700000.0003	0.0203192
700000.0003	0.0796731
700000.0003	-0.00444188
700000.0003	-0.0138464
700000.0003	0.00216388
700000.0003	0.0550687
700000.0003	-0.0384083
700000.0003	-0.0259126
700000.0003	-0.0013661
700000.0003	-0.0361266
700000.0003	0.0128828
700000.0003	0.0167102
700000.0003	0.00419265
700000.0003	0.0238247
700000.0003	-0.0122101
700000.0003	0.0529622
700000.0003	-0.0441754
700000.0003	0.0106665
700000.0003	-0.000290405
700000.0003	-0.0688204
700000.0003	-0.019263
700000.0003	-0.00556141
700000.0003	-0.00703257
700000.0003	-0.0225189
700000.0003	0.000758876
700000.0003	0.0342988
700000.0003	0.0343608
700000.0003	-0.00522701
700000.0003	-0.0417937
700000.0003	-0.0175819
700000.0003	-0.0287687
700000.0003	-0.0161295
700000.0003	-0.0257121
700000.0003	-0.00768433
700000.0003	-0.00646544
700000.0003	0.000558585
700000.0003	-0.0201344
700000.0003	0.0448044
700000.0003	-0.0577918
700000.0003	-0.0393862
700000.0003	0.0149868
700000.0003	-0.0325406
700000.0003	-0.00309694
700000.0003	-0.00224307
700000.0003	0.00287641
700000.0003	-0.01748
700000.0003	0.0236609
700000.0003	-0.00666275
700000.0003	0.00968103
700000.0003	-0.0086566
700000.0003	0.0476855
700000.0003	-0.0720912
700000.0003	0.011909
700000.0003	-0.0268949
700000.0003	0.00239772
700000.0003	-0.0260097
700000.0003	0.0171406
700000.0003	-0.0333239
700000.0003	-0.00644602
700000.0003	0.040837
700000.0003	-0.0162915
700000.0003	0.0293294
700000.0003	0.0484274
700000.0003	0.0203066
700000.0003	-0.0301579
700000.0003	0.00967314
700000.0003	0.0216305
700000.0003	-0.00885567
700000.0003	-0.00719157
700000.0003	-0.0122313
700000.0003	-0.0117384
700000.0003	0.00858871
700000.0003	0.040817
700000.0003	-0.0113997
700000.0003	0.00796141
700000.0003	-0.0168043
700000.0003	-0.0259345
700000.0003	0.00142892
700000.0003	-0.0247416
700000.0003	0.0199167
700000.0003	-0.0124767
700000.0003	-0.00838306
700000.0003	-0.00305441
700000.0003	0.0112704
700000.0003	-0.027545
700000.0003	0.028675
700000.0003	-0.0260019
700000.0003	-0.0102633
700000.0003	-0.0111593
700000.0003	0.00035054
700000.0003	-0.022046
700000.0003	0.018864
700000.0003	-0.0172925
700000.0003	-0.0138773
700000.0003	-0.0113274
700000.0003	-0.00205749
700000.0003	-0.031093
700000.0003	0.00496721
700000.0003	-0.0146724
700000.0003	-0.000938232
700000.0003	-0.00410121
700000.0003	0.013206
700000.0003	-0.0211911
700000.0003	-0.0558664
700000.0003	0.0116909
700000.0003	-0.0197629
700000.0003	-0.0278148
700000.0003	-0.0159723
700000.0003	0.0241842
700000.0003	-0.0442254
700000.0003	0.000907568
700000.0003	-0.0236113
700000.0003	0.00663846
700000.0003	-0.000263953
700000.0003	0.00455643
700000.0003	-0.00109921
700000.0003	0.00797997
700000.0003	0.00634095
700000.0003	0.0283218
700000.0003	0.0142006
700000.0003	-0.00266787
700000.0003	0.000378413
700000.0003	0.0181304
700000.0003	-0.00657044
700000.0003	0.00695961
700000.0003	0.0152705
700000.0003	-0.00754887
700000.0003	0.0207882
700000.0003	0.0370846
700000.0003	0.00507685
700000.0003	0.0142661
700000.0003	-0.0421539
700000.0003	-0.0120981
700000.0003	-0.0138874
700000.0003	0.00949799
700000.0003	0.00758748
700000.0003	-0.0215246
700000.0003	-0.00290401
700000.0003	0.00742612
700000.0003	-0.0128215
700000.0003	-0.00273983
700000.0003	-0.00240039
700000.0003	0.00962081
700000.0003	0.00302102
700000.0003	0.013513
700000.0003	-0.0181692
700000.0003	0.00742286
700000.0003	0.00354559
700000.0003	0.00687529
700000.0003	-0.00686781
700000.0003	-0.00121123
700000.0003	-0.00405097
700000.0003	0.0071836
700000.0003	-0.0120504
700000.0003	-0.00795229
700000.0003	-0.0152951
700000.0003	-0.0107988
700000.0003	-0.00434985
700000.0003	-0.00259958
700000.0003	-0.0101395
700000.0003	0.00131119
700000.0003	-0.00190533
700000.0003	0.0125179
700000.0003	0.00926934
700000.0003	-0.0170688
700000.0003	0.00244167
700000.0003	0.00813681
700000.0003	0.00632565
700000.0003	-0.00612559
700000.0003	-0.00746101
700000.0003	-0.000575343
700000.0003	0.00207171
700000.0003	-0.00552866
700000.0003	-0.0119011
700000.0003	-0.00447557
700000.0003	0.00792077
700000.0003	-0.0130071
700000.0003	-0.00619644
700000.0003	0.0144419
700000.0003	0.00113307
700000.0003	-0.00417175
700000.0003	3.60519e-05
700000.0003	-0.00204372
700000.0003	0.00465231
700000.0003	0.00303721
700000.0003	-0.00644898
700000.0003	0.00139541
700000.0003	0.00426632
700000.0003	-0.000708172
700000.0003	0.00449837
700000.0003	-0.000361979
700000.0003	-0.00157378
700000.0003	0.00436654
700000.0003	-0.00224553
700000.0003	0.00363824
700000.0003	-0.00202079
700000.0003	0.00428783
700000.0003	-0.0025339
700000.0003	0.00328945
700000.0003	0.0018623
700000.0003	-0.00263164
700000.0003	0.00094923
700000.0003	-0.000537355
700000.0003	0.000736795
700000.0003	0.00247718
700000.0003	0.0021624
700000.0003	0.000754965
700000.0003	0.000360835
700000.0003	0.00142344
700000.0003	-0.00130835
700000.0003	-0.000631337
700000.0003	0.00173272
700000.0003	-0.000225103
700000.0003	0.000509098
700000.0003	5.28902e-05
700000.0003	0.000914389
700000.0003	0.000489659
700000.0003	-8.1335e-05
700000.0003	0.000162601
700000.0003	3.80703e-05
700000.0003	0.000296884
700000.0003	0.000281494
700000.0003	-0.000610516
700000.0003	0.000133828
700000.0003	-2.14457e-05
700000.0003	-4.63813e-06
700000.0003	0.000165366
700000.0003	-8.31765e-05
700000.0003	2.69332e-05
700000.0003	0.000184299
700000.0003	-0.000161473
700000.0003	0.000173765
700000.0003	0.000121104
700000.0003	-0.000116034
700000.0003	-6.11395e-05
700000.0003	4.58627e-05
700000.0003	-9.78209e-05
700000.0003	0.000115424
700000.0003	-0.000126711
700000.0003	8.02891e-05
700000.0003	-3.68363e-05
700000.0003	-2.76266e-06
700000.0003	3.29133e-05
700000.0003	4.75112e-06
700000.0003	-9.5261e-05
700000.0003	7.58347e-05
700000.0003	-1.47919e-05
700000.0003	1.06657e-05
700000.0003	-4.72528e-05
700000.0003	1.44123e-05
700000.0003	-1.19633e-05
700000.0003	-3.24407e-05
700000.0003	-2.32174e-05
700000.0003	-4.29209e-05
700000.0003	2.37116e-05
700000.0003	-4.21052e-05
700000.0003	2.75922e-05
700000.0003	2.8377e-05
700000.0003	5.52587e-05
700000.0003	-1.31566e-05
700000.0003	-2.50683e-06
700000.0003	-6.35684e-05
700000.0003	1.08316e-05
700000.0003	2.59326e-07
700000.0003	-1.80908e-06
700000.0003	-2.35379e-05
700000.0003	9.2285e-05
700000.0003	7.26539e-05
700000.0003	5.32635e-05
700000.0003	-2.37891e-05
700000.0003	-3.60728e-05
700000.0003	-3.40286e-05
700000.0003	-3.0526e-05
700000.0003	5.2395e-05
700000.0003	5.11667e-05
700000.0003	-5.95527e-05
700000.0003	-6.85031e-06
700000.0003	7.81831e-05
700000.0003	3.05492e-05
700000.0003	-5.8037e-05
700000.0003	4.6495e-05
700000.0003	-2.17077e-05
700000.0003	-9.23401e-06
700000.0003	2.80468e-05
700000.0003	6.44381e-05
700000.0003	5.74176e-06
700000.0003	-1.94657e-06
700000.0003	-1.13838e-05
700000.0003	3.4461e-05
700000.0003	-4.92602e-06
700000.0003	1.32363e-05
700000.0003	6.45748e-05
700000.0003	6.49234e-05
700000.0003	7.3346e-05
700000.0003	5.41418e-05
700000.0003	-7.38077e-06
700000.0003	7.92359e-06
700000.0003	-1.78832e-05
700000.0003	3.50319e-05
700000.0003	-1.928e-05
700000.0003	-3.52909e-05
700000.0003	1.7602e-05
700000.0003	-5.24494e-05
700000.0003	4.29657e-05
700000.0003	1.23401e-05
700000.0003	2.4409e-05
700000.0003	-3.88031e-05
700000.0003	6.05761e-06
700000.0003	-3.5806e-05
700000.0003	3.21966e-05
700000.0003	-7.9123e-06
700000.0003	3.80915e-05
700000.0003	3.06736e-05
700000.0003	-2.29535e-05
700000.0003	7.35805e-07
700000.0003	-4.9592e-06
700000.0003	-2.79521e-05
700000.0003	3.57889e-05
700000.0003	-9.3312e-05
700000.0003	-1.63054e-05
700000.0003	-6.53646e-05
700000.0003	-1.03436e-05
700000.0003	-3.31081e-05
700000.0003	-1.10571e-05
700000.0003	7.66744e-05
700000.0003	-4.61549e-05
700000.0003	-3.3322e-05
700000.0003	-4.03486e-05
700000.0003	4.31556e-05
700000.0003	8.19086e-05
700000.0003	0.000152342
700000.0003	0.000113036
700000.0003	4.17219e-05
700000.0003	-0.000185027
700000.0003	5.33775e-05
700000.0003	0.000118631
700000.0003	-2.82476e-05
700000.0003	-0.000228651
700000.0003	6.87089e-05
700000.0003	7.49616e-05
700000.0003	7.55138e-05
700000.0003	0.0183826
700000.0003	0.0235743
700000.0003	0.0375092
700000.0003	0.0606565
700000.0003	0.101141
700000.0003	0.167493
700000.0003	0.264296
700000.0003	0.409331
700000.0003	0.606211
700000.0003	0.879353
700000.0003	1.24813
700000.0003	1.76382
700000.0003	2.45041
700000.0003	3.35139
700000.0003	4.46991
700000.0003	5.82803
700000.0003	7.43949
700000.0003	9.26939
700000.0003	11.2871
700000.0003	13.3559
700000.0003	15.2769
700000.0003	16.9174
700000.0003	18.2274
700000.0003	19.0038
700000.0003	19.5494
700000.0003	19.7116
700000.0003	19.6913
700000.0003	19.5262
700000.0003	19.3011
700000.0003	19.0772
700000.0003	18.7257
700000.0003	18.4579
700000.0003	18.2972
700000.0003	17.9408
700000.0003	17.7918
700000.0003	17.3842
700000.0003	17.1166
700000.0003	16.917
700000.0003	16.5247
700000.0003	16.3535
700000.0003	15.9329
700000.0003	15.6836
700000.0003	15.3997
700000.0003	15.0575
700000.0003	14.916
700000.0003	14.6259
700000.0003	14.4927
700000.0003	14.2402
700000.0003	14.029
700000.0003	13.8035
700000.0003	13.7644
700000.0003	13.5771
700000.0003	13.3825
700000.0003	13.3199
700000.0003	13.2463
700000.0003	13.087
700000.0003	12.9232
700000.0003	12.8607
700000.0003	12.7314
700000.0003	12.6335
700000.0003	12.6165
700000.0003	12.4702
700000.0003	12.3491
700000.0003	12.3086
700000.0003	12.2794
700000.0003	12.1512
700000.0003	12.056
700000.0003	12.037
700000.0003	12.0127
700000.0003	11.8198
700000.0003	11.8833
700000.0003	11.8825
700000.0003	11.8024
700000.0003	11.7292
700000.0003	11.6401
700000.0003	11.5985
700000.0003	11.5581
700000.0003	11.5531
700000.0003	11.4335
700000.0003	11.4454
700000.0003	11.3814
700000.0003	11.461
700000.0003	11.3249
700000.0003	11.3238
700000.0003	11.2795
700000.0003	11.167
700000.0003	11.2721
700000.0003	11.2208
700000.0003	11.1034
700000.0003	11.209
700000.0003	11.136
700000.0003	11.0889
700000.0003	11.0415
700000.0003	10.9873
700000.0003	11.05
700000.0003	11.0133
700000.0003	11.0684
700000.0003	10.926
700000.0003	10.929
700000.0003	10.9035
700000.0003	10.9111
700000.0003	10.9314
700000.0003	10.8881
700000.0003	10.8449
700000.0003	10.916
700000.0003	10.8544
700000.0003	10.8153
700000.0003	10.8186
700000.0003	10.7525
700000.0003	10.7853
700000.0003	10.7883
700000.0003	10.7206
700000.0003	10.8016
700000.0003	10.8239
700000.0003	10.7621
700000.0003	10.7239
700000.0003	10.6548
700000.0003	10.7364
700000.0003	10.7235
700000.0003	10.7786
700000.0003	10.711
700000.0003	10.7025
700000.0003	10.6306
700000.0003	10.6307
700000.0003	10.6984
700000.0003	10.6682
700000.0003	10.6462
700000.0003	10.6825
700000.0003	10.6891
700000.0003	10.6941
700000.0003	10.6598
700000.0003	10.6124
700000.0003	10.6588
700000.0003	10.7101
700000.0003	10.6581
700000.0003	10.6802
700000.0003	10.6497
700000.0003	10.6861
700000.0003	10.6586
700000.0003	10.5968
700000.0003	10.6456
700000.0003	10.6592
700000.0003	10.6646
700000.0003	10.5449
700000.0003	10.6505
700000.0003	10.6631
700000.0003	10.5397
700000.0003	10.6096
700000.0003	10.5785
700000.0003	10.5059
700000.0003	10.5645
700000.0003	10.4357
700000.0003	10.4379
700000.0003	10.4504
700000.0003	10.3875
700000.0003	10.3402
700000.0003	10.3821
700000.0003	10.3075
700000.0003	10.3636
700000.0003	10.2414
700000.0003	10.2075
700000.0003	10.1866
700000.0003	10.1028
700000.0003	10.0907
700000.0003	10.0351
700000.0003	10.0045
700000.0003	9.96283
700000.0003	9.83159
700000.0003	9.90305
700000.0003	9.7989
700000.0003	9.71191
700000.0003	9.63651
700000.0003	9.69743
700000.0003	9.60817
700000.0003	9.53864
700000.0003	9.46027
700000.0003	9.36612
700000.0003	9.33465
700000.0003	9.17747
700000.0003	9.16582
700000.0003	9.0704
700000.0003	9.07504
700000.0003	8.98597
700000.0003	8.91336
700000.0003	8.85908
700000.0003	8.70848
700000.0003	8.71246
700000.0003	8.58236
700000.0003	8.5817
700000.0003	8.45459
700000.0003	8.3885
700000.0003	8.2883
700000.0003	8.26794
700000.0003	8.16643
700000.0003	8.11723
700000.0003	8.00668
700000.0003	7.96008
700000.0003	7.84656
700000.0003	7.75232
700000.0003	7.72477
700000.0003	7.58782
700000.0003	7.58399
700000.0003	7.47197
700000.0003	7.39511
700000.0003	7.29882
700000.0003	7.24712
700000.0003	7.13918
700000.0003	7.07034
700000.0003	6.96969
700000.0003	6.92567
700000.0003	6.83488
700000.0003	6.74209
700000.0003	6.69309
700000.0003	6.61107
700000.0003	6.51753
700000.0003	6.49174
700000.0003	6.38205
700000.0003	6.32674
700000.0003	6.26227
700000.0003	6.18422
700000.0003	6.13248
700000.0003	6.08162
700000.0003	6.03691
700000.0003	5.95629
700000.0003	5.90208
700000.0003	5.85615
700000.0003	5.82969
700000.0003	5.78811
700000.0003	5.74367
700000.0003	5.71671
700000.0003	5.69094
700000.0003	5.6218
700000.0003	5.62001
700000.0003	5.56973
700000.0003	5.53081
700000.0003	5.49762
700000.0003	5.45116
700000.0003	5.38036
700000.0003	5.30036
700000.0003	5.23039
700000.0003	5.11552
700000.0003	4.99213
700000.0003	4.824
700000.0003	4.6592
700000.0003	4.47668
700000.0003	4.26826
700000.0003	4.0263
700000.0003	3.79307
700000.0003	3.54275
700000.0003	3.29041
700000.0003	3.03707
700000.0003	2.79531
700000.0003	2.55267
700000.0003	2.33506
700000.0003	2.1262
700000.0003	1.93341
700000.0003	1.74869
700000.0003	1.57779
700000.0003	1.42258
700000.0003	1.28031
700000.0003	1.15241
700000.0003	1.03107
700000.0003	0.92292
700000.0003	0.824853
700000.0003	0.7332
700000.0003	0.650194
700000.0003	0.573546
700000.0003	0.505582
700000.0003	0.443717
700000.0003	0.388398
700000.0003	0.339437
700000.0003	0.295229
700000.0003	0.256372
700000.0003	0.220126
700000.0003	0.187519
700000.0003	0.160545
700000.0003	0.137122
700000.0003	0.115714
700000.0003	0.0978534
700000.0003	0.0828325
700000.0003	0.0689437
700000.0003	0.0580647
700000.0003	0.0485888
700000.0003	0.0404367
700000.0003	0.0341104
700000.0003	0.0284711
700000.0003	0.0241176
700000.0003	0.0202596
700000.0003	0.017049
700000.0003	0.0143637
700000.0003	0.0126439
700000.0003	0.0108693
700000.0003	0.00948953
700000.0003	0.00843962
700000.0003	0.00744838
700000.0003	0.0067337
700000.0003	0.00618675
700000.0003	0.00584432
700000.0003	0.00544547
700000.0003	0.00522176
700000.0003	0.00508453
700000.0003	0.00494971
700000.0003	0.00494887
700000.0003	0.00486987
700000.0003	0.00471416
700000.0003	0.00472242
700000.0003	0.00460623
700000.0003	0.00460963
700000.0003	0.00449446
700000.0003	0.00442974
700000.0003	0.00446542
700000.0003	0.00442067
700000.0003	0.004409
700000.0003	0.00436269
700000.0003	0.00431867
700000.0003	0.00430461
700000.0003	0.00425787
700000.0003	0.00421089
700000.0003	0.00421276
700000.0003	0.00420737
700000.0003	0.00418825
700000.0003	0.00420591
700000.0003	0.00421642
700000.0003	0.00414476
700000.0003	0.00414115
700000.0003	0.00415819
700000.0003	0.00418647
700000.0003	0.00413282
700000.0003	0.00414509
700000.0003	0.00411624
700000.0003	0.00411516
700000.0003	0.00413722
700000.0003	0.00409389
700000.0003	0.00412341
700000.0003	0.00410109
700000.0003	0.004089
700000.0003	0.00410517
700000.0003	0.00408942
700000.0003	0.00411003
700000.0003	0.00406305
700000.0003	0.0040855
700000.0003	0.0041521
700000.0003	0.00410244
700000.0003	0.00409157
700000.0003	0.00413477
700000.0003	0.00412399
700000.0003	0.00412323
700000.0003	0.0041933
700000.0003	0.00411639
700000.0003	0.00414438
700000.0003	0.00414793
700000.0003	0.00412851
700000.0003	0.00414372
700000.0003	0.0041668
700000.0003	0.0041679
700000.0003	0.00418273
700000.0003	0.00423605
700000.0003	0.00425232
700000.0003	0.00428926
700000.0003	0.00430928
700000.0003	0.00430805
700000.0003	0.0043237
700000.0003	0.00432975
700000.0003	0.00438254
700000.0003	0.00438462
700000.0003	0.0044595
700000.0003	0.00444178
700000.0003	0.00451153
700000.0003	0.00453725
700000.0003	0.00454699
700000.0003	0.00462632
700000.0003	0.00463762
700000.0003	0.00472164
700000.0003	0.00481902
700000.0003	0.00486322
700000.0003	0.0048608
700000.0003	0.00499767
700000.0003	0.00509049
700000.0003	0.00509902
700000.0003	0.0052015
700000.0003	0.00551437
700000.0003	0.00552534
700000.0003	0.00576105
700000.0003	0.00585719
700000.0003	0.00615648
700000.0003	0.00630146
700000.0003	0.00656686
700000.0003	0.00678805
700000.0003	0.00707943
700000.0003	0.00775251
700000.0003	0.00803851
700000.0003	0.00868746
700000.0003	0.00920643
700000.0003	0.00995653
700000.0003	0.0107563
700000.0003	0.0113754
700000.0003	0.0125836
700000.0003	0.0141387
700000.0003	0.0151406
700000.0003	0.0164804
