700000.0003	0.0259342
700000.0003	0.0354099
700000.0003	0.053307
700000.0003	0.0805589
700000.0003	0.125087
700000.0003	0.18929
700000.0003	0.279673
700000.0003	0.397453
700000.0003	0.553043
700000.0003	0.743356
700000.0003	0.984855
700000.0003	1.27519
700000.0003	1.60297
700000.0003	1.98878
700000.0003	2.40686
700000.0003	2.87135
700000.0003	3.34332
700000.0003	3.81512
700000.0003	4.29116
700000.0003	4.75848
700000.0003	5.19931
700000.0003	5.65683
700000.0003	6.0617
700000.0003	6.49702
700000.0003	6.80998
700000.0003	7.22223
700000.0003	7.5819
700000.0003	7.9103
700000.0003	8.23241
700000.0003	8.54805
700000.0003	8.8134
700000.0003	9.12413
700000.0003	9.37549
700000.0003	9.55003
700000.0003	9.7796
700000.0003	9.89401
700000.0003	10.0502
700000.0003	10.1659
700000.0003	10.2397
700000.0003	10.3044
700000.0003	10.2274
700000.0003	10.3019
700000.0003	10.2564
700000.0003	10.2733
700000.0003	10.2995
700000.0003	10.2616
700000.0003	10.2361
700000.0003	10.2604
700000.0003	10.321
700000.0003	10.2587
700000.0003	10.1947
700000.0003	10.2934
700000.0003	10.3198
700000.0003	10.2762
700000.0003	10.3477
700000.0003	10.2479
700000.0003	10.2416
700000.0003	10.3414
700000.0003	10.3137
700000.0003	10.339
700000.0003	10.3318
700000.0003	10.2998
700000.0003	10.3763
700000.0003	10.3089
700000.0003	10.3849
700000.0003	10.3551
700000.0003	10.3162
700000.0003	10.2679
700000.0003	10.3188
700000.0003	10.4106
700000.0003	10.2209
700000.0003	10.357
700000.0003	10.355
700000.0003	10.3996
700000.0003	10.29
700000.0003	10.3617
700000.0003	10.3115
700000.0003	10.3221
700000.0003	10.2857
700000.0003	10.3327
700000.0003	10.3491
700000.0003	10.4324
700000.0003	10.4073
700000.0003	10.3417
700000.0003	10.4075
700000.0003	10.3909
700000.0003	10.4274
700000.0003	10.4363
700000.0003	10.3585
700000.0003	10.3982
700000.0003	10.3714
700000.0003	10.4011
700000.0003	10.4119
700000.0003	10.3684
700000.0003	10.3748
700000.0003	10.4387
700000.0003	10.3932
700000.0003	10.3487
700000.0003	10.3824
700000.0003	10.4049
700000.0003	10.3499
700000.0003	10.4543
700000.0003	10.4136
700000.0003	10.4086
700000.0003	10.4292
700000.0003	10.4169
700000.0003	10.3848
700000.0003	10.4426
700000.0003	10.3906
700000.0003	10.4211
700000.0003	10.3639
700000.0003	10.4526
700000.0003	10.3447
700000.0003	10.4758
700000.0003	10.4159
700000.0003	10.433
700000.0003	10.3835
700000.0003	10.4359
700000.0003	10.4171
700000.0003	10.4199
700000.0003	10.4546
700000.0003	10.3933
700000.0003	10.4301
700000.0003	10.5152
700000.0003	10.4023
700000.0003	10.4604
700000.0003	10.4702
700000.0003	10.4883
700000.0003	10.4915
700000.0003	10.4092
700000.0003	10.3214
700000.0003	10.4695
700000.0003	10.4469
700000.0003	10.4252
700000.0003	10.3907
700000.0003	10.401
700000.0003	10.503
700000.0003	10.5356
700000.0003	10.4429
700000.0003	10.4995
700000.0003	10.4128
700000.0003	10.4659
700000.0003	10.4836
700000.0003	10.5086
700000.0003	10.4189
700000.0003	10.4523
700000.0003	10.3795
700000.0003	10.42
700000.0003	10.4102
700000.0003	10.3738
700000.0003	10.351
700000.0003	10.3537
700000.0003	10.2896
700000.0003	10.2623
700000.0003	10.1887
700000.0003	10.2621
700000.0003	10.2289
700000.0003	10.1855
700000.0003	10.1306
700000.0003	10.1424
700000.0003	10.117
700000.0003	9.97549
700000.0003	9.9337
700000.0003	9.90923
700000.0003	9.91542
700000.0003	9.85022
700000.0003	9.78948
700000.0003	9.74487
700000.0003	9.6765
700000.0003	9.61518
700000.0003	9.55339
700000.0003	9.527
700000.0003	9.40108
700000.0003	9.42199
700000.0003	9.32259
700000.0003	9.2457
700000.0003	9.20441
700000.0003	9.07854
700000.0003	9.07284
700000.0003	8.97514
700000.0003	8.99483
700000.0003	8.79466
700000.0003	8.75962
700000.0003	8.72732
700000.0003	8.69507
700000.0003	8.54068
700000.0003	8.49834
700000.0003	8.36596
700000.0003	8.31356
700000.0003	8.23595
700000.0003	8.15361
700000.0003	8.08691
700000.0003	7.9777
700000.0003	7.89361
700000.0003	7.85045
700000.0003	7.7136
700000.0003	7.66708
700000.0003	7.57159
700000.0003	7.50254
700000.0003	7.40712
700000.0003	7.32005
700000.0003	7.20817
700000.0003	7.16324
700000.0003	7.01406
700000.0003	6.99522
700000.0003	6.84802
700000.0003	6.76884
700000.0003	6.67132
700000.0003	6.56468
700000.0003	6.45821
700000.0003	6.39772
700000.0003	6.31211
700000.0003	6.2207
700000.0003	6.09578
700000.0003	6.04639
700000.0003	5.91363
700000.0003	5.82368
700000.0003	5.73238
700000.0003	5.62643
700000.0003	5.57717
700000.0003	5.47126
700000.0003	5.33517
700000.0003	5.2498
700000.0003	5.15637
700000.0003	5.04426
700000.0003	4.96578
700000.0003	4.86786
700000.0003	4.77168
700000.0003	4.6713
700000.0003	4.57618
700000.0003	4.48313
700000.0003	4.38409
700000.0003	4.29423
700000.0003	4.17814
700000.0003	4.08821
700000.0003	3.95874
700000.0003	3.87412
700000.0003	3.76913
700000.0003	3.65482
700000.0003	3.55157
700000.0003	3.4555
700000.0003	3.33465
700000.0003	3.20711
700000.0003	3.10719
700000.0003	2.99046
700000.0003	2.85775
700000.0003	2.73061
700000.0003	2.61103
700000.0003	2.47235
700000.0003	2.33455
700000.0003	2.19196
700000.0003	2.06569
700000.0003	1.93736
700000.0003	1.80086
700000.0003	1.66344
700000.0003	1.53985
700000.0003	1.41936
700000.0003	1.30153
700000.0003	1.18627
700000.0003	1.07782
700000.0003	0.977401
700000.0003	0.886112
700000.0003	0.796932
700000.0003	0.709501
700000.0003	0.634787
700000.0003	0.565157
700000.0003	0.49909
700000.0003	0.440033
700000.0003	0.384047
700000.0003	0.335832
700000.0003	0.292951
700000.0003	0.251955
700000.0003	0.217781
700000.0003	0.186126
700000.0003	0.158127
700000.0003	0.135186
700000.0003	0.114567
700000.0003	0.0964761
700000.0003	0.08161
700000.0003	0.0688239
700000.0003	0.0579071
700000.0003	0.0488557
700000.0003	0.0407407
700000.0003	0.0347203
700000.0003	0.029342
700000.0003	0.0247879
700000.0003	0.0208696
700000.0003	0.0179037
700000.0003	0.0155684
700000.0003	0.0136174
700000.0003	0.0116981
700000.0003	0.0103046
700000.0003	0.00904922
700000.0003	0.00823544
700000.0003	0.00737871
700000.0003	0.0067135
700000.0003	0.00626495
700000.0003	0.00582158
700000.0003	0.00557621
700000.0003	0.0053738
700000.0003	0.00526612
700000.0003	0.00506696
700000.0003	0.00514882
700000.0003	0.00497413
700000.0003	0.00483675
700000.0003	0.00485622
700000.0003	0.00472261
700000.0003	0.00475166
700000.0003	0.00470616
700000.0003	0.00460366
700000.0003	0.00454757
700000.0003	0.00452845
700000.0003	0.00451106
700000.0003	0.00449011
700000.0003	0.00437443
700000.0003	0.00433263
700000.0003	0.00440029
700000.0003	0.00430865
700000.0003	0.00432637
700000.0003	0.00425015
700000.0003	0.00426248
700000.0003	0.00420687
700000.0003	0.0042177
700000.0003	0.00421622
700000.0003	0.00420092
700000.0003	0.00421699
700000.0003	0.00418014
700000.0003	0.00419184
700000.0003	0.00418899
700000.0003	0.00413623
700000.0003	0.00414637
700000.0003	0.00416392
700000.0003	0.0041155
700000.0003	0.00411992
700000.0003	0.00416347
700000.0003	0.00414149
700000.0003	0.00407725
700000.0003	0.00409729
700000.0003	0.00409684
700000.0003	0.00412197
700000.0003	0.00415996
700000.0003	0.00411959
700000.0003	0.00413133
700000.0003	0.00411307
700000.0003	0.0041689
700000.0003	0.00418402
700000.0003	0.0041049
700000.0003	0.00418944
700000.0003	0.00417402
700000.0003	0.00410437
700000.0003	0.00420314
700000.0003	0.0042093
700000.0003	0.00423079
700000.0003	0.00425318
700000.0003	0.00423816
700000.0003	0.00436899
700000.0003	0.00427789
700000.0003	0.00436919
700000.0003	0.00429236
700000.0003	0.00438429
700000.0003	0.00435589
700000.0003	0.00444043
700000.0003	0.00441517
700000.0003	0.00446036
700000.0003	0.0044787
700000.0003	0.00447406
700000.0003	0.00453322
700000.0003	0.0046119
700000.0003	0.0046117
700000.0003	0.00466745
700000.0003	0.00478762
700000.0003	0.00481651
700000.0003	0.00488477
700000.0003	0.00494484
700000.0003	0.00497621
700000.0003	0.00505772
700000.0003	0.00515514
700000.0003	0.00519095
700000.0003	0.00533045
700000.0003	0.00538767
700000.0003	0.00558079
700000.0003	0.00564338
700000.0003	0.00582114
700000.0003	0.00616193
700000.0003	0.00614076
700000.0003	0.00650487
700000.0003	0.00667252
700000.0003	0.00680811
700000.0003	0.00725854
700000.0003	0.00747796
700000.0003	0.00809269
700000.0003	0.00854394
700000.0003	0.00911796
700000.0003	0.00974016
700000.0003	0.0106876
700000.0003	0.0120285
700000.0003	0.0133927
700000.0003	0.0153808
700000.0003	0.0179433
700000.0003	0.021375
700000.0003	-1.27155e-05
700000.0003	-3.82689e-05
700000.0003	0.000302141
700000.0003	0.000270915
700000.0003	0.000114607
700000.0003	0.000660339
700000.0003	-0.0014302
700000.0003	-0.000314662
700000.0003	0.000891929
700000.0003	0.00100902
700000.0003	0.00596162
700000.0003	-0.00382318
700000.0003	0.00841619
700000.0003	0.00175134
700000.0003	-0.00742379
700000.0003	-0.00996083
700000.0003	-0.00871956
700000.0003	0.0101783
700000.0003	-0.0172162
700000.0003	0.0170235
700000.0003	-0.00432049
700000.0003	-0.00111136
700000.0003	-0.0166095
700000.0003	-0.0146904
700000.0003	0.0289488
700000.0003	-0.0226532
700000.0003	0.00114546
700000.0003	0.0202396
700000.0003	-0.0318566
700000.0003	-0.0204525
700000.0003	0.0210023
700000.0003	0.0297372
700000.0003	-0.0158634
700000.0003	-0.0793694
700000.0003	-0.00875997
700000.0003	0.0153078
700000.0003	-0.0611416
700000.0003	0.0124452
700000.0003	0.0140798
700000.0003	0.0165555
700000.0003	0.0533248
700000.0003	-0.00604394
700000.0003	0.0136799
700000.0003	-0.00978495
700000.0003	0.00614877
700000.0003	-0.022773
700000.0003	-0.00455731
700000.0003	-0.024443
700000.0003	0.0465277
700000.0003	-0.000239507
700000.0003	0.00970497
700000.0003	-0.0187357
700000.0003	-0.051513
700000.0003	0.0393303
700000.0003	0.0131982
700000.0003	0.0206141
700000.0003	-0.051495
700000.0003	0.00285299
700000.0003	0.0195435
700000.0003	-0.0138048
700000.0003	0.0370727
700000.0003	-0.0328731
700000.0003	0.00309464
700000.0003	0.00818533
700000.0003	-0.0145484
700000.0003	0.0231083
700000.0003	-0.0222442
700000.0003	-0.0156234
700000.0003	0.00179487
700000.0003	-0.00930462
700000.0003	-0.00556082
700000.0003	0.0198954
700000.0003	0.00462389
700000.0003	-0.0010717
700000.0003	-0.0257696
700000.0003	0.0310736
700000.0003	-0.0258197
700000.0003	-0.0243007
700000.0003	-0.00748291
700000.0003	-0.0258299
700000.0003	-0.0406129
700000.0003	-0.0356982
700000.0003	-0.0115066
700000.0003	-0.0140382
700000.0003	-0.0294642
700000.0003	0.0209177
700000.0003	0.0304152
700000.0003	0.00543684
700000.0003	0.0248925
700000.0003	0.023293
700000.0003	-0.00403289
700000.0003	0.00266721
700000.0003	0.0647585
700000.0003	0.0170997
700000.0003	0.0372268
700000.0003	-0.00103352
700000.0003	-0.00273787
700000.0003	0.0237378
700000.0003	0.0126115
700000.0003	0.00930876
700000.0003	0.05964
700000.0003	0.0101161
700000.0003	0.0202018
700000.0003	0.0431059
700000.0003	0.016154
700000.0003	-0.00327286
700000.0003	-0.00280823
700000.0003	-0.00740772
700000.0003	-0.0209303
700000.0003	0.0127302
700000.0003	-0.0184821
700000.0003	0.0230533
700000.0003	0.0785776
700000.0003	0.0408153
700000.0003	-0.0363266
700000.0003	-0.00245251
700000.0003	0.0523027
700000.0003	-0.00738764
700000.0003	-0.0162789
700000.0003	0.0330126
700000.0003	-0.0207351
700000.0003	-0.014726
700000.0003	-0.0162497
700000.0003	-0.0251914
700000.0003	-0.0195568
700000.0003	-0.0188441
700000.0003	0.00467849
700000.0003	0.0255266
700000.0003	-0.011811
700000.0003	-0.0159498
700000.0003	0.0305031
700000.0003	0.018059
700000.0003	0.00700006
700000.0003	-0.022392
700000.0003	-0.017029
700000.0003	0.0535523
700000.0003	-0.0266349
700000.0003	0.00646327
700000.0003	-0.0168382
700000.0003	-0.0146231
700000.0003	-0.00788088
700000.0003	0.0256479
700000.0003	0.0724214
700000.0003	0.0139738
700000.0003	0.0108233
700000.0003	0.026102
700000.0003	-0.000950693
700000.0003	-0.0555259
700000.0003	-0.00996843
700000.0003	0.0293653
700000.0003	-0.00591518
700000.0003	-0.0447778
700000.0003	0.0273642
700000.0003	-0.0072192
700000.0003	-0.0183092
700000.0003	0.0138059
700000.0003	-0.00138154
700000.0003	-0.0292718
700000.0003	0.0203074
700000.0003	0.0232356
700000.0003	0.0153827
700000.0003	0.00794147
700000.0003	-0.0229994
700000.0003	-0.0154499
700000.0003	0.01354
700000.0003	-0.012512
700000.0003	0.00995334
700000.0003	-0.00975466
700000.0003	0.0246912
700000.0003	-0.028604
700000.0003	-0.010161
700000.0003	0.00196037
700000.0003	-0.0196279
700000.0003	-0.00345026
700000.0003	0.0133542
700000.0003	0.00481277
700000.0003	0.032217
700000.0003	0.0192236
700000.0003	0.0248832
700000.0003	0.0210243
700000.0003	-0.0060061
700000.0003	-0.0233163
700000.0003	0.0253041
700000.0003	0.0034022
700000.0003	-0.00872643
700000.0003	-0.0053247
700000.0003	0.0124737
700000.0003	0.0237539
700000.0003	0.0193541
700000.0003	-0.0193572
700000.0003	0.00885202
700000.0003	-0.0112529
700000.0003	-0.0109355
700000.0003	-0.0156706
700000.0003	-0.0390344
700000.0003	0.0261792
700000.0003	-0.0254865
700000.0003	0.00125731
700000.0003	0.00526761
700000.0003	0.016567
700000.0003	-0.0088852
700000.0003	0.0213899
700000.0003	0.0190878
700000.0003	0.0081169
700000.0003	-0.0140984
700000.0003	0.000274275
700000.0003	0.0165455
700000.0003	-5.37803e-05
700000.0003	-0.0149964
700000.0003	0.0141938
700000.0003	-0.00841756
700000.0003	0.00838599
700000.0003	0.00482485
700000.0003	0.0203177
700000.0003	-0.00658815
700000.0003	0.00567291
700000.0003	-0.00277127
700000.0003	-0.00791952
700000.0003	0.00234197
700000.0003	-0.000608102
700000.0003	-0.0108234
700000.0003	-0.00254275
700000.0003	0.0158453
700000.0003	0.00668006
700000.0003	-0.000794998
700000.0003	0.00116558
700000.0003	0.0101761
700000.0003	-0.00463127
700000.0003	-0.000440708
700000.0003	0.00896291
700000.0003	0.00196814
700000.0003	0.00132267
700000.0003	0.0151951
700000.0003	-0.00523209
700000.0003	-0.00047753
700000.0003	-0.00618675
700000.0003	0.000662216
700000.0003	-0.0128047
700000.0003	0.00031451
700000.0003	0.0033887
700000.0003	-0.00501832
700000.0003	-0.00918504
700000.0003	-0.00311946
700000.0003	0.00790574
700000.0003	-0.00292264
700000.0003	-0.0047913
700000.0003	0.000919035
700000.0003	-0.00218049
700000.0003	0.00438143
700000.0003	0.000888822
700000.0003	-0.00362077
700000.0003	0.00262808
700000.0003	-0.00206555
700000.0003	-0.00273147
700000.0003	-0.000601431
700000.0003	0.00079939
700000.0003	0.00246459
700000.0003	0.00296575
700000.0003	0.00320888
700000.0003	-0.0010445
700000.0003	-0.000628457
700000.0003	-0.00240502
700000.0003	0.000938073
700000.0003	-0.000432247
700000.0003	0.000401683
700000.0003	0.00159319
700000.0003	-8.07256e-05
700000.0003	-0.000613611
700000.0003	-0.00092956
700000.0003	0.0004515
700000.0003	0.00194423
700000.0003	0.00111202
700000.0003	0.000488548
700000.0003	-4.78728e-06
700000.0003	-0.000913727
700000.0003	0.000189295
700000.0003	-0.000259804
700000.0003	-0.000329923
700000.0003	0.000132339
700000.0003	0.000168264
700000.0003	-0.000432424
700000.0003	4.3382e-05
700000.0003	0.000232607
700000.0003	-0.000158349
700000.0003	5.64536e-05
700000.0003	1.34294e-05
700000.0003	-0.000161401
700000.0003	2.04934e-06
700000.0003	-6.96327e-05
700000.0003	-2.33933e-05
700000.0003	4.15281e-05
700000.0003	0.000133686
700000.0003	2.78353e-05
700000.0003	0.000107684
700000.0003	-8.59866e-05
700000.0003	-8.91993e-05
700000.0003	5.94874e-05
700000.0003	-2.28428e-05
700000.0003	-1.5215e-05
700000.0003	1.90182e-06
700000.0003	3.09613e-05
700000.0003	-3.77478e-05
700000.0003	6.11042e-05
700000.0003	-0.00011148
700000.0003	-1.88272e-05
700000.0003	1.2204e-05
700000.0003	3.06261e-05
700000.0003	5.95727e-06
700000.0003	-1.74029e-05
700000.0003	-1.98967e-05
700000.0003	-1.04328e-05
700000.0003	-1.67112e-05
700000.0003	2.01458e-05
700000.0003	2.55247e-05
700000.0003	-1.68586e-05
700000.0003	-2.32452e-05
700000.0003	-7.58625e-06
700000.0003	-4.93264e-06
700000.0003	2.51619e-05
700000.0003	3.08627e-05
700000.0003	-3.54621e-05
700000.0003	-3.113e-05
700000.0003	-1.09145e-05
700000.0003	5.23364e-05
700000.0003	-2.54681e-05
700000.0003	5.33055e-05
700000.0003	1.42566e-05
700000.0003	-1.6046e-05
700000.0003	1.7488e-05
700000.0003	1.74106e-05
700000.0003	5.22515e-05
700000.0003	2.72288e-05
700000.0003	-5.02657e-05
700000.0003	-4.97919e-05
700000.0003	2.32752e-05
700000.0003	-9.54591e-07
700000.0003	5.53902e-07
700000.0003	8.32916e-06
700000.0003	-6.56007e-06
700000.0003	2.22791e-05
700000.0003	-3.34576e-05
700000.0003	-1.98547e-05
700000.0003	2.9909e-06
700000.0003	-1.63806e-05
700000.0003	-2.44419e-05
700000.0003	-1.61588e-05
700000.0003	-4.80136e-05
700000.0003	-1.64166e-05
700000.0003	-3.45134e-05
700000.0003	-3.57948e-05
700000.0003	-4.46241e-05
700000.0003	7.08089e-06
700000.0003	1.38197e-05
700000.0003	1.85875e-05
700000.0003	1.07526e-05
700000.0003	4.13365e-06
700000.0003	1.42289e-05
700000.0003	-2.58163e-05
700000.0003	1.56051e-05
700000.0003	5.70553e-05
700000.0003	1.56345e-05
700000.0003	-4.06452e-05
700000.0003	-2.79224e-06
700000.0003	3.4268e-05
700000.0003	-8.34996e-06
700000.0003	-3.27303e-05
700000.0003	-1.90907e-06
700000.0003	8.67468e-06
700000.0003	-6.88166e-06
700000.0003	-5.13132e-08
700000.0003	4.84346e-05
700000.0003	4.55782e-05
700000.0003	-3.14196e-05
700000.0003	-1.28748e-05
700000.0003	-4.12688e-05
700000.0003	2.18542e-05
700000.0003	-6.31254e-05
700000.0003	-2.39723e-05
700000.0003	-1.04007e-05
700000.0003	-1.93602e-05
700000.0003	-5.00642e-05
700000.0003	3.50824e-05
700000.0003	-2.67712e-05
700000.0003	-7.60145e-06
700000.0003	-9.40914e-06
700000.0003	1.42604e-05
700000.0003	-3.04077e-05
700000.0003	1.64599e-05
700000.0003	-0.000163899
700000.0003	2.23841e-05
700000.0003	-8.08045e-05
700000.0003	-9.97473e-05
700000.0003	9.70854e-05
700000.0003	-0.000142378
700000.0003	-5.10996e-05
700000.0003	-5.33001e-05
700000.0003	-0.000130186
700000.0003	-8.14828e-05
700000.0003	1.37303e-06
700000.0003	0.000275368
700000.0003	0.000174487
700000.0003	0.000211527
700000.0003	0.000252699
700000.0003	-0.00111209
700000.0003	-0.000469974
700000.0003	0.000108643
700000.0003	0.000914018
700000.0003	-0.00142178
700000.0003	-0.000403729
700000.0003	0.00143218
700000.0003	-0.00366874
700000.0003	0.00216372
700000.0003	-0.00426019
700000.0003	-0.0026314
700000.0003	0.00159967
700000.0003	-0.0115204
700000.0003	-0.0101656
700000.0003	0.00601433
700000.0003	0.00583063
700000.0003	0.0158058
700000.0003	0.00155758
700000.0003	0.0121846
700000.0003	-0.00798191
700000.0003	-0.013947
700000.0003	0.0198994
700000.0003	-0.00995253
700000.0003	-0.00984262
700000.0003	0.0121846
700000.0003	0.00745266
700000.0003	-0.0186514
700000.0003	-0.00378682
700000.0003	0.0349991
700000.0003	-0.0354375
700000.0003	-0.0677553
700000.0003	-0.0158052
700000.0003	0.00694601
700000.0003	-0.0646609
700000.0003	-0.00355831
700000.0003	0.00416019
700000.0003	0.0238009
700000.0003	0.05484
700000.0003	-0.0072063
700000.0003	0.00102486
700000.0003	-0.00162407
700000.0003	0.00882913
700000.0003	-0.0280271
700000.0003	-0.00855902
700000.0003	-0.0251624
700000.0003	0.0539139
700000.0003	0.00232219
700000.0003	-0.00346729
700000.0003	-0.0308064
700000.0003	-0.038501
700000.0003	0.0279435
700000.0003	0.0172077
700000.0003	0.0234138
700000.0003	-0.0329082
700000.0003	-0.00410134
700000.0003	0.00653292
700000.0003	-0.0131926
700000.0003	0.034969
700000.0003	-0.0428847
700000.0003	-0.0147388
700000.0003	-0.004848
700000.0003	-0.0203672
700000.0003	0.0319727
700000.0003	-0.0219155
700000.0003	-0.0143224
700000.0003	-0.0119747
700000.0003	-0.00689603
700000.0003	-0.0101308
700000.0003	0.0304059
700000.0003	0.00248739
700000.0003	0.00444254
700000.0003	-0.0288078
700000.0003	0.0261358
700000.0003	-0.0334516
700000.0003	-0.0268428
700000.0003	0.00892589
700000.0003	-0.0279744
700000.0003	-0.0512087
700000.0003	-0.0292505
700000.0003	-0.0131636
700000.0003	-0.00626643
700000.0003	-0.0315634
700000.0003	0.0284211
700000.0003	0.0151349
700000.0003	0.0224581
700000.0003	0.0117356
700000.0003	0.0314321
700000.0003	0.0103104
700000.0003	-0.000795198
700000.0003	0.0708586
700000.0003	0.0144198
700000.0003	0.0451055
700000.0003	0.00839396
700000.0003	-0.0133474
700000.0003	0.00713473
700000.0003	0.0190394
700000.0003	0.0119113
700000.0003	0.0593461
700000.0003	0.0061429
700000.0003	0.0293298
700000.0003	0.0334279
700000.0003	0.0245193
700000.0003	-0.00326076
700000.0003	-0.0178691
700000.0003	-0.00463623
700000.0003	-0.0272435
700000.0003	0.0124243
700000.0003	-0.022359
700000.0003	0.0177176
700000.0003	0.0413872
700000.0003	0.0469259
700000.0003	-0.0357854
700000.0003	-0.0120963
700000.0003	0.0572416
700000.0003	-0.0145985
700000.0003	-0.0250839
700000.0003	0.031635
700000.0003	-0.0319356
700000.0003	-0.00812148
700000.0003	-0.0125283
700000.0003	-0.0249736
700000.0003	-0.0211651
700000.0003	-0.0218778
700000.0003	-0.00672468
700000.0003	0.0152646
700000.0003	-0.00307208
700000.0003	-0.0211741
700000.0003	0.0250395
700000.0003	0.00857049
700000.0003	0.00397914
700000.0003	-0.0203257
700000.0003	-0.0211257
700000.0003	0.0481855
700000.0003	-0.0173746
700000.0003	0.0132156
700000.0003	-0.0137575
700000.0003	-0.0179265
700000.0003	-0.0222511
700000.0003	0.0214085
700000.0003	0.0769812
700000.0003	0.00822255
700000.0003	-0.000894409
700000.0003	0.0336717
700000.0003	0.00654777
700000.0003	-0.0552693
700000.0003	-0.011375
700000.0003	0.0167943
700000.0003	-0.00509026
700000.0003	-0.0325584
700000.0003	0.00702382
700000.0003	-0.0249758
700000.0003	-0.0249159
700000.0003	0.00937404
700000.0003	0.00611191
700000.0003	-0.024667
700000.0003	0.0282011
700000.0003	0.00974478
700000.0003	0.0115037
700000.0003	0.00698956
700000.0003	-0.0196551
700000.0003	-0.021661
700000.0003	0.0196962
700000.0003	-0.0125562
700000.0003	-0.000758644
700000.0003	-0.000695507
700000.0003	0.0370181
700000.0003	-0.0284821
700000.0003	-0.0119256
700000.0003	-0.00458932
700000.0003	-0.0047711
700000.0003	-0.00695108
700000.0003	0.0162612
700000.0003	0.00755315
700000.0003	0.0262921
700000.0003	0.0294647
700000.0003	0.0135341
700000.0003	0.0172309
700000.0003	-0.0108367
700000.0003	-0.0215523
700000.0003	0.0198368
700000.0003	0.0162531
700000.0003	-0.00188552
700000.0003	-0.0145459
700000.0003	0.0157791
700000.0003	0.039329
700000.0003	0.0263473
700000.0003	-0.0307515
700000.0003	0.00205713
700000.0003	-0.0121999
700000.0003	-0.00868048
700000.0003	-0.0105294
700000.0003	-0.0392362
700000.0003	0.00339125
700000.0003	-0.0333416
700000.0003	-0.00697843
700000.0003	0.0044536
700000.0003	0.0233692
700000.0003	2.38561e-05
700000.0003	0.0117979
700000.0003	0.00892369
700000.0003	0.00214148
700000.0003	-0.00734346
700000.0003	0.00716933
700000.0003	0.00243671
700000.0003	-0.00501144
700000.0003	-0.0113066
700000.0003	0.0173172
700000.0003	-0.00874687
700000.0003	0.00506019
700000.0003	0.000845754
700000.0003	0.0191012
700000.0003	-0.00486314
700000.0003	0.00341032
700000.0003	-0.000374377
700000.0003	-0.00916457
700000.0003	0.0067903
700000.0003	-0.0080147
700000.0003	-0.00130942
700000.0003	-0.0127363
700000.0003	0.0173005
700000.0003	-0.00121068
700000.0003	-0.00369735
700000.0003	-0.00649888
700000.0003	0.0108363
700000.0003	-0.000616968
700000.0003	-0.00689757
700000.0003	0.00527229
700000.0003	-0.00404223
700000.0003	-0.00458375
700000.0003	0.0137073
700000.0003	-0.0113657
700000.0003	-9.43101e-05
700000.0003	-0.00801515
700000.0003	-0.00376418
700000.0003	-0.00119894
700000.0003	-0.0028679
700000.0003	0.000851555
700000.0003	-0.00273568
700000.0003	-0.00547464
700000.0003	-0.00202823
700000.0003	0.00542224
700000.0003	0.00645188
700000.0003	-0.00226444
700000.0003	-8.61841e-05
700000.0003	0.000525353
700000.0003	0.00419471
700000.0003	0.000100243
700000.0003	-0.00769615
700000.0003	0.000221063
700000.0003	-0.00103333
700000.0003	0.00129938
700000.0003	-4.2698e-05
700000.0003	-0.000927703
700000.0003	0.000371808
700000.0003	-0.000341021
700000.0003	-0.00029607
700000.0003	0.00067829
700000.0003	-0.00238695
700000.0003	-0.00182378
700000.0003	-0.0014055
700000.0003	0.000962579
700000.0003	0.00112201
700000.0003	0.000199742
700000.0003	-0.00118021
700000.0003	-0.00165679
700000.0003	0.000852589
700000.0003	0.000493947
700000.0003	-0.000145165
700000.0003	-0.000181295
700000.0003	-0.00118019
700000.0003	-0.00087452
700000.0003	0.000632899
700000.0003	0.000498076
700000.0003	6.18924e-05
700000.0003	-3.68922e-05
700000.0003	0.000169868
700000.0003	-3.21713e-05
700000.0003	-0.000122797
700000.0003	-3.17283e-05
700000.0003	-0.000470871
700000.0003	-0.000396742
700000.0003	0.000208822
700000.0003	-0.000178947
700000.0003	7.88893e-05
700000.0003	4.41223e-05
700000.0003	0.000181336
700000.0003	3.79026e-05
700000.0003	-0.000256332
700000.0003	-0.000105285
700000.0003	-9.82232e-05
700000.0003	1.31047e-05
700000.0003	-0.000110487
700000.0003	6.0527e-05
700000.0003	5.47593e-05
700000.0003	-1.2902e-05
700000.0003	-0.000113367
700000.0003	-6.4582e-06
700000.0003	5.22735e-05
700000.0003	-1.49334e-05
700000.0003	7.40352e-05
700000.0003	-5.14565e-05
700000.0003	1.66993e-05
700000.0003	-2.276e-05
700000.0003	-2.89083e-05
700000.0003	4.57419e-05
700000.0003	2.61723e-06
700000.0003	8.76955e-06
700000.0003	1.79349e-05
700000.0003	4.90271e-05
700000.0003	6.02499e-05
700000.0003	-2.43895e-05
700000.0003	-6.76433e-06
700000.0003	-8.55768e-06
700000.0003	-2.8792e-05
700000.0003	-1.97e-05
700000.0003	2.47644e-05
700000.0003	2.48378e-06
700000.0003	-4.11803e-05
700000.0003	4.46648e-05
700000.0003	-3.8521e-05
700000.0003	8.75908e-05
700000.0003	2.27254e-05
700000.0003	5.41521e-05
700000.0003	-2.16366e-05
700000.0003	7.46489e-05
700000.0003	-2.31925e-05
700000.0003	-3.55542e-05
700000.0003	-6.46431e-05
700000.0003	-2.1126e-06
700000.0003	4.73927e-06
700000.0003	2.84767e-05
700000.0003	-5.13203e-05
700000.0003	5.40764e-05
700000.0003	-3.98681e-05
700000.0003	3.01634e-05
700000.0003	-3.40969e-05
700000.0003	-9.88997e-06
700000.0003	4.79628e-05
700000.0003	-2.05874e-05
700000.0003	2.38816e-05
700000.0003	5.50668e-05
700000.0003	2.37395e-06
700000.0003	-2.63654e-05
700000.0003	-4.78165e-06
700000.0003	-5.19616e-05
700000.0003	-9.98879e-06
700000.0003	1.69417e-05
700000.0003	7.75925e-06
700000.0003	-4.10302e-05
700000.0003	-6.81809e-05
700000.0003	4.42756e-05
700000.0003	-5.71257e-05
700000.0003	6.09907e-05
700000.0003	4.55563e-05
700000.0003	4.57445e-06
700000.0003	7.09075e-05
700000.0003	-3.77153e-05
700000.0003	-5.48738e-05
700000.0003	-1.36109e-05
700000.0003	1.21024e-05
700000.0003	6.04859e-06
700000.0003	-1.24414e-05
700000.0003	4.80547e-05
700000.0003	-1.99494e-06
700000.0003	7.0898e-05
700000.0003	2.57508e-05
700000.0003	2.86614e-05
700000.0003	4.32844e-05
700000.0003	3.18195e-05
700000.0003	4.57705e-05
700000.0003	-1.19072e-05
700000.0003	-3.57937e-05
700000.0003	1.92614e-05
700000.0003	5.63888e-05
700000.0003	-1.6318e-05
700000.0003	-0.000144888
700000.0003	-0.000193185
700000.0003	-0.000115087
700000.0003	-5.29797e-05
700000.0003	0.000114052
700000.0003	-6.31153e-05
700000.0003	-9.19161e-05
700000.0003	4.68065e-05
700000.0003	1.79261e-05
700000.0003	-0.000118298
700000.0003	5.23617e-05
700000.0003	2.6647e-05
700000.0003	0.000164988
700000.0003	-6.07332e-05
700000.0003	0.000227826
700000.0003	9.24457e-05
700000.0003	0.000199505
700000.0003	9.68872e-05
700000.0003	9.717e-05
700000.0003	3.16445e-05
700000.0003	6.81268e-05
700000.0003	0.000430281
700000.0003	0.0181151
700000.0003	0.0239568
700000.0003	0.0367208
700000.0003	0.0603401
700000.0003	0.101069
700000.0003	0.167274
700000.0003	0.266856
700000.0003	0.411307
700000.0003	0.607537
700000.0003	0.876722
700000.0003	1.25163
700000.0003	1.76189
700000.0003	2.4478
700000.0003	3.33829
700000.0003	4.47474
700000.0003	5.8133
700000.0003	7.44139
700000.0003	9.29481
700000.0003	11.2848
700000.0003	13.3448
700000.0003	15.2907
700000.0003	16.9398
700000.0003	18.172
700000.0003	19.0614
700000.0003	19.5557
700000.0003	19.7287
700000.0003	19.6461
700000.0003	19.4944
700000.0003	19.3379
700000.0003	19.1159
700000.0003	18.7462
700000.0003	18.5623
700000.0003	18.2893
700000.0003	18.0171
700000.0003	17.7074
700000.0003	17.4773
700000.0003	17.1613
700000.0003	16.9434
700000.0003	16.6595
700000.0003	16.394
700000.0003	15.9896
700000.0003	15.7212
700000.0003	15.4109
700000.0003	15.1391
700000.0003	14.8568
700000.0003	14.6235
700000.0003	14.4656
700000.0003	14.2896
700000.0003	14.1011
700000.0003	13.856
700000.0003	13.696
700000.0003	13.5505
700000.0003	13.4839
700000.0003	13.2912
700000.0003	13.1324
700000.0003	13.0624
700000.0003	12.9186
700000.0003	12.8419
700000.0003	12.8237
700000.0003	12.6303
700000.0003	12.5682
700000.0003	12.4782
700000.0003	12.4532
700000.0003	12.3085
700000.0003	12.2949
700000.0003	12.1953
700000.0003	12.172
700000.0003	12.0069
700000.0003	12.0013
700000.0003	11.9902
700000.0003	11.8112
700000.0003	11.7445
700000.0003	11.7776
700000.0003	11.7069
700000.0003	11.6819
700000.0003	11.6463
700000.0003	11.4702
700000.0003	11.5689
700000.0003	11.4672
700000.0003	11.4361
700000.0003	11.5334
700000.0003	11.4854
700000.0003	11.2702
700000.0003	11.2878
700000.0003	11.3231
700000.0003	11.213
700000.0003	11.2825
700000.0003	11.2105
700000.0003	11.1948
700000.0003	11.1834
700000.0003	11.1203
700000.0003	11.1566
700000.0003	11.1005
700000.0003	11.1167
700000.0003	10.9698
700000.0003	10.8742
700000.0003	11.052
700000.0003	10.9119
700000.0003	10.9419
700000.0003	10.9236
700000.0003	10.867
700000.0003	10.8674
700000.0003	10.8815
700000.0003	10.8242
700000.0003	10.8068
700000.0003	10.7801
700000.0003	10.8269
700000.0003	10.8801
700000.0003	10.8125
700000.0003	10.822
700000.0003	10.7377
700000.0003	10.7956
700000.0003	10.7319
700000.0003	10.7586
700000.0003	10.7333
700000.0003	10.7619
700000.0003	10.6771
700000.0003	10.7648
700000.0003	10.7087
700000.0003	10.7577
700000.0003	10.6643
700000.0003	10.7234
700000.0003	10.7429
700000.0003	10.6111
700000.0003	10.6836
700000.0003	10.7743
700000.0003	10.6267
700000.0003	10.7292
700000.0003	10.7142
700000.0003	10.6679
700000.0003	10.6221
700000.0003	10.6781
700000.0003	10.6892
700000.0003	10.6302
700000.0003	10.6208
700000.0003	10.6664
700000.0003	10.6663
700000.0003	10.6847
700000.0003	10.6264
700000.0003	10.6888
700000.0003	10.5624
700000.0003	10.6438
700000.0003	10.7062
700000.0003	10.6347
700000.0003	10.6112
700000.0003	10.6364
700000.0003	10.6451
700000.0003	10.5483
700000.0003	10.5878
700000.0003	10.5072
700000.0003	10.4429
700000.0003	10.4413
700000.0003	10.4711
700000.0003	10.3865
700000.0003	10.4126
700000.0003	10.3913
700000.0003	10.3971
700000.0003	10.3608
700000.0003	10.2536
700000.0003	10.3388
700000.0003	10.2375
700000.0003	10.0955
700000.0003	10.1378
700000.0003	10.0124
700000.0003	10.063
700000.0003	9.95545
700000.0003	9.98809
700000.0003	9.88218
700000.0003	9.79038
700000.0003	9.76472
700000.0003	9.68091
700000.0003	9.67887
700000.0003	9.62639
700000.0003	9.55861
700000.0003	9.50973
700000.0003	9.43295
700000.0003	9.38525
700000.0003	9.31304
700000.0003	9.21734
700000.0003	9.17677
700000.0003	9.15055
700000.0003	8.97913
700000.0003	8.95375
700000.0003	8.93734
700000.0003	8.8081
700000.0003	8.72453
700000.0003	8.71882
700000.0003	8.60882
700000.0003	8.53068
700000.0003	8.53047
700000.0003	8.38687
700000.0003	8.34733
700000.0003	8.21513
700000.0003	8.1376
700000.0003	8.08661
700000.0003	8.01476
700000.0003	7.94828
700000.0003	7.83955
700000.0003	7.78808
700000.0003	7.72066
700000.0003	7.67894
700000.0003	7.5431
700000.0003	7.47475
700000.0003	7.37825
700000.0003	7.28949
700000.0003	7.23214
700000.0003	7.13529
700000.0003	7.06621
700000.0003	6.99469
700000.0003	6.86521
700000.0003	6.8516
700000.0003	6.81069
700000.0003	6.69979
700000.0003	6.60908
700000.0003	6.55918
700000.0003	6.4484
700000.0003	6.37538
700000.0003	6.33718
700000.0003	6.26867
700000.0003	6.19189
700000.0003	6.13745
700000.0003	6.07664
700000.0003	6.02114
700000.0003	5.95949
700000.0003	5.88471
700000.0003	5.89906
700000.0003	5.81623
700000.0003	5.77535
700000.0003	5.7218
700000.0003	5.69244
700000.0003	5.68466
700000.0003	5.64584
700000.0003	5.61072
700000.0003	5.57606
700000.0003	5.54092
700000.0003	5.49334
700000.0003	5.45385
700000.0003	5.38066
700000.0003	5.29107
700000.0003	5.22784
700000.0003	5.12413
700000.0003	4.98386
700000.0003	4.8408
700000.0003	4.66122
700000.0003	4.4807
700000.0003	4.25983
700000.0003	4.01982
700000.0003	3.77994
700000.0003	3.5529
700000.0003	3.28115
700000.0003	3.03082
700000.0003	2.79225
700000.0003	2.56261
700000.0003	2.34146
700000.0003	2.12281
700000.0003	1.9194
700000.0003	1.74599
700000.0003	1.58093
700000.0003	1.42326
700000.0003	1.28416
700000.0003	1.15524
700000.0003	1.03664
700000.0003	0.925417
700000.0003	0.826687
700000.0003	0.73332
700000.0003	0.650848
700000.0003	0.574153
700000.0003	0.507279
700000.0003	0.444432
700000.0003	0.388593
700000.0003	0.339947
700000.0003	0.293709
700000.0003	0.254086
700000.0003	0.219107
700000.0003	0.188062
700000.0003	0.160552
700000.0003	0.137172
700000.0003	0.115201
700000.0003	0.0978358
700000.0003	0.0823278
700000.0003	0.0691612
700000.0003	0.0577427
700000.0003	0.0483818
700000.0003	0.0403714
700000.0003	0.0335972
700000.0003	0.0283705
700000.0003	0.0237275
700000.0003	0.0200863
700000.0003	0.0170314
700000.0003	0.0142721
700000.0003	0.0126184
700000.0003	0.0107872
700000.0003	0.0094343
700000.0003	0.00841852
700000.0003	0.00740999
700000.0003	0.006825
700000.0003	0.00618266
700000.0003	0.00572891
700000.0003	0.00550068
700000.0003	0.00528987
700000.0003	0.00513526
700000.0003	0.00502963
700000.0003	0.00487597
700000.0003	0.00478992
700000.0003	0.00481863
700000.0003	0.00465736
700000.0003	0.00457458
700000.0003	0.00458586
700000.0003	0.00452892
700000.0003	0.00445089
700000.0003	0.00444241
700000.0003	0.00433343
700000.0003	0.00433487
700000.0003	0.00437468
700000.0003	0.00432924
700000.0003	0.00424188
700000.0003	0.00430099
700000.0003	0.00424927
700000.0003	0.00422241
700000.0003	0.00419384
700000.0003	0.00414503
700000.0003	0.00424462
700000.0003	0.00419955
700000.0003	0.00416029
700000.0003	0.00417487
700000.0003	0.00413372
700000.0003	0.00415624
700000.0003	0.00415034
700000.0003	0.00413232
700000.0003	0.00414894
700000.0003	0.00413297
700000.0003	0.00410256
700000.0003	0.00409963
700000.0003	0.00412395
700000.0003	0.00406963
700000.0003	0.00411138
700000.0003	0.00410252
700000.0003	0.00412035
700000.0003	0.00408835
700000.0003	0.00411738
700000.0003	0.00410311
700000.0003	0.00412847
700000.0003	0.00413883
700000.0003	0.00410257
700000.0003	0.00410285
700000.0003	0.00410451
700000.0003	0.00412012
700000.0003	0.00412928
700000.0003	0.0041628
700000.0003	0.00412628
700000.0003	0.00412511
700000.0003	0.0041667
700000.0003	0.00420587
700000.0003	0.00420266
700000.0003	0.00423991
700000.0003	0.00422522
700000.0003	0.00425174
700000.0003	0.00424866
700000.0003	0.00426987
700000.0003	0.00426988
700000.0003	0.00428835
700000.0003	0.00429935
700000.0003	0.00431475
700000.0003	0.0043784
700000.0003	0.00435685
700000.0003	0.00445342
700000.0003	0.00437918
700000.0003	0.00449114
700000.0003	0.00446314
700000.0003	0.00452592
700000.0003	0.00454816
700000.0003	0.00465553
700000.0003	0.00470647
700000.0003	0.00474419
700000.0003	0.004809
700000.0003	0.00492283
700000.0003	0.00493715
700000.0003	0.00500766
700000.0003	0.00511816
700000.0003	0.00521241
700000.0003	0.00533622
700000.0003	0.00553595
700000.0003	0.00584017
700000.0003	0.00591252
700000.0003	0.00602548
700000.0003	0.00624253
700000.0003	0.00661889
700000.0003	0.00704105
700000.0003	0.0074271
700000.0003	0.00771231
700000.0003	0.00808178
700000.0003	0.00876717
700000.0003	0.00920373
700000.0003	0.0100559
700000.0003	0.01074
700000.0003	0.0117484
700000.0003	0.0127424
700000.0003	0.0139213
700000.0003	0.0150263
700000.0003	0.0164883
