700000.0003	28.8821
700000.0003	101.597
700000.0003	201.753
700000.0003	343.596
700000.0003	529.68
700000.0003	768.948
700000.0003	1082.18
700000.0003	1427.73
700000.0003	1827.91
700000.0003	2286.45
700000.0003	2798.21
700000.0003	3315.12
700000.0003	3880.04
700000.0003	4436.2
700000.0003	5010.9
700000.0003	5531.47
700000.0003	6005.12
700000.0003	6383.14
700000.0003	6684.6
700000.0003	6901.51
700000.0003	7020.65
700000.0003	7113.1
700000.0003	7085.51
700000.0003	7058.27
700000.0003	6931.77
700000.0003	6811.92
700000.0003	6579.91
700000.0003	6372.69
700000.0003	6032.37
700000.0003	5742.16
700000.0003	5352.16
700000.0003	4954.06
700000.0003	4557.06
700000.0003	4070.69
700000.0003	3523.19
700000.0003	2957.46
700000.0003	2380.1
700000.0003	1743.21
700000.0003	1064.36
700000.0003	368.259
700000.0003	0
700000.0003	0
700000.0003	0
700000.0003	0
700000.0003	0
700000.0003	0
700000.0003	0
700000.0003	0
700000.0003	0
700000.0003	0
700000.0003	0
700000.0003	0
700000.0003	0
700000.0003	0
700000.0003	0
700000.0003	0
700000.0003	0
700000.0003	0
700000.0003	0
700000.0003	0
700000.0003	0
700000.0003	0
700000.0003	0
700000.0003	0
700000.0003	0
700000.0003	0
700000.0003	0
700000.0003	0
700000.0003	0
700000.0003	0
700000.0003	0
700000.0003	0
700000.0003	0
700000.0003	0
700000.0003	0
700000.0003	0
700000.0003	0
700000.0003	0
700000.0003	0
700000.0003	0
700000.0003	0
700000.0003	0
700000.0003	0
700000.0003	0
700000.0003	0
700000.0003	0
700000.0003	0
700000.0003	0
700000.0003	0
700000.0003	0
700000.0003	0
700000.0003	0
700000.0003	0
700000.0003	0
700000.0003	0
700000.0003	0
700000.0003	0
700000.0003	0
700000.0003	0
700000.0003	0
700000.0003	0
700000.0003	0
700000.0003	0
700000.0003	0
700000.0003	0
700000.0003	0
700000.0003	0
700000.0003	0
700000.0003	0
700000.0003	0
700000.0003	0
700000.0003	0
700000.0003	0
700000.0003	0
700000.0003	0
700000.0003	0
700000.0003	0
700000.0003	0
700000.0003	0
700000.0003	0
700000.0003	0
700000.0003	0
700000.0003	0
700000.0003	0
700000.0003	0
700000.0003	0
700000.0003	0
700000.0003	0
700000.0003	0
700000.0003	0
700000.0003	0
700000.0003	0
700000.0003	0
700000.0003	0
700000.0003	0
700000.0003	0
700000.0003	0
700000.0003	0
700000.0003	0
700000.0003	0
700000.0003	-23.4594
700000.0003	-70.2974
700000.0003	-116.726
700000.0003	-162.168
700000.0003	-207.148
700000.0003	-251.94
700000.0003	-294.223
700000.0003	-338.391
700000.0003	-380.563
700000.0003	-425.021
700000.0003	-465.716
700000.0003	-507.284
700000.0003	-546.645
700000.0003	-588.384
700000.0003	-620.959
700000.0003	-659.955
700000.0003	-706.161
700000.0003	-742.56
700000.0003	-781.4
700000.0003	-816.416
700000.0003	-854.002
700000.0003	-892.593
700000.0003	-918.465
700000.0003	-956.659
700000.0003	-988.434
700000.0003	-1022.53
700000.0003	-1051.45
700000.0003	-1085.49
700000.0003	-1122.47
700000.0003	-1146.19
700000.0003	-1180
700000.0003	-1207.87
700000.0003	-1249.62
700000.0003	-1266.67
700000.0003	-1295.39
700000.0003	-1324.9
700000.0003	-1344.5
700000.0003	-1375.97
700000.0003	-1395.95
700000.0003	-1414.98
700000.0003	-1444.62
700000.0003	-1466.67
700000.0003	-1500.12
700000.0003	-1507.47
700000.0003	-1533.7
700000.0003	-1548.97
700000.0003	-1573.32
700000.0003	-1595.57
700000.0003	-1619.58
700000.0003	-1626.59
700000.0003	-1658.2
700000.0003	-1665.12
700000.0003	-1691.33
700000.0003	-1700.21
700000.0003	-1721.88
700000.0003	-1748.32
700000.0003	-1744.59
700000.0003	-1762.09
700000.0003	-1780.03
700000.0003	-1805.04
700000.0003	-1800.62
700000.0003	-1814.78
700000.0003	-1820.61
700000.0003	-1850.71
700000.0003	-1854.13
700000.0003	-1856.09
700000.0003	-1866.61
700000.0003	-1873.89
700000.0003	-1872.81
700000.0003	-1892.15
700000.0003	-1899.76
700000.0003	-1906.54
700000.0003	-1907.33
700000.0003	-1916.66
700000.0003	-1922.87
700000.0003	-1921.86
700000.0003	-1930.64
700000.0003	-1920.62
700000.0003	-1929.58
700000.0003	-1930.39
700000.0003	-1938.01
700000.0003	-1930.94
700000.0003	-1925.77
700000.0003	-1916.9
700000.0003	-1917.35
700000.0003	-1924.26
700000.0003	-1920.09
700000.0003	-1899.55
700000.0003	-1901.02
700000.0003	-1898.67
700000.0003	-1892.75
700000.0003	-1873.93
700000.0003	-1868.11
700000.0003	-1863.75
700000.0003	-1846.69
700000.0003	-1834.87
700000.0003	-1821.79
700000.0003	-1802.99
700000.0003	-1787.98
700000.0003	-1767.58
700000.0003	-1741.03
700000.0003	-1717.23
700000.0003	-1687.83
700000.0003	-1661.35
700000.0003	-1618.41
700000.0003	-1583.8
700000.0003	-1544.13
700000.0003	-1501.89
700000.0003	-1448.08
700000.0003	-1395.14
700000.0003	-1342.77
700000.0003	-1287.46
700000.0003	-1225.27
700000.0003	-1160.04
700000.0003	-1098.78
700000.0003	-1037.13
700000.0003	-970.742
700000.0003	-908.893
700000.0003	-848.782
700000.0003	-783.616
700000.0003	-727.751
700000.0003	-673.919
700000.0003	-619.011
700000.0003	-565.098
700000.0003	-512.91
700000.0003	-464.896
700000.0003	-418.018
700000.0003	-374.947
700000.0003	-335.787
700000.0003	-300.207
700000.0003	-265.268
700000.0003	-234.741
700000.0003	-204.425
700000.0003	-180.149
700000.0003	-155.327
700000.0003	-134.071
700000.0003	-115.798
700000.0003	-99.2881
700000.0003	-84.5093
700000.0003	-72.2604
700000.0003	-61.1482
700000.0003	-52.5956
700000.0003	-44.0005
700000.0003	-36.9644
700000.0003	-31.7189
700000.0003	-26.5301
700000.0003	-22.3401
700000.0003	-18.6938
700000.0003	-15.7936
700000.0003	-13.286
700000.0003	-10.9514
700000.0003	-9.02803
700000.0003	-7.51709
700000.0003	-6.01226
700000.0003	-4.7368
700000.0003	-3.7269
700000.0003	-2.79282
700000.0003	-1.92231
700000.0003	-1.11526
700000.0003	-0.369551
700000.0003	0
700000.0003	0
700000.0003	0
700000.0003	0
700000.0003	0
700000.0003	0
700000.0003	0
700000.0003	0
700000.0003	0
700000.0003	0
700000.0003	0
700000.0003	0
700000.0003	0
700000.0003	0
700000.0003	0
700000.0003	0
700000.0003	0
700000.0003	0
700000.0003	0
700000.0003	0
700000.0003	0
700000.0003	0
700000.0003	0
700000.0003	0
700000.0003	0
700000.0003	0
700000.0003	0
700000.0003	0
700000.0003	0
700000.0003	0
700000.0003	0
700000.0003	0
700000.0003	0
700000.0003	0
700000.0003	0
700000.0003	0
700000.0003	0
700000.0003	0
700000.0003	0
700000.0003	0
700000.0003	0
700000.0003	0
700000.0003	0
700000.0003	0
700000.0003	0
700000.0003	0
700000.0003	0
700000.0003	0
700000.0003	0
700000.0003	0
700000.0003	0
700000.0003	0
700000.0003	0
700000.0003	0
700000.0003	0
700000.0003	0
700000.0003	0
700000.0003	0
700000.0003	0
700000.0003	0
700000.0003	0
700000.0003	0
700000.0003	0
700000.0003	0
700000.0003	0
700000.0003	0
700000.0003	0
700000.0003	0
700000.0003	0
700000.0003	0
700000.0003	0
700000.0003	0
700000.0003	0
700000.0003	0
700000.0003	0
700000.0003	0
700000.0003	0
700000.0003	0
700000.0003	0
700000.0003	0
700000.0003	0
700000.0003	0
700000.0003	0
700000.0003	0
700000.0003	0
700000.0003	0
700000.0003	0
700000.0003	0
700000.0003	0
700000.0003	0
700000.0003	0
700000.0003	0
700000.0003	0
700000.0003	0
700000.0003	0
700000.0003	0
700000.0003	0
700000.0003	0
700000.0003	0
700000.0003	0
700000.0003	0.179991
700000.0003	0.0435591
700000.0003	0.165425
700000.0003	1.18374
700000.0003	-1.68217
700000.0003	-2.15554
700000.0003	0.975303
700000.0003	-5.46232
700000.0003	13.2766
700000.0003	-4.48666
700000.0003	-0.745692
700000.0003	0.231739
700000.0003	-16.3186
700000.0003	5.90927
700000.0003	5.38469
700000.0003	15.5172
700000.0003	-0.90702
700000.0003	15.0522
700000.0003	8.21327
700000.0003	-13.1474
700000.0003	6.22088
700000.0003	1.94534
700000.0003	32.0709
700000.0003	2.27301
700000.0003	14.9159
700000.0003	-40.0271
700000.0003	-2.43936
700000.0003	-30.5143
700000.0003	-6.09207
700000.0003	18.3139
700000.0003	19.4039
700000.0003	-12.7289
700000.0003	15.2975
700000.0003	-10.4554
700000.0003	-14.7103
700000.0003	11.5072
700000.0003	-11.9524
700000.0003	-0.869966
700000.0003	0.60578
700000.0003	-0.603871
700000.0003	0
700000.0003	0
700000.0003	0
700000.0003	0
700000.0003	0
700000.0003	0
700000.0003	0
700000.0003	0
700000.0003	0
700000.0003	0
700000.0003	0
700000.0003	0
700000.0003	0
700000.0003	0
700000.0003	0
700000.0003	0
700000.0003	0
700000.0003	0
700000.0003	0
700000.0003	0
700000.0003	0
700000.0003	0
700000.0003	0
700000.0003	0
700000.0003	0
700000.0003	0
700000.0003	0
700000.0003	0
700000.0003	0
700000.0003	0
700000.0003	0
700000.0003	0
700000.0003	0
700000.0003	0
700000.0003	0
700000.0003	0
700000.0003	0
700000.0003	0
700000.0003	0
700000.0003	0
700000.0003	0
700000.0003	0
700000.0003	0
700000.0003	0
700000.0003	0
700000.0003	0
700000.0003	0
700000.0003	0
700000.0003	0
700000.0003	0
700000.0003	0
700000.0003	0
700000.0003	0
700000.0003	0
700000.0003	0
700000.0003	0
700000.0003	0
700000.0003	0
700000.0003	0
700000.0003	0
700000.0003	0
700000.0003	0
700000.0003	0
700000.0003	0
700000.0003	0
700000.0003	0
700000.0003	0
700000.0003	0
700000.0003	0
700000.0003	0
700000.0003	0
700000.0003	0
700000.0003	0
700000.0003	0
700000.0003	0
700000.0003	0
700000.0003	0
700000.0003	0
700000.0003	0
700000.0003	0
700000.0003	0
700000.0003	0
700000.0003	0
700000.0003	0
700000.0003	0
700000.0003	0
700000.0003	0
700000.0003	0
700000.0003	0
700000.0003	0
700000.0003	0
700000.0003	0
700000.0003	0
700000.0003	0
700000.0003	0
700000.0003	0
700000.0003	0
700000.0003	0
700000.0003	0
700000.0003	0
700000.0003	0.0194689
700000.0003	-0.00151202
700000.0003	-0.223919
700000.0003	0.426828
700000.0003	-0.569537
700000.0003	0.578664
700000.0003	0.292902
700000.0003	0.326212
700000.0003	-0.0156078
700000.0003	0.875642
700000.0003	-0.807904
700000.0003	0.847216
700000.0003	0.67519
700000.0003	0.655678
700000.0003	0.152412
700000.0003	2.07249
700000.0003	-0.396371
700000.0003	1.06669
700000.0003	0.0863658
700000.0003	0.274775
700000.0003	-1.09449
700000.0003	1.8712
700000.0003	5.14687
700000.0003	-1.12576
700000.0003	1.98778
700000.0003	2.91253
700000.0003	1.72664
700000.0003	-2.73343
700000.0003	5.12828
700000.0003	-0.106902
700000.0003	2.92114
700000.0003	-0.837103
700000.0003	0.0309276
700000.0003	-0.635023
700000.0003	0.177813
700000.0003	-1.18093
700000.0003	-0.921194
700000.0003	-4.259
700000.0003	-2.18497
700000.0003	0.428595
700000.0003	-0.0103572
700000.0003	-2.99462
700000.0003	1.08497
700000.0003	-1.20533
700000.0003	-2.71658
700000.0003	1.33154
700000.0003	-3.87296
700000.0003	-7.07914
700000.0003	-1.01918
700000.0003	-2.82261
700000.0003	8.57565
700000.0003	2.48707
700000.0003	2.91717
700000.0003	-2.00978
700000.0003	-1.66159
700000.0003	4.86997
700000.0003	0.685208
700000.0003	-1.75778
700000.0003	3.05003
700000.0003	0.689098
700000.0003	0.564038
700000.0003	-2.44428
700000.0003	-0.786933
700000.0003	-3.52813
700000.0003	4.86284
700000.0003	-2.01572
700000.0003	-0.965146
700000.0003	-1.89781
700000.0003	1.96897
700000.0003	0.37034
700000.0003	1.20758
700000.0003	-2.17247
700000.0003	3.72001
700000.0003	2.46627
700000.0003	4.87501
700000.0003	3.50975
700000.0003	1.4343
700000.0003	0.915888
700000.0003	3.46026
700000.0003	-0.438882
700000.0003	0.645206
700000.0003	-4.51072
700000.0003	-3.3523
700000.0003	6.37404
700000.0003	-0.938724
700000.0003	-3.10508
700000.0003	-2.46443
700000.0003	2.45125
700000.0003	3.02334
700000.0003	0.23514
700000.0003	-0.884884
700000.0003	2.35339
700000.0003	5.18912
700000.0003	2.00117
700000.0003	-3.61139
700000.0003	5.98307
700000.0003	2.92028
700000.0003	-6.91983
700000.0003	-0.54998
700000.0003	2.06662
700000.0003	0.00273188
700000.0003	1.06827
700000.0003	-2.43225
700000.0003	-1.61199
700000.0003	3.51996
700000.0003	-0.764153
700000.0003	-2.41709
700000.0003	0.401132
700000.0003	-2.68254
700000.0003	0.203011
700000.0003	0.964871
700000.0003	-2.72184
700000.0003	1.42288
700000.0003	-2.35008
700000.0003	1.32741
700000.0003	-2.87037
700000.0003	1.75454
700000.0003	-2.32985
700000.0003	-1.32825
700000.0003	1.9187
700000.0003	-0.708689
700000.0003	0.407876
700000.0003	-0.577556
700000.0003	-1.96245
700000.0003	-1.73246
700000.0003	-0.617905
700000.0003	-0.307472
700000.0003	-1.22622
700000.0003	1.14525
700000.0003	0.564036
700000.0003	-1.56938
700000.0003	0.211085
700000.0003	-0.480586
700000.0003	-0.0493531
700000.0003	-0.899083
700000.0003	-0.487113
700000.0003	0.0788528
700000.0003	-0.165945
700000.0003	-0.0367684
700000.0003	-0.312428
700000.0003	-0.301168
700000.0003	0.655287
700000.0003	-0.143942
700000.0003	0.0231431
700000.0003	0.00439733
700000.0003	-0.177114
700000.0003	0.088326
700000.0003	-0.0290317
700000.0003	-0.18523
700000.0003	0.162271
700000.0003	-0.161835
700000.0003	-0.1066
700000.0003	0.0958248
700000.0003	0.0457525
700000.0003	-0.0283025
700000.0003	0.0548851
700000.0003	-0.0542489
700000.0003	0.0444444
700000.0003	-0.0158462
700000.0003	0.00295183
700000.0003	0
700000.0003	0
700000.0003	0
700000.0003	0
700000.0003	0
700000.0003	0
700000.0003	0
700000.0003	0
700000.0003	0
700000.0003	0
700000.0003	0
700000.0003	0
700000.0003	0
700000.0003	0
700000.0003	0
700000.0003	0
700000.0003	0
700000.0003	0
700000.0003	0
700000.0003	0
700000.0003	0
700000.0003	0
700000.0003	0
700000.0003	0
700000.0003	0
700000.0003	0
700000.0003	0
700000.0003	0
700000.0003	0
700000.0003	0
700000.0003	0
700000.0003	0
700000.0003	0
700000.0003	0
700000.0003	0
700000.0003	0
700000.0003	0
700000.0003	0
700000.0003	0
700000.0003	0
700000.0003	0
700000.0003	0
700000.0003	0
700000.0003	0
700000.0003	0
700000.0003	0
700000.0003	0
700000.0003	0
700000.0003	0
700000.0003	0
700000.0003	0
700000.0003	0
700000.0003	0
700000.0003	0
700000.0003	0
700000.0003	0
700000.0003	0
700000.0003	0
700000.0003	0
700000.0003	0
700000.0003	0
700000.0003	0
700000.0003	0
700000.0003	0
700000.0003	0
700000.0003	0
700000.0003	0
700000.0003	0
700000.0003	0
700000.0003	0
700000.0003	0
700000.0003	0
700000.0003	0
700000.0003	0
700000.0003	0
700000.0003	0
700000.0003	0
700000.0003	0
700000.0003	0
700000.0003	0
700000.0003	0
700000.0003	0
700000.0003	0
700000.0003	0
700000.0003	0
700000.0003	0
700000.0003	0
700000.0003	0
700000.0003	0
700000.0003	0
700000.0003	0
700000.0003	0
700000.0003	0
700000.0003	0
700000.0003	0
700000.0003	0
700000.0003	0
700000.0003	0
700000.0003	0
700000.0003	0
