700000.0003	62.0225
700000.0003	112.544
700000.0003	193.925
700000.0003	314.132
700000.0003	480.696
700000.0003	700.713
700000.0003	956.328
700000.0003	1259.74
700000.0003	1591.13
700000.0003	1968.01
700000.0003	2395.29
700000.0003	2859.32
700000.0003	3298.56
700000.0003	3654.16
700000.0003	3801.38
700000.0003	3732.83
700000.0003	3458.25
700000.0003	3052.33
700000.0003	2597.32
700000.0003	2142.27
700000.0003	1724.48
700000.0003	1362.41
700000.0003	1057.59
700000.0003	805.197
700000.0003	611.952
700000.0003	463.809
700000.0003	349.176
700000.0003	263.7
700000.0003	198.448
700000.0003	150.45
700000.0003	113.958
700000.0003	90.1174
700000.0003	71.5417
700000.0003	53.7296
700000.0003	44.0425
700000.0003	36.441
700000.0003	27.536
700000.0003	21.9003
700000.0003	17.5553
700000.0003	14.807
700000.0003	11.6027
700000.0003	9.37494
700000.0003	7.31534
700000.0003	6.39985
700000.0003	5.73466
700000.0003	5.71822
700000.0003	4.67014
700000.0003	3.32028
700000.0003	3.68056
700000.0003	3.5256
700000.0003	3.16079
700000.0003	3.06238
700000.0003	3.71645
700000.0003	3.65975
700000.0003	3.38174
700000.0003	3.95852
700000.0003	2.26294
700000.0003	2.10712
700000.0003	1.81961
700000.0003	2.05287
700000.0003	2.22847
700000.0003	0.659945
700000.0003	1.36064
700000.0003	1.34143
700000.0003	2.28688
700000.0003	0.802917
700000.0003	0.658333
700000.0003	1.55337
700000.0003	1.66718
700000.0003	2.08135
700000.0003	0.618215
700000.0003	0.503788
700000.0003	1.1259
700000.0003	0.289028
700000.0003	1.68293
700000.0003	1.42468
700000.0003	-0.251491
700000.0003	0.552953
700000.0003	1.04737
700000.0003	-0.413625
700000.0003	0.500506
700000.0003	1.42273
700000.0003	0.86866
700000.0003	0.636795
700000.0003	1.89804
700000.0003	0.643528
700000.0003	0.37471
700000.0003	1.844
700000.0003	0.257597
700000.0003	0.660142
700000.0003	0.773032
700000.0003	-0.274045
700000.0003	0.121633
700000.0003	0.129071
700000.0003	0.445258
700000.0003	-0.0883454
700000.0003	-0.116542
700000.0003	0.950269
700000.0003	0.256882
700000.0003	-0.0838255
700000.0003	0.644497
700000.0003	0.834617
700000.0003	0.465921
700000.0003	0.884958
700000.0003	0.0255498
700000.0003	-0.32232
700000.0003	0.252685
700000.0003	2.11827
700000.0003	-0.139119
700000.0003	0.360417
700000.0003	0.425121
700000.0003	-0.247166
700000.0003	0.212774
700000.0003	-0.413943
700000.0003	0.100292
700000.0003	0.173045
700000.0003	-0.410562
700000.0003	1.0856
700000.0003	-0.701196
700000.0003	-0.499721
700000.0003	-0.359813
700000.0003	-0.226398
700000.0003	-0.261056
700000.0003	0.995022
700000.0003	0.392578
700000.0003	0.759515
700000.0003	0.253507
700000.0003	1.09183
700000.0003	0.501397
700000.0003	-0.209146
700000.0003	-0.902671
700000.0003	-0.49136
700000.0003	-0.347614
700000.0003	-0.762946
700000.0003	-0.281865
700000.0003	0.0232158
700000.0003	0.309297
700000.0003	-0.444812
700000.0003	0.877767
700000.0003	-0.104412
700000.0003	-0.189883
700000.0003	-0.807536
700000.0003	-0.892152
700000.0003	0.224246
700000.0003	-0.806558
700000.0003	-0.337605
700000.0003	1.17208
700000.0003	-0.0716727
700000.0003	-1.20656
700000.0003	-0.724908
700000.0003	-1.99516
700000.0003	-1.44973
700000.0003	-1.99091
700000.0003	-1.41696
700000.0003	-0.368423
700000.0003	-1.03452
700000.0003	-0.799445
700000.0003	-1.34606
700000.0003	-0.87976
700000.0003	-1.61505
700000.0003	-2.1588
700000.0003	-1.59058
700000.0003	-1.30122
700000.0003	-1.75356
700000.0003	-2.74153
700000.0003	-2.90008
700000.0003	-3.24062
700000.0003	-2.72536
700000.0003	-3.68997
700000.0003	-2.59966
700000.0003	-3.38454
700000.0003	-2.66087
700000.0003	-3.53669
700000.0003	-2.26456
700000.0003	-3.32427
700000.0003	-3.04859
700000.0003	-3.05025
700000.0003	-3.40976
700000.0003	-3.28993
700000.0003	-3.36622
700000.0003	-4.81347
700000.0003	-4.35792
700000.0003	-4.58235
700000.0003	-4.57033
700000.0003	-4.88148
700000.0003	-5.30308
700000.0003	-6.3576
700000.0003	-6.24372
700000.0003	-6.04879
700000.0003	-6.33536
700000.0003	-5.96184
700000.0003	-6.14571
700000.0003	-7.42462
700000.0003	-5.62811
700000.0003	-6.23574
700000.0003	-9.54472
700000.0003	-7.77243
700000.0003	-9.70527
700000.0003	-9.73446
700000.0003	-9.04882
700000.0003	-10.367
700000.0003	-11.4561
700000.0003	-11.5625
700000.0003	-11.836
700000.0003	-10.8241
700000.0003	-13.5877
700000.0003	-14.977
700000.0003	-14.0593
700000.0003	-14.8313
700000.0003	-14.9006
700000.0003	-17.3942
700000.0003	-17.2016
700000.0003	-20.4269
700000.0003	-20.6778
700000.0003	-21.5439
700000.0003	-24.3729
700000.0003	-25.0582
700000.0003	-27.0883
700000.0003	-29.7203
700000.0003	-31.0369
700000.0003	-35.2595
700000.0003	-38.2189
700000.0003	-42.5128
700000.0003	-49.4184
700000.0003	-55.0937
700000.0003	-60.8995
700000.0003	-68.5182
700000.0003	-78.3332
700000.0003	-89.6355
700000.0003	-103.347
700000.0003	-117.379
700000.0003	-135.127
700000.0003	-158.128
700000.0003	-181.903
700000.0003	-214.301
700000.0003	-247.029
700000.0003	-287.702
700000.0003	-336.41
700000.0003	-389.785
700000.0003	-453.55
700000.0003	-521.648
700000.0003	-600.333
700000.0003	-682.102
700000.0003	-772.828
700000.0003	-868.335
700000.0003	-969.783
700000.0003	-1061.51
700000.0003	-1158.5
700000.0003	-1250.09
700000.0003	-1329.94
700000.0003	-1398.67
700000.0003	-1454.66
700000.0003	-1487.93
700000.0003	-1508.23
700000.0003	-1511.67
700000.0003	-1502.61
700000.0003	-1476.44
700000.0003	-1435.24
700000.0003	-1389.05
700000.0003	-1336.75
700000.0003	-1274.77
700000.0003	-1205.35
700000.0003	-1141.09
700000.0003	-1072.2
700000.0003	-1003.76
700000.0003	-936.869
700000.0003	-867.675
700000.0003	-800.937
700000.0003	-734.521
700000.0003	-670.663
700000.0003	-608.159
700000.0003	-552.576
700000.0003	-497.804
700000.0003	-441.264
700000.0003	-392.062
700000.0003	-346.623
700000.0003	-305.921
700000.0003	-268.582
700000.0003	-233.995
700000.0003	-203.532
700000.0003	-178.254
700000.0003	-154.861
700000.0003	-136.005
700000.0003	-119.531
700000.0003	-106.41
700000.0003	-96.616
700000.0003	-83.8962
700000.0003	-77.8263
700000.0003	-70.0646
700000.0003	-66.4039
700000.0003	-61.1001
700000.0003	-56.5748
700000.0003	-54.3394
700000.0003	-51.0443
700000.0003	-48.5847
700000.0003	-47.5031
700000.0003	-45.0205
700000.0003	-45.5146
700000.0003	-44.4217
700000.0003	-43.2118
700000.0003	-42.131
700000.0003	-41.9768
700000.0003	-41.5622
700000.0003	-41.8669
700000.0003	-42.1578
700000.0003	-41.639
700000.0003	-41.322
700000.0003	-41.7213
700000.0003	-41.2472
700000.0003	-41.3133
700000.0003	-41.0343
700000.0003	-40.5826
700000.0003	-40.7676
700000.0003	-40.5949
700000.0003	-40.5591
700000.0003	-41.1648
700000.0003	-40.4946
700000.0003	-40.3582
700000.0003	-41.074
700000.0003	-39.9128
700000.0003	-40.6232
700000.0003	-40.4291
700000.0003	-40.8607
700000.0003	-41.3598
700000.0003	-40.758
700000.0003	-40.5435
700000.0003	-41.5181
700000.0003	-40.2306
700000.0003	-40.5002
700000.0003	-40.2437
700000.0003	-40.0337
700000.0003	-40.4578
700000.0003	-40.2936
700000.0003	-40.1344
700000.0003	-40.3074
700000.0003	-40.8402
700000.0003	-40.6679
700000.0003	-40.8865
700000.0003	-40.1641
700000.0003	-39.9415
700000.0003	-40.3301
700000.0003	-40.1408
700000.0003	-40.203
700000.0003	-40.0647
700000.0003	-39.9303
700000.0003	-39.4594
700000.0003	-39.7652
700000.0003	-40.3527
700000.0003	-40.7935
700000.0003	-39.546
700000.0003	-40.3013
700000.0003	-40.2438
700000.0003	-40.8105
700000.0003	-40.1742
700000.0003	-39.4647
700000.0003	-39.4668
700000.0003	-39.7591
700000.0003	-40.264
700000.0003	-39.5533
700000.0003	-39.6192
700000.0003	-40.1545
700000.0003	-39.6144
700000.0003	-39.6263
700000.0003	-39.4599
700000.0003	-39.5815
700000.0003	-39.6397
700000.0003	-39.2952
700000.0003	-39.3492
700000.0003	-39.4934
700000.0003	-39.0636
700000.0003	-39.3828
700000.0003	-39.3237
700000.0003	-39.1167
700000.0003	-38.7452
700000.0003	-38.2978
700000.0003	-39.0839
700000.0003	-38.3145
700000.0003	-38.3353
700000.0003	-37.8907
700000.0003	-37.4431
700000.0003	-37.5275
700000.0003	-37.5277
700000.0003	-37.7682
700000.0003	-37.4701
700000.0003	-36.9913
700000.0003	-35.189
700000.0003	-34.3964
700000.0003	-34.6019
700000.0003	-33.5457
700000.0003	-32.3816
700000.0003	-30.5486
700000.0003	-29.0162
700000.0003	-27.2038
700000.0003	-23.821
700000.0003	-20.0168
700000.0003	-13.4148
700000.0003	-6.7082
700000.0003	2.99661
700000.0003	17.5884
700000.0003	35.4742
700000.0003	-0.301844
700000.0003	-0.890372
700000.0003	-0.657122
700000.0003	-0.742686
700000.0003	-0.290912
700000.0003	-0.992004
700000.0003	-2.4742
700000.0003	0.796916
700000.0003	-2.9159
700000.0003	1.28748
700000.0003	-1.52145
700000.0003	-0.629475
700000.0003	0.718031
700000.0003	-2.16337
700000.0003	3.75887
700000.0003	4.70941
700000.0003	-0.376551
700000.0003	3.14674
700000.0003	-1.44833
700000.0003	-2.35426
700000.0003	-1.63714
700000.0003	0.72861
700000.0003	-2.70339
700000.0003	1.68881
700000.0003	0.494053
700000.0003	-2.6515
700000.0003	-1.73257
700000.0003	2.53054
700000.0003	-0.133745
700000.0003	0.292479
700000.0003	-0.400093
700000.0003	0.0618805
700000.0003	-0.889357
700000.0003	-0.331635
700000.0003	0.736184
700000.0003	1.28259
700000.0003	-0.513828
700000.0003	-0.5679
700000.0003	-1.13812
700000.0003	-0.0498829
700000.0003	0.870878
700000.0003	0.911889
700000.0003	1.3175
700000.0003	0.418245
700000.0003	-0.585934
700000.0003	-1.06571
700000.0003	0.502456
700000.0003	0.500413
700000.0003	-0.623379
700000.0003	0.241204
700000.0003	-0.673487
700000.0003	-0.311194
700000.0003	-0.702236
700000.0003	-0.175252
700000.0003	0.22092
700000.0003	0.962159
700000.0003	0.433907
700000.0003	0.467499
700000.0003	0.922274
700000.0003	-0.804208
700000.0003	-0.487214
700000.0003	-0.287108
700000.0003	0.421979
700000.0003	-0.417135
700000.0003	-0.27025
700000.0003	-0.926254
700000.0003	-0.282228
700000.0003	0.38422
700000.0003	-0.304665
700000.0003	0.310936
700000.0003	0.0206348
700000.0003	0.816787
700000.0003	-0.256931
700000.0003	0.628657
700000.0003	-0.0558126
700000.0003	-1.07255
700000.0003	0.509161
700000.0003	0.0808549
700000.0003	-0.337875
700000.0003	0.494988
700000.0003	0.404959
700000.0003	0.526608
700000.0003	-1.38929
700000.0003	0.376202
700000.0003	0.647275
700000.0003	-0.344644
700000.0003	-0.465755
700000.0003	-0.170041
700000.0003	0.275039
700000.0003	0.298132
700000.0003	-0.383979
700000.0003	-0.208898
700000.0003	0.428233
700000.0003	0.706976
700000.0003	-0.288954
700000.0003	0.359863
700000.0003	0.28737
700000.0003	-0.116168
700000.0003	-0.265984
700000.0003	-0.379747
700000.0003	-0.495577
700000.0003	-0.30348
700000.0003	0.1784
700000.0003	0.611586
700000.0003	1.09894
700000.0003	-0.102688
700000.0003	-0.811133
700000.0003	0.0550377
700000.0003	-0.856677
700000.0003	0.451655
700000.0003	0.521097
700000.0003	-0.706031
700000.0003	0.128795
700000.0003	0.127378
700000.0003	0.361551
700000.0003	-0.145065
700000.0003	0.152748
700000.0003	0.468341
700000.0003	0.189435
700000.0003	-0.435155
700000.0003	0.059873
700000.0003	-0.223118
700000.0003	-0.960907
700000.0003	0.145901
700000.0003	-0.119077
700000.0003	1.61574
700000.0003	-0.228854
700000.0003	-0.65558
700000.0003	-0.0596904
700000.0003	0.628564
700000.0003	-0.578332
700000.0003	-0.787707
700000.0003	0.59459
700000.0003	0.225904
700000.0003	-0.279828
700000.0003	-0.355881
700000.0003	0.389268
700000.0003	0.112256
700000.0003	-0.897513
700000.0003	-1.7563
700000.0003	0.341149
700000.0003	1.23596
700000.0003	0.773725
700000.0003	-0.430145
700000.0003	1.19454
700000.0003	0.108046
700000.0003	-0.178986
700000.0003	0.524427
700000.0003	-0.928117
700000.0003	0.159892
700000.0003	0.151594
700000.0003	-0.597901
700000.0003	-0.20647
700000.0003	-0.319252
700000.0003	0.704019
700000.0003	0.0158757
700000.0003	-0.126389
700000.0003	0.121511
700000.0003	-0.463326
700000.0003	-0.316989
700000.0003	0.217747
700000.0003	0.46678
700000.0003	-0.630192
700000.0003	-0.264376
700000.0003	-0.413886
700000.0003	-0.46512
700000.0003	0.584346
700000.0003	0.604163
700000.0003	0.0253747
700000.0003	-0.0383678
700000.0003	0.310628
700000.0003	-0.306218
700000.0003	0.824666
700000.0003	-0.524847
700000.0003	-0.750743
700000.0003	0.373222
700000.0003	-0.188854
700000.0003	0.999929
700000.0003	0.406966
700000.0003	0.639519
700000.0003	0.44299
700000.0003	-1.08798
700000.0003	-0.503206
700000.0003	0.678484
700000.0003	0.294258
700000.0003	0.0745338
700000.0003	-0.138978
700000.0003	-0.368989
700000.0003	0.276684
700000.0003	-0.0393704
700000.0003	-0.222076
700000.0003	-0.409406
700000.0003	0.71838
700000.0003	0.828898
700000.0003	0.113908
700000.0003	0.235972
700000.0003	0.168588
700000.0003	-1.18616
700000.0003	0.199296
700000.0003	-1.5709
700000.0003	1.20698
700000.0003	0.397661
700000.0003	-0.0927567
700000.0003	-0.181034
700000.0003	-0.0126237
700000.0003	-0.118609
700000.0003	-0.584313
700000.0003	-1.23415
700000.0003	0.338618
700000.0003	0.396765
700000.0003	-0.0760273
700000.0003	0.329477
700000.0003	0.834273
700000.0003	0.00223415
700000.0003	-1.44381
700000.0003	0.46316
700000.0003	0.851465
700000.0003	1.10604
700000.0003	-1.69324
700000.0003	-1.68663
700000.0003	0.38687
700000.0003	-1.26102
700000.0003	0.394297
700000.0003	1.5059
700000.0003	-0.257684
700000.0003	1.3508
700000.0003	0.0263493
700000.0003	-0.184579
700000.0003	0.372509
700000.0003	-1.86517
700000.0003	0.20216
700000.0003	-0.204892
700000.0003	0.0470733
700000.0003	-0.277395
700000.0003	0.872666
700000.0003	0.26504
700000.0003	-2.74272
700000.0003	-0.177067
700000.0003	1.7009
700000.0003	-0.740086
700000.0003	0.356449
700000.0003	-1.06988
700000.0003	2.84669
700000.0003	-1.21921
700000.0003	-0.535165
700000.0003	-0.53841
700000.0003	4.31894
700000.0003	-0.961368
700000.0003	-0.204842
700000.0003	0.484235
700000.0003	0.333089
700000.0003	-1.04329
700000.0003	1.25068
700000.0003	1.34697
700000.0003	-0.370423
700000.0003	-2.38738
700000.0003	-1.58304
700000.0003	-1.28782
700000.0003	0.00551717
700000.0003	-2.30045
700000.0003	0.00616032
700000.0003	0.602185
700000.0003	2.13488
700000.0003	-0.223373
700000.0003	1.65244
700000.0003	0.719255
700000.0003	-1.46757
700000.0003	1.6088
700000.0003	-0.5351
700000.0003	0.305096
700000.0003	1.89448
700000.0003	-0.826164
700000.0003	-0.189928
700000.0003	0.680342
700000.0003	-0.877725
700000.0003	1.09114
700000.0003	-1.43579
700000.0003	1.38552
700000.0003	1.86948
700000.0003	-1.723
700000.0003	0.114007
700000.0003	-0.648106
700000.0003	0.233159
700000.0003	0.880085
700000.0003	1.4496
700000.0003	0.791624
700000.0003	-0.167362
700000.0003	0.504274
700000.0003	0.471373
700000.0003	0.0534423
700000.0003	-0.73291
700000.0003	1.00932
700000.0003	-0.0828382
700000.0003	0.626363
700000.0003	-0.373415
700000.0003	-0.317753
700000.0003	-0.391183
700000.0003	-0.519056
700000.0003	-0.296047
700000.0003	-0.69457
700000.0003	-0.457061
700000.0003	-0.94348
700000.0003	0.0762965
700000.0003	-0.640976
700000.0003	0.371698
700000.0003	-0.676741
700000.0003	-0.344157
700000.0003	0.0151796
700000.0003	-0.0693279
700000.0003	0.86093
700000.0003	0.299928
700000.0003	-0.449986
700000.0003	-1.31252
700000.0003	-1.03392
700000.0003	-0.625334
700000.0003	-0.0152416
700000.0003	0.478606
700000.0003	0.789147
700000.0003	-0.254402
700000.0003	0.147614
700000.0003	-0.556647
700000.0003	-1.19651
700000.0003	-0.309563
700000.0003	0.464274
700000.0003	-0.35351
700000.0003	0.187826
700000.0003	0.204871
700000.0003	-0.250148
700000.0003	-0.513268
700000.0003	0.0358685
700000.0003	-0.131706
700000.0003	-0.116459
700000.0003	0.13155
700000.0003	0.60124
700000.0003	0.464241
700000.0003	0.604104
700000.0003	0.0650474
700000.0003	-0.032199
700000.0003	-0.903336
700000.0003	-0.758548
700000.0003	-0.795774
700000.0003	-0.354421
700000.0003	0.182703
700000.0003	-0.407106
700000.0003	-0.296001
700000.0003	-0.115515
700000.0003	-0.1793
700000.0003	-0.173735
700000.0003	0.802803
700000.0003	0.453406
700000.0003	0.975803
700000.0003	0.500784
700000.0003	-0.0733168
700000.0003	0.527512
700000.0003	0.537201
700000.0003	-0.648709
700000.0003	0.0883047
700000.0003	1.29691
700000.0003	0.403248
700000.0003	-0.809268
700000.0003	0.0605893
700000.0003	-0.373141
700000.0003	-0.514762
700000.0003	0.202088
700000.0003	-0.238112
700000.0003	-0.369355
700000.0003	0.279838
700000.0003	0.199833
700000.0003	0.206307
700000.0003	0.00360657
700000.0003	0.54891
700000.0003	0.2324
700000.0003	0.214566
700000.0003	-0.396828
700000.0003	-0.000129517
700000.0003	0.0426122
700000.0003	0.375077
700000.0003	-0.553389
700000.0003	-0.551019
700000.0003	0.550038
700000.0003	-0.000586002
700000.0003	0.324908
700000.0003	0.519556
700000.0003	-0.503866
700000.0003	0.479152
700000.0003	0.458719
700000.0003	0.776945
700000.0003	0.208014
700000.0003	0.289034
700000.0003	0.269141
700000.0003	0.399647
700000.0003	0.520602
700000.0003	0.353532
700000.0003	0.134816
700000.0003	0.754801
700000.0003	0.611754
700000.0003	-0.0307859
700000.0003	-0.589573
700000.0003	1.36018
700000.0003	0.41852
