700000.0003	0.026266
700000.0003	0.0358133
700000.0003	0.0521629
700000.0003	0.0816373
700000.0003	0.124853
700000.0003	0.188398
700000.0003	0.281431
700000.0003	0.400332
700000.0003	0.551428
700000.0003	0.750068
700000.0003	0.983881
700000.0003	1.27589
700000.0003	1.60501
700000.0003	1.9829
700000.0003	2.41522
700000.0003	2.86479
700000.0003	3.33683
700000.0003	3.82734
700000.0003	4.29209
700000.0003	4.73132
700000.0003	5.20141
700000.0003	5.61422
700000.0003	6.03721
700000.0003	6.43716
700000.0003	6.79981
700000.0003	7.19848
700000.0003	7.57434
700000.0003	7.90604
700000.0003	8.20688
700000.0003	8.58685
700000.0003	8.81551
700000.0003	9.07387
700000.0003	9.32827
700000.0003	9.59546
700000.0003	9.75208
700000.0003	9.84367
700000.0003	9.95267
700000.0003	10.1807
700000.0003	10.2342
700000.0003	10.2837
700000.0003	10.2359
700000.0003	10.2474
700000.0003	10.2487
700000.0003	10.2868
700000.0003	10.2754
700000.0003	10.2802
700000.0003	10.3122
700000.0003	10.2882
700000.0003	10.3364
700000.0003	10.346
700000.0003	10.2405
700000.0003	10.2745
700000.0003	10.3253
700000.0003	10.3192
700000.0003	10.2838
700000.0003	10.3491
700000.0003	10.3017
700000.0003	10.2895
700000.0003	10.2999
700000.0003	10.2605
700000.0003	10.299
700000.0003	10.2984
700000.0003	10.274
700000.0003	10.2721
700000.0003	10.3063
700000.0003	10.3583
700000.0003	10.3637
700000.0003	10.3791
700000.0003	10.2945
700000.0003	10.2475
700000.0003	10.3006
700000.0003	10.3611
700000.0003	10.3227
700000.0003	10.2773
700000.0003	10.3681
700000.0003	10.3532
700000.0003	10.3125
700000.0003	10.2961
700000.0003	10.3771
700000.0003	10.3321
700000.0003	10.3472
700000.0003	10.3277
700000.0003	10.4561
700000.0003	10.4047
700000.0003	10.3158
700000.0003	10.4404
700000.0003	10.291
700000.0003	10.3613
700000.0003	10.2995
700000.0003	10.4038
700000.0003	10.4175
700000.0003	10.4026
700000.0003	10.4642
700000.0003	10.4206
700000.0003	10.33
700000.0003	10.3362
700000.0003	10.409
700000.0003	10.4181
700000.0003	10.3428
700000.0003	10.4323
700000.0003	10.4139
700000.0003	10.3951
700000.0003	10.4022
700000.0003	10.4265
700000.0003	10.4407
700000.0003	10.4411
700000.0003	10.4391
700000.0003	10.3849
700000.0003	10.3356
700000.0003	10.3217
700000.0003	10.3447
700000.0003	10.414
700000.0003	10.4301
700000.0003	10.3388
700000.0003	10.4447
700000.0003	10.3727
700000.0003	10.3988
700000.0003	10.3957
700000.0003	10.4701
700000.0003	10.41
700000.0003	10.4273
700000.0003	10.4523
700000.0003	10.4162
700000.0003	10.4152
700000.0003	10.4288
700000.0003	10.4188
700000.0003	10.4596
700000.0003	10.4047
700000.0003	10.4652
700000.0003	10.4517
700000.0003	10.4792
700000.0003	10.4159
700000.0003	10.4278
700000.0003	10.4869
700000.0003	10.5183
700000.0003	10.44
700000.0003	10.4867
700000.0003	10.5236
700000.0003	10.4537
700000.0003	10.4571
700000.0003	10.4938
700000.0003	10.4435
700000.0003	10.5483
700000.0003	10.5334
700000.0003	10.5197
700000.0003	10.4416
700000.0003	10.3605
700000.0003	10.4757
700000.0003	10.3431
700000.0003	10.3678
700000.0003	10.355
700000.0003	10.3502
700000.0003	10.3393
700000.0003	10.3333
700000.0003	10.3738
700000.0003	10.2126
700000.0003	10.2273
700000.0003	10.051
700000.0003	10.1578
700000.0003	10.0832
700000.0003	10.0346
700000.0003	10.0955
700000.0003	9.94224
700000.0003	9.91513
700000.0003	9.83205
700000.0003	9.8367
700000.0003	9.79752
700000.0003	9.69734
700000.0003	9.68972
700000.0003	9.63251
700000.0003	9.59354
700000.0003	9.49471
700000.0003	9.43044
700000.0003	9.34511
700000.0003	9.28201
700000.0003	9.25021
700000.0003	9.19461
700000.0003	9.18887
700000.0003	9.06747
700000.0003	8.94671
700000.0003	8.90221
700000.0003	8.81476
700000.0003	8.81751
700000.0003	8.69662
700000.0003	8.62641
700000.0003	8.56879
700000.0003	8.51851
700000.0003	8.38298
700000.0003	8.37961
700000.0003	8.29827
700000.0003	8.12038
700000.0003	8.08642
700000.0003	7.94469
700000.0003	7.88026
700000.0003	7.86752
700000.0003	7.7528
700000.0003	7.65531
700000.0003	7.60936
700000.0003	7.51219
700000.0003	7.39503
700000.0003	7.33259
700000.0003	7.24632
700000.0003	7.1632
700000.0003	7.06032
700000.0003	6.96764
700000.0003	6.83949
700000.0003	6.78035
700000.0003	6.70578
700000.0003	6.59114
700000.0003	6.50644
700000.0003	6.41071
700000.0003	6.32371
700000.0003	6.22258
700000.0003	6.1038
700000.0003	6.02338
700000.0003	5.93112
700000.0003	5.84671
700000.0003	5.72132
700000.0003	5.66361
700000.0003	5.53071
700000.0003	5.43891
700000.0003	5.36066
700000.0003	5.24109
700000.0003	5.16472
700000.0003	5.04194
700000.0003	4.94961
700000.0003	4.84352
700000.0003	4.78027
700000.0003	4.68213
700000.0003	4.57103
700000.0003	4.45292
700000.0003	4.3626
700000.0003	4.2798
700000.0003	4.16471
700000.0003	4.07655
700000.0003	3.98733
700000.0003	3.88696
700000.0003	3.77215
700000.0003	3.67982
700000.0003	3.55619
700000.0003	3.44311
700000.0003	3.32204
700000.0003	3.21783
700000.0003	3.09926
700000.0003	2.98331
700000.0003	2.85278
700000.0003	2.72837
700000.0003	2.5998
700000.0003	2.4675
700000.0003	2.33271
700000.0003	2.19165
700000.0003	2.06639
700000.0003	1.92557
700000.0003	1.7974
700000.0003	1.66499
700000.0003	1.54157
700000.0003	1.41638
700000.0003	1.30142
700000.0003	1.1843
700000.0003	1.08086
700000.0003	0.977937
700000.0003	0.882259
700000.0003	0.795838
700000.0003	0.710404
700000.0003	0.634589
700000.0003	0.563029
700000.0003	0.497716
700000.0003	0.441147
700000.0003	0.385711
700000.0003	0.33621
700000.0003	0.293502
700000.0003	0.252299
700000.0003	0.216562
700000.0003	0.185971
700000.0003	0.158457
700000.0003	0.135398
700000.0003	0.114475
700000.0003	0.0973501
700000.0003	0.0821793
700000.0003	0.0686063
700000.0003	0.0577668
700000.0003	0.0489176
700000.0003	0.0411421
700000.0003	0.0344384
700000.0003	0.0293639
700000.0003	0.0248979
700000.0003	0.0210122
700000.0003	0.017889
700000.0003	0.015384
700000.0003	0.0134116
700000.0003	0.0118562
700000.0003	0.0103412
700000.0003	0.00904814
700000.0003	0.00808188
700000.0003	0.00719793
700000.0003	0.00677604
700000.0003	0.00621002
700000.0003	0.005809
700000.0003	0.00542238
700000.0003	0.00537634
700000.0003	0.00517123
700000.0003	0.00514372
700000.0003	0.00497276
700000.0003	0.00495827
700000.0003	0.00494906
700000.0003	0.00486171
700000.0003	0.00474372
700000.0003	0.00476825
700000.0003	0.00463153
700000.0003	0.00462477
700000.0003	0.00457422
700000.0003	0.00450462
700000.0003	0.00446449
700000.0003	0.00443837
700000.0003	0.00435955
700000.0003	0.00438176
700000.0003	0.0043814
700000.0003	0.00435135
700000.0003	0.0043049
700000.0003	0.00423575
700000.0003	0.00431268
700000.0003	0.00436379
700000.0003	0.00426647
700000.0003	0.0042248
700000.0003	0.00421905
700000.0003	0.0041764
700000.0003	0.00422124
700000.0003	0.00418897
700000.0003	0.00416053
700000.0003	0.00419818
700000.0003	0.00415405
700000.0003	0.00412159
700000.0003	0.00415411
700000.0003	0.00415764
700000.0003	0.00417657
700000.0003	0.00411878
700000.0003	0.0041349
700000.0003	0.00416877
700000.0003	0.00413374
700000.0003	0.00412332
700000.0003	0.004138
700000.0003	0.00419273
700000.0003	0.00414066
700000.0003	0.00413071
700000.0003	0.00411841
700000.0003	0.00418095
700000.0003	0.00418662
700000.0003	0.00415531
700000.0003	0.00418197
700000.0003	0.00420775
700000.0003	0.00420406
700000.0003	0.00416945
700000.0003	0.0042494
700000.0003	0.00429093
700000.0003	0.00426186
700000.0003	0.00429355
700000.0003	0.004252
700000.0003	0.00429841
700000.0003	0.00433925
700000.0003	0.00429092
700000.0003	0.00436959
700000.0003	0.00439885
700000.0003	0.00434644
700000.0003	0.00436546
700000.0003	0.00440286
700000.0003	0.004507
700000.0003	0.00454529
700000.0003	0.00460749
700000.0003	0.0046165
700000.0003	0.00469354
700000.0003	0.00465249
700000.0003	0.00478382
700000.0003	0.00488426
700000.0003	0.00484183
700000.0003	0.0049693
700000.0003	0.00510494
700000.0003	0.005139
700000.0003	0.00524551
700000.0003	0.00527525
700000.0003	0.00548834
700000.0003	0.00557675
700000.0003	0.0056932
700000.0003	0.00591165
700000.0003	0.00596613
700000.0003	0.00610405
700000.0003	0.00648015
700000.0003	0.00678527
700000.0003	0.00687153
700000.0003	0.0073938
700000.0003	0.00754067
700000.0003	0.0079225
700000.0003	0.0086361
700000.0003	0.00893427
700000.0003	0.0098797
700000.0003	0.0108217
700000.0003	0.0118673
700000.0003	0.013326
700000.0003	0.015551
700000.0003	0.0177691
700000.0003	0.0212594
700000.0003	0.000254856
700000.0003	-7.10406e-05
700000.0003	0.000455453
700000.0003	0.000209205
700000.0003	-0.000218193
700000.0003	-0.000177228
700000.0003	-0.000174699
700000.0003	0.00223545
700000.0003	-0.00051959
700000.0003	-0.00374476
700000.0003	-0.00346817
700000.0003	0.00280414
700000.0003	0.0103451
700000.0003	-0.00463426
700000.0003	0.0169544
700000.0003	-0.00328132
700000.0003	-0.0117654
700000.0003	0.000378282
700000.0003	0.00323688
700000.0003	-0.00119016
700000.0003	0.0144352
700000.0003	-0.0521732
700000.0003	0.0176805
700000.0003	-0.00344543
700000.0003	0.00984513
700000.0003	0.0274623
700000.0003	0.0204629
700000.0003	-0.0357039
700000.0003	-0.00743471
700000.0003	-0.0383284
700000.0003	0.0253429
700000.0003	0.00755957
700000.0003	0.0237685
700000.0003	0.0321712
700000.0003	0.00215265
700000.0003	-0.0150524
700000.0003	0.00110937
700000.0003	0.0226846
700000.0003	-0.0253296
700000.0003	0.0371242
700000.0003	-0.0339647
700000.0003	-0.0061517
700000.0003	0.0488948
700000.0003	0.0235388
700000.0003	0.0275691
700000.0003	0.00430667
700000.0003	0.0176018
700000.0003	0.0204765
700000.0003	0.0127319
700000.0003	0.0364092
700000.0003	-0.00889462
700000.0003	0.00834273
700000.0003	0.0444431
700000.0003	-0.0462949
700000.0003	-0.0392387
700000.0003	0.00195253
700000.0003	0.03015
700000.0003	0.00673501
700000.0003	-0.0110237
700000.0003	-0.0151862
700000.0003	0.020884
700000.0003	-0.0148525
700000.0003	0.008954
700000.0003	-0.0282667
700000.0003	-0.0277441
700000.0003	-0.00358107
700000.0003	-0.0342381
700000.0003	-0.0475811
700000.0003	-0.000355063
700000.0003	-0.0201082
700000.0003	-0.0515737
700000.0003	0.0194118
700000.0003	0.0289683
700000.0003	0.0127759
700000.0003	0.00552123
700000.0003	-0.0227711
700000.0003	-0.0424217
700000.0003	0.00675427
700000.0003	0.00671638
700000.0003	-0.0178063
700000.0003	-0.0110569
700000.0003	-0.00887816
700000.0003	-0.0525738
700000.0003	0.0414214
700000.0003	0.00305447
700000.0003	-0.012683
700000.0003	-0.0239222
700000.0003	-0.0175468
700000.0003	0.000176306
700000.0003	-0.00570134
700000.0003	-0.0176407
700000.0003	-0.00385645
700000.0003	-0.00417987
700000.0003	0.0135876
700000.0003	0.0188917
700000.0003	-0.0322238
700000.0003	0.00992328
700000.0003	-0.038391
700000.0003	0.0189164
700000.0003	-0.0244079
700000.0003	-0.020134
700000.0003	-0.0721745
700000.0003	-0.0221475
700000.0003	-0.0108071
700000.0003	0.0219712
700000.0003	0.0267487
700000.0003	-0.0236125
700000.0003	-0.00889394
700000.0003	0.0333605
700000.0003	-0.00177531
700000.0003	0.0126134
700000.0003	0.0047304
700000.0003	-0.0415033
700000.0003	0.00219649
700000.0003	-0.0234519
700000.0003	0.0169789
700000.0003	-0.0336384
700000.0003	-0.0137358
700000.0003	-0.0605616
700000.0003	-0.0241704
700000.0003	0.0353531
700000.0003	0.0225159
700000.0003	0.0349868
700000.0003	-0.0084959
700000.0003	-0.042612
700000.0003	0.00784059
700000.0003	0.0061386
700000.0003	-0.0354343
700000.0003	0.0244754
700000.0003	-0.011119
700000.0003	0.0168852
700000.0003	0.0253381
700000.0003	-0.00809578
700000.0003	-0.0157097
700000.0003	0.0152167
700000.0003	-0.0247544
700000.0003	-0.0341581
700000.0003	0.0384443
700000.0003	-0.0219376
700000.0003	-0.0111646
700000.0003	0.029644
700000.0003	0.00887369
700000.0003	-0.00555935
700000.0003	-0.0424534
700000.0003	-0.0320959
700000.0003	-0.00208366
700000.0003	0.00182471
700000.0003	-0.021439
700000.0003	-0.0218376
700000.0003	-0.0122956
700000.0003	-0.0164806
700000.0003	-0.00995413
700000.0003	0.0679497
700000.0003	-0.0182235
700000.0003	-0.0120932
700000.0003	0.00657745
700000.0003	-0.0122851
700000.0003	-0.041633
700000.0003	-0.00392953
700000.0003	-0.0117284
700000.0003	0.00456134
700000.0003	0.0433935
700000.0003	0.0340637
700000.0003	-0.000734635
700000.0003	-0.0254054
700000.0003	0.00227665
700000.0003	0.0165346
700000.0003	0.00703265
700000.0003	0.0248766
700000.0003	0.0112977
700000.0003	-0.0249566
700000.0003	0.0230458
700000.0003	0.03457
700000.0003	-0.014122
700000.0003	0.0118941
700000.0003	0.00630133
700000.0003	0.00725904
700000.0003	0.0376615
700000.0003	-0.00783432
700000.0003	-0.0188248
700000.0003	0.00399873
700000.0003	0.0109698
700000.0003	-0.0218477
700000.0003	0.0151478
700000.0003	0.00999373
700000.0003	-0.00277913
700000.0003	-0.0448805
700000.0003	-0.00693344
700000.0003	0.0205724
700000.0003	0.0153976
700000.0003	-0.0187748
700000.0003	0.00725245
700000.0003	0.00798534
700000.0003	0.000977643
700000.0003	-0.0040533
700000.0003	-0.0430901
700000.0003	0.011786
700000.0003	0.00613265
700000.0003	0.0190289
700000.0003	-0.0182091
700000.0003	-0.0121371
700000.0003	-0.00418832
700000.0003	-0.018931
700000.0003	0.0181143
700000.0003	-0.0134463
700000.0003	0.0102926
700000.0003	-0.00933489
700000.0003	-0.00754603
700000.0003	0.00766602
700000.0003	0.00612491
700000.0003	-0.00155323
700000.0003	0.0201314
700000.0003	0.00778362
700000.0003	-0.00263143
700000.0003	0.00278795
700000.0003	-0.0136394
700000.0003	0.00149609
700000.0003	-0.00433747
700000.0003	-0.010745
700000.0003	0.00488872
700000.0003	0.0187227
700000.0003	0.015225
700000.0003	0.000476916
700000.0003	0.00807358
700000.0003	0.00351919
700000.0003	0.00127959
700000.0003	-0.00604476
700000.0003	0.00876933
700000.0003	-0.00865756
700000.0003	0.0027483
700000.0003	0.00636993
700000.0003	-0.0109581
700000.0003	-0.000330075
700000.0003	-0.00854358
700000.0003	0.00763772
700000.0003	0.00134516
700000.0003	-0.0175089
700000.0003	-0.00487143
700000.0003	-0.00479893
700000.0003	0.00358514
700000.0003	0.000111354
700000.0003	0.000524827
700000.0003	-0.0097995
700000.0003	-0.00196568
700000.0003	0.00575381
700000.0003	0.000872051
700000.0003	0.000560478
700000.0003	0.00664026
700000.0003	-0.00159243
700000.0003	0.00297799
700000.0003	0.00271464
700000.0003	0.000571118
700000.0003	-0.00569177
700000.0003	0.00338434
700000.0003	-0.00351607
700000.0003	-0.00186266
700000.0003	0.000250099
700000.0003	0.00349557
700000.0003	-0.00182297
700000.0003	-0.00216049
700000.0003	0.00429414
700000.0003	0.00365695
700000.0003	-0.000821532
700000.0003	0.00138682
700000.0003	0.00143157
700000.0003	7.80967e-05
700000.0003	-0.000954553
700000.0003	-0.00214922
700000.0003	-0.000858174
700000.0003	0.000414703
700000.0003	0.00056519
700000.0003	5.70755e-05
700000.0003	0.000601605
700000.0003	-0.000316038
700000.0003	0.000325704
700000.0003	0.000614017
700000.0003	0.000294447
700000.0003	2.29121e-05
700000.0003	0.00024529
700000.0003	6.9552e-05
700000.0003	0.000840709
700000.0003	9.01148e-05
700000.0003	4.7491e-05
700000.0003	-0.000189115
700000.0003	-0.000136222
700000.0003	-0.000346943
700000.0003	1.8165e-05
700000.0003	-0.000156318
700000.0003	-2.90125e-05
700000.0003	-0.0001093
700000.0003	-9.0168e-06
700000.0003	8.33681e-05
700000.0003	-6.43002e-05
700000.0003	6.82234e-05
700000.0003	3.25326e-05
700000.0003	-9.27612e-05
700000.0003	-4.3172e-05
700000.0003	-5.9913e-05
700000.0003	5.87775e-05
700000.0003	1.5916e-05
700000.0003	-6.1919e-05
700000.0003	5.44456e-05
700000.0003	-1.69347e-05
700000.0003	1.70631e-05
700000.0003	8.80755e-05
700000.0003	3.46503e-05
700000.0003	-4.11811e-05
700000.0003	1.99789e-05
700000.0003	7.66147e-05
700000.0003	3.29518e-05
700000.0003	-1.53263e-05
700000.0003	2.86174e-05
700000.0003	-2.55839e-05
700000.0003	2.57655e-05
700000.0003	-1.7512e-05
700000.0003	5.63765e-05
700000.0003	2.21576e-07
700000.0003	1.41711e-05
700000.0003	4.23859e-06
700000.0003	3.67269e-05
700000.0003	1.48347e-05
700000.0003	-5.71283e-07
700000.0003	-5.29956e-05
700000.0003	8.57223e-06
700000.0003	-2.69231e-05
700000.0003	-6.55623e-06
700000.0003	3.72346e-05
700000.0003	1.94499e-05
700000.0003	4.3954e-05
700000.0003	-5.15341e-06
700000.0003	1.60828e-05
700000.0003	1.62111e-05
700000.0003	2.9492e-05
700000.0003	-1.39724e-05
700000.0003	-2.15974e-05
700000.0003	-1.41183e-05
700000.0003	-2.79093e-05
700000.0003	-1.08468e-05
700000.0003	-2.86948e-06
700000.0003	1.51489e-05
700000.0003	7.11902e-06
700000.0003	1.11007e-05
700000.0003	-2.64766e-06
700000.0003	-4.06069e-05
700000.0003	-1.42394e-05
700000.0003	4.18578e-06
700000.0003	2.44265e-05
700000.0003	-7.7904e-06
700000.0003	3.5504e-07
700000.0003	4.15508e-06
700000.0003	-3.44098e-06
700000.0003	-2.18613e-05
700000.0003	1.52976e-05
700000.0003	2.69278e-05
700000.0003	5.89709e-06
700000.0003	-9.06293e-07
700000.0003	1.75456e-05
700000.0003	-1.43673e-05
700000.0003	2.62727e-05
700000.0003	-4.62001e-05
700000.0003	1.13701e-05
700000.0003	-4.72772e-05
700000.0003	2.32039e-05
700000.0003	5.28105e-05
700000.0003	-1.62996e-06
700000.0003	-2.88512e-05
700000.0003	3.82357e-05
700000.0003	-3.98503e-06
700000.0003	4.6512e-05
700000.0003	-3.36763e-05
700000.0003	4.97227e-05
700000.0003	2.35746e-05
700000.0003	-3.20613e-05
700000.0003	-1.49444e-06
700000.0003	2.13501e-05
700000.0003	-2.08545e-05
700000.0003	8.81131e-05
700000.0003	2.91978e-06
700000.0003	2.18948e-05
700000.0003	-7.82585e-05
700000.0003	-4.43574e-05
700000.0003	6.52463e-05
700000.0003	2.24855e-05
700000.0003	-6.49034e-05
700000.0003	7.08692e-06
700000.0003	-4.68926e-05
700000.0003	2.51638e-05
700000.0003	-0.000133281
700000.0003	-0.000113576
700000.0003	2.63952e-05
700000.0003	7.01167e-05
700000.0003	5.93541e-05
700000.0003	-0.000109822
700000.0003	5.67168e-05
700000.0003	-0.00012913
700000.0003	2.64715e-05
700000.0003	0.000242335
700000.0003	0.000126659
700000.0003	7.42516e-05
700000.0003	0.000128603
700000.0003	-0.000200241
700000.0003	0.000280343
700000.0003	7.19944e-05
700000.0003	0.000102711
700000.0003	-5.67437e-05
700000.0003	-0.000616309
700000.0003	0.000198861
700000.0003	-0.000378026
700000.0003	0.000303671
700000.0003	-0.00031338
700000.0003	0.0013271
700000.0003	0.00271302
700000.0003	0.00390492
700000.0003	-0.000376378
700000.0003	0.000711535
700000.0003	0.00129494
700000.0003	-0.00405422
700000.0003	-0.0029689
700000.0003	-0.00380682
700000.0003	0.00523981
700000.0003	0.0103359
700000.0003	-0.0186027
700000.0003	0.0117145
700000.0003	-0.00192817
700000.0003	0.0126453
700000.0003	0.0028942
700000.0003	0.0105819
700000.0003	-0.0419609
700000.0003	0.0155539
700000.0003	-0.0314087
700000.0003	0.0232461
700000.0003	-0.00102364
700000.0003	0.0288449
700000.0003	0.0203889
700000.0003	0.0206109
700000.0003	-0.00308085
700000.0003	-0.0151568
700000.0003	0.0109482
700000.0003	-0.021971
700000.0003	0.0289611
700000.0003	-0.0354152
700000.0003	-0.0154677
700000.0003	0.0407745
700000.0003	0.00771668
700000.0003	0.0165937
700000.0003	0.00451464
700000.0003	0.0283346
700000.0003	0.0102267
700000.0003	0.0119469
700000.0003	0.0269345
700000.0003	-0.0119497
700000.0003	0.0192895
700000.0003	0.0340914
700000.0003	-0.050697
700000.0003	-0.0230631
700000.0003	0.0265254
700000.0003	0.0296831
700000.0003	0.00759505
700000.0003	-0.00921151
700000.0003	-0.0198146
700000.0003	0.0127427
700000.0003	-0.00303381
700000.0003	0.000738475
700000.0003	-0.0317073
700000.0003	-0.0305004
700000.0003	0.000933044
700000.0003	-0.0288439
700000.0003	-0.0562053
700000.0003	-0.0197359
700000.0003	-0.020504
700000.0003	-0.0613708
700000.0003	0.0154687
700000.0003	0.022768
700000.0003	0.00549255
700000.0003	-0.0039717
700000.0003	-0.0238142
700000.0003	-0.035695
700000.0003	-0.00463238
700000.0003	-0.0025158
700000.0003	-0.0223905
700000.0003	0.00433671
700000.0003	-0.0171802
700000.0003	-0.0472163
700000.0003	0.0294136
700000.0003	0.00657535
700000.0003	-0.00320719
700000.0003	-0.0233566
700000.0003	-0.0164082
700000.0003	0.00434916
700000.0003	-0.0108835
700000.0003	-0.0201077
700000.0003	0.000583764
700000.0003	-0.00638493
700000.0003	0.0183653
700000.0003	0.0218259
700000.0003	-0.0490793
700000.0003	0.0136109
700000.0003	-0.026358
700000.0003	0.00288389
700000.0003	-0.041609
700000.0003	-0.00669458
700000.0003	-0.0635536
700000.0003	-0.0314616
700000.0003	-0.00997703
700000.0003	0.00256523
700000.0003	0.0222149
700000.0003	-0.0259903
700000.0003	0.00389481
700000.0003	0.0418692
700000.0003	0.00093541
700000.0003	0.0187776
700000.0003	0.00579675
700000.0003	-0.0350413
700000.0003	0.00708965
700000.0003	-0.0141642
700000.0003	0.00993647
700000.0003	-0.0265324
700000.0003	-0.0153823
700000.0003	-0.0515801
700000.0003	-0.0247486
700000.0003	0.0279862
700000.0003	0.0347063
700000.0003	0.0353457
700000.0003	-0.00436062
700000.0003	-0.0379921
700000.0003	0.00910361
700000.0003	-0.00439651
700000.0003	-0.0390066
700000.0003	0.0380188
700000.0003	-0.0101652
700000.0003	0.0242912
700000.0003	0.030625
700000.0003	0.00615554
700000.0003	-0.0136061
700000.0003	0.0110186
700000.0003	-0.0279877
700000.0003	-0.0413042
700000.0003	0.0260106
700000.0003	-0.0182631
700000.0003	-0.00513131
700000.0003	0.041111
700000.0003	0.00833041
700000.0003	-0.00994107
700000.0003	-0.0403796
700000.0003	-0.0226995
700000.0003	0.00744866
700000.0003	0.00835856
700000.0003	-0.0170621
700000.0003	-0.0167413
700000.0003	0.00215327
700000.0003	-0.0219245
700000.0003	-0.000636554
700000.0003	0.0622941
700000.0003	-0.0126666
700000.0003	-0.0226157
700000.0003	0.00552421
700000.0003	-0.0152885
700000.0003	-0.0489482
700000.0003	0.00423803
700000.0003	0.00186359
700000.0003	0.00457699
700000.0003	0.0439981
700000.0003	0.0133261
700000.0003	-0.00381124
700000.0003	-0.0230821
700000.0003	0.0129973
700000.0003	0.0188494
700000.0003	0.00469237
700000.0003	0.00851983
700000.0003	0.00632571
700000.0003	-0.0307539
700000.0003	0.0138548
700000.0003	0.0287376
700000.0003	-0.0110553
700000.0003	0.0106897
700000.0003	0.0105502
700000.0003	0.00263091
700000.0003	0.0328437
700000.0003	-0.00820847
700000.0003	-0.0323715
700000.0003	0.00706614
700000.0003	0.0032416
700000.0003	-0.0159538
700000.0003	0.0152998
700000.0003	0.00675156
700000.0003	-0.00777088
700000.0003	-0.0388038
700000.0003	-0.0170688
700000.0003	0.0218464
700000.0003	0.00522408
700000.0003	-0.017251
700000.0003	0.0152401
700000.0003	0.0144707
700000.0003	0.0114307
700000.0003	-0.0139661
700000.0003	-0.0464358
700000.0003	0.0208827
700000.0003	-0.000516309
700000.0003	0.0195056
700000.0003	-0.0152076
700000.0003	-0.0206811
700000.0003	-0.0085091
700000.0003	-0.0235736
700000.0003	0.0156721
700000.0003	-0.0124947
700000.0003	-0.00344134
700000.0003	-0.018415
700000.0003	-0.00404785
700000.0003	0.00910461
700000.0003	0.0167931
700000.0003	0.00354795
700000.0003	0.0108664
700000.0003	0.00978313
700000.0003	0.000674484
700000.0003	-0.00175284
700000.0003	-0.0104674
700000.0003	-0.0111469
700000.0003	0.00474271
700000.0003	-0.0118057
700000.0003	0.00304609
700000.0003	0.0314568
700000.0003	0.0106432
700000.0003	-0.00442479
700000.0003	0.00690765
700000.0003	0.00441012
700000.0003	0.0010826
700000.0003	-0.00524512
700000.0003	0.00117988
700000.0003	-0.00737113
700000.0003	9.1635e-05
700000.0003	0.0125449
700000.0003	-0.00541707
700000.0003	0.00166092
700000.0003	-0.0105124
700000.0003	0.00172212
700000.0003	-0.00556478
700000.0003	-0.0176058
700000.0003	-0.00254108
700000.0003	-0.00213299
700000.0003	0.00346919
700000.0003	-0.000213783
700000.0003	-0.00194811
700000.0003	0.00134458
700000.0003	0.00221799
700000.0003	-0.00310498
700000.0003	-0.00397281
700000.0003	-0.00326055
700000.0003	0.00888613
700000.0003	-0.00609975
700000.0003	-0.000733429
700000.0003	0.00120953
700000.0003	0.00403746
700000.0003	0.00011219
700000.0003	-0.00139871
700000.0003	0.00141838
700000.0003	0.00607742
700000.0003	-0.00431106
700000.0003	-0.00335696
700000.0003	-0.001309
700000.0003	0.000897584
700000.0003	0.00245487
700000.0003	0.00156168
700000.0003	-0.00204662
700000.0003	0.00104438
700000.0003	0.000350839
700000.0003	-0.000398568
700000.0003	-0.000220271
700000.0003	-0.000792049
700000.0003	0.000580536
700000.0003	0.000854191
700000.0003	0.000215564
700000.0003	0.000621545
700000.0003	-0.000282465
700000.0003	-0.000196772
700000.0003	-9.2687e-05
700000.0003	-0.000385584
700000.0003	-6.13785e-05
700000.0003	0.000123309
700000.0003	-0.000486924
700000.0003	-0.000414962
700000.0003	8.95176e-05
700000.0003	-0.000419798
700000.0003	-7.46277e-06
700000.0003	0.000115735
700000.0003	-2.07046e-05
700000.0003	0.000113047
700000.0003	-0.000136327
700000.0003	-0.000108537
700000.0003	-0.000103636
700000.0003	-0.000174478
700000.0003	0.000216936
700000.0003	-8.38366e-05
700000.0003	-1.02114e-05
700000.0003	-7.43323e-05
700000.0003	5.60189e-07
700000.0003	8.64635e-05
700000.0003	0.000133922
700000.0003	2.78411e-05
700000.0003	7.6423e-05
700000.0003	-5.16706e-05
700000.0003	1.71452e-05
700000.0003	-2.20348e-05
700000.0003	-7.20517e-05
700000.0003	2.07603e-05
700000.0003	-4.21472e-05
700000.0003	1.82901e-05
700000.0003	-3.6512e-05
700000.0003	4.18035e-05
700000.0003	-5.95632e-05
700000.0003	5.57273e-06
700000.0003	2.03837e-05
700000.0003	6.79349e-06
700000.0003	-4.15962e-06
700000.0003	1.82981e-05
700000.0003	2.02092e-06
700000.0003	1.26146e-05
700000.0003	6.70589e-05
700000.0003	-2.24122e-05
700000.0003	1.17446e-05
700000.0003	-3.64471e-05
700000.0003	4.71334e-05
700000.0003	-1.33987e-05
700000.0003	3.75412e-06
700000.0003	3.11099e-05
700000.0003	-1.63312e-05
700000.0003	2.22483e-06
700000.0003	-8.63687e-06
700000.0003	-1.67914e-05
700000.0003	4.43129e-05
700000.0003	-4.91845e-06
700000.0003	-7.3834e-06
700000.0003	-2.15265e-05
700000.0003	-9.87144e-07
700000.0003	-2.32254e-05
700000.0003	-3.99328e-05
700000.0003	-3.3266e-05
700000.0003	-4.74331e-05
700000.0003	4.13544e-06
700000.0003	1.31932e-05
700000.0003	-3.95885e-05
700000.0003	1.36406e-05
700000.0003	7.01031e-06
700000.0003	8.68001e-06
700000.0003	8.56012e-06
700000.0003	-3.13703e-05
700000.0003	-4.66257e-05
700000.0003	3.27318e-06
700000.0003	-3.93654e-05
700000.0003	-2.45496e-05
700000.0003	-2.08648e-05
700000.0003	-7.33039e-05
700000.0003	-3.69137e-05
700000.0003	2.77344e-06
700000.0003	-6.48869e-06
700000.0003	-4.57393e-06
700000.0003	-7.00186e-05
700000.0003	-2.80413e-05
700000.0003	-5.73962e-05
700000.0003	-5.16889e-05
700000.0003	-2.90207e-05
700000.0003	7.87611e-05
700000.0003	9.46626e-06
700000.0003	5.56209e-05
700000.0003	5.2239e-06
700000.0003	-7.92564e-06
700000.0003	-5.53077e-06
700000.0003	9.64199e-05
700000.0003	-2.68807e-05
700000.0003	9.81835e-06
700000.0003	-2.45373e-05
700000.0003	-3.7018e-05
700000.0003	-5.93873e-05
700000.0003	3.32853e-05
700000.0003	-5.61246e-05
700000.0003	3.04615e-05
700000.0003	5.70048e-05
700000.0003	-8.69537e-05
700000.0003	6.65485e-05
700000.0003	-1.07838e-05
700000.0003	-3.94385e-05
700000.0003	8.11982e-05
700000.0003	-9.01889e-06
700000.0003	5.13582e-05
700000.0003	0.000115056
700000.0003	-1.1008e-05
700000.0003	2.5654e-06
700000.0003	0.000135793
700000.0003	-1.03729e-05
700000.0003	9.08633e-05
700000.0003	-7.2371e-05
700000.0003	3.21812e-06
700000.0003	0.000178118
700000.0003	0.000157495
700000.0003	0.00017639
700000.0003	-1.80414e-05
700000.0003	0.00025222
700000.0003	-5.40132e-05
700000.0003	-0.000199291
700000.0003	1.24829e-05
700000.0003	1.26209e-05
700000.0003	0.0185404
700000.0003	0.0239727
700000.0003	0.0369271
700000.0003	0.0609898
700000.0003	0.100885
700000.0003	0.165973
700000.0003	0.265234
700000.0003	0.409389
700000.0003	0.607379
700000.0003	0.877785
700000.0003	1.25332
700000.0003	1.76044
700000.0003	2.45196
700000.0003	3.33706
700000.0003	4.45745
700000.0003	5.83684
700000.0003	7.43985
700000.0003	9.26199
700000.0003	11.2553
700000.0003	13.3561
700000.0003	15.3044
700000.0003	16.9004
700000.0003	18.1763
700000.0003	19.0816
700000.0003	19.5058
700000.0003	19.7463
700000.0003	19.6641
700000.0003	19.5454
700000.0003	19.2309
700000.0003	19.1056
700000.0003	18.7258
700000.0003	18.5388
700000.0003	18.2845
700000.0003	18.0175
700000.0003	17.7584
700000.0003	17.4024
700000.0003	17.0933
700000.0003	16.9933
700000.0003	16.6826
700000.0003	16.3298
700000.0003	15.8785
700000.0003	15.6891
700000.0003	15.3649
700000.0003	15.1492
700000.0003	14.8614
700000.0003	14.6141
700000.0003	14.4105
700000.0003	14.2412
700000.0003	14.1005
700000.0003	13.9138
700000.0003	13.7076
700000.0003	13.5976
700000.0003	13.4839
700000.0003	13.3075
700000.0003	13.1918
700000.0003	13.0742
700000.0003	13.0053
700000.0003	12.892
700000.0003	12.7805
700000.0003	12.7111
700000.0003	12.6359
700000.0003	12.4768
700000.0003	12.4412
700000.0003	12.3363
700000.0003	12.1616
700000.0003	12.2272
700000.0003	12.1734
700000.0003	12.0829
700000.0003	12.0107
700000.0003	11.8019
700000.0003	11.9047
700000.0003	11.8077
700000.0003	11.7175
700000.0003	11.6746
700000.0003	11.641
700000.0003	11.5733
700000.0003	11.5517
700000.0003	11.459
700000.0003	11.4733
700000.0003	11.4927
700000.0003	11.4162
700000.0003	11.3535
700000.0003	11.4164
700000.0003	11.312
700000.0003	11.303
700000.0003	11.264
700000.0003	11.1737
700000.0003	11.157
700000.0003	11.1228
700000.0003	11.0858
700000.0003	11.0982
700000.0003	11.063
700000.0003	11.0853
700000.0003	11.0228
700000.0003	10.9965
700000.0003	10.9789
700000.0003	11.002
700000.0003	10.9606
700000.0003	10.9287
700000.0003	11.033
700000.0003	10.8998
700000.0003	10.851
700000.0003	10.8883
700000.0003	10.8959
700000.0003	10.9407
700000.0003	10.8325
700000.0003	10.8392
700000.0003	10.7966
700000.0003	10.7694
700000.0003	10.7634
700000.0003	10.7557
700000.0003	10.755
700000.0003	10.7964
700000.0003	10.7136
700000.0003	10.6998
700000.0003	10.6786
700000.0003	10.7522
700000.0003	10.7112
700000.0003	10.6961
700000.0003	10.7444
700000.0003	10.6759
700000.0003	10.6396
700000.0003	10.6543
700000.0003	10.6509
700000.0003	10.7359
700000.0003	10.584
700000.0003	10.6442
700000.0003	10.6833
700000.0003	10.6785
700000.0003	10.795
700000.0003	10.6401
700000.0003	10.6495
700000.0003	10.5868
700000.0003	10.6386
700000.0003	10.6903
700000.0003	10.6486
700000.0003	10.6253
700000.0003	10.6288
700000.0003	10.6175
700000.0003	10.6475
700000.0003	10.6335
700000.0003	10.5749
700000.0003	10.646
700000.0003	10.6515
700000.0003	10.6448
700000.0003	10.6024
700000.0003	10.6111
700000.0003	10.6408
700000.0003	10.504
700000.0003	10.4697
700000.0003	10.5075
700000.0003	10.492
700000.0003	10.513
700000.0003	10.4027
700000.0003	10.3973
700000.0003	10.4151
700000.0003	10.3328
700000.0003	10.3336
700000.0003	10.3004
700000.0003	10.2616
700000.0003	10.1789
700000.0003	10.2486
700000.0003	10.0811
700000.0003	10.0864
700000.0003	10.0191
700000.0003	9.95145
700000.0003	9.95144
700000.0003	9.87055
700000.0003	9.80488
700000.0003	9.74725
700000.0003	9.74249
700000.0003	9.74127
700000.0003	9.62807
700000.0003	9.46052
700000.0003	9.53357
700000.0003	9.39361
700000.0003	9.33437
700000.0003	9.36113
700000.0003	9.27827
700000.0003	9.15856
700000.0003	9.10288
700000.0003	9.04545
700000.0003	9.00654
700000.0003	8.94007
700000.0003	8.81048
700000.0003	8.75846
700000.0003	8.74147
700000.0003	8.61072
700000.0003	8.57634
700000.0003	8.48412
700000.0003	8.35173
700000.0003	8.31949
700000.0003	8.17629
700000.0003	8.12666
700000.0003	8.06351
700000.0003	7.99495
700000.0003	7.97747
700000.0003	7.8454
700000.0003	7.77791
700000.0003	7.70239
700000.0003	7.62721
700000.0003	7.56336
700000.0003	7.48743
700000.0003	7.39687
700000.0003	7.33389
700000.0003	7.19085
700000.0003	7.14654
700000.0003	7.05317
700000.0003	6.97002
700000.0003	6.90833
700000.0003	6.85209
700000.0003	6.76583
700000.0003	6.68678
700000.0003	6.61699
700000.0003	6.544
700000.0003	6.44871
700000.0003	6.38114
700000.0003	6.33151
700000.0003	6.26614
700000.0003	6.16516
700000.0003	6.14732
700000.0003	6.09967
700000.0003	5.9995
700000.0003	5.96016
700000.0003	5.90412
700000.0003	5.84961
700000.0003	5.80868
700000.0003	5.77189
700000.0003	5.75069
700000.0003	5.70444
700000.0003	5.65088
700000.0003	5.61832
700000.0003	5.5937
700000.0003	5.55912
700000.0003	5.54156
700000.0003	5.4978
700000.0003	5.45493
700000.0003	5.37135
700000.0003	5.32075
700000.0003	5.22514
700000.0003	5.10145
700000.0003	4.98103
700000.0003	4.83882
700000.0003	4.65963
700000.0003	4.46648
700000.0003	4.25957
700000.0003	4.0362
700000.0003	3.78353
700000.0003	3.54457
700000.0003	3.28383
700000.0003	3.03528
700000.0003	2.79614
700000.0003	2.55953
700000.0003	2.33301
700000.0003	2.1264
700000.0003	1.92453
700000.0003	1.74481
700000.0003	1.58305
700000.0003	1.42176
700000.0003	1.27861
700000.0003	1.1506
700000.0003	1.03458
700000.0003	0.927723
700000.0003	0.824274
700000.0003	0.734966
700000.0003	0.650168
700000.0003	0.575675
700000.0003	0.506807
700000.0003	0.444253
700000.0003	0.389749
700000.0003	0.338285
700000.0003	0.296284
700000.0003	0.255831
700000.0003	0.220614
700000.0003	0.189122
700000.0003	0.160073
700000.0003	0.13724
700000.0003	0.114899
700000.0003	0.0973365
700000.0003	0.0825026
700000.0003	0.068845
700000.0003	0.0578278
700000.0003	0.0482518
700000.0003	0.0403797
700000.0003	0.0341462
700000.0003	0.0281782
700000.0003	0.023793
700000.0003	0.0201107
700000.0003	0.0168099
700000.0003	0.0143586
700000.0003	0.0124962
700000.0003	0.0107495
700000.0003	0.00957092
700000.0003	0.00842517
700000.0003	0.00736375
700000.0003	0.00675091
700000.0003	0.00621714
700000.0003	0.00579039
700000.0003	0.00550156
700000.0003	0.00525493
700000.0003	0.00512919
700000.0003	0.00501414
700000.0003	0.00486663
700000.0003	0.00484842
700000.0003	0.00476754
700000.0003	0.00467133
700000.0003	0.00463263
700000.0003	0.00454478
700000.0003	0.00452491
700000.0003	0.00446004
700000.0003	0.00443774
700000.0003	0.00434946
700000.0003	0.00434078
700000.0003	0.00433387
700000.0003	0.00435107
700000.0003	0.0043106
700000.0003	0.00428862
700000.0003	0.00424133
700000.0003	0.00417392
700000.0003	0.00423822
700000.0003	0.00417972
700000.0003	0.00421378
700000.0003	0.00419457
700000.0003	0.00412825
700000.0003	0.00414108
700000.0003	0.00414933
700000.0003	0.00412651
700000.0003	0.00415474
700000.0003	0.00416143
700000.0003	0.00410146
700000.0003	0.0041305
700000.0003	0.0041035
700000.0003	0.00410273
700000.0003	0.0040989
700000.0003	0.00411602
700000.0003	0.00412091
700000.0003	0.00413567
700000.0003	0.00410618
700000.0003	0.00416008
700000.0003	0.0041073
700000.0003	0.00408779
700000.0003	0.00407052
700000.0003	0.00413235
700000.0003	0.00408374
700000.0003	0.00412805
700000.0003	0.00408206
700000.0003	0.00411525
700000.0003	0.00410305
700000.0003	0.00413022
700000.0003	0.00413684
700000.0003	0.00413881
700000.0003	0.00415006
700000.0003	0.00415585
700000.0003	0.00418082
700000.0003	0.00416762
700000.0003	0.00419675
700000.0003	0.00421613
700000.0003	0.00423327
700000.0003	0.00424904
700000.0003	0.00425559
700000.0003	0.00428611
700000.0003	0.0043435
700000.0003	0.00429771
700000.0003	0.00437048
700000.0003	0.00439284
700000.0003	0.00441548
700000.0003	0.00440341
700000.0003	0.00447913
700000.0003	0.00451945
700000.0003	0.00457699
700000.0003	0.00454058
700000.0003	0.00459233
700000.0003	0.00469458
700000.0003	0.00468612
700000.0003	0.00483349
700000.0003	0.00488165
700000.0003	0.00495838
700000.0003	0.00504931
700000.0003	0.00507709
700000.0003	0.00526552
700000.0003	0.00542
700000.0003	0.00561217
700000.0003	0.00568225
700000.0003	0.0058927
700000.0003	0.0060258
700000.0003	0.00630009
700000.0003	0.00661213
700000.0003	0.00679195
700000.0003	0.0072506
700000.0003	0.00768211
700000.0003	0.00814565
700000.0003	0.00851564
700000.0003	0.00928926
700000.0003	0.00998078
700000.0003	0.0107097
700000.0003	0.0116557
700000.0003	0.0127227
700000.0003	0.0138161
700000.0003	0.0151014
700000.0003	0.0166436
