700000.0003	63.9845
700000.0003	113.079
700000.0003	193.774
700000.0003	311.751
700000.0003	482.794
700000.0003	697.763
700000.0003	962.475
700000.0003	1256.57
700000.0003	1590.48
700000.0003	1962.91
700000.0003	2393.85
700000.0003	2857.69
700000.0003	3314.11
700000.0003	3654.37
700000.0003	3803.6
700000.0003	3735.97
700000.0003	3458.35
700000.0003	3047.94
700000.0003	2590.61
700000.0003	2139.14
700000.0003	1727.83
700000.0003	1364.11
700000.0003	1058.95
700000.0003	810.628
700000.0003	611.463
700000.0003	464.118
700000.0003	350.143
700000.0003	261
700000.0003	200.357
700000.0003	152.522
700000.0003	117.037
700000.0003	90.6162
700000.0003	69.3211
700000.0003	56.0648
700000.0003	43.2247
700000.0003	34.4932
700000.0003	26.9864
700000.0003	21.7037
700000.0003	18.3709
700000.0003	13.3904
700000.0003	11.4329
700000.0003	8.45228
700000.0003	8.82457
700000.0003	6.67333
700000.0003	6.74673
700000.0003	6.29111
700000.0003	3.92345
700000.0003	3.7171
700000.0003	3.94367
700000.0003	3.98049
700000.0003	3.96689
700000.0003	4.58338
700000.0003	2.77987
700000.0003	1.96297
700000.0003	2.63124
700000.0003	2.3845
700000.0003	3.02466
700000.0003	2.32922
700000.0003	0.823394
700000.0003	3.28289
700000.0003	2.66245
700000.0003	1.49847
700000.0003	0.677663
700000.0003	1.53023
700000.0003	1.47302
700000.0003	3.1875
700000.0003	1.66677
700000.0003	0.686925
700000.0003	1.47983
700000.0003	0.647254
700000.0003	0.562367
700000.0003	0.775189
700000.0003	0.431594
700000.0003	0.816497
700000.0003	1.05287
700000.0003	1.64982
700000.0003	0.540756
700000.0003	1.52643
700000.0003	1.66542
700000.0003	0.730418
700000.0003	0.573829
700000.0003	0.168137
700000.0003	0.0455059
700000.0003	0.737393
700000.0003	0.585989
700000.0003	-0.219416
700000.0003	0.400263
700000.0003	1.42208
700000.0003	0.77334
700000.0003	-0.38535
700000.0003	1.31136
700000.0003	1.44884
700000.0003	-0.0692534
700000.0003	0.362957
700000.0003	0.454314
700000.0003	1.11178
700000.0003	-1.0029
700000.0003	0.0398446
700000.0003	0.27979
700000.0003	0.385881
700000.0003	0.374572
700000.0003	0.731544
700000.0003	-0.740366
700000.0003	-0.628058
700000.0003	0.616886
700000.0003	-0.383397
700000.0003	-0.213506
700000.0003	0.97844
700000.0003	1.02524
700000.0003	1.22421
700000.0003	0.0209894
700000.0003	0.696484
700000.0003	1.00236
700000.0003	0.260013
700000.0003	-0.524208
700000.0003	-1.25799
700000.0003	0.258528
700000.0003	-0.119945
700000.0003	-0.805107
700000.0003	-0.401313
700000.0003	0.808882
700000.0003	0.694069
700000.0003	0.179082
700000.0003	0.613187
700000.0003	-0.110029
700000.0003	-0.675166
700000.0003	0.20188
700000.0003	0.152647
700000.0003	1.05942
700000.0003	0.0273801
700000.0003	-0.165505
700000.0003	1.09843
700000.0003	-0.0891919
700000.0003	0.306516
700000.0003	-0.392568
700000.0003	-0.293234
700000.0003	0.0969025
700000.0003	-0.140198
700000.0003	-0.636734
700000.0003	-0.850209
700000.0003	0.159165
700000.0003	0.494235
700000.0003	0.13704
700000.0003	-0.595957
700000.0003	-0.255842
700000.0003	0.414053
700000.0003	-0.551514
700000.0003	-0.538344
700000.0003	-0.995375
700000.0003	-1.17751
700000.0003	-0.712125
700000.0003	-1.55067
700000.0003	-0.82256
700000.0003	-1.50343
700000.0003	-1.36388
700000.0003	-2.09794
700000.0003	-1.24747
700000.0003	-2.29254
700000.0003	0.0352642
700000.0003	-3.24415
700000.0003	-2.2216
700000.0003	-2.00943
700000.0003	-1.82706
700000.0003	-1.81994
700000.0003	-1.5569
700000.0003	-2.19082
700000.0003	-2.37734
700000.0003	-3.11067
700000.0003	-2.61501
700000.0003	-2.23208
700000.0003	-2.2399
700000.0003	-3.01175
700000.0003	-3.17503
700000.0003	-2.12433
700000.0003	-2.9731
700000.0003	-3.99143
700000.0003	-3.57229
700000.0003	-4.00393
700000.0003	-4.75175
700000.0003	-4.27037
700000.0003	-4.92723
700000.0003	-3.13762
700000.0003	-5.03518
700000.0003	-3.42636
700000.0003	-4.78929
700000.0003	-4.91051
700000.0003	-5.63162
700000.0003	-5.512
700000.0003	-4.98169
700000.0003	-7.55371
700000.0003	-7.40916
700000.0003	-7.25665
700000.0003	-6.83025
700000.0003	-7.59542
700000.0003	-7.6697
700000.0003	-8.25017
700000.0003	-8.08078
700000.0003	-7.92152
700000.0003	-7.75216
700000.0003	-9.2477
700000.0003	-10.8547
700000.0003	-9.68371
700000.0003	-11.4227
700000.0003	-13.1235
700000.0003	-12.9457
700000.0003	-12.507
700000.0003	-12.7605
700000.0003	-14.0139
700000.0003	-15.1838
700000.0003	-17.1457
700000.0003	-14.7663
700000.0003	-18.451
700000.0003	-19.1985
700000.0003	-21.4017
700000.0003	-21.9397
700000.0003	-21.7783
700000.0003	-25.136
700000.0003	-28.51
700000.0003	-28.6215
700000.0003	-32.186
700000.0003	-36.3209
700000.0003	-38.8666
700000.0003	-43.8645
700000.0003	-48.1595
700000.0003	-52.8437
700000.0003	-58.8477
700000.0003	-69.8839
700000.0003	-77.0802
700000.0003	-87.8796
700000.0003	-100.721
700000.0003	-116.902
700000.0003	-134.689
700000.0003	-155.67
700000.0003	-183.509
700000.0003	-212.118
700000.0003	-248.233
700000.0003	-289.327
700000.0003	-335.65
700000.0003	-392.875
700000.0003	-455.044
700000.0003	-523.043
700000.0003	-599.241
700000.0003	-679.313
700000.0003	-772.793
700000.0003	-869.299
700000.0003	-965.946
700000.0003	-1063.38
700000.0003	-1161.13
700000.0003	-1245.51
700000.0003	-1331.33
700000.0003	-1399.78
700000.0003	-1453.82
700000.0003	-1486.55
700000.0003	-1510.86
700000.0003	-1513.2
700000.0003	-1500.95
700000.0003	-1476.68
700000.0003	-1439.65
700000.0003	-1384.87
700000.0003	-1333.83
700000.0003	-1271.12
700000.0003	-1205.44
700000.0003	-1139.97
700000.0003	-1073.81
700000.0003	-1007.47
700000.0003	-932.793
700000.0003	-868.394
700000.0003	-798.318
700000.0003	-734.487
700000.0003	-673.552
700000.0003	-611.699
700000.0003	-552.575
700000.0003	-495.429
700000.0003	-442.444
700000.0003	-393.293
700000.0003	-346.727
700000.0003	-303.295
700000.0003	-268.415
700000.0003	-234.61
700000.0003	-205.384
700000.0003	-178.52
700000.0003	-154.341
700000.0003	-137.406
700000.0003	-118.1
700000.0003	-105.004
700000.0003	-94.2755
700000.0003	-86.9079
700000.0003	-78.5366
700000.0003	-71.5945
700000.0003	-65.1229
700000.0003	-60.9788
700000.0003	-57.713
700000.0003	-54.1423
700000.0003	-51.1599
700000.0003	-49.7156
700000.0003	-48.4862
700000.0003	-46.5326
700000.0003	-44.5247
700000.0003	-44.1999
700000.0003	-43.1023
700000.0003	-42.5745
700000.0003	-42.7516
700000.0003	-42.5777
700000.0003	-42.8373
700000.0003	-41.7776
700000.0003	-42.4331
700000.0003	-42.1532
700000.0003	-41.0803
700000.0003	-41.9581
700000.0003	-41.0114
700000.0003	-41.4125
700000.0003	-41.0285
700000.0003	-40.863
700000.0003	-41.2588
700000.0003	-41.4884
700000.0003	-40.8855
700000.0003	-41.3518
700000.0003	-40.9334
700000.0003	-41.3598
700000.0003	-40.9618
700000.0003	-41.6479
700000.0003	-41.285
700000.0003	-39.7088
700000.0003	-41.5062
700000.0003	-41.1201
700000.0003	-41.0447
700000.0003	-41.2826
700000.0003	-41.216
700000.0003	-40.8082
700000.0003	-40.5957
700000.0003	-39.0907
700000.0003	-40.4119
700000.0003	-40.6354
700000.0003	-40.8431
700000.0003	-40.7142
700000.0003	-40.4109
700000.0003	-40.3272
700000.0003	-39.4256
700000.0003	-40.1564
700000.0003	-39.3053
700000.0003	-39.48
700000.0003	-40.3996
700000.0003	-40.5638
700000.0003	-40.2966
700000.0003	-39.9699
700000.0003	-39.9933
700000.0003	-40.8605
700000.0003	-40.5698
700000.0003	-40.3384
700000.0003	-40.4919
700000.0003	-40.0012
700000.0003	-39.6612
700000.0003	-40.6708
700000.0003	-39.871
700000.0003	-40.0055
700000.0003	-39.3726
700000.0003	-40.3994
700000.0003	-39.8491
700000.0003	-40.2938
700000.0003	-40.1822
700000.0003	-39.3578
700000.0003	-40.1561
700000.0003	-40.4036
700000.0003	-39.58
700000.0003	-39.2329
700000.0003	-40.42
700000.0003	-38.7943
700000.0003	-40.022
700000.0003	-38.9581
700000.0003	-39.3655
700000.0003	-38.9076
700000.0003	-39.0136
700000.0003	-39.8652
700000.0003	-39.3948
700000.0003	-38.6338
700000.0003	-38.819
700000.0003	-38.3982
700000.0003	-38.3429
700000.0003	-38.6532
700000.0003	-38.0937
700000.0003	-37.0455
700000.0003	-38.0913
700000.0003	-37.9481
700000.0003	-36.9423
700000.0003	-35.9682
700000.0003	-35.9754
700000.0003	-35.4774
700000.0003	-35.1988
700000.0003	-33.8686
700000.0003	-31.8953
700000.0003	-32.0095
700000.0003	-29.8942
700000.0003	-27.3888
700000.0003	-24.7205
700000.0003	-19.8684
700000.0003	-14.0317
700000.0003	-8.41514
700000.0003	3.47826
700000.0003	17.1421
700000.0003	35.6475
700000.0003	0.244256
700000.0003	0.907775
700000.0003	0.350555
700000.0003	-0.287629
700000.0003	0.439986
700000.0003	-1.10595
700000.0003	-0.402423
700000.0003	-0.857099
700000.0003	-0.0998101
700000.0003	0.0199352
700000.0003	0.911904
700000.0003	5.09283
700000.0003	-1.63503
700000.0003	-1.46212
700000.0003	-0.269234
700000.0003	-6.21185
700000.0003	0.625964
700000.0003	-1.13467
700000.0003	2.2069
700000.0003	2.4029
700000.0003	-0.0867399
700000.0003	-1.89868
700000.0003	-0.422155
700000.0003	2.07291
700000.0003	0.440262
700000.0003	-1.26517
700000.0003	-0.349032
700000.0003	-0.246649
700000.0003	0.420533
700000.0003	0.708617
700000.0003	0.387355
700000.0003	-0.213754
700000.0003	-0.910567
700000.0003	2.00885
700000.0003	-1.72852
700000.0003	-0.213028
700000.0003	-0.85119
700000.0003	0.0776623
700000.0003	0.632527
700000.0003	0.0566729
700000.0003	1.79308
700000.0003	-0.0571611
700000.0003	-0.67209
700000.0003	-0.151139
700000.0003	0.536185
700000.0003	-0.261182
700000.0003	0.345469
700000.0003	-0.574649
700000.0003	-0.689363
700000.0003	0.142042
700000.0003	-0.252787
700000.0003	-0.594814
700000.0003	0.223985
700000.0003	0.674973
700000.0003	0.160855
700000.0003	0.810579
700000.0003	-0.96068
700000.0003	-0.4505
700000.0003	0.103242
700000.0003	-0.450136
700000.0003	0.0627251
700000.0003	0.535484
700000.0003	-0.361172
700000.0003	0.096104
700000.0003	-0.71462
700000.0003	0.732187
700000.0003	-0.554024
700000.0003	0.753229
700000.0003	-0.0295282
700000.0003	1.2444
700000.0003	-0.548791
700000.0003	0.138759
700000.0003	-0.981115
700000.0003	-0.367553
700000.0003	-0.280754
700000.0003	-0.0967821
700000.0003	0.384985
700000.0003	-0.572331
700000.0003	0.819846
700000.0003	0.293846
700000.0003	0.302079
700000.0003	0.327695
700000.0003	0.738514
700000.0003	-0.255916
700000.0003	-0.671943
700000.0003	-0.376104
700000.0003	0.867333
700000.0003	-0.0562448
700000.0003	-0.470938
700000.0003	-0.384895
700000.0003	-1.17881
700000.0003	-0.0168241
700000.0003	0.317958
700000.0003	1.18989
700000.0003	-0.17704
700000.0003	0.135768
700000.0003	0.662712
700000.0003	-0.300864
700000.0003	0.194169
700000.0003	-0.00256299
700000.0003	-0.193866
700000.0003	0.512871
700000.0003	0.349529
700000.0003	-1.21825
700000.0003	0.81915
700000.0003	-1.56455
700000.0003	-0.441311
700000.0003	0.78223
700000.0003	-0.227963
700000.0003	0.619274
700000.0003	-0.00999645
700000.0003	0.523837
700000.0003	-0.149141
700000.0003	-0.325007
700000.0003	-0.0720532
700000.0003	0.421916
700000.0003	-0.533055
700000.0003	0.0573746
700000.0003	0.206891
700000.0003	-1.26748
700000.0003	0.404533
700000.0003	0.383679
700000.0003	0.267314
700000.0003	0.844589
700000.0003	0.551717
700000.0003	0.216007
700000.0003	-0.579851
700000.0003	-0.908528
700000.0003	0.639535
700000.0003	-0.123074
700000.0003	-0.681309
700000.0003	0.0808714
700000.0003	-1.10588
700000.0003	0.369864
700000.0003	0.111705
700000.0003	0.59519
700000.0003	0.560161
700000.0003	0.604189
700000.0003	-0.920532
700000.0003	-0.263857
700000.0003	0.0551839
700000.0003	-0.0520115
700000.0003	-0.209041
700000.0003	-0.385968
700000.0003	0.46902
700000.0003	-0.639729
700000.0003	1.06638
700000.0003	0.141125
700000.0003	-1.24492
700000.0003	-0.128804
700000.0003	0.432815
700000.0003	-1.08187
700000.0003	0.00378376
700000.0003	-0.214878
700000.0003	1.02282
700000.0003	-0.205864
700000.0003	-0.583272
700000.0003	0.278112
700000.0003	-0.332412
700000.0003	0.538647
700000.0003	-0.0343358
700000.0003	-0.292455
700000.0003	1.00817
700000.0003	-0.0343636
700000.0003	0.688045
700000.0003	0.148232
700000.0003	-0.609327
700000.0003	0.681854
700000.0003	-0.607506
700000.0003	0.384897
700000.0003	0.0789476
700000.0003	0.370441
700000.0003	-0.199962
700000.0003	0.486544
700000.0003	-1.11942
700000.0003	-0.342118
700000.0003	-0.910667
700000.0003	0.423465
700000.0003	0.918579
700000.0003	0.348444
700000.0003	-0.443906
700000.0003	0.403449
700000.0003	-0.0359626
700000.0003	0.673183
700000.0003	-0.0113859
700000.0003	-0.108832
700000.0003	-0.025591
700000.0003	0.0855689
700000.0003	0.366672
700000.0003	-0.889374
700000.0003	-0.197018
700000.0003	0.0543889
700000.0003	0.203628
700000.0003	-0.0400895
700000.0003	-0.0999124
700000.0003	0.800406
700000.0003	-1.0132
700000.0003	0.177051
700000.0003	-0.309831
700000.0003	0.696946
700000.0003	0.0254084
700000.0003	0.203715
700000.0003	-0.203708
700000.0003	-0.561623
700000.0003	-0.906978
700000.0003	0.750492
700000.0003	0.575909
700000.0003	0.0676043
700000.0003	-0.375198
700000.0003	0.650808
700000.0003	-0.00285842
700000.0003	-0.814831
700000.0003	1.09401
700000.0003	1.27177
700000.0003	-1.36873
700000.0003	-0.265512
700000.0003	-1.0579
700000.0003	-0.508758
700000.0003	0.779615
700000.0003	-0.502915
700000.0003	0.514936
700000.0003	-0.886219
700000.0003	0.0169391
700000.0003	1.39578
700000.0003	-1.26396
700000.0003	1.61562
700000.0003	-1.15675
700000.0003	1.85041
700000.0003	-0.973018
700000.0003	-0.256211
700000.0003	0.0977944
700000.0003	0.963469
700000.0003	0.179068
700000.0003	0.680384
700000.0003	-1.41592
700000.0003	1.70071
700000.0003	-0.364719
700000.0003	0.266698
700000.0003	-0.525594
700000.0003	2.0067
700000.0003	0.388875
700000.0003	-3.36415
700000.0003	2.4363
700000.0003	-1.93451
700000.0003	-4.12096
700000.0003	0.894813
700000.0003	-0.618479
700000.0003	0.867748
700000.0003	0.299897
700000.0003	4.1239
700000.0003	0.836559
700000.0003	-2.93816
700000.0003	0.201821
700000.0003	-4.02692
700000.0003	0.719475
700000.0003	-0.302925
700000.0003	-2.42358
700000.0003	-2.24273
700000.0003	-0.823189
700000.0003	2.32015
700000.0003	-1.36283
700000.0003	0.648007
700000.0003	-0.943603
700000.0003	-0.590119
700000.0003	0.573681
700000.0003	0.334038
700000.0003	0.87519
700000.0003	1.30895
700000.0003	-1.71376
700000.0003	0.105588
700000.0003	-1.69231
700000.0003	-2.10945
700000.0003	-0.625774
700000.0003	-0.807426
700000.0003	2.40557
700000.0003	0.853089
700000.0003	-0.387109
700000.0003	0.99918
700000.0003	-1.04846
700000.0003	-0.569529
700000.0003	-0.665835
700000.0003	0.338252
700000.0003	0.0626028
700000.0003	-1.01542
700000.0003	-0.344257
700000.0003	0.0442634
700000.0003	0.551986
700000.0003	-0.585431
700000.0003	0.234032
700000.0003	-0.196746
700000.0003	1.03067
700000.0003	0.875783
700000.0003	1.00585
700000.0003	0.119808
700000.0003	-0.29428
700000.0003	-0.296137
700000.0003	0.290683
700000.0003	0.00919702
700000.0003	0.764823
700000.0003	0.388327
700000.0003	0.274856
700000.0003	0.437082
700000.0003	-1.02129
700000.0003	0.0986631
700000.0003	0.958213
700000.0003	0.292253
700000.0003	-0.152944
700000.0003	-0.150501
700000.0003	0.145203
700000.0003	0.811092
700000.0003	-0.310303
700000.0003	0.0756076
700000.0003	-0.0578467
700000.0003	0.0111236
700000.0003	0.590916
700000.0003	0.843418
700000.0003	0.0856166
700000.0003	1.38947
700000.0003	0.57752
700000.0003	0.562167
700000.0003	0.211679
700000.0003	-0.809951
700000.0003	1.17834
700000.0003	0.240246
700000.0003	-0.203069
700000.0003	0.686592
700000.0003	-0.112977
700000.0003	-0.10444
700000.0003	-1.57282
700000.0003	-0.148617
700000.0003	-0.832214
700000.0003	-0.304619
700000.0003	0.0497628
700000.0003	-0.624571
700000.0003	0.00924838
700000.0003	-0.12159
700000.0003	-0.146256
700000.0003	0.019296
700000.0003	0.214625
700000.0003	0.797906
700000.0003	-0.378135
700000.0003	0.765515
700000.0003	0.695233
700000.0003	0.237715
700000.0003	0.653903
700000.0003	-0.711198
700000.0003	0.144761
700000.0003	0.935849
700000.0003	-0.328026
700000.0003	-0.297488
700000.0003	-0.0524951
700000.0003	0.230017
700000.0003	-0.276565
700000.0003	0.0681285
700000.0003	0.437238
700000.0003	0.676169
700000.0003	0.842815
700000.0003	0.291193
700000.0003	-0.335428
700000.0003	-0.570741
700000.0003	0.590685
700000.0003	-0.394239
700000.0003	-0.731788
700000.0003	-0.0161336
700000.0003	-0.161692
700000.0003	1.0093
700000.0003	0.409425
700000.0003	0.449614
700000.0003	0.150069
700000.0003	-0.120975
700000.0003	0.0250888
700000.0003	-0.73472
700000.0003	0.265245
700000.0003	-0.443807
700000.0003	0.21628
700000.0003	0.423163
700000.0003	0.0829941
700000.0003	-0.115429
700000.0003	0.333342
700000.0003	0.206208
700000.0003	-0.649479
700000.0003	-0.104517
700000.0003	0.117409
700000.0003	-0.156536
700000.0003	-0.438276
700000.0003	-0.00491791
700000.0003	-0.0254395
700000.0003	-0.257878
700000.0003	0.846863
700000.0003	0.666249
700000.0003	-0.0308909
700000.0003	0.423085
700000.0003	0.262925
700000.0003	-0.200792
700000.0003	0.235312
700000.0003	-0.797406
700000.0003	-0.0567727
700000.0003	0.0705835
700000.0003	-0.104307
700000.0003	0.31395
