700000.0003	2957.24	2958.99	2960.65	2963.15	2962.23	2958.29	2960.28	2956.24	2957.66	2957.29	2956.14	2956.76	2958.17	2957.83	2956.11
700000.0003	1532.63	1532.41	1534.93	1537.4	1535.62	1533.89	1532.53	1531.76	1533.56	1532	1529.41	1530.58	1532.51	1535.56	1529.77
700000.0003	193.531	195.058	194.45	195.182	194.571	194.17	194.304	193.569	194.276	193.297	192.907	194.665	193.609	193.329	193.778
700000.0003	32.2958	32.1186	32.1781	32.4132	31.8677	32.3354	32.2665	32.8828	32.406	31.5207	31.6669	32.0691	32.4349	31.9984	32.2817
700000.0003	19.5656	19.6031	19.6048	19.7817	19.894	19.0597	19.4328	19.0133	19.4544	18.9246	19.3039	19.0558	19.3873	19.2297	19.3793
700000.0003	16.8602	16.6232	16.5549	16.7299	16.4781	16.4638	16.504	16.6481	17.1327	16.7344	16.5325	17.0603	16.701	16.604	16.3724
700000.0003	15.112	15.1294	15.265	15.5317	15.0947	15.4199	15.0711	14.996	15.2152	15.161	15.3399	15.1117	15.4341	15.2424	15.0351
700000.0003	14.3504	14.4699	14.1711	14.359	14.468	14.6982	14.5475	14.6917	14.638	14.7224	14.2824	14.2166	14.4698	14.2618	14.4647
700000.0003	14.1329	14.086	13.7984	13.6892	14.1621	14.1802	14.0021	14.6632	13.9358	14.1237	14.0176	13.9185	14.1652	13.9969	13.6913
700000.0003	13.6129	13.7853	13.7782	13.615	13.6657	13.6758	13.3585	13.2754	13.7519	13.5116	13.372	13.4715	13.4614	14.1366	13.6216
700000.0003	13.6164	13.2698	13.1838	13.6356	13.4351	13.6662	13.6379	13.3728	13.401	13.5133	13.3602	13.1794	13.3349	13.3991	13.3589
700000.0003	13.6062	13.3636	13.4756	13.3758	13.361	13.5162	13.4091	13.3157	13.5623	13.8429	13.2134	13.0949	13.1003	13.3854	13.3121
700000.0003	13.2784	13.4541	13.0042	13.1256	13.1948	13.2077	13.393	13.1907	13.2536	13.8246	13.5321	13.2335	13.2427	13.4639	13.5847
700000.0003	13.3756	12.9259	13.4832	13.3885	13.2159	13.429	13.1725	13.1898	12.9345	13.2415	13.5879	13.1981	13.2129	13.2282	13.3433
700000.0003	13.5664	13.5722	13.4494	13.5521	13.4832	13.2145	13.1153	13.3318	13.4877	13.5654	13.4385	13.6669	13.076	13.009	13.528
700000.0003	14.4297	14.1379	14.12	13.9621	14.1257	13.8144	13.9528	14.0435	13.7382	14.1721	13.9428	14.2745	13.9772	13.5881	13.9969
700000.0003	15.1066	15.055	14.8211	15.1716	15.3833	15.5039	14.9568	14.617	15.246	15.2164	14.9938	14.9443	14.8851	15.1496	15.0852
700000.0003	17.0662	17.0264	17.1878	17.2774	16.9492	17.0908	17.1648	16.9086	16.8386	17.1948	17.1134	16.5008	16.8852	17.2821	16.9537
700000.0003	19.5858	20.403	19.9566	19.9682	20.1894	19.9026	19.6701	20.0305	19.6265	20.0667	19.6334	20.0259	20.0222	19.8994	19.928
700000.0003	24.3169	24.3468	23.7351	24.3734	24.0813	24.1488	23.9637	24.1922	24.2455	24.232	24.4105	24.1112	24.1288	24.2267	23.8801
700000.0003	31.2031	31.3915	30.8975	30.6423	30.9054	30.7594	30.693	30.5602	29.9786	31.0144	30.4055	30.8426	30.5988	31.4059	30.2982
700000.0003	42.1192	42.5999	42.6812	42.3246	42.3979	41.6531	42.8924	41.7387	42.2224	41.9852	41.8072	42.2331	42.2753	42.1758	42.5582
700000.0003	67.0381	67.3529	67.4961	66.6289	67.6682	67.253	67.8822	67.6606	67.9301	68.2473	67.166	67.2413	67.4522	67.7043	67.3181
700000.0003	154.878	154.309	156.156	156.127	155.552	155.737	155.751	156.312	155.583	155.494	155.422	155.428	155.034	154.657	155.367
700000.0003	515.034	514.686	517.498	518.491	515.351	517.508	518.192	517.145	516.029	516.221	516.102	515.149	514.535	515.731	515.373
700000.0003	1359.3	1361.9	1362.75	1360.69	1362.52	1362.03	1362.48	1362.72	1361.63	1362.8	1360.51	1360.17	1359.8	1359.79	1361.19
700000.0003	2200.59	2199.08	2198.25	2201.31	2203.06	2202.17	2201.43	2202.57	2201.88	2200.5	2200.41	2200.65	2198.74	2197.72	2200.6
700000.0003	2638.42	2641.36	2639.69	2640.6	2643.27	2643.07	2640.91	2646.18	2642.81	2642.7	2640.26	2642.99	2637.61	2640.66	2640.93
700000.0003	2788.43	2786.18	2785.23	2788.37	2788.89	2788.86	2788.22	2790.82	2790.03	2787.91	2789.56	2789.82	2788.55	2786.03	2785.62
700000.0003	2836.3	2835.29	2832.91	2834.2	2839.35	2835.51	2835.89	2834.92	2837.82	2836.61	2834.66	2835.96	2836.38	2833.33	2830.58
700000.0003	2863.26	2865.58	2861.7	2863.82	2866.78	2866.76	2863.69	2865.58	2866.02	2867.91	2862.71	2862.35	2866.99	2865.51	2865.17
700000.0003	2892.81	2892.76	2894.14	2889.88	2891.08	2891.92	2895.11	2893.54	2890.61	2893.16	2892.93	2894.95	2890.83	2892.32	2889.37
700000.0003	2919.46	2915.75	2920.58	2921.84	2920.04	2914.93	2923.44	2922.17	2919.1	2916.96	2921.66	2917.39	2915.31	2921.48	2921.77
700000.0003	2946.29	2944.35	2945.02	2948.74	2948.45	2945.32	2945.35	2946.95	2948.58	2946.7	2946.12	2947.13	2945.46	2945.06	2948.62
700000.0003	2973.42	2977.5	2970.07	2971.11	2973.13	2977.45	2974.61	2972.31	2971.01	2974.33	2972.97	2974.3	2972.31	2971.81	2972.51
700000.0003	3000.15	3000.57	2997.41	3000.45	3003.61	3002.37	2999.08	3000.32	2999.81	3001	2997.04	2998.72	2999.67	2998.62	3000.1
700000.0003	3028.34	3026.17	3026.16	3027.35	3029.76	3027.34	3025.33	3028.89	3024.46	3025.49	3024.89	3026.47	3025.57	3026.44	3025.63
700000.0003	3056.88	3054.83	3052.89	3052.03	3053.86	3054.27	3052.16	3051.69	3053.39	3049.74	3048.94	3055.85	3052.75	3051.82	3048.37
700000.0003	3077.51	3079.47	3078.48	3079.59	3081.17	3078.57	3076.46	3077.3	3078.31	3075.68	3073.85	3075.87	3077.97	3079.39	3076.81
700000.0003	3093.79	3099.72	3097.69	3099.93	3099.49	3096.56	3098.9	3095.65	3093.9	3093.05	3092.17	3097.48	3095.88	3095.36	3097.33
700000.0003	0.117829	0.16649	0.290242	0.341999	-0.154759	-0.4474	-0.0708646	2.59432	0.786117	-0.411107	-0.456019	0.522898	1.16627	-1.01807	-0.444316
700000.0003	-0.708288	-0.640713	-0.694205	0.332912	0.822305	-0.751332	0.408455	0.654379	0.135899	0.0405532	1.42394	0.546716	-0.794876	0.536565	-1.04003
700000.0003	0.0469544	-0.438025	0.425464	-0.209152	-0.241036	0.0990369	-0.193484	0.333339	-0.486598	0.0015204	0.322248	-0.442461	0.286052	-0.468543	-0.100662
700000.0003	-0.102816	-0.0548408	0.27612	-0.0665526	0.0755394	0.162044	0.105401	0.0206956	-0.17261	0.147718	0.297549	-0.0370476	0.0630693	-0.174462	0.11764
700000.0003	-0.13996	-0.0483297	-0.145711	0.200146	-0.00802028	-0.0840052	-0.138091	0.0434674	0.0812865	0.0332672	0.0519908	0.16083	-0.136783	-0.0861248	0.322561
700000.0003	0.102858	0.0663215	0.196974	0.0274799	0.00950762	-0.105058	-0.0874784	-0.119813	0.0304776	0.198409	-0.0289905	0.106586	-0.0244233	-0.070575	0.241883
700000.0003	0.0875412	0.0386936	0.0766138	0.0227698	0.126499	0.00969757	0.105047	0.0311932	0.30942	0.0824025	-0.12144	-0.000686475	-0.15338	-0.076846	0.0307143
700000.0003	0.0300723	0.00840533	0.0804874	-0.0166404	-0.0499861	-0.0895512	0.121455	-0.187312	-0.279433	0.0998103	-0.090924	0.0415224	0.16894	0.000585097	0.0265348
700000.0003	-0.071618	-0.0503767	-0.13363	-0.109015	0.0174659	-0.048128	-0.067448	-0.04152	0.0807675	-0.195474	-0.0597783	0.0249777	-0.133687	-0.0629112	0.182258
700000.0003	0.0757998	0.0822098	0.0847745	0.00402433	-0.0762339	0.0811597	-0.0651716	-0.155971	0.115674	0.0986362	0.0068507	-0.174168	-0.0433151	0.222843	-0.0554828
700000.0003	-0.0343005	0.000281739	-0.0342569	-0.0634684	0.0245354	0.0363236	0.0325708	-0.147041	0.023787	0.00948594	-0.101171	-0.00694872	-0.021161	0.0127442	-0.0983506
700000.0003	-0.216845	-0.0227632	-0.0629864	-0.120807	-0.0515691	0.0611681	0.149046	-0.0295295	0.160835	-0.0784568	-0.0277382	0.0440399	0.033432	-0.116437	-0.146514
700000.0003	0.105784	-0.110447	-0.0961329	0.190251	0.0856539	-0.172922	0.0162009	-0.146556	-0.0402943	-0.080891	0.112668	-0.0211866	-0.00254947	0.00918023	0.165648
700000.0003	0.219898	0.0760437	0.161568	-0.0503181	-0.0261667	-0.179674	0.0140377	-0.0152032	0.0998283	0.0126361	-0.0148704	-0.13195	0.0506825	-0.111945	0.0298713
700000.0003	0.122223	-0.0487947	-0.091012	-0.061895	-0.0466078	-0.0762098	0.190249	-0.108712	-0.0686794	0.0850556	-0.184884	-0.0289482	0.14618	0.0417307	-0.0243425
700000.0003	-0.158134	-0.113177	-0.0879552	0.0954302	0.164152	-0.0520334	-0.0941751	0.02756	0.163991	-0.000193811	0.193178	0.000973091	-0.0459919	0.245303	-0.0334386
700000.0003	0.0661215	0.0307598	0.0203009	0.046899	0.145036	0.102164	-0.262289	0.140156	0.0480653	-0.00506709	0.0263881	-0.0248387	-0.0591479	-0.0149398	0.0896704
700000.0003	0.120077	0.0217978	0.184554	0.0137666	-0.231331	-0.0167916	-0.0968623	-0.153442	0.104236	-0.00145934	-0.121922	0.0653523	0.0998007	0.024504	-0.0222159
700000.0003	-0.185875	-0.0929452	-0.166627	-0.068847	-0.0309129	-0.0454009	-0.105129	0.144642	0.0626143	0.218352	0.231512	-0.170791	0.212308	0.0526248	-0.0291785
700000.0003	-0.144775	0.0219275	-0.124353	0.0895614	-0.201881	-0.236199	0.212275	-0.189647	0.00235265	0.0455106	0.00172103	-0.157402	0.151838	-0.20627	-0.211607
700000.0003	-0.113149	-0.185941	0.1452	0.179725	0.0955165	0.17787	-0.186616	0.107555	-0.0897515	-0.0093637	0.0419817	0.00101225	-0.368403	-0.0724884	0.0226994
700000.0003	0.14521	-0.0636579	-0.150945	0.148068	0.0141393	0.311876	-0.123523	0.0639354	-0.146596	-0.0174632	0.000157952	0.0799576	0.17192	-0.177734	-0.119026
700000.0003	-0.251481	0.115356	0.162599	0.0160496	-0.172745	-0.0995666	-0.23009	-0.176352	0.10056	-0.0297545	0.047965	0.0267898	-0.313809	0.0433163	0.17826
700000.0003	-0.284742	-0.263797	-0.0241981	-0.0201389	-0.0593867	-0.203206	0.773247	-0.161264	-0.472341	0.293484	-0.193591	-0.281368	0.466155	0.132806	-0.0365233
700000.0003	0.00943012	-0.250775	0.169115	0.12759	0.467026	-0.0622896	0.184268	1.0803	0.0815105	-1.32145	-0.0374852	0.561529	0.116813	-0.352143	-0.250614
700000.0003	0.284114	-0.12294	-0.26968	0.936361	0.724375	0.975079	-0.0275505	0.352196	-0.17301	-0.372848	0.0312557	-1.27405	-0.216723	0.540197	0.00086596
700000.0003	-0.219968	0.0629774	-0.386769	0.360488	-0.0927457	0.432436	0.197148	0.685813	-0.403607	-0.388527	0.837065	-0.502439	-0.281803	0.260348	4.27599e-05
700000.0003	-0.17722	0.101863	0.283274	-0.902736	-1.01404	-1.18686	0.215451	-0.961736	0.174947	1.62461	0.336167	-0.255952	-0.0664603	1.44426	-0.0303767
700000.0003	0.174185	-0.953031	-0.817869	-0.783871	-0.366486	-0.345705	-1.47915	-1.24964	0.498374	0.111826	0.705514	0.727273	0.557646	-0.943892	0.109213
700000.0003	-0.963391	-0.902096	-0.688305	-1.97714	-1.02631	-0.00633382	-0.559384	-0.746787	0.700111	-0.300573	-0.84771	0.943854	1.77758	0.769024	0.0028036
700000.0003	-0.70159	0.162524	-0.384816	-1.43473	-0.122069	-0.271337	-0.583417	-1.68487	-0.987952	1.62486	-0.148059	0.0133782	0.197194	1.21859	0.620591
700000.0003	-0.807842	-0.178112	0.14108	-0.0300023	-1.52515	-1.37123	0.336782	-1.01055	-0.912491	-0.502076	-0.395386	0.633466	0.949319	1.02823	0.432061
700000.0003	0.995625	0.114775	-0.41069	0.0328706	-0.786639	-1.3363	-1.27718	-0.0329047	0.0480772	-0.229113	0.353355	0.38057	0.284866	-0.547293	-0.108472
700000.0003	0.91843	-0.657388	-0.298827	0.326125	-0.0683793	-0.339985	-1.1971	-1.16103	0.0840487	0.0147952	0.822041	0.390094	-0.473015	0.214396	-0.0186086
700000.0003	0.322179	0.869949	-0.289472	0.463296	-0.779494	-0.32134	-0.861422	-0.443488	-0.47841	-0.0767577	0.0210713	0.0434491	-0.0279391	1.01207	0.19541
700000.0003	0.643715	-0.294609	1.40016	-0.101186	-0.330159	-0.583267	-0.0383535	-0.967308	-0.611938	-0.653147	0.429153	0.017118	-0.0946782	0.47193	0.73103
700000.0003	1.31921	2.01311	-0.203531	-0.771287	-0.624979	0.192673	-1.00671	-0.573115	-1.49767	-0.436571	-0.120127	0.475427	0.341734	0.0973432	0.600431
700000.0003	0.640435	1.44906	0.918053	0.250403	-0.000242979	-0.937361	-1.04308	-1.02806	-0.734446	-1.63942	-0.0281856	1.27655	1.07518	1.04014	0.178623
700000.0003	0.958464	1.12529	1.46112	0.82869	-0.0783603	-0.780565	-1.06474	-1.24421	-1.14482	0.431702	0.304574	0.824915	0.284768	0.0863424	0.342747
700000.0003	0.190364	1.06948	1.51909	0.4125	-0.664225	-0.298459	1.06409	-0.959372	0.195582	-0.156355	-0.878773	0.489882	1.04616	0.971318	-0.213839
700000.0003	2911.4	2912.51	2913.95	2917.23	2914.37	2912.62	2913.68	2912.48	2908.69	2910.7	2909.28	2907.06	2912.26	2908.5	2910.69
700000.0003	1604.1	1604.73	1607.63	1609.9	1608.1	1606.41	1603.65	1604.34	1604.61	1603.36	1602.79	1603.26	1603.48	1606.63	1603.56
700000.0003	174.139	174.574	174.447	174.513	175.229	174.623	173.879	173.425	174.411	174.441	173.259	174.117	173.655	174.649	173.914
700000.0003	28.2477	28.6927	28.7263	28.6774	28.0279	28.7342	28.8058	28.6355	28.4887	28.3055	27.7947	28.2462	28.5431	28.1587	27.9622
700000.0003	18.3889	18.4193	18.6285	18.5972	18.4894	18.2524	18.3644	17.9514	18.3939	18.2023	18.442	17.8109	18.6492	18.1089	18.2334
700000.0003	15.7807	16.4499	16.3298	15.9604	16.0946	16.1975	15.9972	16.1685	16.3381	16.0243	15.9048	16.1165	16.0511	15.9884	15.983
700000.0003	14.8873	14.7971	14.9548	15.2505	15.071	14.9378	14.8867	14.5905	15.0639	14.8412	14.8187	14.9595	14.7323	15.0729	14.8117
700000.0003	14.0342	14.6686	14.3903	14.0364	14.0249	14.3941	13.8741	14.2578	14.3209	14.3009	14.0566	13.9186	14.3026	14.2022	14.2641
700000.0003	13.9657	14.2316	13.9179	13.5618	13.8606	13.9132	13.8071	14.2707	13.7964	13.9981	13.9786	14.1304	14.3113	13.8561	13.9351
700000.0003	13.4238	13.4027	13.4456	13.6013	13.4616	13.4001	13.3948	13.4303	13.6115	13.4849	13.4798	13.7564	13.7537	13.5484	13.4416
700000.0003	13.4151	13.1547	13.1452	13.7103	13.453	13.1011	13.8413	13.4458	13.3581	13.5026	13.316	13.552	13.2454	13.2615	13.2242
700000.0003	13.6884	13.4645	13.303	13.2198	13.3499	13.6221	13.2785	13.126	13.2167	13.7704	13.036	13.3833	13.3147	13.4347	13.5317
700000.0003	13.3428	13.7442	13.4181	13.1302	13.5106	13.1945	13.2287	13.7735	13.258	13.5883	13.3734	13.1684	13.1743	13.4335	13.3819
700000.0003	13.2452	13.0741	13.1725	13.3583	12.9909	13.3175	13.2206	13.3698	13.3247	13.147	13.3305	13.4966	13.1259	13.2759	13.1163
700000.0003	13.5824	13.4187	13.5592	13.1562	13.318	13.2872	13.213	13.2844	13.6541	13.5277	13.3739	13.2824	13.4883	12.9037	13.4682
700000.0003	14.0484	13.9519	14.1086	14.1128	14.0819	13.6343	13.933	13.9796	14.2064	14.0996	14.2494	13.9712	14.0127	13.7739	13.878
700000.0003	14.9307	14.9141	14.8468	15.1689	15.1087	15.2675	14.953	14.7486	15.1602	14.9732	14.8686	14.9354	15.1703	15.0585	15.242
700000.0003	17.3212	17.117	16.7579	17.2128	16.938	17.0954	17.2037	17.1532	16.9242	16.5973	16.6989	16.481	16.7412	17.0734	17.1692
700000.0003	19.6113	20.2855	19.4837	19.5765	19.991	20.0732	20.1337	20.2068	19.8419	19.8488	19.2006	19.8467	19.8505	19.6105	19.804
700000.0003	24.1199	24.227	23.8737	24.2749	23.8813	23.8923	23.4184	24.0081	24.3114	24.2886	24.3969	23.9882	24.0498	23.8521	23.753
700000.0003	30.7345	30.8958	31.1447	30.9622	30.8359	30.327	30.676	30.6843	30.4513	30.4781	30.3811	30.6108	30.4002	30.9019	29.7231
700000.0003	42.0449	42.2787	42.1619	41.9372	41.2476	41.4631	42.1644	41.5694	41.8034	41.8529	41.6442	41.88	41.881	41.7404	41.5564
700000.0003	65.5192	66.7012	66.6445	65.7639	66.5811	65.7602	66.5873	66.5673	66.2819	66.9586	66.863	66.3346	66.0435	66.8291	66.192
700000.0003	151.967	151.693	152.912	153.985	152.206	152.623	153.394	152.83	152.827	151.861	152.287	152.831	151.921	151.829	152.859
700000.0003	519.019	518.913	520.678	521.638	520.674	521.373	521.773	521.159	520.216	520.247	520.389	519.937	519.659	520.069	520.145
700000.0003	1361.29	1362.45	1363.39	1362.37	1363.75	1364.86	1364.15	1365.06	1364.23	1364.23	1363.9	1360.74	1362.71	1361.61	1359.83
700000.0003	2154.22	2152	2152.08	2152.73	2154.47	2154.96	2153.82	2154.51	2154.88	2154.22	2154.79	2153.95	2154.15	2152.02	2152.16
700000.0003	2585.47	2585.66	2586.32	2584.99	2585.08	2585.46	2587.46	2586.68	2585.7	2585.62	2584.9	2584.59	2581.61	2585.22	2585.2
700000.0003	2776.61	2777.23	2779.85	2780.28	2779.18	2779.52	2778.16	2781.57	2779.11	2777.17	2779.83	2779.62	2777.94	2778.18	2779.29
700000.0003	2868.1	2867.48	2866.42	2867.28	2866.16	2866.07	2866.61	2866.39	2867.73	2868.28	2865.41	2868.68	2867.67	2865.95	2865.24
700000.0003	2907.73	2908.9	2905.13	2907.59	2908.32	2908.73	2906.25	2906.98	2906.66	2910.42	2909.32	2906.07	2908.66	2907.07	2911.29
700000.0003	2934.12	2934.22	2934.26	2932.51	2932.72	2934.66	2934.16	2934.21	2932.01	2933.85	2933.43	2934.26	2933.68	2934.98	2933.71
700000.0003	2955.81	2955.8	2958.25	2954.82	2955.73	2953.33	2958.21	2955.58	2955.97	2952.69	2956.97	2954.3	2955.44	2956.36	2953.85
700000.0003	2975.47	2972.02	2975.42	2975.73	2974.55	2972.53	2974.47	2973.8	2977.07	2974.81	2975.21	2976.25	2974.69	2974.63	2975.24
700000.0003	2991.34	2993.48	2990.82	2991.93	2992.87	2992.43	2992.91	2989.63	2992.07	2993.53	2992.78	2993.44	2990.92	2993.35	2993.54
700000.0003	3008.84	3010.55	3007.51	3009.79	3009.25	3010.88	3008.74	3010.03	3008.02	3010.56	3008.07	3010.08	3009.48	3007.4	3010.63
700000.0003	3026.95	3025.62	3026.5	3026.64	3024.72	3024.21	3027.05	3027.1	3025.53	3026.85	3028.22	3024.36	3025.52	3025.85	3026.47
700000.0003	3045.49	3046.12	3046.48	3043.96	3042.13	3045.78	3042.12	3045.58	3046.16	3046.27	3043.76	3047.62	3044.3	3044.08	3045.22
700000.0003	3071.58	3068.85	3069.69	3069.47	3072.59	3071.28	3070.39	3069.31	3070.7	3068.14	3070.14	3067.89	3071.18	3071.34	3068.39
700000.0003	3082.1	3085.73	3085.79	3085.1	3089.02	3085.77	3086.33	3083.64	3083.65	3081.37	3080.22	3084.13	3082.85	3084.57	3083.7
