700000.0003	28.3734
700000.0003	100.759
700000.0003	202.628
700000.0003	348.585
700000.0003	532.756
700000.0003	780.119
700000.0003	1068.75
700000.0003	1426.18
700000.0003	1836.86
700000.0003	2289.33
700000.0003	2785.47
700000.0003	3288.26
700000.0003	3875.64
700000.0003	4421.11
700000.0003	5021.48
700000.0003	5535.99
700000.0003	6001.92
700000.0003	6380.65
700000.0003	6675.86
700000.0003	6909.37
700000.0003	7009.63
700000.0003	7118.46
700000.0003	7118.44
700000.0003	7085.58
700000.0003	6951.3
700000.0003	6782.17
700000.0003	6625.09
700000.0003	6321.25
700000.0003	6045.97
700000.0003	5736.19
700000.0003	5366.38
700000.0003	4964.53
700000.0003	4527.47
700000.0003	4061.63
700000.0003	3515.22
700000.0003	2952.76
700000.0003	2365.23
700000.0003	1742.48
700000.0003	1072.87
700000.0003	366.94
700000.0003	0
700000.0003	0
700000.0003	0
700000.0003	0
700000.0003	0
700000.0003	0
700000.0003	0
700000.0003	0
700000.0003	0
700000.0003	0
700000.0003	0
700000.0003	0
700000.0003	0
700000.0003	0
700000.0003	0
700000.0003	0
700000.0003	0
700000.0003	0
700000.0003	0
700000.0003	0
700000.0003	0
700000.0003	0
700000.0003	0
700000.0003	0
700000.0003	0
700000.0003	0
700000.0003	0
700000.0003	0
700000.0003	0
700000.0003	0
700000.0003	0
700000.0003	0
700000.0003	0
700000.0003	0
700000.0003	0
700000.0003	0
700000.0003	0
700000.0003	0
700000.0003	0
700000.0003	0
700000.0003	0
700000.0003	0
700000.0003	0
700000.0003	0
700000.0003	0
700000.0003	0
700000.0003	0
700000.0003	0
700000.0003	0
700000.0003	0
700000.0003	0
700000.0003	0
700000.0003	0
700000.0003	0
700000.0003	0
700000.0003	0
700000.0003	0
700000.0003	0
700000.0003	0
700000.0003	0
700000.0003	0
700000.0003	0
700000.0003	0
700000.0003	0
700000.0003	0
700000.0003	0
700000.0003	0
700000.0003	0
700000.0003	0
700000.0003	0
700000.0003	0
700000.0003	0
700000.0003	0
700000.0003	0
700000.0003	0
700000.0003	0
700000.0003	0
700000.0003	0
700000.0003	0
700000.0003	0
700000.0003	0
700000.0003	0
700000.0003	0
700000.0003	0
700000.0003	0
700000.0003	0
700000.0003	0
700000.0003	0
700000.0003	0
700000.0003	0
700000.0003	0
700000.0003	0
700000.0003	0
700000.0003	0
700000.0003	0
700000.0003	0
700000.0003	0
700000.0003	0
700000.0003	0
700000.0003	0
700000.0003	-23.4728
700000.0003	-70.4602
700000.0003	-117.467
700000.0003	-163.672
700000.0003	-207.844
700000.0003	-250.875
700000.0003	-297.272
700000.0003	-340.915
700000.0003	-381.65
700000.0003	-425.808
700000.0003	-469.962
700000.0003	-505.67
700000.0003	-547.13
700000.0003	-583.698
700000.0003	-628.685
700000.0003	-663.12
700000.0003	-702.46
700000.0003	-742.685
700000.0003	-778.109
700000.0003	-812.608
700000.0003	-851.062
700000.0003	-891.296
700000.0003	-922.172
700000.0003	-959.787
700000.0003	-988.442
700000.0003	-1019.67
700000.0003	-1054.76
700000.0003	-1086.07
700000.0003	-1120.07
700000.0003	-1145.17
700000.0003	-1174.64
700000.0003	-1206.81
700000.0003	-1227.92
700000.0003	-1264.02
700000.0003	-1298.47
700000.0003	-1310.6
700000.0003	-1347.11
700000.0003	-1373.66
700000.0003	-1399.8
700000.0003	-1419.07
700000.0003	-1450.13
700000.0003	-1477.79
700000.0003	-1492.33
700000.0003	-1517.87
700000.0003	-1531.88
700000.0003	-1563.25
700000.0003	-1590.28
700000.0003	-1604.83
700000.0003	-1621.35
700000.0003	-1637.33
700000.0003	-1651.38
700000.0003	-1676.6
700000.0003	-1691.98
700000.0003	-1709.52
700000.0003	-1726.07
700000.0003	-1739.53
700000.0003	-1747.75
700000.0003	-1772.51
700000.0003	-1784.39
700000.0003	-1801.68
700000.0003	-1806.51
700000.0003	-1810.86
700000.0003	-1830.7
700000.0003	-1838.68
700000.0003	-1849.36
700000.0003	-1862.92
700000.0003	-1869.57
700000.0003	-1883.42
700000.0003	-1900.55
700000.0003	-1893.57
700000.0003	-1900.97
700000.0003	-1904.78
700000.0003	-1902
700000.0003	-1911.21
700000.0003	-1917.19
700000.0003	-1918.19
700000.0003	-1920.33
700000.0003	-1939.81
700000.0003	-1925.16
700000.0003	-1921.18
700000.0003	-1926.12
700000.0003	-1925.96
700000.0003	-1932.94
700000.0003	-1911.12
700000.0003	-1927.56
700000.0003	-1917.03
700000.0003	-1916.3
700000.0003	-1906.57
700000.0003	-1907.93
700000.0003	-1906.83
700000.0003	-1895.39
700000.0003	-1878.18
700000.0003	-1864.79
700000.0003	-1857.3
700000.0003	-1851.75
700000.0003	-1830.25
700000.0003	-1828.62
700000.0003	-1797.42
700000.0003	-1789.51
700000.0003	-1765.98
700000.0003	-1732.33
700000.0003	-1717.79
700000.0003	-1698.49
700000.0003	-1659.2
700000.0003	-1618.88
700000.0003	-1582.56
700000.0003	-1542.41
700000.0003	-1500.47
700000.0003	-1446.4
700000.0003	-1395.4
700000.0003	-1335.88
700000.0003	-1287.03
700000.0003	-1227.44
700000.0003	-1159.75
700000.0003	-1098.02
700000.0003	-1038.96
700000.0003	-974.983
700000.0003	-909.229
700000.0003	-847.799
700000.0003	-788.669
700000.0003	-727.345
700000.0003	-671.223
700000.0003	-617.828
700000.0003	-560.714
700000.0003	-512.491
700000.0003	-464.753
700000.0003	-418.765
700000.0003	-377.273
700000.0003	-337.462
700000.0003	-300.849
700000.0003	-265.182
700000.0003	-233.386
700000.0003	-205.485
700000.0003	-178.708
700000.0003	-155.264
700000.0003	-133.988
700000.0003	-115.675
700000.0003	-98.8665
700000.0003	-84.9187
700000.0003	-72.2384
700000.0003	-61.3918
700000.0003	-52.2089
700000.0003	-43.938
700000.0003	-37.8088
700000.0003	-30.9709
700000.0003	-26.5634
700000.0003	-21.9446
700000.0003	-18.5725
700000.0003	-15.7114
700000.0003	-13.246
700000.0003	-10.8251
700000.0003	-8.89772
700000.0003	-7.45158
700000.0003	-6.06609
700000.0003	-4.75303
700000.0003	-3.76743
700000.0003	-2.77337
700000.0003	-1.90916
700000.0003	-1.11829
700000.0003	-0.367565
700000.0003	0
700000.0003	0
700000.0003	0
700000.0003	0
700000.0003	0
700000.0003	0
700000.0003	0
700000.0003	0
700000.0003	0
700000.0003	0
700000.0003	0
700000.0003	0
700000.0003	0
700000.0003	0
700000.0003	0
700000.0003	0
700000.0003	0
700000.0003	0
700000.0003	0
700000.0003	0
700000.0003	0
700000.0003	0
700000.0003	0
700000.0003	0
700000.0003	0
700000.0003	0
700000.0003	0
700000.0003	0
700000.0003	0
700000.0003	0
700000.0003	0
700000.0003	0
700000.0003	0
700000.0003	0
700000.0003	0
700000.0003	0
700000.0003	0
700000.0003	0
700000.0003	0
700000.0003	0
700000.0003	0
700000.0003	0
700000.0003	0
700000.0003	0
700000.0003	0
700000.0003	0
700000.0003	0
700000.0003	0
700000.0003	0
700000.0003	0
700000.0003	0
700000.0003	0
700000.0003	0
700000.0003	0
700000.0003	0
700000.0003	0
700000.0003	0
700000.0003	0
700000.0003	0
700000.0003	0
700000.0003	0
700000.0003	0
700000.0003	0
700000.0003	0
700000.0003	0
700000.0003	0
700000.0003	0
700000.0003	0
700000.0003	0
700000.0003	0
700000.0003	0
700000.0003	0
700000.0003	0
700000.0003	0
700000.0003	0
700000.0003	0
700000.0003	0
700000.0003	0
700000.0003	0
700000.0003	0
700000.0003	0
700000.0003	0
700000.0003	0
700000.0003	0
700000.0003	0
700000.0003	0
700000.0003	0
700000.0003	0
700000.0003	0
700000.0003	0
700000.0003	0
700000.0003	0
700000.0003	0
700000.0003	0
700000.0003	0
700000.0003	0
700000.0003	0
700000.0003	0
700000.0003	0
700000.0003	0
700000.0003	-0.336107
700000.0003	0.518571
700000.0003	1.49844
700000.0003	1.152
700000.0003	-1.58083
700000.0003	-4.47465
700000.0003	0.43118
700000.0003	-0.301402
700000.0003	-3.39387
700000.0003	-2.10166
700000.0003	9.03239
700000.0003	5.58891
700000.0003	-3.03878
700000.0003	-2.09478
700000.0003	22.3702
700000.0003	-10.6585
700000.0003	1.68927
700000.0003	-35.8067
700000.0003	17.0623
700000.0003	11.1578
700000.0003	-0.699832
700000.0003	-13.4035
700000.0003	-4.72495
700000.0003	44.3101
700000.0003	3.2221
700000.0003	22.6258
700000.0003	15.4153
700000.0003	21.563
700000.0003	-14.0912
700000.0003	-1.55613
700000.0003	33.4935
700000.0003	1.51283
700000.0003	0.772864
700000.0003	11.5461
700000.0003	-5.87879
700000.0003	-11.5164
700000.0003	-6.60778
700000.0003	-5.74017
700000.0003	-2.72658
700000.0003	-0.787742
700000.0003	0
700000.0003	0
700000.0003	0
700000.0003	0
700000.0003	0
700000.0003	0
700000.0003	0
700000.0003	0
700000.0003	0
700000.0003	0
700000.0003	0
700000.0003	0
700000.0003	0
700000.0003	0
700000.0003	0
700000.0003	0
700000.0003	0
700000.0003	0
700000.0003	0
700000.0003	0
700000.0003	0
700000.0003	0
700000.0003	0
700000.0003	0
700000.0003	0
700000.0003	0
700000.0003	0
700000.0003	0
700000.0003	0
700000.0003	0
700000.0003	0
700000.0003	0
700000.0003	0
700000.0003	0
700000.0003	0
700000.0003	0
700000.0003	0
700000.0003	0
700000.0003	0
700000.0003	0
700000.0003	0
700000.0003	0
700000.0003	0
700000.0003	0
700000.0003	0
700000.0003	0
700000.0003	0
700000.0003	0
700000.0003	0
700000.0003	0
700000.0003	0
700000.0003	0
700000.0003	0
700000.0003	0
700000.0003	0
700000.0003	0
700000.0003	0
700000.0003	0
700000.0003	0
700000.0003	0
700000.0003	0
700000.0003	0
700000.0003	0
700000.0003	0
700000.0003	0
700000.0003	0
700000.0003	0
700000.0003	0
700000.0003	0
700000.0003	0
700000.0003	0
700000.0003	0
700000.0003	0
700000.0003	0
700000.0003	0
700000.0003	0
700000.0003	0
700000.0003	0
700000.0003	0
700000.0003	0
700000.0003	0
700000.0003	0
700000.0003	0
700000.0003	0
700000.0003	0
700000.0003	0
700000.0003	0
700000.0003	0
700000.0003	0
700000.0003	0
700000.0003	0
700000.0003	0
700000.0003	0
700000.0003	0
700000.0003	0
700000.0003	0
700000.0003	0
700000.0003	0
700000.0003	0
700000.0003	0
700000.0003	0.032907
700000.0003	0.117177
700000.0003	-0.183327
700000.0003	0.0681423
700000.0003	0.673659
700000.0003	0.394558
700000.0003	0.486101
700000.0003	2.54962
700000.0003	-0.651044
700000.0003	-0.594482
700000.0003	1.48229
700000.0003	2.8577
700000.0003	-0.494098
700000.0003	0.23725
700000.0003	2.05902
700000.0003	1.4701
700000.0003	0.693863
700000.0003	1.30409
700000.0003	-1.31428
700000.0003	1.26356
700000.0003	2.62542
700000.0003	1.96036
700000.0003	1.42399
700000.0003	-2.97061
700000.0003	-1.25182
700000.0003	1.11289
700000.0003	-4.24384
700000.0003	-0.353623
700000.0003	0.517619
700000.0003	1.49142
700000.0003	-0.0790445
700000.0003	0.224652
700000.0003	-5.13466
700000.0003	0.391237
700000.0003	-0.212541
700000.0003	-0.698665
700000.0003	-5.68226
700000.0003	0.410573
700000.0003	3.71302
700000.0003	-2.21613
700000.0003	-4.88094
700000.0003	-2.10998
700000.0003	1.2075
700000.0003	3.89682
700000.0003	-4.10956
700000.0003	-0.621051
700000.0003	2.99218
700000.0003	-0.38285
700000.0003	0.00391359
700000.0003	-1.84956
700000.0003	-2.12349
700000.0003	1.93884
700000.0003	0.685044
700000.0003	-3.61603
700000.0003	1.39643
700000.0003	-3.94075
700000.0003	6.37013
700000.0003	-10.2735
700000.0003	-1.86913
700000.0003	-5.32611
700000.0003	4.87762
700000.0003	7.60618
700000.0003	2.8807
700000.0003	5.86673
700000.0003	-0.866953
700000.0003	3.71546
700000.0003	1.06578
700000.0003	4.18338
700000.0003	2.37178
700000.0003	2.70829
700000.0003	-5.4086
700000.0003	0.778674
700000.0003	3.28931
700000.0003	-5.25256
700000.0003	2.95066
700000.0003	-2.672
700000.0003	2.66572
700000.0003	-1.76421
700000.0003	-4.2141
700000.0003	-2.46052
700000.0003	-0.573776
700000.0003	5.73429
700000.0003	1.92884
700000.0003	2.11758
700000.0003	-0.038998
700000.0003	-4.95984
700000.0003	-5.81274
700000.0003	-4.44336
700000.0003	-1.16554
700000.0003	0.846952
700000.0003	-3.72119
700000.0003	1.15169
700000.0003	-6.3133
700000.0003	-0.375818
700000.0003	0.830189
700000.0003	-4.95695
700000.0003	-3.3694
700000.0003	-1.00586
700000.0003	0.348651
700000.0003	1.18191
700000.0003	-3.8422
700000.0003	-1.64247
700000.0003	-1.30081
700000.0003	-2.10107
700000.0003	4.68289
700000.0003	1.27975
700000.0003	2.46052
700000.0003	2.97566
700000.0003	3.51608
700000.0003	-4.61459
700000.0003	-4.24692
700000.0003	1.33282
700000.0003	3.69096
700000.0003	2.54295
700000.0003	0.956222
700000.0003	1.87142
700000.0003	-0.437169
700000.0003	0.204139
700000.0003	0.448048
700000.0003	1.01418
700000.0003	-0.136028
700000.0003	1.04203
700000.0003	2.09259
700000.0003	-2.15203
700000.0003	0.354019
700000.0003	0.556609
700000.0003	0.47518
700000.0003	-1.85227
700000.0003	0.17173
700000.0003	-0.841316
700000.0003	1.17431
700000.0003	-0.26127
700000.0003	-0.0950228
700000.0003	0.122986
700000.0003	-0.661667
700000.0003	0.0765242
700000.0003	0.577668
700000.0003	0.0626003
700000.0003	0.084005
700000.0003	-0.210082
700000.0003	0.120375
700000.0003	-0.301066
700000.0003	0.0732595
700000.0003	-0.264041
700000.0003	0.0558238
700000.0003	0.76165
700000.0003	-0.116381
700000.0003	0.070621
700000.0003	-0.107285
700000.0003	0.150611
700000.0003	-0.200089
700000.0003	0.0153564
700000.0003	-0.0568753
700000.0003	0.00282252
700000.0003	0.123714
700000.0003	-0.00453595
700000.0003	-0.00804092
700000.0003	0.0213371
700000.0003	0.00431447
700000.0003	-0.000924291
700000.0003	0
700000.0003	0
700000.0003	0
700000.0003	0
700000.0003	0
700000.0003	0
700000.0003	0
700000.0003	0
700000.0003	0
700000.0003	0
700000.0003	0
700000.0003	0
700000.0003	0
700000.0003	0
700000.0003	0
700000.0003	0
700000.0003	0
700000.0003	0
700000.0003	0
700000.0003	0
700000.0003	0
700000.0003	0
700000.0003	0
700000.0003	0
700000.0003	0
700000.0003	0
700000.0003	0
700000.0003	0
700000.0003	0
700000.0003	0
700000.0003	0
700000.0003	0
700000.0003	0
700000.0003	0
700000.0003	0
700000.0003	0
700000.0003	0
700000.0003	0
700000.0003	0
700000.0003	0
700000.0003	0
700000.0003	0
700000.0003	0
700000.0003	0
700000.0003	0
700000.0003	0
700000.0003	0
700000.0003	0
700000.0003	0
700000.0003	0
700000.0003	0
700000.0003	0
700000.0003	0
700000.0003	0
700000.0003	0
700000.0003	0
700000.0003	0
700000.0003	0
700000.0003	0
700000.0003	0
700000.0003	0
700000.0003	0
700000.0003	0
700000.0003	0
700000.0003	0
700000.0003	0
700000.0003	0
700000.0003	0
700000.0003	0
700000.0003	0
700000.0003	0
700000.0003	0
700000.0003	0
700000.0003	0
700000.0003	0
700000.0003	0
700000.0003	0
700000.0003	0
700000.0003	0
700000.0003	0
700000.0003	0
700000.0003	0
700000.0003	0
700000.0003	0
700000.0003	0
700000.0003	0
700000.0003	0
700000.0003	0
700000.0003	0
700000.0003	0
700000.0003	0
700000.0003	0
700000.0003	0
700000.0003	0
700000.0003	0
700000.0003	0
700000.0003	0
700000.0003	0
700000.0003	0
700000.0003	0
