700000.0003	2957.11	2960.41	2960.18	2961.1	2961.94	2959.72	2961.12	2963.47	2956.8	2958.9	2957.42	2959.41	2955.51	2959.82	2960.62
700000.0003	1534.28	1534.22	1534.29	1533.39	1533.71	1535.46	1535.13	1534.16	1534.72	1531.71	1532.91	1531.05	1536.1	1534.07	1531.91
700000.0003	194.609	193.933	194.143	195.917	194.311	194.841	193.155	193.996	194.353	194.483	193.62	193.642	193.357	194.492	193.595
700000.0003	31.7255	32.2603	32.8323	32.6216	32.4274	32.4287	32.0618	32.637	32.2164	32.4333	32.1025	32.0627	31.9658	31.7795	32.6076
700000.0003	18.975	19.0951	19.6994	19.205	19.2216	19.2868	19.5389	19.4104	19.3913	19.1812	19.4558	19.2485	19.4682	19.3555	19.4629
700000.0003	16.4457	16.7581	16.5453	17.1704	16.7498	16.8015	16.5202	16.604	16.7686	16.3415	16.6218	16.644	16.3124	16.7706	16.4917
700000.0003	15.3023	15.0735	15.193	15.3387	15.3152	15.347	15.2559	15.3193	15.3514	15.3271	15.2738	15.1143	15.3526	15.2109	15.1588
700000.0003	14.2817	14.474	14.5064	14.7092	14.5827	14.4242	14.7086	14.3196	14.8314	14.7958	14.6406	14.3673	14.4344	14.1751	14.4099
700000.0003	14.2665	14.0074	13.7184	14.0765	14.0064	13.9386	14.0881	13.9963	14.05	13.9549	13.8616	14.092	13.9703	14.2796	13.9152
700000.0003	13.8306	13.6958	13.8416	13.6386	13.5551	13.3936	13.4882	13.6049	13.38	13.9185	13.725	14.0462	13.2264	13.9335	13.748
700000.0003	13.7941	13.4242	13.2186	13.1798	13.4935	13.6244	13.7701	13.706	13.1583	13.5876	13.5303	13.9208	13.7274	13.6177	13.5691
700000.0003	13.1724	13.1485	13.407	13.3401	13.239	13.322	13.3646	13.4199	13.3847	13.3963	13.3329	13.451	13.5858	13.4624	13.2647
700000.0003	13.5733	13.2414	13.013	13.1007	13.4208	13.2364	13.2375	13.1084	13.3935	13.524	13.7868	13.3851	13.3759	13.2684	13.3193
700000.0003	13.0725	13.2448	13.3437	13.1659	13.5093	13.2729	12.9908	13.0285	13.0722	13.2452	13.6997	13.577	13.2235	12.9732	12.9987
700000.0003	13.2603	13.3654	13.379	13.5353	13.1759	13.5699	13.5384	13.5243	13.1605	13.0255	13.0064	13.1096	13.6388	13.4314	13.4558
700000.0003	13.7019	13.6596	13.8779	13.9533	13.849	13.8756	13.9566	14.158	14.0209	14.045	13.6682	13.7254	14.4868	14.2224	14.0895
700000.0003	15.2536	15.3437	15.4893	14.9724	15.1811	15.3636	15.1386	15.0379	15.3749	14.9924	15.0514	15.0468	15.5593	15.1361	14.9572
700000.0003	16.7337	17.0611	17.1605	16.8422	16.9516	16.8756	16.6961	16.6062	17.0512	17.3541	17.0867	17.2514	16.787	16.889	17.2014
700000.0003	19.733	19.834	20.0084	19.6617	19.6219	19.7641	19.6602	19.6219	19.7191	19.8567	19.8092	20.2802	19.6531	19.1412	19.9439
700000.0003	23.922	23.8522	24.0872	23.9532	23.7501	24.1306	24.2848	23.9628	24.3563	24.4608	24.1726	23.8606	24.1489	24.0967	24.1765
700000.0003	30.8932	30.5102	30.848	30.5024	30.7527	30.675	30.7479	30.6599	30.781	30.8508	30.9078	30.3598	31.217	30.3643	30.912
700000.0003	41.6008	42.5217	42.4687	42.3443	41.7604	42.1086	41.9321	42.4347	42.6079	42.1386	42.3928	41.9927	42.518	41.9674	41.964
700000.0003	67.1419	66.9851	67.0126	67.197	67.8117	66.8073	67.8542	68.0452	67.9419	67.3907	67.85	67.0592	67.5786	67.4779	67.5091
700000.0003	155.196	156.024	154.952	154.649	155.78	155.198	155.307	154.75	155.465	156.242	155.806	155.127	155.312	155.761	155.44
700000.0003	516.382	518.037	516.191	515.921	516.32	515.299	516.476	515.085	515.039	515.542	516.585	514.528	516.214	516.521	516.254
700000.0003	1362.85	1364.22	1363.32	1361.07	1362.38	1361.75	1361.11	1361.9	1362.29	1361.11	1362.26	1363.04	1360.45	1363.87	1362.26
700000.0003	2201.39	2204.35	2201.97	2200.7	2200.7	2199.91	2200.52	2201.34	2200.13	2201.87	2200.96	2201.11	2201.37	2205.08	2202.15
700000.0003	2642.76	2643.49	2641.67	2639.51	2640.32	2638.38	2640.38	2641.87	2642.01	2641.01	2642.31	2640.73	2644.13	2642.29	2641.04
700000.0003	2787.75	2787.5	2788.5	2788.75	2785.6	2785.54	2785.36	2787.13	2787.24	2788.18	2789.84	2788.73	2789.55	2789.07	2788.7
700000.0003	2834.9	2837.79	2834.91	2832.67	2832.61	2832.71	2835.89	2835.04	2834.23	2834.65	2838.04	2836.68	2838.42	2835.84	2833.71
700000.0003	2863.62	2863.24	2865.19	2863.23	2867.87	2864.91	2861.82	2861.36	2866.07	2867.88	2863.56	2865.94	2868.17	2868.55	2863.01
700000.0003	2896.07	2896.58	2891.1	2887.69	2891.32	2896.21	2889.77	2890.77	2893.48	2894.53	2890.89	2893.02	2896.1	2892.29	2889.58
700000.0003	2920.14	2921.39	2919.27	2917.99	2922.98	2923.7	2915.38	2917.93	2922.63	2923.63	2913.62	2918.65	2926.11	2921.98	2915.08
700000.0003	2949.14	2952.78	2944.55	2942.94	2950.7	2950.18	2944.31	2943.62	2950.37	2950.14	2942.84	2945.87	2950.02	2946.16	2942.76
700000.0003	2975.22	2979.16	2971.6	2970.62	2976.37	2977.56	2971.25	2972.06	2976.78	2974.11	2969.28	2971.42	2979.42	2972.35	2970.44
700000.0003	3000.83	3003.85	3001.16	2998.13	3003.83	3002.96	2998.17	2999.03	3000.87	3002.03	2998.49	3000.42	3001.98	3000.59	2997.27
700000.0003	3027.33	3028.57	3026.68	3026.49	3028.6	3031.99	3026.57	3025.51	3029.31	3028.11	3024.47	3024.7	3028.1	3026.27	3025.99
700000.0003	3052.61	3058.11	3053.56	3054.05	3052.68	3055.27	3054.24	3054.08	3053.41	3051.82	3054.33	3052.67	3051.94	3050.14	3052.31
700000.0003	3079.14	3079.02	3079.59	3079.31	3079.5	3079.83	3079.03	3079	3079.54	3075	3078.12	3076.6	3076.55	3079.78	3077.83
700000.0003	3097.11	3101.38	3099.16	3096.44	3098.43	3098.54	3098.03	3100.91	3095.73	3095.86	3095.9	3095.36	3094.08	3097.04	3095.23
700000.0003	-0.153876	-0.623623	0.71868	0.586866	-0.415893	-1.40903	1.76368	0.976137	-0.47846	-1.22152	-0.474472	0.449969	0.0913978	-0.796284	-0.797276
700000.0003	-0.39003	0.444058	0.158497	-1.28787	-0.810987	0.681781	0.373749	1.2108	-1.28386	0.149795	0.137814	-0.147403	0.0573175	0.0907579	-0.138818
700000.0003	0.174717	0.198357	0.605663	-0.140154	-0.0740454	-0.170487	-0.453876	-0.102384	0.295248	-0.2933	-0.0521558	0.0139979	0.268683	0.27411	-0.423841
700000.0003	-0.114043	0.140009	-0.13045	0.0499707	-0.0758379	0.0624356	0.0419277	0.053441	-7.42742e-05	-0.227511	-0.128877	0.0123319	0.0661841	0.0311026	0.205791
700000.0003	0.0829887	0.246506	0.1221	0.0146113	-0.142301	-0.0725818	-0.084838	-0.201357	0.0821079	-0.060294	-0.173952	-0.0677477	-0.264331	-0.0730215	-0.0538197
700000.0003	-0.0737621	0.110801	0.136667	-0.191122	0.00499553	0.18165	0.109714	-0.109393	-0.120659	0.223398	-0.012459	-0.134242	0.0595505	0.0919544	-0.0935477
700000.0003	-0.0822164	0.0526237	0.0768752	0.154338	0.0781024	0.0971482	0.146665	-0.0864062	0.0379399	0.0294704	-0.0572617	0.0628542	0.151068	-0.0840587	-0.164984
700000.0003	0.0228499	0.0781271	0.0268335	0.0963301	0.0138313	-0.0454088	0.00405014	-0.114791	0.0373523	-0.0799052	-0.0173949	0.230557	0.0942439	0.0343511	0.089271
700000.0003	0.0562058	-0.191614	-0.00655161	0.117933	0.0408784	-0.0965556	0.0616328	-0.121386	-0.292233	0.0256311	0.00115968	0.0326421	-0.040418	0.0920852	-0.0499857
700000.0003	0.0452362	-0.0376909	-0.0839971	-0.00368203	0.0394276	0.0670135	0.0783399	0.0830993	-0.0222923	-0.112324	-0.0498009	0.101352	0.182334	0.0156848	-0.200774
700000.0003	-0.0475218	0.043752	-0.016057	0.129966	0.0563473	0.0178796	0.0616818	-0.0189551	-0.0103667	-0.0296117	-0.00978105	-0.0519689	-0.126899	-0.22853	0.0908235
700000.0003	0.006922	0.125969	0.211753	-0.0492573	0.108093	0.184696	-0.219731	-0.183832	-0.231198	-0.0864808	-0.0543357	0.0436047	0.045106	0.166939	-0.189182
700000.0003	0.0583392	-0.135387	-0.0720863	0.0703965	-0.133853	-0.0203417	-0.049582	0.00255511	-0.140794	-0.0828313	0.0449784	-0.225448	0.170564	0.0352964	0.0552294
700000.0003	-0.134161	-0.141358	-0.0044873	0.0280432	0.0570395	-0.209735	0.0293751	0.0114115	0.162757	0.083033	0.103333	0.0363443	-0.0236373	-0.138805	0.173954
700000.0003	-0.145329	-0.0756239	-0.00523284	0.0944034	0.143377	-0.00815961	0.015414	-0.164997	0.0394923	0.0239109	-0.0686724	0.237056	0.189615	0.00434797	-0.124256
700000.0003	0.0300749	0.231082	0.109837	0.251317	0.0229256	0.224376	0.0609984	-0.0683949	-0.0306714	0.0324179	0.329691	-0.00998936	0.105158	0.0768173	-0.116429
700000.0003	0.120674	-0.0886567	0.0271047	0.209399	0.118658	-0.105561	-0.159736	-0.0296944	0.0286869	0.260039	0.00054597	0.0544707	-0.175585	-0.137236	0.232265
700000.0003	0.0366056	-0.238605	0.1265	0.0874271	0.0509083	0.152063	-0.191074	0.114454	-0.143285	-0.0554543	-0.150389	-0.0740727	0.150857	0.102272	-0.00423316
700000.0003	0.0526287	0.00740916	-0.086934	0.100633	-0.113249	-0.198606	-0.16775	-0.0999344	-0.0228326	0.0725232	-0.130402	-0.0791739	-0.266705	0.0696279	0.187331
700000.0003	0.072128	-0.0379524	-0.0720683	-0.1554	0.0581418	-0.0177249	-0.129847	0.0570692	-0.0477782	0.195308	0.0161433	0.0101365	-0.188325	-0.0209616	-0.063812
700000.0003	0.00421124	0.0718114	-0.0426457	-0.219513	0.0319631	-0.254983	0.152424	0.0133799	0.0185413	-0.110862	-0.13907	0.00447291	0.334669	-0.134684	-0.0922202
700000.0003	-0.0215863	-0.20846	-0.0405144	0.0235459	0.111102	0.0986395	-0.149288	0.0329041	0.0945571	0.0385804	-0.278269	-0.330575	0.096345	0.102436	0.107128
700000.0003	-0.0814357	-0.274332	-0.0450967	0.0578729	0.0011805	0.390768	-0.180591	0.17047	-0.255991	-0.240064	0.0338859	0.248964	-0.0371159	0.229817	0.0282016
700000.0003	0.0830097	-0.0192919	-0.405792	-0.553878	0.269558	0.0557868	-0.146458	0.120652	-0.174192	0.0366948	-0.290119	0.245288	-0.321751	0.162494	-0.661043
700000.0003	-0.0743156	-0.0129528	0.181505	-0.45802	-0.090267	0.351305	0.200768	-0.295711	0.54272	-0.3254	0.201519	0.325761	-0.137147	-0.727465	0.0437062
700000.0003	1.66692	-0.578239	-0.107309	-0.508839	0.142516	0.389526	-0.364101	1.59769	0.202982	1.52119	-0.467581	0.230669	-0.0876639	-0.942482	-0.605445
700000.0003	-1.06133	1.56765	0.272129	0.77037	0.908373	0.895313	2.61996	0.200119	-0.516752	-0.314575	0.755266	0.212381	0.0424062	0.435715	-0.0282177
700000.0003	0.656241	0.14766	0.840956	0.684981	0.701268	1.11511	0.119065	0.786749	0.651678	0.856101	-0.544411	0.612913	0.915506	0.485717	1.3077
700000.0003	0.966016	0.900749	0.738492	1.90034	0.215089	1.98757	0.052936	-0.0293887	0.0205474	-0.189459	1.38447	1.34648	0.0533424	0.429577	0.980815
700000.0003	0.540105	0.679025	1.94879	1.48006	1.7441	-0.0844287	-1.11394	0.611586	0.317695	-0.585395	-1.32667	1.11501	0.805892	2.05109	0.504304
700000.0003	0.849136	0.549411	0.455757	0.705868	1.29998	0.549839	0.684335	-0.445987	-1.18278	-0.365417	0.583882	-0.111784	0.306772	0.825043	1.96472
700000.0003	0.615688	1.57669	1.61955	0.655674	0.0745393	0.121946	-0.496337	0.330627	-0.383212	-1.42392	-0.345894	0.597911	1.11996	0.318105	0.212827
700000.0003	1.44177	-0.284587	-0.0314581	0.936273	-0.0318264	-0.226614	-0.347792	-0.725034	-0.945313	-0.304079	-0.363611	-0.55825	0.46151	0.874533	1.43966
700000.0003	1.41996	0.089123	1.21992	0.0824562	0.362434	-0.110483	0.354017	-0.735393	0.217462	-0.171904	0.293067	-0.0204891	0.529792	-0.0581671	0.415311
700000.0003	0.81746	0.765089	0.540007	0.213747	-0.30662	0.0674898	-0.0329624	-0.124332	-0.408202	0.144011	-0.828309	0.422554	0.401954	0.19526	0.258273
700000.0003	0.141044	0.155923	0.601926	-0.337601	0.38591	0.25731	-0.454219	-0.862766	-0.443899	0.0349439	0.0521787	0.112805	0.237966	0.556334	0.378695
700000.0003	0.0905285	-0.0179897	-0.0246054	0.292538	-0.358065	-0.958429	0.545724	0.129048	-1.14575	-0.12214	0.150528	0.00242327	0.117859	0.683001	0.554906
700000.0003	0.0699713	0.246858	-0.0520719	0.205984	0.66687	0.0826337	-0.741806	-0.645575	-1.27163	-0.584787	0.122307	-0.423277	1.04576	0.963452	-0.205017
700000.0003	0.358071	0.470226	-0.0493689	-0.589286	-0.381726	1.07848	-0.447308	-0.815209	-0.572142	-0.949216	-0.282191	0.0560613	0.890478	0.960708	0.0750496
700000.0003	-0.792336	0.793576	0.168257	0.0892837	-0.129997	0.7545	0.183651	-1.31193	-0.327687	-0.0689402	-0.34074	0.81358	-0.0536353	-0.834895	-0.244393
700000.0003	2910.05	2909.82	2913.5	2913.13	2913.6	2912.95	2913.94	2915.56	2911.21	2908.66	2910.37	2911.61	2909.85	2908.4	2910.72
700000.0003	1606.45	1604.51	1605.05	1607.91	1607.07	1608.4	1605.91	1607.34	1607.38	1605.71	1605.29	1605.1	1606	1603.38	1604.19
700000.0003	173.736	174.087	174.192	174.941	174.244	174.8	174.196	173.59	174.388	174.237	174.436	172.784	174.136	173.59	173.588
700000.0003	27.9844	28.5629	28.5272	28.3858	28.529	28.3563	28.2441	28.6836	27.9954	28.2838	28.3294	28.0024	27.8072	28.1762	28.4261
700000.0003	18.1327	17.8092	18.1609	18.1441	18.3542	18.4885	18.2273	18.768	18.5119	18.8365	18.5898	18.4198	18.2716	18.2033	17.8211
700000.0003	16.0436	15.9192	15.8487	16.4627	16.2195	16.2821	16.3307	16.1422	16.5411	16.3524	16.2535	16.1616	15.7797	16.1935	15.8222
700000.0003	15.0907	14.7643	14.8216	15.2105	14.942	14.5092	14.8641	14.8289	14.9845	14.9421	14.4995	14.6495	15.0662	14.7131	15.3104
700000.0003	13.7988	14.2432	14.3299	14.4799	14.4406	14.5345	14.4778	14.132	14.3057	14.2186	14.2957	14.5379	14.4113	14.1572	14.2926
700000.0003	13.8624	13.775	13.9489	13.8878	13.9402	13.6101	13.8481	14.2165	13.9008	13.7339	14.0973	13.9153	14.0773	13.9998	13.8316
700000.0003	13.8396	13.4916	13.9267	13.8291	13.2211	13.2926	13.6168	13.3787	13.794	13.8101	13.6581	13.6453	13.4152	13.4705	13.4202
700000.0003	13.5536	13.4751	13.1985	13.3093	13.2331	13.1792	13.1945	13.4681	13.2846	13.6499	13.2559	13.7057	13.5241	13.6058	13.5309
700000.0003	13.2054	13.3077	13.4543	13.6027	13.2945	13.1281	13.0913	13.0958	13.28	13.4476	13.487	13.4046	13.0075	13.6816	13.651
700000.0003	13.098	12.951	12.9059	13.2311	13.329	13.2847	13.3567	13.2625	13.1194	13.5546	13.5604	13.1126	12.9781	13.3329	13.1884
700000.0003	13.3306	13.3296	13.2534	13.1806	13.1894	13.3721	13.4728	13.0907	13.2226	13.6372	13.8728	13.4288	12.9659	12.966	12.9703
700000.0003	13.6037	13.5122	13.2149	13.6885	13.113	13.5516	13.3153	13.3009	12.9231	13.1602	13.2191	13.355	13.3504	13.2791	13.6065
700000.0003	13.7473	13.5643	13.9551	13.7977	14.4583	14.0161	13.8171	13.8335	13.9179	13.9256	13.8475	13.7786	13.8895	14.2011	14.2133
700000.0003	15.174	15.2436	15.0664	15.0275	14.8452	15.1047	14.9761	14.9535	14.8329	14.6345	15.0079	15.3742	15.1909	14.8721	14.7118
700000.0003	16.8864	17.1281	16.888	16.8143	17.1134	16.9427	16.6703	16.5193	17.0963	17.122	17.3449	17.3119	16.8856	16.6998	16.8713
700000.0003	19.7225	19.4854	19.8349	19.8294	19.754	19.5329	19.3005	19.6762	20.1185	19.9536	19.5642	19.9642	20.0277	19.7243	19.9338
700000.0003	24.096	23.5684	23.8519	23.8012	23.8757	24.1487	23.5202	23.5777	24.1126	24.1887	24.0815	24.0926	23.75	23.9257	24.2204
700000.0003	30.6349	30.5542	30.7898	30.5872	30.372	30.2792	30.9693	30.6021	30.5746	30.6226	30.8844	30.5978	30.5947	30.5293	30.3343
700000.0003	41.4981	41.8194	41.6679	41.8429	41.7775	41.4494	42.008	41.99	42.1232	41.6357	41.8087	41.9884	41.8729	41.5646	41.4013
700000.0003	66.182	65.9795	66.1289	66.419	66.4318	66.32	66.466	66.8294	67.0331	66.3879	66.8183	66.2705	66.5908	66.6099	66.6686
700000.0003	153.837	152.744	151.736	152.362	153.785	152.284	152.497	153.001	151.673	153.286	152.728	152.711	152.204	152.532	153.234
700000.0003	520.541	520.965	521.09	521.493	520.319	520.647	520.555	519.789	520.34	520.049	521.278	519.602	519.562	520.117	520.388
700000.0003	1364.47	1366.71	1361.92	1362.43	1364.36	1362.56	1361.06	1364.96	1361.37	1362.58	1363.95	1363.76	1363.63	1365.78	1362.79
700000.0003	2154.22	2153.48	2154.08	2151.87	2153.57	2151.89	2155.49	2153.54	2154.51	2154.92	2153.73	2155.03	2154.2	2154.44	2152.51
700000.0003	2583.52	2585.15	2585.78	2582.18	2580.83	2583.71	2583.07	2585.28	2586.93	2585.07	2585.08	2586.17	2587.8	2585.14	2585.75
700000.0003	2779.32	2779.16	2778.48	2779.37	2777.89	2775.58	2776.58	2775.76	2778.64	2779.53	2777.81	2778.62	2779.3	2778.9	2780.03
700000.0003	2866.35	2868.17	2865.05	2866.32	2866.49	2866.81	2866.36	2867.4	2863.69	2866.28	2868.15	2865.51	2866.17	2865.7	2866.62
700000.0003	2905.13	2902.84	2906.82	2905.59	2905.4	2905.46	2905.39	2909.62	2905.07	2906.01	2908.74	2908.23	2906.73	2906.81	2904.72
700000.0003	2931.79	2930.24	2932.08	2932.15	2929.43	2932.23	2931.53	2933.32	2932.92	2931.46	2931.91	2932.38	2931.51	2932.81	2933.87
700000.0003	2955.75	2954.24	2953.83	2954.75	2955.95	2953.46	2955.41	2952.78	2953.36	2952.26	2952.27	2952.25	2953.01	2954.07	2952.94
700000.0003	2973.5	2973.51	2971.39	2972.52	2973.43	2972.9	2975.3	2970.15	2975.4	2973.13	2971.38	2971.5	2969.75	2974.74	2972.4
700000.0003	2990.83	2988.81	2989.36	2987.91	2990.58	2989.14	2991.99	2988.77	2990.75	2991.08	2990.54	2990.44	2992.07	2989.17	2989.57
700000.0003	3005.65	3007.37	3007.66	3007.21	3005.75	3007.41	3005.64	3008.87	3006.2	3008.59	3005.52	3008.76	3008.26	3006.29	3008.43
700000.0003	3024.58	3024.26	3024.22	3025.67	3025.29	3026.45	3021.96	3025.8	3024	3023.82	3023.22	3022.68	3026.43	3022.4	3025.04
700000.0003	3043.96	3046.23	3042.38	3044.6	3044.43	3044.81	3044.63	3044.6	3043.84	3043.11	3046.01	3042.13	3043.03	3043.92	3043.33
700000.0003	3071.48	3069.43	3069.2	3070.19	3067.54	3070.21	3070.16	3067.29	3069.96	3069.32	3070	3069.6	3067.7	3070.33	3067.98
700000.0003	3082.82	3085.68	3086.45	3083.39	3087.14	3084.99	3084.86	3084.34	3083.65	3084.75	3083.43	3082.44	3083.79	3085.29	3084.18
