700000.0003	64.2229
700000.0003	113.951
700000.0003	194.98
700000.0003	313.641
700000.0003	481.279
700000.0003	696.738
700000.0003	958.259
700000.0003	1260.02
700000.0003	1590.45
700000.0003	1969.85
700000.0003	2392.97
700000.0003	2855.73
700000.0003	3301.48
700000.0003	3649.37
700000.0003	3808.97
700000.0003	3722.37
700000.0003	3456.69
700000.0003	3049.86
700000.0003	2593.72
700000.0003	2143.26
700000.0003	1728.62
700000.0003	1364.5
700000.0003	1059.41
700000.0003	808.488
700000.0003	608.062
700000.0003	460.659
700000.0003	348.011
700000.0003	263.759
700000.0003	200.924
700000.0003	153.594
700000.0003	117.049
700000.0003	90.2865
700000.0003	71.6109
700000.0003	55.663
700000.0003	43.1688
700000.0003	35.1644
700000.0003	27.8041
700000.0003	20.379
700000.0003	17.8351
700000.0003	14.0539
700000.0003	12.0407
700000.0003	9.85487
700000.0003	8.187
700000.0003	5.93781
700000.0003	7.02775
700000.0003	4.19698
700000.0003	4.1366
700000.0003	2.49787
700000.0003	3.83997
700000.0003	3.24165
700000.0003	3.56828
700000.0003	3.32675
700000.0003	3.65504
700000.0003	2.89257
700000.0003	3.0762
700000.0003	3.76783
700000.0003	2.48571
700000.0003	3.10845
700000.0003	1.49761
700000.0003	2.19418
700000.0003	2.94615
700000.0003	1.06389
700000.0003	2.0535
700000.0003	1.22178
700000.0003	1.92798
700000.0003	0.476636
700000.0003	1.54347
700000.0003	1.52715
700000.0003	0.726959
700000.0003	0.78068
700000.0003	1.44304
700000.0003	0.836265
700000.0003	0.410601
700000.0003	0.529183
700000.0003	2.10641
700000.0003	0.57612
700000.0003	1.4005
700000.0003	1.41943
700000.0003	0.857064
700000.0003	0.529194
700000.0003	1.48121
700000.0003	-0.0870904
700000.0003	-0.555468
700000.0003	0.267061
700000.0003	-0.114436
700000.0003	2.10022
700000.0003	0.698111
700000.0003	0.688241
700000.0003	0.309018
700000.0003	0.825241
700000.0003	0.296946
700000.0003	1.02065
700000.0003	-0.422769
700000.0003	-0.255948
700000.0003	1.25981
700000.0003	0.680843
700000.0003	0.247917
700000.0003	0.38768
700000.0003	0.784159
700000.0003	0.676394
700000.0003	1.19757
700000.0003	-0.0974762
700000.0003	0.0491725
700000.0003	0.240668
700000.0003	-0.305109
700000.0003	0.609471
700000.0003	0.676792
700000.0003	-0.0409322
700000.0003	-0.0500866
700000.0003	1.01229
700000.0003	0.823607
700000.0003	0.493695
700000.0003	-0.21731
700000.0003	-0.0621622
700000.0003	-0.220703
700000.0003	-0.939679
700000.0003	-0.00582527
700000.0003	-0.0314584
700000.0003	0.55157
700000.0003	-0.304869
700000.0003	1.00729
700000.0003	0.85766
700000.0003	-0.135375
700000.0003	0.716478
700000.0003	-0.258652
700000.0003	-0.40858
700000.0003	-0.0908669
700000.0003	0.675248
700000.0003	-1.19685
700000.0003	-0.100274
700000.0003	0.291908
700000.0003	0.00894273
700000.0003	0.238768
700000.0003	-0.0558457
700000.0003	0.834785
700000.0003	-0.413117
700000.0003	-0.514059
700000.0003	-0.791427
700000.0003	0.0466596
700000.0003	-0.400055
700000.0003	0.392102
700000.0003	0.388937
700000.0003	0.661645
700000.0003	-0.0335346
700000.0003	-0.965975
700000.0003	-0.340206
700000.0003	-0.83107
700000.0003	-1.1252
700000.0003	-1.59974
700000.0003	-0.866543
700000.0003	-0.913716
700000.0003	-0.906465
700000.0003	-0.980154
700000.0003	-1.26028
700000.0003	-0.97527
700000.0003	-2.05725
700000.0003	0.0866545
700000.0003	-2.65674
700000.0003	-0.862938
700000.0003	-0.655312
700000.0003	-1.86171
700000.0003	-1.58142
700000.0003	-1.65453
700000.0003	-2.82807
700000.0003	-2.22739
700000.0003	-2.65226
700000.0003	-3.29873
700000.0003	-2.57451
700000.0003	-2.78909
700000.0003	-3.14411
700000.0003	-3.38038
700000.0003	-2.75857
700000.0003	-3.20853
700000.0003	-3.83507
700000.0003	-2.62997
700000.0003	-3.71108
700000.0003	-3.29466
700000.0003	-3.62943
700000.0003	-3.93246
700000.0003	-4.00404
700000.0003	-3.49185
700000.0003	-4.00299
700000.0003	-5.09939
700000.0003	-4.39547
700000.0003	-5.06805
700000.0003	-4.95
700000.0003	-5.29086
700000.0003	-6.48853
700000.0003	-6.16215
700000.0003	-5.22254
700000.0003	-5.8159
700000.0003	-6.26532
700000.0003	-6.786
700000.0003	-8.33782
700000.0003	-7.9187
700000.0003	-7.78386
700000.0003	-8.08877
700000.0003	-8.94176
700000.0003	-8.95034
700000.0003	-9.83788
700000.0003	-9.53131
700000.0003	-9.87861
700000.0003	-10.272
700000.0003	-11.1731
700000.0003	-12.2169
700000.0003	-12.9214
700000.0003	-13.9729
700000.0003	-14.4263
700000.0003	-15.7917
700000.0003	-15.7271
700000.0003	-17.6087
700000.0003	-17.8026
700000.0003	-17.8816
700000.0003	-19.761
700000.0003	-20.6615
700000.0003	-23.2114
700000.0003	-23.8521
700000.0003	-28.1841
700000.0003	-29.4058
700000.0003	-34.1938
700000.0003	-36.1131
700000.0003	-39.9703
700000.0003	-43.0665
700000.0003	-48.5518
700000.0003	-51.9163
700000.0003	-59.7975
700000.0003	-66.8878
700000.0003	-77.5324
700000.0003	-87.2444
700000.0003	-101.456
700000.0003	-117.125
700000.0003	-135.218
700000.0003	-157.57
700000.0003	-183.873
700000.0003	-213.524
700000.0003	-247.277
700000.0003	-289.149
700000.0003	-337.023
700000.0003	-391.674
700000.0003	-452.066
700000.0003	-521.827
700000.0003	-598.535
700000.0003	-682.19
700000.0003	-774.384
700000.0003	-868.176
700000.0003	-962.057
700000.0003	-1060.75
700000.0003	-1158.93
700000.0003	-1246.97
700000.0003	-1327.75
700000.0003	-1396.64
700000.0003	-1451.44
700000.0003	-1488.1
700000.0003	-1508.17
700000.0003	-1515.22
700000.0003	-1501.26
700000.0003	-1476.39
700000.0003	-1433.92
700000.0003	-1389.44
700000.0003	-1334.58
700000.0003	-1271.09
700000.0003	-1205.75
700000.0003	-1139.62
700000.0003	-1074.72
700000.0003	-1002.75
700000.0003	-937.341
700000.0003	-866.865
700000.0003	-800.756
700000.0003	-738.95
700000.0003	-669.716
700000.0003	-612.015
700000.0003	-552.293
700000.0003	-496.355
700000.0003	-441.55
700000.0003	-394.411
700000.0003	-347.979
700000.0003	-305.562
700000.0003	-266.408
700000.0003	-232.774
700000.0003	-204.687
700000.0003	-178.258
700000.0003	-154.294
700000.0003	-135.738
700000.0003	-120.427
700000.0003	-107.534
700000.0003	-94.474
700000.0003	-86.5318
700000.0003	-77.5106
700000.0003	-71.4691
700000.0003	-65.4245
700000.0003	-61.0051
700000.0003	-57.6961
700000.0003	-55.7563
700000.0003	-52.2343
700000.0003	-49.5414
700000.0003	-47.9565
700000.0003	-46.3735
700000.0003	-44.7209
700000.0003	-44.3588
700000.0003	-43.1193
700000.0003	-42.097
700000.0003	-42.8154
700000.0003	-41.2613
700000.0003	-41.2759
700000.0003	-41.9931
700000.0003	-40.9326
700000.0003	-42.3431
700000.0003	-40.6471
700000.0003	-40.4746
700000.0003	-41.7387
700000.0003	-41.8783
700000.0003	-41.4825
700000.0003	-41.1522
700000.0003	-41.5813
700000.0003	-41.0639
700000.0003	-41.0515
700000.0003	-40.3997
700000.0003	-40.6758
700000.0003	-40.8583
700000.0003	-40.5439
700000.0003	-40.4171
700000.0003	-41.0857
700000.0003	-41.3045
700000.0003	-41.1634
700000.0003	-41.3461
700000.0003	-41.3006
700000.0003	-39.9621
700000.0003	-40.2219
700000.0003	-40.6899
700000.0003	-40.0006
700000.0003	-41.3527
700000.0003	-40.4012
700000.0003	-40.8987
700000.0003	-40.2705
700000.0003	-40.6703
700000.0003	-40.4146
700000.0003	-41.0878
700000.0003	-40.7459
700000.0003	-40.4945
700000.0003	-39.4667
700000.0003	-40.5788
700000.0003	-40.5204
700000.0003	-41.2474
700000.0003	-40.2175
700000.0003	-39.8089
700000.0003	-39.3491
700000.0003	-40.2347
700000.0003	-39.9257
700000.0003	-40.2677
700000.0003	-40.0333
700000.0003	-40.4319
700000.0003	-39.9451
700000.0003	-39.8077
700000.0003	-39.997
700000.0003	-40.6935
700000.0003	-39.9712
700000.0003	-39.3478
700000.0003	-40.1067
700000.0003	-40.0857
700000.0003	-40.8715
700000.0003	-39.8819
700000.0003	-39.9679
700000.0003	-39.6861
700000.0003	-39.6505
700000.0003	-39.8051
700000.0003	-39.9005
700000.0003	-39.9124
700000.0003	-39.8692
700000.0003	-39.1675
700000.0003	-39.9438
700000.0003	-39.8879
700000.0003	-38.3208
700000.0003	-39.572
700000.0003	-39.3873
700000.0003	-38.5227
700000.0003	-38.5022
700000.0003	-38.6828
700000.0003	-38.4216
700000.0003	-38.2627
700000.0003	-37.254
700000.0003	-37.8814
700000.0003	-36.4678
700000.0003	-36.3177
700000.0003	-36.3894
700000.0003	-36.5746
700000.0003	-35.525
700000.0003	-36.1918
700000.0003	-34.7131
700000.0003	-33.9322
700000.0003	-32.6707
700000.0003	-32.2477
700000.0003	-30.6865
700000.0003	-27.3197
700000.0003	-24.1567
700000.0003	-19.1703
700000.0003	-13.8237
700000.0003	-7.34015
700000.0003	3.52298
700000.0003	16.9419
700000.0003	34.4603
700000.0003	0.568148
700000.0003	1.04456
700000.0003	-0.931692
700000.0003	-0.677367
700000.0003	1.36615
700000.0003	0.35781
700000.0003	1.28735
700000.0003	1.24754
700000.0003	-1.0226
700000.0003	-2.01951
700000.0003	-0.210937
700000.0003	-0.296845
700000.0003	3.47834
700000.0003	1.9505
700000.0003	-3.14825
700000.0003	-0.404808
700000.0003	3.21163
700000.0003	3.47147
700000.0003	-1.17806
700000.0003	0.613196
700000.0003	-1.72736
700000.0003	2.04216
700000.0003	-1.72093
700000.0003	-1.34109
700000.0003	0.0687398
700000.0003	0.662619
700000.0003	-3.26202
700000.0003	2.6764
700000.0003	0.133242
700000.0003	-0.366889
700000.0003	1.10536
700000.0003	-1.36371
700000.0003	0.181862
700000.0003	0.0252638
700000.0003	0.111601
700000.0003	-0.143627
700000.0003	0.693687
700000.0003	1.41441
700000.0003	0.732675
700000.0003	-0.0149887
700000.0003	-1.20901
700000.0003	-0.313002
700000.0003	0.13174
700000.0003	1.00437
700000.0003	-1.06283
700000.0003	-0.543273
700000.0003	1.05687
700000.0003	-0.288157
700000.0003	0.0573625
700000.0003	0.257615
700000.0003	-0.445988
700000.0003	-0.0839641
700000.0003	0.976317
700000.0003	0.848303
700000.0003	-0.0579999
700000.0003	0.148119
700000.0003	-0.760307
700000.0003	-0.338448
700000.0003	0.0337547
700000.0003	0.107681
700000.0003	-0.176824
700000.0003	0.163759
700000.0003	1.10377
700000.0003	0.0448891
700000.0003	-1.42183
700000.0003	-0.479024
700000.0003	-1.39683
700000.0003	0.197463
700000.0003	0.392776
700000.0003	0.125373
700000.0003	0.190416
700000.0003	-0.692446
700000.0003	1.19447
700000.0003	0.446566
700000.0003	-1.17936
700000.0003	-0.018172
700000.0003	-0.432428
700000.0003	0.739132
700000.0003	0.261272
700000.0003	0.144396
700000.0003	-0.283763
700000.0003	0.522558
700000.0003	-0.529689
700000.0003	0.0359583
700000.0003	0.426256
700000.0003	-0.306145
700000.0003	-0.483866
700000.0003	0.15381
700000.0003	0.605485
700000.0003	0.286116
700000.0003	0.0483438
700000.0003	-0.0098986
700000.0003	-0.638173
700000.0003	0.633133
700000.0003	0.0185077
700000.0003	0.519554
700000.0003	0.456649
700000.0003	-0.851847
700000.0003	-1.17651
700000.0003	-0.395776
700000.0003	0.341194
700000.0003	-0.487534
700000.0003	0.45001
700000.0003	0.400423
700000.0003	-0.524801
700000.0003	-0.152876
700000.0003	0.0832661
700000.0003	0.217097
700000.0003	0.482815
700000.0003	-0.392263
700000.0003	1.3647
700000.0003	-1.17041
700000.0003	-0.437116
700000.0003	0.187744
700000.0003	0.130691
700000.0003	-0.0423701
700000.0003	-0.32929
700000.0003	0.999606
700000.0003	-0.605474
700000.0003	-0.299024
700000.0003	-0.393416
700000.0003	0.713918
700000.0003	-0.483731
700000.0003	-0.486432
700000.0003	0.426975
700000.0003	0.167584
700000.0003	0.308895
700000.0003	-0.832736
700000.0003	-0.699197
700000.0003	0.118545
700000.0003	0.49891
700000.0003	0.823311
700000.0003	0.598635
700000.0003	0.0839114
700000.0003	-0.433342
700000.0003	0.121179
700000.0003	0.0220071
700000.0003	-0.28245
700000.0003	0.0687959
700000.0003	-0.171907
700000.0003	0.497779
700000.0003	-1.02346
700000.0003	1.01698
700000.0003	-0.018971
700000.0003	0.155212
700000.0003	-0.203324
700000.0003	-0.407692
700000.0003	-0.227842
700000.0003	0.891641
700000.0003	-0.817021
700000.0003	-0.414278
700000.0003	0.275103
700000.0003	-0.125429
700000.0003	0.527534
700000.0003	-0.0107205
700000.0003	-1.74206
700000.0003	0.885201
700000.0003	0.287808
700000.0003	0.0365196
700000.0003	0.197776
700000.0003	-0.418569
700000.0003	0.488795
700000.0003	-0.353471
700000.0003	-0.0379263
700000.0003	0.422768
700000.0003	-0.0272764
700000.0003	-0.450868
700000.0003	0.690028
700000.0003	-0.664536
700000.0003	0.228126
700000.0003	0.921563
700000.0003	-0.264389
700000.0003	0.379762
700000.0003	-0.536886
700000.0003	-0.53328
700000.0003	0.506102
700000.0003	0.518528
700000.0003	0.226125
700000.0003	0.288985
700000.0003	0.606789
700000.0003	-0.278111
700000.0003	-1.21278
700000.0003	-0.566292
700000.0003	-0.889768
700000.0003	0.17852
700000.0003	1.04029
700000.0003	-0.216752
700000.0003	-0.535953
700000.0003	0.168013
700000.0003	0.160656
700000.0003	-0.41529
700000.0003	0.830805
700000.0003	0.903493
700000.0003	-0.308705
700000.0003	0.284446
700000.0003	-0.942171
700000.0003	1.17795
700000.0003	-0.0613631
700000.0003	0.0217997
700000.0003	-0.104067
700000.0003	-1.04986
700000.0003	-0.55247
700000.0003	-0.0785727
700000.0003	1.66407
700000.0003	0.571196
700000.0003	1.1491
700000.0003	0.25311
700000.0003	-0.981499
700000.0003	-1.22078
700000.0003	-0.385754
700000.0003	0.263785
700000.0003	0.669214
700000.0003	0.806382
700000.0003	0.372602
700000.0003	-1.2993
700000.0003	-0.33432
700000.0003	0.471975
700000.0003	-1.43398
700000.0003	-0.328194
700000.0003	1.12293
700000.0003	0.258567
700000.0003	-0.255365
700000.0003	-0.238967
700000.0003	-0.827143
700000.0003	0.128168
700000.0003	-0.551348
700000.0003	-0.361933
700000.0003	-0.363802
700000.0003	-0.0926264
700000.0003	-0.939638
700000.0003	1.75041
700000.0003	1.47734
700000.0003	-0.31493
700000.0003	0.462804
700000.0003	0.14394
700000.0003	-0.59907
700000.0003	-0.860905
700000.0003	1.91333
700000.0003	1.25027
700000.0003	0.475122
700000.0003	0.652874
700000.0003	-2.51548
700000.0003	-2.81729
700000.0003	1.28175
700000.0003	-0.0498629
700000.0003	-1.22042
700000.0003	1.16832
700000.0003	-0.599059
700000.0003	-1.03211
700000.0003	0.701773
700000.0003	2.60403
700000.0003	0.620353
700000.0003	0.925055
700000.0003	2.52454
700000.0003	-2.04451
700000.0003	-3.51706
700000.0003	-0.39943
700000.0003	-1.21133
700000.0003	-1.28632
700000.0003	-2.54601
700000.0003	-0.0885962
700000.0003	0.608818
700000.0003	0.0709728
700000.0003	2.04548
700000.0003	-0.256821
700000.0003	1.75169
700000.0003	0.769471
700000.0003	1.26636
700000.0003	-1.57851
700000.0003	0.356578
700000.0003	-2.03714
700000.0003	1.0607
700000.0003	0.826599
700000.0003	0.620261
700000.0003	0.051863
700000.0003	0.371348
700000.0003	1.27361
700000.0003	0.399872
700000.0003	1.6377
700000.0003	0.812204
700000.0003	1.21415
700000.0003	-1.37426
700000.0003	0.176782
700000.0003	0.927826
700000.0003	-1.38801
700000.0003	0.866882
700000.0003	-0.865391
700000.0003	-0.0626802
700000.0003	-0.301666
700000.0003	2.22441
700000.0003	0.855089
700000.0003	-0.582163
700000.0003	-0.832103
700000.0003	-0.452498
700000.0003	-0.544078
700000.0003	-0.338958
700000.0003	-0.694109
700000.0003	-0.255547
700000.0003	-0.426791
700000.0003	-0.0509623
700000.0003	0.47383
700000.0003	0.43547
700000.0003	-0.072761
700000.0003	-0.242874
700000.0003	-0.114053
700000.0003	-0.571832
700000.0003	-0.34711
700000.0003	-0.266187
700000.0003	-0.387177
700000.0003	-1.09717
700000.0003	-0.204835
700000.0003	-0.698384
700000.0003	-0.321858
700000.0003	-0.261594
700000.0003	0.415331
700000.0003	0.166806
700000.0003	-0.0933172
700000.0003	-0.152818
700000.0003	-0.0462442
700000.0003	-0.158029
700000.0003	0.389085
700000.0003	0.302729
700000.0003	0.0559871
700000.0003	-0.10095
700000.0003	-0.912333
700000.0003	-0.0731321
700000.0003	-0.586239
700000.0003	-0.502007
700000.0003	-0.136244
700000.0003	-0.328955
700000.0003	0.345027
700000.0003	0.299677
700000.0003	0.517304
700000.0003	0.396429
700000.0003	-0.244405
700000.0003	-1.10843
700000.0003	-0.906412
700000.0003	-0.390123
700000.0003	-0.0502922
700000.0003	-0.195253
700000.0003	0.270882
700000.0003	-0.494293
700000.0003	-0.141377
700000.0003	0.486182
700000.0003	0.076759
700000.0003	0.340451
700000.0003	-0.516408
700000.0003	0.500509
700000.0003	0.618174
700000.0003	0.508858
700000.0003	-0.0364472
700000.0003	-0.249404
700000.0003	-0.129503
700000.0003	0.0627446
700000.0003	0.262173
700000.0003	0.126692
700000.0003	0.220159
700000.0003	0.238973
700000.0003	0.416716
700000.0003	-0.12543
700000.0003	0.0419573
700000.0003	-0.984385
700000.0003	-0.523236
700000.0003	-0.0609062
700000.0003	-0.0207638
700000.0003	-0.26853
700000.0003	0.517194
700000.0003	-0.33849
700000.0003	0.420892
700000.0003	-0.1208
700000.0003	0.334395
700000.0003	-0.719818
700000.0003	0.211881
700000.0003	0.109153
700000.0003	0.624651
700000.0003	-0.944037
700000.0003	-0.836517
700000.0003	-0.0274382
700000.0003	-1.07343
700000.0003	-0.567533
700000.0003	0.055473
700000.0003	-0.21461
700000.0003	0.12696
700000.0003	-0.183785
700000.0003	0.0561101
700000.0003	-0.406087
700000.0003	-0.341438
700000.0003	-0.169007
700000.0003	-0.300319
700000.0003	0.454358
700000.0003	-0.308637
700000.0003	-0.480997
700000.0003	-0.162514
700000.0003	0.66108
700000.0003	-0.104611
700000.0003	-0.927359
700000.0003	-0.0350523
700000.0003	-0.0800617
700000.0003	0.40041
700000.0003	1.32781
