700000.0003	2958.43	2957.66	2959.31	2960.16	2960.45	2960.69	2961.53	2956.51	2960.93	2963.64	2961.81	2955.33	2957.26	2957.34	2956.55
700000.0003	1535.51	1530.48	1533.19	1535.84	1534.04	1536.66	1532.61	1538.15	1534.86	1535.21	1533.42	1531.27	1533.22	1531.89	1530.53
700000.0003	193.986	193.63	193.613	194.13	194.346	194.582	192.638	194.606	193.439	193.239	193.786	193.627	193.43	193.843	193.73
700000.0003	32.2916	32.294	32.4105	32.1443	31.8336	32.1308	32.1762	32.1832	31.7622	32.4933	31.5772	32.5052	32.1513	32.1465	32.3561
700000.0003	19.1373	19.2809	19.4671	19.5079	18.9501	19.3604	19.3592	19.7294	19.4611	19.702	18.7501	19.2733	19.3869	19.2139	19.1771
700000.0003	16.7434	16.7602	16.8492	16.6998	16.7132	16.6946	16.7164	16.7109	16.711	16.8796	16.7428	16.9741	16.5499	16.4823	16.5134
700000.0003	15.3166	15.263	15.3737	15.1473	15.6204	15.5855	15.5158	15.4359	15.6311	15.2593	15.7482	15.0374	15.3497	15.3418	15.0531
700000.0003	14.8524	14.3901	14.516	14.4687	14.5851	14.7599	14.5611	14.6561	14.951	14.4955	14.2913	14.7144	14.7834	14.6437	14.7807
700000.0003	13.8253	13.7217	14.5149	14.174	14.2736	13.9836	13.9867	13.9079	13.9316	14.0715	14.0002	14.1639	14.0698	13.9618	13.9183
700000.0003	14.0254	13.2384	13.763	13.6614	13.6404	13.8044	13.8024	13.3618	13.8731	14.1121	13.9428	13.8223	13.7449	13.8519	13.7457
700000.0003	13.7231	13.4345	13.7121	13.4757	13.8005	13.6088	13.6431	13.5941	13.3529	13.4155	13.6624	13.5951	13.3647	13.3625	13.4809
700000.0003	13.514	12.9684	13.4224	13.4973	13.4301	12.8947	13.3483	13.3887	13.3471	13.4715	13.5421	13.1514	13.3284	13.5287	13.2811
700000.0003	13.2016	13.199	13.2025	13.0385	13.0496	13.3167	12.8646	13.4245	13.7672	13.1533	13.2491	13.177	13.4628	13.1529	13.4711
700000.0003	13.5848	13.2804	13.3074	13.1537	13.1413	13.6922	13.201	13.5346	13.1919	13.3867	13.2416	12.9619	13.2277	13.5883	13.2281
700000.0003	13.468	13.2955	13.1929	13.382	13.2315	13.4526	13.7104	13.517	13.4531	13.3782	13.4254	13.3028	13.2816	13.4358	13.5937
700000.0003	13.6395	14.0997	14.1009	13.9025	14.0483	13.9673	14.0637	13.6721	13.8238	13.9209	13.849	13.8354	13.5599	13.9872	14.4127
700000.0003	15.2849	14.7334	15.2577	14.8933	15.0321	15.2761	15.1904	15.2177	14.8456	15.207	15.0455	15.284	15.1763	15.5847	15.0177
700000.0003	17.4053	16.6874	16.9242	16.9839	17.1414	17.2019	16.8907	17.0191	16.9872	16.8469	17.1435	16.6065	16.5551	16.954	16.979
700000.0003	19.4075	20.0509	19.6464	20.123	19.763	19.7481	19.8094	19.7771	19.4809	19.9188	19.7795	19.8981	19.7124	19.6498	19.5513
700000.0003	23.5455	24.16	24.0779	24.3813	23.8218	23.9245	24.2428	24.0082	23.9122	23.8031	24.0218	23.8859	23.7409	23.9416	23.85
700000.0003	30.7508	30.8792	30.5618	30.6193	30.1263	30.9085	30.9571	30.5127	30.2818	30.7432	31.2468	30.6729	31.0002	31.0443	30.4095
700000.0003	41.7974	42.3601	41.7949	41.9815	41.8612	42.2198	42.3688	42.2747	42.0575	41.6316	41.9433	42.0432	42.1161	42.0003	41.8138
700000.0003	67.3405	67.0968	66.3269	67.0518	67.3309	67.6254	67.2454	67.3168	66.7716	67.3639	67.1253	66.9764	66.7616	67.2628	66.8868
700000.0003	155.253	154.767	154.148	154.612	155.427	156.248	155.597	155.757	155.786	155.741	154.365	156.125	154.902	155.958	154.202
700000.0003	516.872	514.473	513.76	515.298	516.838	517.589	518.144	515.935	516.759	514.664	516.546	514.902	517.741	514.939	516.344
700000.0003	1361.98	1362.79	1361.05	1362.75	1363	1361.98	1360.46	1360.74	1362.37	1362.33	1363.16	1360.59	1361.13	1361.19	1361.42
700000.0003	2200.07	2202.72	2203.38	2199.34	2203.45	2200.46	2199.17	2199.97	2203.23	2201.74	2199.95	2202.04	2201.86	2200.83	2201.72
700000.0003	2642.51	2644.37	2643.01	2638.87	2640.82	2641.42	2641.17	2642.84	2640.85	2643.91	2642.9	2639.44	2641.65	2642.39	2641.82
700000.0003	2789.97	2788.43	2791.41	2789.56	2786.22	2786.43	2789.36	2789.02	2786.8	2787.54	2789.79	2788.34	2788.94	2787.28	2788.78
700000.0003	2835.5	2835.4	2837.73	2838.73	2835.22	2831.15	2835.06	2839.84	2835.71	2834.04	2832.71	2838.2	2833.6	2837.35	2835.52
700000.0003	2866.52	2862.56	2863.27	2868.56	2865.43	2865.61	2864.58	2866.41	2862.04	2867.49	2866.17	2865.1	2861.18	2865.5	2869.96
700000.0003	2892.25	2890.92	2895.72	2894.14	2893	2891.45	2894.41	2894.84	2890.9	2892.51	2895.17	2893.11	2889.18	2893.66	2893.07
700000.0003	2920.59	2919.9	2918.85	2921.31	2923.03	2919.67	2920.88	2920.66	2920.08	2919.39	2921.68	2918.97	2918.69	2917.5	2921.1
700000.0003	2947.66	2947.7	2943.98	2948.6	2951.25	2947.42	2944.14	2946.13	2951.21	2946.34	2945.51	2947.77	2950.34	2942.84	2946.14
700000.0003	2975.82	2975.35	2971.3	2972.68	2978.82	2978.79	2970.25	2970.7	2976.38	2976.57	2973.8	2973.19	2972.53	2970.97	2973.43
700000.0003	2997.29	3002.08	3001.91	3004.08	2999.21	3003.94	2999.56	3000.47	3000.23	3001.88	3001.89	2998.29	3001.4	2999.6	2998.15
700000.0003	3023.4	3026.96	3029.32	3029.34	3026.4	3031.2	3027.85	3025.03	3027.24	3029.35	3029.12	3026.1	3025.14	3027.11	3028.11
700000.0003	3052.11	3051.3	3054.82	3055.43	3055.04	3054.01	3054.38	3054.12	3055.51	3054.57	3056.63	3054.1	3052.51	3049.97	3053.33
700000.0003	3078.31	3075	3076.9	3082.85	3080.91	3080.04	3079.42	3078.82	3080.92	3080.45	3081.29	3078.09	3075.66	3076.75	3078.88
700000.0003	3096.07	3095.23	3100.06	3097.84	3097.71	3095.79	3100.72	3097.06	3098.32	3100.05	3098.76	3096.56	3095.84	3095.81	3093.73
700000.0003	0.0216593	-0.0965413	1.96371	-5.14352e-05	0.638118	0.130167	-1.43723	-0.108555	-1.04335	-0.966064	-0.149253	-0.521971	-0.0122764	-0.367991	0.372945
700000.0003	-1.15977	-0.517686	-0.560513	1.58269	-1.25559	-0.709843	0.967546	-0.659026	-0.316609	-0.545694	-0.960592	-0.000553421	-0.0945538	0.621699	0.099336
700000.0003	-0.00832829	0.00551057	0.226204	-0.186884	0.360579	1.00885	-0.348965	-0.309099	0.0611902	-0.0997839	-0.448495	0.0989115	-0.172286	0.265598	0.0566538
700000.0003	-0.0233288	0.243986	0.00398763	0.00193579	0.416139	0.0441277	-0.0400436	0.223709	0.215912	-0.141704	0.256997	0.00475565	0.000629737	-0.0637217	0.110008
700000.0003	0.170743	0.0152242	-0.0623071	-0.0403993	-0.0802508	0.0776266	0.223033	0.174688	0.137989	0.143036	0.104216	-0.0253983	-0.0204925	-0.202145	0.0217179
700000.0003	0.0933716	0.0495662	-0.00923803	-0.00471002	-0.159921	0.0801082	-0.132126	0.235708	-0.249012	0.0805731	-0.0321561	-0.0705706	-0.0498515	-0.161057	-0.0790649
700000.0003	-0.042045	0.102176	0.111176	0.149919	-0.0105478	-0.11489	-0.0799757	0.0510516	-0.0969362	0.0909276	0.162566	0.164344	-0.100888	0.0470984	-0.159268
700000.0003	-0.0505662	0.0603794	0.0921279	-0.0696488	-0.0100637	0.0210794	-0.0554159	-0.119503	0.00369445	-0.0735646	-0.00841903	-0.152204	0.0603364	0.0301197	0.107683
700000.0003	0.0344097	0.0824532	0.165986	0.013256	0.174802	-0.0434569	-0.111508	0.0468947	0.122277	0.0295482	0.0834914	0.163923	0.0109002	0.162818	-0.0501538
700000.0003	0.0364956	0.0877764	-0.231518	0.0589175	-0.245357	-0.108327	0.0921417	-0.0572074	0.050412	0.135156	-0.0189884	0.151939	0.150204	0.163415	0.0225276
700000.0003	0.110563	0.0102693	-0.0415305	0.0119538	0.0388215	-0.107082	0.00411382	-0.0288198	0.0535998	-0.0699092	-0.066627	-0.0444964	-0.11039	0.0894747	-0.106305
700000.0003	0.141122	0.0509307	0.0822512	0.152041	0.142413	-0.122985	-0.0471112	-0.186502	0.128211	-0.0493945	-0.0534327	-0.135047	0.0834313	-0.197106	-0.0092037
700000.0003	-0.130407	0.0022704	0.0825294	-0.0291481	0.134129	-0.0815133	-0.223553	-0.156735	-0.00591631	-0.090606	0.0811966	-0.105137	-0.0115892	-0.0629466	-0.00631773
700000.0003	-0.122707	0.0894163	0.00466525	-0.0389724	0.103169	0.0981199	-0.202382	0.131092	0.159083	0.175975	-0.0111968	0.137406	-0.117147	-0.142278	-0.0865225
700000.0003	-0.0605	0.0559205	0.078038	0.0211901	-0.0825805	0.00943521	0.183614	0.0542672	0.0204029	0.077963	-0.0634896	0.0378688	0.0414604	-0.0404231	-0.116865
700000.0003	0.104062	0.199835	-0.164341	0.0117607	-0.0339996	-0.0440009	-0.131224	-0.0368251	0.0157671	-0.0465482	-0.0812809	0.0414416	0.0334883	-0.135126	0.202692
700000.0003	0.098797	-0.161514	0.134966	-0.22899	0.118921	-0.0779945	-0.0123838	0.107416	-0.0972165	-0.0887169	0.148787	0.0846955	-0.0324592	-0.0394514	0.183224
700000.0003	-0.0781758	-0.0563157	0.0548039	0.0830239	-0.0621505	-0.0334652	-0.0364838	-0.15805	-0.133709	-0.00639646	-0.0142723	-0.00401233	0.114438	-0.0591276	-0.00976597
700000.0003	0.166336	-0.0278135	-0.00687864	0.0173281	-0.0367085	-0.00959944	0.0144733	0.0213464	0.0159741	-0.0587378	0.0494892	-0.00921603	-0.168166	0.156165	0.00699324
700000.0003	-0.107322	0.116445	-0.300436	0.0280928	-0.0928543	-0.103357	-0.00601105	-0.223309	0.0523653	0.135644	-0.15856	-0.0456234	-0.0544644	0.0249549	-0.00895573
700000.0003	-0.0538071	-0.165082	-0.106915	-0.340291	0.00136066	0.0734511	0.00741121	-0.153049	-0.198236	-0.126826	-0.0537647	-0.0131765	-0.108002	-0.016142	-0.00608115
700000.0003	-0.0300923	-0.0398402	0.0451685	0.205484	-0.282915	-0.21675	-0.0209986	0.074019	-0.0421354	-0.279909	0.214817	-0.00565223	-0.117671	-0.207118	0.284823
700000.0003	0.415256	0.330933	-0.0824853	0.141778	0.00199939	0.229779	0.068596	0.00770003	0.196489	-0.0494542	-0.11769	0.283522	0.336643	0.22058	0.108188
700000.0003	-0.137498	0.134199	0.017755	0.176626	0.050955	-0.0520937	0.253163	-0.381094	0.0725265	-0.180503	-0.399098	-0.15084	-0.0663456	-0.0880414	-0.0394053
700000.0003	-0.219306	0.0270021	0.592296	-0.193653	-0.0589747	-0.0918538	0.648714	-0.0678881	-0.167679	0.54078	-0.2087	-0.730884	-0.449964	0.106233	0.650189
700000.0003	1.1985	-0.00775854	-0.460792	0.356144	-0.877438	1.12398	1.0002	0.702394	0.490609	-1.49059	-0.506219	0.785548	-0.0989462	0.832317	-0.239365
700000.0003	0.518207	-0.508491	-0.132368	-0.720207	0.955681	0.293777	0.245958	0.754649	-0.646933	-0.100573	-0.520552	-0.39222	0.1307	0.799745	-0.0371441
700000.0003	-0.649293	0.769722	-0.58853	0.69036	-0.282525	1.19447	0.0107778	-0.971236	0.528297	-0.0440949	-0.756175	-0.293942	0.0223056	0.151928	0.0881626
700000.0003	-0.267601	-0.774752	1.38009	0.0270084	0.306317	0.880177	1.10885	-0.131198	-2.20526	-1.0035	0.501013	0.477054	-0.709616	-0.0784337	0.0890389
700000.0003	-0.679019	-1.14862	0.249788	1.42784	0.9789	-0.0408077	-1.01205	-0.317035	-0.506772	0.115809	-0.866757	-1.45923	-0.370851	0.0849753	-0.023597
700000.0003	-0.0447078	1.31183	0.614067	0.545848	1.32352	1.15904	-0.172021	-0.990064	-0.379056	-0.22506	-0.239869	-0.889313	-1.12349	-0.607603	-0.0867047
700000.0003	0.192915	-0.0406242	0.201612	1.20011	1.7362	0.0250528	-0.144406	0.0903431	1.32185	-0.250704	-0.76581	0.449746	-0.896782	-0.946986	-0.0169203
700000.0003	0.133942	0.722053	0.338448	1.28459	0.443382	-0.46199	0.325559	0.617819	0.456749	-0.659307	0.51608	0.538916	-0.409133	-0.785627	-0.850829
700000.0003	0.411407	-0.82813	0.579666	0.503745	0.455878	0.130488	-0.43045	-0.396161	-0.014141	-0.251372	-0.50514	-0.176484	-0.845488	0.311609	1.01774
700000.0003	0.776056	1.00946	0.644283	-1.04396	0.0520223	1.01927	0.428684	-0.160771	-0.494178	0.100074	-0.517437	-0.523198	-0.0399854	-0.879988	-0.189488
700000.0003	0.20439	0.406399	0.629224	-0.266717	0.768732	0.447624	0.330617	0.292834	0.122491	0.604693	0.0268496	-1.02574	-0.0354482	-0.321101	-0.22815
700000.0003	0.387465	0.698375	1.10368	0.787612	0.569404	0.237456	0.472377	0.895119	-0.242466	0.0847444	0.0395669	-0.340378	-1.17828	-0.283527	0.331051
700000.0003	0.0546276	0.605923	1.15285	1.52519	-0.574273	-0.35601	1.02078	0.785491	-0.192347	-0.583841	-1.29181	-0.190922	0.396363	-0.40113	-0.0631847
700000.0003	1.63727	0.344892	-0.178184	-0.156083	0.994809	0.685471	0.251839	-0.457176	0.232101	-0.78983	-0.563191	-1.5363	-0.136218	0.0673421	0.40322
700000.0003	0.421991	0.188055	-0.693088	0.569502	0.352647	-0.477982	-0.882449	-0.435842	0.149612	0.477087	-1.90432	-0.384775	-0.600353	0.818097	0.295187
700000.0003	2910.56	2912.29	2912.55	2914.85	2913.7	2912.86	2914.83	2912.84	2912.97	2917.1	2916.98	2911.81	2911.02	2911.31	2912.69
700000.0003	1606.11	1603.66	1605.87	1606.63	1607.68	1608.35	1603.43	1607.82	1608.04	1607.06	1604.95	1604.08	1605.49	1602.09	1601.15
700000.0003	174.674	174.254	174.582	174.563	174.051	174.127	173.521	173.951	174.56	173.708	173.802	173.438	172.934	173.181	174.876
700000.0003	28.5348	28.2931	28.0308	28.3485	27.8316	28.017	28.1805	28.5986	28.5629	28.7919	28.2633	28.6625	28.0084	28.472	28.1925
700000.0003	18.2583	18.2352	18.3253	18.3004	18.7428	18.2871	18.16	18.3542	18.7623	18.3398	17.9415	18.2491	18.4947	18.0672	18.2438
700000.0003	16.5456	16.1021	16.2651	16.1009	16.0933	15.9375	16.2131	16.4759	16.2944	16.3554	16.3366	16.0427	16.1122	16.1281	16.0633
700000.0003	15.0333	15.1467	14.8098	14.6518	15.3115	14.9916	14.9821	15.0827	15.1289	15.0571	14.9889	14.7133	14.9705	15.1331	15.3094
700000.0003	14.2715	13.998	14.2355	14.1856	14.4026	14.6041	14.4038	14.5813	14.3514	14.2425	14.0659	14.2632	14.3222	14.8213	14.4173
700000.0003	14.147	13.628	13.8377	13.6323	13.8553	13.8316	13.7128	13.9654	13.6656	14.2629	13.9876	14.1485	13.6898	13.6773	14.0069
700000.0003	14.0173	13.1361	13.4977	13.6275	13.8009	13.3978	13.7429	13.6329	13.58	13.5638	13.6792	13.7435	13.7524	13.7828	13.5771
700000.0003	13.626	13.3738	13.9816	13.3991	13.5566	13.571	13.5467	13.6407	13.407	13.3795	13.4541	13.3722	13.0495	13.1677	13.4776
700000.0003	13.5312	13.0125	13.1405	13.4307	13.5233	13.0972	13.3461	13.3344	13.19	13.3575	13.4957	13.0004	13.2507	13.1833	13.4579
700000.0003	13.4969	13.3287	13.213	13.0787	12.9646	13.1785	13.0834	13.4813	13.4401	13.3116	13.0937	13.0075	13.007	13.1018	13.4181
700000.0003	13.4668	13.5891	13.1672	13.0512	13.3196	13.0883	12.9393	13.1763	13.2973	13.2909	12.9866	12.8944	13.439	13.4163	13.2348
700000.0003	13.5468	13.3412	12.9069	13.5684	13.2935	13.5242	13.3838	13.1663	13.1685	13.3918	13.3286	13.297	13.4397	13.3787	13.9185
700000.0003	14.1291	13.7438	14.1111	13.9889	14.138	14.2063	14.2127	13.5157	13.802	13.8671	13.8065	14.0358	13.8147	13.8308	14.5708
700000.0003	14.8657	14.7308	15.005	14.7696	14.9571	15.0987	14.9505	15.2254	15.2315	15.1934	15.2709	15.0329	15.2399	15.3016	14.9848
700000.0003	17.0989	16.9015	16.5338	16.8444	17.0482	17.0455	16.925	16.8936	16.7623	16.7696	17.0586	16.701	17.0454	16.5885	17.0249
700000.0003	19.5711	19.6023	19.8043	19.5603	19.7473	19.7126	19.6572	19.5898	19.6693	19.8104	19.521	19.4889	19.6044	19.4525	19.5798
700000.0003	23.6511	23.6423	24.4189	23.9502	23.9947	24.4378	24.6544	24.0428	23.9212	23.7804	23.5835	23.5318	23.7557	23.7326	23.4115
700000.0003	30.0751	30.7982	30.6564	30.3111	30.0243	30.5297	30.7189	30.4891	30.2508	30.2936	30.5791	30.2321	30.4131	30.7486	30.5225
700000.0003	41.5639	41.4308	42.0264	41.9407	41.7876	42.3678	41.842	41.9366	42.1313	41.0671	41.7965	42.0347	41.4218	41.2599	41.7968
700000.0003	66.7641	66.6768	65.4207	66.2048	66.216	66.6558	66.3837	66.5732	66.8286	66.4944	66.3516	66.3264	66.2134	66.5075	66.0493
700000.0003	152.506	152.116	152.46	152.25	153.011	153.842	152.937	153.486	153.315	152.912	151.948	153.056	151.596	153.104	152.639
700000.0003	521.198	519.449	519.368	519.98	520.919	522.125	523.252	521.642	519.95	519.981	520.257	520.559	519.999	519.275	521.419
700000.0003	1363.26	1364.39	1363.67	1364.13	1362.09	1363.46	1361.21	1362.69	1362.63	1363.41	1365.21	1362.56	1361.99	1363.11	1363.34
700000.0003	2154.31	2153.44	2154.63	2154.87	2156.37	2152.92	2154.57	2153.96	2154.8	2155.39	2152.03	2153.6	2155.79	2153.75	2154.14
700000.0003	2585.74	2588.8	2588.06	2584.36	2587.62	2585.06	2587.2	2583.29	2587.34	2587.76	2588.01	2585.43	2585.54	2586.92	2587.4
700000.0003	2779.05	2781.73	2779.43	2781.98	2779.58	2779.88	2780.33	2778.29	2780.56	2779.38	2779.98	2779.37	2780.16	2778.85	2782.03
700000.0003	2868.87	2866.9	2867.35	2866.35	2867.11	2867.36	2865.31	2870.51	2868.27	2865.98	2865.39	2869.64	2866.87	2869.14	2864.98
700000.0003	2908.67	2906.43	2907.29	2908.3	2906.21	2909.35	2905.66	2909.14	2906.35	2907.63	2905.66	2907.57	2905.27	2906	2908.48
700000.0003	2931.58	2932.69	2935.2	2932.72	2932.37	2935.02	2934.48	2933.14	2930.33	2936.09	2933.78	2930.94	2932.99	2933.79	2931.94
700000.0003	2952.62	2954.2	2953.4	2953.91	2955.01	2952.72	2957.5	2956.12	2953.23	2956.6	2955.99	2956.18	2954.81	2954.65	2955.42
700000.0003	2974.02	2971.32	2972.89	2976.66	2975.31	2973.28	2976.08	2974.95	2977.57	2971.58	2974.43	2973.26	2974.48	2972.55	2974.37
700000.0003	2994.64	2992.27	2991.45	2991.18	2993.17	2991.06	2992.75	2992.03	2995.2	2991.98	2992.09	2989.56	2990.87	2989.46	2989.51
700000.0003	3008.61	3009.1	3007.9	3007.53	3007.37	3011.16	3006.77	3008.08	3007.57	3008.77	3009.5	3006.79	3009.32	3009.76	3005.22
700000.0003	3024.23	3025.07	3024.31	3023.94	3023.09	3026.99	3024.35	3023.85	3024.54	3026.19	3025.57	3025.74	3026.64	3025.81	3026.17
700000.0003	3043.51	3043.68	3044.27	3047.23	3046.34	3044.06	3044.58	3044.69	3043.68	3041.81	3043.84	3045.47	3046.56	3042.2	3045.09
700000.0003	3068.15	3069.75	3067.88	3070.21	3069.56	3068.09	3068.99	3069.97	3071.39	3070.99	3068.12	3068.8	3067.68	3069.51	3070.2
700000.0003	3082.21	3082.95	3085.02	3080.46	3083.48	3083.18	3085.85	3085.82	3085.08	3084.46	3085.5	3086.94	3083.39	3084.03	3081.42
