700000.0003	0.0261503
700000.0003	0.0353214
700000.0003	0.0525177
700000.0003	0.0807595
700000.0003	0.125334
700000.0003	0.187216
700000.0003	0.278281
700000.0003	0.399017
700000.0003	0.555259
700000.0003	0.75043
700000.0003	0.98541
700000.0003	1.2737
700000.0003	1.59844
700000.0003	1.98443
700000.0003	2.40716
700000.0003	2.8629
700000.0003	3.35684
700000.0003	3.81637
700000.0003	4.30027
700000.0003	4.74612
700000.0003	5.18737
700000.0003	5.60481
700000.0003	6.04123
700000.0003	6.45818
700000.0003	6.85633
700000.0003	7.20049
700000.0003	7.59411
700000.0003	7.91294
700000.0003	8.24174
700000.0003	8.49431
700000.0003	8.84347
700000.0003	9.02278
700000.0003	9.33174
700000.0003	9.51547
700000.0003	9.74718
700000.0003	9.85702
700000.0003	10.0583
700000.0003	10.144
700000.0003	10.3016
700000.0003	10.2369
700000.0003	10.2209
700000.0003	10.3241
700000.0003	10.3315
700000.0003	10.2983
700000.0003	10.3532
700000.0003	10.3063
700000.0003	10.2581
700000.0003	10.2875
700000.0003	10.2691
700000.0003	10.3444
700000.0003	10.2961
700000.0003	10.2832
700000.0003	10.2739
700000.0003	10.2576
700000.0003	10.3056
700000.0003	10.3485
700000.0003	10.1955
700000.0003	10.3126
700000.0003	10.3154
700000.0003	10.3143
700000.0003	10.2654
700000.0003	10.3803
700000.0003	10.3208
700000.0003	10.2631
700000.0003	10.4212
700000.0003	10.3873
700000.0003	10.3235
700000.0003	10.3231
700000.0003	10.282
700000.0003	10.2502
700000.0003	10.3565
700000.0003	10.3484
700000.0003	10.3751
700000.0003	10.2933
700000.0003	10.4089
700000.0003	10.3657
700000.0003	10.3453
700000.0003	10.3564
700000.0003	10.3713
700000.0003	10.4002
700000.0003	10.3556
700000.0003	10.3332
700000.0003	10.2707
700000.0003	10.3524
700000.0003	10.3944
700000.0003	10.3404
700000.0003	10.4035
700000.0003	10.3701
700000.0003	10.3414
700000.0003	10.3811
700000.0003	10.4115
700000.0003	10.4097
700000.0003	10.3819
700000.0003	10.3883
700000.0003	10.3462
700000.0003	10.4704
700000.0003	10.4079
700000.0003	10.4302
700000.0003	10.3992
700000.0003	10.425
700000.0003	10.3846
700000.0003	10.4064
700000.0003	10.3588
700000.0003	10.4572
700000.0003	10.3906
700000.0003	10.4622
700000.0003	10.3926
700000.0003	10.4223
700000.0003	10.4228
700000.0003	10.3884
700000.0003	10.4073
700000.0003	10.4021
700000.0003	10.4292
700000.0003	10.3199
700000.0003	10.3895
700000.0003	10.4256
700000.0003	10.4755
700000.0003	10.409
700000.0003	10.4652
700000.0003	10.4184
700000.0003	10.4763
700000.0003	10.4133
700000.0003	10.4404
700000.0003	10.4125
700000.0003	10.5135
700000.0003	10.3745
700000.0003	10.4536
700000.0003	10.4443
700000.0003	10.3936
700000.0003	10.5161
700000.0003	10.4906
700000.0003	10.4504
700000.0003	10.4413
700000.0003	10.4545
700000.0003	10.4797
700000.0003	10.5394
700000.0003	10.4697
700000.0003	10.4362
700000.0003	10.4382
700000.0003	10.4893
700000.0003	10.494
700000.0003	10.4399
700000.0003	10.4572
700000.0003	10.4306
700000.0003	10.4771
700000.0003	10.4374
700000.0003	10.395
700000.0003	10.4242
700000.0003	10.3666
700000.0003	10.3838
700000.0003	10.3984
700000.0003	10.2832
700000.0003	10.3809
700000.0003	10.2989
700000.0003	10.2961
700000.0003	10.2223
700000.0003	10.1771
700000.0003	10.2549
700000.0003	10.0943
700000.0003	10.082
700000.0003	10.0093
700000.0003	10.1184
700000.0003	9.9901
700000.0003	9.9545
700000.0003	9.84569
700000.0003	9.83751
700000.0003	9.78998
700000.0003	9.74602
700000.0003	9.74579
700000.0003	9.59043
700000.0003	9.58559
700000.0003	9.50693
700000.0003	9.40688
700000.0003	9.38571
700000.0003	9.30238
700000.0003	9.30126
700000.0003	9.2152
700000.0003	9.07652
700000.0003	9.09939
700000.0003	9.00719
700000.0003	8.95161
700000.0003	8.88346
700000.0003	8.77308
700000.0003	8.70084
700000.0003	8.59435
700000.0003	8.5582
700000.0003	8.52278
700000.0003	8.35595
700000.0003	8.28832
700000.0003	8.28538
700000.0003	8.14423
700000.0003	8.0565
700000.0003	7.98602
700000.0003	7.96046
700000.0003	7.82786
700000.0003	7.7435
700000.0003	7.67598
700000.0003	7.54564
700000.0003	7.43883
700000.0003	7.37716
700000.0003	7.3297
700000.0003	7.20521
700000.0003	7.1378
700000.0003	7.03786
700000.0003	6.95991
700000.0003	6.9025
700000.0003	6.76244
700000.0003	6.69693
700000.0003	6.5983
700000.0003	6.47987
700000.0003	6.38608
700000.0003	6.32
700000.0003	6.19227
700000.0003	6.09045
700000.0003	6.01499
700000.0003	5.92093
700000.0003	5.79041
700000.0003	5.71143
700000.0003	5.64209
700000.0003	5.55224
700000.0003	5.44115
700000.0003	5.34052
700000.0003	5.25652
700000.0003	5.15383
700000.0003	5.04523
700000.0003	4.97643
700000.0003	4.86228
700000.0003	4.77415
700000.0003	4.65533
700000.0003	4.57294
700000.0003	4.47009
700000.0003	4.38071
700000.0003	4.2698
700000.0003	4.18094
700000.0003	4.06486
700000.0003	3.97425
700000.0003	3.8641
700000.0003	3.76813
700000.0003	3.66774
700000.0003	3.55297
700000.0003	3.44818
700000.0003	3.33737
700000.0003	3.21854
700000.0003	3.10079
700000.0003	2.9745
700000.0003	2.85502
700000.0003	2.7349
700000.0003	2.59787
700000.0003	2.46881
700000.0003	2.33117
700000.0003	2.19309
700000.0003	2.06696
700000.0003	1.92282
700000.0003	1.80103
700000.0003	1.66154
700000.0003	1.54584
700000.0003	1.41628
700000.0003	1.2997
700000.0003	1.18808
700000.0003	1.0838
700000.0003	0.980272
700000.0003	0.883297
700000.0003	0.79439
700000.0003	0.713023
700000.0003	0.634619
700000.0003	0.562423
700000.0003	0.500046
700000.0003	0.44064
700000.0003	0.384961
700000.0003	0.335932
700000.0003	0.290901
700000.0003	0.252328
700000.0003	0.216243
700000.0003	0.185303
700000.0003	0.158294
700000.0003	0.133767
700000.0003	0.114933
700000.0003	0.0970942
700000.0003	0.0817372
700000.0003	0.0684882
700000.0003	0.0574381
700000.0003	0.0488986
700000.0003	0.0407381
700000.0003	0.0346309
700000.0003	0.0293594
700000.0003	0.0246052
700000.0003	0.0212915
700000.0003	0.0180091
700000.0003	0.0155557
700000.0003	0.0133854
700000.0003	0.0117092
700000.0003	0.0102798
700000.0003	0.00906424
700000.0003	0.00819222
700000.0003	0.00733654
700000.0003	0.00677383
700000.0003	0.00618306
700000.0003	0.0058792
700000.0003	0.00556369
700000.0003	0.00540704
700000.0003	0.0052162
700000.0003	0.00516825
700000.0003	0.00503698
700000.0003	0.00493382
700000.0003	0.00488817
700000.0003	0.00480141
700000.0003	0.00478201
700000.0003	0.00478178
700000.0003	0.00466013
700000.0003	0.00456698
700000.0003	0.00460897
700000.0003	0.00456419
700000.0003	0.00440164
700000.0003	0.00441945
700000.0003	0.00447826
700000.0003	0.00435743
700000.0003	0.00435331
700000.0003	0.00433503
700000.0003	0.00431556
700000.0003	0.00427986
700000.0003	0.00433053
700000.0003	0.00427192
700000.0003	0.00424504
700000.0003	0.00421801
700000.0003	0.0041885
700000.0003	0.00418058
700000.0003	0.00418166
700000.0003	0.00416985
700000.0003	0.00421311
700000.0003	0.00407335
700000.0003	0.00416227
700000.0003	0.00414502
700000.0003	0.00416518
700000.0003	0.00412109
700000.0003	0.00415028
700000.0003	0.00414234
700000.0003	0.0040813
700000.0003	0.00415507
700000.0003	0.0041012
700000.0003	0.00417334
700000.0003	0.00413859
700000.0003	0.0041916
700000.0003	0.00413213
700000.0003	0.00412589
700000.0003	0.00415878
700000.0003	0.00413969
700000.0003	0.00413229
700000.0003	0.00414673
700000.0003	0.00415875
700000.0003	0.00417103
700000.0003	0.00424929
700000.0003	0.00423325
700000.0003	0.00426089
700000.0003	0.00418004
700000.0003	0.00428202
700000.0003	0.00423008
700000.0003	0.00425316
700000.0003	0.00431655
700000.0003	0.00431193
700000.0003	0.00434504
700000.0003	0.00430552
700000.0003	0.00438505
700000.0003	0.00443
700000.0003	0.00442308
700000.0003	0.00456351
700000.0003	0.0044988
700000.0003	0.0045302
700000.0003	0.00465274
700000.0003	0.00457461
700000.0003	0.00458489
700000.0003	0.00471865
700000.0003	0.00481742
700000.0003	0.0048467
700000.0003	0.00492792
700000.0003	0.00509902
700000.0003	0.00493645
700000.0003	0.00515858
700000.0003	0.0051916
700000.0003	0.00527265
700000.0003	0.00535259
700000.0003	0.00561891
700000.0003	0.00579818
700000.0003	0.00581208
700000.0003	0.00596952
700000.0003	0.00615819
700000.0003	0.00640352
700000.0003	0.00653709
700000.0003	0.00692259
700000.0003	0.00734759
700000.0003	0.00751674
700000.0003	0.00785343
700000.0003	0.00861111
700000.0003	0.00919493
700000.0003	0.00993281
700000.0003	0.0106746
700000.0003	0.0117117
700000.0003	0.0134868
700000.0003	0.015466
700000.0003	0.0181965
700000.0003	0.0214461
700000.0003	0.000256932
700000.0003	8.96548e-05
700000.0003	-0.00016557
700000.0003	0.000352397
700000.0003	0.000670214
700000.0003	0.000883899
700000.0003	-0.00043144
700000.0003	0.000940361
700000.0003	-0.00382206
700000.0003	-0.00170023
700000.0003	-0.00260707
700000.0003	0.00480329
700000.0003	0.000782569
700000.0003	-0.00169821
700000.0003	-0.0107816
700000.0003	0.00644499
700000.0003	-0.00779346
700000.0003	-0.0131777
700000.0003	0.0269577
700000.0003	-0.0343064
700000.0003	0.00162059
700000.0003	-0.0171611
700000.0003	0.00360014
700000.0003	0.00332174
700000.0003	0.00635477
700000.0003	-0.0275159
700000.0003	-0.0165807
700000.0003	-0.0253054
700000.0003	-0.0137945
700000.0003	-0.0169535
700000.0003	0.0314727
700000.0003	0.00739006
700000.0003	-0.0351544
700000.0003	-0.000226883
700000.0003	-0.00363237
700000.0003	-0.0175523
700000.0003	0.0231493
700000.0003	-0.0304803
700000.0003	-0.0266915
700000.0003	-0.00775205
700000.0003	-0.0436617
700000.0003	0.0636026
700000.0003	0.0499707
700000.0003	-0.00483785
700000.0003	0.00984893
700000.0003	0.0307921
700000.0003	-0.0146445
700000.0003	-0.0208271
700000.0003	0.00100291
700000.0003	-0.0047127
700000.0003	-0.0442725
700000.0003	-0.0088668
700000.0003	-0.0201253
700000.0003	-0.00316528
700000.0003	5.06434e-05
700000.0003	-0.0299489
700000.0003	0.00371485
700000.0003	-0.0227902
700000.0003	-0.0279652
700000.0003	-0.0285076
700000.0003	0.018856
700000.0003	0.0137091
700000.0003	0.0486761
700000.0003	0.00380625
700000.0003	0.0245894
700000.0003	-0.0243523
700000.0003	-0.0257684
700000.0003	-0.0120302
700000.0003	0.0123372
700000.0003	0.0294197
700000.0003	0.0230582
700000.0003	-0.0201577
700000.0003	-0.00519259
700000.0003	0.0196013
700000.0003	0.0156074
700000.0003	0.0351821
700000.0003	0.0364351
700000.0003	-0.0591331
700000.0003	-0.0433603
700000.0003	0.0297756
700000.0003	0.0121551
700000.0003	-0.00834777
700000.0003	0.0752674
700000.0003	0.0158268
700000.0003	-0.0155373
700000.0003	0.0752351
700000.0003	0.00470266
700000.0003	0.045569
700000.0003	-0.00119416
700000.0003	-0.0110024
700000.0003	0.0733396
700000.0003	0.0384019
700000.0003	0.00608295
700000.0003	-0.0163712
700000.0003	-0.0248962
700000.0003	-0.0180737
700000.0003	0.0391437
700000.0003	-0.00401631
700000.0003	-0.0345786
700000.0003	0.00936805
700000.0003	-0.00713967
700000.0003	0.0307399
700000.0003	-0.0136902
700000.0003	0.0328752
700000.0003	0.0431237
700000.0003	0.0344401
700000.0003	0.0127219
700000.0003	-0.021051
700000.0003	0.0147131
700000.0003	-0.00996552
700000.0003	0.0182147
700000.0003	-0.0396331
700000.0003	0.0112129
700000.0003	0.0099628
700000.0003	0.00951641
700000.0003	-0.00940072
700000.0003	-0.0220229
700000.0003	0.00127136
700000.0003	-0.0117764
700000.0003	-0.0106105
700000.0003	0.042475
700000.0003	-0.0373478
700000.0003	0.00363628
700000.0003	-0.0441557
700000.0003	0.0114519
700000.0003	-0.0312774
700000.0003	0.0287499
700000.0003	-0.0601514
700000.0003	0.0330775
700000.0003	-0.0478843
700000.0003	-0.0374661
700000.0003	0.0561495
700000.0003	0.00387166
700000.0003	-0.0307118
700000.0003	0.00872546
700000.0003	-0.0247946
700000.0003	0.00862643
700000.0003	0.0471411
700000.0003	-0.0501565
700000.0003	-0.00841743
700000.0003	0.00107376
700000.0003	0.0136861
700000.0003	-0.0248292
700000.0003	0.0175149
700000.0003	0.026864
700000.0003	-0.061702
700000.0003	-0.0231473
700000.0003	-0.0352649
700000.0003	-0.0369028
700000.0003	-0.0264081
700000.0003	0.00339194
700000.0003	0.00746353
700000.0003	0.0119695
700000.0003	-0.00405698
700000.0003	-0.0433867
700000.0003	-0.0148839
700000.0003	-0.00114665
700000.0003	-0.00478797
700000.0003	-0.0368596
700000.0003	-0.00730892
700000.0003	0.00889651
700000.0003	0.00325301
700000.0003	-0.032885
700000.0003	0.0252132
700000.0003	-0.00230276
700000.0003	-0.0161485
700000.0003	-0.0430896
700000.0003	-0.00682535
700000.0003	-0.0163565
700000.0003	-0.0138809
700000.0003	-0.0157489
700000.0003	0.0324485
700000.0003	-0.0319856
700000.0003	0.0212515
700000.0003	0.0147801
700000.0003	0.0156734
700000.0003	0.0211475
700000.0003	-0.00177265
700000.0003	-0.0323475
700000.0003	-0.012881
700000.0003	0.0116051
700000.0003	0.0038715
700000.0003	0.0113948
700000.0003	0.0176053
700000.0003	0.00626295
700000.0003	-0.0226012
700000.0003	-0.00834061
700000.0003	-0.00397375
700000.0003	-0.00904559
700000.0003	0.0124756
700000.0003	0.0167665
700000.0003	-0.00259579
700000.0003	-0.0051069
700000.0003	0.00157914
700000.0003	-0.0147454
700000.0003	-0.0221587
700000.0003	-0.0286962
700000.0003	0.0202615
700000.0003	0.0247758
700000.0003	0.0136437
700000.0003	-0.00091137
700000.0003	-0.000871548
700000.0003	0.010792
700000.0003	0.00198864
700000.0003	0.0141151
700000.0003	-0.0176135
700000.0003	0.00587323
700000.0003	-0.0094344
700000.0003	0.00431537
700000.0003	0.00253884
700000.0003	0.00785765
700000.0003	-0.016978
700000.0003	0.0276177
700000.0003	0.00666777
700000.0003	0.014464
700000.0003	0.0206467
700000.0003	0.00386698
700000.0003	0.000868647
700000.0003	0.0059285
700000.0003	0.00733326
700000.0003	-0.003079
700000.0003	-0.0114204
700000.0003	0.00304561
700000.0003	-0.00363536
700000.0003	-0.00382471
700000.0003	-0.0187341
700000.0003	0.00820499
700000.0003	0.00177623
700000.0003	0.0101817
700000.0003	0.000245194
700000.0003	0.00496803
700000.0003	0.00325724
700000.0003	0.000726284
700000.0003	-0.00648958
700000.0003	2.96125e-06
700000.0003	0.00328353
700000.0003	0.00909297
700000.0003	0.00984333
700000.0003	-0.0019782
700000.0003	-0.00290655
700000.0003	-0.000887849
700000.0003	0.00902433
700000.0003	-6.99483e-05
700000.0003	-0.00985873
700000.0003	-0.00139998
700000.0003	0.00157461
700000.0003	-0.00757847
700000.0003	0.000812332
700000.0003	-0.00293003
700000.0003	-8.23457e-05
700000.0003	-0.00753161
700000.0003	0.00548769
700000.0003	0.00288651
700000.0003	-0.00284646
700000.0003	-0.00268631
700000.0003	0.00475341
700000.0003	-0.000564554
700000.0003	-0.00114375
700000.0003	0.000699029
700000.0003	-0.00242168
700000.0003	0.00384008
700000.0003	-0.00213578
700000.0003	-0.000752463
700000.0003	0.00105263
700000.0003	-0.000677493
700000.0003	0.000902878
700000.0003	0.000801428
700000.0003	-0.00129367
700000.0003	0.00116819
700000.0003	0.000127029
700000.0003	-0.000740666
700000.0003	-0.000496299
700000.0003	0.000488904
700000.0003	-0.00020187
700000.0003	0.000100749
700000.0003	0.000114368
700000.0003	-0.00072696
700000.0003	-0.000327021
700000.0003	-0.000404135
700000.0003	0.000190979
700000.0003	6.30054e-05
700000.0003	-0.000271181
700000.0003	0.000162938
700000.0003	-1.5604e-05
700000.0003	0.000190242
700000.0003	0.000140571
700000.0003	0.000411242
700000.0003	-0.000142963
700000.0003	8.35016e-05
700000.0003	-5.84146e-05
700000.0003	-3.9112e-05
700000.0003	-2.35213e-05
700000.0003	6.39009e-06
700000.0003	-1.67371e-06
700000.0003	2.36403e-05
700000.0003	-5.64238e-05
700000.0003	-6.52981e-05
700000.0003	5.83714e-05
700000.0003	1.79603e-05
700000.0003	3.71051e-05
700000.0003	-2.81241e-05
700000.0003	7.31053e-06
700000.0003	-8.79357e-06
700000.0003	-6.4085e-05
700000.0003	-5.37548e-05
700000.0003	-3.29699e-05
700000.0003	2.55145e-05
700000.0003	-3.34357e-05
700000.0003	2.41222e-05
700000.0003	1.9384e-05
700000.0003	-1.81121e-05
700000.0003	-3.39136e-05
700000.0003	-2.0676e-05
700000.0003	-3.6034e-06
700000.0003	2.63647e-05
700000.0003	-2.59154e-05
700000.0003	7.06589e-06
700000.0003	-2.08891e-05
700000.0003	-2.12149e-05
700000.0003	1.88856e-05
700000.0003	1.14274e-05
700000.0003	-1.02008e-05
700000.0003	-1.01657e-05
700000.0003	1.73958e-06
700000.0003	-5.03052e-06
700000.0003	-1.39549e-06
700000.0003	-3.69536e-06
700000.0003	-1.72605e-05
700000.0003	-2.77457e-05
700000.0003	1.35937e-05
700000.0003	4.46895e-05
700000.0003	3.456e-05
700000.0003	2.93706e-05
700000.0003	1.45991e-05
700000.0003	-6.01933e-06
700000.0003	2.66086e-05
700000.0003	-1.80117e-05
700000.0003	1.23737e-05
700000.0003	5.78548e-06
700000.0003	1.3116e-05
700000.0003	3.73454e-05
700000.0003	2.58544e-06
700000.0003	5.03962e-05
700000.0003	-1.65398e-05
700000.0003	-6.02318e-05
700000.0003	3.72747e-05
700000.0003	1.96673e-05
700000.0003	-1.49968e-06
700000.0003	-8.80975e-06
700000.0003	-2.13982e-05
700000.0003	5.33227e-06
700000.0003	1.95151e-05
700000.0003	-1.97562e-05
700000.0003	-3.59368e-05
700000.0003	2.01939e-05
700000.0003	-7.49214e-06
700000.0003	-3.55346e-06
700000.0003	-2.16211e-05
700000.0003	-6.50607e-05
700000.0003	-2.12405e-05
700000.0003	2.8151e-05
700000.0003	-1.5337e-05
700000.0003	4.67277e-05
700000.0003	-1.52784e-05
700000.0003	-2.92388e-05
700000.0003	2.41373e-05
700000.0003	4.29992e-05
700000.0003	2.99697e-05
700000.0003	1.96071e-05
700000.0003	1.44497e-05
700000.0003	-2.49888e-05
700000.0003	6.7403e-05
700000.0003	-2.31414e-06
700000.0003	3.74508e-05
700000.0003	-1.44326e-05
700000.0003	-5.40016e-05
700000.0003	-2.34478e-05
700000.0003	5.55805e-05
700000.0003	8.10646e-05
700000.0003	5.36985e-05
700000.0003	-6.53924e-06
700000.0003	8.16497e-05
700000.0003	-1.94444e-05
700000.0003	-5.06629e-05
700000.0003	-3.33147e-05
700000.0003	1.99746e-06
700000.0003	4.3501e-06
700000.0003	4.9617e-05
700000.0003	-4.16347e-05
700000.0003	-9.00152e-05
700000.0003	6.68292e-05
700000.0003	9.65834e-05
700000.0003	0.000125758
700000.0003	-7.61407e-05
700000.0003	-0.000161135
700000.0003	0.000274068
700000.0003	-0.00021049
700000.0003	-0.000117648
700000.0003	0.000126495
700000.0003	-0.000251936
700000.0003	-1.88656e-05
700000.0003	0.000198861
700000.0003	6.68845e-05
700000.0003	-0.000169139
700000.0003	-0.000301872
700000.0003	0.000192413
700000.0003	-6.71349e-05
700000.0003	0.000147961
700000.0003	-0.0024365
700000.0003	-0.000564998
700000.0003	0.000595474
700000.0003	-0.0016653
700000.0003	0.00202025
700000.0003	-0.00263768
700000.0003	-0.00545885
700000.0003	0.00767796
700000.0003	0.00118669
700000.0003	0.0166644
700000.0003	0.00937282
700000.0003	-0.0251153
700000.0003	-0.0110491
700000.0003	-0.00256398
700000.0003	-0.0286818
700000.0003	0.0122094
700000.0003	0.0068711
700000.0003	-0.0202637
700000.0003	-0.00662697
700000.0003	-0.0447932
700000.0003	0.0157254
700000.0003	-0.0260884
700000.0003	0.028944
700000.0003	-0.00692954
700000.0003	-0.0451427
700000.0003	-0.0152574
700000.0003	-0.0143031
700000.0003	-0.0131422
700000.0003	0.0281127
700000.0003	-0.0150432
700000.0003	-0.0284538
700000.0003	-0.0243278
700000.0003	-0.0574871
700000.0003	0.047497
700000.0003	0.0613683
700000.0003	-0.00511329
700000.0003	0.00919953
700000.0003	0.0267979
700000.0003	-0.015753
700000.0003	-0.0192683
700000.0003	-1.14449e-05
700000.0003	-0.00870828
700000.0003	-0.042966
700000.0003	0.000793097
700000.0003	-0.0121734
700000.0003	-0.0021119
700000.0003	0.00438477
700000.0003	-0.0294816
700000.0003	-0.00144704
700000.0003	-0.019138
700000.0003	-0.0312957
700000.0003	-0.0285914
700000.0003	0.0229578
700000.0003	0.0200893
700000.0003	0.049694
700000.0003	-0.0101822
700000.0003	0.0258456
700000.0003	-0.0230896
700000.0003	-0.0185645
700000.0003	0.0167395
700000.0003	0.00827081
700000.0003	0.0339514
700000.0003	0.0173962
700000.0003	-0.00763952
700000.0003	0.0105103
700000.0003	0.0189577
700000.0003	0.0118301
700000.0003	0.0277762
700000.0003	0.0303447
700000.0003	-0.0604696
700000.0003	-0.0466318
700000.0003	0.0186916
700000.0003	-0.00796362
700000.0003	-0.0127187
700000.0003	0.0637528
700000.0003	0.00804744
700000.0003	-0.0142058
700000.0003	0.0658617
700000.0003	0.00179449
700000.0003	0.0461188
700000.0003	-0.00964346
700000.0003	-0.00899072
700000.0003	0.069808
700000.0003	0.0416355
700000.0003	0.00290743
700000.0003	-0.00921751
700000.0003	-0.028494
700000.0003	-0.0367301
700000.0003	0.0405152
700000.0003	-0.0152606
700000.0003	-0.043121
700000.0003	0.00772859
700000.0003	-0.00532441
700000.0003	0.0173237
700000.0003	-0.00532444
700000.0003	0.0354509
700000.0003	0.0542749
700000.0003	0.0226825
700000.0003	0.00484602
700000.0003	-0.00734434
700000.0003	0.0142299
700000.0003	-0.00528959
700000.0003	0.007791
700000.0003	-0.0410342
700000.0003	0.0124084
700000.0003	0.00511952
700000.0003	0.00761262
700000.0003	-0.00934395
700000.0003	-0.0211104
700000.0003	0.00627934
700000.0003	-0.0139254
700000.0003	-0.00684744
700000.0003	0.045882
700000.0003	-0.0465435
700000.0003	0.00450159
700000.0003	-0.0472058
700000.0003	0.00772377
700000.0003	-0.0246903
700000.0003	0.0225936
700000.0003	-0.0571527
700000.0003	0.0298033
700000.0003	-0.0420112
700000.0003	-0.047296
700000.0003	0.0470657
700000.0003	-0.00601864
700000.0003	-0.0234001
700000.0003	0.00895556
700000.0003	-0.0457328
700000.0003	0.0128466
700000.0003	0.0486198
700000.0003	-0.0506783
700000.0003	-0.0103719
700000.0003	0.000636961
700000.0003	0.0120179
700000.0003	-0.011294
700000.0003	0.0309146
700000.0003	0.0209136
700000.0003	-0.0629582
700000.0003	-0.0238606
700000.0003	-0.0400622
700000.0003	-0.0278543
700000.0003	-0.0111124
700000.0003	-0.000243715
700000.0003	0.0053923
700000.0003	0.00776585
700000.0003	0.0128695
700000.0003	-0.0259501
700000.0003	0.000332838
700000.0003	-0.00894209
700000.0003	0.0125545
700000.0003	-0.0273692
700000.0003	0.00883957
700000.0003	0.00391166
700000.0003	0.00403264
700000.0003	-0.0445605
700000.0003	0.0325137
700000.0003	-0.00776375
700000.0003	-0.0149814
700000.0003	-0.00823053
700000.0003	-0.00405175
700000.0003	-0.0117363
700000.0003	-0.00878286
700000.0003	0.00162415
700000.0003	0.035106
700000.0003	-0.0384355
700000.0003	0.0181517
700000.0003	0.00584383
700000.0003	0.0164132
700000.0003	0.00726618
700000.0003	0.00668294
700000.0003	-0.028344
700000.0003	-0.0117136
700000.0003	0.00765131
700000.0003	-0.000102204
700000.0003	0.0095064
700000.0003	0.024287
700000.0003	-0.00482449
700000.0003	-0.0204263
700000.0003	-0.00734451
700000.0003	-0.00611923
700000.0003	-0.0172156
700000.0003	0.0153256
700000.0003	0.020997
700000.0003	0.00811569
700000.0003	-0.00317565
700000.0003	0.00209913
700000.0003	-0.00469296
700000.0003	-0.0148388
700000.0003	-0.0183538
700000.0003	0.0314787
700000.0003	0.0311085
700000.0003	0.0242455
700000.0003	0.00188193
700000.0003	0.0028094
700000.0003	0.0028629
700000.0003	-0.00457363
700000.0003	0.00969092
700000.0003	-0.0191101
700000.0003	0.0166556
700000.0003	-0.00452016
700000.0003	0.00943179
700000.0003	0.00660052
700000.0003	-0.00164551
700000.0003	-0.00860241
700000.0003	0.0259027
700000.0003	0.0151333
700000.0003	0.00495229
700000.0003	0.0144892
700000.0003	0.0099037
700000.0003	0.00308412
700000.0003	0.0155221
700000.0003	0.000901552
700000.0003	-0.00680589
700000.0003	-0.0155938
700000.0003	0.00783037
700000.0003	-0.00146263
700000.0003	-0.0076022
700000.0003	-0.0178055
700000.0003	0.00597086
700000.0003	-0.00185917
700000.0003	0.0111025
700000.0003	0.00300326
700000.0003	0.00519093
700000.0003	-0.00136562
700000.0003	-0.00335539
700000.0003	-0.0122108
700000.0003	-0.00147416
700000.0003	0.00015323
700000.0003	0.000529576
700000.0003	0.00318742
700000.0003	0.00364306
700000.0003	-0.00476192
700000.0003	0.00364175
700000.0003	-0.00248904
700000.0003	-0.00120345
700000.0003	0.000170104
700000.0003	-0.00171351
700000.0003	-0.00326409
700000.0003	-0.00731625
700000.0003	-0.00628924
700000.0003	-0.00500902
700000.0003	-0.00480092
700000.0003	0.000568433
700000.0003	0.00420481
700000.0003	0.00128805
700000.0003	0.000465553
700000.0003	-0.00240726
700000.0003	-0.000915851
700000.0003	-0.00357349
700000.0003	0.00167133
700000.0003	-0.000919891
700000.0003	0.000604958
700000.0003	0.000240468
700000.0003	0.00188326
700000.0003	0.000322359
700000.0003	0.000123503
700000.0003	-0.00134338
700000.0003	0.000388638
700000.0003	0.00183998
700000.0003	0.000587419
700000.0003	0.000956679
700000.0003	-0.00148338
700000.0003	6.79595e-05
700000.0003	0.000311377
700000.0003	0.000689419
700000.0003	-1.20806e-06
700000.0003	0.000309687
700000.0003	0.000265734
700000.0003	-0.000482059
700000.0003	-0.000735347
700000.0003	0.000278188
700000.0003	0.000669244
700000.0003	0.000522055
700000.0003	-0.000205488
700000.0003	0.000158655
700000.0003	-4.77758e-05
700000.0003	0.000399873
700000.0003	-0.000243069
700000.0003	6.53147e-07
700000.0003	-1.24923e-05
700000.0003	5.7091e-05
700000.0003	5.41026e-05
700000.0003	-7.44432e-05
700000.0003	-7.52918e-05
700000.0003	-0.000133268
700000.0003	3.36999e-05
700000.0003	-4.94445e-05
700000.0003	-3.21138e-05
700000.0003	-0.000138153
700000.0003	6.37619e-05
700000.0003	-4.69855e-06
700000.0003	-8.50179e-05
700000.0003	-7.67072e-05
700000.0003	2.67114e-05
700000.0003	-4.31448e-05
700000.0003	2.97788e-05
700000.0003	5.44104e-05
700000.0003	-8.50848e-06
700000.0003	6.57128e-05
700000.0003	9.31208e-06
700000.0003	6.40546e-06
700000.0003	-0.000110492
700000.0003	5.24214e-06
700000.0003	-5.86297e-05
700000.0003	-3.78048e-05
700000.0003	9.61743e-06
700000.0003	-5.76433e-05
700000.0003	-1.12608e-05
700000.0003	4.59969e-05
700000.0003	2.74083e-06
700000.0003	2.95919e-05
700000.0003	-7.21628e-05
700000.0003	9.10072e-06
700000.0003	2.40864e-05
700000.0003	6.70809e-05
700000.0003	1.60333e-05
700000.0003	3.24512e-05
700000.0003	1.43739e-05
700000.0003	-1.66125e-05
700000.0003	3.0294e-05
700000.0003	1.45578e-05
700000.0003	-2.55167e-06
700000.0003	6.0912e-06
700000.0003	-5.82175e-05
700000.0003	3.24987e-06
700000.0003	-1.53761e-05
700000.0003	-4.252e-05
700000.0003	1.69452e-05
700000.0003	-2.31901e-06
700000.0003	1.69987e-05
700000.0003	-4.20613e-07
700000.0003	1.47207e-05
700000.0003	2.51619e-08
700000.0003	-2.36808e-05
700000.0003	7.19506e-06
700000.0003	-5.26602e-05
700000.0003	1.83043e-05
700000.0003	-4.08327e-05
700000.0003	-6.6406e-05
700000.0003	3.20072e-05
700000.0003	-5.2127e-05
700000.0003	3.31833e-05
700000.0003	1.58083e-05
700000.0003	-2.09613e-05
700000.0003	1.65539e-05
700000.0003	-4.61259e-05
700000.0003	8.77759e-05
700000.0003	-3.96835e-06
700000.0003	-1.46747e-05
700000.0003	3.65257e-05
700000.0003	-1.96007e-05
700000.0003	-3.43295e-05
700000.0003	-3.56403e-05
700000.0003	-5.00203e-05
700000.0003	-6.63748e-05
700000.0003	3.76385e-06
700000.0003	3.89153e-05
700000.0003	-2.41491e-05
700000.0003	-2.70445e-05
700000.0003	4.09411e-05
700000.0003	-3.94019e-05
700000.0003	-1.26568e-05
700000.0003	-7.42175e-06
700000.0003	9.53602e-05
700000.0003	-5.72763e-05
700000.0003	-6.65765e-06
700000.0003	9.45126e-05
700000.0003	1.94856e-05
700000.0003	-8.18333e-05
700000.0003	5.56132e-06
700000.0003	6.46396e-05
700000.0003	3.54089e-05
700000.0003	3.97716e-05
700000.0003	-2.73354e-05
700000.0003	-8.21886e-05
700000.0003	6.0895e-05
700000.0003	3.42015e-06
700000.0003	2.935e-05
700000.0003	-7.35981e-05
700000.0003	4.65302e-05
700000.0003	4.70845e-05
700000.0003	0.000112726
700000.0003	-3.19162e-06
700000.0003	-3.6533e-05
700000.0003	-4.15414e-05
700000.0003	4.75675e-05
700000.0003	1.04624e-05
700000.0003	1.76356e-05
700000.0003	0.000190417
700000.0003	9.36603e-06
700000.0003	-9.54544e-05
700000.0003	-0.000274602
700000.0003	0.0183696
700000.0003	0.0238682
700000.0003	0.036876
700000.0003	0.0601509
700000.0003	0.101091
700000.0003	0.165885
700000.0003	0.265453
700000.0003	0.409954
700000.0003	0.606803
700000.0003	0.878377
700000.0003	1.2495
700000.0003	1.76572
700000.0003	2.44705
700000.0003	3.34582
700000.0003	4.46387
700000.0003	5.82543
700000.0003	7.44468
700000.0003	9.26236
700000.0003	11.2511
700000.0003	13.3221
700000.0003	15.2885
700000.0003	16.9296
700000.0003	18.1968
700000.0003	19.0196
700000.0003	19.5836
700000.0003	19.6312
700000.0003	19.6866
700000.0003	19.5546
700000.0003	19.2892
700000.0003	19.0941
700000.0003	18.7614
700000.0003	18.4646
700000.0003	18.182
700000.0003	17.92
700000.0003	17.6813
700000.0003	17.36
700000.0003	17.1826
700000.0003	16.9395
700000.0003	16.6893
700000.0003	16.3259
700000.0003	15.9446
700000.0003	15.6825
700000.0003	15.4233
700000.0003	15.1356
700000.0003	14.8333
700000.0003	14.732
700000.0003	14.3816
700000.0003	14.2359
700000.0003	14.1003
700000.0003	13.9743
700000.0003	13.6706
700000.0003	13.6054
700000.0003	13.4416
700000.0003	13.3414
700000.0003	13.18
700000.0003	13.0859
700000.0003	12.9489
700000.0003	12.891
700000.0003	12.7217
700000.0003	12.6656
700000.0003	12.5426
700000.0003	12.4772
700000.0003	12.3438
700000.0003	12.3235
700000.0003	12.2238
700000.0003	12.1224
700000.0003	12.0843
700000.0003	12.0503
700000.0003	11.9581
700000.0003	11.9048
700000.0003	11.9017
700000.0003	11.7682
700000.0003	11.7982
700000.0003	11.6915
700000.0003	11.6758
700000.0003	11.6506
700000.0003	11.6113
700000.0003	11.5337
700000.0003	11.508
700000.0003	11.5032
700000.0003	11.4152
700000.0003	11.4186
700000.0003	11.3224
700000.0003	11.2736
700000.0003	11.2946
700000.0003	11.1955
700000.0003	11.2046
700000.0003	11.1944
700000.0003	11.1043
700000.0003	11.101
700000.0003	11.0887
700000.0003	11.0945
700000.0003	11.1644
700000.0003	11.0329
700000.0003	11.0018
700000.0003	11.0477
700000.0003	10.9831
700000.0003	10.967
700000.0003	10.947
700000.0003	10.8888
700000.0003	10.9397
700000.0003	10.8587
700000.0003	10.8189
700000.0003	10.9152
700000.0003	10.7954
700000.0003	10.8161
700000.0003	10.8492
700000.0003	10.7758
700000.0003	10.834
700000.0003	10.749
700000.0003	10.7602
700000.0003	10.7071
700000.0003	10.8368
700000.0003	10.6902
700000.0003	10.8094
700000.0003	10.6895
700000.0003	10.7235
700000.0003	10.7602
700000.0003	10.6998
700000.0003	10.7018
700000.0003	10.6845
700000.0003	10.7118
700000.0003	10.6757
700000.0003	10.6463
700000.0003	10.7602
700000.0003	10.5787
700000.0003	10.6469
700000.0003	10.6414
700000.0003	10.6186
700000.0003	10.7114
700000.0003	10.6862
700000.0003	10.7259
700000.0003	10.632
700000.0003	10.6528
700000.0003	10.6884
700000.0003	10.6372
700000.0003	10.6635
700000.0003	10.6614
700000.0003	10.6512
700000.0003	10.6204
700000.0003	10.7026
700000.0003	10.6039
700000.0003	10.6345
700000.0003	10.6034
700000.0003	10.5893
700000.0003	10.5888
700000.0003	10.6055
700000.0003	10.5368
700000.0003	10.6322
700000.0003	10.5697
700000.0003	10.6019
700000.0003	10.4053
700000.0003	10.4954
700000.0003	10.4767
700000.0003	10.4392
700000.0003	10.2984
700000.0003	10.3322
700000.0003	10.3717
700000.0003	10.2564
700000.0003	10.2607
700000.0003	10.1749
700000.0003	10.1787
700000.0003	10.1904
700000.0003	10.1045
700000.0003	10.053
700000.0003	10.0186
700000.0003	10.0056
700000.0003	9.85379
700000.0003	9.87814
700000.0003	9.80262
700000.0003	9.76107
700000.0003	9.69371
700000.0003	9.61736
700000.0003	9.53174
700000.0003	9.51263
700000.0003	9.45365
700000.0003	9.38708
700000.0003	9.29185
700000.0003	9.22885
700000.0003	9.19397
700000.0003	9.10762
700000.0003	9.07563
700000.0003	8.9945
700000.0003	8.86193
700000.0003	8.82277
700000.0003	8.77295
700000.0003	8.68583
700000.0003	8.60287
700000.0003	8.52062
700000.0003	8.44231
700000.0003	8.4242
700000.0003	8.34937
700000.0003	8.22598
700000.0003	8.19032
700000.0003	8.1071
700000.0003	8.01612
700000.0003	7.9419
700000.0003	7.85869
700000.0003	7.73988
700000.0003	7.66513
700000.0003	7.61706
700000.0003	7.53881
700000.0003	7.49052
700000.0003	7.40559
700000.0003	7.29583
700000.0003	7.1915
700000.0003	7.14794
700000.0003	7.09724
700000.0003	6.96745
700000.0003	6.88591
700000.0003	6.83549
700000.0003	6.79487
700000.0003	6.66061
700000.0003	6.60385
700000.0003	6.52872
700000.0003	6.44652
700000.0003	6.40235
700000.0003	6.34071
700000.0003	6.27514
700000.0003	6.21529
700000.0003	6.13667
700000.0003	6.06129
700000.0003	6.01838
700000.0003	5.96763
700000.0003	5.88037
700000.0003	5.86065
700000.0003	5.80872
700000.0003	5.764
700000.0003	5.72465
700000.0003	5.70524
700000.0003	5.65976
700000.0003	5.62431
700000.0003	5.60737
700000.0003	5.56741
700000.0003	5.51613
700000.0003	5.48499
700000.0003	5.43815
700000.0003	5.38981
700000.0003	5.32574
700000.0003	5.2185
700000.0003	5.11906
700000.0003	4.9901
700000.0003	4.83155
700000.0003	4.6554
700000.0003	4.46625
700000.0003	4.26347
700000.0003	4.02394
700000.0003	3.79021
700000.0003	3.54175
700000.0003	3.28414
700000.0003	3.03769
700000.0003	2.79772
700000.0003	2.56069
700000.0003	2.34249
700000.0003	2.12454
700000.0003	1.92404
700000.0003	1.74261
700000.0003	1.57681
700000.0003	1.4225
700000.0003	1.28227
700000.0003	1.15073
700000.0003	1.03182
700000.0003	0.927037
700000.0003	0.823225
700000.0003	0.730743
700000.0003	0.648437
700000.0003	0.573891
700000.0003	0.506922
700000.0003	0.446655
700000.0003	0.390324
700000.0003	0.339768
700000.0003	0.293586
700000.0003	0.255048
700000.0003	0.219472
700000.0003	0.18901
700000.0003	0.160975
700000.0003	0.136728
700000.0003	0.115912
700000.0003	0.0976104
700000.0003	0.0816563
700000.0003	0.0688018
700000.0003	0.057436
700000.0003	0.0484441
700000.0003	0.040508
700000.0003	0.0337637
700000.0003	0.0284874
700000.0003	0.0241148
700000.0003	0.0200305
700000.0003	0.0169715
700000.0003	0.0145453
700000.0003	0.0124816
700000.0003	0.0108328
700000.0003	0.00947145
700000.0003	0.00848672
700000.0003	0.00749946
700000.0003	0.0068073
700000.0003	0.00614093
700000.0003	0.00571174
700000.0003	0.00538953
700000.0003	0.00531652
700000.0003	0.00507303
700000.0003	0.00501859
700000.0003	0.00487223
700000.0003	0.00489408
700000.0003	0.00468499
700000.0003	0.00464568
700000.0003	0.0045813
700000.0003	0.00456955
700000.0003	0.0045676
700000.0003	0.00447122
700000.0003	0.00443472
700000.0003	0.00436692
700000.0003	0.00438545
700000.0003	0.00436004
700000.0003	0.00434283
700000.0003	0.00428838
700000.0003	0.0042891
700000.0003	0.00420337
700000.0003	0.00422561
700000.0003	0.00425525
700000.0003	0.00423664
700000.0003	0.0042009
700000.0003	0.00413163
700000.0003	0.00416105
700000.0003	0.00417028
700000.0003	0.00414984
700000.0003	0.00415493
700000.0003	0.00411379
700000.0003	0.00410844
700000.0003	0.00411113
700000.0003	0.00409526
700000.0003	0.00410401
700000.0003	0.00410122
700000.0003	0.00411024
700000.0003	0.00413966
700000.0003	0.00414587
700000.0003	0.00412981
700000.0003	0.00407103
700000.0003	0.00407366
700000.0003	0.00414394
700000.0003	0.00414128
700000.0003	0.00412051
700000.0003	0.00407708
700000.0003	0.00415062
700000.0003	0.00415249
700000.0003	0.00414128
700000.0003	0.00414456
700000.0003	0.00413014
700000.0003	0.00412135
700000.0003	0.00418434
700000.0003	0.00415046
700000.0003	0.0041751
700000.0003	0.00416805
700000.0003	0.00418614
700000.0003	0.00419478
700000.0003	0.00420505
700000.0003	0.00423668
700000.0003	0.0042324
700000.0003	0.00425252
700000.0003	0.00425704
700000.0003	0.00430982
700000.0003	0.00428467
700000.0003	0.00435462
700000.0003	0.00436323
700000.0003	0.00441913
700000.0003	0.0044321
700000.0003	0.00443531
700000.0003	0.0044478
700000.0003	0.00450382
700000.0003	0.00453837
700000.0003	0.0045679
700000.0003	0.00469198
700000.0003	0.00468038
700000.0003	0.00485129
700000.0003	0.004788
700000.0003	0.00486396
700000.0003	0.00500009
700000.0003	0.00504218
700000.0003	0.00522359
700000.0003	0.00521227
700000.0003	0.00544494
700000.0003	0.00546761
700000.0003	0.00566101
700000.0003	0.00590899
700000.0003	0.00618659
700000.0003	0.00633264
700000.0003	0.00675584
700000.0003	0.00694534
700000.0003	0.00733582
700000.0003	0.00759927
700000.0003	0.00808462
700000.0003	0.00868074
700000.0003	0.00907875
700000.0003	0.00974193
700000.0003	0.0106088
700000.0003	0.0115524
700000.0003	0.0130539
700000.0003	0.0140099
700000.0003	0.0153352
700000.0003	0.0169247
