700000.0003	1471518
700000.0003	1468504
700000.0003	1469186
700000.0003	1476485
700000.0003	1489303
700000.0003	1488606
700000.0003	1477036
700000.0003	1450147
700000.0003	1417186
700000.0003	1394525
700000.0003	1384893
700000.0003	1386147
700000.0003	1376967
700000.0003	1344301
700000.0003	1272126
700000.0003	1164221
700000.0003	1035595
700000.0003	900311
700000.0003	776493
700000.0003	667099
700000.0003	575616
700000.0003	495933
700000.0003	429713
700000.0003	374230
700000.0003	329118
700000.0003	289202
700000.0003	258868
700000.0003	233000
700000.0003	211549
700000.0003	194155
700000.0003	179955
700000.0003	167299
700000.0003	157769
700000.0003	149309
700000.0003	142870
700000.0003	136636
700000.0003	132741
700000.0003	128968
700000.0003	126553
700000.0003	123436
700000.0003	121427
700000.0003	120569
700000.0003	119215
700000.0003	117550
700000.0003	116493
700000.0003	115726
700000.0003	113871
700000.0003	113202
700000.0003	112524
700000.0003	112269
700000.0003	110680
700000.0003	110206
700000.0003	109368
700000.0003	108908
700000.0003	108391
700000.0003	107964
700000.0003	106696
700000.0003	106909
700000.0003	106053
700000.0003	105820
700000.0003	105006
700000.0003	105285
700000.0003	104419
700000.0003	103979
700000.0003	104241
700000.0003	103607
700000.0003	103084
700000.0003	102972
700000.0003	102356
700000.0003	101945
700000.0003	102400
700000.0003	101756
700000.0003	101965
700000.0003	101116
700000.0003	101554
700000.0003	101276
700000.0003	101051
700000.0003	100638
700000.0003	100619
700000.0003	100718
700000.0003	100103
700000.0003	100042
700000.0003	99286
700000.0003	99441
700000.0003	99642
700000.0003	98941
700000.0003	99308
700000.0003	99186
700000.0003	98659
700000.0003	98765
700000.0003	98815
700000.0003	98767
700000.0003	99050
700000.0003	98395
700000.0003	98144
700000.0003	98826
700000.0003	98212
700000.0003	98259
700000.0003	98025
700000.0003	97954
700000.0003	97914
700000.0003	97691
700000.0003	97313
700000.0003	98169
700000.0003	97298
700000.0003	97715
700000.0003	97608
700000.0003	97403
700000.0003	97680
700000.0003	97149
700000.0003	97239
700000.0003	96963
700000.0003	97631
700000.0003	96540
700000.0003	97432
700000.0003	96965
700000.0003	97395
700000.0003	97253
700000.0003	97279
700000.0003	97048
700000.0003	97183
700000.0003	96946
700000.0003	96990
700000.0003	96741
700000.0003	97771
700000.0003	96243
700000.0003	96896
700000.0003	96828
700000.0003	96474
700000.0003	97477
700000.0003	97369
700000.0003	97235
700000.0003	96853
700000.0003	96913
700000.0003	97244
700000.0003	97277
700000.0003	97095
700000.0003	96966
700000.0003	96899
700000.0003	97016
700000.0003	97438
700000.0003	96783
700000.0003	97064
700000.0003	96888
700000.0003	97266
700000.0003	97211
700000.0003	97418
700000.0003	97563
700000.0003	98125
700000.0003	98224
700000.0003	98911
700000.0003	97906
700000.0003	99281
700000.0003	99444
700000.0003	99861
700000.0003	99523
700000.0003	100128
700000.0003	101378
700000.0003	100798
700000.0003	101591
700000.0003	101617
700000.0003	103203
700000.0003	103531
700000.0003	103930
700000.0003	104289
700000.0003	104988
700000.0003	105815
700000.0003	106061
700000.0003	107426
700000.0003	107486
700000.0003	108544
700000.0003	109115
700000.0003	109592
700000.0003	110485
700000.0003	111403
700000.0003	112668
700000.0003	113439
700000.0003	113871
700000.0003	115311
700000.0003	116437
700000.0003	117495
700000.0003	118821
700000.0003	119730
700000.0003	120417
700000.0003	121543
700000.0003	123393
700000.0003	124885
700000.0003	125498
700000.0003	127010
700000.0003	128967
700000.0003	130473
700000.0003	131925
700000.0003	133233
700000.0003	135876
700000.0003	137101
700000.0003	138873
700000.0003	140861
700000.0003	142415
700000.0003	143908
700000.0003	146428
700000.0003	149251
700000.0003	151065
700000.0003	153958
700000.0003	156365
700000.0003	158548
700000.0003	161437
700000.0003	163988
700000.0003	167468
700000.0003	169837
700000.0003	172861
700000.0003	176345
700000.0003	180641
700000.0003	183003
700000.0003	187012
700000.0003	191131
700000.0003	194876
700000.0003	199409
700000.0003	204601
700000.0003	210184
700000.0003	215240
700000.0003	220459
700000.0003	226304
700000.0003	233155
700000.0003	239926
700000.0003	246430
700000.0003	255718
700000.0003	263516
700000.0003	273252
700000.0003	283029
700000.0003	294892
700000.0003	306682
700000.0003	320512
700000.0003	335208
700000.0003	352265
700000.0003	369359
700000.0003	389921
700000.0003	412370
700000.0003	437476
700000.0003	464952
700000.0003	494180
700000.0003	526928
700000.0003	562288
700000.0003	600006
700000.0003	640486
700000.0003	685300
700000.0003	731791
700000.0003	778946
700000.0003	827494
700000.0003	876809
700000.0003	924486
700000.0003	972456
700000.0003	1019551
700000.0003	1062653
700000.0003	1104579
700000.0003	1141406
700000.0003	1173146
700000.0003	1201246
700000.0003	1229151
700000.0003	1253922
700000.0003	1275896
700000.0003	1295248
700000.0003	1311862
700000.0003	1327578
700000.0003	1340087
700000.0003	1350148
700000.0003	1362711
700000.0003	1372638
700000.0003	1381621
700000.0003	1392590
700000.0003	1397413
700000.0003	1404936
700000.0003	1410143
700000.0003	1414842
700000.0003	1419528
700000.0003	1423726
700000.0003	1426959
700000.0003	1431763
700000.0003	1436129
700000.0003	1439824
700000.0003	1438487
700000.0003	1444193
700000.0003	1444654
700000.0003	1445900
700000.0003	1447291
700000.0003	1448400
700000.0003	1452506
700000.0003	1454580
700000.0003	1452435
700000.0003	1454798
700000.0003	1454994
700000.0003	1456201
700000.0003	1455436
700000.0003	1455485
700000.0003	1457923
700000.0003	1458445
700000.0003	1458960
700000.0003	1459266
700000.0003	1456592
700000.0003	1458079
700000.0003	1458842
700000.0003	1458831
700000.0003	1458302
700000.0003	1458675
700000.0003	1461043
700000.0003	1460704
700000.0003	1459971
700000.0003	1455259
700000.0003	1460161
700000.0003	1460941
700000.0003	1459016
700000.0003	1459886
700000.0003	1461563
700000.0003	1461255
700000.0003	1460622
700000.0003	1459542
700000.0003	1456565
700000.0003	1462481
700000.0003	1462719
700000.0003	1460209
700000.0003	1462614
700000.0003	1461729
700000.0003	1462406
700000.0003	1460106
700000.0003	1461556
700000.0003	1459460
700000.0003	1463346
700000.0003	1463734
700000.0003	1462902
700000.0003	1463302
700000.0003	1462987
700000.0003	1461426
700000.0003	1462043
700000.0003	1463884
700000.0003	1462707
700000.0003	1463989
700000.0003	1466875
700000.0003	1464139
700000.0003	1464004
700000.0003	1462188
700000.0003	1463344
700000.0003	1465460
700000.0003	1466500
700000.0003	1465269
700000.0003	1466697
700000.0003	1467390
700000.0003	1466069
700000.0003	1462405
700000.0003	1464905
700000.0003	1466662
700000.0003	1468973
700000.0003	1467287
700000.0003	1470050
700000.0003	1467301
700000.0003	1468398
700000.0003	1464701
700000.0003	1466445
700000.0003	1468459
700000.0003	1470810
700000.0003	1471225
700000.0003	1470623
700000.0003	1470095
700000.0003	1466594
700000.0003	1470535
700000.0003	1469264
700000.0003	1469931
700000.0003	1471951
700000.0003	1474294
700000.0003	1474169
700000.0003	1472738
700000.0003	1469398
700000.0003	1469387
700000.0003	1474621
700000.0003	1473534
700000.0003	1476869
700000.0003	1475671
700000.0003	1476054
700000.0003	1475045
700000.0003	1473842
700000.0003	1473555
700000.0003	1474750
700000.0003	1478416
700000.0003	1481114
700000.0003	1480949
700000.0003	1479567
700000.0003	1476779
700000.0003	1475230
700000.0003	1477927
700000.0003	1479955
700000.0003	1484106
700000.0003	1487180
700000.0003	1484966
700000.0003	1484039
700000.0003	1477547
700000.0003	1477897
700000.0003	1478859
700000.0003	1482630
700000.0003	1488658
700000.0003	1492423
700000.0003	1488459
700000.0003	1482126
