700000.0003	27.9572
700000.0003	102.307
700000.0003	203.512
700000.0003	346.018
700000.0003	532.771
700000.0003	777.312
700000.0003	1070.7
700000.0003	1431.4
700000.0003	1837.12
700000.0003	2290.98
700000.0003	2769.47
700000.0003	3296.25
700000.0003	3861.47
700000.0003	4452.26
700000.0003	5009.53
700000.0003	5529.15
700000.0003	6012.09
700000.0003	6381.88
700000.0003	6683.39
700000.0003	6863.05
700000.0003	7027.01
700000.0003	7083.17
700000.0003	7116.04
700000.0003	7052.65
700000.0003	6967.65
700000.0003	6833.27
700000.0003	6556.56
700000.0003	6369.06
700000.0003	6064.72
700000.0003	5758.32
700000.0003	5342.39
700000.0003	4921.73
700000.0003	4522.43
700000.0003	4031.69
700000.0003	3532.93
700000.0003	2962.28
700000.0003	2384.63
700000.0003	1732.89
700000.0003	1072.99
700000.0003	364.175
700000.0003	0
700000.0003	0
700000.0003	0
700000.0003	0
700000.0003	0
700000.0003	0
700000.0003	0
700000.0003	0
700000.0003	0
700000.0003	0
700000.0003	0
700000.0003	0
700000.0003	0
700000.0003	0
700000.0003	0
700000.0003	0
700000.0003	0
700000.0003	0
700000.0003	0
700000.0003	0
700000.0003	0
700000.0003	0
700000.0003	0
700000.0003	0
700000.0003	0
700000.0003	0
700000.0003	0
700000.0003	0
700000.0003	0
700000.0003	0
700000.0003	0
700000.0003	0
700000.0003	0
700000.0003	0
700000.0003	0
700000.0003	0
700000.0003	0
700000.0003	0
700000.0003	0
700000.0003	0
700000.0003	0
700000.0003	0
700000.0003	0
700000.0003	0
700000.0003	0
700000.0003	0
700000.0003	0
700000.0003	0
700000.0003	0
700000.0003	0
700000.0003	0
700000.0003	0
700000.0003	0
700000.0003	0
700000.0003	0
700000.0003	0
700000.0003	0
700000.0003	0
700000.0003	0
700000.0003	0
700000.0003	0
700000.0003	0
700000.0003	0
700000.0003	0
700000.0003	0
700000.0003	0
700000.0003	0
700000.0003	0
700000.0003	0
700000.0003	0
700000.0003	0
700000.0003	0
700000.0003	0
700000.0003	0
700000.0003	0
700000.0003	0
700000.0003	0
700000.0003	0
700000.0003	0
700000.0003	0
700000.0003	0
700000.0003	0
700000.0003	0
700000.0003	0
700000.0003	0
700000.0003	0
700000.0003	0
700000.0003	0
700000.0003	0
700000.0003	0
700000.0003	0
700000.0003	0
700000.0003	0
700000.0003	0
700000.0003	0
700000.0003	0
700000.0003	0
700000.0003	0
700000.0003	0
700000.0003	0
700000.0003	-23.5134
700000.0003	-70.0203
700000.0003	-116.3
700000.0003	-162.106
700000.0003	-208.267
700000.0003	-253.271
700000.0003	-293.705
700000.0003	-338.462
700000.0003	-380.989
700000.0003	-424.558
700000.0003	-468.075
700000.0003	-506.235
700000.0003	-548.668
700000.0003	-588.885
700000.0003	-630.12
700000.0003	-662.484
700000.0003	-704.73
700000.0003	-738.177
700000.0003	-779.426
700000.0003	-816.321
700000.0003	-848.808
700000.0003	-892.877
700000.0003	-925.591
700000.0003	-956.189
700000.0003	-987.553
700000.0003	-1018.64
700000.0003	-1055.25
700000.0003	-1080.71
700000.0003	-1120.02
700000.0003	-1148.89
700000.0003	-1177.31
700000.0003	-1211.25
700000.0003	-1240.19
700000.0003	-1264.18
700000.0003	-1290.64
700000.0003	-1316.13
700000.0003	-1348.96
700000.0003	-1365.41
700000.0003	-1398.32
700000.0003	-1410.19
700000.0003	-1448.23
700000.0003	-1475.21
700000.0003	-1493.65
700000.0003	-1521.03
700000.0003	-1526.12
700000.0003	-1564.49
700000.0003	-1584.47
700000.0003	-1609.02
700000.0003	-1625.25
700000.0003	-1632.11
700000.0003	-1659.22
700000.0003	-1672.33
700000.0003	-1691.77
700000.0003	-1701.12
700000.0003	-1717.52
700000.0003	-1743.36
700000.0003	-1760.44
700000.0003	-1769.13
700000.0003	-1785.25
700000.0003	-1791.35
700000.0003	-1804.88
700000.0003	-1812.23
700000.0003	-1826.47
700000.0003	-1827.11
700000.0003	-1840.11
700000.0003	-1856.37
700000.0003	-1877.05
700000.0003	-1871.67
700000.0003	-1889.09
700000.0003	-1885.04
700000.0003	-1894.88
700000.0003	-1908.09
700000.0003	-1914.87
700000.0003	-1914.28
700000.0003	-1910.27
700000.0003	-1917.47
700000.0003	-1919.21
700000.0003	-1915.66
700000.0003	-1930.81
700000.0003	-1923.03
700000.0003	-1920.14
700000.0003	-1923.43
700000.0003	-1928.58
700000.0003	-1928.93
700000.0003	-1924.49
700000.0003	-1919.47
700000.0003	-1909.36
700000.0003	-1909.61
700000.0003	-1909.08
700000.0003	-1893.91
700000.0003	-1887.63
700000.0003	-1884.56
700000.0003	-1868.01
700000.0003	-1850.96
700000.0003	-1845.19
700000.0003	-1832.03
700000.0003	-1815.63
700000.0003	-1804.69
700000.0003	-1781.84
700000.0003	-1765.71
700000.0003	-1736.64
700000.0003	-1713.52
700000.0003	-1686.37
700000.0003	-1655.43
700000.0003	-1624.82
700000.0003	-1586.59
700000.0003	-1543.59
700000.0003	-1492.08
700000.0003	-1458.12
700000.0003	-1395.46
700000.0003	-1344.18
700000.0003	-1279.65
700000.0003	-1222.17
700000.0003	-1159.37
700000.0003	-1101.65
700000.0003	-1041.01
700000.0003	-974.343
700000.0003	-909.829
700000.0003	-846.995
700000.0003	-787.776
700000.0003	-728
700000.0003	-670.779
700000.0003	-616.775
700000.0003	-562.817
700000.0003	-513.773
700000.0003	-464.015
700000.0003	-418.744
700000.0003	-377.846
700000.0003	-335.539
700000.0003	-298.926
700000.0003	-265.58
700000.0003	-234.251
700000.0003	-204.85
700000.0003	-179.914
700000.0003	-155.261
700000.0003	-135.14
700000.0003	-115.752
700000.0003	-99.3727
700000.0003	-85.0896
700000.0003	-72.2641
700000.0003	-61.4256
700000.0003	-52.365
700000.0003	-44.4081
700000.0003	-37.2696
700000.0003	-31.9056
700000.0003	-26.7859
700000.0003	-22.4805
700000.0003	-18.7754
700000.0003	-15.7599
700000.0003	-12.9184
700000.0003	-10.9298
700000.0003	-9.11545
700000.0003	-7.42966
700000.0003	-6.01257
700000.0003	-4.85859
700000.0003	-3.74664
700000.0003	-2.77611
700000.0003	-1.90906
700000.0003	-1.11402
700000.0003	-0.365463
700000.0003	0
700000.0003	0
700000.0003	0
700000.0003	0
700000.0003	0
700000.0003	0
700000.0003	0
700000.0003	0
700000.0003	0
700000.0003	0
700000.0003	0
700000.0003	0
700000.0003	0
700000.0003	0
700000.0003	0
700000.0003	0
700000.0003	0
700000.0003	0
700000.0003	0
700000.0003	0
700000.0003	0
700000.0003	0
700000.0003	0
700000.0003	0
700000.0003	0
700000.0003	0
700000.0003	0
700000.0003	0
700000.0003	0
700000.0003	0
700000.0003	0
700000.0003	0
700000.0003	0
700000.0003	0
700000.0003	0
700000.0003	0
700000.0003	0
700000.0003	0
700000.0003	0
700000.0003	0
700000.0003	0
700000.0003	0
700000.0003	0
700000.0003	0
700000.0003	0
700000.0003	0
700000.0003	0
700000.0003	0
700000.0003	0
700000.0003	0
700000.0003	0
700000.0003	0
700000.0003	0
700000.0003	0
700000.0003	0
700000.0003	0
700000.0003	0
700000.0003	0
700000.0003	0
700000.0003	0
700000.0003	0
700000.0003	0
700000.0003	0
700000.0003	0
700000.0003	0
700000.0003	0
700000.0003	0
700000.0003	0
700000.0003	0
700000.0003	0
700000.0003	0
700000.0003	0
700000.0003	0
700000.0003	0
700000.0003	0
700000.0003	0
700000.0003	0
700000.0003	0
700000.0003	0
700000.0003	0
700000.0003	0
700000.0003	0
700000.0003	0
700000.0003	0
700000.0003	0
700000.0003	0
700000.0003	0
700000.0003	0
700000.0003	0
700000.0003	0
700000.0003	0
700000.0003	0
700000.0003	0
700000.0003	0
700000.0003	0
700000.0003	0
700000.0003	0
700000.0003	0
700000.0003	0
700000.0003	0
700000.0003	-0.107475
700000.0003	1.01402
700000.0003	-1.18262
700000.0003	-1.84556
700000.0003	-1.25117
700000.0003	-1.46121
700000.0003	-3.52897
700000.0003	2.38697
700000.0003	-9.17741
700000.0003	3.97405
700000.0003	-0.0706693
700000.0003	9.87326
700000.0003	-3.71697
700000.0003	-5.85196
700000.0003	-9.9145
700000.0003	-0.0361817
700000.0003	-0.84606
700000.0003	8.7936
700000.0003	-11.2505
700000.0003	-36.8277
700000.0003	-26.1752
700000.0003	-10.4807
700000.0003	-10.2817
700000.0003	18.489
700000.0003	-4.66214
700000.0003	2.65989
700000.0003	-16.3826
700000.0003	-11.0182
700000.0003	4.23272
700000.0003	-1.29802
700000.0003	8.55564
700000.0003	23.8619
700000.0003	-7.05538
700000.0003	-12.2148
700000.0003	-27.2467
700000.0003	-1.60044
700000.0003	3.60089
700000.0003	3.67312
700000.0003	-0.901073
700000.0003	-1.68213
700000.0003	0
700000.0003	0
700000.0003	0
700000.0003	0
700000.0003	0
700000.0003	0
700000.0003	0
700000.0003	0
700000.0003	0
700000.0003	0
700000.0003	0
700000.0003	0
700000.0003	0
700000.0003	0
700000.0003	0
700000.0003	0
700000.0003	0
700000.0003	0
700000.0003	0
700000.0003	0
700000.0003	0
700000.0003	0
700000.0003	0
700000.0003	0
700000.0003	0
700000.0003	0
700000.0003	0
700000.0003	0
700000.0003	0
700000.0003	0
700000.0003	0
700000.0003	0
700000.0003	0
700000.0003	0
700000.0003	0
700000.0003	0
700000.0003	0
700000.0003	0
700000.0003	0
700000.0003	0
700000.0003	0
700000.0003	0
700000.0003	0
700000.0003	0
700000.0003	0
700000.0003	0
700000.0003	0
700000.0003	0
700000.0003	0
700000.0003	0
700000.0003	0
700000.0003	0
700000.0003	0
700000.0003	0
700000.0003	0
700000.0003	0
700000.0003	0
700000.0003	0
700000.0003	0
700000.0003	0
700000.0003	0
700000.0003	0
700000.0003	0
700000.0003	0
700000.0003	0
700000.0003	0
700000.0003	0
700000.0003	0
700000.0003	0
700000.0003	0
700000.0003	0
700000.0003	0
700000.0003	0
700000.0003	0
700000.0003	0
700000.0003	0
700000.0003	0
700000.0003	0
700000.0003	0
700000.0003	0
700000.0003	0
700000.0003	0
700000.0003	0
700000.0003	0
700000.0003	0
700000.0003	0
700000.0003	0
700000.0003	0
700000.0003	0
700000.0003	0
700000.0003	0
700000.0003	0
700000.0003	0
700000.0003	0
700000.0003	0
700000.0003	0
700000.0003	0
700000.0003	0
700000.0003	0
700000.0003	0
700000.0003	0.214387
700000.0003	-0.0258109
700000.0003	-0.206023
700000.0003	0.246723
700000.0003	-0.614649
700000.0003	0.878304
700000.0003	-1.07497
700000.0003	0.362896
700000.0003	-0.102836
700000.0003	0.0202433
700000.0003	-1.09568
700000.0003	1.10386
700000.0003	1.64371
700000.0003	0.739284
700000.0003	-2.4309
700000.0003	0.078311
700000.0003	-4.08775
700000.0003	1.25981
700000.0003	-0.76007
700000.0003	0.928216
700000.0003	-2.10376
700000.0003	-4.48031
700000.0003	0.935627
700000.0003	3.24012
700000.0003	-1.04027
700000.0003	-0.590929
700000.0003	1.04061
700000.0003	0.0878104
700000.0003	4.78803
700000.0003	-0.338218
700000.0003	-2.33091
700000.0003	2.66406
700000.0003	-1.23366
700000.0003	3.55005
700000.0003	2.62009
700000.0003	4.92392
700000.0003	4.74226
700000.0003	-1.54596
700000.0003	1.62271
700000.0003	4.74427
700000.0003	-0.0102073
700000.0003	4.92199
700000.0003	5.94148
700000.0003	3.92604
700000.0003	4.49789
700000.0003	-1.88432
700000.0003	-1.08715
700000.0003	-3.96114
700000.0003	5.9534
700000.0003	2.57952
700000.0003	2.70156
700000.0003	-2.1603
700000.0003	-0.544323
700000.0003	-5.05724
700000.0003	1.92435
700000.0003	3.46554
700000.0003	-1.15047
700000.0003	1.84505
700000.0003	1.09523
700000.0003	-2.41538
700000.0003	-1.82264
700000.0003	0.849869
700000.0003	-3.83567
700000.0003	-1.49201
700000.0003	1.21984
700000.0003	1.5193
700000.0003	8.54605
700000.0003	6.51778
700000.0003	2.8186
700000.0003	3.74693
700000.0003	-1.79089
700000.0003	2.42294
700000.0003	5.03478
700000.0003	5.85564
700000.0003	0.037211
700000.0003	0.2305
700000.0003	5.1578
700000.0003	2.0338
700000.0003	1.74009
700000.0003	-0.522174
700000.0003	-1.34485
700000.0003	-3.65474
700000.0003	-1.27376
700000.0003	1.13283
700000.0003	2.31065
700000.0003	-3.83067
700000.0003	-2.07901
700000.0003	-3.94238
700000.0003	-0.845168
700000.0003	4.40243
700000.0003	-0.415596
700000.0003	-3.42165
700000.0003	-1.60021
700000.0003	1.01793
700000.0003	-1.31475
700000.0003	2.49174
700000.0003	2.27709
700000.0003	-2.79565
700000.0003	2.08873
700000.0003	4.39591
700000.0003	4.25582
700000.0003	-0.243944
700000.0003	-2.31956
700000.0003	0.309032
700000.0003	-1.26408
700000.0003	-1.50623
700000.0003	-0.307742
700000.0003	-3.16328
700000.0003	0.126843
700000.0003	1.52307
700000.0003	1.52611
700000.0003	0.641579
700000.0003	-0.888196
700000.0003	0.106223
700000.0003	0.237737
700000.0003	-2.53416
700000.0003	-0.542549
700000.0003	-2.2795
700000.0003	-3.80526
700000.0003	1.41745
700000.0003	-0.168456
700000.0003	1.01872
700000.0003	0.820423
700000.0003	2.02918
700000.0003	-0.722504
700000.0003	0.787989
700000.0003	0.821253
700000.0003	2.12487
700000.0003	0.718076
700000.0003	0.546873
700000.0003	-0.488999
700000.0003	-0.656986
700000.0003	-0.00784659
700000.0003	-0.854642
700000.0003	0.619191
700000.0003	-0.436352
700000.0003	-0.658322
700000.0003	-0.185868
700000.0003	-0.924036
700000.0003	0.152696
700000.0003	-0.166634
700000.0003	0.386066
700000.0003	0.113337
700000.0003	-0.151858
700000.0003	0.29151
700000.0003	-0.154011
700000.0003	0.126886
700000.0003	0.00381612
700000.0003	-0.0357461
700000.0003	0.141017
700000.0003	0.0173024
700000.0003	0.00363708
700000.0003	0.14447
700000.0003	-0.0812132
700000.0003	-0.0145385
700000.0003	-0.0116132
700000.0003	-0.0309731
700000.0003	-0.00542295
700000.0003	-0.0163411
700000.0003	0.00330799
700000.0003	0
700000.0003	0
700000.0003	0
700000.0003	0
700000.0003	0
700000.0003	0
700000.0003	0
700000.0003	0
700000.0003	0
700000.0003	0
700000.0003	0
700000.0003	0
700000.0003	0
700000.0003	0
700000.0003	0
700000.0003	0
700000.0003	0
700000.0003	0
700000.0003	0
700000.0003	0
700000.0003	0
700000.0003	0
700000.0003	0
700000.0003	0
700000.0003	0
700000.0003	0
700000.0003	0
700000.0003	0
700000.0003	0
700000.0003	0
700000.0003	0
700000.0003	0
700000.0003	0
700000.0003	0
700000.0003	0
700000.0003	0
700000.0003	0
700000.0003	0
700000.0003	0
700000.0003	0
700000.0003	0
700000.0003	0
700000.0003	0
700000.0003	0
700000.0003	0
700000.0003	0
700000.0003	0
700000.0003	0
700000.0003	0
700000.0003	0
700000.0003	0
700000.0003	0
700000.0003	0
700000.0003	0
700000.0003	0
700000.0003	0
700000.0003	0
700000.0003	0
700000.0003	0
700000.0003	0
700000.0003	0
700000.0003	0
700000.0003	0
700000.0003	0
700000.0003	0
700000.0003	0
700000.0003	0
700000.0003	0
700000.0003	0
700000.0003	0
700000.0003	0
700000.0003	0
700000.0003	0
700000.0003	0
700000.0003	0
700000.0003	0
700000.0003	0
700000.0003	0
700000.0003	0
700000.0003	0
700000.0003	0
700000.0003	0
700000.0003	0
700000.0003	0
700000.0003	0
700000.0003	0
700000.0003	0
700000.0003	0
700000.0003	0
700000.0003	0
700000.0003	0
700000.0003	0
700000.0003	0
700000.0003	0
700000.0003	0
700000.0003	0
700000.0003	0
700000.0003	0
700000.0003	0
700000.0003	0
