20000	0	15119
20000	0.05	14633
20000	0.1	14137
20000	0.15	13690
20000	0.2	13278
20000	0.25	12873
20000	0.3	12846
20000	0.35	12256
20000	0.4	12264
20000	0.45	11664
20000	0.5	11777
20000	0.55	11000
20000	0.6	11261
20000	0.65	10867
20000	0.7	10703
20000	0.75	10323
20000	0.8	10352
20000	0.85	10129
20000	0.9	9880
20000	0.95	9987
20000	1	9925
20000	1.05	9595
20000	1.1	9597
20000	1.15	9447
20000	1.2	9324
20000	1.25	9493
20000	1.3	9213
20000	1.35	9464
20000	1.4	9102
20000	1.45	9223
20000	1.5	9317
20000	1.55	9029
20000	1.6	9219
20000	1.65	9316
20000	1.7	9371
20000	1.75	9209
20000	1.8	9359
20000	1.85	9357
20000	1.9	9333
20000	1.95	9496
20000	2	9329
20000	2.05	9468
20000	2.1	9626
20000	2.15	9622
20000	2.2	9554
20000	2.25	10082
20000	2.3	10059
20000	2.35	10072
20000	2.4	10180
20000	2.45	10226
20000	2.5	10341
20000	2.55	10400
20000	2.6	10737
20000	2.65	10661
20000	2.7	10748
20000	2.75	11014
20000	2.8	11152
20000	2.85	11120
20000	2.9	11386
20000	2.95	11650
20000	3	11545
20000	3.05	11786
20000	3.1	11754
20000	3.15	11903
20000	3.2	12424
20000	3.25	12227
20000	3.3	12384
20000	3.35	12382
20000	3.4	12614
20000	3.45	12908
20000	3.5	12945
20000	3.55	13026
20000	3.6	13330
20000	3.65	13469
20000	3.7	13440
20000	3.75	13485
20000	3.8	13665
20000	3.85	13690
20000	3.9	13877
20000	3.95	13858
20000	4	13655
20000	4.05	13765
20000	4.1	13993
20000	4.15	14151
20000	4.2	14359
20000	4.25	14066
20000	4.3	14512
20000	4.35	14342
20000	4.4	14176
20000	4.45	14422
20000	4.5	14304
20000	4.55	14362
20000	4.6	14398
20000	4.65	14368
20000	4.7	14347
20000	4.75	14128
20000	4.8	14055
20000	4.85	14031
20000	4.9	13909
20000	4.95	13913
20000	5	13939
20000	5.05	13977
20000	5.1	13688
20000	5.15	13599
20000	5.2	13811
20000	5.25	13527
20000	5.3	13209
20000	5.35	13426
20000	5.4	13238
20000	5.45	13061
20000	5.5	12926
20000	5.55	13276
20000	5.6	12903
20000	5.65	13226
20000	5.7	12908
20000	5.75	13080
20000	5.8	13139
20000	5.85	13099
20000	5.9	12988
20000	5.95	13004
20000	6	13069
20000	6.05	13260
20000	6.1	13106
20000	6.15	13213
20000	6.2	13377
20000	6.25	13572
20000	6.3	13870
20000	6.35	13855
20000	6.4	14291
20000	6.45	14104
20000	6.5	14443
20000	6.55	14422
20000	6.6	14824
20000	6.65	15278
20000	6.7	15540
20000	6.75	15874
20000	6.8	16172
20000	6.85	16451
20000	6.9	17057
20000	6.95	17377
20000	7	18087
20000	7.05	18462
20000	7.1	18945
20000	7.15	19690
20000	7.2	20210
20000	7.25	20954
20000	7.3	21949
20000	7.35	22477
20000	7.4	23114
20000	7.45	23848
20000	7.5	24553
20000	7.55	25483
20000	7.6	26869
20000	7.65	27506
20000	7.7	28295
20000	7.75	29173
20000	7.8	29893
20000	7.85	31010
20000	7.9	31784
20000	7.95	32346
20000	8	33422
20000	8.05	33699
20000	8.1	34029
20000	8.15	34389
20000	8.2	34799
20000	8.25	34931
20000	8.3	34932
20000	8.35	35405
20000	8.4	35279
20000	8.45	35088
20000	8.5	34897
20000	8.55	34323
20000	8.6	34002
20000	8.65	33718
20000	8.7	33311
20000	8.75	32547
20000	8.8	31936
20000	8.85	30944
20000	8.9	30655
20000	8.95	29681
20000	9	28768
20000	9.05	28466
20000	9.1	27348
20000	9.15	26240
20000	9.2	25684
20000	9.25	25087
20000	9.3	23927
20000	9.35	23441
20000	9.4	22373
20000	9.45	21585
20000	9.5	21005
20000	9.55	20390
20000	9.6	19661
20000	9.65	19146
20000	9.7	18155
20000	9.75	17656
20000	9.8	17036
20000	9.85	16510
20000	9.9	16158
20000	9.95	15625
20000	10	15052
20000	10.05	14580
20000	10.1	14217
20000	10.15	13764
20000	10.2	13417
20000	10.25	13114
20000	10.3	12683
20000	10.35	12273
20000	10.4	12016
20000	10.45	11783
20000	10.5	11566
20000	10.55	11293
20000	10.6	11065
20000	10.65	10895
20000	10.7	10684
20000	10.75	10584
20000	10.8	10244
20000	10.85	10097
20000	10.9	10056
20000	10.95	9718
20000	11	9805
20000	11.05	9601
20000	11.1	9639
20000	11.15	9559
20000	11.2	9347
20000	11.25	9455
20000	11.3	9336
20000	11.35	9236
20000	11.4	9142
20000	11.45	9160
20000	11.5	9126
20000	11.55	9037
20000	11.6	9320
20000	11.65	9312
20000	11.7	9138
20000	11.75	9254
20000	11.8	9227
20000	11.85	9025
20000	11.9	9368
20000	11.95	9406
20000	12	9498
20000	12.05	9603
20000	12.1	9439
20000	12.15	9597
20000	12.2	9812
20000	12.25	9847
20000	12.3	9626
20000	12.35	10117
20000	12.4	10183
20000	12.45	10185
20000	12.5	10347
20000	12.55	10388
20000	12.6	10451
20000	12.65	10843
20000	12.7	10689
20000	12.75	10887
20000	12.8	11086
20000	12.85	11232
20000	12.9	11210
20000	12.95	11588
20000	13	11490
20000	13.05	11609
20000	13.1	11703
20000	13.15	12027
20000	13.2	12252
20000	13.25	12179
20000	13.3	12304
20000	13.35	12735
20000	13.4	12730
20000	13.45	12861
20000	13.5	12770
20000	13.55	13177
20000	13.6	13251
20000	13.65	13259
20000	13.7	13370
20000	13.75	13710
20000	13.8	13675
20000	13.85	13727
20000	13.9	13753
20000	13.95	13831
20000	14	14158
20000	14.05	13917
20000	14.1	14312
20000	14.15	14056
20000	14.2	14148
20000	14.25	14251
20000	14.3	14177
20000	14.35	14198
20000	14.4	14341
20000	14.45	14257
20000	14.5	14343
20000	14.55	14194
20000	14.6	14084
20000	14.65	14039
20000	14.7	14235
20000	14.75	14035
20000	14.8	14094
20000	14.85	13934
20000	14.9	13994
20000	14.95	13981
20000	15	13896
20000	15.05	13644
20000	15.1	13583
20000	15.15	13680
20000	15.2	13378
20000	15.25	13472
20000	15.3	13536
20000	15.35	13341
20000	15.4	13375
20000	15.45	13339
20000	15.5	13214
20000	15.55	13050
20000	15.6	13182
20000	15.65	13109
20000	15.7	13084
20000	15.75	12898
20000	15.8	12861
20000	15.85	13037
20000	15.9	13034
20000	15.95	13106
20000	16	13243
20000	16.05	12973
20000	16.1	13177
20000	16.15	13519
20000	16.2	13679
20000	16.25	13303
20000	16.3	13883
20000	16.35	13667
20000	16.4	13911
20000	16.45	14159
20000	16.5	14206
20000	16.55	14651
20000	16.6	15218
20000	16.65	15152
20000	16.7	15363
20000	16.75	15772
20000	16.8	16051
20000	16.85	16362
20000	16.9	16741
20000	16.95	17543
20000	17	17943
20000	17.05	18325
20000	17.1	19153
20000	17.15	19638
20000	17.2	20170
20000	17.25	20776
20000	17.3	21429
20000	17.35	22364
20000	17.4	22968
20000	17.45	23949
20000	17.5	24729
20000	17.55	25472
20000	17.6	26515
20000	17.65	27431
20000	17.7	28164
20000	17.75	29063
20000	17.8	30040
20000	17.85	30983
20000	17.9	31501
20000	17.95	32107
20000	18	32936
20000	18.05	33587
20000	18.1	33840
20000	18.15	34511
20000	18.2	34983
20000	18.25	35061
20000	18.3	35366
20000	18.35	35277
20000	18.4	35247
20000	18.45	35112
20000	18.5	34687
20000	18.55	34402
20000	18.6	33977
20000	18.65	33413
20000	18.7	32901
20000	18.75	32477
20000	18.8	31739
20000	18.85	31048
20000	18.9	30227
20000	18.95	29776
20000	19	29071
20000	19.05	28209
20000	19.1	27068
20000	19.15	26572
20000	19.2	25763
20000	19.25	25033
20000	19.3	23859
20000	19.35	23096
20000	19.4	22673
20000	19.45	21626
20000	19.5	20862
20000	19.55	20392
20000	19.6	19825
20000	19.65	19094
20000	19.7	18221
20000	19.75	17667
20000	19.8	17080
20000	19.85	16389
20000	19.9	16055
20000	19.95	15629
20000	20	15190
20000	20.05	14675
20000	20.1	14122
20000	20.15	13778
20000	20.2	13215
20000	20.25	13130
20000	20.3	12561
20000	20.35	12333
20000	20.4	11970
20000	20.45	11724
20000	20.5	11422
20000	20.55	11326
20000	20.6	11103
20000	20.65	10639
20000	20.7	10557
20000	20.75	10468
20000	20.8	10534
20000	20.85	10223
20000	20.9	10171
20000	20.95	9857
20000	21	9869
20000	21.05	9715
20000	21.1	9490
20000	21.15	9532
20000	21.2	9473
20000	21.25	9358
20000	21.3	9165
20000	21.35	9523
20000	21.4	9299
20000	21.45	9033
20000	21.5	9219
20000	21.55	9326
20000	21.6	9332
20000	21.65	9409
20000	21.7	9394
20000	21.75	9215
20000	21.8	9331
20000	21.85	9280
20000	21.9	9285
20000	21.95	9359
20000	22	9458
20000	22.05	9582
20000	22.1	9423
20000	22.15	9617
20000	22.2	9652
20000	22.25	9730
20000	22.3	10019
20000	22.35	9804
20000	22.4	10033
20000	22.45	10166
20000	22.5	10423
20000	22.55	10113
20000	22.6	10451
20000	22.65	10681
20000	22.7	10868
20000	22.75	10861
20000	22.8	11113
20000	22.85	11074
20000	22.9	11235
20000	22.95	11456
20000	23	11568
20000	23.05	11715
20000	23.1	11762
20000	23.15	12054
20000	23.2	12269
20000	23.25	12346
20000	23.3	12682
20000	23.35	12557
20000	23.4	12653
20000	23.45	12935
20000	23.5	12919
20000	23.55	12999
20000	23.6	12978
20000	23.65	13533
20000	23.7	13219
20000	23.75	13627
20000	23.8	13592
20000	23.85	13707
20000	23.9	13747
20000	23.95	14016
20000	24	14044
20000	24.05	14021
20000	24.1	14003
20000	24.15	14087
20000	24.2	14155
20000	24.25	14348
20000	24.3	14248
20000	24.35	14345
20000	24.4	14231
20000	24.45	14197
20000	24.5	14340
20000	24.55	14281
20000	24.6	14166
20000	24.65	14233
20000	24.7	14069
20000	24.75	14311
20000	24.8	14039
20000	24.85	14000
20000	24.9	14010
20000	24.95	13870
20000	25	13877
20000	25.05	13699
20000	25.1	13791
20000	25.15	13604
20000	25.2	13585
20000	25.25	13448
20000	25.3	13704
20000	25.35	13357
20000	25.4	13156
20000	25.45	13293
20000	25.5	13015
20000	25.55	13116
20000	25.6	13240
20000	25.65	13156
20000	25.7	13007
20000	25.75	12917
20000	25.8	12973
20000	25.85	13339
20000	25.9	13080
20000	25.95	13351
20000	26	13061
20000	26.05	13244
20000	26.1	13218
20000	26.15	13535
20000	26.2	13682
20000	26.25	13602
20000	26.3	13669
20000	26.35	13907
20000	26.4	13645
20000	26.45	14346
20000	26.5	14479
20000	26.55	14670
20000	26.6	14761
20000	26.65	15437
20000	26.7	15451
20000	26.75	16007
20000	26.8	16320
20000	26.85	16572
20000	26.9	17263
20000	26.95	17550
20000	27	18073
20000	27.05	18444
20000	27.1	19254
20000	27.15	19844
20000	27.2	20182
20000	27.25	20939
20000	27.3	21675
20000	27.35	22170
20000	27.4	23022
20000	27.45	24232
20000	27.5	25117
20000	27.55	25538
20000	27.6	26661
20000	27.65	27604
20000	27.7	28380
20000	27.75	29195
20000	27.8	30299
20000	27.85	30902
20000	27.9	31744
20000	27.95	32528
20000	28	33270
20000	28.05	33711
20000	28.1	34123
20000	28.15	35030
20000	28.2	34504
20000	28.25	35216
20000	28.3	35522
20000	28.35	35413
20000	28.4	35237
20000	28.45	35457
20000	28.5	34984
20000	28.55	34446
20000	28.6	34078
20000	28.65	34022
20000	28.7	32939
20000	28.75	32605
20000	28.8	32114
20000	28.85	31089
20000	28.9	30630
20000	28.95	30010
20000	29	28688
20000	29.05	28030
20000	29.1	27258
20000	29.15	26418
20000	29.2	25730
20000	29.25	25023
20000	29.3	24243
20000	29.35	23261
20000	29.4	22530
20000	29.45	21780
20000	29.5	21008
20000	29.55	20307
20000	29.6	19594
20000	29.65	19017
20000	29.7	18209
20000	29.75	17760
20000	29.8	17134
20000	29.85	16777
20000	29.9	15916
20000	29.95	15603
40000	0	15005
40000	0.05	14708
40000	0.1	14068
40000	0.15	13605
40000	0.2	13408
40000	0.25	13018
40000	0.3	12647
40000	0.35	12433
40000	0.4	12073
40000	0.45	11957
40000	0.5	11494
40000	0.55	11139
40000	0.6	11332
40000	0.65	10750
40000	0.7	10695
40000	0.75	10543
40000	0.8	10521
40000	0.85	10117
40000	0.9	9972
40000	0.95	10025
40000	1	9700
40000	1.05	9842
40000	1.1	9499
40000	1.15	9565
40000	1.2	9564
40000	1.25	9411
40000	1.3	9454
40000	1.35	9207
40000	1.4	9240
40000	1.45	9192
40000	1.5	9261
40000	1.55	9117
40000	1.6	9338
40000	1.65	9308
40000	1.7	9091
40000	1.75	9281
40000	1.8	9262
40000	1.85	9157
40000	1.9	9475
40000	1.95	9575
40000	2	9485
40000	2.05	9542
40000	2.1	9429
40000	2.15	9584
40000	2.2	9635
40000	2.25	9834
40000	2.3	9909
40000	2.35	9953
40000	2.4	10150
40000	2.45	10359
40000	2.5	10361
40000	2.55	10301
40000	2.6	10418
40000	2.65	10828
40000	2.7	10786
40000	2.75	11018
40000	2.8	10902
40000	2.85	11282
40000	2.9	11380
40000	2.95	11214
40000	3	11756
40000	3.05	11542
40000	3.1	11971
40000	3.15	12014
40000	3.2	12287
40000	3.25	12297
40000	3.3	12437
40000	3.35	12696
40000	3.4	12599
40000	3.45	12886
40000	3.5	12971
40000	3.55	13055
40000	3.6	13072
40000	3.65	13325
40000	3.7	13458
40000	3.75	13497
40000	3.8	13602
40000	3.85	13699
40000	3.9	13798
40000	3.95	13848
40000	4	14011
40000	4.05	14284
40000	4.1	14142
40000	4.15	14147
40000	4.2	14205
40000	4.25	14136
40000	4.3	14062
40000	4.35	14147
40000	4.4	14449
40000	4.45	14274
40000	4.5	14229
40000	4.55	14531
40000	4.6	14205
40000	4.65	14057
40000	4.7	14052
40000	4.75	14238
40000	4.8	14064
40000	4.85	13915
40000	4.9	13842
40000	4.95	13637
40000	5	13837
40000	5.05	13824
40000	5.1	13689
40000	5.15	13707
40000	5.2	13447
40000	5.25	13434
40000	5.3	13306
40000	5.35	13239
40000	5.4	13367
40000	5.45	13237
40000	5.5	12999
40000	5.55	13044
40000	5.6	13198
40000	5.65	13219
40000	5.7	13029
40000	5.75	13076
40000	5.8	12895
40000	5.85	12982
40000	5.9	13050
40000	5.95	13106
40000	6	13167
40000	6.05	13251
40000	6.1	13359
40000	6.15	13332
40000	6.2	13272
40000	6.25	13640
40000	6.3	13653
40000	6.35	13877
40000	6.4	14024
40000	6.45	14169
40000	6.5	14556
40000	6.55	14415
40000	6.6	15020
40000	6.65	15064
40000	6.7	15324
40000	6.75	15626
40000	6.8	16282
40000	6.85	16598
40000	6.9	16970
40000	6.95	17484
40000	7	17932
40000	7.05	18535
40000	7.1	19116
40000	7.15	19576
40000	7.2	20260
40000	7.25	20899
40000	7.3	21502
40000	7.35	22733
40000	7.4	23249
40000	7.45	23786
40000	7.5	24999
40000	7.55	25753
40000	7.6	26507
40000	7.65	27482
40000	7.7	28192
40000	7.75	28884
40000	7.8	30062
40000	7.85	30892
40000	7.9	31302
40000	7.95	32144
40000	8	32899
40000	8.05	34128
40000	8.1	34036
40000	8.15	34521
40000	8.2	34625
40000	8.25	35123
40000	8.3	35481
40000	8.35	35041
40000	8.4	35055
40000	8.45	35054
40000	8.5	34988
40000	8.55	34258
40000	8.6	34068
40000	8.65	33609
40000	8.7	33055
40000	8.75	32187
40000	8.8	31975
40000	8.85	30796
40000	8.9	30607
40000	8.95	29623
40000	9	29052
40000	9.05	28214
40000	9.1	27553
40000	9.15	26639
40000	9.2	25714
40000	9.25	24651
40000	9.3	24309
40000	9.35	23274
40000	9.4	22614
40000	9.45	21870
40000	9.5	21277
40000	9.55	20524
40000	9.6	19485
40000	9.65	18756
40000	9.7	18413
40000	9.75	17702
40000	9.8	17124
40000	9.85	16564
40000	9.9	16058
40000	9.95	15660
40000	10	14956
40000	10.05	14718
40000	10.1	14091
40000	10.15	13636
40000	10.2	13620
40000	10.25	13063
40000	10.3	12716
40000	10.35	12434
40000	10.4	12129
40000	10.45	11773
40000	10.5	11570
40000	10.55	11127
40000	10.6	11135
40000	10.65	10999
40000	10.7	10640
40000	10.75	10544
40000	10.8	10353
40000	10.85	10098
40000	10.9	10094
40000	10.95	9713
40000	11	9766
40000	11.05	9814
40000	11.1	9663
40000	11.15	9543
40000	11.2	9499
40000	11.25	9361
40000	11.3	9496
40000	11.35	9322
40000	11.4	9161
40000	11.45	9246
40000	11.5	9085
40000	11.55	9131
40000	11.6	9231
40000	11.65	9326
40000	11.7	9231
40000	11.75	9175
40000	11.8	9319
40000	11.85	9477
40000	11.9	9413
40000	11.95	9450
40000	12	9414
40000	12.05	9573
40000	12.1	9615
40000	12.15	9497
40000	12.2	9918
40000	12.25	9753
40000	12.3	9963
40000	12.35	10156
40000	12.4	10075
40000	12.45	10248
40000	12.5	10478
40000	12.55	10423
40000	12.6	10698
40000	12.65	10745
40000	12.7	10845
40000	12.75	11128
40000	12.8	11006
40000	12.85	11286
40000	12.9	11191
40000	12.95	11443
40000	13	11632
40000	13.05	11820
40000	13.1	11891
40000	13.15	12030
40000	13.2	12029
40000	13.25	12181
40000	13.3	12445
40000	13.35	12683
40000	13.4	12740
40000	13.45	12588
40000	13.5	13101
40000	13.55	13173
40000	13.6	13361
40000	13.65	13331
40000	13.7	13392
40000	13.75	13482
40000	13.8	13722
40000	13.85	13881
40000	13.9	13915
40000	13.95	14008
40000	14	14103
40000	14.05	13930
40000	14.1	14073
40000	14.15	14249
40000	14.2	14050
40000	14.25	14270
40000	14.3	14139
40000	14.35	14365
40000	14.4	14335
40000	14.45	14305
40000	14.5	14280
40000	14.55	14340
40000	14.6	14460
40000	14.65	14208
40000	14.7	14142
40000	14.75	14103
40000	14.8	14189
40000	14.85	14084
40000	14.9	14080
40000	14.95	13879
40000	15	13858
40000	15.05	13798
40000	15.1	13707
40000	15.15	13582
40000	15.2	13332
40000	15.25	13376
40000	15.3	13320
40000	15.35	13296
40000	15.4	13328
40000	15.45	13076
40000	15.5	13378
40000	15.55	12959
40000	15.6	13032
40000	15.65	13017
40000	15.7	12982
40000	15.75	13269
40000	15.8	13277
40000	15.85	13128
40000	15.9	13235
40000	15.95	12749
40000	16	13332
40000	16.05	13327
40000	16.1	13172
40000	16.15	13269
40000	16.2	13645
40000	16.25	13654
40000	16.3	13940
40000	16.35	14003
40000	16.4	14043
40000	16.45	14229
40000	16.5	14430
40000	16.55	14506
40000	16.6	14857
40000	16.65	15173
40000	16.7	15464
40000	16.75	16085
40000	16.8	16311
40000	16.85	16736
40000	16.9	16850
40000	16.95	17523
40000	17	18006
40000	17.05	18450
40000	17.1	19009
40000	17.15	19783
40000	17.2	20274
40000	17.25	21070
40000	17.3	21666
40000	17.35	22365
40000	17.4	22967
40000	17.45	24021
40000	17.5	24639
40000	17.55	25488
40000	17.6	26248
40000	17.65	27144
40000	17.7	28554
40000	17.75	29056
40000	17.8	29835
40000	17.85	30893
40000	17.9	31417
40000	17.95	32571
40000	18	32635
40000	18.05	33614
40000	18.1	34263
40000	18.15	34856
40000	18.2	34958
40000	18.25	35102
40000	18.3	35531
40000	18.35	35304
40000	18.4	34792
40000	18.45	35034
40000	18.5	34849
40000	18.55	34599
40000	18.6	34036
40000	18.65	33474
40000	18.7	33125
40000	18.75	32598
40000	18.8	31907
40000	18.85	31156
40000	18.9	30513
40000	18.95	29763
40000	19	28806
40000	19.05	28112
40000	19.1	27239
40000	19.15	26626
40000	19.2	25603
40000	19.25	24908
40000	19.3	24076
40000	19.35	23310
40000	19.4	22482
40000	19.45	21923
40000	19.5	21050
40000	19.55	20422
40000	19.6	19431
40000	19.65	18743
40000	19.7	18024
40000	19.75	17507
40000	19.8	17160
40000	19.85	16426
40000	19.9	15985
40000	19.95	15459
40000	20	14842
40000	20.05	14577
40000	20.1	14323
40000	20.15	13640
40000	20.2	13340
40000	20.25	13171
40000	20.3	12663
40000	20.35	12528
40000	20.4	12380
40000	20.45	11698
40000	20.5	11541
40000	20.55	11524
40000	20.6	10949
40000	20.65	10828
40000	20.7	10833
40000	20.75	10600
40000	20.8	10251
40000	20.85	10036
40000	20.9	10137
40000	20.95	9869
40000	21	9709
40000	21.05	9750
40000	21.1	9762
40000	21.15	9596
40000	21.2	9561
40000	21.25	9350
40000	21.3	9436
40000	21.35	9277
40000	21.4	9187
40000	21.45	9116
40000	21.5	9149
40000	21.55	9265
40000	21.6	9188
40000	21.65	9269
40000	21.7	9275
40000	21.75	9163
40000	21.8	9299
40000	21.85	9456
40000	21.9	9262
40000	21.95	9433
40000	22	9419
40000	22.05	9660
40000	22.1	9552
40000	22.15	9607
40000	22.2	9680
40000	22.25	10032
40000	22.3	10017
40000	22.35	9974
40000	22.4	10136
40000	22.45	10268
40000	22.5	10370
40000	22.55	10441
40000	22.6	10832
40000	22.65	10716
40000	22.7	10925
40000	22.75	11040
40000	22.8	11093
40000	22.85	11099
40000	22.9	11323
40000	22.95	11345
40000	23	11543
40000	23.05	11758
40000	23.1	11668
40000	23.15	11852
40000	23.2	12147
40000	23.25	12370
40000	23.3	12292
40000	23.35	12564
40000	23.4	12545
40000	23.45	12836
40000	23.5	12762
40000	23.55	12886
40000	23.6	12972
40000	23.65	13171
40000	23.7	13429
40000	23.75	13602
40000	23.8	13590
40000	23.85	13785
40000	23.9	13892
40000	23.95	13954
40000	24	13877
40000	24.05	13999
40000	24.1	14170
40000	24.15	13999
40000	24.2	13998
40000	24.25	14203
40000	24.3	14250
40000	24.35	14219
40000	24.4	14257
40000	24.45	14277
40000	24.5	14288
40000	24.55	14125
40000	24.6	14132
40000	24.65	14261
40000	24.7	14056
40000	24.75	14051
40000	24.8	14024
40000	24.85	13784
40000	24.9	13865
40000	24.95	13764
40000	25	13905
40000	25.05	13795
40000	25.1	13597
40000	25.15	13917
40000	25.2	13622
40000	25.25	13608
40000	25.3	13506
40000	25.35	13291
40000	25.4	13336
40000	25.45	13394
40000	25.5	13073
40000	25.55	13217
40000	25.6	12873
40000	25.65	13078
40000	25.7	12847
40000	25.75	13082
40000	25.8	13177
40000	25.85	13048
40000	25.9	13063
40000	25.95	13188
40000	26	12914
40000	26.05	13428
40000	26.1	13490
40000	26.15	13541
40000	26.2	13652
40000	26.25	13776
40000	26.3	13752
40000	26.35	13785
40000	26.4	14205
40000	26.45	14014
40000	26.5	14430
40000	26.55	14609
40000	26.6	14848
40000	26.65	15149
40000	26.7	15556
40000	26.75	15854
40000	26.8	16174
40000	26.85	16278
40000	26.9	16996
40000	26.95	17311
40000	27	18303
40000	27.05	18218
40000	27.1	19453
40000	27.15	19442
40000	27.2	20122
40000	27.25	20764
40000	27.3	21623
40000	27.35	22531
40000	27.4	23253
40000	27.45	24191
40000	27.5	24799
40000	27.55	25316
40000	27.6	26507
40000	27.65	27211
40000	27.7	28262
40000	27.75	29052
40000	27.8	29887
40000	27.85	30915
40000	27.9	31814
40000	27.95	32481
40000	28	32889
40000	28.05	33596
40000	28.1	34485
40000	28.15	34353
40000	28.2	34918
40000	28.25	35115
40000	28.3	35317
40000	28.35	35291
40000	28.4	35178
40000	28.45	34967
40000	28.5	34662
40000	28.55	34306
40000	28.6	34090
40000	28.65	33803
40000	28.7	33274
40000	28.75	32760
40000	28.8	31591
40000	28.85	31283
40000	28.9	30538
40000	28.95	29775
40000	29	28778
40000	29.05	28163
40000	29.1	27480
40000	29.15	26319
40000	29.2	25696
40000	29.25	25205
40000	29.3	24040
40000	29.35	23073
40000	29.4	22410
40000	29.45	21737
40000	29.5	21120
40000	29.55	20156
40000	29.6	19551
40000	29.65	18748
40000	29.7	18484
40000	29.75	17567
40000	29.8	17043
40000	29.85	16509
40000	29.9	16047
40000	29.95	15503
60000	0	15118
60000	0.05	14719
60000	0.1	14256
60000	0.15	13849
60000	0.2	13337
60000	0.25	12998
60000	0.3	12863
60000	0.35	12481
60000	0.4	11981
60000	0.45	11845
60000	0.5	11484
60000	0.55	11352
60000	0.6	11110
60000	0.65	10929
60000	0.7	10819
60000	0.75	10455
60000	0.8	10284
60000	0.85	10223
60000	0.9	10089
60000	0.95	9873
60000	1	9755
60000	1.05	9657
60000	1.1	9634
60000	1.15	9594
60000	1.2	9481
60000	1.25	9434
60000	1.3	9288
60000	1.35	9330
60000	1.4	9250
60000	1.45	9212
60000	1.5	9110
60000	1.55	9321
60000	1.6	9420
60000	1.65	9237
60000	1.7	9307
60000	1.75	9293
60000	1.8	9226
60000	1.85	9391
60000	1.9	9338
60000	1.95	9455
60000	2	9458
60000	2.05	9459
60000	2.1	9675
60000	2.15	9681
60000	2.2	9742
60000	2.25	9892
60000	2.3	9954
60000	2.35	10141
60000	2.4	9985
60000	2.45	10106
60000	2.5	10214
60000	2.55	10444
60000	2.6	10703
60000	2.65	10812
60000	2.7	10763
60000	2.75	10893
60000	2.8	11122
60000	2.85	11063
60000	2.9	11345
60000	2.95	11629
60000	3	11580
60000	3.05	11720
60000	3.1	11782
60000	3.15	12097
60000	3.2	12130
60000	3.25	12219
60000	3.3	12476
60000	3.35	12525
60000	3.4	12629
60000	3.45	12833
60000	3.5	13065
60000	3.55	13150
60000	3.6	13184
60000	3.65	13064
60000	3.7	13517
60000	3.75	13373
60000	3.8	13520
60000	3.85	13596
60000	3.9	13646
60000	3.95	13797
60000	4	13941
60000	4.05	14037
60000	4.1	13990
60000	4.15	14083
60000	4.2	14120
60000	4.25	14123
60000	4.3	14293
60000	4.35	14188
60000	4.4	14284
60000	4.45	14195
60000	4.5	14406
60000	4.55	14271
60000	4.6	14232
60000	4.65	14202
60000	4.7	14106
60000	4.75	14366
60000	4.8	13983
60000	4.85	14218
60000	4.9	14056
60000	4.95	13755
60000	5	13805
60000	5.05	13605
60000	5.1	13775
60000	5.15	13672
60000	5.2	13554
60000	5.25	13513
60000	5.3	13370
60000	5.35	13285
60000	5.4	13217
60000	5.45	13340
60000	5.5	13332
60000	5.55	13222
60000	5.6	12990
60000	5.65	13259
60000	5.7	13080
60000	5.75	13114
60000	5.8	12967
60000	5.85	13135
60000	5.9	12969
60000	5.95	13264
60000	6	13151
60000	6.05	13220
60000	6.1	13247
60000	6.15	13319
60000	6.2	13290
60000	6.25	13475
60000	6.3	14072
60000	6.35	13670
60000	6.4	14133
60000	6.45	14130
60000	6.5	14568
60000	6.55	14480
60000	6.6	14885
60000	6.65	15239
60000	6.7	15245
60000	6.75	15899
60000	6.8	16218
60000	6.85	16850
60000	6.9	16881
60000	6.95	17433
60000	7	18126
60000	7.05	18369
60000	7.1	18980
60000	7.15	19394
60000	7.2	20000
60000	7.25	20728
60000	7.3	21646
60000	7.35	22377
60000	7.4	22981
60000	7.45	23677
60000	7.5	24540
60000	7.55	25672
60000	7.6	26658
60000	7.65	27297
60000	7.7	28217
60000	7.75	28850
60000	7.8	30124
60000	7.85	30929
60000	7.9	31736
60000	7.95	32527
60000	8	33038
60000	8.05	33754
60000	8.1	34432
60000	8.15	34566
60000	8.2	34793
60000	8.25	34936
60000	8.3	35120
60000	8.35	35082
60000	8.4	34863
60000	8.45	34969
60000	8.5	34996
60000	8.55	34536
60000	8.6	34084
60000	8.65	33579
60000	8.7	33105
60000	8.75	32596
60000	8.8	31635
60000	8.85	31298
60000	8.9	30561
60000	8.95	29623
60000	9	28874
60000	9.05	27920
60000	9.1	27388
60000	9.15	26372
60000	9.2	25515
60000	9.25	25052
60000	9.3	24057
60000	9.35	23488
60000	9.4	22352
60000	9.45	21987
60000	9.5	21258
60000	9.55	20390
60000	9.6	19384
60000	9.65	18953
60000	9.7	18088
60000	9.75	17705
60000	9.8	17102
60000	9.85	16517
60000	9.9	15960
60000	9.95	15696
60000	10	15074
60000	10.05	14737
60000	10.1	14366
60000	10.15	13751
60000	10.2	13318
60000	10.25	13090
60000	10.3	12762
60000	10.35	12453
60000	10.4	12064
60000	10.45	11901
60000	10.5	11487
60000	10.55	11265
60000	10.6	10989
60000	10.65	10819
60000	10.7	10708
60000	10.75	10576
60000	10.8	10542
60000	10.85	10109
60000	10.9	10123
60000	10.95	10172
60000	11	9827
60000	11.05	9649
60000	11.1	9586
60000	11.15	9435
60000	11.2	9659
60000	11.25	9447
60000	11.3	9386
60000	11.35	9373
60000	11.4	9118
60000	11.45	9213
60000	11.5	9253
60000	11.55	9131
60000	11.6	9148
60000	11.65	9344
60000	11.7	9307
60000	11.75	9258
60000	11.8	9278
60000	11.85	9380
60000	11.9	9430
60000	11.95	9413
60000	12	9529
60000	12.05	9560
60000	12.1	9403
60000	12.15	9526
60000	12.2	9839
60000	12.25	9821
60000	12.3	9780
60000	12.35	9855
60000	12.4	10194
60000	12.45	10097
60000	12.5	10334
60000	12.55	10450
60000	12.6	10576
60000	12.65	10671
60000	12.7	10924
60000	12.75	11052
60000	12.8	10965
60000	12.85	11272
60000	12.9	11320
60000	12.95	11320
60000	13	11596
60000	13.05	11624
60000	13.1	11754
60000	13.15	11876
60000	13.2	12234
60000	13.25	12336
60000	13.3	12194
60000	13.35	12537
60000	13.4	12625
60000	13.45	12737
60000	13.5	12862
60000	13.55	13023
60000	13.6	13238
60000	13.65	13226
60000	13.7	13203
60000	13.75	13451
60000	13.8	13684
60000	13.85	13644
60000	13.9	13740
60000	13.95	13976
60000	14	14065
60000	14.05	14022
60000	14.1	14061
60000	14.15	14172
60000	14.2	14071
60000	14.25	14075
60000	14.3	14115
60000	14.35	14416
60000	14.4	14185
60000	14.45	14289
60000	14.5	14032
60000	14.55	14131
60000	14.6	14206
60000	14.65	14311
60000	14.7	14133
60000	14.75	14184
60000	14.8	14053
60000	14.85	13945
60000	14.9	13983
60000	14.95	13859
60000	15	13788
60000	15.05	13935
60000	15.1	13764
60000	15.15	13651
60000	15.2	13425
60000	15.25	13561
60000	15.3	13420
60000	15.35	13303
60000	15.4	13099
60000	15.45	13397
60000	15.5	13160
60000	15.55	13380
60000	15.6	13104
60000	15.65	13034
60000	15.7	12912
60000	15.75	13300
60000	15.8	12993
60000	15.85	12774
60000	15.9	12998
60000	15.95	13168
60000	16	13279
60000	16.05	13060
60000	16.1	13152
60000	16.15	13419
60000	16.2	13352
60000	16.25	13534
60000	16.3	13489
60000	16.35	13770
60000	16.4	13893
60000	16.45	14194
60000	16.5	14380
60000	16.55	14698
60000	16.6	14823
60000	16.65	15214
60000	16.7	15371
60000	16.75	15768
60000	16.8	16131
60000	16.85	16679
60000	16.9	16861
60000	16.95	17362
60000	17	17856
60000	17.05	18292
60000	17.1	18841
60000	17.15	19329
60000	17.2	19979
60000	17.25	21061
60000	17.3	21767
60000	17.35	22374
60000	17.4	23201
60000	17.45	24142
60000	17.5	24804
60000	17.55	25822
60000	17.6	26366
60000	17.65	27460
60000	17.7	28160
60000	17.75	29487
60000	17.8	30185
60000	17.85	30902
60000	17.9	31575
60000	17.95	32533
60000	18	32911
60000	18.05	33469
60000	18.1	34119
60000	18.15	34718
60000	18.2	35189
60000	18.25	34977
60000	18.3	35213
60000	18.35	35480
60000	18.4	35357
60000	18.45	35110
60000	18.5	34521
60000	18.55	34446
60000	18.6	34114
60000	18.65	33663
60000	18.7	33077
60000	18.75	31973
60000	18.8	31735
60000	18.85	31213
60000	18.9	30368
60000	18.95	29692
60000	19	28919
60000	19.05	28066
60000	19.1	27322
60000	19.15	26634
60000	19.2	25697
60000	19.25	25016
60000	19.3	24154
60000	19.35	23216
60000	19.4	22442
60000	19.45	21768
60000	19.5	21136
60000	19.55	20419
60000	19.6	19883
60000	19.65	19046
60000	19.7	18385
60000	19.75	17795
60000	19.8	17027
60000	19.85	16674
60000	19.9	16193
60000	19.95	15610
60000	20	15276
60000	20.05	14483
60000	20.1	14345
60000	20.15	13608
60000	20.2	13442
60000	20.25	12890
60000	20.3	12881
60000	20.35	12463
60000	20.4	11931
60000	20.45	11748
60000	20.5	11612
60000	20.55	11210
60000	20.6	11057
60000	20.65	10884
60000	20.7	10761
60000	20.75	10464
60000	20.8	10452
60000	20.85	10183
60000	20.9	10247
60000	20.95	9968
60000	21	9911
60000	21.05	9722
60000	21.1	9740
60000	21.15	9507
60000	21.2	9507
60000	21.25	9525
60000	21.3	9294
60000	21.35	9237
60000	21.4	9528
60000	21.45	9171
60000	21.5	9221
60000	21.55	9148
60000	21.6	9286
60000	21.65	9259
60000	21.7	9276
60000	21.75	9157
60000	21.8	9271
60000	21.85	9327
60000	21.9	9379
60000	21.95	9512
60000	22	9491
60000	22.05	9539
60000	22.1	9635
60000	22.15	9763
60000	22.2	9521
60000	22.25	9786
60000	22.3	9764
60000	22.35	10149
60000	22.4	10199
60000	22.45	10206
60000	22.5	10384
60000	22.55	10255
60000	22.6	10513
60000	22.65	10599
60000	22.7	10743
60000	22.75	10818
60000	22.8	11186
60000	22.85	11096
60000	22.9	11207
60000	22.95	11468
60000	23	11710
60000	23.05	11758
60000	23.1	11825
60000	23.15	12027
60000	23.2	11849
60000	23.25	12398
60000	23.3	12359
60000	23.35	12614
60000	23.4	12741
60000	23.45	12889
60000	23.5	12744
60000	23.55	13073
60000	23.6	13216
60000	23.65	13302
60000	23.7	13579
60000	23.75	13577
60000	23.8	13448
60000	23.85	13570
60000	23.9	14033
60000	23.95	13850
60000	24	13878
60000	24.05	14368
60000	24.1	14119
60000	24.15	14072
60000	24.2	14252
60000	24.25	14040
60000	24.3	14297
60000	24.35	14344
60000	24.4	14253
60000	24.45	14293
60000	24.5	14429
60000	24.55	14396
60000	24.6	14080
60000	24.65	14105
60000	24.7	14242
60000	24.75	14046
60000	24.8	14149
60000	24.85	14078
60000	24.9	14085
60000	24.95	14053
60000	25	13843
60000	25.05	13865
60000	25.1	13781
60000	25.15	13691
60000	25.2	13598
60000	25.25	13420
60000	25.3	13325
60000	25.35	13305
60000	25.4	13385
60000	25.45	13227
60000	25.5	13242
60000	25.55	13240
60000	25.6	13094
60000	25.65	13240
60000	25.7	13150
60000	25.75	13120
60000	25.8	12952
60000	25.85	13060
60000	25.9	13096
60000	25.95	13180
60000	26	13127
60000	26.05	13239
60000	26.1	13170
60000	26.15	13286
60000	26.2	13619
60000	26.25	13554
60000	26.3	13652
60000	26.35	14063
60000	26.4	14090
60000	26.45	14181
60000	26.5	14424
60000	26.55	14519
60000	26.6	14643
60000	26.65	15244
60000	26.7	15438
60000	26.75	15598
60000	26.8	16157
60000	26.85	16649
60000	26.9	16807
60000	26.95	17494
60000	27	17942
60000	27.05	18498
60000	27.1	18898
60000	27.15	19548
60000	27.2	20371
60000	27.25	21154
60000	27.3	21596
60000	27.35	22468
60000	27.4	23149
60000	27.45	23905
60000	27.5	24878
60000	27.55	25674
60000	27.6	26400
60000	27.65	27731
60000	27.7	28377
60000	27.75	28977
60000	27.8	30087
60000	27.85	30904
60000	27.9	31400
60000	27.95	32394
60000	28	32947
60000	28.05	33846
60000	28.1	34186
60000	28.15	34431
60000	28.2	34698
60000	28.25	35112
60000	28.3	35677
60000	28.35	35253
60000	28.4	35522
60000	28.45	34846
60000	28.5	34951
60000	28.55	34391
60000	28.6	34111
60000	28.65	33886
60000	28.7	32850
60000	28.75	32669
60000	28.8	31777
60000	28.85	31266
60000	28.9	30561
60000	28.95	29729
60000	29	28753
60000	29.05	28319
60000	29.1	27165
60000	29.15	26304
60000	29.2	25593
60000	29.25	25020
60000	29.3	23981
60000	29.35	23214
60000	29.4	22597
60000	29.45	21810
60000	29.5	21073
60000	29.55	20322
60000	29.6	19700
60000	29.65	18835
60000	29.7	18242
60000	29.75	17840
60000	29.8	17206
60000	29.85	16448
60000	29.9	16057
60000	29.95	15616
80000	0	14873
80000	0.05	14382
80000	0.1	14032
80000	0.15	13824
80000	0.2	13547
80000	0.25	13169
80000	0.3	12731
80000	0.35	12458
80000	0.4	12028
80000	0.45	11672
80000	0.5	11597
80000	0.55	11485
80000	0.6	10933
80000	0.65	10800
80000	0.7	10719
80000	0.75	10555
80000	0.8	10337
80000	0.85	10062
80000	0.9	10069
80000	0.95	9983
80000	1	9779
80000	1.05	9782
80000	1.1	9640
80000	1.15	9338
80000	1.2	9502
80000	1.25	9271
80000	1.3	9331
80000	1.35	9238
80000	1.4	9321
80000	1.45	9343
80000	1.5	9221
80000	1.55	9076
80000	1.6	8994
80000	1.65	9275
80000	1.7	9156
80000	1.75	9190
80000	1.8	9253
80000	1.85	9359
80000	1.9	9251
80000	1.95	9566
80000	2	9468
80000	2.05	9559
80000	2.1	9598
80000	2.15	9608
80000	2.2	9789
80000	2.25	9859
80000	2.3	9925
80000	2.35	9974
80000	2.4	10193
80000	2.45	10167
80000	2.5	10101
80000	2.55	10431
80000	2.6	10363
80000	2.65	10506
80000	2.7	10755
80000	2.75	10959
80000	2.8	11063
80000	2.85	11342
80000	2.9	11318
80000	2.95	11250
80000	3	11739
80000	3.05	11767
80000	3.1	11871
80000	3.15	11835
80000	3.2	12240
80000	3.25	12266
80000	3.3	12508
80000	3.35	12531
80000	3.4	12876
80000	3.45	12766
80000	3.5	12933
80000	3.55	13016
80000	3.6	13328
80000	3.65	13147
80000	3.7	13357
80000	3.75	13418
80000	3.8	13892
80000	3.85	13819
80000	3.9	14040
80000	3.95	13701
80000	4	14090
80000	4.05	14224
80000	4.1	14274
80000	4.15	14008
80000	4.2	14189
80000	4.25	14379
80000	4.3	14290
80000	4.35	14405
80000	4.4	14339
80000	4.45	14353
80000	4.5	14513
80000	4.55	14312
80000	4.6	14136
80000	4.65	14323
80000	4.7	14188
80000	4.75	14202
80000	4.8	13981
80000	4.85	14079
80000	4.9	13885
80000	4.95	14040
80000	5	13817
80000	5.05	14083
80000	5.1	13657
80000	5.15	13683
80000	5.2	13700
80000	5.25	13538
80000	5.3	13478
80000	5.35	13295
80000	5.4	13420
80000	5.45	13493
80000	5.5	13047
80000	5.55	13288
80000	5.6	13048
80000	5.65	13049
80000	5.7	13000
80000	5.75	13003
80000	5.8	12953
80000	5.85	13040
80000	5.9	13109
80000	5.95	13138
80000	6	13147
80000	6.05	13205
80000	6.1	13185
80000	6.15	13538
80000	6.2	13185
80000	6.25	13593
80000	6.3	13713
80000	6.35	13896
80000	6.4	13760
80000	6.45	14291
80000	6.5	14322
80000	6.55	14692
80000	6.6	15049
80000	6.65	15249
80000	6.7	15392
80000	6.75	15843
80000	6.8	16170
80000	6.85	16385
80000	6.9	17075
80000	6.95	17610
80000	7	17914
80000	7.05	18377
80000	7.1	18747
80000	7.15	19538
80000	7.2	20357
80000	7.25	20682
80000	7.3	21508
80000	7.35	22279
80000	7.4	23281
80000	7.45	23656
80000	7.5	24864
80000	7.55	25554
80000	7.6	26638
80000	7.65	27262
80000	7.7	28298
80000	7.75	29198
80000	7.8	30194
80000	7.85	31068
80000	7.9	31739
80000	7.95	32173
80000	8	33034
80000	8.05	33300
80000	8.1	34068
80000	8.15	34601
80000	8.2	34859
80000	8.25	35151
80000	8.3	35371
80000	8.35	35517
80000	8.4	35017
80000	8.45	34975
80000	8.5	34651
80000	8.55	34449
80000	8.6	34220
80000	8.65	33845
80000	8.7	33032
80000	8.75	32743
80000	8.8	31646
80000	8.85	31289
80000	8.9	30505
80000	8.95	29693
80000	9	28949
80000	9.05	28114
80000	9.1	27477
80000	9.15	26285
80000	9.2	25536
80000	9.25	24564
80000	9.3	24287
80000	9.35	23606
80000	9.4	22706
80000	9.45	21836
80000	9.5	21138
80000	9.55	20295
80000	9.6	19490
80000	9.65	18727
80000	9.7	18268
80000	9.75	17667
80000	9.8	17225
80000	9.85	16718
80000	9.9	15871
80000	9.95	15422
80000	10	15052
80000	10.05	14595
80000	10.1	14162
80000	10.15	13808
80000	10.2	13371
80000	10.25	13071
80000	10.3	12652
80000	10.35	12356
80000	10.4	12024
80000	10.45	11773
80000	10.5	11411
80000	10.55	11452
80000	10.6	11041
80000	10.65	10873
80000	10.7	10552
80000	10.75	10774
80000	10.8	10414
80000	10.85	10015
80000	10.9	9993
80000	10.95	9865
80000	11	9825
80000	11.05	9733
80000	11.1	9682
80000	11.15	9442
80000	11.2	9477
80000	11.25	9522
80000	11.3	9263
80000	11.35	9349
80000	11.4	9306
80000	11.45	9370
80000	11.5	9197
80000	11.55	9190
80000	11.6	9231
80000	11.65	9401
80000	11.7	9278
80000	11.75	9169
80000	11.8	9363
80000	11.85	9291
80000	11.9	9509
80000	11.95	9383
80000	12	9462
80000	12.05	9394
80000	12.1	9535
80000	12.15	9754
80000	12.2	9844
80000	12.25	9726
80000	12.3	9739
80000	12.35	10115
80000	12.4	10114
80000	12.45	10197
80000	12.5	10214
80000	12.55	10358
80000	12.6	10502
80000	12.65	10709
80000	12.7	10873
80000	12.75	10858
80000	12.8	10891
80000	12.85	11150
80000	12.9	11403
80000	12.95	11477
80000	13	11696
80000	13.05	11633
80000	13.1	12080
80000	13.15	11932
80000	13.2	12189
80000	13.25	12144
80000	13.3	12314
80000	13.35	12539
80000	13.4	12628
80000	13.45	12910
80000	13.5	13112
80000	13.55	13116
80000	13.6	13070
80000	13.65	13156
80000	13.7	13418
80000	13.75	13515
80000	13.8	13672
80000	13.85	13906
80000	13.9	13747
80000	13.95	13995
80000	14	13832
80000	14.05	14137
80000	14.1	14188
80000	14.15	14002
80000	14.2	14276
80000	14.25	14301
80000	14.3	14427
80000	14.35	14191
80000	14.4	14251
80000	14.45	14446
80000	14.5	14106
80000	14.55	14116
80000	14.6	14174
80000	14.65	14068
80000	14.7	14159
80000	14.75	14133
80000	14.8	14139
80000	14.85	14103
80000	14.9	13984
80000	14.95	13876
80000	15	14077
80000	15.05	13790
80000	15.1	13744
80000	15.15	13709
80000	15.2	13639
80000	15.25	13537
80000	15.3	13238
80000	15.35	13324
80000	15.4	13324
80000	15.45	13336
80000	15.5	13118
80000	15.55	13157
80000	15.6	13146
80000	15.65	13511
80000	15.7	12949
80000	15.75	13310
80000	15.8	12808
80000	15.85	13118
80000	15.9	13208
80000	15.95	13153
80000	16	13123
80000	16.05	13206
80000	16.1	13290
80000	16.15	13379
80000	16.2	13305
80000	16.25	13659
80000	16.3	13752
80000	16.35	13703
80000	16.4	13793
80000	16.45	14174
80000	16.5	14304
80000	16.55	14688
80000	16.6	14816
80000	16.65	15344
80000	16.7	15321
80000	16.75	15953
80000	16.8	15966
80000	16.85	16496
80000	16.9	16972
80000	16.95	17546
80000	17	18022
80000	17.05	18302
80000	17.1	19088
80000	17.15	19697
80000	17.2	20424
80000	17.25	20991
80000	17.3	21433
80000	17.35	22474
80000	17.4	23351
80000	17.45	23704
80000	17.5	24807
80000	17.55	25577
80000	17.6	26567
80000	17.65	27286
80000	17.7	28100
80000	17.75	29126
80000	17.8	30015
80000	17.85	30963
80000	17.9	31436
80000	17.95	32185
80000	18	33031
80000	18.05	33887
80000	18.1	34127
80000	18.15	34766
80000	18.2	34548
80000	18.25	35185
80000	18.3	35321
80000	18.35	35192
80000	18.4	34897
80000	18.45	34954
80000	18.5	34944
80000	18.55	34869
80000	18.6	34012
80000	18.65	33739
80000	18.7	33081
80000	18.75	32355
80000	18.8	32086
80000	18.85	31370
80000	18.9	30504
80000	18.95	29730
80000	19	28897
80000	19.05	28004
80000	19.1	27284
80000	19.15	26416
80000	19.2	25580
80000	19.25	24842
80000	19.3	23957
80000	19.35	23153
80000	19.4	22806
80000	19.45	21886
80000	19.5	20970
80000	19.55	20147
80000	19.6	19744
80000	19.65	18940
80000	19.7	18344
80000	19.75	17678
80000	19.8	17300
80000	19.85	16763
80000	19.9	15948
80000	19.95	15729
80000	20	14929
80000	20.05	14760
80000	20.1	14152
80000	20.15	13511
80000	20.2	13164
80000	20.25	12973
80000	20.3	12871
80000	20.35	12265
80000	20.4	12114
80000	20.45	11722
80000	20.5	11684
80000	20.55	11109
80000	20.6	11203
80000	20.65	10847
80000	20.7	10660
80000	20.75	10658
80000	20.8	10384
80000	20.85	10057
80000	20.9	10120
80000	20.95	9825
80000	21	9928
80000	21.05	9648
80000	21.1	9586
80000	21.15	9691
80000	21.2	9444
80000	21.25	9496
80000	21.3	9323
80000	21.35	9281
80000	21.4	9261
80000	21.45	9154
80000	21.5	9282
80000	21.55	9041
80000	21.6	9174
80000	21.65	9281
80000	21.7	9387
80000	21.75	9295
80000	21.8	9083
80000	21.85	9378
80000	21.9	9214
80000	21.95	9376
80000	22	9432
80000	22.05	9452
80000	22.1	9773
80000	22.15	9694
80000	22.2	9719
80000	22.25	9779
80000	22.3	9808
80000	22.35	10008
80000	22.4	10141
80000	22.45	9897
80000	22.5	10325
80000	22.55	10524
80000	22.6	10503
80000	22.65	10602
80000	22.7	11037
80000	22.75	10995
80000	22.8	10953
80000	22.85	11428
80000	22.9	11459
80000	22.95	11254
80000	23	11527
80000	23.05	11785
80000	23.1	11888
80000	23.15	12001
80000	23.2	11848
80000	23.25	12273
80000	23.3	12439
80000	23.35	12669
80000	23.4	12895
80000	23.45	12820
80000	23.5	12872
80000	23.55	13003
80000	23.6	13276
80000	23.65	13181
80000	23.7	13360
80000	23.75	13571
80000	23.8	13680
80000	23.85	13585
80000	23.9	13676
80000	23.95	13816
80000	24	14099
80000	24.05	14080
80000	24.1	14010
80000	24.15	14062
80000	24.2	14136
80000	24.25	14104
80000	24.3	14312
80000	24.35	14149
80000	24.4	14440
80000	24.45	14199
80000	24.5	14599
80000	24.55	14253
80000	24.6	14365
80000	24.65	14161
80000	24.7	13908
80000	24.75	14207
80000	24.8	14266
80000	24.85	13904
80000	24.9	14016
80000	24.95	14161
80000	25	13736
80000	25.05	13580
80000	25.1	13534
80000	25.15	13513
80000	25.2	13687
80000	25.25	13580
80000	25.3	13442
80000	25.35	13243
80000	25.4	13461
80000	25.45	13424
80000	25.5	13301
80000	25.55	13423
80000	25.6	13281
80000	25.65	12964
80000	25.7	12967
80000	25.75	13109
80000	25.8	12899
80000	25.85	12963
80000	25.9	13288
80000	25.95	13071
80000	26	12971
80000	26.05	13092
80000	26.1	13282
80000	26.15	13058
80000	26.2	13580
80000	26.25	13524
80000	26.3	13745
80000	26.35	13880
80000	26.4	14088
80000	26.45	14152
80000	26.5	14223
80000	26.55	14747
80000	26.6	14789
80000	26.65	15189
80000	26.7	15275
80000	26.75	16000
80000	26.8	16457
80000	26.85	16617
80000	26.9	16792
80000	26.95	17274
80000	27	17738
80000	27.05	18533
80000	27.1	19081
80000	27.15	19661
80000	27.2	20201
80000	27.25	20859
80000	27.3	21541
80000	27.35	22520
80000	27.4	23205
80000	27.45	23538
80000	27.5	24730
80000	27.55	25601
80000	27.6	26575
80000	27.65	27559
80000	27.7	28378
80000	27.75	29287
80000	27.8	30002
80000	27.85	30682
80000	27.9	31721
80000	27.95	32366
80000	28	32933
80000	28.05	33503
80000	28.1	33883
80000	28.15	34849
80000	28.2	34911
80000	28.25	34990
80000	28.3	35330
80000	28.35	35329
80000	28.4	35143
80000	28.45	35004
80000	28.5	34774
80000	28.55	34542
80000	28.6	34188
80000	28.65	33423
80000	28.7	32951
80000	28.75	32350
80000	28.8	31814
80000	28.85	31211
80000	28.9	30726
80000	28.95	29828
80000	29	28891
80000	29.05	27908
80000	29.1	27304
80000	29.15	26297
80000	29.2	25987
80000	29.25	24763
80000	29.3	24126
80000	29.35	23516
80000	29.4	22421
80000	29.45	21834
80000	29.5	21150
80000	29.55	20326
80000	29.6	19527
80000	29.65	19003
80000	29.7	18463
80000	29.75	17753
80000	29.8	17087
80000	29.85	16570
80000	29.9	16233
80000	29.95	15476
100000	0	14967
100000	0.05	14538
100000	0.1	14131
100000	0.15	13729
100000	0.2	13490
100000	0.25	12882
100000	0.3	12480
100000	0.35	12266
100000	0.4	12076
100000	0.45	11759
100000	0.5	11556
100000	0.55	11316
100000	0.6	10984
100000	0.65	10672
100000	0.7	10867
100000	0.75	10538
100000	0.8	10393
100000	0.85	10256
100000	0.9	10061
100000	0.95	9839
100000	1	9945
100000	1.05	9530
100000	1.1	9712
100000	1.15	9669
100000	1.2	9275
100000	1.25	9410
100000	1.3	9354
100000	1.35	9153
100000	1.4	9136
100000	1.45	9281
100000	1.5	9221
100000	1.55	9202
100000	1.6	9026
100000	1.65	9173
100000	1.7	9103
100000	1.75	9213
100000	1.8	9400
100000	1.85	9132
100000	1.9	9286
100000	1.95	9449
100000	2	9526
100000	2.05	9522
100000	2.1	9532
100000	2.15	9690
100000	2.2	9717
100000	2.25	9776
100000	2.3	9902
100000	2.35	9855
100000	2.4	10089
100000	2.45	10250
100000	2.5	10279
100000	2.55	10522
100000	2.6	10484
100000	2.65	10669
100000	2.7	10683
100000	2.75	11208
100000	2.8	11059
100000	2.85	11034
100000	2.9	11192
100000	2.95	11432
100000	3	11423
100000	3.05	11889
100000	3.1	11848
100000	3.15	11993
100000	3.2	12043
100000	3.25	12248
100000	3.3	12462
100000	3.35	12611
100000	3.4	12746
100000	3.45	12807
100000	3.5	12972
100000	3.55	13029
100000	3.6	13220
100000	3.65	13443
100000	3.7	13554
100000	3.75	13831
100000	3.8	13484
100000	3.85	13739
100000	3.9	13930
100000	3.95	13904
100000	4	13905
100000	4.05	13947
100000	4.1	14096
100000	4.15	13989
100000	4.2	14178
100000	4.25	14372
100000	4.3	14233
100000	4.35	14056
100000	4.4	14358
100000	4.45	14466
100000	4.5	14436
100000	4.55	14150
100000	4.6	14182
100000	4.65	14092
100000	4.7	14198
100000	4.75	14150
100000	4.8	14275
100000	4.85	13931
100000	4.9	13882
100000	4.95	13877
100000	5	13927
100000	5.05	13719
100000	5.1	13596
100000	5.15	13415
100000	5.2	13487
100000	5.25	13533
100000	5.3	13458
100000	5.35	13477
100000	5.4	13246
100000	5.45	13249
100000	5.5	13035
100000	5.55	13144
100000	5.6	13147
100000	5.65	13098
100000	5.7	13168
100000	5.75	13044
100000	5.8	13045
100000	5.85	12911
100000	5.9	13166
100000	5.95	13007
100000	6	12778
100000	6.05	13228
100000	6.1	13444
100000	6.15	13398
100000	6.2	13497
100000	6.25	13503
100000	6.3	13523
100000	6.35	13624
100000	6.4	14102
100000	6.45	14343
100000	6.5	14507
100000	6.55	14631
100000	6.6	14938
100000	6.65	15217
100000	6.7	15482
100000	6.75	15916
100000	6.8	16164
100000	6.85	16459
100000	6.9	16971
100000	6.95	17363
100000	7	18000
100000	7.05	18719
100000	7.1	18933
100000	7.15	19684
100000	7.2	20334
100000	7.25	20785
100000	7.3	21799
100000	7.35	22341
100000	7.4	23135
100000	7.45	23853
100000	7.5	25036
100000	7.55	25974
100000	7.6	26509
100000	7.65	27478
100000	7.7	27971
100000	7.75	29174
100000	7.8	29552
100000	7.85	30742
100000	7.9	31763
100000	7.95	32613
100000	8	33107
100000	8.05	33856
100000	8.1	33973
100000	8.15	34638
100000	8.2	34728
100000	8.25	35166
100000	8.3	35428
100000	8.35	35386
100000	8.4	35029
100000	8.45	35189
100000	8.5	34869
100000	8.55	34360
100000	8.6	34149
100000	8.65	33709
100000	8.7	33084
100000	8.75	32507
100000	8.8	31715
100000	8.85	31344
100000	8.9	30735
100000	8.95	29691
100000	9	28819
100000	9.05	28323
100000	9.1	27600
100000	9.15	26460
100000	9.2	25672
100000	9.25	24979
100000	9.3	24133
100000	9.35	23090
100000	9.4	22429
100000	9.45	21845
100000	9.5	21036
100000	9.55	20169
100000	9.6	19451
100000	9.65	18753
100000	9.7	18207
100000	9.75	17905
100000	9.8	17068
100000	9.85	16295
100000	9.9	16005
100000	9.95	15558
100000	10	15253
100000	10.05	14638
100000	10.1	14149
100000	10.15	13559
100000	10.2	13220
100000	10.25	13031
100000	10.3	12528
100000	10.35	12469
100000	10.4	12091
100000	10.45	11845
100000	10.5	11684
100000	10.55	11310
100000	10.6	11092
100000	10.65	11103
100000	10.7	10653
100000	10.75	10530
100000	10.8	10282
100000	10.85	10186
100000	10.9	10092
100000	10.95	9899
100000	11	10017
100000	11.05	9606
100000	11.1	9516
100000	11.15	9532
100000	11.2	9452
100000	11.25	9445
100000	11.3	9292
100000	11.35	9241
100000	11.4	9340
100000	11.45	9151
100000	11.5	9172
100000	11.55	9263
100000	11.6	9411
100000	11.65	9030
100000	11.7	9061
100000	11.75	9224
100000	11.8	9208
100000	11.85	9390
100000	11.9	9459
100000	11.95	9633
100000	12	9515
100000	12.05	9457
100000	12.1	9527
100000	12.15	9706
100000	12.2	9742
100000	12.25	9670
100000	12.3	9857
100000	12.35	9998
100000	12.4	10128
100000	12.45	10285
100000	12.5	10282
100000	12.55	10666
100000	12.6	10460
100000	12.65	10573
100000	12.7	10689
100000	12.75	10909
100000	12.8	11063
100000	12.85	11178
100000	12.9	11349
100000	12.95	11631
100000	13	11573
100000	13.05	11914
100000	13.1	11875
100000	13.15	12062
100000	13.2	12200
100000	13.25	12214
100000	13.3	12356
100000	13.35	12574
100000	13.4	12797
100000	13.45	12843
100000	13.5	13113
100000	13.55	13033
100000	13.6	13042
100000	13.65	13290
100000	13.7	13448
100000	13.75	13440
100000	13.8	13804
100000	13.85	13745
100000	13.9	13816
100000	13.95	13796
100000	14	13937
100000	14.05	13971
100000	14.1	13901
100000	14.15	14037
100000	14.2	14133
100000	14.25	14046
100000	14.3	14216
100000	14.35	14172
100000	14.4	14217
100000	14.45	14298
100000	14.5	14190
100000	14.55	14180
100000	14.6	14375
100000	14.65	14210
100000	14.7	14187
100000	14.75	14050
100000	14.8	14095
100000	14.85	14201
100000	14.9	13896
100000	14.95	14000
100000	15	13928
100000	15.05	13502
100000	15.1	13507
100000	15.15	13733
100000	15.2	13575
100000	15.25	13506
100000	15.3	13370
100000	15.35	13257
100000	15.4	13295
100000	15.45	13303
100000	15.5	13114
100000	15.55	13156
100000	15.6	13216
100000	15.65	13064
100000	15.7	13172
100000	15.75	12936
100000	15.8	12981
100000	15.85	12994
100000	15.9	12918
100000	15.95	13046
100000	16	13242
100000	16.05	13370
100000	16.1	13222
100000	16.15	13374
100000	16.2	13400
100000	16.25	13598
100000	16.3	13585
100000	16.35	13671
100000	16.4	14194
100000	16.45	14174
100000	16.5	14293
100000	16.55	14615
100000	16.6	14961
100000	16.65	15208
100000	16.7	15464
100000	16.75	15912
100000	16.8	16297
100000	16.85	16510
100000	16.9	16938
100000	16.95	17465
100000	17	17919
100000	17.05	18751
100000	17.1	18828
100000	17.15	19663
100000	17.2	20115
100000	17.25	21069
100000	17.3	21570
100000	17.35	22419
100000	17.4	23012
100000	17.45	23964
100000	17.5	24783
100000	17.55	25493
100000	17.6	26525
100000	17.65	27590
100000	17.7	28504
100000	17.75	29154
100000	17.8	29811
100000	17.85	31038
100000	17.9	31388
100000	17.95	32399
100000	18	33151
100000	18.05	33259
100000	18.1	34404
100000	18.15	34256
100000	18.2	34531
100000	18.25	35116
100000	18.3	35568
100000	18.35	35384
100000	18.4	35074
100000	18.45	35016
100000	18.5	34935
100000	18.55	34539
100000	18.6	34051
100000	18.65	33635
100000	18.7	33331
100000	18.75	32413
100000	18.8	32254
100000	18.85	31368
100000	18.9	30507
100000	18.95	29923
100000	19	28994
100000	19.05	28170
100000	19.1	27211
100000	19.15	26709
100000	19.2	26051
100000	19.25	24868
100000	19.3	24003
100000	19.35	23314
100000	19.4	22485
100000	19.45	21597
100000	19.5	21076
100000	19.55	20438
100000	19.6	19626
100000	19.65	18988
100000	19.7	18128
100000	19.75	18066
100000	19.8	17112
100000	19.85	16474
100000	19.9	15950
100000	19.95	15560
100000	20	14969
100000	20.05	14440
100000	20.1	14050
100000	20.15	13794
100000	20.2	13306
100000	20.25	12946
100000	20.3	12791
100000	20.35	12333
100000	20.4	11889
100000	20.45	11812
100000	20.5	11648
100000	20.55	11420
100000	20.6	10963
100000	20.65	10917
100000	20.7	10632
100000	20.75	10701
100000	20.8	10251
100000	20.85	10310
100000	20.9	10256
100000	20.95	9870
100000	21	9782
100000	21.05	9694
100000	21.1	9815
100000	21.15	9484
100000	21.2	9498
100000	21.25	9498
100000	21.3	9508
100000	21.35	9332
100000	21.4	9328
100000	21.45	9288
100000	21.5	9171
100000	21.55	9089
100000	21.6	9239
100000	21.65	9112
100000	21.7	9133
100000	21.75	9233
100000	21.8	9245
100000	21.85	9404
100000	21.9	9485
100000	21.95	9477
100000	22	9492
100000	22.05	9673
100000	22.1	9509
100000	22.15	9737
100000	22.2	9676
100000	22.25	9830
100000	22.3	9841
100000	22.35	9826
100000	22.4	10113
100000	22.45	10287
100000	22.5	10324
100000	22.55	10365
100000	22.6	10686
100000	22.65	10589
100000	22.7	10799
100000	22.75	10950
100000	22.8	11031
100000	22.85	11170
100000	22.9	11301
100000	22.95	11314
100000	23	11716
100000	23.05	11905
100000	23.1	11756
100000	23.15	11953
100000	23.2	12261
100000	23.25	12167
100000	23.3	12416
100000	23.35	12536
100000	23.4	12667
100000	23.45	12928
100000	23.5	12984
100000	23.55	13216
100000	23.6	13365
100000	23.65	13286
100000	23.7	13440
100000	23.75	13572
100000	23.8	13643
100000	23.85	13565
100000	23.9	13726
100000	23.95	13986
100000	24	13926
100000	24.05	14194
100000	24.1	14071
100000	24.15	14113
100000	24.2	14429
100000	24.25	14256
100000	24.3	14235
100000	24.35	14182
100000	24.4	14202
100000	24.45	13959
100000	24.5	14207
100000	24.55	14330
100000	24.6	14283
100000	24.65	14160
100000	24.7	14192
100000	24.75	14225
100000	24.8	14095
100000	24.85	13999
100000	24.9	14220
100000	24.95	13838
100000	25	13816
100000	25.05	13808
100000	25.1	13783
100000	25.15	13690
100000	25.2	13498
100000	25.25	13568
100000	25.3	13536
100000	25.35	13364
100000	25.4	13264
100000	25.45	13266
100000	25.5	13121
100000	25.55	13235
100000	25.6	13251
100000	25.65	13147
100000	25.7	13283
100000	25.75	12990
100000	25.8	13019
100000	25.85	13106
100000	25.9	12760
100000	25.95	13205
100000	26	13331
100000	26.05	13247
100000	26.1	13456
100000	26.15	13544
100000	26.2	13560
100000	26.25	13430
100000	26.3	13635
100000	26.35	13888
100000	26.4	14012
100000	26.45	14228
100000	26.5	14256
100000	26.55	14752
100000	26.6	15074
100000	26.65	15142
100000	26.7	15565
100000	26.75	15731
100000	26.8	16138
100000	26.85	16556
100000	26.9	16879
100000	26.95	17416
100000	27	17758
100000	27.05	18395
100000	27.1	18957
100000	27.15	19644
100000	27.2	20169
100000	27.25	20863
100000	27.3	21491
100000	27.35	22460
100000	27.4	23009
100000	27.45	24115
100000	27.5	24963
100000	27.55	25783
100000	27.6	26500
100000	27.65	27490
100000	27.7	28207
100000	27.75	29292
100000	27.8	29695
100000	27.85	30861
100000	27.9	31681
100000	27.95	32332
100000	28	33146
100000	28.05	34135
100000	28.1	33944
100000	28.15	34267
100000	28.2	34692
100000	28.25	35161
100000	28.3	35404
100000	28.35	34963
100000	28.4	35081
100000	28.45	34973
100000	28.5	34718
100000	28.55	34419
100000	28.6	33922
100000	28.65	33459
100000	28.7	33292
100000	28.75	32661
100000	28.8	31657
100000	28.85	31340
100000	28.9	30518
100000	28.95	29605
100000	29	28849
100000	29.05	27999
100000	29.1	27258
100000	29.15	26568
100000	29.2	25902
100000	29.25	24782
100000	29.3	24295
100000	29.35	23151
100000	29.4	22639
100000	29.45	21605
100000	29.5	21103
100000	29.55	20302
100000	29.6	19581
100000	29.65	18942
100000	29.7	18425
100000	29.75	17628
100000	29.8	17068
100000	29.85	16604
100000	29.9	15959
100000	29.95	15698
