20000	0	3877
20000	0.05	3197
20000	0.1	2698
20000	0.15	2224
20000	0.2	1900
20000	0.25	1671
20000	0.3	1390
20000	0.35	1163
20000	0.4	1005
20000	0.45	920
20000	0.5	864
20000	0.55	759
20000	0.6	613
20000	0.65	480
20000	0.7	444
20000	0.75	362
20000	0.8	306
20000	0.85	319
20000	0.9	291
20000	0.95	220
20000	1	166
20000	1.05	131
20000	1.1	79
20000	1.15	105
20000	1.2	82
20000	1.25	38
20000	1.3	-19
20000	1.35	44
20000	1.4	-69
20000	1.45	-136
20000	1.5	-142
20000	1.55	-103
20000	1.6	-108
20000	1.65	-126
20000	1.7	-287
20000	1.75	-216
20000	1.8	-273
20000	1.85	-291
20000	1.9	-315
20000	1.95	-396
20000	2	-390
20000	2.05	-405
20000	2.1	-419
20000	2.15	-504
20000	2.2	-615
20000	2.25	-711
20000	2.3	-725
20000	2.35	-695
20000	2.4	-841
20000	2.45	-858
20000	2.5	-857
20000	2.55	-878
20000	2.6	-1035
20000	2.65	-1042
20000	2.7	-1206
20000	2.75	-1112
20000	2.8	-1185
20000	2.85	-1149
20000	2.9	-1211
20000	2.95	-1255
20000	3	-1423
20000	3.05	-1228
20000	3.1	-1153
20000	3.15	-1097
20000	3.2	-1159
20000	3.25	-1112
20000	3.3	-1034
20000	3.35	-909
20000	3.4	-703
20000	3.45	-675
20000	3.5	-737
20000	3.55	-392
20000	3.6	-296
20000	3.65	-122
20000	3.7	-33
20000	3.75	58
20000	3.8	343
20000	3.85	490
20000	3.9	609
20000	3.95	703
20000	4	1024
20000	4.05	1093
20000	4.1	1278
20000	4.15	1377
20000	4.2	1455
20000	4.25	1651
20000	4.3	1786
20000	4.35	1814
20000	4.4	1952
20000	4.45	1891
20000	4.5	2059
20000	4.55	2027
20000	4.6	2006
20000	4.65	1826
20000	4.7	1875
20000	4.75	1792
20000	4.8	1628
20000	4.85	1536
20000	4.9	1355
20000	4.95	1281
20000	5	1177
20000	5.05	1019
20000	5.1	917
20000	5.15	856
20000	5.2	665
20000	5.25	616
20000	5.3	541
20000	5.35	508
20000	5.4	416
20000	5.45	336
20000	5.5	353
20000	5.55	300
20000	5.6	257
20000	5.65	219
20000	5.7	202
20000	5.75	180
20000	5.8	130
20000	5.85	147
20000	5.9	141
20000	5.95	103
20000	6	86
20000	6.05	100
20000	6.1	65
20000	6.15	89
20000	6.2	77
20000	6.25	79
20000	6.3	60
20000	6.35	55
20000	6.4	63
20000	6.45	49
20000	6.5	45
20000	6.55	46
20000	6.6	46
20000	6.65	22
20000	6.7	30
20000	6.75	33
20000	6.8	35
20000	6.85	28
20000	6.9	37
20000	6.95	20
20000	7	5
20000	7.05	16
20000	7.1	24
20000	7.15	19
20000	7.2	12
20000	7.25	9
20000	7.3	14
20000	7.35	25
20000	7.4	12
20000	7.45	4
20000	7.5	14
20000	7.55	7
20000	7.6	12
20000	7.65	12
20000	7.7	21
20000	7.75	12
20000	7.8	11
20000	7.85	-8
20000	7.9	0
20000	7.95	-50
20000	8	-2062
20000	8.05	-19054
20000	8.1	-40952
20000	8.15	-59147
20000	8.2	-70235
20000	8.25	-75730
20000	8.3	-75043
20000	8.35	-71371
20000	8.4	-65617
20000	8.45	-57193
20000	8.5	-47047
20000	8.55	-36858
20000	8.6	-25625
20000	8.65	-15277
20000	8.7	-4586
20000	8.75	5295
20000	8.8	13700
20000	8.85	21999
20000	8.9	29615
20000	8.95	34152
20000	9	39056
20000	9.05	42285
20000	9.1	44196
20000	9.15	44560
20000	9.2	44216
20000	9.25	42486
20000	9.3	39782
20000	9.35	36097
20000	9.4	32425
20000	9.45	28852
20000	9.5	24567
20000	9.55	20942
20000	9.6	17740
20000	9.65	14798
20000	9.7	12562
20000	9.75	10223
20000	9.8	8317
20000	9.85	6792
20000	9.9	5434
20000	9.95	4689
20000	10	3957
20000	10.05	3319
20000	10.1	2707
20000	10.15	2307
20000	10.2	1967
20000	10.25	1550
20000	10.3	1280
20000	10.35	1162
20000	10.4	1035
20000	10.45	936
20000	10.5	735
20000	10.55	628
20000	10.6	590
20000	10.65	537
20000	10.7	443
20000	10.75	390
20000	10.8	329
20000	10.85	279
20000	10.9	245
20000	10.95	207
20000	11	128
20000	11.05	174
20000	11.1	129
20000	11.15	71
20000	11.2	1
20000	11.25	30
20000	11.3	15
20000	11.35	15
20000	11.4	-75
20000	11.45	-47
20000	11.5	-94
20000	11.55	-128
20000	11.6	-161
20000	11.65	-154
20000	11.7	-196
20000	11.75	-247
20000	11.8	-272
20000	11.85	-309
20000	11.9	-277
20000	11.95	-403
20000	12	-453
20000	12.05	-384
20000	12.1	-500
20000	12.15	-541
20000	12.2	-599
20000	12.25	-626
20000	12.3	-657
20000	12.35	-704
20000	12.4	-744
20000	12.45	-890
20000	12.5	-905
20000	12.55	-856
20000	12.6	-977
20000	12.65	-1061
20000	12.7	-1114
20000	12.75	-1153
20000	12.8	-1142
20000	12.85	-1174
20000	12.9	-1159
20000	12.95	-1162
20000	13	-1093
20000	13.05	-1127
20000	13.1	-1114
20000	13.15	-1134
20000	13.2	-1088
20000	13.25	-1015
20000	13.3	-900
20000	13.35	-840
20000	13.4	-736
20000	13.45	-771
20000	13.5	-560
20000	13.55	-550
20000	13.6	-346
20000	13.65	-167
20000	13.7	-124
20000	13.75	228
20000	13.8	144
20000	13.85	464
20000	13.9	471
20000	13.95	755
20000	14	973
20000	14.05	1021
20000	14.1	1212
20000	14.15	1313
20000	14.2	1494
20000	14.25	1609
20000	14.3	1720
20000	14.35	1880
20000	14.4	1844
20000	14.45	2037
20000	14.5	1985
20000	14.55	1846
20000	14.6	2042
20000	14.65	1900
20000	14.7	1850
20000	14.75	1645
20000	14.8	1588
20000	14.85	1516
20000	14.9	1441
20000	14.95	1197
20000	15	1156
20000	15.05	1059
20000	15.1	903
20000	15.15	825
20000	15.2	716
20000	15.25	623
20000	15.3	537
20000	15.35	438
20000	15.4	452
20000	15.45	358
20000	15.5	341
20000	15.55	274
20000	15.6	219
20000	15.65	209
20000	15.7	197
20000	15.75	208
20000	15.8	155
20000	15.85	158
20000	15.9	83
20000	15.95	111
20000	16	92
20000	16.05	105
20000	16.1	77
20000	16.15	80
20000	16.2	82
20000	16.25	60
20000	16.3	41
20000	16.35	58
20000	16.4	54
20000	16.45	41
20000	16.5	36
20000	16.55	36
20000	16.6	45
20000	16.65	41
20000	16.7	57
20000	16.75	26
20000	16.8	20
20000	16.85	23
20000	16.9	30
20000	16.95	27
20000	17	21
20000	17.05	6
20000	17.1	26
20000	17.15	20
20000	17.2	18
20000	17.25	16
20000	17.3	10
20000	17.35	15
20000	17.4	10
20000	17.45	19
20000	17.5	24
20000	17.55	11
20000	17.6	15
20000	17.65	18
20000	17.7	-8
20000	17.75	-3
20000	17.8	17
20000	17.85	-17
20000	17.9	-5
20000	17.95	13
20000	18	-1963
20000	18.05	-19308
20000	18.1	-41531
20000	18.15	-59214
20000	18.2	-70847
20000	18.25	-75739
20000	18.3	-75942
20000	18.35	-72270
20000	18.4	-65531
20000	18.45	-57510
20000	18.5	-47115
20000	18.55	-36847
20000	18.6	-26479
20000	18.65	-15122
20000	18.7	-5097
20000	18.75	4808
20000	18.8	14271
20000	18.85	21528
20000	18.9	29419
20000	18.95	35009
20000	19	39647
20000	19.05	43172
20000	19.1	45071
20000	19.15	44596
20000	19.2	44366
20000	19.25	42814
20000	19.3	40128
20000	19.35	36376
20000	19.4	32899
20000	19.45	28774
20000	19.5	24746
20000	19.55	21194
20000	19.6	17982
20000	19.65	14724
20000	19.7	12544
20000	19.75	10029
20000	19.8	8294
20000	19.85	6848
20000	19.9	5710
20000	19.95	4707
20000	20	3817
20000	20.05	3216
20000	20.1	2841
20000	20.15	2318
20000	20.2	1966
20000	20.25	1654
20000	20.3	1468
20000	20.35	1129
20000	20.4	1042
20000	20.45	930
20000	20.5	767
20000	20.55	648
20000	20.6	496
20000	20.65	537
20000	20.7	514
20000	20.75	402
20000	20.8	332
20000	20.85	266
20000	20.9	250
20000	20.95	206
20000	21	216
20000	21.05	143
20000	21.1	124
20000	21.15	58
20000	21.2	63
20000	21.25	87
20000	21.3	80
20000	21.35	-4
20000	21.4	-59
20000	21.45	-51
20000	21.5	-104
20000	21.55	-101
20000	21.6	-179
20000	21.65	-151
20000	21.7	-221
20000	21.75	-255
20000	21.8	-239
20000	21.85	-260
20000	21.9	-291
20000	21.95	-447
20000	22	-403
20000	22.05	-503
20000	22.1	-562
20000	22.15	-541
20000	22.2	-565
20000	22.25	-678
20000	22.3	-639
20000	22.35	-805
20000	22.4	-794
20000	22.45	-838
20000	22.5	-953
20000	22.55	-926
20000	22.6	-1036
20000	22.65	-1007
20000	22.7	-1035
20000	22.75	-1241
20000	22.8	-1162
20000	22.85	-1231
20000	22.9	-1305
20000	22.95	-1176
20000	23	-1361
20000	23.05	-1230
20000	23.1	-1213
20000	23.15	-1159
20000	23.2	-1091
20000	23.25	-1164
20000	23.3	-1084
20000	23.35	-1009
20000	23.4	-818
20000	23.45	-648
20000	23.5	-523
20000	23.55	-540
20000	23.6	-373
20000	23.65	-192
20000	23.7	81
20000	23.75	170
20000	23.8	294
20000	23.85	399
20000	23.9	615
20000	23.95	825
20000	24	904
20000	24.05	1143
20000	24.1	1376
20000	24.15	1467
20000	24.2	1533
20000	24.25	1706
20000	24.3	1918
20000	24.35	1868
20000	24.4	1960
20000	24.45	2044
20000	24.5	2066
20000	24.55	1949
20000	24.6	1980
20000	24.65	1998
20000	24.7	1918
20000	24.75	1745
20000	24.8	1680
20000	24.85	1584
20000	24.9	1493
20000	24.95	1301
20000	25	1202
20000	25.05	1057
20000	25.1	903
20000	25.15	807
20000	25.2	724
20000	25.25	597
20000	25.3	583
20000	25.35	473
20000	25.4	423
20000	25.45	366
20000	25.5	363
20000	25.55	294
20000	25.6	253
20000	25.65	196
20000	25.7	190
20000	25.75	158
20000	25.8	170
20000	25.85	164
20000	25.9	120
20000	25.95	112
20000	26	114
20000	26.05	92
20000	26.1	80
20000	26.15	78
20000	26.2	57
20000	26.25	38
20000	26.3	55
20000	26.35	70
20000	26.4	35
20000	26.45	50
20000	26.5	29
20000	26.55	36
20000	26.6	52
20000	26.65	30
20000	26.7	53
20000	26.75	36
20000	26.8	36
20000	26.85	13
20000	26.9	24
20000	26.95	27
20000	27	25
20000	27.05	30
20000	27.1	20
20000	27.15	2
20000	27.2	15
20000	27.25	7
20000	27.3	16
20000	27.35	2
20000	27.4	-12
20000	27.45	15
20000	27.5	-2
20000	27.55	2
20000	27.6	10
20000	27.65	7
20000	27.7	8
20000	27.75	3
20000	27.8	17
20000	27.85	-4
20000	27.9	-7
20000	27.95	-18
20000	28	-2059
20000	28.05	-19089
20000	28.1	-41748
20000	28.15	-59675
20000	28.2	-71202
20000	28.25	-76999
20000	28.3	-76529
20000	28.35	-73463
20000	28.4	-66957
20000	28.45	-57775
20000	28.5	-47822
20000	28.55	-37356
20000	28.6	-26487
20000	28.65	-15459
20000	28.7	-5101
20000	28.75	5024
20000	28.8	14704
20000	28.85	22394
20000	28.9	29506
20000	28.95	35740
20000	29	39974
20000	29.05	44127
20000	29.1	45388
20000	29.15	45818
20000	29.2	45554
20000	29.25	43856
20000	29.3	40315
20000	29.35	37167
20000	29.4	33392
20000	29.45	29690
20000	29.5	25390
20000	29.55	21485
20000	29.6	18087
20000	29.65	15239
20000	29.7	12585
20000	29.75	10362
20000	29.8	8501
20000	29.85	6879
20000	29.9	5738
20000	29.95	4738
40000	0	4104
40000	0.05	3430
40000	0.1	2860
40000	0.15	2262
40000	0.2	1994
40000	0.25	1743
40000	0.3	1458
40000	0.35	1277
40000	0.4	1062
40000	0.45	914
40000	0.5	850
40000	0.55	764
40000	0.6	673
40000	0.65	543
40000	0.7	461
40000	0.75	471
40000	0.8	332
40000	0.85	351
40000	0.9	343
40000	0.95	229
40000	1	174
40000	1.05	149
40000	1.1	50
40000	1.15	126
40000	1.2	36
40000	1.25	9
40000	1.3	16
40000	1.35	-48
40000	1.4	-58
40000	1.45	-35
40000	1.5	-71
40000	1.55	-168
40000	1.6	-150
40000	1.65	-171
40000	1.7	-180
40000	1.75	-238
40000	1.8	-266
40000	1.85	-306
40000	1.9	-309
40000	1.95	-385
40000	2	-456
40000	2.05	-411
40000	2.1	-519
40000	2.15	-519
40000	2.2	-594
40000	2.25	-698
40000	2.3	-757
40000	2.35	-779
40000	2.4	-829
40000	2.45	-938
40000	2.5	-896
40000	2.55	-1098
40000	2.6	-1074
40000	2.65	-1004
40000	2.7	-1130
40000	2.75	-1184
40000	2.8	-1258
40000	2.85	-1212
40000	2.9	-1262
40000	2.95	-1267
40000	3	-1253
40000	3.05	-1353
40000	3.1	-1240
40000	3.15	-1249
40000	3.2	-1145
40000	3.25	-1138
40000	3.3	-1083
40000	3.35	-1058
40000	3.4	-761
40000	3.45	-643
40000	3.5	-557
40000	3.55	-430
40000	3.6	-375
40000	3.65	-186
40000	3.7	29
40000	3.75	120
40000	3.8	301
40000	3.85	347
40000	3.9	622
40000	3.95	900
40000	4	967
40000	4.05	1219
40000	4.1	1466
40000	4.15	1460
40000	4.2	1660
40000	4.25	1742
40000	4.3	1967
40000	4.35	1937
40000	4.4	1987
40000	4.45	2027
40000	4.5	2056
40000	4.55	2032
40000	4.6	2066
40000	4.65	2019
40000	4.7	2046
40000	4.75	1898
40000	4.8	1854
40000	4.85	1638
40000	4.9	1508
40000	4.95	1251
40000	5	1211
40000	5.05	1125
40000	5.1	1004
40000	5.15	907
40000	5.2	757
40000	5.25	667
40000	5.3	551
40000	5.35	513
40000	5.4	454
40000	5.45	388
40000	5.5	318
40000	5.55	296
40000	5.6	256
40000	5.65	255
40000	5.7	179
40000	5.75	168
40000	5.8	152
40000	5.85	146
40000	5.9	102
40000	5.95	113
40000	6	110
40000	6.05	108
40000	6.1	77
40000	6.15	81
40000	6.2	70
40000	6.25	62
40000	6.3	36
40000	6.35	75
40000	6.4	64
40000	6.45	61
40000	6.5	36
40000	6.55	44
40000	6.6	36
40000	6.65	24
40000	6.7	31
40000	6.75	18
40000	6.8	35
40000	6.85	37
40000	6.9	39
40000	6.95	15
40000	7	31
40000	7.05	22
40000	7.1	13
40000	7.15	13
40000	7.2	22
40000	7.25	18
40000	7.3	23
40000	7.35	29
40000	7.4	-1
40000	7.45	-3
40000	7.5	-1
40000	7.55	24
40000	7.6	12
40000	7.65	11
40000	7.7	4
40000	7.75	14
40000	7.8	9
40000	7.85	-4
40000	7.9	-26
40000	7.95	-28
40000	8	-1961
40000	8.05	-18959
40000	8.1	-41020
40000	8.15	-58524
40000	8.2	-70156
40000	8.25	-75216
40000	8.3	-76038
40000	8.35	-71384
40000	8.4	-65538
40000	8.45	-56484
40000	8.5	-47644
40000	8.55	-36594
40000	8.6	-26318
40000	8.65	-15209
40000	8.7	-4910
40000	8.75	4451
40000	8.8	13843
40000	8.85	22252
40000	8.9	29649
40000	8.95	35129
40000	9	39618
40000	9.05	42615
40000	9.1	44795
40000	9.15	44789
40000	9.2	44346
40000	9.25	42325
40000	9.3	39493
40000	9.35	36426
40000	9.4	32368
40000	9.45	29002
40000	9.5	24710
40000	9.55	21000
40000	9.6	17751
40000	9.65	14500
40000	9.7	12209
40000	9.75	10311
40000	9.8	8226
40000	9.85	6808
40000	9.9	5547
40000	9.95	4412
40000	10	3780
40000	10.05	3211
40000	10.1	2731
40000	10.15	2225
40000	10.2	1891
40000	10.25	1695
40000	10.3	1374
40000	10.35	1186
40000	10.4	981
40000	10.45	903
40000	10.5	746
40000	10.55	609
40000	10.6	592
40000	10.65	520
40000	10.7	466
40000	10.75	424
40000	10.8	333
40000	10.85	256
40000	10.9	242
40000	10.95	207
40000	11	169
40000	11.05	153
40000	11.1	113
40000	11.15	124
40000	11.2	83
40000	11.25	16
40000	11.3	-69
40000	11.35	-1
40000	11.4	-64
40000	11.45	-85
40000	11.5	-132
40000	11.55	-155
40000	11.6	-147
40000	11.65	-183
40000	11.7	-141
40000	11.75	-228
40000	11.8	-268
40000	11.85	-281
40000	11.9	-279
40000	11.95	-319
40000	12	-415
40000	12.05	-342
40000	12.1	-506
40000	12.15	-451
40000	12.2	-554
40000	12.25	-545
40000	12.3	-588
40000	12.35	-755
40000	12.4	-753
40000	12.45	-873
40000	12.5	-904
40000	12.55	-934
40000	12.6	-980
40000	12.65	-1044
40000	12.7	-1094
40000	12.75	-1123
40000	12.8	-1168
40000	12.85	-1189
40000	12.9	-1182
40000	12.95	-1245
40000	13	-1140
40000	13.05	-1152
40000	13.1	-1182
40000	13.15	-1143
40000	13.2	-1030
40000	13.25	-1081
40000	13.3	-912
40000	13.35	-879
40000	13.4	-861
40000	13.45	-685
40000	13.5	-531
40000	13.55	-481
40000	13.6	-149
40000	13.65	-17
40000	13.7	-107
40000	13.75	295
40000	13.8	221
40000	13.85	377
40000	13.9	551
40000	13.95	840
40000	14	869
40000	14.05	1047
40000	14.1	1241
40000	14.15	1236
40000	14.2	1441
40000	14.25	1654
40000	14.3	1701
40000	14.35	1874
40000	14.4	1866
40000	14.45	1973
40000	14.5	1901
40000	14.55	1935
40000	14.6	2012
40000	14.65	1925
40000	14.7	1829
40000	14.75	1635
40000	14.8	1609
40000	14.85	1436
40000	14.9	1428
40000	14.95	1259
40000	15	1161
40000	15.05	1011
40000	15.1	934
40000	15.15	768
40000	15.2	643
40000	15.25	642
40000	15.3	539
40000	15.35	493
40000	15.4	423
40000	15.45	361
40000	15.5	276
40000	15.55	315
40000	15.6	258
40000	15.65	220
40000	15.7	183
40000	15.75	179
40000	15.8	135
40000	15.85	142
40000	15.9	132
40000	15.95	110
40000	16	112
40000	16.05	94
40000	16.1	74
40000	16.15	60
40000	16.2	81
40000	16.25	46
40000	16.3	52
40000	16.35	59
40000	16.4	30
40000	16.45	52
40000	16.5	46
40000	16.55	28
40000	16.6	32
40000	16.65	31
40000	16.7	19
40000	16.75	30
40000	16.8	39
40000	16.85	45
40000	16.9	16
40000	16.95	21
40000	17	7
40000	17.05	21
40000	17.1	20
40000	17.15	12
40000	17.2	5
40000	17.25	14
40000	17.3	17
40000	17.35	0
40000	17.4	3
40000	17.45	-6
40000	17.5	11
40000	17.55	24
40000	17.6	10
40000	17.65	23
40000	17.7	17
40000	17.75	8
40000	17.8	16
40000	17.85	-2
40000	17.9	-7
40000	17.95	-7
40000	18	-1952
40000	18.05	-18595
40000	18.1	-40317
40000	18.15	-57302
40000	18.2	-68577
40000	18.25	-73696
40000	18.3	-73537
40000	18.35	-69988
40000	18.4	-64096
40000	18.45	-55701
40000	18.5	-46014
40000	18.55	-36513
40000	18.6	-25333
40000	18.65	-15763
40000	18.7	-4897
40000	18.75	5092
40000	18.8	13509
40000	18.85	21767
40000	18.9	28834
40000	18.95	34343
40000	19	38924
40000	19.05	41284
40000	19.1	43345
40000	19.15	43975
40000	19.2	43108
40000	19.25	41547
40000	19.3	38788
40000	19.35	35412
40000	19.4	31771
40000	19.45	27819
40000	19.5	24036
40000	19.55	20935
40000	19.6	17462
40000	19.65	14496
40000	19.7	11991
40000	19.75	9883
40000	19.8	8084
40000	19.85	6557
40000	19.9	5520
40000	19.95	4471
40000	20	3689
40000	20.05	3252
40000	20.1	2663
40000	20.15	2199
40000	20.2	1933
40000	20.25	1613
40000	20.3	1325
40000	20.35	1164
40000	20.4	1054
40000	20.45	883
40000	20.5	703
40000	20.55	707
40000	20.6	540
40000	20.65	501
40000	20.7	404
40000	20.75	393
40000	20.8	288
40000	20.85	194
40000	20.9	245
40000	20.95	204
40000	21	158
40000	21.05	168
40000	21.1	137
40000	21.15	29
40000	21.2	96
40000	21.25	54
40000	21.3	-63
40000	21.35	-31
40000	21.4	-55
40000	21.45	-61
40000	21.5	-95
40000	21.55	-149
40000	21.6	-168
40000	21.65	-135
40000	21.7	-234
40000	21.75	-236
40000	21.8	-329
40000	21.85	-247
40000	21.9	-393
40000	21.95	-329
40000	22	-374
40000	22.05	-447
40000	22.1	-534
40000	22.15	-504
40000	22.2	-564
40000	22.25	-617
40000	22.3	-615
40000	22.35	-673
40000	22.4	-830
40000	22.45	-860
40000	22.5	-948
40000	22.55	-914
40000	22.6	-1016
40000	22.65	-998
40000	22.7	-1121
40000	22.75	-1179
40000	22.8	-1130
40000	22.85	-1246
40000	22.9	-1220
40000	22.95	-1204
40000	23	-1201
40000	23.05	-1157
40000	23.1	-1140
40000	23.15	-1137
40000	23.2	-1225
40000	23.25	-994
40000	23.3	-890
40000	23.35	-857
40000	23.4	-845
40000	23.45	-664
40000	23.5	-585
40000	23.55	-516
40000	23.6	-235
40000	23.65	-171
40000	23.7	-85
40000	23.75	150
40000	23.8	227
40000	23.85	493
40000	23.9	755
40000	23.95	634
40000	24	957
40000	24.05	1052
40000	24.1	1201
40000	24.15	1344
40000	24.2	1503
40000	24.25	1708
40000	24.3	1729
40000	24.35	1909
40000	24.4	1822
40000	24.45	1901
40000	24.5	2054
40000	24.55	1929
40000	24.6	2005
40000	24.65	1875
40000	24.7	1865
40000	24.75	1741
40000	24.8	1688
40000	24.85	1532
40000	24.9	1456
40000	24.95	1188
40000	25	1100
40000	25.05	1002
40000	25.1	909
40000	25.15	796
40000	25.2	774
40000	25.25	649
40000	25.3	542
40000	25.35	480
40000	25.4	427
40000	25.45	378
40000	25.5	335
40000	25.55	303
40000	25.6	254
40000	25.65	249
40000	25.7	213
40000	25.75	157
40000	25.8	182
40000	25.85	105
40000	25.9	118
40000	25.95	112
40000	26	121
40000	26.05	73
40000	26.1	92
40000	26.15	92
40000	26.2	69
40000	26.25	81
40000	26.3	65
40000	26.35	46
40000	26.4	46
40000	26.45	55
40000	26.5	43
40000	26.55	35
40000	26.6	50
40000	26.65	36
40000	26.7	44
40000	26.75	21
40000	26.8	28
40000	26.85	19
40000	26.9	42
40000	26.95	19
40000	27	19
40000	27.05	20
40000	27.1	19
40000	27.15	19
40000	27.2	14
40000	27.25	17
40000	27.3	2
40000	27.35	26
40000	27.4	6
40000	27.45	-1
40000	27.5	4
40000	27.55	22
40000	27.6	5
40000	27.65	9
40000	27.7	7
40000	27.75	16
40000	27.8	10
40000	27.85	-15
40000	27.9	-11
40000	27.95	-32
40000	28	-2033
40000	28.05	-20332
40000	28.1	-43309
40000	28.15	-61544
40000	28.2	-73284
40000	28.25	-79289
40000	28.3	-78492
40000	28.35	-75518
40000	28.4	-68413
40000	28.45	-59728
40000	28.5	-49514
40000	28.55	-38488
40000	28.6	-26948
40000	28.65	-15986
40000	28.7	-4964
40000	28.75	5271
40000	28.8	14736
40000	28.85	22450
40000	28.9	30449
40000	28.95	36523
40000	29	41843
40000	29.05	44302
40000	29.1	46451
40000	29.15	47113
40000	29.2	46036
40000	29.25	44205
40000	29.3	42046
40000	29.35	37850
40000	29.4	34333
40000	29.45	30489
40000	29.5	26067
40000	29.55	22119
40000	29.6	18393
40000	29.65	15524
40000	29.7	12844
40000	29.75	10632
40000	29.8	8633
40000	29.85	7152
40000	29.9	5716
40000	29.95	4920
60000	0	3957
60000	0.05	3330
60000	0.1	2871
60000	0.15	2428
60000	0.2	1967
60000	0.25	1771
60000	0.3	1437
60000	0.35	1116
60000	0.4	1147
60000	0.45	948
60000	0.5	866
60000	0.55	747
60000	0.6	622
60000	0.65	474
60000	0.7	417
60000	0.75	411
60000	0.8	393
60000	0.85	333
60000	0.9	242
60000	0.95	206
60000	1	144
60000	1.05	204
60000	1.1	76
60000	1.15	104
60000	1.2	79
60000	1.25	22
60000	1.3	-5
60000	1.35	8
60000	1.4	-35
60000	1.45	-120
60000	1.5	-89
60000	1.55	-139
60000	1.6	-98
60000	1.65	-192
60000	1.7	-122
60000	1.75	-247
60000	1.8	-235
60000	1.85	-286
60000	1.9	-359
60000	1.95	-390
60000	2	-441
60000	2.05	-478
60000	2.1	-525
60000	2.15	-626
60000	2.2	-697
60000	2.25	-687
60000	2.3	-664
60000	2.35	-741
60000	2.4	-821
60000	2.45	-807
60000	2.5	-960
60000	2.55	-937
60000	2.6	-1023
60000	2.65	-1098
60000	2.7	-1170
60000	2.75	-1213
60000	2.8	-1211
60000	2.85	-1345
60000	2.9	-1319
60000	2.95	-1322
60000	3	-1279
60000	3.05	-1208
60000	3.1	-1339
60000	3.15	-1241
60000	3.2	-1112
60000	3.25	-1189
60000	3.3	-962
60000	3.35	-900
60000	3.4	-757
60000	3.45	-764
60000	3.5	-621
60000	3.55	-407
60000	3.6	-302
60000	3.65	-132
60000	3.7	28
60000	3.75	153
60000	3.8	170
60000	3.85	443
60000	3.9	682
60000	3.95	810
60000	4	990
60000	4.05	1229
60000	4.1	1224
60000	4.15	1467
60000	4.2	1591
60000	4.25	1771
60000	4.3	1755
60000	4.35	1864
60000	4.4	1942
60000	4.45	2090
60000	4.5	2144
60000	4.55	2086
60000	4.6	1977
60000	4.65	2063
60000	4.7	1913
60000	4.75	1815
60000	4.8	1626
60000	4.85	1560
60000	4.9	1531
60000	4.95	1322
60000	5	1247
60000	5.05	1109
60000	5.1	904
60000	5.15	868
60000	5.2	673
60000	5.25	582
60000	5.3	553
60000	5.35	477
60000	5.4	464
60000	5.45	336
60000	5.5	316
60000	5.55	296
60000	5.6	246
60000	5.65	212
60000	5.7	199
60000	5.75	161
60000	5.8	164
60000	5.85	135
60000	5.9	114
60000	5.95	100
60000	6	107
60000	6.05	108
60000	6.1	72
60000	6.15	63
60000	6.2	58
60000	6.25	83
60000	6.3	62
60000	6.35	44
60000	6.4	57
60000	6.45	52
60000	6.5	64
60000	6.55	49
60000	6.6	27
60000	6.65	36
60000	6.7	31
60000	6.75	31
60000	6.8	22
60000	6.85	27
60000	6.9	16
60000	6.95	27
60000	7	38
60000	7.05	29
60000	7.1	27
60000	7.15	31
60000	7.2	23
60000	7.25	17
60000	7.3	0
60000	7.35	10
60000	7.4	14
60000	7.45	10
60000	7.5	2
60000	7.55	4
60000	7.6	13
60000	7.65	4
60000	7.7	9
60000	7.75	-2
60000	7.8	8
60000	7.85	-3
60000	7.9	-8
60000	7.95	-9
60000	8	-1746
60000	8.05	-17649
60000	8.1	-38414
60000	8.15	-55256
60000	8.2	-66088
60000	8.25	-70698
60000	8.3	-70982
60000	8.35	-67315
60000	8.4	-61678
60000	8.45	-53370
60000	8.5	-44627
60000	8.55	-34892
60000	8.6	-24097
60000	8.65	-14592
60000	8.7	-4322
60000	8.75	4550
60000	8.8	13283
60000	8.85	20986
60000	8.9	27425
60000	8.95	33051
60000	9	36652
60000	9.05	39759
60000	9.1	41540
60000	9.15	41943
60000	9.2	41628
60000	9.25	39570
60000	9.3	37385
60000	9.35	33790
60000	9.4	30898
60000	9.45	26826
60000	9.5	23511
60000	9.55	19710
60000	9.6	16656
60000	9.65	14075
60000	9.7	11550
60000	9.75	9495
60000	9.8	7806
60000	9.85	6335
60000	9.9	5247
60000	9.95	4541
60000	10	3633
60000	10.05	3103
60000	10.1	2646
60000	10.15	2191
60000	10.2	1820
60000	10.25	1514
60000	10.3	1300
60000	10.35	1098
60000	10.4	1047
60000	10.45	823
60000	10.5	796
60000	10.55	638
60000	10.6	560
60000	10.65	504
60000	10.7	408
60000	10.75	354
60000	10.8	307
60000	10.85	268
60000	10.9	268
60000	10.95	194
60000	11	138
60000	11.05	134
60000	11.1	50
60000	11.15	102
60000	11.2	47
60000	11.25	55
60000	11.3	-13
60000	11.35	-16
60000	11.4	-16
60000	11.45	-69
60000	11.5	-43
60000	11.55	-123
60000	11.6	-104
60000	11.65	-186
60000	11.7	-142
60000	11.75	-270
60000	11.8	-205
60000	11.85	-321
60000	11.9	-334
60000	11.95	-342
60000	12	-357
60000	12.05	-456
60000	12.1	-443
60000	12.15	-469
60000	12.2	-528
60000	12.25	-573
60000	12.3	-662
60000	12.35	-674
60000	12.4	-751
60000	12.45	-821
60000	12.5	-865
60000	12.55	-861
60000	12.6	-967
60000	12.65	-1018
60000	12.7	-1045
60000	12.75	-1132
60000	12.8	-1146
60000	12.85	-1224
60000	12.9	-1106
60000	12.95	-1171
60000	13	-1171
60000	13.05	-1150
60000	13.1	-1193
60000	13.15	-1021
60000	13.2	-1056
60000	13.25	-1155
60000	13.3	-901
60000	13.35	-824
60000	13.4	-690
60000	13.45	-753
60000	13.5	-529
60000	13.55	-373
60000	13.6	-357
60000	13.65	-102
60000	13.7	17
60000	13.75	121
60000	13.8	312
60000	13.85	321
60000	13.9	568
60000	13.95	766
60000	14	916
60000	14.05	1017
60000	14.1	1230
60000	14.15	1404
60000	14.2	1413
60000	14.25	1571
60000	14.3	1731
60000	14.35	1791
60000	14.4	1768
60000	14.45	1859
60000	14.5	1941
60000	14.55	1821
60000	14.6	1826
60000	14.65	1834
60000	14.7	1835
60000	14.75	1698
60000	14.8	1622
60000	14.85	1492
60000	14.9	1356
60000	14.95	1177
60000	15	1084
60000	15.05	1021
60000	15.1	907
60000	15.15	809
60000	15.2	702
60000	15.25	621
60000	15.3	528
60000	15.35	423
60000	15.4	372
60000	15.45	333
60000	15.5	334
60000	15.55	296
60000	15.6	224
60000	15.65	224
60000	15.7	199
60000	15.75	193
60000	15.8	167
60000	15.85	149
60000	15.9	125
60000	15.95	116
60000	16	89
60000	16.05	90
60000	16.1	76
60000	16.15	102
60000	16.2	91
60000	16.25	69
60000	16.3	66
60000	16.35	43
60000	16.4	60
60000	16.45	52
60000	16.5	47
60000	16.55	49
60000	16.6	64
60000	16.65	25
60000	16.7	16
60000	16.75	22
60000	16.8	31
60000	16.85	30
60000	16.9	35
60000	16.95	14
60000	17	9
60000	17.05	32
60000	17.1	5
60000	17.15	24
60000	17.2	6
60000	17.25	30
60000	17.3	18
60000	17.35	28
60000	17.4	1
60000	17.45	-17
60000	17.5	5
60000	17.55	9
60000	17.6	14
60000	17.65	17
60000	17.7	-17
60000	17.75	0
60000	17.8	9
60000	17.85	-24
60000	17.9	-42
60000	17.95	-29
60000	18	-2047
60000	18.05	-19717
60000	18.1	-42698
60000	18.15	-60925
60000	18.2	-72655
60000	18.25	-77616
60000	18.3	-77955
60000	18.35	-75162
60000	18.4	-67456
60000	18.45	-59155
60000	18.5	-49272
60000	18.55	-37666
60000	18.6	-27367
60000	18.65	-16396
60000	18.7	-4875
60000	18.75	5173
60000	18.8	14515
60000	18.85	22874
60000	18.9	30229
60000	18.95	36149
60000	19	41184
60000	19.05	44031
60000	19.1	46354
60000	19.15	46329
60000	19.2	45738
60000	19.25	44099
60000	19.3	41062
60000	19.35	37455
60000	19.4	33983
60000	19.45	29551
60000	19.5	25584
60000	19.55	21454
60000	19.6	18419
60000	19.65	15607
60000	19.7	12771
60000	19.75	10357
60000	19.8	8530
60000	19.85	6981
60000	19.9	5814
60000	19.95	4866
60000	20	3993
60000	20.05	3389
60000	20.1	2804
60000	20.15	2315
60000	20.2	2056
60000	20.25	1615
60000	20.3	1369
60000	20.35	1271
60000	20.4	998
60000	20.45	897
60000	20.5	838
60000	20.55	734
60000	20.6	665
60000	20.65	564
60000	20.7	407
60000	20.75	406
60000	20.8	373
60000	20.85	291
60000	20.9	195
60000	20.95	256
60000	21	185
60000	21.05	142
60000	21.1	127
60000	21.15	57
60000	21.2	60
60000	21.25	38
60000	21.3	-91
60000	21.35	10
60000	21.4	-16
60000	21.45	-48
60000	21.5	-108
60000	21.55	-117
60000	21.6	-151
60000	21.65	-215
60000	21.7	-192
60000	21.75	-226
60000	21.8	-292
60000	21.85	-335
60000	21.9	-404
60000	21.95	-388
60000	22	-444
60000	22.05	-455
60000	22.1	-487
60000	22.15	-555
60000	22.2	-564
60000	22.25	-638
60000	22.3	-644
60000	22.35	-692
60000	22.4	-813
60000	22.45	-875
60000	22.5	-849
60000	22.55	-1023
60000	22.6	-1053
60000	22.65	-1187
60000	22.7	-1116
60000	22.75	-1186
60000	22.8	-1222
60000	22.85	-1205
60000	22.9	-1293
60000	22.95	-1226
60000	23	-1339
60000	23.05	-1263
60000	23.1	-1192
60000	23.15	-1197
60000	23.2	-1166
60000	23.25	-1000
60000	23.3	-1026
60000	23.35	-929
60000	23.4	-834
60000	23.45	-819
60000	23.5	-489
60000	23.55	-411
60000	23.6	-320
60000	23.65	-130
60000	23.7	-105
60000	23.75	138
60000	23.8	184
60000	23.85	492
60000	23.9	593
60000	23.95	893
60000	24	1024
60000	24.05	1208
60000	24.1	1329
60000	24.15	1389
60000	24.2	1695
60000	24.25	1694
60000	24.3	1744
60000	24.35	1849
60000	24.4	2005
60000	24.45	1941
60000	24.5	2053
60000	24.55	2030
60000	24.6	2060
60000	24.65	1932
60000	24.7	1853
60000	24.75	1884
60000	24.8	1717
60000	24.85	1569
60000	24.9	1398
60000	24.95	1399
60000	25	1173
60000	25.05	1064
60000	25.1	937
60000	25.15	837
60000	25.2	778
60000	25.25	630
60000	25.3	562
60000	25.35	465
60000	25.4	386
60000	25.45	384
60000	25.5	328
60000	25.55	296
60000	25.6	257
60000	25.65	229
60000	25.7	169
60000	25.75	163
60000	25.8	165
60000	25.85	132
60000	25.9	134
60000	25.95	118
60000	26	86
60000	26.05	108
60000	26.1	99
60000	26.15	79
60000	26.2	70
60000	26.25	57
60000	26.3	54
60000	26.35	37
60000	26.4	65
60000	26.45	43
60000	26.5	44
60000	26.55	39
60000	26.6	40
60000	26.65	37
60000	26.7	45
60000	26.75	34
60000	26.8	33
60000	26.85	22
60000	26.9	33
60000	26.95	18
60000	27	29
60000	27.05	0
60000	27.1	17
60000	27.15	13
60000	27.2	28
60000	27.25	21
60000	27.3	-3
60000	27.35	5
60000	27.4	7
60000	27.45	9
60000	27.5	16
60000	27.55	14
60000	27.6	8
60000	27.65	-5
60000	27.7	-10
60000	27.75	-9
60000	27.8	12
60000	27.85	-6
60000	27.9	-21
60000	27.95	-26
60000	28	-2078
60000	28.05	-19979
60000	28.1	-43304
60000	28.15	-62155
60000	28.2	-73771
60000	28.25	-79104
60000	28.3	-78765
60000	28.35	-75200
60000	28.4	-68678
60000	28.45	-60011
60000	28.5	-49627
60000	28.55	-38668
60000	28.6	-27197
60000	28.65	-16499
60000	28.7	-4971
60000	28.75	5249
60000	28.8	14407
60000	28.85	22726
60000	28.9	30310
60000	28.95	35806
60000	29	41695
60000	29.05	44637
60000	29.1	46523
60000	29.15	47008
60000	29.2	46685
60000	29.25	44569
60000	29.3	41675
60000	29.35	38377
60000	29.4	34565
60000	29.45	30158
60000	29.5	26133
60000	29.55	21844
60000	29.6	18805
60000	29.65	15261
60000	29.7	13007
60000	29.75	10709
60000	29.8	8609
60000	29.85	7267
60000	29.9	5867
60000	29.95	4940
80000	0	3959
80000	0.05	3386
80000	0.1	2680
80000	0.15	2336
80000	0.2	1902
80000	0.25	1714
80000	0.3	1327
80000	0.35	1215
80000	0.4	1072
80000	0.45	909
80000	0.5	826
80000	0.55	631
80000	0.6	642
80000	0.65	627
80000	0.7	529
80000	0.75	410
80000	0.8	321
80000	0.85	337
80000	0.9	225
80000	0.95	198
80000	1	186
80000	1.05	138
80000	1.1	75
80000	1.15	81
80000	1.2	2
80000	1.25	15
80000	1.3	-26
80000	1.35	-48
80000	1.4	-68
80000	1.45	-130
80000	1.5	-88
80000	1.55	-80
80000	1.6	-90
80000	1.65	-196
80000	1.7	-163
80000	1.75	-240
80000	1.8	-293
80000	1.85	-353
80000	1.9	-348
80000	1.95	-417
80000	2	-410
80000	2.05	-505
80000	2.1	-503
80000	2.15	-552
80000	2.2	-656
80000	2.25	-638
80000	2.3	-655
80000	2.35	-840
80000	2.4	-880
80000	2.45	-1018
80000	2.5	-865
80000	2.55	-964
80000	2.6	-1025
80000	2.65	-1059
80000	2.7	-1181
80000	2.75	-1226
80000	2.8	-1226
80000	2.85	-1290
80000	2.9	-1332
80000	2.95	-1327
80000	3	-1368
80000	3.05	-1239
80000	3.1	-1335
80000	3.15	-1235
80000	3.2	-1184
80000	3.25	-1112
80000	3.3	-911
80000	3.35	-848
80000	3.4	-853
80000	3.45	-663
80000	3.5	-672
80000	3.55	-466
80000	3.6	-368
80000	3.65	-138
80000	3.7	-60
80000	3.75	131
80000	3.8	312
80000	3.85	393
80000	3.9	623
80000	3.95	781
80000	4	857
80000	4.05	1156
80000	4.1	1323
80000	4.15	1538
80000	4.2	1621
80000	4.25	1771
80000	4.3	1861
80000	4.35	2024
80000	4.4	2019
80000	4.45	2109
80000	4.5	2017
80000	4.55	2170
80000	4.6	1996
80000	4.65	2074
80000	4.7	1940
80000	4.75	1896
80000	4.8	1706
80000	4.85	1584
80000	4.9	1340
80000	4.95	1332
80000	5	1186
80000	5.05	1166
80000	5.1	949
80000	5.15	819
80000	5.2	708
80000	5.25	660
80000	5.3	487
80000	5.35	512
80000	5.4	430
80000	5.45	375
80000	5.5	284
80000	5.55	270
80000	5.6	251
80000	5.65	256
80000	5.7	207
80000	5.75	216
80000	5.8	148
80000	5.85	109
80000	5.9	135
80000	5.95	124
80000	6	87
80000	6.05	112
80000	6.1	85
80000	6.15	66
80000	6.2	44
80000	6.25	77
80000	6.3	75
80000	6.35	38
80000	6.4	70
80000	6.45	58
80000	6.5	52
80000	6.55	66
80000	6.6	34
80000	6.65	38
80000	6.7	51
80000	6.75	15
80000	6.8	33
80000	6.85	30
80000	6.9	47
80000	6.95	36
80000	7	11
80000	7.05	21
80000	7.1	37
80000	7.15	17
80000	7.2	9
80000	7.25	15
80000	7.3	10
80000	7.35	17
80000	7.4	11
80000	7.45	26
80000	7.5	-3
80000	7.55	1
80000	7.6	-1
80000	7.65	5
80000	7.7	-16
80000	7.75	-7
80000	7.8	-14
80000	7.85	-15
80000	7.9	2
80000	7.95	-24
80000	8	-2082
80000	8.05	-19261
80000	8.1	-41538
80000	8.15	-59271
80000	8.2	-70908
80000	8.25	-75820
80000	8.3	-76468
80000	8.35	-72471
80000	8.4	-66316
80000	8.45	-58124
80000	8.5	-47250
80000	8.55	-37605
80000	8.6	-26632
80000	8.65	-15599
80000	8.7	-5039
80000	8.75	5288
80000	8.8	13502
80000	8.85	22362
80000	8.9	29508
80000	8.95	35517
80000	9	40476
80000	9.05	43015
80000	9.1	44951
80000	9.15	45373
80000	9.2	44850
80000	9.25	43142
80000	9.3	40545
80000	9.35	36679
80000	9.4	32851
80000	9.45	29060
80000	9.5	25227
80000	9.55	21480
80000	9.6	17822
80000	9.65	14805
80000	9.7	12267
80000	9.75	10183
80000	9.8	8297
80000	9.85	6864
80000	9.9	5545
80000	9.95	4733
80000	10	3841
80000	10.05	3148
80000	10.1	2759
80000	10.15	2342
80000	10.2	1886
80000	10.25	1648
80000	10.3	1260
80000	10.35	1166
80000	10.4	949
80000	10.45	909
80000	10.5	795
80000	10.55	656
80000	10.6	578
80000	10.65	506
80000	10.7	475
80000	10.75	448
80000	10.8	289
80000	10.85	287
80000	10.9	277
80000	10.95	245
80000	11	169
80000	11.05	155
80000	11.1	145
80000	11.15	43
80000	11.2	65
80000	11.25	-32
80000	11.3	-34
80000	11.35	36
80000	11.4	-31
80000	11.45	-38
80000	11.5	-149
80000	11.55	-94
80000	11.6	-171
80000	11.65	-145
80000	11.7	-218
80000	11.75	-213
80000	11.8	-291
80000	11.85	-297
80000	11.9	-368
80000	11.95	-354
80000	12	-403
80000	12.05	-437
80000	12.1	-510
80000	12.15	-542
80000	12.2	-605
80000	12.25	-633
80000	12.3	-673
80000	12.35	-722
80000	12.4	-836
80000	12.45	-820
80000	12.5	-947
80000	12.55	-999
80000	12.6	-1043
80000	12.65	-1012
80000	12.7	-1149
80000	12.75	-1098
80000	12.8	-1149
80000	12.85	-1116
80000	12.9	-1065
80000	12.95	-1326
80000	13	-1178
80000	13.05	-1185
80000	13.1	-1186
80000	13.15	-1189
80000	13.2	-1172
80000	13.25	-1079
80000	13.3	-1017
80000	13.35	-862
80000	13.4	-906
80000	13.45	-691
80000	13.5	-535
80000	13.55	-446
80000	13.6	-297
80000	13.65	-182
80000	13.7	52
80000	13.75	43
80000	13.8	369
80000	13.85	483
80000	13.9	521
80000	13.95	745
80000	14	1012
80000	14.05	1145
80000	14.1	1245
80000	14.15	1505
80000	14.2	1491
80000	14.25	1618
80000	14.3	1725
80000	14.35	1729
80000	14.4	2004
80000	14.45	1949
80000	14.5	1974
80000	14.55	1975
80000	14.6	2038
80000	14.65	1892
80000	14.7	1792
80000	14.75	1791
80000	14.8	1757
80000	14.85	1498
80000	14.9	1447
80000	14.95	1278
80000	15	1166
80000	15.05	1027
80000	15.1	936
80000	15.15	800
80000	15.2	714
80000	15.25	613
80000	15.3	575
80000	15.35	465
80000	15.4	397
80000	15.45	370
80000	15.5	344
80000	15.55	269
80000	15.6	257
80000	15.65	222
80000	15.7	165
80000	15.75	188
80000	15.8	159
80000	15.85	158
80000	15.9	127
80000	15.95	110
80000	16	106
80000	16.05	100
80000	16.1	88
80000	16.15	87
80000	16.2	58
80000	16.25	59
80000	16.3	42
80000	16.35	65
80000	16.4	37
80000	16.45	58
80000	16.5	33
80000	16.55	28
80000	16.6	38
80000	16.65	38
80000	16.7	38
80000	16.75	42
80000	16.8	23
80000	16.85	30
80000	16.9	39
80000	16.95	-2
80000	17	23
80000	17.05	34
80000	17.1	23
80000	17.15	22
80000	17.2	12
80000	17.25	24
80000	17.3	6
80000	17.35	6
80000	17.4	20
80000	17.45	-4
80000	17.5	4
80000	17.55	-1
80000	17.6	-6
80000	17.65	7
80000	17.7	12
80000	17.75	1
80000	17.8	7
80000	17.85	2
80000	17.9	-14
80000	17.95	-22
80000	18	-1982
80000	18.05	-18766
80000	18.1	-40875
80000	18.15	-58252
80000	18.2	-69200
80000	18.25	-75070
80000	18.3	-74443
80000	18.35	-70906
80000	18.4	-64504
80000	18.45	-56679
80000	18.5	-46876
80000	18.55	-35757
80000	18.6	-26148
80000	18.65	-14916
80000	18.7	-4613
80000	18.75	4797
80000	18.8	13559
80000	18.85	21720
80000	18.9	29037
80000	18.95	34421
80000	19	38416
80000	19.05	42244
80000	19.1	43566
80000	19.15	44164
80000	19.2	43206
80000	19.25	41564
80000	19.3	38859
80000	19.35	35689
80000	19.4	32238
80000	19.45	28220
80000	19.5	24470
80000	19.55	20821
80000	19.6	17597
80000	19.65	14407
80000	19.7	11987
80000	19.75	10138
80000	19.8	8171
80000	19.85	6696
80000	19.9	5424
80000	19.95	4443
80000	20	3768
80000	20.05	3207
80000	20.1	2632
80000	20.15	2182
80000	20.2	1960
80000	20.25	1653
80000	20.3	1443
80000	20.35	1165
80000	20.4	960
80000	20.45	855
80000	20.5	795
80000	20.55	663
80000	20.6	586
80000	20.65	512
80000	20.7	441
80000	20.75	402
80000	20.8	336
80000	20.85	283
80000	20.9	272
80000	20.95	198
80000	21	161
80000	21.05	120
80000	21.1	148
80000	21.15	93
80000	21.2	65
80000	21.25	87
80000	21.3	28
80000	21.35	-54
80000	21.4	-21
80000	21.45	-77
80000	21.5	-112
80000	21.55	-144
80000	21.6	-182
80000	21.65	-192
80000	21.7	-199
80000	21.75	-231
80000	21.8	-304
80000	21.85	-311
80000	21.9	-309
80000	21.95	-369
80000	22	-399
80000	22.05	-398
80000	22.1	-400
80000	22.15	-530
80000	22.2	-540
80000	22.25	-607
80000	22.3	-676
80000	22.35	-597
80000	22.4	-795
80000	22.45	-798
80000	22.5	-863
80000	22.55	-901
80000	22.6	-1009
80000	22.65	-1070
80000	22.7	-1103
80000	22.75	-1237
80000	22.8	-1114
80000	22.85	-1199
80000	22.9	-1215
80000	22.95	-1250
80000	23	-1189
80000	23.05	-1248
80000	23.1	-1217
80000	23.15	-1124
80000	23.2	-1075
80000	23.25	-1085
80000	23.3	-855
80000	23.35	-929
80000	23.4	-890
80000	23.45	-784
80000	23.5	-474
80000	23.55	-508
80000	23.6	-393
80000	23.65	-249
80000	23.7	-1
80000	23.75	28
80000	23.8	232
80000	23.85	554
80000	23.9	662
80000	23.95	835
80000	24	856
80000	24.05	942
80000	24.1	1277
80000	24.15	1319
80000	24.2	1577
80000	24.25	1629
80000	24.3	1793
80000	24.35	1848
80000	24.4	1962
80000	24.45	2005
80000	24.5	2032
80000	24.55	1911
80000	24.6	2026
80000	24.65	1932
80000	24.7	1884
80000	24.75	1809
80000	24.8	1633
80000	24.85	1601
80000	24.9	1435
80000	24.95	1247
80000	25	1238
80000	25.05	1057
80000	25.1	949
80000	25.15	829
80000	25.2	710
80000	25.25	641
80000	25.3	563
80000	25.35	447
80000	25.4	437
80000	25.45	341
80000	25.5	337
80000	25.55	286
80000	25.6	265
80000	25.65	220
80000	25.7	169
80000	25.75	180
80000	25.8	159
80000	25.85	130
80000	25.9	120
80000	25.95	111
80000	26	105
80000	26.05	81
80000	26.1	69
80000	26.15	75
80000	26.2	77
80000	26.25	67
80000	26.3	70
80000	26.35	57
80000	26.4	43
80000	26.45	58
80000	26.5	33
80000	26.55	26
80000	26.6	24
80000	26.65	28
80000	26.7	35
80000	26.75	33
80000	26.8	39
80000	26.85	10
80000	26.9	18
80000	26.95	15
80000	27	11
80000	27.05	26
80000	27.1	13
80000	27.15	24
80000	27.2	13
80000	27.25	20
80000	27.3	26
80000	27.35	24
80000	27.4	15
80000	27.45	22
80000	27.5	24
80000	27.55	22
80000	27.6	9
80000	27.65	3
80000	27.7	-2
80000	27.75	5
80000	27.8	-19
80000	27.85	-23
80000	27.9	-19
80000	27.95	-25
80000	28	-1989
80000	28.05	-19402
80000	28.1	-42426
80000	28.15	-60404
80000	28.2	-72122
80000	28.25	-77227
80000	28.3	-77444
80000	28.35	-73327
80000	28.4	-66881
80000	28.45	-58357
80000	28.5	-48680
80000	28.55	-37439
80000	28.6	-26864
80000	28.65	-15716
80000	28.7	-4899
80000	28.75	4906
80000	28.8	14048
80000	28.85	22814
80000	28.9	30083
80000	28.95	35741
80000	29	40578
80000	29.05	43421
80000	29.1	45604
80000	29.15	45709
80000	29.2	45653
80000	29.25	43481
80000	29.3	40547
80000	29.35	37098
80000	29.4	33316
80000	29.45	29478
80000	29.5	25206
80000	29.55	21626
80000	29.6	17991
80000	29.65	15080
80000	29.7	12566
80000	29.75	10295
80000	29.8	8360
80000	29.85	6832
80000	29.9	5769
80000	29.95	4792
100000	0	3948
100000	0.05	3342
100000	0.1	2735
100000	0.15	2416
100000	0.2	2001
100000	0.25	1600
100000	0.3	1486
100000	0.35	1252
100000	0.4	1125
100000	0.45	929
100000	0.5	767
100000	0.55	680
100000	0.6	556
100000	0.65	559
100000	0.7	498
100000	0.75	465
100000	0.8	332
100000	0.85	264
100000	0.9	231
100000	0.95	226
100000	1	169
100000	1.05	99
100000	1.1	105
100000	1.15	148
100000	1.2	80
100000	1.25	62
100000	1.3	70
100000	1.35	73
100000	1.4	-101
100000	1.45	-43
100000	1.5	-143
100000	1.55	-127
100000	1.6	-150
100000	1.65	-192
100000	1.7	-173
100000	1.75	-281
100000	1.8	-369
100000	1.85	-267
100000	1.9	-336
100000	1.95	-343
100000	2	-385
100000	2.05	-498
100000	2.1	-518
100000	2.15	-538
100000	2.2	-701
100000	2.25	-637
100000	2.3	-664
100000	2.35	-726
100000	2.4	-757
100000	2.45	-865
100000	2.5	-900
100000	2.55	-1017
100000	2.6	-1078
100000	2.65	-1206
100000	2.7	-1116
100000	2.75	-1128
100000	2.8	-1267
100000	2.85	-1312
100000	2.9	-1290
100000	2.95	-1338
100000	3	-1370
100000	3.05	-1140
100000	3.1	-1246
100000	3.15	-1139
100000	3.2	-1169
100000	3.25	-1128
100000	3.3	-864
100000	3.35	-927
100000	3.4	-830
100000	3.45	-840
100000	3.5	-545
100000	3.55	-371
100000	3.6	-273
100000	3.65	-190
100000	3.7	-69
100000	3.75	112
100000	3.8	256
100000	3.85	490
100000	3.9	604
100000	3.95	882
100000	4	980
100000	4.05	1049
100000	4.1	1256
100000	4.15	1531
100000	4.2	1552
100000	4.25	1799
100000	4.3	1747
100000	4.35	1929
100000	4.4	2078
100000	4.45	2019
100000	4.5	2077
100000	4.55	2073
100000	4.6	2065
100000	4.65	1978
100000	4.7	1908
100000	4.75	1908
100000	4.8	1631
100000	4.85	1668
100000	4.9	1365
100000	4.95	1394
100000	5	1263
100000	5.05	1068
100000	5.1	1026
100000	5.15	796
100000	5.2	749
100000	5.25	604
100000	5.3	518
100000	5.35	527
100000	5.4	453
100000	5.45	355
100000	5.5	326
100000	5.55	319
100000	5.6	222
100000	5.65	234
100000	5.7	178
100000	5.75	164
100000	5.8	131
100000	5.85	137
100000	5.9	118
100000	5.95	116
100000	6	123
100000	6.05	92
100000	6.1	88
100000	6.15	80
100000	6.2	62
100000	6.25	56
100000	6.3	72
100000	6.35	54
100000	6.4	50
100000	6.45	35
100000	6.5	36
100000	6.55	46
100000	6.6	44
100000	6.65	24
100000	6.7	27
100000	6.75	20
100000	6.8	42
100000	6.85	25
100000	6.9	32
100000	6.95	30
100000	7	37
100000	7.05	18
100000	7.1	32
100000	7.15	15
100000	7.2	22
100000	7.25	17
100000	7.3	10
100000	7.35	20
100000	7.4	10
100000	7.45	20
100000	7.5	4
100000	7.55	8
100000	7.6	3
100000	7.65	0
100000	7.7	-2
100000	7.75	-5
100000	7.8	3
100000	7.85	-5
100000	7.9	-10
100000	7.95	-11
100000	8	-1987
100000	8.05	-18968
100000	8.1	-41039
100000	8.15	-58354
100000	8.2	-69242
100000	8.25	-75198
100000	8.3	-75022
100000	8.35	-70586
100000	8.4	-64575
100000	8.45	-56176
100000	8.5	-47164
100000	8.55	-35889
100000	8.6	-26079
100000	8.65	-14689
100000	8.7	-4956
100000	8.75	4679
100000	8.8	13977
100000	8.85	21639
100000	8.9	28332
100000	8.95	34350
100000	9	38914
100000	9.05	42497
100000	9.1	44687
100000	9.15	45025
100000	9.2	43909
100000	9.25	42213
100000	9.3	39716
100000	9.35	36719
100000	9.4	32530
100000	9.45	28638
100000	9.5	24802
100000	9.55	21262
100000	9.6	17661
100000	9.65	14596
100000	9.7	12336
100000	9.75	9943
100000	9.8	8306
100000	9.85	6943
100000	9.9	5477
100000	9.95	4753
100000	10	3812
100000	10.05	3369
100000	10.1	2616
100000	10.15	2328
100000	10.2	1894
100000	10.25	1687
100000	10.3	1416
100000	10.35	1209
100000	10.4	992
100000	10.45	846
100000	10.5	816
100000	10.55	660
100000	10.6	670
100000	10.65	520
100000	10.7	438
100000	10.75	311
100000	10.8	339
100000	10.85	266
100000	10.9	238
100000	10.95	200
100000	11	193
100000	11.05	147
100000	11.1	126
100000	11.15	63
100000	11.2	47
100000	11.25	14
100000	11.3	90
100000	11.35	28
100000	11.4	-32
100000	11.45	-82
100000	11.5	-112
100000	11.55	-125
100000	11.6	-133
100000	11.65	-239
100000	11.7	-173
100000	11.75	-251
100000	11.8	-293
100000	11.85	-328
100000	11.9	-299
100000	11.95	-407
100000	12	-366
100000	12.05	-427
100000	12.1	-498
100000	12.15	-502
100000	12.2	-517
100000	12.25	-519
100000	12.3	-772
100000	12.35	-799
100000	12.4	-698
100000	12.45	-842
100000	12.5	-856
100000	12.55	-932
100000	12.6	-917
100000	12.65	-1045
100000	12.7	-1164
100000	12.75	-1101
100000	12.8	-1161
100000	12.85	-1237
100000	12.9	-1141
100000	12.95	-1206
100000	13	-1073
100000	13.05	-1258
100000	13.1	-1230
100000	13.15	-1046
100000	13.2	-1085
100000	13.25	-958
100000	13.3	-1069
100000	13.35	-866
100000	13.4	-700
100000	13.45	-716
100000	13.5	-595
100000	13.55	-430
100000	13.6	-350
100000	13.65	-171
100000	13.7	-25
100000	13.75	105
100000	13.8	330
100000	13.85	337
100000	13.9	663
100000	13.95	765
100000	14	920
100000	14.05	1124
100000	14.1	1170
100000	14.15	1497
100000	14.2	1521
100000	14.25	1648
100000	14.3	1683
100000	14.35	1906
100000	14.4	1835
100000	14.45	1927
100000	14.5	1910
100000	14.55	1876
100000	14.6	1906
100000	14.65	1907
100000	14.7	1830
100000	14.75	1665
100000	14.8	1615
100000	14.85	1373
100000	14.9	1389
100000	14.95	1205
100000	15	1099
100000	15.05	1010
100000	15.1	885
100000	15.15	763
100000	15.2	705
100000	15.25	589
100000	15.3	563
100000	15.35	516
100000	15.4	428
100000	15.45	381
100000	15.5	326
100000	15.55	276
100000	15.6	227
100000	15.65	228
100000	15.7	180
100000	15.75	177
100000	15.8	175
100000	15.85	118
100000	15.9	111
100000	15.95	102
100000	16	86
100000	16.05	82
100000	16.1	70
100000	16.15	108
100000	16.2	66
100000	16.25	57
100000	16.3	54
100000	16.35	66
100000	16.4	43
100000	16.45	47
100000	16.5	41
100000	16.55	43
100000	16.6	52
100000	16.65	30
100000	16.7	51
100000	16.75	44
100000	16.8	28
100000	16.85	27
100000	16.9	29
100000	16.95	35
100000	17	6
100000	17.05	15
100000	17.1	27
100000	17.15	16
100000	17.2	-1
100000	17.25	23
100000	17.3	16
100000	17.35	19
100000	17.4	11
100000	17.45	4
100000	17.5	17
100000	17.55	13
100000	17.6	-7
100000	17.65	13
100000	17.7	6
100000	17.75	1
100000	17.8	7
100000	17.85	-1
100000	17.9	-11
100000	17.95	-42
100000	18	-1966
100000	18.05	-19124
100000	18.1	-41161
100000	18.15	-58806
100000	18.2	-70174
100000	18.25	-75154
100000	18.3	-75666
100000	18.35	-71319
100000	18.4	-65580
100000	18.45	-56705
100000	18.5	-47346
100000	18.55	-36976
100000	18.6	-25919
100000	18.65	-14581
100000	18.7	-5174
100000	18.75	4656
100000	18.8	13399
100000	18.85	22054
100000	18.9	28915
100000	18.95	35146
100000	19	39433
100000	19.05	43262
100000	19.1	44086
100000	19.15	44964
100000	19.2	44022
100000	19.25	42761
100000	19.3	39808
100000	19.35	36182
100000	19.4	32938
100000	19.45	28754
100000	19.5	24869
100000	19.55	21273
100000	19.6	17628
100000	19.65	14766
100000	19.7	12254
100000	19.75	10072
100000	19.8	8238
100000	19.85	6779
100000	19.9	5542
100000	19.95	4647
100000	20	3878
100000	20.05	3259
100000	20.1	2660
100000	20.15	2230
100000	20.2	1913
100000	20.25	1613
100000	20.3	1356
100000	20.35	1281
100000	20.4	1039
100000	20.45	924
100000	20.5	795
100000	20.55	637
100000	20.6	649
100000	20.65	538
100000	20.7	409
100000	20.75	359
100000	20.8	295
100000	20.85	296
100000	20.9	307
100000	20.95	200
100000	21	164
100000	21.05	91
100000	21.1	85
100000	21.15	125
100000	21.2	74
100000	21.25	8
100000	21.3	-43
100000	21.35	-42
100000	21.4	-75
100000	21.45	-48
100000	21.5	-44
100000	21.55	-139
100000	21.6	-133
100000	21.65	-167
100000	21.7	-177
100000	21.75	-217
100000	21.8	-264
100000	21.85	-293
100000	21.9	-316
100000	21.95	-328
100000	22	-374
100000	22.05	-527
100000	22.1	-466
100000	22.15	-493
100000	22.2	-618
100000	22.25	-571
100000	22.3	-614
100000	22.35	-792
100000	22.4	-741
100000	22.45	-821
100000	22.5	-978
100000	22.55	-908
100000	22.6	-981
100000	22.65	-1024
100000	22.7	-1072
100000	22.75	-1012
100000	22.8	-1187
100000	22.85	-1146
100000	22.9	-1088
100000	22.95	-1236
100000	23	-1231
100000	23.05	-1185
100000	23.1	-1260
100000	23.15	-1163
100000	23.2	-1092
100000	23.25	-1038
100000	23.3	-966
100000	23.35	-823
100000	23.4	-824
100000	23.45	-751
100000	23.5	-514
100000	23.55	-295
100000	23.6	-277
100000	23.65	-186
100000	23.7	-52
100000	23.75	129
100000	23.8	291
100000	23.85	468
100000	23.9	613
100000	23.95	774
100000	24	871
100000	24.05	1007
100000	24.1	1317
100000	24.15	1473
100000	24.2	1421
100000	24.25	1718
100000	24.3	1681
100000	24.35	2011
100000	24.4	1770
100000	24.45	1859
100000	24.5	1946
100000	24.55	1867
100000	24.6	1966
100000	24.65	1952
100000	24.7	1788
100000	24.75	1656
100000	24.8	1621
100000	24.85	1472
100000	24.9	1381
100000	24.95	1202
100000	25	1194
100000	25.05	1020
100000	25.1	850
100000	25.15	720
100000	25.2	734
100000	25.25	643
100000	25.3	564
100000	25.35	475
100000	25.4	428
100000	25.45	368
100000	25.5	300
100000	25.55	285
100000	25.6	256
100000	25.65	214
100000	25.7	179
100000	25.75	205
100000	25.8	143
100000	25.85	146
100000	25.9	122
100000	25.95	112
100000	26	87
100000	26.05	95
100000	26.1	96
100000	26.15	82
100000	26.2	57
100000	26.25	56
100000	26.3	56
100000	26.35	57
100000	26.4	56
100000	26.45	54
100000	26.5	57
100000	26.55	50
100000	26.6	52
100000	26.65	28
100000	26.7	32
100000	26.75	35
100000	26.8	21
100000	26.85	29
100000	26.9	28
100000	26.95	28
100000	27	19
100000	27.05	9
100000	27.1	18
100000	27.15	39
100000	27.2	12
100000	27.25	22
100000	27.3	19
100000	27.35	-5
100000	27.4	16
100000	27.45	6
100000	27.5	4
100000	27.55	-12
100000	27.6	-2
100000	27.65	8
100000	27.7	-6
100000	27.75	13
100000	27.8	21
100000	27.85	7
100000	27.9	-21
100000	27.95	19
100000	28	-2031
100000	28.05	-19866
100000	28.1	-42839
100000	28.15	-61085
100000	28.2	-72790
100000	28.25	-78348
100000	28.3	-78459
100000	28.35	-74598
100000	28.4	-66898
100000	28.45	-59173
100000	28.5	-48721
100000	28.55	-38955
100000	28.6	-27131
100000	28.65	-15937
100000	28.7	-4349
100000	28.75	5356
100000	28.8	14863
100000	28.85	22824
100000	28.9	29506
100000	28.95	36379
100000	29	40523
100000	29.05	45012
100000	29.1	46085
100000	29.15	46415
100000	29.2	45525
100000	29.25	44105
100000	29.3	40877
100000	29.35	37852
100000	29.4	33493
100000	29.45	29667
100000	29.5	25774
100000	29.55	21913
100000	29.6	18313
100000	29.65	15258
100000	29.7	12715
100000	29.75	10410
100000	29.8	8642
100000	29.85	7051
100000	29.9	5821
100000	29.95	4827
