20000	0	5044
20000	0.05	4403
20000	0.1	4215
20000	0.15	3802
20000	0.2	3576
20000	0.25	3304
20000	0.3	3011
20000	0.35	2853
20000	0.4	2540
20000	0.45	2336
20000	0.5	1923
20000	0.55	1893
20000	0.6	1785
20000	0.65	1584
20000	0.7	1349
20000	0.75	1258
20000	0.8	1188
20000	0.85	1044
20000	0.9	988
20000	0.95	716
20000	1	619
20000	1.05	599
20000	1.1	590
20000	1.15	514
20000	1.2	433
20000	1.25	279
20000	1.3	157
20000	1.35	151
20000	1.4	62
20000	1.45	-107
20000	1.5	-8
20000	1.55	-187
20000	1.6	-93
20000	1.65	-293
20000	1.7	-233
20000	1.75	-252
20000	1.8	-576
20000	1.85	-436
20000	1.9	-648
20000	1.95	-762
20000	2	-730
20000	2.05	-607
20000	2.1	-928
20000	2.15	-915
20000	2.2	-958
20000	2.25	-1082
20000	2.3	-1121
20000	2.35	-1265
20000	2.4	-1043
20000	2.45	-1200
20000	2.5	-1264
20000	2.55	-1470
20000	2.6	-1378
20000	2.65	-1535
20000	2.7	-1505
20000	2.75	-1611
20000	2.8	-1501
20000	2.85	-1430
20000	2.9	-1475
20000	2.95	-1604
20000	3	-1557
20000	3.05	-1378
20000	3.1	-1397
20000	3.15	-1188
20000	3.2	-1129
20000	3.25	-1019
20000	3.3	-1090
20000	3.35	-790
20000	3.4	-581
20000	3.45	-499
20000	3.5	-374
20000	3.55	42
20000	3.6	-319
20000	3.65	290
20000	3.7	330
20000	3.75	511
20000	3.8	760
20000	3.85	1125
20000	3.9	1265
20000	3.95	1349
20000	4	1598
20000	4.05	1674
20000	4.1	1802
20000	4.15	2313
20000	4.2	2175
20000	4.25	2702
20000	4.3	2769
20000	4.35	2706
20000	4.4	2945
20000	4.45	3088
20000	4.5	3137
20000	4.55	3190
20000	4.6	3196
20000	4.65	3116
20000	4.7	3343
20000	4.75	3151
20000	4.8	3029
20000	4.85	2920
20000	4.9	2801
20000	4.95	2878
20000	5	2607
20000	5.05	2639
20000	5.1	2572
20000	5.15	2437
20000	5.2	2325
20000	5.25	2212
20000	5.3	1992
20000	5.35	2054
20000	5.4	1877
20000	5.45	1764
20000	5.5	1610
20000	5.55	1492
20000	5.6	1559
20000	5.65	1310
20000	5.7	1322
20000	5.75	1097
20000	5.8	1140
20000	5.85	924
20000	5.9	989
20000	5.95	879
20000	6	761
20000	6.05	736
20000	6.1	621
20000	6.15	581
20000	6.2	582
20000	6.25	588
20000	6.3	400
20000	6.35	388
20000	6.4	288
20000	6.45	303
20000	6.5	167
20000	6.55	140
20000	6.6	54
20000	6.65	56
20000	6.7	5
20000	6.75	-86
20000	6.8	-266
20000	6.85	-268
20000	6.9	-328
20000	6.95	-469
20000	7	-636
20000	7.05	-822
20000	7.1	-973
20000	7.15	-1250
20000	7.2	-1426
20000	7.25	-1793
20000	7.3	-2256
20000	7.35	-2376
20000	7.4	-3284
20000	7.45	-3793
20000	7.5	-4533
20000	7.55	-5376
20000	7.6	-6398
20000	7.65	-7876
20000	7.7	-9495
20000	7.75	-10741
20000	7.8	-12703
20000	7.85	-14256
20000	7.9	-16131
20000	7.95	-18152
20000	8	-19801
20000	8.05	-21011
20000	8.1	-21824
20000	8.15	-22497
20000	8.2	-23062
20000	8.25	-22247
20000	8.3	-21572
20000	8.35	-19667
20000	8.4	-17731
20000	8.45	-15497
20000	8.5	-12814
20000	8.55	-9888
20000	8.6	-6649
20000	8.65	-3375
20000	8.7	-297
20000	8.75	2374
20000	8.8	5061
20000	8.85	7611
20000	8.9	9443
20000	8.95	10222
20000	9	12549
20000	9.05	12874
20000	9.1	13297
20000	9.15	13631
20000	9.2	14084
20000	9.25	13952
20000	9.3	13447
20000	9.35	13597
20000	9.4	12463
20000	9.45	11934
20000	9.5	11588
20000	9.55	10723
20000	9.6	9760
20000	9.65	9228
20000	9.7	8413
20000	9.75	7668
20000	9.8	7106
20000	9.85	6452
20000	9.9	6265
20000	9.95	5481
20000	10	5084
20000	10.05	4828
20000	10.1	4321
20000	10.15	3907
20000	10.2	3601
20000	10.25	3251
20000	10.3	2833
20000	10.35	2781
20000	10.4	2558
20000	10.45	2353
20000	10.5	1918
20000	10.55	1789
20000	10.6	1630
20000	10.65	1482
20000	10.7	1419
20000	10.75	1361
20000	10.8	1118
20000	10.85	1063
20000	10.9	887
20000	10.95	870
20000	11	805
20000	11.05	598
20000	11.1	610
20000	11.15	435
20000	11.2	320
20000	11.25	233
20000	11.3	276
20000	11.35	275
20000	11.4	46
20000	11.45	42
20000	11.5	-100
20000	11.55	-162
20000	11.6	-239
20000	11.65	-111
20000	11.7	-247
20000	11.75	-403
20000	11.8	-504
20000	11.85	-510
20000	11.9	-519
20000	11.95	-637
20000	12	-795
20000	12.05	-772
20000	12.1	-808
20000	12.15	-848
20000	12.2	-824
20000	12.25	-981
20000	12.3	-1051
20000	12.35	-1170
20000	12.4	-1255
20000	12.45	-1382
20000	12.5	-1333
20000	12.55	-1324
20000	12.6	-1208
20000	12.65	-1447
20000	12.7	-1575
20000	12.75	-1472
20000	12.8	-1471
20000	12.85	-1531
20000	12.9	-1539
20000	12.95	-1256
20000	13	-1358
20000	13.05	-1391
20000	13.1	-1294
20000	13.15	-1241
20000	13.2	-1174
20000	13.25	-1054
20000	13.3	-884
20000	13.35	-810
20000	13.4	-627
20000	13.45	-633
20000	13.5	-615
20000	13.55	-138
20000	13.6	-92
20000	13.65	254
20000	13.7	226
20000	13.75	522
20000	13.8	814
20000	13.85	1014
20000	13.9	1280
20000	13.95	1594
20000	14	1774
20000	14.05	1878
20000	14.1	2033
20000	14.15	2079
20000	14.2	2290
20000	14.25	2460
20000	14.3	2794
20000	14.35	2869
20000	14.4	2908
20000	14.45	3058
20000	14.5	3144
20000	14.55	2895
20000	14.6	3118
20000	14.65	2991
20000	14.7	3049
20000	14.75	3054
20000	14.8	3137
20000	14.85	3035
20000	14.9	2747
20000	14.95	2739
20000	15	2767
20000	15.05	2574
20000	15.1	2517
20000	15.15	2405
20000	15.2	2261
20000	15.25	2090
20000	15.3	2049
20000	15.35	1907
20000	15.4	1893
20000	15.45	1716
20000	15.5	1654
20000	15.55	1621
20000	15.6	1394
20000	15.65	1182
20000	15.7	1295
20000	15.75	1220
20000	15.8	1043
20000	15.85	1036
20000	15.9	984
20000	15.95	829
20000	16	715
20000	16.05	773
20000	16.1	695
20000	16.15	670
20000	16.2	636
20000	16.25	586
20000	16.3	405
20000	16.35	407
20000	16.4	356
20000	16.45	343
20000	16.5	170
20000	16.55	111
20000	16.6	149
20000	16.65	35
20000	16.7	-91
20000	16.75	-118
20000	16.8	-190
20000	16.85	-318
20000	16.9	-383
20000	16.95	-539
20000	17	-682
20000	17.05	-812
20000	17.1	-903
20000	17.15	-1350
20000	17.2	-1453
20000	17.25	-1833
20000	17.3	-2214
20000	17.35	-2548
20000	17.4	-3295
20000	17.45	-3743
20000	17.5	-4447
20000	17.55	-5557
20000	17.6	-6521
20000	17.65	-7760
20000	17.7	-9102
20000	17.75	-10778
20000	17.8	-12193
20000	17.85	-14374
20000	17.9	-16064
20000	17.95	-18351
20000	18	-19899
20000	18.05	-21110
20000	18.1	-21891
20000	18.15	-23211
20000	18.2	-22914
20000	18.25	-22955
20000	18.3	-21887
20000	18.35	-20217
20000	18.4	-17631
20000	18.45	-15308
20000	18.5	-12969
20000	18.55	-10144
20000	18.6	-6922
20000	18.65	-3193
20000	18.7	-357
20000	18.75	2103
20000	18.8	5083
20000	18.85	7513
20000	18.9	9578
20000	18.95	11172
20000	19	12153
20000	19.05	13272
20000	19.1	13499
20000	19.15	14124
20000	19.2	14174
20000	19.25	13696
20000	19.3	14107
20000	19.35	13675
20000	19.4	12893
20000	19.45	12460
20000	19.5	11440
20000	19.55	10747
20000	19.6	9915
20000	19.65	9455
20000	19.7	8854
20000	19.75	7632
20000	19.8	7016
20000	19.85	6766
20000	19.9	6185
20000	19.95	5638
20000	20	5125
20000	20.05	4880
20000	20.1	4277
20000	20.15	3819
20000	20.2	3600
20000	20.25	3139
20000	20.3	2901
20000	20.35	2881
20000	20.4	2595
20000	20.45	2216
20000	20.5	1999
20000	20.55	1956
20000	20.6	1834
20000	20.65	1573
20000	20.7	1581
20000	20.75	1335
20000	20.8	1185
20000	20.85	1133
20000	20.9	916
20000	20.95	865
20000	21	642
20000	21.05	608
20000	21.1	524
20000	21.15	484
20000	21.2	232
20000	21.25	296
20000	21.3	293
20000	21.35	17
20000	21.4	-144
20000	21.45	-15
20000	21.5	-135
20000	21.55	-87
20000	21.6	-297
20000	21.65	-240
20000	21.7	-131
20000	21.75	-361
20000	21.8	-382
20000	21.85	-763
20000	21.9	-542
20000	21.95	-712
20000	22	-788
20000	22.05	-771
20000	22.1	-769
20000	22.15	-883
20000	22.2	-910
20000	22.25	-1000
20000	22.3	-1078
20000	22.35	-1244
20000	22.4	-1215
20000	22.45	-1372
20000	22.5	-1213
20000	22.55	-1258
20000	22.6	-1533
20000	22.65	-1493
20000	22.7	-1615
20000	22.75	-1482
20000	22.8	-1481
20000	22.85	-1560
20000	22.9	-1568
20000	22.95	-1454
20000	23	-1392
20000	23.05	-1516
20000	23.1	-1434
20000	23.15	-1337
20000	23.2	-1073
20000	23.25	-1195
20000	23.3	-980
20000	23.35	-792
20000	23.4	-609
20000	23.45	-570
20000	23.5	-312
20000	23.55	-154
20000	23.6	-87
20000	23.65	131
20000	23.7	427
20000	23.75	475
20000	23.8	873
20000	23.85	1091
20000	23.9	1172
20000	23.95	1300
20000	24	1534
20000	24.05	1932
20000	24.1	2117
20000	24.15	2335
20000	24.2	2358
20000	24.25	2527
20000	24.3	2743
20000	24.35	2793
20000	24.4	2932
20000	24.45	3092
20000	24.5	3225
20000	24.55	3081
20000	24.6	3199
20000	24.65	3058
20000	24.7	3165
20000	24.75	3169
20000	24.8	3137
20000	24.85	3066
20000	24.9	2866
20000	24.95	2784
20000	25	2864
20000	25.05	2530
20000	25.1	2488
20000	25.15	2564
20000	25.2	2338
20000	25.25	2123
20000	25.3	1926
20000	25.35	1917
20000	25.4	1840
20000	25.45	1707
20000	25.5	1583
20000	25.55	1563
20000	25.6	1496
20000	25.65	1316
20000	25.7	1162
20000	25.75	1264
20000	25.8	1080
20000	25.85	1081
20000	25.9	946
20000	25.95	971
20000	26	772
20000	26.05	714
20000	26.1	622
20000	26.15	539
20000	26.2	500
20000	26.25	383
20000	26.3	438
20000	26.35	380
20000	26.4	303
20000	26.45	299
20000	26.5	186
20000	26.55	234
20000	26.6	57
20000	26.65	144
20000	26.7	87
20000	26.75	-89
20000	26.8	-218
20000	26.85	-266
20000	26.9	-536
20000	26.95	-482
20000	27	-636
20000	27.05	-873
20000	27.1	-1039
20000	27.15	-1214
20000	27.2	-1395
20000	27.25	-1790
20000	27.3	-2223
20000	27.35	-2653
20000	27.4	-3146
20000	27.45	-4008
20000	27.5	-4539
20000	27.55	-5373
20000	27.6	-6670
20000	27.65	-7999
20000	27.7	-9049
20000	27.75	-10730
20000	27.8	-12251
20000	27.85	-14417
20000	27.9	-16223
20000	27.95	-17898
20000	28	-19567
20000	28.05	-21100
20000	28.1	-22533
20000	28.15	-23019
20000	28.2	-22653
20000	28.25	-22752
20000	28.3	-21343
20000	28.35	-20042
20000	28.4	-17977
20000	28.45	-15677
20000	28.5	-12317
20000	28.55	-9501
20000	28.6	-6328
20000	28.65	-3331
20000	28.7	-822
20000	28.75	2520
20000	28.8	5219
20000	28.85	7223
20000	28.9	8863
20000	28.95	10572
20000	29	12180
20000	29.05	13380
20000	29.1	14051
20000	29.15	13977
20000	29.2	14276
20000	29.25	14014
20000	29.3	13985
20000	29.35	13323
20000	29.4	12428
20000	29.45	11720
20000	29.5	11285
20000	29.55	10874
20000	29.6	9806
20000	29.65	9081
20000	29.7	8419
20000	29.75	7803
20000	29.8	7301
20000	29.85	6444
20000	29.9	6058
20000	29.95	5477
40000	0	5078
40000	0.05	4691
40000	0.1	4301
40000	0.15	3741
40000	0.2	3574
40000	0.25	3319
40000	0.3	3122
40000	0.35	2883
40000	0.4	2560
40000	0.45	2225
40000	0.5	1949
40000	0.55	1829
40000	0.6	1813
40000	0.65	1580
40000	0.7	1419
40000	0.75	1209
40000	0.8	1089
40000	0.85	1087
40000	0.9	902
40000	0.95	832
40000	1	611
40000	1.05	615
40000	1.1	619
40000	1.15	469
40000	1.2	398
40000	1.25	338
40000	1.3	238
40000	1.35	85
40000	1.4	-22
40000	1.45	147
40000	1.5	-3
40000	1.55	-113
40000	1.6	-163
40000	1.65	-176
40000	1.7	-396
40000	1.75	-506
40000	1.8	-402
40000	1.85	-488
40000	1.9	-652
40000	1.95	-747
40000	2	-576
40000	2.05	-853
40000	2.1	-901
40000	2.15	-995
40000	2.2	-979
40000	2.25	-1087
40000	2.3	-1043
40000	2.35	-1122
40000	2.4	-1233
40000	2.45	-1290
40000	2.5	-1235
40000	2.55	-1342
40000	2.6	-1343
40000	2.65	-1502
40000	2.7	-1456
40000	2.75	-1367
40000	2.8	-1455
40000	2.85	-1674
40000	2.9	-1511
40000	2.95	-1338
40000	3	-1604
40000	3.05	-1570
40000	3.1	-1343
40000	3.15	-1123
40000	3.2	-1282
40000	3.25	-1102
40000	3.3	-898
40000	3.35	-806
40000	3.4	-679
40000	3.45	-807
40000	3.5	-486
40000	3.55	-13
40000	3.6	-125
40000	3.65	-28
40000	3.7	374
40000	3.75	452
40000	3.8	845
40000	3.85	1025
40000	3.9	1075
40000	3.95	1459
40000	4	1758
40000	4.05	1873
40000	4.1	2055
40000	4.15	2227
40000	4.2	2452
40000	4.25	2540
40000	4.3	2694
40000	4.35	2940
40000	4.4	3012
40000	4.45	3057
40000	4.5	3231
40000	4.55	3292
40000	4.6	3126
40000	4.65	2927
40000	4.7	3144
40000	4.75	3230
40000	4.8	3135
40000	4.85	3068
40000	4.9	2995
40000	4.95	2748
40000	5	2719
40000	5.05	2680
40000	5.1	2510
40000	5.15	2356
40000	5.2	2316
40000	5.25	2220
40000	5.3	2038
40000	5.35	1874
40000	5.4	1874
40000	5.45	1743
40000	5.5	1599
40000	5.55	1450
40000	5.6	1482
40000	5.65	1279
40000	5.7	1283
40000	5.75	1252
40000	5.8	1013
40000	5.85	1103
40000	5.9	896
40000	5.95	1037
40000	6	834
40000	6.05	748
40000	6.1	745
40000	6.15	591
40000	6.2	482
40000	6.25	439
40000	6.3	487
40000	6.35	391
40000	6.4	282
40000	6.45	320
40000	6.5	236
40000	6.55	127
40000	6.6	57
40000	6.65	59
40000	6.7	-62
40000	6.75	-91
40000	6.8	-188
40000	6.85	-263
40000	6.9	-383
40000	6.95	-517
40000	7	-627
40000	7.05	-793
40000	7.1	-1042
40000	7.15	-1296
40000	7.2	-1613
40000	7.25	-1795
40000	7.3	-2198
40000	7.35	-2437
40000	7.4	-3179
40000	7.45	-3839
40000	7.5	-4513
40000	7.55	-5455
40000	7.6	-6133
40000	7.65	-7651
40000	7.7	-9335
40000	7.75	-10697
40000	7.8	-12222
40000	7.85	-13915
40000	7.9	-16137
40000	7.95	-18136
40000	8	-19419
40000	8.05	-20594
40000	8.1	-22002
40000	8.15	-23038
40000	8.2	-22572
40000	8.25	-22634
40000	8.3	-21307
40000	8.35	-19559
40000	8.4	-17887
40000	8.45	-15109
40000	8.5	-12601
40000	8.55	-10016
40000	8.6	-6373
40000	8.65	-3777
40000	8.7	-938
40000	8.75	2478
40000	8.8	4943
40000	8.85	7205
40000	8.9	9224
40000	8.95	11267
40000	9	12435
40000	9.05	12561
40000	9.1	13534
40000	9.15	14044
40000	9.2	14061
40000	9.25	14016
40000	9.3	13628
40000	9.35	13297
40000	9.4	12915
40000	9.45	12228
40000	9.5	11278
40000	9.55	10429
40000	9.6	9990
40000	9.65	9065
40000	9.7	8258
40000	9.75	7936
40000	9.8	7067
40000	9.85	6679
40000	9.9	6210
40000	9.95	5730
40000	10	5097
40000	10.05	4625
40000	10.1	4344
40000	10.15	3702
40000	10.2	3387
40000	10.25	3306
40000	10.3	2962
40000	10.35	2708
40000	10.4	2452
40000	10.45	2282
40000	10.5	2181
40000	10.55	1796
40000	10.6	1654
40000	10.65	1622
40000	10.7	1467
40000	10.75	1185
40000	10.8	1168
40000	10.85	1025
40000	10.9	902
40000	10.95	807
40000	11	739
40000	11.05	573
40000	11.1	711
40000	11.15	482
40000	11.2	304
40000	11.25	265
40000	11.3	123
40000	11.35	82
40000	11.4	79
40000	11.45	-114
40000	11.5	-54
40000	11.55	-102
40000	11.6	-181
40000	11.65	-322
40000	11.7	-382
40000	11.75	-336
40000	11.8	-464
40000	11.85	-614
40000	11.9	-480
40000	11.95	-652
40000	12	-793
40000	12.05	-701
40000	12.1	-864
40000	12.15	-954
40000	12.2	-953
40000	12.25	-981
40000	12.3	-1130
40000	12.35	-1047
40000	12.4	-1105
40000	12.45	-1350
40000	12.5	-1305
40000	12.55	-1422
40000	12.6	-1383
40000	12.65	-1475
40000	12.7	-1484
40000	12.75	-1465
40000	12.8	-1455
40000	12.85	-1592
40000	12.9	-1346
40000	12.95	-1609
40000	13	-1409
40000	13.05	-1352
40000	13.1	-1302
40000	13.15	-1046
40000	13.2	-1336
40000	13.25	-1106
40000	13.3	-1068
40000	13.35	-955
40000	13.4	-622
40000	13.45	-742
40000	13.5	-476
40000	13.55	-98
40000	13.6	-66
40000	13.65	259
40000	13.7	253
40000	13.75	721
40000	13.8	731
40000	13.85	1036
40000	13.9	1357
40000	13.95	1486
40000	14	1594
40000	14.05	1832
40000	14.1	1990
40000	14.15	2290
40000	14.2	2367
40000	14.25	2694
40000	14.3	2477
40000	14.35	2825
40000	14.4	2870
40000	14.45	2876
40000	14.5	3093
40000	14.55	3154
40000	14.6	2997
40000	14.65	3076
40000	14.7	3364
40000	14.75	3184
40000	14.8	2988
40000	14.85	3173
40000	14.9	2765
40000	14.95	2876
40000	15	2681
40000	15.05	2660
40000	15.1	2439
40000	15.15	2446
40000	15.2	2217
40000	15.25	2206
40000	15.3	1974
40000	15.35	1902
40000	15.4	1936
40000	15.45	1733
40000	15.5	1601
40000	15.55	1564
40000	15.6	1418
40000	15.65	1299
40000	15.7	1203
40000	15.75	1070
40000	15.8	1110
40000	15.85	982
40000	15.9	852
40000	15.95	944
40000	16	745
40000	16.05	665
40000	16.1	672
40000	16.15	694
40000	16.2	545
40000	16.25	632
40000	16.3	534
40000	16.35	404
40000	16.4	348
40000	16.45	257
40000	16.5	180
40000	16.55	220
40000	16.6	151
40000	16.65	95
40000	16.7	-44
40000	16.75	-143
40000	16.8	-151
40000	16.85	-350
40000	16.9	-508
40000	16.95	-481
40000	17	-653
40000	17.05	-829
40000	17.1	-998
40000	17.15	-1141
40000	17.2	-1572
40000	17.25	-1763
40000	17.3	-2424
40000	17.35	-2551
40000	17.4	-3108
40000	17.45	-3830
40000	17.5	-4525
40000	17.55	-5593
40000	17.6	-6594
40000	17.65	-7987
40000	17.7	-9267
40000	17.75	-10849
40000	17.8	-12839
40000	17.85	-14782
40000	17.9	-16650
40000	17.95	-17920
40000	18	-20284
40000	18.05	-21263
40000	18.1	-22745
40000	18.15	-23277
40000	18.2	-23213
40000	18.25	-23083
40000	18.3	-21783
40000	18.35	-19854
40000	18.4	-18211
40000	18.45	-15171
40000	18.5	-13627
40000	18.55	-9853
40000	18.6	-7043
40000	18.65	-3628
40000	18.7	-409
40000	18.75	2596
40000	18.8	5015
40000	18.85	7097
40000	18.9	9682
40000	18.95	10879
40000	19	12087
40000	19.05	13616
40000	19.1	14312
40000	19.15	14430
40000	19.2	14058
40000	19.25	14222
40000	19.3	13503
40000	19.35	13660
40000	19.4	12886
40000	19.45	12299
40000	19.5	11248
40000	19.55	10323
40000	19.6	10021
40000	19.65	9472
40000	19.7	8330
40000	19.75	8141
40000	19.8	7294
40000	19.85	6455
40000	19.9	6114
40000	19.95	5600
40000	20	5230
40000	20.05	4762
40000	20.1	4355
40000	20.15	3918
40000	20.2	3568
40000	20.25	3356
40000	20.3	2986
40000	20.35	2880
40000	20.4	2427
40000	20.45	2160
40000	20.5	2058
40000	20.55	1849
40000	20.6	1760
40000	20.65	1588
40000	20.7	1426
40000	20.75	1396
40000	20.8	1197
40000	20.85	1137
40000	20.9	987
40000	20.95	877
40000	21	727
40000	21.05	642
40000	21.1	442
40000	21.15	576
40000	21.2	316
40000	21.25	323
40000	21.3	125
40000	21.35	26
40000	21.4	41
40000	21.45	-41
40000	21.5	88
40000	21.55	-134
40000	21.6	-319
40000	21.65	-278
40000	21.7	-356
40000	21.75	-315
40000	21.8	-460
40000	21.85	-511
40000	21.9	-612
40000	21.95	-684
40000	22	-726
40000	22.05	-749
40000	22.1	-815
40000	22.15	-744
40000	22.2	-1022
40000	22.25	-1106
40000	22.3	-1098
40000	22.35	-1113
40000	22.4	-1245
40000	22.45	-1232
40000	22.5	-1307
40000	22.55	-1411
40000	22.6	-1488
40000	22.65	-1422
40000	22.7	-1383
40000	22.75	-1429
40000	22.8	-1574
40000	22.85	-1428
40000	22.9	-1537
40000	22.95	-1442
40000	23	-1554
40000	23.05	-1469
40000	23.1	-1504
40000	23.15	-1362
40000	23.2	-1165
40000	23.25	-1198
40000	23.3	-982
40000	23.35	-917
40000	23.4	-708
40000	23.45	-454
40000	23.5	-470
40000	23.55	-88
40000	23.6	-23
40000	23.65	-166
40000	23.7	426
40000	23.75	757
40000	23.8	801
40000	23.85	1041
40000	23.9	1321
40000	23.95	1233
40000	24	1667
40000	24.05	1904
40000	24.1	2090
40000	24.15	2491
40000	24.2	2329
40000	24.25	2488
40000	24.3	2700
40000	24.35	2700
40000	24.4	2939
40000	24.45	3001
40000	24.5	3190
40000	24.55	2982
40000	24.6	3056
40000	24.65	3200
40000	24.7	3314
40000	24.75	3013
40000	24.8	3100
40000	24.85	3086
40000	24.9	2995
40000	24.95	2735
40000	25	2674
40000	25.05	2634
40000	25.1	2397
40000	25.15	2424
40000	25.2	2382
40000	25.25	2166
40000	25.3	2034
40000	25.35	1942
40000	25.4	1896
40000	25.45	1858
40000	25.5	1572
40000	25.55	1632
40000	25.6	1500
40000	25.65	1282
40000	25.7	1269
40000	25.75	1162
40000	25.8	1023
40000	25.85	993
40000	25.9	935
40000	25.95	865
40000	26	839
40000	26.05	746
40000	26.1	600
40000	26.15	574
40000	26.2	603
40000	26.25	538
40000	26.3	447
40000	26.35	338
40000	26.4	384
40000	26.45	348
40000	26.5	145
40000	26.55	267
40000	26.6	80
40000	26.65	-12
40000	26.7	-74
40000	26.75	-154
40000	26.8	-130
40000	26.85	-343
40000	26.9	-426
40000	26.95	-501
40000	27	-612
40000	27.05	-807
40000	27.1	-1041
40000	27.15	-1229
40000	27.2	-1575
40000	27.25	-1822
40000	27.3	-2181
40000	27.35	-2558
40000	27.4	-2954
40000	27.45	-3928
40000	27.5	-4628
40000	27.55	-5507
40000	27.6	-6542
40000	27.65	-7648
40000	27.7	-9234
40000	27.75	-10655
40000	27.8	-12350
40000	27.85	-14265
40000	27.9	-16132
40000	27.95	-17941
40000	28	-19639
40000	28.05	-20954
40000	28.1	-21494
40000	28.15	-22630
40000	28.2	-22944
40000	28.25	-22493
40000	28.3	-21538
40000	28.35	-20369
40000	28.4	-17522
40000	28.45	-15506
40000	28.5	-12869
40000	28.55	-9358
40000	28.6	-6162
40000	28.65	-4066
40000	28.7	-194
40000	28.75	2268
40000	28.8	4665
40000	28.85	7429
40000	28.9	9408
40000	28.95	11186
40000	29	12152
40000	29.05	13174
40000	29.1	13527
40000	29.15	14057
40000	29.2	14351
40000	29.25	13950
40000	29.3	13236
40000	29.35	12919
40000	29.4	12615
40000	29.45	11835
40000	29.5	11416
40000	29.55	10445
40000	29.6	10035
40000	29.65	9335
40000	29.7	8511
40000	29.75	7639
40000	29.8	7277
40000	29.85	6701
40000	29.9	6047
40000	29.95	5589
60000	0	5053
60000	0.05	4777
60000	0.1	4254
60000	0.15	4122
60000	0.2	3672
60000	0.25	3227
60000	0.3	3097
60000	0.35	2712
60000	0.4	2515
60000	0.45	2312
60000	0.5	2031
60000	0.55	1981
60000	0.6	1788
60000	0.65	1641
60000	0.7	1365
60000	0.75	1311
60000	0.8	1157
60000	0.85	1017
60000	0.9	1010
60000	0.95	711
60000	1	691
60000	1.05	552
60000	1.1	455
60000	1.15	415
60000	1.2	281
60000	1.25	198
60000	1.3	356
60000	1.35	112
60000	1.4	72
60000	1.45	-62
60000	1.5	-137
60000	1.55	18
60000	1.6	-247
60000	1.65	-317
60000	1.7	-462
60000	1.75	-388
60000	1.8	-538
60000	1.85	-613
60000	1.9	-679
60000	1.95	-538
60000	2	-864
60000	2.05	-795
60000	2.1	-828
60000	2.15	-843
60000	2.2	-875
60000	2.25	-1086
60000	2.3	-1112
60000	2.35	-1113
60000	2.4	-1276
60000	2.45	-1512
60000	2.5	-1376
60000	2.55	-1370
60000	2.6	-1350
60000	2.65	-1489
60000	2.7	-1398
60000	2.75	-1449
60000	2.8	-1476
60000	2.85	-1581
60000	2.9	-1591
60000	2.95	-1399
60000	3	-1536
60000	3.05	-1334
60000	3.1	-1258
60000	3.15	-1352
60000	3.2	-1126
60000	3.25	-1113
60000	3.3	-1161
60000	3.35	-974
60000	3.4	-710
60000	3.45	-793
60000	3.5	-440
60000	3.55	-232
60000	3.6	73
60000	3.65	162
60000	3.7	250
60000	3.75	493
60000	3.8	696
60000	3.85	890
60000	3.9	1094
60000	3.95	1464
60000	4	1875
60000	4.05	1608
60000	4.1	2031
60000	4.15	2291
60000	4.2	2492
60000	4.25	2604
60000	4.3	2719
60000	4.35	2843
60000	4.4	2937
60000	4.45	2943
60000	4.5	3255
60000	4.55	3150
60000	4.6	3118
60000	4.65	3147
60000	4.7	3044
60000	4.75	3169
60000	4.8	2969
60000	4.85	3060
60000	4.9	3004
60000	4.95	2839
60000	5	2614
60000	5.05	2487
60000	5.1	2631
60000	5.15	2172
60000	5.2	2322
60000	5.25	2214
60000	5.3	2052
60000	5.35	2122
60000	5.4	1869
60000	5.45	1770
60000	5.5	1527
60000	5.55	1540
60000	5.6	1483
60000	5.65	1430
60000	5.7	1293
60000	5.75	1123
60000	5.8	1127
60000	5.85	1063
60000	5.9	892
60000	5.95	888
60000	6	790
60000	6.05	688
60000	6.1	684
60000	6.15	617
60000	6.2	516
60000	6.25	638
60000	6.3	325
60000	6.35	344
60000	6.4	397
60000	6.45	298
60000	6.5	202
60000	6.55	191
60000	6.6	120
60000	6.65	-11
60000	6.7	-127
60000	6.75	-140
60000	6.8	-102
60000	6.85	-314
60000	6.9	-352
60000	6.95	-614
60000	7	-723
60000	7.05	-770
60000	7.1	-915
60000	7.15	-1212
60000	7.2	-1547
60000	7.25	-1835
60000	7.3	-2289
60000	7.35	-2798
60000	7.4	-3078
60000	7.45	-3804
60000	7.5	-4599
60000	7.55	-5674
60000	7.6	-6585
60000	7.65	-7866
60000	7.7	-9293
60000	7.75	-11141
60000	7.8	-12557
60000	7.85	-14548
60000	7.9	-16301
60000	7.95	-18424
60000	8	-20077
60000	8.05	-21393
60000	8.1	-22699
60000	8.15	-23024
60000	8.2	-23418
60000	8.25	-23066
60000	8.3	-21767
60000	8.35	-20646
60000	8.4	-18138
60000	8.45	-15529
60000	8.5	-12860
60000	8.55	-9391
60000	8.6	-6718
60000	8.65	-3264
60000	8.7	-887
60000	8.75	2140
60000	8.8	5280
60000	8.85	7013
60000	8.9	9578
60000	8.95	11111
60000	9	12464
60000	9.05	13497
60000	9.1	13918
60000	9.15	13954
60000	9.2	13958
60000	9.25	14177
60000	9.3	14003
60000	9.35	13384
60000	9.4	12831
60000	9.45	12322
60000	9.5	11270
60000	9.55	10909
60000	9.6	10378
60000	9.65	9265
60000	9.7	8609
60000	9.75	7955
60000	9.8	7407
60000	9.85	6638
60000	9.9	6153
60000	9.95	5622
60000	10	5092
60000	10.05	4828
60000	10.1	4313
60000	10.15	3946
60000	10.2	3468
60000	10.25	3497
60000	10.3	3048
60000	10.35	2969
60000	10.4	2441
60000	10.45	2278
60000	10.5	2041
60000	10.55	1903
60000	10.6	1544
60000	10.65	1602
60000	10.7	1335
60000	10.75	1307
60000	10.8	1133
60000	10.85	1074
60000	10.9	900
60000	10.95	817
60000	11	764
60000	11.05	662
60000	11.1	559
60000	11.15	292
60000	11.2	426
60000	11.25	358
60000	11.3	159
60000	11.35	88
60000	11.4	165
60000	11.45	-43
60000	11.5	-131
60000	11.55	-117
60000	11.6	-123
60000	11.65	-268
60000	11.7	-417
60000	11.75	-476
60000	11.8	-454
60000	11.85	-506
60000	11.9	-646
60000	11.95	-744
60000	12	-848
60000	12.05	-772
60000	12.1	-881
60000	12.15	-928
60000	12.2	-1092
60000	12.25	-1050
60000	12.3	-1042
60000	12.35	-893
60000	12.4	-1117
60000	12.45	-1270
60000	12.5	-1314
60000	12.55	-1428
60000	12.6	-1452
60000	12.65	-1391
60000	12.7	-1618
60000	12.75	-1511
60000	12.8	-1713
60000	12.85	-1608
60000	12.9	-1503
60000	12.95	-1469
60000	13	-1716
60000	13.05	-1350
60000	13.1	-1333
60000	13.15	-1553
60000	13.2	-1463
60000	13.25	-903
60000	13.3	-976
60000	13.35	-908
60000	13.4	-672
60000	13.45	-548
60000	13.5	-455
60000	13.55	-353
60000	13.6	-83
60000	13.65	42
60000	13.7	553
60000	13.75	655
60000	13.8	786
60000	13.85	957
60000	13.9	1059
60000	13.95	1522
60000	14	1600
60000	14.05	1615
60000	14.1	2030
60000	14.15	2291
60000	14.2	2382
60000	14.25	2394
60000	14.3	2788
60000	14.35	2711
60000	14.4	2803
60000	14.45	3097
60000	14.5	3170
60000	14.55	3193
60000	14.6	3203
60000	14.65	3157
60000	14.7	3005
60000	14.75	3106
60000	14.8	3159
60000	14.85	3052
60000	14.9	2956
60000	14.95	2984
60000	15	2750
60000	15.05	2602
60000	15.1	2567
60000	15.15	2225
60000	15.2	2358
60000	15.25	2027
60000	15.3	2024
60000	15.35	2012
60000	15.4	1928
60000	15.45	1723
60000	15.5	1653
60000	15.55	1467
60000	15.6	1392
60000	15.65	1427
60000	15.7	1250
60000	15.75	1164
60000	15.8	1028
60000	15.85	1036
60000	15.9	863
60000	15.95	885
60000	16	720
60000	16.05	700
60000	16.1	617
60000	16.15	609
60000	16.2	684
60000	16.25	519
60000	16.3	383
60000	16.35	447
60000	16.4	380
60000	16.45	341
60000	16.5	308
60000	16.55	257
60000	16.6	165
60000	16.65	51
60000	16.7	-96
60000	16.75	-78
60000	16.8	-206
60000	16.85	-339
60000	16.9	-250
60000	16.95	-537
60000	17	-723
60000	17.05	-868
60000	17.1	-976
60000	17.15	-1110
60000	17.2	-1484
60000	17.25	-1760
60000	17.3	-2141
60000	17.35	-2610
60000	17.4	-3140
60000	17.45	-3941
60000	17.5	-4482
60000	17.55	-5383
60000	17.6	-6293
60000	17.65	-7655
60000	17.7	-9133
60000	17.75	-10626
60000	17.8	-12320
60000	17.85	-13720
60000	17.9	-15706
60000	17.95	-17922
60000	18	-19026
60000	18.05	-20676
60000	18.1	-21829
60000	18.15	-22113
60000	18.2	-22487
60000	18.25	-21935
60000	18.3	-21297
60000	18.35	-19564
60000	18.4	-17757
60000	18.45	-15193
60000	18.5	-12249
60000	18.55	-9703
60000	18.6	-6826
60000	18.65	-3389
60000	18.7	-722
60000	18.75	2145
60000	18.8	5041
60000	18.85	6795
60000	18.9	9335
60000	18.95	10618
60000	19	12354
60000	19.05	13384
60000	19.1	13380
60000	19.15	13851
60000	19.2	13701
60000	19.25	13996
60000	19.3	13766
60000	19.35	12939
60000	19.4	12364
60000	19.45	11861
60000	19.5	11246
60000	19.55	10336
60000	19.6	9848
60000	19.65	8812
60000	19.7	8320
60000	19.75	7675
60000	19.8	7122
60000	19.85	6557
60000	19.9	6158
60000	19.95	5622
60000	20	4980
60000	20.05	4602
60000	20.1	4192
60000	20.15	3861
60000	20.2	3345
60000	20.25	3116
60000	20.3	2913
60000	20.35	2759
60000	20.4	2508
60000	20.45	2082
60000	20.5	2044
60000	20.55	1765
60000	20.6	1763
60000	20.65	1599
60000	20.7	1454
60000	20.75	1201
60000	20.8	1159
60000	20.85	962
60000	20.9	1047
60000	20.95	799
60000	21	770
60000	21.05	584
60000	21.1	584
60000	21.15	425
60000	21.2	414
60000	21.25	284
60000	21.3	227
60000	21.35	132
60000	21.4	5
60000	21.45	49
60000	21.5	-3
60000	21.55	-87
60000	21.6	-171
60000	21.65	-316
60000	21.7	-442
60000	21.75	-450
60000	21.8	-578
60000	21.85	-432
60000	21.9	-545
60000	21.95	-632
60000	22	-731
60000	22.05	-799
60000	22.1	-737
60000	22.15	-924
60000	22.2	-889
60000	22.25	-959
60000	22.3	-1126
60000	22.35	-845
60000	22.4	-1208
60000	22.45	-1248
60000	22.5	-1285
60000	22.55	-1223
60000	22.6	-1489
60000	22.65	-1463
60000	22.7	-1641
60000	22.75	-1272
60000	22.8	-1437
60000	22.85	-1535
60000	22.9	-1507
60000	22.95	-1452
60000	23	-1347
60000	23.05	-1338
60000	23.1	-1354
60000	23.15	-1382
60000	23.2	-1011
60000	23.25	-989
60000	23.3	-793
60000	23.35	-949
60000	23.4	-774
60000	23.45	-523
60000	23.5	-278
60000	23.55	-227
60000	23.6	68
60000	23.65	82
60000	23.7	126
60000	23.75	536
60000	23.8	808
60000	23.85	837
60000	23.9	1056
60000	23.95	1519
60000	24	1589
60000	24.05	1812
60000	24.1	2174
60000	24.15	2241
60000	24.2	2461
60000	24.25	2445
60000	24.3	2559
60000	24.35	2782
60000	24.4	2745
60000	24.45	3171
60000	24.5	3018
60000	24.55	3097
60000	24.6	3115
60000	24.65	3005
60000	24.7	3055
60000	24.75	3261
60000	24.8	3012
60000	24.85	3136
60000	24.9	2850
60000	24.95	2763
60000	25	2660
60000	25.05	2661
60000	25.1	2400
60000	25.15	2405
60000	25.2	2354
60000	25.25	2185
60000	25.3	2006
60000	25.35	1968
60000	25.4	1850
60000	25.45	1822
60000	25.5	1663
60000	25.55	1508
60000	25.6	1385
60000	25.65	1343
60000	25.7	1220
60000	25.75	1195
60000	25.8	1068
60000	25.85	977
60000	25.9	881
60000	25.95	918
60000	26	781
60000	26.05	740
60000	26.1	701
60000	26.15	677
60000	26.2	579
60000	26.25	493
60000	26.3	324
60000	26.35	368
60000	26.4	313
60000	26.45	269
60000	26.5	175
60000	26.55	86
60000	26.6	91
60000	26.65	40
60000	26.7	-10
60000	26.75	-93
60000	26.8	-226
60000	26.85	-168
60000	26.9	-455
60000	26.95	-479
60000	27	-680
60000	27.05	-787
60000	27.1	-966
60000	27.15	-1200
60000	27.2	-1355
60000	27.25	-1790
60000	27.3	-2117
60000	27.35	-2576
60000	27.4	-3223
60000	27.45	-3838
60000	27.5	-4629
60000	27.55	-5486
60000	27.6	-6726
60000	27.65	-7612
60000	27.7	-9013
60000	27.75	-11033
60000	27.8	-12540
60000	27.85	-14386
60000	27.9	-16055
60000	27.95	-17997
60000	28	-20157
60000	28.05	-21378
60000	28.1	-22376
60000	28.15	-22920
60000	28.2	-22726
60000	28.25	-22570
60000	28.3	-21542
60000	28.35	-19964
60000	28.4	-18101
60000	28.45	-15582
60000	28.5	-13050
60000	28.55	-9324
60000	28.6	-6914
60000	28.65	-3939
60000	28.7	-577
60000	28.75	2416
60000	28.8	5238
60000	28.85	6848
60000	28.9	8897
60000	28.95	11399
60000	29	12306
60000	29.05	13320
60000	29.1	13737
60000	29.15	14085
60000	29.2	14264
60000	29.25	13901
60000	29.3	13848
60000	29.35	13233
60000	29.4	12691
60000	29.45	12129
60000	29.5	11489
60000	29.55	10740
60000	29.6	9648
60000	29.65	9056
60000	29.7	8672
60000	29.75	7768
60000	29.8	7305
60000	29.85	6808
60000	29.9	6221
60000	29.95	5733
80000	0	5301
80000	0.05	4419
80000	0.1	4205
80000	0.15	3825
80000	0.2	3591
80000	0.25	3243
80000	0.3	2970
80000	0.35	2711
80000	0.4	2487
80000	0.45	2200
80000	0.5	2212
80000	0.55	1914
80000	0.6	1775
80000	0.65	1656
80000	0.7	1390
80000	0.75	1347
80000	0.8	1045
80000	0.85	948
80000	0.9	890
80000	0.95	784
80000	1	741
80000	1.05	687
80000	1.1	571
80000	1.15	477
80000	1.2	433
80000	1.25	290
80000	1.3	239
80000	1.35	46
80000	1.4	113
80000	1.45	-42
80000	1.5	-39
80000	1.55	-243
80000	1.6	-139
80000	1.65	-367
80000	1.7	-248
80000	1.75	-414
80000	1.8	-421
80000	1.85	-587
80000	1.9	-581
80000	1.95	-538
80000	2	-605
80000	2.05	-597
80000	2.1	-817
80000	2.15	-1120
80000	2.2	-995
80000	2.25	-1051
80000	2.3	-1102
80000	2.35	-1160
80000	2.4	-1242
80000	2.45	-1300
80000	2.5	-1326
80000	2.55	-1377
80000	2.6	-1405
80000	2.65	-1406
80000	2.7	-1523
80000	2.75	-1584
80000	2.8	-1607
80000	2.85	-1627
80000	2.9	-1434
80000	2.95	-1599
80000	3	-1458
80000	3.05	-1360
80000	3.1	-1436
80000	3.15	-1294
80000	3.2	-1306
80000	3.25	-1000
80000	3.3	-1090
80000	3.35	-929
80000	3.4	-857
80000	3.45	-531
80000	3.5	-278
80000	3.55	-198
80000	3.6	112
80000	3.65	20
80000	3.7	476
80000	3.75	551
80000	3.8	676
80000	3.85	1033
80000	3.9	1190
80000	3.95	1505
80000	4	1640
80000	4.05	1926
80000	4.1	2079
80000	4.15	2252
80000	4.2	2183
80000	4.25	2603
80000	4.3	2723
80000	4.35	2930
80000	4.4	2806
80000	4.45	2965
80000	4.5	3059
80000	4.55	3041
80000	4.6	3173
80000	4.65	3128
80000	4.7	2997
80000	4.75	3097
80000	4.8	3017
80000	4.85	3028
80000	4.9	2758
80000	4.95	2881
80000	5	2714
80000	5.05	2608
80000	5.1	2436
80000	5.15	2312
80000	5.2	2425
80000	5.25	2088
80000	5.3	2114
80000	5.35	1925
80000	5.4	1852
80000	5.45	1753
80000	5.5	1582
80000	5.55	1513
80000	5.6	1525
80000	5.65	1254
80000	5.7	1304
80000	5.75	1157
80000	5.8	926
80000	5.85	954
80000	5.9	915
80000	5.95	860
80000	6	930
80000	6.05	752
80000	6.1	577
80000	6.15	643
80000	6.2	624
80000	6.25	404
80000	6.3	464
80000	6.35	422
80000	6.4	361
80000	6.45	304
80000	6.5	170
80000	6.55	224
80000	6.6	120
80000	6.65	30
80000	6.7	-174
80000	6.75	-53
80000	6.8	-180
80000	6.85	-322
80000	6.9	-369
80000	6.95	-464
80000	7	-677
80000	7.05	-786
80000	7.1	-969
80000	7.15	-1249
80000	7.2	-1521
80000	7.25	-1835
80000	7.3	-2203
80000	7.35	-2608
80000	7.4	-3105
80000	7.45	-3776
80000	7.5	-4564
80000	7.55	-5498
80000	7.6	-6570
80000	7.65	-7896
80000	7.7	-8903
80000	7.75	-10659
80000	7.8	-12470
80000	7.85	-14260
80000	7.9	-16308
80000	7.95	-17848
80000	8	-19493
80000	8.05	-21016
80000	8.1	-22030
80000	8.15	-22990
80000	8.2	-23062
80000	8.25	-22038
80000	8.3	-21110
80000	8.35	-20439
80000	8.4	-17686
80000	8.45	-15870
80000	8.5	-12690
80000	8.55	-9911
80000	8.6	-6461
80000	8.65	-3560
80000	8.7	-238
80000	8.75	2189
80000	8.8	5058
80000	8.85	7387
80000	8.9	9298
80000	8.95	10659
80000	9	12408
80000	9.05	12394
80000	9.1	13216
80000	9.15	14153
80000	9.2	14093
80000	9.25	13860
80000	9.3	13819
80000	9.35	13216
80000	9.4	12883
80000	9.45	11890
80000	9.5	11359
80000	9.55	10576
80000	9.6	9740
80000	9.65	9446
80000	9.7	8271
80000	9.75	7661
80000	9.8	7315
80000	9.85	6746
80000	9.9	6083
80000	9.95	5534
80000	10	5111
80000	10.05	4527
80000	10.1	4289
80000	10.15	3840
80000	10.2	3548
80000	10.25	3209
80000	10.3	3041
80000	10.35	2831
80000	10.4	2475
80000	10.45	1989
80000	10.5	1930
80000	10.55	1951
80000	10.6	1719
80000	10.65	1673
80000	10.7	1557
80000	10.75	1317
80000	10.8	1113
80000	10.85	922
80000	10.9	977
80000	10.95	795
80000	11	603
80000	11.05	636
80000	11.1	635
80000	11.15	510
80000	11.2	363
80000	11.25	291
80000	11.3	211
80000	11.35	78
80000	11.4	77
80000	11.45	-138
80000	11.5	-139
80000	11.55	-153
80000	11.6	-174
80000	11.65	-156
80000	11.7	-286
80000	11.75	-355
80000	11.8	-489
80000	11.85	-481
80000	11.9	-606
80000	11.95	-722
80000	12	-768
80000	12.05	-796
80000	12.1	-791
80000	12.15	-937
80000	12.2	-1072
80000	12.25	-970
80000	12.3	-1091
80000	12.35	-1245
80000	12.4	-1241
80000	12.45	-1374
80000	12.5	-1406
80000	12.55	-1446
80000	12.6	-1457
80000	12.65	-1350
80000	12.7	-1437
80000	12.75	-1486
80000	12.8	-1467
80000	12.85	-1334
80000	12.9	-1616
80000	12.95	-1482
80000	13	-1405
80000	13.05	-1633
80000	13.1	-1428
80000	13.15	-1227
80000	13.2	-1164
80000	13.25	-933
80000	13.3	-815
80000	13.35	-1037
80000	13.4	-740
80000	13.45	-562
80000	13.5	-366
80000	13.55	-170
80000	13.6	-63
80000	13.65	293
80000	13.7	499
80000	13.75	437
80000	13.8	793
80000	13.85	886
80000	13.9	1311
80000	13.95	1318
80000	14	1686
80000	14.05	1717
80000	14.1	1872
80000	14.15	2186
80000	14.2	2611
80000	14.25	2517
80000	14.3	2610
80000	14.35	2777
80000	14.4	2911
80000	14.45	3194
80000	14.5	3149
80000	14.55	3097
80000	14.6	3009
80000	14.65	3111
80000	14.7	3138
80000	14.75	2882
80000	14.8	3122
80000	14.85	2986
80000	14.9	2857
80000	14.95	2823
80000	15	2677
80000	15.05	2707
80000	15.1	2478
80000	15.15	2360
80000	15.2	2290
80000	15.25	2285
80000	15.3	2000
80000	15.35	1997
80000	15.4	1913
80000	15.45	1596
80000	15.5	1556
80000	15.55	1586
80000	15.6	1378
80000	15.65	1370
80000	15.7	1096
80000	15.75	1139
80000	15.8	1184
80000	15.85	1044
80000	15.9	922
80000	15.95	943
80000	16	819
80000	16.05	827
80000	16.1	631
80000	16.15	664
80000	16.2	534
80000	16.25	447
80000	16.3	476
80000	16.35	381
80000	16.4	394
80000	16.45	307
80000	16.5	162
80000	16.55	195
80000	16.6	41
80000	16.65	14
80000	16.7	-42
80000	16.75	-81
80000	16.8	-270
80000	16.85	-263
80000	16.9	-324
80000	16.95	-479
80000	17	-571
80000	17.05	-856
80000	17.1	-985
80000	17.15	-1271
80000	17.2	-1447
80000	17.25	-1806
80000	17.3	-2123
80000	17.35	-2650
80000	17.4	-3180
80000	17.45	-3720
80000	17.5	-4554
80000	17.55	-5449
80000	17.6	-6692
80000	17.65	-7703
80000	17.7	-9061
80000	17.75	-10658
80000	17.8	-12667
80000	17.85	-14707
80000	17.9	-15979
80000	17.95	-18133
80000	18	-19918
80000	18.05	-21175
80000	18.1	-22556
80000	18.15	-23311
80000	18.2	-22917
80000	18.25	-22659
80000	18.3	-21833
80000	18.35	-20126
80000	18.4	-18296
80000	18.45	-15625
80000	18.5	-12845
80000	18.55	-9805
80000	18.6	-6809
80000	18.65	-3767
80000	18.7	-331
80000	18.75	2513
80000	18.8	4881
80000	18.85	7585
80000	18.9	9444
80000	18.95	11047
80000	19	12085
80000	19.05	13644
80000	19.1	13545
80000	19.15	14457
80000	19.2	13769
80000	19.25	14328
80000	19.3	14283
80000	19.35	13297
80000	19.4	12810
80000	19.45	11870
80000	19.5	11284
80000	19.55	10942
80000	19.6	9795
80000	19.65	9499
80000	19.7	8617
80000	19.75	8008
80000	19.8	7200
80000	19.85	6582
80000	19.9	6202
80000	19.95	5567
80000	20	5184
80000	20.05	4508
80000	20.1	4308
80000	20.15	3948
80000	20.2	3683
80000	20.25	3332
80000	20.3	3013
80000	20.35	2800
80000	20.4	2402
80000	20.45	2293
80000	20.5	1992
80000	20.55	1936
80000	20.6	1734
80000	20.65	1553
80000	20.7	1401
80000	20.75	1443
80000	20.8	1101
80000	20.85	1008
80000	20.9	1020
80000	20.95	819
80000	21	720
80000	21.05	620
80000	21.1	359
80000	21.15	552
80000	21.2	390
80000	21.25	339
80000	21.3	147
80000	21.35	133
80000	21.4	-35
80000	21.45	94
80000	21.5	20
80000	21.55	-54
80000	21.6	-150
80000	21.65	-288
80000	21.7	-307
80000	21.75	-330
80000	21.8	-501
80000	21.85	-545
80000	21.9	-594
80000	21.95	-653
80000	22	-599
80000	22.05	-821
80000	22.1	-974
80000	22.15	-900
80000	22.2	-976
80000	22.25	-1045
80000	22.3	-984
80000	22.35	-1288
80000	22.4	-1277
80000	22.45	-1206
80000	22.5	-1368
80000	22.55	-1469
80000	22.6	-1412
80000	22.65	-1594
80000	22.7	-1369
80000	22.75	-1508
80000	22.8	-1492
80000	22.85	-1713
80000	22.9	-1617
80000	22.95	-1612
80000	23	-1341
80000	23.05	-1293
80000	23.1	-1390
80000	23.15	-1427
80000	23.2	-1115
80000	23.25	-990
80000	23.3	-1027
80000	23.35	-938
80000	23.4	-852
80000	23.45	-672
80000	23.5	-538
80000	23.55	-183
80000	23.6	-142
80000	23.65	56
80000	23.7	107
80000	23.75	519
80000	23.8	791
80000	23.85	925
80000	23.9	1236
80000	23.95	1358
80000	24	1659
80000	24.05	1988
80000	24.1	2052
80000	24.15	2195
80000	24.2	2446
80000	24.25	2632
80000	24.3	2746
80000	24.35	2917
80000	24.4	2888
80000	24.45	2981
80000	24.5	3043
80000	24.55	2938
80000	24.6	3051
80000	24.65	3221
80000	24.7	3091
80000	24.75	3138
80000	24.8	3088
80000	24.85	3100
80000	24.9	2888
80000	24.95	2892
80000	25	2762
80000	25.05	2546
80000	25.1	2426
80000	25.15	2455
80000	25.2	2295
80000	25.25	2187
80000	25.3	2127
80000	25.35	1988
80000	25.4	1805
80000	25.45	1761
80000	25.5	1622
80000	25.55	1392
80000	25.6	1432
80000	25.65	1336
80000	25.7	1305
80000	25.75	1108
80000	25.8	1135
80000	25.85	974
80000	25.9	1067
80000	25.95	838
80000	26	848
80000	26.05	787
80000	26.1	739
80000	26.15	617
80000	26.2	572
80000	26.25	471
80000	26.3	461
80000	26.35	336
80000	26.4	425
80000	26.45	211
80000	26.5	257
80000	26.55	50
80000	26.6	116
80000	26.65	-32
80000	26.7	13
80000	26.75	-5
80000	26.8	-28
80000	26.85	-225
80000	26.9	-307
80000	26.95	-527
80000	27	-576
80000	27.05	-843
80000	27.1	-995
80000	27.15	-1245
80000	27.2	-1626
80000	27.25	-1866
80000	27.3	-2121
80000	27.35	-2553
80000	27.4	-3199
80000	27.45	-3943
80000	27.5	-4779
80000	27.55	-5396
80000	27.6	-6550
80000	27.65	-7737
80000	27.7	-9169
80000	27.75	-10776
80000	27.8	-12682
80000	27.85	-14336
80000	27.9	-16535
80000	27.95	-17993
80000	28	-19747
80000	28.05	-21512
80000	28.1	-21818
80000	28.15	-23074
80000	28.2	-22791
80000	28.25	-22861
80000	28.3	-21670
80000	28.35	-20072
80000	28.4	-17434
80000	28.45	-15643
80000	28.5	-12658
80000	28.55	-9791
80000	28.6	-7111
80000	28.65	-3229
80000	28.7	-659
80000	28.75	2293
80000	28.8	4697
80000	28.85	7478
80000	28.9	9387
80000	28.95	10927
80000	29	12344
80000	29.05	13034
80000	29.1	13757
80000	29.15	14014
80000	29.2	14238
80000	29.25	13981
80000	29.3	13627
80000	29.35	13355
80000	29.4	12588
80000	29.45	11789
80000	29.5	11601
80000	29.55	10254
80000	29.6	10004
80000	29.65	9031
80000	29.7	8493
80000	29.75	7674
80000	29.8	7255
80000	29.85	6735
80000	29.9	6018
80000	29.95	5477
100000	0	4982
100000	0.05	4563
100000	0.1	4358
100000	0.15	3787
100000	0.2	3674
100000	0.25	3197
100000	0.3	3144
100000	0.35	2690
100000	0.4	2536
100000	0.45	2245
100000	0.5	2119
100000	0.55	2079
100000	0.6	1747
100000	0.65	1499
100000	0.7	1440
100000	0.75	1219
100000	0.8	1143
100000	0.85	1140
100000	0.9	905
100000	0.95	807
100000	1	773
100000	1.05	502
100000	1.1	521
100000	1.15	419
100000	1.2	223
100000	1.25	329
100000	1.3	216
100000	1.35	107
100000	1.4	-22
100000	1.45	48
100000	1.5	67
100000	1.55	-136
100000	1.6	-190
100000	1.65	-206
100000	1.7	-250
100000	1.75	-380
100000	1.8	-594
100000	1.85	-491
100000	1.9	-570
100000	1.95	-584
100000	2	-688
100000	2.05	-750
100000	2.1	-766
100000	2.15	-953
100000	2.2	-965
100000	2.25	-991
100000	2.3	-1263
100000	2.35	-1194
100000	2.4	-1175
100000	2.45	-1358
100000	2.5	-1352
100000	2.55	-1467
100000	2.6	-1477
100000	2.65	-1400
100000	2.7	-1485
100000	2.75	-1426
100000	2.8	-1509
100000	2.85	-1661
100000	2.9	-1367
100000	2.95	-1689
100000	3	-1389
100000	3.05	-1334
100000	3.1	-1259
100000	3.15	-1337
100000	3.2	-1172
100000	3.25	-928
100000	3.3	-1132
100000	3.35	-727
100000	3.4	-903
100000	3.45	-683
100000	3.5	-428
100000	3.55	-239
100000	3.6	4
100000	3.65	128
100000	3.7	514
100000	3.75	599
100000	3.8	793
100000	3.85	945
100000	3.9	1199
100000	3.95	1452
100000	4	1548
100000	4.05	1851
100000	4.1	2250
100000	4.15	2262
100000	4.2	2326
100000	4.25	2355
100000	4.3	2844
100000	4.35	2944
100000	4.4	2923
100000	4.45	3104
100000	4.5	3076
100000	4.55	3014
100000	4.6	3129
100000	4.65	3053
100000	4.7	3112
100000	4.75	3255
100000	4.8	2944
100000	4.85	3081
100000	4.9	3114
100000	4.95	2856
100000	5	2680
100000	5.05	2691
100000	5.1	2608
100000	5.15	2600
100000	5.2	2357
100000	5.25	2147
100000	5.3	2027
100000	5.35	2027
100000	5.4	1850
100000	5.45	1660
100000	5.5	1602
100000	5.55	1516
100000	5.6	1522
100000	5.65	1390
100000	5.7	1208
100000	5.75	1223
100000	5.8	1091
100000	5.85	1016
100000	5.9	916
100000	5.95	874
100000	6	828
100000	6.05	729
100000	6.1	667
100000	6.15	665
100000	6.2	556
100000	6.25	455
100000	6.3	482
100000	6.35	366
100000	6.4	353
100000	6.45	336
100000	6.5	309
100000	6.55	156
100000	6.6	89
100000	6.65	44
100000	6.7	-142
100000	6.75	-96
100000	6.8	-182
100000	6.85	-307
100000	6.9	-432
100000	6.95	-436
100000	7	-693
100000	7.05	-732
100000	7.1	-961
100000	7.15	-1252
100000	7.2	-1582
100000	7.25	-1811
100000	7.3	-2309
100000	7.35	-2528
100000	7.4	-3111
100000	7.45	-3718
100000	7.5	-4566
100000	7.55	-5404
100000	7.6	-6742
100000	7.65	-7565
100000	7.7	-8950
100000	7.75	-10678
100000	7.8	-12526
100000	7.85	-14536
100000	7.9	-16035
100000	7.95	-17473
100000	8	-19639
100000	8.05	-21118
100000	8.1	-22364
100000	8.15	-22442
100000	8.2	-23096
100000	8.25	-22561
100000	8.3	-21205
100000	8.35	-20068
100000	8.4	-17953
100000	8.45	-15274
100000	8.5	-12649
100000	8.55	-10001
100000	8.6	-6097
100000	8.65	-3931
100000	8.7	-590
100000	8.75	2323
100000	8.8	4886
100000	8.85	7182
100000	8.9	8743
100000	8.95	11021
100000	9	12272
100000	9.05	13300
100000	9.1	14050
100000	9.15	14199
100000	9.2	14311
100000	9.25	14175
100000	9.3	14100
100000	9.35	13277
100000	9.4	12605
100000	9.45	11947
100000	9.5	11209
100000	9.55	10789
100000	9.6	10186
100000	9.65	9503
100000	9.7	8350
100000	9.75	8016
100000	9.8	7275
100000	9.85	6684
100000	9.9	6227
100000	9.95	5531
100000	10	5073
100000	10.05	4776
100000	10.1	4069
100000	10.15	4025
100000	10.2	3459
100000	10.25	3075
100000	10.3	3051
100000	10.35	2785
100000	10.4	2359
100000	10.45	2304
100000	10.5	2122
100000	10.55	1938
100000	10.6	1673
100000	10.65	1601
100000	10.7	1469
100000	10.75	1316
100000	10.8	1199
100000	10.85	1048
100000	10.9	828
100000	10.95	803
100000	11	915
100000	11.05	603
100000	11.1	559
100000	11.15	332
100000	11.2	393
100000	11.25	348
100000	11.3	179
100000	11.35	178
100000	11.4	116
100000	11.45	-109
100000	11.5	30
100000	11.55	-218
100000	11.6	-44
100000	11.65	-128
100000	11.7	-462
100000	11.75	-410
100000	11.8	-347
100000	11.85	-653
100000	11.9	-719
100000	11.95	-530
100000	12	-703
100000	12.05	-792
100000	12.1	-887
100000	12.15	-892
100000	12.2	-1052
100000	12.25	-1217
100000	12.3	-1041
100000	12.35	-1050
100000	12.4	-1227
100000	12.45	-1336
100000	12.5	-1374
100000	12.55	-1473
100000	12.6	-1265
100000	12.65	-1445
100000	12.7	-1485
100000	12.75	-1560
100000	12.8	-1499
100000	12.85	-1529
100000	12.9	-1675
100000	12.95	-1605
100000	13	-1470
100000	13.05	-1350
100000	13.1	-1439
100000	13.15	-1255
100000	13.2	-1242
100000	13.25	-1014
100000	13.3	-1153
100000	13.35	-832
100000	13.4	-603
100000	13.45	-531
100000	13.5	-403
100000	13.55	-344
100000	13.6	-11
100000	13.65	120
100000	13.7	433
100000	13.75	449
100000	13.8	753
100000	13.85	891
100000	13.9	1193
100000	13.95	1465
100000	14	1510
100000	14.05	1897
100000	14.1	2061
100000	14.15	2189
100000	14.2	2374
100000	14.25	2640
100000	14.3	2790
100000	14.35	2935
100000	14.4	2975
100000	14.45	2872
100000	14.5	3291
100000	14.55	3244
100000	14.6	2960
100000	14.65	3256
100000	14.7	3159
100000	14.75	3021
100000	14.8	3020
100000	14.85	2999
100000	14.9	2915
100000	14.95	2888
100000	15	2704
100000	15.05	2661
100000	15.1	2613
100000	15.15	2416
100000	15.2	2259
100000	15.25	2110
100000	15.3	1900
100000	15.35	1992
100000	15.4	1844
100000	15.45	1667
100000	15.5	1499
100000	15.55	1532
100000	15.6	1295
100000	15.65	1380
100000	15.7	1272
100000	15.75	1203
100000	15.8	1107
100000	15.85	1128
100000	15.9	958
100000	15.95	932
100000	16	778
100000	16.05	747
100000	16.1	732
100000	16.15	663
100000	16.2	532
100000	16.25	548
100000	16.3	414
100000	16.35	410
100000	16.4	399
100000	16.45	245
100000	16.5	277
100000	16.55	145
100000	16.6	112
100000	16.65	-15
100000	16.7	-14
100000	16.75	-97
100000	16.8	-69
100000	16.85	-319
100000	16.9	-339
100000	16.95	-491
100000	17	-526
100000	17.05	-865
100000	17.1	-986
100000	17.15	-1141
100000	17.2	-1443
100000	17.25	-1770
100000	17.3	-2355
100000	17.35	-2571
100000	17.4	-3105
100000	17.45	-3792
100000	17.5	-4709
100000	17.55	-5406
100000	17.6	-6521
100000	17.65	-7964
100000	17.7	-9372
100000	17.75	-10871
100000	17.8	-12424
100000	17.85	-14108
100000	17.9	-16426
100000	17.95	-18159
100000	18	-20114
100000	18.05	-21062
100000	18.1	-22248
100000	18.15	-23067
100000	18.2	-23067
100000	18.25	-22889
100000	18.3	-21522
100000	18.35	-20254
100000	18.4	-17763
100000	18.45	-15007
100000	18.5	-12858
100000	18.55	-9903
100000	18.6	-6917
100000	18.65	-3609
100000	18.7	-394
100000	18.75	2363
100000	18.8	4572
100000	18.85	7392
100000	18.9	9667
100000	18.95	10875
100000	19	12255
100000	19.05	13231
100000	19.1	13935
100000	19.15	14178
100000	19.2	14617
100000	19.25	14076
100000	19.3	13452
100000	19.35	13230
100000	19.4	12755
100000	19.45	12459
100000	19.5	11228
100000	19.55	10844
100000	19.6	9940
100000	19.65	9401
100000	19.7	8581
100000	19.75	7878
100000	19.8	7404
100000	19.85	6600
100000	19.9	6322
100000	19.95	5666
100000	20	5050
100000	20.05	4733
100000	20.1	4133
100000	20.15	4037
100000	20.2	3713
100000	20.25	3238
100000	20.3	3067
100000	20.35	2852
100000	20.4	2412
100000	20.45	2277
100000	20.5	2037
100000	20.55	2007
100000	20.6	1842
100000	20.65	1508
100000	20.7	1535
100000	20.75	1280
100000	20.8	1159
100000	20.85	1046
100000	20.9	780
100000	20.95	732
100000	21	665
100000	21.05	657
100000	21.1	386
100000	21.15	383
100000	21.2	374
100000	21.25	366
100000	21.3	190
100000	21.35	143
100000	21.4	54
100000	21.45	-62
100000	21.5	-54
100000	21.55	-203
100000	21.6	-117
100000	21.65	-229
100000	21.7	-352
100000	21.75	-369
100000	21.8	-537
100000	21.85	-447
100000	21.9	-656
100000	21.95	-750
100000	22	-607
100000	22.05	-778
100000	22.1	-814
100000	22.15	-873
100000	22.2	-862
100000	22.25	-1019
100000	22.3	-1015
100000	22.35	-1169
100000	22.4	-1125
100000	22.45	-1472
100000	22.5	-1349
100000	22.55	-1698
100000	22.6	-1299
100000	22.65	-1408
100000	22.7	-1391
100000	22.75	-1477
100000	22.8	-1511
100000	22.85	-1617
100000	22.9	-1509
100000	22.95	-1588
100000	23	-1471
100000	23.05	-1488
100000	23.1	-1448
100000	23.15	-1203
100000	23.2	-1439
100000	23.25	-1089
100000	23.3	-973
100000	23.35	-973
100000	23.4	-620
100000	23.45	-570
100000	23.5	-440
100000	23.55	-278
100000	23.6	-66
100000	23.65	77
100000	23.7	477
100000	23.75	440
100000	23.8	736
100000	23.85	849
100000	23.9	1217
100000	23.95	1335
100000	24	1693
100000	24.05	1966
100000	24.1	1994
100000	24.15	2246
100000	24.2	2462
100000	24.25	2697
100000	24.3	2920
100000	24.35	2887
100000	24.4	3041
100000	24.45	2976
100000	24.5	3042
100000	24.55	3141
100000	24.6	3282
100000	24.65	3164
100000	24.7	3117
100000	24.75	3294
100000	24.8	3102
100000	24.85	3121
100000	24.9	2877
100000	24.95	2681
100000	25	2889
100000	25.05	2647
100000	25.1	2565
100000	25.15	2384
100000	25.2	2269
100000	25.25	2122
100000	25.3	2109
100000	25.35	1926
100000	25.4	1825
100000	25.45	1795
100000	25.5	1661
100000	25.55	1587
100000	25.6	1476
100000	25.65	1425
100000	25.7	1184
100000	25.75	1052
100000	25.8	1074
100000	25.85	1099
100000	25.9	844
100000	25.95	924
100000	26	877
100000	26.05	731
100000	26.1	718
100000	26.15	523
100000	26.2	521
100000	26.25	552
100000	26.3	460
100000	26.35	318
100000	26.4	329
100000	26.45	237
100000	26.5	258
100000	26.55	196
100000	26.6	2
100000	26.65	-53
100000	26.7	-119
100000	26.75	-161
100000	26.8	-248
100000	26.85	-298
100000	26.9	-393
100000	26.95	-537
100000	27	-636
100000	27.05	-793
100000	27.1	-1007
100000	27.15	-1273
100000	27.2	-1410
100000	27.25	-1826
100000	27.3	-2212
100000	27.35	-2535
100000	27.4	-3140
100000	27.45	-3843
100000	27.5	-4634
100000	27.55	-5524
100000	27.6	-6506
100000	27.65	-7940
100000	27.7	-9287
100000	27.75	-10950
100000	27.8	-12475
100000	27.85	-14258
100000	27.9	-16062
100000	27.95	-18083
100000	28	-19756
100000	28.05	-21412
100000	28.1	-21744
100000	28.15	-22750
100000	28.2	-22836
100000	28.25	-22385
100000	28.3	-21642
100000	28.35	-19680
100000	28.4	-17445
100000	28.45	-15235
100000	28.5	-12374
100000	28.55	-9793
100000	28.6	-6429
100000	28.65	-3424
100000	28.7	-605
100000	28.75	2434
100000	28.8	4932
100000	28.85	7070
100000	28.9	9211
100000	28.95	10658
100000	29	12254
100000	29.05	12891
100000	29.1	13845
100000	29.15	13935
100000	29.2	13913
100000	29.25	13888
100000	29.3	13520
100000	29.35	13427
100000	29.4	12492
100000	29.45	11736
100000	29.5	11434
100000	29.55	10477
100000	29.6	10093
100000	29.65	9257
100000	29.7	8330
100000	29.75	7837
100000	29.8	7194
100000	29.85	6563
100000	29.9	6118
100000	29.95	5551
